O
20
1,0,-1,0.78,-0.5,0.75,0.0,0.0,0.0,0.3,0.4,0.02,0,0.8,False
2,0,-1,1.1,-0.5,0.93,0.0,0.0,0.0,0.02,0.4,0.2,0,0.8,False
3,0,-1,0.78,-0.5,1.11,0.0,0.0,0.0,0.3,0.4,0.02,0,0.8,False
4,0,-1,0.8,-0.92,0.93,0.0,0.0,0.0,0.32,0.02,0.2,0,0.8,False
5,0,-1,0.8,-0.08,0.93,0.0,0.0,0.0,0.32,0.02,0.2,0,0.8,False
6,0,0,0.9752381653794395,-0.1829625586139757,0.86,0.0,0.0,5.1592593835053355,0.0528555098272738,0.03,0.09,0.1510945474990104,0.9956317017982514,False
7,0,0,0.6122409687554794,-0.28776665575701477,0.86,0.0,0.0,3.6328224107292533,0.07467630633639138,0.03,0.09,0.04413553776516632,0.9511719706269546,False
8,0,0,0.6170533168808778,-0.46903396630948563,0.86,0.0,0.0,4.117281637469465,0.06712349127473059,0.03,0.09,0.46697898871236926,0.8583553837062027,False
9,0,0,0.7938819291877777,-0.25804724722241246,0.8908280574709391,0.0,0.0,2.3745543575365042,0.06914465509585518,0.05166552413524762,0.12082805747093911,0.46001633653272844,1.0856501071424134,False
10,2,0,0.6774298388490924,-0.6113163202281238,0.8450000000000001,0.0,0.0,1.7511805936393914,0.04359648161569471,0.04359648161569471,0.15,0.3762039773406031,0.8505707767681115,False
11,0,1,0.8260285502907136,-0.44046958556796273,0.8696428190937897,0.0,0.0,5.809371795976004,0.03,0.0430899731839589,0.09964281909378972,0.07674276604425917,1.1436962458140092,True
12,2,1,0.8464421159672757,-0.5446101120398057,0.8450000000000001,0.0,0.0,1.1758124955641314,0.03,0.03,0.15,0.30290540591525267,0.8046277772247907,True
13,0,1,0.7320789636789516,-0.8265725660017907,0.8845905811886382,0.0,0.0,3.4322468071772483,0.04971899216422594,0.04806525156374315,0.11459058118863819,0.3743155803527037,1.068743525170556,True
14,2,1,0.9925965747550947,-0.2919704095306904,0.8450000000000001,0.0,0.0,1.881472349636214,0.03,0.03,0.15,0.3272058438729335,1.198761895251309,True
15,2,1,0.9690412746440181,-0.7835822937529188,0.8609110562638336,0.0,0.0,0.6729600555016945,0.0396504514387431,0.0396504514387431,0.1818221125276671,0.17729192212876665,1.1015163836729156,True
16,0,1,0.6162058746451929,-0.764378469896689,0.900997172694025,0.0,0.0,4.664670913672145,0.03,0.03,0.130997172694025,0.39445496647222517,0.8943543910929369,True
17,2,1,0.8558640050123052,-0.7299551419906611,0.8450000000000001,0.0,0.0,0.10217673096142053,0.039304785997570285,0.039304785997570285,0.15,0.2511379223476707,1.0815518540524893,True
18,0,1,0.5621536386071022,-0.1645364294760222,0.8866811817225979,0.0,0.0,2.819659941101008,0.03,0.03,0.11668118172259795,0.10725862353984877,1.1471445231190174,True
19,0,1,0.5279381407091764,-0.7094877891299595,0.86,0.0,0.0,6.271759553168035,0.03,0.06135305562351102,0.09,0.277661362342743,1.1021657714920812,True
20,2,1,1.0084873614787704,-0.4323152212396597,0.8522268875522651,0.0,0.0,4.050872265073896,0.03,0.03,0.16445377510453021,0.29214347268432694,1.145753884032029,True
R
0.0,0.0,0.0,0.0,0.0,0.0,1.0
S
8
torso_lift_joint,0
r_shoulder_pan_joint,-1.69017
r_shoulder_lift_joint,-0.0788625
r_upper_arm_roll_joint,-1.69017
r_elbow_flex_joint,-1.2717
r_forearm_roll_joint,-0.151824
r_wrist_flex_joint,-1.25254
r_wrist_roll_joint,0.675062
G
0.506716,-0.344219,0.86,0.49123,-0,0
ooi
7
A
599
0.310248,-0.673113
0.310662,-0.672673
0.311076,-0.672234
0.31149,-0.671794
0.311903,-0.671354
0.312317,-0.670914
0.312731,-0.670474
0.313145,-0.670035
0.313559,-0.669595
0.313973,-0.669155
0.314386,-0.668715
0.3148,-0.668276
0.315214,-0.667836
0.315628,-0.667396
0.316042,-0.666956
0.316456,-0.666517
0.316869,-0.666077
0.317283,-0.665637
0.317697,-0.665197
0.318111,-0.664757
0.318525,-0.664318
0.318938,-0.663878
0.319352,-0.663438
0.319766,-0.662998
0.32018,-0.662559
0.320594,-0.662119
0.321008,-0.661679
0.321421,-0.661239
0.321835,-0.660799
0.322249,-0.66036
0.322663,-0.65992
0.323077,-0.65948
0.323491,-0.65904
0.323904,-0.658601
0.324318,-0.658161
0.324732,-0.657721
0.325146,-0.657281
0.32556,-0.656842
0.325973,-0.656402
0.326387,-0.655962
0.326801,-0.655522
0.327215,-0.655082
0.327629,-0.654643
0.328043,-0.654203
0.328456,-0.653763
0.32887,-0.653323
0.329284,-0.652884
0.329698,-0.652444
0.330112,-0.652004
0.330526,-0.651564
0.330939,-0.651124
0.331353,-0.650685
0.331767,-0.650245
0.332181,-0.649805
0.332595,-0.649365
0.333008,-0.648926
0.333422,-0.648486
0.333836,-0.648046
0.33425,-0.647606
0.334664,-0.647167
0.335078,-0.646727
0.335491,-0.646287
0.335905,-0.645847
0.336319,-0.645407
0.336733,-0.644968
0.337147,-0.644528
0.337561,-0.644088
0.337974,-0.643648
0.338388,-0.643209
0.338802,-0.642769
0.339216,-0.642329
0.33963,-0.641889
0.340044,-0.64145
0.340457,-0.64101
0.340871,-0.64057
0.341285,-0.64013
0.341699,-0.63969
0.342113,-0.639251
0.342526,-0.638811
0.34294,-0.638371
0.343354,-0.637931
0.343768,-0.637492
0.344182,-0.637052
0.344596,-0.636612
0.345009,-0.636172
0.345423,-0.635732
0.345837,-0.635293
0.346251,-0.634853
0.346665,-0.634413
0.347079,-0.633973
0.347492,-0.633534
0.347906,-0.633094
0.34832,-0.632654
0.348734,-0.632214
0.349148,-0.631775
0.349561,-0.631335
0.349975,-0.630895
0.350389,-0.630455
0.350803,-0.630015
0.351217,-0.629576
0.351631,-0.629136
0.352044,-0.628696
0.352458,-0.628256
0.352872,-0.627817
0.353286,-0.627377
0.3537,-0.626937
0.354114,-0.626497
0.354527,-0.626058
0.354941,-0.625618
0.355355,-0.625178
0.355769,-0.624738
0.356183,-0.624298
0.356596,-0.623859
0.35701,-0.623419
0.357424,-0.622979
0.357838,-0.622539
0.358252,-0.6221
0.358666,-0.62166
0.359079,-0.62122
0.359493,-0.62078
0.359907,-0.62034
0.360321,-0.619901
0.360735,-0.619461
0.361149,-0.619021
0.361562,-0.618581
0.361976,-0.618142
0.36239,-0.617702
0.362804,-0.617262
0.363218,-0.616822
0.363631,-0.616383
0.364045,-0.615943
0.364459,-0.615503
0.364873,-0.615063
0.365287,-0.614623
0.365701,-0.614184
0.366114,-0.613744
0.366528,-0.613304
0.366942,-0.612864
0.367356,-0.612425
0.36777,-0.611985
0.368184,-0.611545
0.368597,-0.611105
0.369011,-0.610666
0.369425,-0.610226
0.369839,-0.609786
0.370253,-0.609346
0.370666,-0.608906
0.37108,-0.608467
0.371494,-0.608027
0.371908,-0.607587
0.372322,-0.607147
0.373339,-0.606546
0.374357,-0.605945
0.375375,-0.605343
0.376392,-0.604742
0.37741,-0.604141
0.378427,-0.603539
0.379445,-0.602938
0.380463,-0.602337
0.38148,-0.601735
0.382498,-0.601134
0.383516,-0.600533
0.384533,-0.599931
0.385551,-0.59933
0.386568,-0.598729
0.387586,-0.598128
0.388604,-0.597526
0.389621,-0.596925
0.390639,-0.596324
0.391657,-0.595722
0.392674,-0.595121
0.393692,-0.59452
0.394709,-0.593918
0.395727,-0.593317
0.396745,-0.592716
0.397762,-0.592114
0.39878,-0.591513
0.399797,-0.590912
0.400815,-0.59031
0.401833,-0.589709
0.40285,-0.589108
0.403868,-0.588506
0.404886,-0.587905
0.405903,-0.587304
0.406921,-0.586702
0.407938,-0.586101
0.408956,-0.5855
0.409974,-0.584898
0.410991,-0.584297
0.412009,-0.583696
0.413027,-0.583094
0.414044,-0.582493
0.415062,-0.581892
0.416079,-0.581291
0.417097,-0.580689
0.418115,-0.580088
0.419132,-0.579487
0.42015,-0.578885
0.421167,-0.578284
0.422185,-0.577683
0.423203,-0.577081
0.42422,-0.57648
0.425238,-0.575879
0.426256,-0.575277
0.427273,-0.574676
0.428291,-0.574075
0.429308,-0.573473
0.430326,-0.572872
0.431344,-0.572271
0.432361,-0.571669
0.433379,-0.571068
0.434397,-0.570467
0.435414,-0.569865
0.436432,-0.569264
0.437449,-0.568663
0.438467,-0.568061
0.439485,-0.56746
0.440502,-0.566859
0.44152,-0.566257
0.442537,-0.565656
0.443555,-0.565055
0.444573,-0.564454
0.44559,-0.563852
0.446608,-0.563251
0.447626,-0.56265
0.448643,-0.562048
0.449661,-0.561447
0.450678,-0.560846
0.451696,-0.560244
0.452714,-0.559643
0.453731,-0.559042
0.454749,-0.55844
0.455767,-0.557839
0.456784,-0.557238
0.457802,-0.556636
0.458819,-0.556035
0.459837,-0.555434
0.460855,-0.554832
0.461872,-0.554231
0.46289,-0.55363
0.463907,-0.553028
0.464925,-0.552427
0.465943,-0.551826
0.46696,-0.551224
0.467978,-0.550623
0.468996,-0.550022
0.470013,-0.54942
0.471031,-0.548819
0.472048,-0.548218
0.473066,-0.547617
0.474084,-0.547015
0.475101,-0.546414
0.476119,-0.545813
0.477137,-0.545211
0.478154,-0.54461
0.479172,-0.544009
0.480189,-0.543407
0.481207,-0.542806
0.482225,-0.542205
0.483242,-0.541603
0.48426,-0.541002
0.485277,-0.540401
0.486295,-0.539799
0.487313,-0.539198
0.48833,-0.538597
0.489348,-0.537995
0.490366,-0.537394
0.491383,-0.536793
0.492401,-0.536191
0.493418,-0.53559
0.494436,-0.534989
0.495454,-0.534387
0.496471,-0.533786
0.497489,-0.533185
0.498507,-0.532583
0.499524,-0.531982
0.500542,-0.531381
0.501559,-0.53078
0.502577,-0.530178
0.503595,-0.529577
0.504612,-0.528976
0.50563,-0.528374
0.506647,-0.527773
0.507665,-0.527172
0.508683,-0.52657
0.5097,-0.525969
0.510718,-0.525368
0.511736,-0.524766
0.512753,-0.524165
0.513771,-0.523564
0.514788,-0.522962
0.515806,-0.522361
0.516824,-0.52176
0.517841,-0.521158
0.518859,-0.520557
0.519877,-0.519956
0.520894,-0.519354
0.521912,-0.518753
0.522929,-0.518152
0.523947,-0.51755
0.523721,-0.516382
0.523495,-0.515214
0.523269,-0.514046
0.523043,-0.512878
0.522816,-0.51171
0.52259,-0.510541
0.522364,-0.509373
0.522138,-0.508205
0.521912,-0.507037
0.521686,-0.505869
0.52146,-0.504701
0.521234,-0.503532
0.521008,-0.502364
0.520781,-0.501196
0.520555,-0.500028
0.520329,-0.49886
0.520103,-0.497692
0.519877,-0.496523
0.519651,-0.495355
0.519425,-0.494187
0.519199,-0.493019
0.518973,-0.491851
0.518746,-0.490683
0.51852,-0.489514
0.518294,-0.488346
0.518068,-0.487178
0.517842,-0.48601
0.517616,-0.484842
0.51739,-0.483674
0.517164,-0.482505
0.516938,-0.481337
0.516711,-0.480169
0.516485,-0.479001
0.516259,-0.477833
0.516033,-0.476665
0.515807,-0.475496
0.515581,-0.474328
0.515355,-0.47316
0.515129,-0.471992
0.514903,-0.470824
0.514676,-0.469656
0.51445,-0.468487
0.514224,-0.467319
0.513998,-0.466151
0.513772,-0.464983
0.513546,-0.463815
0.51332,-0.462647
0.513094,-0.461478
0.512868,-0.46031
0.512641,-0.459142
0.512415,-0.457974
0.512189,-0.456806
0.511963,-0.455638
0.511737,-0.454469
0.511511,-0.453301
0.511285,-0.452133
0.511059,-0.450965
0.510833,-0.449797
0.510606,-0.448628
0.51038,-0.44746
0.510154,-0.446292
0.509928,-0.445124
0.509702,-0.443956
0.509476,-0.442788
0.50925,-0.441619
0.509024,-0.440451
0.508798,-0.439283
0.508571,-0.438115
0.508345,-0.436947
0.508119,-0.435779
0.507893,-0.43461
0.507667,-0.433442
0.507441,-0.432274
0.507215,-0.431106
0.506989,-0.429938
0.506763,-0.42877
0.506536,-0.427601
0.50631,-0.426433
0.506084,-0.425265
0.505858,-0.424097
0.505632,-0.422929
0.505406,-0.421761
0.50518,-0.420592
0.504954,-0.419424
0.504728,-0.418256
0.504501,-0.417088
0.504275,-0.41592
0.504049,-0.414752
0.503823,-0.413583
0.503597,-0.412415
0.503371,-0.411247
0.503145,-0.410079
0.502919,-0.408911
0.502693,-0.407743
0.502466,-0.406574
0.50224,-0.405406
0.502014,-0.404238
0.501788,-0.40307
0.501562,-0.401902
0.501336,-0.400734
0.50111,-0.399565
0.500884,-0.398397
0.500658,-0.397229
0.500431,-0.396061
0.500205,-0.394893
0.499979,-0.393725
0.499753,-0.392556
0.499527,-0.391388
0.499301,-0.39022
0.499075,-0.389052
0.498849,-0.387884
0.498623,-0.386716
0.498396,-0.385547
0.49817,-0.384379
0.497944,-0.383211
0.497718,-0.382043
0.497492,-0.380875
0.497266,-0.379707
0.49704,-0.378538
0.496814,-0.37737
0.496588,-0.376202
0.496361,-0.375034
0.496135,-0.373866
0.495909,-0.372697
0.495683,-0.371529
0.495457,-0.370361
0.495231,-0.369193
0.495005,-0.368025
0.494779,-0.366857
0.494553,-0.365688
0.494326,-0.36452
0.4941,-0.363352
0.493874,-0.362184
0.493648,-0.361016
0.493422,-0.359848
0.493196,-0.358679
0.49297,-0.357511
0.492744,-0.356343
0.492518,-0.355175
0.492291,-0.354007
0.492065,-0.352839
0.491839,-0.35167
0.491613,-0.350502
0.491387,-0.349334
0.491161,-0.348166
0.490935,-0.346998
0.490709,-0.34583
0.490482,-0.344661
0.490256,-0.343493
0.49003,-0.342325
0.490142,-0.342338
0.490254,-0.342351
0.490366,-0.342363
0.490478,-0.342376
0.49059,-0.342389
0.490702,-0.342401
0.490814,-0.342414
0.490926,-0.342427
0.491038,-0.342439
0.49115,-0.342452
0.491262,-0.342465
0.491374,-0.342478
0.491486,-0.34249
0.491598,-0.342503
0.49171,-0.342516
0.491822,-0.342528
0.491934,-0.342541
0.492046,-0.342554
0.492158,-0.342567
0.49227,-0.342579
0.492382,-0.342592
0.492494,-0.342605
0.492606,-0.342617
0.492718,-0.34263
0.49283,-0.342643
0.492942,-0.342656
0.493054,-0.342668
0.493166,-0.342681
0.493278,-0.342694
0.49339,-0.342706
0.493502,-0.342719
0.493614,-0.342732
0.493726,-0.342745
0.493838,-0.342757
0.49395,-0.34277
0.494062,-0.342783
0.494174,-0.342795
0.494286,-0.342808
0.494398,-0.342821
0.49451,-0.342834
0.494622,-0.342846
0.494734,-0.342859
0.494846,-0.342872
0.494958,-0.342884
0.49507,-0.342897
0.495182,-0.34291
0.495294,-0.342923
0.495406,-0.342935
0.495518,-0.342948
0.49563,-0.342961
0.495741,-0.342973
0.495853,-0.342986
0.495965,-0.342999
0.496077,-0.343012
0.496189,-0.343024
0.496301,-0.343037
0.496413,-0.34305
0.496525,-0.343062
0.496637,-0.343075
0.496749,-0.343088
0.496861,-0.343101
0.496973,-0.343113
0.497085,-0.343126
0.497197,-0.343139
0.497309,-0.343151
0.497421,-0.343164
0.497533,-0.343177
0.497645,-0.34319
0.497757,-0.343202
0.497869,-0.343215
0.497981,-0.343228
0.498093,-0.34324
0.498205,-0.343253
0.498317,-0.343266
0.498429,-0.343279
0.498541,-0.343291
0.498653,-0.343304
0.498765,-0.343317
0.498877,-0.343329
0.498989,-0.343342
0.499101,-0.343355
0.499213,-0.343368
0.499325,-0.34338
0.499437,-0.343393
0.499549,-0.343406
0.499661,-0.343418
0.499773,-0.343431
0.499885,-0.343444
0.499997,-0.343456
0.500109,-0.343469
0.500221,-0.343482
0.500333,-0.343495
0.500445,-0.343507
0.500557,-0.34352
0.500669,-0.343533
0.500781,-0.343545
0.500893,-0.343558
0.501005,-0.343571
0.501117,-0.343584
0.501229,-0.343596
0.501341,-0.343609
0.501453,-0.343622
0.501565,-0.343634
0.501677,-0.343647
0.501789,-0.34366
0.501901,-0.343673
0.502013,-0.343685
0.502125,-0.343698
0.502237,-0.343711
0.502349,-0.343723
0.502461,-0.343736
0.502573,-0.343749
0.502685,-0.343762
0.502797,-0.343774
0.502908,-0.343787
0.50302,-0.3438
0.503132,-0.343812
0.503244,-0.343825
0.503356,-0.343838
0.503468,-0.343851
0.50358,-0.343863
0.503692,-0.343876
0.503804,-0.343889
0.503916,-0.343901
0.504028,-0.343914
0.50414,-0.343927
0.504252,-0.34394
0.504364,-0.343952
0.504476,-0.343965
0.504588,-0.343978
0.5047,-0.34399
0.504812,-0.344003
0.504924,-0.344016
0.505036,-0.344029
0.505148,-0.344041
0.50526,-0.344054
0.505372,-0.344067
0.505484,-0.344079
0.505596,-0.344092
0.505708,-0.344105
0.50582,-0.344118
0.505932,-0.34413
0.506044,-0.344143
0.506156,-0.344156
0.506268,-0.344168
0.50638,-0.344181
0.506492,-0.344194
0.506604,-0.344207
0.506716,-0.344219
