O
20
1,0,-1,0.78,-0.5,0.75,0.0,0.0,0.0,0.3,0.4,0.02,0,0.8,False
2,0,-1,1.1,-0.5,0.93,0.0,0.0,0.0,0.02,0.4,0.2,0,0.8,False
3,0,-1,0.78,-0.5,1.11,0.0,0.0,0.0,0.3,0.4,0.02,0,0.8,False
4,0,-1,0.8,-0.92,0.93,0.0,0.0,0.0,0.32,0.02,0.2,0,0.8,False
5,0,-1,0.8,-0.08,0.93,0.0,0.0,0.0,0.32,0.02,0.2,0,0.8,False
6,2,0,0.7253627482903385,-0.7519155035255687,0.8450000000000001,0.0,0.0,5.287693905536728,0.03586813353919548,0.03586813353919548,0.15,0.3182569696047297,0.8390916148881045,False
7,2,0,0.8373804238066562,-0.579972522724993,0.8450000000000001,0.0,0.0,1.657265640842433,0.03,0.03,0.15,0.14804253315330634,1.087040522849437,False
8,2,0,0.5351205652944577,-0.36957153910076734,0.8450000000000001,0.0,0.0,3.436664676873074,0.030795737486821073,0.030795737486821073,0.15,0.3725041282376938,1.071182722983489,False
9,0,0,0.9830921958637407,-0.2778645804118649,0.86,0.0,0.0,0.3514249060739663,0.05937551455931256,0.03294226405665917,0.09,0.04400327217917993,1.102773318339935,False
10,0,0,0.9711578802969278,-0.8448981899625579,0.9185153716156118,0.0,0.0,1.9695486378783145,0.03,0.03,0.14851537161561176,0.2120500776385062,1.1713278862571002,False
11,0,1,0.6763880306737287,-0.4077317090375586,0.86,0.0,0.0,6.093611430125102,0.03,0.03,0.09,0.14662409285572436,0.9775230334825993,True
12,2,1,0.8153327558492722,-0.2505082225371821,0.8450000000000001,0.0,0.0,0.8956870491361837,0.03,0.03,0.15,0.05237554128543326,1.063514585452463,True
13,2,1,0.7483061919687398,-0.6025363952961816,0.8450000000000001,0.0,0.0,2.0002421884560917,0.03,0.03,0.15,0.2057786947984705,1.0961522229193212,True
14,0,1,0.6250573952655141,-0.2236862933047562,0.86,0.0,0.0,1.9273267953200253,0.03,0.03271801407938012,0.09,0.447936180593422,1.0943813808751335,True
15,2,1,0.8756339167790257,-0.6942485490196268,0.8450000000000001,0.0,0.0,5.520983447085527,0.04858323168230209,0.04858323168230209,0.15,0.4864602614341448,0.8845356741792306,True
16,2,1,0.6033544819454889,-0.5353266407589632,0.8450000000000001,0.0,0.0,6.028821871278861,0.03,0.03,0.15,0.10686546906365041,0.8995402249470125,True
17,2,1,1.0169444428229644,-0.5893388213154721,0.8450000000000001,0.0,0.0,1.018216131498265,0.03,0.03,0.15,0.08201298740287827,0.995508488254893,True
18,0,1,0.8027010214469052,-0.46273916760713285,0.86,0.0,0.0,2.9787564800392485,0.03,0.03,0.09,0.2456486149583113,0.8100206033665942,True
19,2,1,0.5572072877445212,-0.780928464119083,0.8450000000000001,0.0,0.0,5.707695374029771,0.040147701435862666,0.040147701435862666,0.15,0.10246464589063292,0.8416508365507056,True
20,2,1,0.6071531061512018,-0.665023392418279,0.8670855062712444,0.0,0.0,0.7777069663059047,0.03,0.03,0.19417101254248875,0.28340474280636774,1.0554643607384064,True
R
0.0,0.0,0.0,0.0,0.0,0.0,1.0
S
8
torso_lift_joint,0
r_shoulder_pan_joint,-1.69017
r_shoulder_lift_joint,-0.0788625
r_upper_arm_roll_joint,-1.69017
r_elbow_flex_joint,-1.2717
r_forearm_roll_joint,-0.151824
r_wrist_flex_joint,-1.25254
r_wrist_roll_joint,0.675062
G
0.467564,-0.403938,0.845,0.47059,-0,0
ooi
8
A
599
0.310248,-0.673113
0.310306,-0.672731
0.310364,-0.672349
0.310422,-0.671967
0.31048,-0.671585
0.310537,-0.671203
0.310595,-0.670821
0.310653,-0.670439
0.310711,-0.670057
0.310769,-0.669675
0.310827,-0.669293
0.310885,-0.668911
0.310942,-0.668529
0.311,-0.668147
0.311058,-0.667765
0.311116,-0.667383
0.311174,-0.667001
0.311232,-0.666619
0.31129,-0.666237
0.311347,-0.665855
0.311405,-0.665473
0.311463,-0.665091
0.311521,-0.664709
0.311579,-0.664327
0.311637,-0.663945
0.311694,-0.663563
0.311752,-0.663181
0.31181,-0.662798
0.311868,-0.662416
0.311926,-0.662034
0.311984,-0.661652
0.312042,-0.66127
0.312099,-0.660888
0.312157,-0.660506
0.312215,-0.660124
0.312273,-0.659742
0.312331,-0.65936
0.312389,-0.658978
0.312447,-0.658596
0.312504,-0.658214
0.312562,-0.657832
0.31262,-0.65745
0.312678,-0.657068
0.312736,-0.656686
0.312794,-0.656304
0.312852,-0.655922
0.312909,-0.65554
0.312967,-0.655158
0.313025,-0.654776
0.313083,-0.654394
0.313141,-0.654012
0.313199,-0.65363
0.313257,-0.653248
0.313314,-0.652866
0.313372,-0.652484
0.31343,-0.652102
0.313488,-0.65172
0.313546,-0.651338
0.313604,-0.650956
0.313661,-0.650574
0.313719,-0.650192
0.313777,-0.64981
0.313835,-0.649428
0.313893,-0.649046
0.313951,-0.648664
0.314009,-0.648282
0.314066,-0.6479
0.314124,-0.647518
0.314182,-0.647136
0.31424,-0.646754
0.314298,-0.646372
0.314356,-0.64599
0.314414,-0.645608
0.314471,-0.645225
0.314529,-0.644843
0.314587,-0.644461
0.314645,-0.644079
0.314703,-0.643697
0.314761,-0.643315
0.314819,-0.642933
0.314876,-0.642551
0.314934,-0.642169
0.314992,-0.641787
0.31505,-0.641405
0.315108,-0.641023
0.315166,-0.640641
0.315224,-0.640259
0.315281,-0.639877
0.315339,-0.639495
0.315397,-0.639113
0.315455,-0.638731
0.315513,-0.638349
0.315571,-0.637967
0.315628,-0.637585
0.315686,-0.637203
0.315744,-0.636821
0.315802,-0.636439
0.31586,-0.636057
0.315918,-0.635675
0.315976,-0.635293
0.316033,-0.634911
0.316091,-0.634529
0.316149,-0.634147
0.316207,-0.633765
0.316265,-0.633383
0.316323,-0.633001
0.316381,-0.632619
0.316438,-0.632237
0.316496,-0.631855
0.316554,-0.631473
0.316612,-0.631091
0.31667,-0.630709
0.316728,-0.630327
0.316786,-0.629945
0.316843,-0.629563
0.316901,-0.629181
0.316959,-0.628799
0.317017,-0.628417
0.317075,-0.628035
0.317133,-0.627652
0.317191,-0.62727
0.317248,-0.626888
0.317306,-0.626506
0.317364,-0.626124
0.317422,-0.625742
0.31748,-0.62536
0.317538,-0.624978
0.317595,-0.624596
0.317653,-0.624214
0.317711,-0.623832
0.317769,-0.62345
0.317827,-0.623068
0.317885,-0.622686
0.317943,-0.622304
0.318,-0.621922
0.318058,-0.62154
0.318116,-0.621158
0.318174,-0.620776
0.318232,-0.620394
0.31829,-0.620012
0.318348,-0.61963
0.318405,-0.619248
0.318463,-0.618866
0.318521,-0.618484
0.318579,-0.618102
0.318637,-0.61772
0.318695,-0.617338
0.318753,-0.616956
0.31881,-0.616574
0.318868,-0.616192
0.318926,-0.61581
0.319656,-0.616608
0.320386,-0.617407
0.321115,-0.618206
0.321845,-0.619004
0.322575,-0.619803
0.323305,-0.620601
0.324035,-0.6214
0.324764,-0.622199
0.325494,-0.622997
0.326224,-0.623796
0.326954,-0.624594
0.327684,-0.625393
0.328413,-0.626192
0.329143,-0.62699
0.329873,-0.627789
0.330603,-0.628587
0.331333,-0.629386
0.332062,-0.630184
0.332792,-0.630983
0.333522,-0.631782
0.334252,-0.63258
0.334982,-0.633379
0.335711,-0.634177
0.336441,-0.634976
0.337171,-0.635775
0.337901,-0.636573
0.338631,-0.637372
0.33936,-0.63817
0.34009,-0.638969
0.34082,-0.639768
0.34155,-0.640566
0.34228,-0.641365
0.343009,-0.642163
0.343739,-0.642962
0.344469,-0.643761
0.345199,-0.644559
0.345929,-0.645358
0.346658,-0.646156
0.347388,-0.646955
0.348118,-0.647754
0.348848,-0.648552
0.349578,-0.649351
0.350307,-0.650149
0.351037,-0.650948
0.351767,-0.651747
0.352497,-0.652545
0.353227,-0.653344
0.353956,-0.654142
0.354686,-0.654941
0.355416,-0.655739
0.356146,-0.656538
0.356876,-0.657337
0.357605,-0.658135
0.358335,-0.658934
0.359065,-0.659732
0.359795,-0.660531
0.360525,-0.66133
0.361254,-0.662128
0.361984,-0.662927
0.362714,-0.663725
0.363444,-0.664524
0.364174,-0.665323
0.364903,-0.666121
0.365633,-0.66692
0.366363,-0.667718
0.367093,-0.668517
0.367823,-0.669316
0.368552,-0.670114
0.369282,-0.670913
0.370012,-0.671711
0.370742,-0.67251
0.371472,-0.673309
0.372201,-0.674107
0.372931,-0.674906
0.373661,-0.675704
0.374391,-0.676503
0.375121,-0.677301
0.37585,-0.6781
0.37658,-0.678899
0.37731,-0.679697
0.37804,-0.680496
0.37877,-0.681294
0.379499,-0.682093
0.380229,-0.682892
0.380959,-0.68369
0.381689,-0.684489
0.382419,-0.685287
0.383148,-0.686086
0.383878,-0.686885
0.384608,-0.687683
0.385338,-0.688482
0.386068,-0.68928
0.386797,-0.690079
0.387527,-0.690878
0.388257,-0.691676
0.388987,-0.692475
0.389717,-0.693273
0.390446,-0.694072
0.391176,-0.694871
0.391906,-0.695669
0.392636,-0.696468
0.393366,-0.697266
0.394095,-0.698065
0.394825,-0.698864
0.395555,-0.699662
0.396285,-0.700461
0.397015,-0.701259
0.397744,-0.702058
0.398474,-0.702856
0.399204,-0.703655
0.399934,-0.704454
0.400664,-0.705252
0.401393,-0.706051
0.402123,-0.706849
0.402853,-0.707648
0.403583,-0.708447
0.404313,-0.709245
0.405042,-0.710044
0.405772,-0.710842
0.406502,-0.711641
0.407232,-0.71244
0.407961,-0.713238
0.408691,-0.714037
0.409421,-0.714835
0.410151,-0.715634
0.410881,-0.716433
0.41161,-0.717231
0.41234,-0.71803
0.41307,-0.718828
0.4138,-0.719627
0.41453,-0.720426
0.415259,-0.721224
0.415989,-0.722023
0.416719,-0.722821
0.417449,-0.72362
0.418179,-0.724418
0.418908,-0.725217
0.419638,-0.726016
0.420368,-0.726814
0.421098,-0.727613
0.421828,-0.728411
0.422557,-0.72921
0.423287,-0.730009
0.424017,-0.730807
0.424747,-0.731606
0.425477,-0.732404
0.426206,-0.733203
0.426936,-0.734002
0.427666,-0.7348
0.428175,-0.733791
0.428683,-0.732782
0.429192,-0.731772
0.429701,-0.730763
0.430209,-0.729754
0.430718,-0.728744
0.431227,-0.727735
0.431735,-0.726726
0.432244,-0.725716
0.432753,-0.724707
0.433261,-0.723698
0.43377,-0.722689
0.434279,-0.721679
0.434787,-0.72067
0.435296,-0.719661
0.435805,-0.718651
0.436314,-0.717642
0.436822,-0.716633
0.437331,-0.715623
0.43784,-0.714614
0.438348,-0.713605
0.438857,-0.712596
0.439366,-0.711586
0.439874,-0.710577
0.440383,-0.709568
0.440892,-0.708558
0.4414,-0.707549
0.441909,-0.70654
0.442418,-0.70553
0.442926,-0.704521
0.443435,-0.703512
0.443944,-0.702502
0.444452,-0.701493
0.444961,-0.700484
0.44547,-0.699475
0.445978,-0.698465
0.446487,-0.697456
0.446996,-0.696447
0.447504,-0.695437
0.448013,-0.694428
0.448522,-0.693419
0.44903,-0.692409
0.449539,-0.6914
0.450048,-0.690391
0.450556,-0.689382
0.451065,-0.688372
0.451574,-0.687363
0.452082,-0.686354
0.452591,-0.685344
0.4531,-0.684335
0.453608,-0.683326
0.454117,-0.682316
0.454626,-0.681307
0.455134,-0.680298
0.455643,-0.679288
0.456152,-0.678279
0.45666,-0.67727
0.457169,-0.676261
0.457678,-0.675251
0.458186,-0.674242
0.458695,-0.673233
0.459204,-0.672223
0.459712,-0.671214
0.460221,-0.670205
0.46073,-0.669195
0.461238,-0.668186
0.461747,-0.667177
0.462256,-0.666168
0.462765,-0.665158
0.463273,-0.664149
0.463782,-0.66314
0.464291,-0.66213
0.464799,-0.661121
0.465308,-0.660112
0.465817,-0.659102
0.466325,-0.658093
0.466834,-0.657084
0.467343,-0.656074
0.467851,-0.655065
0.46836,-0.654056
0.468869,-0.653047
0.469377,-0.652037
0.469886,-0.651028
0.470395,-0.650019
0.470903,-0.649009
0.471412,-0.648
0.471921,-0.646991
0.472429,-0.645981
0.472938,-0.644972
0.473447,-0.643963
0.473955,-0.642954
0.474464,-0.641944
0.474973,-0.640935
0.475481,-0.639926
0.47599,-0.638916
0.476499,-0.637907
0.477007,-0.636898
0.477516,-0.635888
0.478025,-0.634879
0.478533,-0.63387
0.479042,-0.63286
0.479551,-0.631851
0.480059,-0.630842
0.480568,-0.629833
0.481077,-0.628823
0.481585,-0.627814
0.482094,-0.626805
0.482603,-0.625795
0.483111,-0.624786
0.48362,-0.623777
0.484129,-0.622767
0.484637,-0.621758
0.485146,-0.620749
0.485655,-0.61974
0.486163,-0.61873
0.486672,-0.617721
0.487181,-0.616712
0.48769,-0.615702
0.488198,-0.614693
0.488707,-0.613684
0.489216,-0.612674
0.489724,-0.611665
0.490233,-0.610656
0.490742,-0.609647
0.49125,-0.608637
0.491759,-0.607628
0.492268,-0.606619
0.492776,-0.605609
0.493285,-0.6046
0.493794,-0.603591
0.494302,-0.602581
0.494811,-0.601572
0.49532,-0.600563
0.495828,-0.599553
0.496337,-0.598544
0.496846,-0.597535
0.497354,-0.596526
0.497863,-0.595516
0.498372,-0.594507
0.49888,-0.593498
0.499389,-0.592488
0.499898,-0.591479
0.500406,-0.59047
0.500915,-0.58946
0.501424,-0.588451
0.501932,-0.587442
0.502441,-0.586433
0.50295,-0.585423
0.503458,-0.584414
0.503967,-0.583405
0.503723,-0.5822
0.503478,-0.580996
0.503234,-0.579791
0.50299,-0.578587
0.502745,-0.577382
0.502501,-0.576178
0.502257,-0.574973
0.502013,-0.573769
0.501768,-0.572564
0.501524,-0.57136
0.50128,-0.570155
0.501035,-0.568951
0.500791,-0.567746
0.500547,-0.566542
0.500302,-0.565338
0.500058,-0.564133
0.499814,-0.562929
0.499569,-0.561724
0.499325,-0.56052
0.499081,-0.559315
0.498836,-0.558111
0.498592,-0.556906
0.498348,-0.555702
0.498103,-0.554497
0.497859,-0.553293
0.497615,-0.552088
0.49737,-0.550884
0.497126,-0.549679
0.496882,-0.548475
0.496638,-0.54727
0.496393,-0.546066
0.496149,-0.544861
0.495905,-0.543657
0.49566,-0.542453
0.495416,-0.541248
0.495172,-0.540044
0.494927,-0.538839
0.494683,-0.537635
0.494439,-0.53643
0.494194,-0.535226
0.49395,-0.534021
0.493706,-0.532817
0.493461,-0.531612
0.493217,-0.530408
0.492973,-0.529203
0.492728,-0.527999
0.492484,-0.526794
0.49224,-0.52559
0.491996,-0.524385
0.491751,-0.523181
0.491507,-0.521977
0.491263,-0.520772
0.491018,-0.519568
0.490774,-0.518363
0.49053,-0.517159
0.490285,-0.515954
0.490041,-0.51475
0.489797,-0.513545
0.489552,-0.512341
0.489308,-0.511136
0.489064,-0.509932
0.488819,-0.508727
0.488575,-0.507523
0.488331,-0.506318
0.488086,-0.505114
0.487842,-0.503909
0.487598,-0.502705
0.487353,-0.5015
0.487109,-0.500296
0.486865,-0.499092
0.486621,-0.497887
0.486376,-0.496683
0.486132,-0.495478
0.485888,-0.494274
0.485643,-0.493069
0.485399,-0.491865
0.485155,-0.49066
0.48491,-0.489456
0.484666,-0.488251
0.484422,-0.487047
0.484177,-0.485842
0.483933,-0.484638
0.483689,-0.483433
0.483444,-0.482229
0.4832,-0.481024
0.482956,-0.47982
0.482711,-0.478616
0.482467,-0.477411
0.482223,-0.476207
0.481978,-0.475002
0.481734,-0.473798
0.48149,-0.472593
0.481246,-0.471389
0.481001,-0.470184
0.480757,-0.46898
0.480513,-0.467775
0.480268,-0.466571
0.480024,-0.465366
0.47978,-0.464162
0.479535,-0.462957
0.479291,-0.461753
0.479047,-0.460548
0.478802,-0.459344
0.478558,-0.458139
0.478314,-0.456935
0.478069,-0.455731
0.477825,-0.454526
0.477581,-0.453322
0.477336,-0.452117
0.477092,-0.450913
0.476848,-0.449708
0.476603,-0.448504
0.476359,-0.447299
0.476115,-0.446095
0.475871,-0.44489
0.475626,-0.443686
0.475382,-0.442481
0.475138,-0.441277
0.474893,-0.440072
0.474649,-0.438868
0.474405,-0.437663
0.47416,-0.436459
0.473916,-0.435255
0.473672,-0.43405
0.473427,-0.432846
0.473183,-0.431641
0.472939,-0.430437
0.472694,-0.429232
0.47245,-0.428028
0.472206,-0.426823
0.471961,-0.425619
0.471717,-0.424414
0.471473,-0.42321
0.471229,-0.422005
0.470984,-0.420801
0.47074,-0.419596
0.470496,-0.418392
0.470251,-0.417187
0.470007,-0.415983
0.469763,-0.414778
0.469518,-0.413574
0.469274,-0.41237
0.46903,-0.411165
0.468785,-0.409961
0.468541,-0.408756
0.468297,-0.407552
0.468052,-0.406347
0.467808,-0.405143
0.467564,-0.403938
