O
20
1,0,-1,0.78,-0.5,0.75,0.0,0.0,0.0,0.3,0.4,0.02,0,0.8,False
2,0,-1,1.1,-0.5,0.93,0.0,0.0,0.0,0.02,0.4,0.2,0,0.8,False
3,0,-1,0.78,-0.5,1.11,0.0,0.0,0.0,0.3,0.4,0.02,0,0.8,False
4,0,-1,0.8,-0.92,0.93,0.0,0.0,0.0,0.32,0.02,0.2,0,0.8,False
5,0,-1,0.8,-0.08,0.93,0.0,0.0,0.0,0.32,0.02,0.2,0,0.8,False
6,2,0,0.8517218394559996,-0.5600476232633925,0.8470970397348723,0.0,0.0,6.097074974223206,0.05691176202364447,0.05691176202364447,0.15419407946974462,0.3109951431544515,1.0749880460056453,False
7,2,0,0.908700969018759,-0.6964265548344004,0.8450000000000001,0.0,0.0,0.9077769885101769,0.03,0.03,0.15,0.3186230957453414,0.9078591265186903,False
8,2,0,0.597016019026262,-0.3684895981826121,0.8450000000000001,0.0,0.0,6.163903326960591,0.03363288760740002,0.03363288760740002,0.15,0.456926652211948,1.05018876480099,False
9,2,0,0.5526001413151448,-0.5986559368367488,0.8450000000000001,0.0,0.0,4.4406414893457855,0.07108407214015157,0.07108407214015157,0.15,0.01213967526674603,1.1357464006306883,False
10,2,0,0.7788260432098033,-0.21906866687676285,0.8450000000000001,0.0,0.0,2.7774472354344417,0.04574309626643852,0.04574309626643852,0.15,0.3864148770068664,0.9528874673339797,False
11,0,1,0.6177170180691727,-0.21789205106680654,0.86,0.0,0.0,1.8305548493467025,0.05964255004846094,0.07074708536449519,0.09,0.1459709323190696,1.1336910654798795,True
12,2,1,0.9221112878663738,-0.2925343106629289,0.8450000000000001,0.0,0.0,0.39638911317218833,0.03,0.03,0.15,0.1850507444019901,0.9361770820028872,True
13,2,1,0.7594121082748637,-0.33795358478814175,0.8450000000000001,0.0,0.0,1.8509495813384433,0.03,0.03,0.15,0.45197001004076537,1.0011880084743163,True
14,2,1,1.009352582139093,-0.5738555623680269,0.8551848026212523,0.0,0.0,2.644328883930814,0.03,0.03,0.17036960524250466,0.2080835407908065,1.0575118308914009,True
15,2,1,0.7092294401343224,-0.7040819984123983,0.8450000000000001,0.0,0.0,1.4247625159690764,0.03,0.03,0.15,0.3157886815017621,0.9637636866964421,True
16,0,1,0.926097938393439,-0.42167878486369237,0.86,0.0,0.0,1.820384321047822,0.030271117529219703,0.0314758159196109,0.09,0.2584480683718608,0.9893002412012095,True
17,2,1,0.7273201263412875,-0.7906662904375684,0.8578537500758987,0.0,0.0,0.4402919647078025,0.03,0.03,0.1757075001517974,0.4962699386622381,1.0105901623518745,True
18,2,1,0.8614362095729682,-0.8578378659632035,0.8450000000000001,0.0,0.0,0.03501755160036367,0.030575653548849658,0.030575653548849658,0.15,0.4013002744344716,1.0517967505086827,True
19,0,1,0.6982038043225108,-0.5803653825488921,0.86,0.0,0.0,4.307028118691869,0.049780576511414695,0.03,0.09,0.04218045906051804,0.9564697679951032,True
20,0,1,0.8191919852721197,-0.4177716984092003,0.9126061373403902,0.0,0.0,1.4873796146733373,0.03,0.03,0.14260613734039018,0.4205009742164858,1.156475849027342,True
R
0.0,0.0,0.0,0.0,0.0,0.0,1.0
S
8
torso_lift_joint,0
r_shoulder_pan_joint,-1.69017
r_shoulder_lift_joint,-0.0788625
r_upper_arm_roll_joint,-1.69017
r_elbow_flex_joint,-1.2717
r_forearm_roll_joint,-0.151824
r_wrist_flex_joint,-1.25254
r_wrist_roll_joint,0.675062
G
0.522459,-0.393477,0.845,0.323385,-0,0
ooi
8
A
599
0.310248,-0.673113
0.309977,-0.672983
0.309706,-0.672853
0.309435,-0.672723
0.309164,-0.672593
0.308893,-0.672462
0.308622,-0.672332
0.308351,-0.672202
0.308081,-0.672072
0.30781,-0.671942
0.307539,-0.671812
0.307268,-0.671682
0.306997,-0.671552
0.306726,-0.671422
0.306455,-0.671291
0.306184,-0.671161
0.305913,-0.671031
0.305642,-0.670901
0.305371,-0.670771
0.3051,-0.670641
0.304829,-0.670511
0.304558,-0.670381
0.304287,-0.67025
0.304016,-0.67012
0.303745,-0.66999
0.303474,-0.66986
0.303203,-0.66973
0.302932,-0.6696
0.302661,-0.66947
0.30239,-0.66934
0.302119,-0.66921
0.301848,-0.669079
0.301578,-0.668949
0.301307,-0.668819
0.301036,-0.668689
0.300765,-0.668559
0.300494,-0.668429
0.300223,-0.668299
0.299952,-0.668169
0.299681,-0.668038
0.29941,-0.667908
0.299139,-0.667778
0.298868,-0.667648
0.298597,-0.667518
0.298326,-0.667388
0.298055,-0.667258
0.297784,-0.667128
0.297513,-0.666997
0.297242,-0.666867
0.296971,-0.666737
0.2967,-0.666607
0.296429,-0.666477
0.296158,-0.666347
0.295887,-0.666217
0.295616,-0.666087
0.295345,-0.665957
0.295075,-0.665826
0.294804,-0.665696
0.294533,-0.665566
0.294262,-0.665436
0.293991,-0.665306
0.29372,-0.665176
0.293449,-0.665046
0.293178,-0.664916
0.292907,-0.664785
0.292636,-0.664655
0.292365,-0.664525
0.292094,-0.664395
0.291823,-0.664265
0.291552,-0.664135
0.291281,-0.664005
0.29101,-0.663875
0.290739,-0.663745
0.290468,-0.663614
0.290197,-0.663484
0.289926,-0.663354
0.289655,-0.663224
0.289384,-0.663094
0.289113,-0.662964
0.288842,-0.662834
0.288572,-0.662704
0.288301,-0.662573
0.28803,-0.662443
0.287759,-0.662313
0.287488,-0.662183
0.287217,-0.662053
0.286946,-0.661923
0.286675,-0.661793
0.286404,-0.661663
0.286133,-0.661532
0.285862,-0.661402
0.285591,-0.661272
0.28532,-0.661142
0.285049,-0.661012
0.284778,-0.660882
0.284507,-0.660752
0.284236,-0.660622
0.283965,-0.660492
0.283694,-0.660361
0.283423,-0.660231
0.283152,-0.660101
0.282881,-0.659971
0.28261,-0.659841
0.282339,-0.659711
0.282069,-0.659581
0.281798,-0.659451
0.281527,-0.65932
0.281256,-0.65919
0.280985,-0.65906
0.280714,-0.65893
0.280443,-0.6588
0.280172,-0.65867
0.279901,-0.65854
0.27963,-0.65841
0.279359,-0.65828
0.279088,-0.658149
0.278817,-0.658019
0.278546,-0.657889
0.278275,-0.657759
0.278004,-0.657629
0.277733,-0.657499
0.277462,-0.657369
0.277191,-0.657239
0.27692,-0.657108
0.276649,-0.656978
0.276378,-0.656848
0.276107,-0.656718
0.275836,-0.656588
0.275566,-0.656458
0.275295,-0.656328
0.275024,-0.656198
0.274753,-0.656067
0.274482,-0.655937
0.274211,-0.655807
0.27394,-0.655677
0.273669,-0.655547
0.273398,-0.655417
0.273127,-0.655287
0.272856,-0.655157
0.272585,-0.655027
0.272314,-0.654896
0.272043,-0.654766
0.271772,-0.654636
0.271501,-0.654506
0.27123,-0.654376
0.270959,-0.654246
0.270688,-0.654116
0.270417,-0.653986
0.270146,-0.653855
0.269875,-0.653725
0.269604,-0.653595
0.269798,-0.65407
0.269991,-0.654544
0.270184,-0.655019
0.270377,-0.655493
0.27057,-0.655968
0.270763,-0.656443
0.270956,-0.656917
0.271149,-0.657392
0.271342,-0.657866
0.271535,-0.658341
0.271728,-0.658815
0.271921,-0.65929
0.272115,-0.659764
0.272308,-0.660239
0.272501,-0.660713
0.272694,-0.661188
0.272887,-0.661663
0.27308,-0.662137
0.273273,-0.662612
0.273466,-0.663086
0.273659,-0.663561
0.273852,-0.664035
0.274045,-0.66451
0.274238,-0.664984
0.274432,-0.665459
0.274625,-0.665933
0.274818,-0.666408
0.275011,-0.666883
0.275204,-0.667357
0.275397,-0.667832
0.27559,-0.668306
0.275783,-0.668781
0.275976,-0.669255
0.276169,-0.66973
0.276362,-0.670204
0.276556,-0.670679
0.276749,-0.671154
0.276942,-0.671628
0.277135,-0.672103
0.277328,-0.672577
0.277521,-0.673052
0.277714,-0.673526
0.277907,-0.674001
0.2781,-0.674475
0.278293,-0.67495
0.278486,-0.675424
0.278679,-0.675899
0.278873,-0.676374
0.279066,-0.676848
0.279259,-0.677323
0.279452,-0.677797
0.279645,-0.678272
0.279838,-0.678746
0.280031,-0.679221
0.280224,-0.679695
0.280417,-0.68017
0.28061,-0.680645
0.280803,-0.681119
0.280996,-0.681594
0.28119,-0.682068
0.281383,-0.682543
0.281576,-0.683017
0.281769,-0.683492
0.281962,-0.683966
0.282155,-0.684441
0.282348,-0.684915
0.282541,-0.68539
0.282734,-0.685865
0.282927,-0.686339
0.28312,-0.686814
0.283314,-0.687288
0.283507,-0.687763
0.2837,-0.688237
0.283893,-0.688712
0.284086,-0.689186
0.284279,-0.689661
0.284472,-0.690136
0.284665,-0.69061
0.284858,-0.691085
0.285051,-0.691559
0.285244,-0.692034
0.285437,-0.692508
0.285631,-0.692983
0.285824,-0.693457
0.286017,-0.693932
0.28621,-0.694406
0.286403,-0.694881
0.286596,-0.695356
0.286789,-0.69583
0.286982,-0.696305
0.287175,-0.696779
0.287368,-0.697254
0.287561,-0.697728
0.287754,-0.698203
0.287948,-0.698677
0.288141,-0.699152
0.288334,-0.699626
0.288527,-0.700101
0.28872,-0.700576
0.288913,-0.70105
0.289106,-0.701525
0.289299,-0.701999
0.289492,-0.702474
0.289685,-0.702948
0.289878,-0.703423
0.290071,-0.703897
0.290265,-0.704372
0.290458,-0.704847
0.290651,-0.705321
0.290844,-0.705796
0.291037,-0.70627
0.29123,-0.706745
0.291423,-0.707219
0.291616,-0.707694
0.291809,-0.708168
0.292002,-0.708643
0.292195,-0.709117
0.292389,-0.709592
0.292582,-0.710067
0.292775,-0.710541
0.292968,-0.711016
0.293161,-0.71149
0.293354,-0.711965
0.293547,-0.712439
0.29374,-0.712914
0.293933,-0.713388
0.294126,-0.713863
0.294319,-0.714338
0.294512,-0.714812
0.294706,-0.715287
0.294899,-0.715761
0.295092,-0.716236
0.295285,-0.71671
0.295478,-0.717185
0.295671,-0.717659
0.295864,-0.718134
0.296057,-0.718608
0.29625,-0.719083
0.296443,-0.719558
0.296636,-0.720032
0.296829,-0.720507
0.297023,-0.720981
0.297216,-0.721456
0.297409,-0.72193
0.297602,-0.722405
0.297795,-0.722879
0.297988,-0.723354
0.298181,-0.723829
0.298374,-0.724303
0.299181,-0.723317
0.299987,-0.722332
0.300794,-0.721346
0.3016,-0.720361
0.302406,-0.719375
0.303213,-0.71839
0.304019,-0.717404
0.304826,-0.716418
0.305632,-0.715433
0.306439,-0.714447
0.307245,-0.713462
0.308052,-0.712476
0.308858,-0.711491
0.309665,-0.710505
0.310471,-0.709519
0.311278,-0.708534
0.312084,-0.707548
0.31289,-0.706563
0.313697,-0.705577
0.314503,-0.704592
0.31531,-0.703606
0.316116,-0.70262
0.316923,-0.701635
0.317729,-0.700649
0.318536,-0.699664
0.319342,-0.698678
0.320149,-0.697692
0.320955,-0.696707
0.321762,-0.695721
0.322568,-0.694736
0.323374,-0.69375
0.324181,-0.692765
0.324987,-0.691779
0.325794,-0.690793
0.3266,-0.689808
0.327407,-0.688822
0.328213,-0.687837
0.32902,-0.686851
0.329826,-0.685866
0.330633,-0.68488
0.331439,-0.683894
0.332246,-0.682909
0.333052,-0.681923
0.333858,-0.680938
0.334665,-0.679952
0.335471,-0.678967
0.336278,-0.677981
0.337084,-0.676995
0.337891,-0.67601
0.338697,-0.675024
0.339504,-0.674039
0.34031,-0.673053
0.341117,-0.672067
0.341923,-0.671082
0.342729,-0.670096
0.343536,-0.669111
0.344342,-0.668125
0.345149,-0.66714
0.345955,-0.666154
0.346762,-0.665168
0.347568,-0.664183
0.348375,-0.663197
0.349181,-0.662212
0.349988,-0.661226
0.350794,-0.660241
0.351601,-0.659255
0.352407,-0.658269
0.353213,-0.657284
0.35402,-0.656298
0.354826,-0.655313
0.355633,-0.654327
0.356439,-0.653342
0.357246,-0.652356
0.358052,-0.65137
0.358859,-0.650385
0.359665,-0.649399
0.360472,-0.648414
0.361278,-0.647428
0.362085,-0.646442
0.362891,-0.645457
0.363697,-0.644471
0.364504,-0.643486
0.36531,-0.6425
0.366117,-0.641515
0.366923,-0.640529
0.36773,-0.639543
0.368536,-0.638558
0.369343,-0.637572
0.370149,-0.636587
0.370956,-0.635601
0.371762,-0.634616
0.372569,-0.63363
0.373375,-0.632644
0.374181,-0.631659
0.374988,-0.630673
0.375794,-0.629688
0.376601,-0.628702
0.377407,-0.627717
0.378214,-0.626731
0.37902,-0.625745
0.379827,-0.62476
0.380633,-0.623774
0.38144,-0.622789
0.382246,-0.621803
0.383053,-0.620817
0.383859,-0.619832
0.384665,-0.618846
0.385472,-0.617861
0.386278,-0.616875
0.387085,-0.61589
0.387891,-0.614904
0.388698,-0.613918
0.389504,-0.612933
0.390311,-0.611947
0.391117,-0.610962
0.391924,-0.609976
0.39273,-0.608991
0.393536,-0.608005
0.394343,-0.607019
0.395149,-0.606034
0.395956,-0.605048
0.396762,-0.604063
0.397569,-0.603077
0.398375,-0.602092
0.399182,-0.601106
0.399988,-0.60012
0.400795,-0.599135
0.401601,-0.598149
0.402408,-0.597164
0.403214,-0.596178
0.40402,-0.595192
0.404827,-0.594207
0.405633,-0.593221
0.40644,-0.592236
0.407246,-0.59125
0.408053,-0.590265
0.408859,-0.589279
0.409666,-0.588293
0.410472,-0.587308
0.411279,-0.586322
0.412085,-0.585337
0.412892,-0.584351
0.413698,-0.583366
0.414504,-0.58238
0.415311,-0.581394
0.416117,-0.580409
0.416924,-0.579423
0.41773,-0.578438
0.418537,-0.577452
0.419343,-0.576466
0.420035,-0.575238
0.420727,-0.57401
0.421419,-0.572782
0.422111,-0.571554
0.422803,-0.570326
0.423496,-0.569098
0.424188,-0.56787
0.42488,-0.566642
0.425572,-0.565413
0.426264,-0.564185
0.426956,-0.562957
0.427648,-0.561729
0.42834,-0.560501
0.429032,-0.559273
0.429724,-0.558045
0.430416,-0.556817
0.431108,-0.555589
0.4318,-0.55436
0.432492,-0.553132
0.433184,-0.551904
0.433876,-0.550676
0.434568,-0.549448
0.43526,-0.54822
0.435952,-0.546992
0.436645,-0.545764
0.437337,-0.544536
0.438029,-0.543307
0.438721,-0.542079
0.439413,-0.540851
0.440105,-0.539623
0.440797,-0.538395
0.441489,-0.537167
0.442181,-0.535939
0.442873,-0.534711
0.443565,-0.533482
0.444257,-0.532254
0.444949,-0.531026
0.445641,-0.529798
0.446333,-0.52857
0.447025,-0.527342
0.447717,-0.526114
0.448409,-0.524886
0.449101,-0.523658
0.449794,-0.522429
0.450486,-0.521201
0.451178,-0.519973
0.45187,-0.518745
0.452562,-0.517517
0.453254,-0.516289
0.453946,-0.515061
0.454638,-0.513833
0.45533,-0.512605
0.456022,-0.511376
0.456714,-0.510148
0.457406,-0.50892
0.458098,-0.507692
0.45879,-0.506464
0.459482,-0.505236
0.460174,-0.504008
0.460866,-0.50278
0.461558,-0.501552
0.46225,-0.500323
0.462943,-0.499095
0.463635,-0.497867
0.464327,-0.496639
0.465019,-0.495411
0.465711,-0.494183
0.466403,-0.492955
0.467095,-0.491727
0.467787,-0.490498
0.468479,-0.48927
0.469171,-0.488042
0.469863,-0.486814
0.470555,-0.485586
0.471247,-0.484358
0.471939,-0.48313
0.472631,-0.481902
0.473323,-0.480674
0.474015,-0.479445
0.474707,-0.478217
0.475399,-0.476989
0.476092,-0.475761
0.476784,-0.474533
0.477476,-0.473305
0.478168,-0.472077
0.47886,-0.470849
0.479552,-0.469621
0.480244,-0.468392
0.480936,-0.467164
0.481628,-0.465936
0.48232,-0.464708
0.483012,-0.46348
0.483704,-0.462252
0.484396,-0.461024
0.485088,-0.459796
0.48578,-0.458567
0.486472,-0.457339
0.487164,-0.456111
0.487856,-0.454883
0.488548,-0.453655
0.489241,-0.452427
0.489933,-0.451199
0.490625,-0.449971
0.491317,-0.448743
0.492009,-0.447514
0.492701,-0.446286
0.493393,-0.445058
0.494085,-0.44383
0.494777,-0.442602
0.495469,-0.441374
0.496161,-0.440146
0.496853,-0.438918
0.497545,-0.43769
0.498237,-0.436461
0.498929,-0.435233
0.499621,-0.434005
0.500313,-0.432777
0.501005,-0.431549
0.501697,-0.430321
0.50239,-0.429093
0.503082,-0.427865
0.503774,-0.426637
0.504466,-0.425408
0.505158,-0.42418
0.50585,-0.422952
0.506542,-0.421724
0.507234,-0.420496
0.507926,-0.419268
0.508618,-0.41804
0.50931,-0.416812
0.510002,-0.415583
0.510694,-0.414355
0.511386,-0.413127
0.512078,-0.411899
0.51277,-0.410671
0.513462,-0.409443
0.514154,-0.408215
0.514846,-0.406987
0.515539,-0.405759
0.516231,-0.40453
0.516923,-0.403302
0.517615,-0.402074
0.518307,-0.400846
0.518999,-0.399618
0.519691,-0.39839
0.520383,-0.397162
0.521075,-0.395934
0.521767,-0.394706
0.522459,-0.393477
