O
20
1,0,-1,0.78,-0.5,0.75,0.0,0.0,0.0,0.3,0.4,0.02,0,0.8,False
2,0,-1,1.1,-0.5,0.93,0.0,0.0,0.0,0.02,0.4,0.2,0,0.8,False
3,0,-1,0.78,-0.5,1.11,0.0,0.0,0.0,0.3,0.4,0.02,0,0.8,False
4,0,-1,0.8,-0.92,0.93,0.0,0.0,0.0,0.32,0.02,0.2,0,0.8,False
5,0,-1,0.8,-0.08,0.93,0.0,0.0,0.0,0.32,0.02,0.2,0,0.8,False
6,0,0,0.6352557745116223,-0.443898709174027,0.8991001130531041,0.0,0.0,1.443335660261291,0.04641571687095801,0.03876593172527098,0.12910011305310407,0.386928351021908,0.8647409303013661,False
7,0,0,0.6469293961350387,-0.7554139768449122,0.86,0.0,0.0,3.7902764510712257,0.0704921948477764,0.0565609571165105,0.09,0.24505535418147378,1.1247854697244386,False
8,2,0,0.9864776940883524,-0.768054413104182,0.8450000000000001,0.0,0.0,0.29929235785032327,0.030817241410071517,0.030817241410071517,0.15,0.35645546301357833,0.8691085123313286,False
9,2,0,0.7383925844597838,-0.3192849502788744,0.8574996986014312,0.0,0.0,3.58872921270802,0.03,0.03,0.17499939720286217,0.09638835039528659,1.1106249298482909,False
10,0,0,0.9516394849056664,-0.540770965155176,0.86,0.0,0.0,0.9692199176963467,0.049727951263907784,0.07018974466753376,0.09,0.2954608819155457,0.9890322373224574,False
11,2,1,0.7203608295867253,-0.5783059475805881,0.8450000000000001,0.0,0.0,0.10068325966249553,0.03427592401079599,0.03427592401079599,0.15,0.16639633958391659,1.0053952179378647,True
12,0,1,0.82462251392787,-0.756114150257824,0.86,0.0,0.0,1.8661009644333377,0.030412457227103076,0.04750456646102662,0.09,0.4394961453804008,0.8390466505023484,True
13,0,1,0.8666246507057616,-0.25808595366916054,0.86,0.0,0.0,2.222105742283701,0.03,0.03,0.09,0.40065177048330675,0.8906000771291135,True
14,2,1,0.9723395178620888,-0.1755661369710847,0.8450000000000001,0.0,0.0,4.5086037354080855,0.03,0.03,0.15,0.015491253799843674,1.0071777359943261,True
15,0,1,0.9498957470425431,-0.3448524356292162,0.8859003146479514,0.0,0.0,4.668747134940656,0.03,0.056578609184899174,0.11590031464795136,0.05813561573568393,0.8827141879502733,True
16,2,1,0.9556619527190581,-0.2617334371766653,0.8450000000000001,0.0,0.0,3.208835444920662,0.03,0.03,0.15,0.027438146299957833,1.020705744944539,True
17,2,1,0.5753075726548196,-0.2690533653629761,0.8450000000000001,0.0,0.0,5.986813257806024,0.06384221953071698,0.06384221953071698,0.15,0.4804451769593053,0.9509482316455441,True
18,2,1,0.7494691944600029,-0.19630997940958406,0.8450000000000001,0.0,0.0,0.18710577402610123,0.05444398541461598,0.05444398541461598,0.15,0.21775612401259342,1.020851702227904,True
19,2,1,0.5106199509340492,-0.5041546987566763,0.8450000000000001,0.0,0.0,6.076053682778023,0.03,0.03,0.15,0.03868202269361437,1.1123952970499817,True
20,2,1,0.7861103451208045,-0.4347641211045859,0.8615282098909142,0.0,0.0,2.1910652765271523,0.03,0.03,0.1830564197818283,0.35375332283080785,1.1952833639116536,True
R
0.0,0.0,0.0,0.0,0.0,0.0,1.0
S
8
torso_lift_joint,0
r_shoulder_pan_joint,-1.69017
r_shoulder_lift_joint,-0.0788625
r_upper_arm_roll_joint,-1.69017
r_elbow_flex_joint,-1.2717
r_forearm_roll_joint,-0.151824
r_wrist_flex_joint,-1.25254
r_wrist_roll_joint,0.675062
G
0.544582,-0.432278,0.8991,3.01413,-3.14159,3.14159
ooi
6
A
599
0.310248,-0.673113
0.311315,-0.672322
0.312381,-0.671531
0.313448,-0.670741
0.314515,-0.66995
0.315581,-0.669159
0.316648,-0.668368
0.317715,-0.667577
0.318781,-0.666786
0.319848,-0.665996
0.320915,-0.665205
0.321981,-0.664414
0.323048,-0.663623
0.324115,-0.662832
0.325181,-0.662041
0.326248,-0.661251
0.327315,-0.66046
0.328381,-0.659669
0.329448,-0.658878
0.330515,-0.658087
0.331581,-0.657296
0.332648,-0.656506
0.333715,-0.655715
0.334781,-0.654924
0.335848,-0.654133
0.336915,-0.653342
0.337981,-0.652552
0.339048,-0.651761
0.340115,-0.65097
0.341181,-0.650179
0.342248,-0.649388
0.343315,-0.648597
0.344381,-0.647807
0.345448,-0.647016
0.346515,-0.646225
0.347581,-0.645434
0.348648,-0.644643
0.349715,-0.643852
0.350781,-0.643062
0.351848,-0.642271
0.352915,-0.64148
0.353981,-0.640689
0.355048,-0.639898
0.356115,-0.639107
0.357181,-0.638317
0.358248,-0.637526
0.359315,-0.636735
0.360381,-0.635944
0.361448,-0.635153
0.362514,-0.634362
0.363581,-0.633572
0.364648,-0.632781
0.365714,-0.63199
0.366781,-0.631199
0.367848,-0.630408
0.368914,-0.629617
0.369981,-0.628827
0.371048,-0.628036
0.372114,-0.627245
0.373181,-0.626454
0.374248,-0.625663
0.375314,-0.624873
0.376381,-0.624082
0.377448,-0.623291
0.378514,-0.6225
0.379581,-0.621709
0.380648,-0.620918
0.381714,-0.620128
0.382781,-0.619337
0.383848,-0.618546
0.384914,-0.617755
0.385981,-0.616964
0.387048,-0.616173
0.388114,-0.615383
0.389181,-0.614592
0.390248,-0.613801
0.391314,-0.61301
0.392381,-0.612219
0.393448,-0.611428
0.394514,-0.610638
0.395581,-0.609847
0.396648,-0.609056
0.397714,-0.608265
0.398781,-0.607474
0.399848,-0.606683
0.400914,-0.605893
0.401981,-0.605102
0.403048,-0.604311
0.404114,-0.60352
0.405181,-0.602729
0.406248,-0.601938
0.407314,-0.601148
0.408381,-0.600357
0.409448,-0.599566
0.410514,-0.598775
0.411581,-0.597984
0.412647,-0.597193
0.413714,-0.596403
0.414781,-0.595612
0.415847,-0.594821
0.416914,-0.59403
0.417981,-0.593239
0.419047,-0.592449
0.420114,-0.591658
0.421181,-0.590867
0.422247,-0.590076
0.423314,-0.589285
0.424381,-0.588494
0.425447,-0.587704
0.426514,-0.586913
0.427581,-0.586122
0.428647,-0.585331
0.429714,-0.58454
0.430781,-0.583749
0.431847,-0.582959
0.432914,-0.582168
0.433981,-0.581377
0.435047,-0.580586
0.436114,-0.579795
0.437181,-0.579004
0.438247,-0.578214
0.439314,-0.577423
0.440381,-0.576632
0.441447,-0.575841
0.442514,-0.57505
0.443581,-0.574259
0.444647,-0.573469
0.445714,-0.572678
0.446781,-0.571887
0.447847,-0.571096
0.448914,-0.570305
0.449981,-0.569514
0.451047,-0.568724
0.452114,-0.567933
0.453181,-0.567142
0.454247,-0.566351
0.455314,-0.56556
0.456381,-0.56477
0.457447,-0.563979
0.458514,-0.563188
0.459581,-0.562397
0.460647,-0.561606
0.461714,-0.560815
0.46278,-0.560025
0.463847,-0.559234
0.464914,-0.558443
0.46598,-0.557652
0.467047,-0.556861
0.468114,-0.55607
0.46918,-0.55528
0.470247,-0.554489
0.470406,-0.554998
0.470566,-0.555508
0.470725,-0.556017
0.470884,-0.556526
0.471044,-0.557036
0.471203,-0.557545
0.471362,-0.558055
0.471522,-0.558564
0.471681,-0.559074
0.47184,-0.559583
0.472,-0.560093
0.472159,-0.560602
0.472318,-0.561111
0.472478,-0.561621
0.472637,-0.56213
0.472796,-0.56264
0.472955,-0.563149
0.473115,-0.563659
0.473274,-0.564168
0.473433,-0.564678
0.473593,-0.565187
0.473752,-0.565696
0.473911,-0.566206
0.474071,-0.566715
0.47423,-0.567225
0.474389,-0.567734
0.474549,-0.568244
0.474708,-0.568753
0.474867,-0.569263
0.475027,-0.569772
0.475186,-0.570281
0.475345,-0.570791
0.475504,-0.5713
0.475664,-0.57181
0.475823,-0.572319
0.475982,-0.572829
0.476142,-0.573338
0.476301,-0.573847
0.47646,-0.574357
0.47662,-0.574866
0.476779,-0.575376
0.476938,-0.575885
0.477098,-0.576395
0.477257,-0.576904
0.477416,-0.577414
0.477576,-0.577923
0.477735,-0.578432
0.477894,-0.578942
0.478054,-0.579451
0.478213,-0.579961
0.478372,-0.58047
0.478531,-0.58098
0.478691,-0.581489
0.47885,-0.581999
0.479009,-0.582508
0.479169,-0.583017
0.479328,-0.583527
0.479487,-0.584036
0.479647,-0.584546
0.479806,-0.585055
0.479965,-0.585565
0.480125,-0.586074
0.480284,-0.586584
0.480443,-0.587093
0.480603,-0.587602
0.480762,-0.588112
0.480921,-0.588621
0.48108,-0.589131
0.48124,-0.58964
0.481399,-0.59015
0.481558,-0.590659
0.481718,-0.591168
0.481877,-0.591678
0.482036,-0.592187
0.482196,-0.592697
0.482355,-0.593206
0.482514,-0.593716
0.482674,-0.594225
0.482833,-0.594735
0.482992,-0.595244
0.483152,-0.595753
0.483311,-0.596263
0.48347,-0.596772
0.48363,-0.597282
0.483789,-0.597791
0.483948,-0.598301
0.484107,-0.59881
0.484267,-0.59932
0.484426,-0.599829
0.484585,-0.600338
0.484745,-0.600848
0.484904,-0.601357
0.485063,-0.601867
0.485223,-0.602376
0.485382,-0.602886
0.485541,-0.603395
0.485701,-0.603905
0.48586,-0.604414
0.486019,-0.604923
0.486179,-0.605433
0.486338,-0.605942
0.486497,-0.606452
0.486657,-0.606961
0.486816,-0.607471
0.486975,-0.60798
0.487134,-0.608489
0.487294,-0.608999
0.487453,-0.609508
0.487612,-0.610018
0.487772,-0.610527
0.487931,-0.611037
0.48809,-0.611546
0.48825,-0.612056
0.488409,-0.612565
0.488568,-0.613074
0.488728,-0.613584
0.488887,-0.614093
0.489046,-0.614603
0.489206,-0.615112
0.489365,-0.615622
0.489524,-0.616131
0.489683,-0.616641
0.489843,-0.61715
0.490002,-0.617659
0.490161,-0.618169
0.490321,-0.618678
0.49048,-0.619188
0.490639,-0.619697
0.490799,-0.620207
0.490958,-0.620716
0.491117,-0.621225
0.491277,-0.621735
0.491436,-0.622244
0.491595,-0.622754
0.491755,-0.623263
0.491914,-0.623773
0.492073,-0.624282
0.492233,-0.624792
0.492392,-0.625301
0.492551,-0.62581
0.49271,-0.62632
0.49287,-0.626829
0.493029,-0.627339
0.493188,-0.627848
0.493348,-0.628358
0.493507,-0.628867
0.493666,-0.629377
0.493826,-0.629886
0.493985,-0.630395
0.494457,-0.629609
0.494929,-0.628822
0.4954,-0.628036
0.495872,-0.627249
0.496344,-0.626463
0.496816,-0.625676
0.497288,-0.62489
0.497759,-0.624103
0.498231,-0.623317
0.498703,-0.62253
0.499175,-0.621744
0.499646,-0.620957
0.500118,-0.620171
0.50059,-0.619384
0.501062,-0.618597
0.501534,-0.617811
0.502005,-0.617024
0.502477,-0.616238
0.502949,-0.615451
0.503421,-0.614665
0.503893,-0.613878
0.504364,-0.613092
0.504836,-0.612305
0.505308,-0.611519
0.50578,-0.610732
0.506252,-0.609946
0.506723,-0.609159
0.507195,-0.608373
0.507667,-0.607586
0.508139,-0.6068
0.50861,-0.606013
0.509082,-0.605226
0.509554,-0.60444
0.510026,-0.603653
0.510498,-0.602867
0.510969,-0.60208
0.511441,-0.601294
0.511913,-0.600507
0.512385,-0.599721
0.512857,-0.598934
0.513328,-0.598148
0.5138,-0.597361
0.514272,-0.596575
0.514744,-0.595788
0.515216,-0.595002
0.515687,-0.594215
0.516159,-0.593429
0.516631,-0.592642
0.517103,-0.591855
0.517575,-0.591069
0.518046,-0.590282
0.518518,-0.589496
0.51899,-0.588709
0.519462,-0.587923
0.519933,-0.587136
0.520405,-0.58635
0.520877,-0.585563
0.521349,-0.584777
0.521821,-0.58399
0.522292,-0.583204
0.522764,-0.582417
0.523236,-0.581631
0.523708,-0.580844
0.52418,-0.580058
0.524651,-0.579271
0.525123,-0.578484
0.525595,-0.577698
0.526067,-0.576911
0.526539,-0.576125
0.52701,-0.575338
0.527482,-0.574552
0.527954,-0.573765
0.528426,-0.572979
0.528897,-0.572192
0.529369,-0.571406
0.529841,-0.570619
0.530313,-0.569833
0.530785,-0.569046
0.531256,-0.56826
0.531728,-0.567473
0.5322,-0.566687
0.532672,-0.5659
0.533144,-0.565113
0.533615,-0.564327
0.534087,-0.56354
0.534559,-0.562754
0.535031,-0.561967
0.535503,-0.561181
0.535974,-0.560394
0.536446,-0.559608
0.536918,-0.558821
0.53739,-0.558035
0.537862,-0.557248
0.538333,-0.556462
0.538805,-0.555675
0.539277,-0.554889
0.539749,-0.554102
0.54022,-0.553316
0.540692,-0.552529
0.541164,-0.551742
0.541636,-0.550956
0.542108,-0.550169
0.542579,-0.549383
0.543051,-0.548596
0.543523,-0.54781
0.543995,-0.547023
0.544467,-0.546237
0.544938,-0.54545
0.54541,-0.544664
0.545882,-0.543877
0.546354,-0.543091
0.546826,-0.542304
0.547297,-0.541518
0.547769,-0.540731
0.548241,-0.539945
0.548713,-0.539158
0.549184,-0.538371
0.549656,-0.537585
0.550128,-0.536798
0.5506,-0.536012
0.551072,-0.535225
0.551543,-0.534439
0.552015,-0.533652
0.552487,-0.532866
0.552959,-0.532079
0.553431,-0.531293
0.553902,-0.530506
0.554374,-0.52972
0.554846,-0.528933
0.555318,-0.528147
0.55579,-0.52736
0.556261,-0.526574
0.556733,-0.525787
0.557205,-0.525
0.557677,-0.524214
0.558148,-0.523427
0.55862,-0.522641
0.559092,-0.521854
0.559564,-0.521068
0.560036,-0.520281
0.560507,-0.519495
0.560979,-0.518708
0.561451,-0.517922
0.561923,-0.517135
0.562395,-0.516349
0.562866,-0.515562
0.563338,-0.514776
0.56381,-0.513989
0.564282,-0.513202
0.564754,-0.512416
0.564618,-0.511878
0.564483,-0.51134
0.564347,-0.510802
0.564212,-0.510265
0.564077,-0.509727
0.563941,-0.509189
0.563806,-0.508651
0.563671,-0.508113
0.563535,-0.507575
0.5634,-0.507038
0.563264,-0.5065
0.563129,-0.505962
0.562994,-0.505424
0.562858,-0.504886
0.562723,-0.504348
0.562587,-0.503811
0.562452,-0.503273
0.562317,-0.502735
0.562181,-0.502197
0.562046,-0.501659
0.561911,-0.501121
0.561775,-0.500584
0.56164,-0.500046
0.561504,-0.499508
0.561369,-0.49897
0.561234,-0.498432
0.561098,-0.497894
0.560963,-0.497357
0.560827,-0.496819
0.560692,-0.496281
0.560557,-0.495743
0.560421,-0.495205
0.560286,-0.494667
0.560151,-0.49413
0.560015,-0.493592
0.55988,-0.493054
0.559744,-0.492516
0.559609,-0.491978
0.559474,-0.49144
0.559338,-0.490903
0.559203,-0.490365
0.559068,-0.489827
0.558932,-0.489289
0.558797,-0.488751
0.558661,-0.488213
0.558526,-0.487675
0.558391,-0.487138
0.558255,-0.4866
0.55812,-0.486062
0.557984,-0.485524
0.557849,-0.484986
0.557714,-0.484448
0.557578,-0.483911
0.557443,-0.483373
0.557308,-0.482835
0.557172,-0.482297
0.557037,-0.481759
0.556901,-0.481221
0.556766,-0.480684
0.556631,-0.480146
0.556495,-0.479608
0.55636,-0.47907
0.556224,-0.478532
0.556089,-0.477994
0.555954,-0.477457
0.555818,-0.476919
0.555683,-0.476381
0.555548,-0.475843
0.555412,-0.475305
0.555277,-0.474767
0.555141,-0.47423
0.555006,-0.473692
0.554871,-0.473154
0.554735,-0.472616
0.5546,-0.472078
0.554465,-0.47154
0.554329,-0.471003
0.554194,-0.470465
0.554058,-0.469927
0.553923,-0.469389
0.553788,-0.468851
0.553652,-0.468313
0.553517,-0.467776
0.553381,-0.467238
0.553246,-0.4667
0.553111,-0.466162
0.552975,-0.465624
0.55284,-0.465086
0.552705,-0.464549
0.552569,-0.464011
0.552434,-0.463473
0.552298,-0.462935
0.552163,-0.462397
0.552028,-0.461859
0.551892,-0.461321
0.551757,-0.460784
0.551622,-0.460246
0.551486,-0.459708
0.551351,-0.45917
0.551215,-0.458632
0.55108,-0.458094
0.550945,-0.457557
0.550809,-0.457019
0.550674,-0.456481
0.550538,-0.455943
0.550403,-0.455405
0.550268,-0.454867
0.550132,-0.45433
0.549997,-0.453792
0.549862,-0.453254
0.549726,-0.452716
0.549591,-0.452178
0.549455,-0.45164
0.54932,-0.451103
0.549185,-0.450565
0.549049,-0.450027
0.548914,-0.449489
0.548778,-0.448951
0.548643,-0.448413
0.548508,-0.447876
0.548372,-0.447338
0.548237,-0.4468
0.548102,-0.446262
0.547966,-0.445724
0.547831,-0.445186
0.547695,-0.444649
0.54756,-0.444111
0.547425,-0.443573
0.547289,-0.443035
0.547154,-0.442497
0.547019,-0.441959
0.546883,-0.441422
0.546748,-0.440884
0.546612,-0.440346
0.546477,-0.439808
0.546342,-0.43927
0.546206,-0.438732
0.546071,-0.438195
0.545935,-0.437657
0.5458,-0.437119
0.545665,-0.436581
0.545529,-0.436043
0.545394,-0.435505
0.545259,-0.434968
0.545123,-0.43443
0.544988,-0.433892
0.544852,-0.433354
0.544717,-0.432816
0.544582,-0.432278
