O
20
1,0,-1,0.78,-0.5,0.75,0.0,0.0,0.0,0.3,0.4,0.02,0,0.8,False
2,0,-1,1.1,-0.5,0.93,0.0,0.0,0.0,0.02,0.4,0.2,0,0.8,False
3,0,-1,0.78,-0.5,1.11,0.0,0.0,0.0,0.3,0.4,0.02,0,0.8,False
4,0,-1,0.8,-0.92,0.93,0.0,0.0,0.0,0.32,0.02,0.2,0,0.8,False
5,0,-1,0.8,-0.08,0.93,0.0,0.0,0.0,0.32,0.02,0.2,0,0.8,False
6,0,0,0.8150601231820854,-0.43720407261769784,0.86,0.0,0.0,3.532676784223469,0.037506415244769775,0.06992461199693113,0.09,0.34997157550045704,1.0330067834520291,False
7,0,0,0.8525148387621229,-0.6090588900826523,0.9031355462152448,0.0,0.0,1.8230636858061489,0.05618400709399547,0.07751482558315702,0.13313554621524482,0.34077683177206036,1.0958248803417039,False
8,2,0,0.9471838147265368,-0.7613281823671862,0.8643069179972649,0.0,0.0,1.5686121968554039,0.03,0.03,0.1886138359945298,0.21668289722225342,1.0842139052000135,False
9,0,0,0.9217546985623544,-0.4405090477958459,0.86,0.0,0.0,3.0395483658253393,0.03,0.03,0.09,0.328780297850177,0.8738072045935115,False
10,0,0,0.7246055443941907,-0.7540754900388756,0.86,0.0,0.0,4.619955805131642,0.03,0.03,0.09,0.35420676906858917,0.9895587475170564,False
11,0,1,0.6342901993800348,-0.3449415463524351,0.86,0.0,0.0,2.5417325418411116,0.04932579005359644,0.04846520552935523,0.09,0.17617194199905561,0.8331106377623173,True
12,0,1,0.5131952731649149,-0.8005164427083453,0.86,0.0,0.0,3.597003007830445,0.03,0.06390549089758674,0.09,0.24532312071909834,0.9138166224148897,True
13,2,1,0.5647658199189677,-0.6105947590789589,0.8450000000000001,0.0,0.0,4.777224805663306,0.03,0.03,0.15,0.10503334883345927,0.9208423228505991,True
14,2,1,0.6985042730891748,-0.6435302913569925,0.8450000000000001,0.0,0.0,5.153870699119636,0.03,0.03,0.15,0.06559691035832965,0.8964296999018225,True
15,0,1,0.5811226462777986,-0.4827934989379604,0.86,0.0,0.0,5.366669737825617,0.03,0.03,0.09,0.022222456539806257,0.9179085569356479,True
16,0,1,0.846136293171782,-0.7356371363251648,0.9108765234615204,0.0,0.0,3.295155586940056,0.03,0.03,0.14087652346152035,0.44146171131089756,1.1440482548186697,True
17,2,1,0.9745147114765385,-0.19266383330982362,0.8450000000000001,0.0,0.0,2.366206113459011,0.05151964950566533,0.05151964950566533,0.15,0.3542634700026319,0.8821735634962135,True
18,0,1,0.6203688357315686,-0.8118119192014996,0.8979854393041448,0.0,0.0,3.7151723965287804,0.03,0.03,0.12798543930414472,0.012184512931353086,1.0229336842262693,True
19,2,1,0.7713569450793563,-0.21742210682495267,0.8568414107834879,0.0,0.0,3.303673209688967,0.03,0.03,0.17368282156697568,0.06889294744677371,0.9688535345620838,True
20,2,1,1.0224337212631056,-0.35466766629632396,0.8541316738622676,0.0,0.0,4.876373476322832,0.031319826482177654,0.031319826482177654,0.16826334772453522,0.03372421552088095,0.8608196672020413,True
R
0.0,0.0,0.0,0.0,0.0,0.0,1.0
S
8
torso_lift_joint,0
r_shoulder_pan_joint,-1.69017
r_shoulder_lift_joint,-0.0788625
r_upper_arm_roll_joint,-1.69017
r_elbow_flex_joint,-1.2717
r_forearm_roll_joint,-0.151824
r_wrist_flex_joint,-1.25254
r_wrist_roll_joint,0.675062
G
0.649926,-0.747153,0.86,3.04916,-3.14159,3.14159
ooi
10
A
599
0.310248,-0.673113
0.31181,-0.673442
0.313372,-0.673771
0.314934,-0.6741
0.316496,-0.674429
0.318058,-0.674759
0.31962,-0.675088
0.321182,-0.675417
0.322744,-0.675746
0.324306,-0.676075
0.325868,-0.676404
0.32743,-0.676733
0.328992,-0.677062
0.330554,-0.677391
0.332116,-0.67772
0.333678,-0.678049
0.335239,-0.678379
0.336801,-0.678708
0.338363,-0.679037
0.339925,-0.679366
0.341487,-0.679695
0.343049,-0.680024
0.344611,-0.680353
0.346173,-0.680682
0.347735,-0.681011
0.349297,-0.68134
0.350859,-0.681669
0.352421,-0.681999
0.353983,-0.682328
0.355545,-0.682657
0.357107,-0.682986
0.358669,-0.683315
0.360231,-0.683644
0.361793,-0.683973
0.363355,-0.684302
0.364917,-0.684631
0.366479,-0.68496
0.368041,-0.685289
0.369603,-0.685619
0.371165,-0.685948
0.372726,-0.686277
0.374288,-0.686606
0.37585,-0.686935
0.377412,-0.687264
0.378974,-0.687593
0.380536,-0.687922
0.382098,-0.688251
0.38366,-0.68858
0.385222,-0.68891
0.386784,-0.689239
0.388346,-0.689568
0.389908,-0.689897
0.39147,-0.690226
0.393032,-0.690555
0.394594,-0.690884
0.396156,-0.691213
0.397718,-0.691542
0.39928,-0.691871
0.400842,-0.6922
0.402404,-0.69253
0.403966,-0.692859
0.405528,-0.693188
0.40709,-0.693517
0.408651,-0.693846
0.410213,-0.694175
0.411775,-0.694504
0.413337,-0.694833
0.414899,-0.695162
0.416461,-0.695491
0.418023,-0.69582
0.419585,-0.69615
0.421147,-0.696479
0.422709,-0.696808
0.424271,-0.697137
0.425833,-0.697466
0.427395,-0.697795
0.428957,-0.698124
0.430519,-0.698453
0.432081,-0.698782
0.433643,-0.699111
0.435205,-0.69944
0.436767,-0.69977
0.438329,-0.700099
0.439891,-0.700428
0.441453,-0.700757
0.443015,-0.701086
0.444577,-0.701415
0.446138,-0.701744
0.4477,-0.702073
0.449262,-0.702402
0.450824,-0.702731
0.452386,-0.70306
0.453948,-0.70339
0.45551,-0.703719
0.457072,-0.704048
0.458634,-0.704377
0.460196,-0.704706
0.461758,-0.705035
0.46332,-0.705364
0.464882,-0.705693
0.466444,-0.706022
0.468006,-0.706351
0.469568,-0.70668
0.47113,-0.70701
0.472692,-0.707339
0.474254,-0.707668
0.475816,-0.707997
0.477378,-0.708326
0.47894,-0.708655
0.480502,-0.708984
0.482063,-0.709313
0.483625,-0.709642
0.485187,-0.709971
0.486749,-0.710301
0.488311,-0.71063
0.489873,-0.710959
0.491435,-0.711288
0.492997,-0.711617
0.494559,-0.711946
0.496121,-0.712275
0.497683,-0.712604
0.499245,-0.712933
0.500807,-0.713262
0.502369,-0.713591
0.503931,-0.713921
0.505493,-0.71425
0.507055,-0.714579
0.508617,-0.714908
0.510179,-0.715237
0.511741,-0.715566
0.513303,-0.715895
0.514865,-0.716224
0.516427,-0.716553
0.517989,-0.716882
0.51955,-0.717211
0.521112,-0.717541
0.522674,-0.71787
0.524236,-0.718199
0.525798,-0.718528
0.52736,-0.718857
0.528922,-0.719186
0.530484,-0.719515
0.532046,-0.719844
0.533608,-0.720173
0.53517,-0.720502
0.536732,-0.720831
0.538294,-0.721161
0.539856,-0.72149
0.541418,-0.721819
0.54298,-0.722148
0.544542,-0.722477
0.544384,-0.721952
0.544226,-0.721427
0.544068,-0.720902
0.54391,-0.720377
0.543752,-0.719852
0.543594,-0.719327
0.543436,-0.718803
0.543278,-0.718278
0.54312,-0.717753
0.542962,-0.717228
0.542804,-0.716703
0.542646,-0.716178
0.542488,-0.715653
0.54233,-0.715128
0.542172,-0.714603
0.542015,-0.714078
0.541857,-0.713553
0.541699,-0.713028
0.541541,-0.712504
0.541383,-0.711979
0.541225,-0.711454
0.541067,-0.710929
0.540909,-0.710404
0.540751,-0.709879
0.540593,-0.709354
0.540435,-0.708829
0.540277,-0.708304
0.540119,-0.707779
0.539961,-0.707254
0.539803,-0.706729
0.539645,-0.706205
0.539487,-0.70568
0.539329,-0.705155
0.539171,-0.70463
0.539013,-0.704105
0.538855,-0.70358
0.538698,-0.703055
0.53854,-0.70253
0.538382,-0.702005
0.538224,-0.70148
0.538066,-0.700955
0.537908,-0.70043
0.53775,-0.699906
0.537592,-0.699381
0.537434,-0.698856
0.537276,-0.698331
0.537118,-0.697806
0.53696,-0.697281
0.536802,-0.696756
0.536644,-0.696231
0.536486,-0.695706
0.536328,-0.695181
0.53617,-0.694656
0.536012,-0.694132
0.535854,-0.693607
0.535696,-0.693082
0.535538,-0.692557
0.53538,-0.692032
0.535223,-0.691507
0.535065,-0.690982
0.534907,-0.690457
0.534749,-0.689932
0.534591,-0.689407
0.534433,-0.688882
0.534275,-0.688357
0.534117,-0.687833
0.533959,-0.687308
0.533801,-0.686783
0.533643,-0.686258
0.533485,-0.685733
0.533327,-0.685208
0.533169,-0.684683
0.533011,-0.684158
0.532853,-0.683633
0.532695,-0.683108
0.532537,-0.682583
0.532379,-0.682058
0.532221,-0.681534
0.532063,-0.681009
0.531906,-0.680484
0.531748,-0.679959
0.53159,-0.679434
0.531432,-0.678909
0.531274,-0.678384
0.531116,-0.677859
0.530958,-0.677334
0.5308,-0.676809
0.530642,-0.676284
0.530484,-0.675759
0.530326,-0.675235
0.530168,-0.67471
0.53001,-0.674185
0.529852,-0.67366
0.529694,-0.673135
0.529536,-0.67261
0.529378,-0.672085
0.52922,-0.67156
0.529062,-0.671035
0.528904,-0.67051
0.528746,-0.669985
0.528589,-0.66946
0.528431,-0.668936
0.528273,-0.668411
0.528115,-0.667886
0.527957,-0.667361
0.527799,-0.666836
0.527641,-0.666311
0.527483,-0.665786
0.527325,-0.665261
0.527167,-0.664736
0.527009,-0.664211
0.526851,-0.663686
0.526693,-0.663162
0.526535,-0.662637
0.526377,-0.662112
0.526219,-0.661587
0.526061,-0.661062
0.525903,-0.660537
0.525745,-0.660012
0.525587,-0.659487
0.525429,-0.658962
0.525271,-0.658437
0.525114,-0.657912
0.524956,-0.657387
0.524798,-0.656863
0.52464,-0.656338
0.524482,-0.655813
0.524324,-0.655288
0.524166,-0.654763
0.524008,-0.654238
0.52385,-0.653713
0.523692,-0.653188
0.523534,-0.652663
0.523376,-0.652138
0.523218,-0.651613
0.52306,-0.651088
0.522902,-0.650564
0.522744,-0.650039
0.522586,-0.649514
0.522428,-0.648989
0.52227,-0.648464
0.522112,-0.647939
0.521954,-0.647414
0.521797,-0.646889
0.521639,-0.646364
0.521481,-0.645839
0.521323,-0.645314
0.521165,-0.644789
0.521007,-0.644265
0.52124,-0.644386
0.521473,-0.644508
0.521706,-0.644629
0.521939,-0.644751
0.522173,-0.644873
0.522406,-0.644994
0.522639,-0.645116
0.522872,-0.645237
0.523105,-0.645359
0.523338,-0.645481
0.523571,-0.645602
0.523805,-0.645724
0.524038,-0.645845
0.524271,-0.645967
0.524504,-0.646089
0.524737,-0.64621
0.52497,-0.646332
0.525203,-0.646453
0.525437,-0.646575
0.52567,-0.646697
0.525903,-0.646818
0.526136,-0.64694
0.526369,-0.647061
0.526602,-0.647183
0.526835,-0.647305
0.527069,-0.647426
0.527302,-0.647548
0.527535,-0.647669
0.527768,-0.647791
0.528001,-0.647913
0.528234,-0.648034
0.528468,-0.648156
0.528701,-0.648277
0.528934,-0.648399
0.529167,-0.648521
0.5294,-0.648642
0.529633,-0.648764
0.529866,-0.648885
0.5301,-0.649007
0.530333,-0.649129
0.530566,-0.64925
0.530799,-0.649372
0.531032,-0.649493
0.531265,-0.649615
0.531498,-0.649737
0.531732,-0.649858
0.531965,-0.64998
0.532198,-0.650101
0.532431,-0.650223
0.532664,-0.650345
0.532897,-0.650466
0.533131,-0.650588
0.533364,-0.650709
0.533597,-0.650831
0.53383,-0.650952
0.534063,-0.651074
0.534296,-0.651196
0.534529,-0.651317
0.534763,-0.651439
0.534996,-0.65156
0.535229,-0.651682
0.535462,-0.651804
0.535695,-0.651925
0.535928,-0.652047
0.536161,-0.652168
0.536395,-0.65229
0.536628,-0.652412
0.536861,-0.652533
0.537094,-0.652655
0.537327,-0.652776
0.53756,-0.652898
0.537794,-0.65302
0.538027,-0.653141
0.53826,-0.653263
0.538493,-0.653384
0.538726,-0.653506
0.538959,-0.653628
0.539192,-0.653749
0.539426,-0.653871
0.539659,-0.653992
0.539892,-0.654114
0.540125,-0.654236
0.540358,-0.654357
0.540591,-0.654479
0.540824,-0.6546
0.541058,-0.654722
0.541291,-0.654844
0.541524,-0.654965
0.541757,-0.655087
0.54199,-0.655208
0.542223,-0.65533
0.542457,-0.655452
0.54269,-0.655573
0.542923,-0.655695
0.543156,-0.655816
0.543389,-0.655938
0.543622,-0.65606
0.543855,-0.656181
0.544089,-0.656303
0.544322,-0.656424
0.544555,-0.656546
0.544788,-0.656668
0.545021,-0.656789
0.545254,-0.656911
0.545487,-0.657032
0.545721,-0.657154
0.545954,-0.657276
0.546187,-0.657397
0.54642,-0.657519
0.546653,-0.65764
0.546886,-0.657762
0.54712,-0.657884
0.547353,-0.658005
0.547586,-0.658127
0.547819,-0.658248
0.548052,-0.65837
0.548285,-0.658492
0.548518,-0.658613
0.548752,-0.658735
0.548985,-0.658856
0.549218,-0.658978
0.549451,-0.6591
0.549684,-0.659221
0.549917,-0.659343
0.55015,-0.659464
0.550384,-0.659586
0.550617,-0.659708
0.55085,-0.659829
0.551083,-0.659951
0.551316,-0.660072
0.551549,-0.660194
0.551783,-0.660316
0.552016,-0.660437
0.552249,-0.660559
0.552482,-0.66068
0.552715,-0.660802
0.552948,-0.660924
0.553181,-0.661045
0.553415,-0.661167
0.553648,-0.661288
0.553881,-0.66141
0.554114,-0.661532
0.554347,-0.661653
0.55458,-0.661775
0.554813,-0.661896
0.555047,-0.662018
0.55528,-0.66214
0.555513,-0.662261
0.555746,-0.662383
0.555979,-0.662504
0.55661,-0.663072
0.55724,-0.663641
0.557871,-0.664209
0.558501,-0.664777
0.559132,-0.665345
0.559762,-0.665913
0.560393,-0.666481
0.561023,-0.667049
0.561654,-0.667617
0.562284,-0.668185
0.562915,-0.668754
0.563545,-0.669322
0.564176,-0.66989
0.564806,-0.670458
0.565437,-0.671026
0.566067,-0.671594
0.566698,-0.672162
0.567328,-0.67273
0.567959,-0.673298
0.568589,-0.673867
0.56922,-0.674435
0.569851,-0.675003
0.570481,-0.675571
0.571112,-0.676139
0.571742,-0.676707
0.572373,-0.677275
0.573003,-0.677843
0.573634,-0.678411
0.574264,-0.67898
0.574895,-0.679548
0.575525,-0.680116
0.576156,-0.680684
0.576786,-0.681252
0.577417,-0.68182
0.578047,-0.682388
0.578678,-0.682956
0.579308,-0.683524
0.579939,-0.684093
0.580569,-0.684661
0.5812,-0.685229
0.58183,-0.685797
0.582461,-0.686365
0.583091,-0.686933
0.583722,-0.687501
0.584352,-0.688069
0.584983,-0.688637
0.585613,-0.689206
0.586244,-0.689774
0.586874,-0.690342
0.587505,-0.69091
0.588135,-0.691478
0.588766,-0.692046
0.589396,-0.692614
0.590027,-0.693182
0.590657,-0.69375
0.591288,-0.694319
0.591918,-0.694887
0.592549,-0.695455
0.59318,-0.696023
0.59381,-0.696591
0.594441,-0.697159
0.595071,-0.697727
0.595702,-0.698295
0.596332,-0.698863
0.596963,-0.699432
0.597593,-0.7
0.598224,-0.700568
0.598854,-0.701136
0.599485,-0.701704
0.600115,-0.702272
0.600746,-0.70284
0.601376,-0.703408
0.602007,-0.703976
0.602637,-0.704545
0.603268,-0.705113
0.603898,-0.705681
0.604529,-0.706249
0.605159,-0.706817
0.60579,-0.707385
0.60642,-0.707953
0.607051,-0.708521
0.607681,-0.709089
0.608312,-0.709658
0.608942,-0.710226
0.609573,-0.710794
0.610203,-0.711362
0.610834,-0.71193
0.611464,-0.712498
0.612095,-0.713066
0.612725,-0.713634
0.613356,-0.714202
0.613986,-0.714771
0.614617,-0.715339
0.615247,-0.715907
0.615878,-0.716475
0.616509,-0.717043
0.617139,-0.717611
0.61777,-0.718179
0.6184,-0.718747
0.619031,-0.719315
0.619661,-0.719884
0.620292,-0.720452
0.620922,-0.72102
0.621553,-0.721588
0.622183,-0.722156
0.622814,-0.722724
0.623444,-0.723292
0.624075,-0.72386
0.624705,-0.724428
0.625336,-0.724997
0.625966,-0.725565
0.626597,-0.726133
0.627227,-0.726701
0.627858,-0.727269
0.628488,-0.727837
0.629119,-0.728405
0.629749,-0.728973
0.63038,-0.729541
0.63101,-0.73011
0.631641,-0.730678
0.632271,-0.731246
0.632902,-0.731814
0.633532,-0.732382
0.634163,-0.73295
0.634793,-0.733518
0.635424,-0.734086
0.636054,-0.734654
0.636685,-0.735223
0.637315,-0.735791
0.637946,-0.736359
0.638576,-0.736927
0.639207,-0.737495
0.639837,-0.738063
0.640468,-0.738631
0.641099,-0.739199
0.641729,-0.739767
0.64236,-0.740336
0.64299,-0.740904
0.643621,-0.741472
0.644251,-0.74204
0.644882,-0.742608
0.645512,-0.743176
0.646143,-0.743744
0.646773,-0.744312
0.647404,-0.74488
0.648034,-0.745449
0.648665,-0.746017
0.649295,-0.746585
0.649926,-0.747153
