O
20
1,0,-1,0.78,-0.5,0.75,0.0,0.0,0.0,0.3,0.4,0.02,0,0.8,False
2,0,-1,1.1,-0.5,0.93,0.0,0.0,0.0,0.02,0.4,0.2,0,0.8,False
3,0,-1,0.78,-0.5,1.11,0.0,0.0,0.0,0.3,0.4,0.02,0,0.8,False
4,0,-1,0.8,-0.92,0.93,0.0,0.0,0.0,0.32,0.02,0.2,0,0.8,False
5,0,-1,0.8,-0.08,0.93,0.0,0.0,0.0,0.32,0.02,0.2,0,0.8,False
6,0,0,0.8643560485073987,-0.562422579531471,0.86,0.0,0.0,5.456362444166958,0.03,0.056138323222492625,0.09,0.13013558358158223,1.0939849907085357,False
7,0,0,0.6189993471396007,-0.5369804068901018,0.9087375655059016,0.0,0.0,1.226439350465556,0.03,0.04769390473456058,0.1387375655059016,0.4457766509488618,0.9209527607443097,False
8,0,0,0.8583780629041072,-0.31874406663643196,0.8634384262830102,0.0,0.0,0.09761570799489698,0.04440847892818082,0.04757630576565146,0.09343842628301009,0.3571937401656306,1.0950048166906594,False
9,2,0,0.7248170323852885,-0.28460551066554585,0.8450000000000001,0.0,0.0,4.140162295637657,0.03,0.03,0.15,0.38708263035349477,0.9228291806200419,False
10,0,0,0.5174634915213935,-0.2555807427033616,0.9233792117545171,0.0,0.0,1.5836585422347096,0.033570205287525065,0.03,0.15337921175451708,0.11951069957585281,1.0295417759653,False
11,0,1,0.5388137084778815,-0.7328905509904413,0.8871334103671628,0.0,0.0,0.5020787529369363,0.03,0.030888372586829502,0.11713341036716274,0.4670743432019128,1.184957848003806,True
12,2,1,0.7851920935523883,-0.7539324793045898,0.8607354048283514,0.0,0.0,4.571840449499631,0.06354651735432083,0.06354651735432083,0.18147080965670268,0.28034049778101355,0.975707964173998,True
13,0,1,0.5294264615772865,-0.8280829718586612,0.86,0.0,0.0,1.0356590349557515,0.03,0.03,0.09,0.10646890636443995,1.0004579600895684,True
14,2,1,0.5882824917188114,-0.4122834141038307,0.8450000000000001,0.0,0.0,5.740161469874881,0.04986304549548101,0.04986304549548101,0.15,0.3510127221692921,0.8943603902027284,True
15,2,1,0.7214116025534782,-0.38635450453335823,0.8450000000000001,0.0,0.0,0.975874606342213,0.03,0.03,0.15,0.2761093534046001,0.8891973484504776,True
16,2,1,1.0216002091671712,-0.7368236403218501,0.8450000000000001,0.0,0.0,4.244308223973675,0.03,0.03,0.15,0.2141861871481699,1.0774157622981133,True
17,2,1,0.962921727499277,-0.16219651236000066,0.8450000000000001,0.0,0.0,4.4568368737501665,0.04007032186677465,0.04007032186677465,0.15,0.4477007163404354,1.127365783328608,True
18,2,1,0.9125473683180989,-0.7323287292109613,0.8450000000000001,0.0,0.0,2.150507100142238,0.03,0.03,0.15,0.1497746123012958,0.9111339524617732,True
19,2,1,1.0052968582612847,-0.5085900236910244,0.8546378916306204,0.0,0.0,0.7822491826476122,0.03381630243031598,0.03381630243031598,0.16927578326124082,0.20035077402313262,1.021073191238447,True
20,2,1,0.8201148792489693,-0.425554846625035,0.8450000000000001,0.0,0.0,3.1603479251099476,0.03,0.03,0.15,0.45702031544502975,1.0983881940422904,True
R
0.0,0.0,0.0,0.0,0.0,0.0,1.0
S
8
torso_lift_joint,0
r_shoulder_pan_joint,-1.69017
r_shoulder_lift_joint,-0.0788625
r_upper_arm_roll_joint,-1.69017
r_elbow_flex_joint,-1.2717
r_forearm_roll_joint,-0.151824
r_wrist_flex_joint,-1.25254
r_wrist_roll_joint,0.675062
G
0.531747,-0.505688,0.908738,2.79724,-3.14159,3.14159
ooi
7
A
599
0.310248,-0.673113
0.311466,-0.673843
0.312684,-0.674574
0.313901,-0.675304
0.315119,-0.676034
0.316337,-0.676764
0.317555,-0.677495
0.318772,-0.678225
0.31999,-0.678955
0.321208,-0.679685
0.322425,-0.680415
0.323643,-0.681146
0.324861,-0.681876
0.326079,-0.682606
0.327296,-0.683336
0.328514,-0.684067
0.329732,-0.684797
0.33095,-0.685527
0.332167,-0.686257
0.333385,-0.686988
0.334603,-0.687718
0.33582,-0.688448
0.337038,-0.689178
0.338256,-0.689909
0.339474,-0.690639
0.340691,-0.691369
0.341909,-0.692099
0.343127,-0.69283
0.344345,-0.69356
0.345562,-0.69429
0.34678,-0.69502
0.347998,-0.695751
0.349216,-0.696481
0.350433,-0.697211
0.351651,-0.697941
0.352869,-0.698671
0.354086,-0.699402
0.355304,-0.700132
0.356522,-0.700862
0.35774,-0.701592
0.358957,-0.702323
0.360175,-0.703053
0.361393,-0.703783
0.362611,-0.704513
0.363828,-0.705244
0.365046,-0.705974
0.366264,-0.706704
0.367481,-0.707434
0.368699,-0.708165
0.369917,-0.708895
0.371135,-0.709625
0.372352,-0.710355
0.37357,-0.711086
0.374788,-0.711816
0.376006,-0.712546
0.377223,-0.713276
0.378441,-0.714007
0.379659,-0.714737
0.380876,-0.715467
0.382094,-0.716197
0.383312,-0.716927
0.38453,-0.717658
0.385747,-0.718388
0.386965,-0.719118
0.388183,-0.719848
0.389401,-0.720579
0.390618,-0.721309
0.391836,-0.722039
0.393054,-0.722769
0.394272,-0.7235
0.395489,-0.72423
0.396707,-0.72496
0.397925,-0.72569
0.399142,-0.726421
0.40036,-0.727151
0.401578,-0.727881
0.402796,-0.728611
0.404013,-0.729342
0.405231,-0.730072
0.406449,-0.730802
0.407667,-0.731532
0.408884,-0.732263
0.410102,-0.732993
0.41132,-0.733723
0.412537,-0.734453
0.413755,-0.735184
0.414973,-0.735914
0.416191,-0.736644
0.417408,-0.737374
0.418626,-0.738104
0.419844,-0.738835
0.421062,-0.739565
0.422279,-0.740295
0.423497,-0.741025
0.424715,-0.741756
0.425932,-0.742486
0.42715,-0.743216
0.428368,-0.743946
0.429586,-0.744677
0.430803,-0.745407
0.432021,-0.746137
0.433239,-0.746867
0.434457,-0.747598
0.435674,-0.748328
0.436892,-0.749058
0.43811,-0.749788
0.439327,-0.750519
0.440545,-0.751249
0.441763,-0.751979
0.442981,-0.752709
0.444198,-0.75344
0.445416,-0.75417
0.446634,-0.7549
0.447852,-0.75563
0.449069,-0.75636
0.450287,-0.757091
0.451505,-0.757821
0.452723,-0.758551
0.45394,-0.759281
0.455158,-0.760012
0.456376,-0.760742
0.457593,-0.761472
0.458811,-0.762202
0.460029,-0.762933
0.461247,-0.763663
0.462464,-0.764393
0.463682,-0.765123
0.4649,-0.765854
0.466118,-0.766584
0.467335,-0.767314
0.468553,-0.768044
0.469771,-0.768775
0.470988,-0.769505
0.472206,-0.770235
0.473424,-0.770965
0.474642,-0.771696
0.475859,-0.772426
0.477077,-0.773156
0.478295,-0.773886
0.479513,-0.774616
0.48073,-0.775347
0.481948,-0.776077
0.483166,-0.776807
0.484383,-0.777537
0.485601,-0.778268
0.486819,-0.778998
0.488037,-0.779728
0.489254,-0.780458
0.490472,-0.781189
0.49169,-0.781919
0.492908,-0.782649
0.493589,-0.782245
0.494271,-0.78184
0.494953,-0.781436
0.495635,-0.781031
0.496317,-0.780627
0.496999,-0.780222
0.49768,-0.779818
0.498362,-0.779413
0.499044,-0.779009
0.499726,-0.778604
0.500408,-0.7782
0.50109,-0.777796
0.501771,-0.777391
0.502453,-0.776987
0.503135,-0.776582
0.503817,-0.776178
0.504499,-0.775773
0.505181,-0.775369
0.505862,-0.774964
0.506544,-0.77456
0.507226,-0.774155
0.507908,-0.773751
0.50859,-0.773346
0.509272,-0.772942
0.509953,-0.772538
0.510635,-0.772133
0.511317,-0.771729
0.511999,-0.771324
0.512681,-0.77092
0.513363,-0.770515
0.514044,-0.770111
0.514726,-0.769706
0.515408,-0.769302
0.51609,-0.768897
0.516772,-0.768493
0.517454,-0.768088
0.518135,-0.767684
0.518817,-0.76728
0.519499,-0.766875
0.520181,-0.766471
0.520863,-0.766066
0.521545,-0.765662
0.522226,-0.765257
0.522908,-0.764853
0.52359,-0.764448
0.524272,-0.764044
0.524954,-0.763639
0.525636,-0.763235
0.526317,-0.76283
0.526999,-0.762426
0.527681,-0.762021
0.528363,-0.761617
0.529045,-0.761213
0.529727,-0.760808
0.530408,-0.760404
0.53109,-0.759999
0.531772,-0.759595
0.532454,-0.75919
0.533136,-0.758786
0.533818,-0.758381
0.534499,-0.757977
0.535181,-0.757572
0.535863,-0.757168
0.536545,-0.756763
0.537227,-0.756359
0.537909,-0.755955
0.53859,-0.75555
0.539272,-0.755146
0.539954,-0.754741
0.540636,-0.754337
0.541318,-0.753932
0.542,-0.753528
0.542681,-0.753123
0.543363,-0.752719
0.544045,-0.752314
0.544727,-0.75191
0.545409,-0.751505
0.546091,-0.751101
0.546772,-0.750696
0.547454,-0.750292
0.548136,-0.749888
0.548818,-0.749483
0.5495,-0.749079
0.550182,-0.748674
0.550863,-0.74827
0.551545,-0.747865
0.552227,-0.747461
0.552909,-0.747056
0.553591,-0.746652
0.554273,-0.746247
0.554954,-0.745843
0.555636,-0.745438
0.556318,-0.745034
0.557,-0.74463
0.557682,-0.744225
0.558364,-0.743821
0.559045,-0.743416
0.559727,-0.743012
0.560409,-0.742607
0.561091,-0.742203
0.561773,-0.741798
0.562455,-0.741394
0.563136,-0.740989
0.563818,-0.740585
0.5645,-0.74018
0.565182,-0.739776
0.565864,-0.739372
0.566546,-0.738967
0.567227,-0.738563
0.567909,-0.738158
0.568591,-0.737754
0.569273,-0.737349
0.569955,-0.736945
0.570637,-0.73654
0.571319,-0.736136
0.572,-0.735731
0.572682,-0.735327
0.573364,-0.734922
0.574046,-0.734518
0.574728,-0.734113
0.57541,-0.733709
0.576091,-0.733305
0.576773,-0.7329
0.577455,-0.732496
0.578137,-0.732091
0.578819,-0.731687
0.579501,-0.731282
0.580182,-0.730878
0.580864,-0.730473
0.581546,-0.730069
0.582228,-0.729664
0.58291,-0.72926
0.583592,-0.728855
0.584273,-0.728451
0.584955,-0.728047
0.585637,-0.727642
0.586319,-0.727238
0.587001,-0.726833
0.587683,-0.726429
0.588364,-0.726024
0.589046,-0.72562
0.589728,-0.725215
0.59041,-0.724811
0.591092,-0.724406
0.591774,-0.724002
0.592455,-0.723597
0.593137,-0.723193
0.593819,-0.722789
0.594501,-0.722384
0.593848,-0.721384
0.593194,-0.720385
0.592541,-0.719385
0.591888,-0.718386
0.591234,-0.717386
0.590581,-0.716386
0.589928,-0.715387
0.589274,-0.714387
0.588621,-0.713387
0.587968,-0.712388
0.587314,-0.711388
0.586661,-0.710389
0.586008,-0.709389
0.585354,-0.708389
0.584701,-0.70739
0.584048,-0.70639
0.583394,-0.70539
0.582741,-0.704391
0.582088,-0.703391
0.581434,-0.702392
0.580781,-0.701392
0.580128,-0.700392
0.579474,-0.699393
0.578821,-0.698393
0.578168,-0.697393
0.577514,-0.696394
0.576861,-0.695394
0.576208,-0.694395
0.575554,-0.693395
0.574901,-0.692395
0.574248,-0.691396
0.573594,-0.690396
0.572941,-0.689396
0.572288,-0.688397
0.571634,-0.687397
0.570981,-0.686398
0.570328,-0.685398
0.569674,-0.684398
0.569021,-0.683399
0.568368,-0.682399
0.567714,-0.6814
0.567061,-0.6804
0.566408,-0.6794
0.565755,-0.678401
0.565101,-0.677401
0.564448,-0.676401
0.563795,-0.675402
0.563141,-0.674402
0.562488,-0.673403
0.561835,-0.672403
0.561181,-0.671403
0.560528,-0.670404
0.559875,-0.669404
0.559221,-0.668404
0.558568,-0.667405
0.557915,-0.666405
0.557261,-0.665406
0.556608,-0.664406
0.555955,-0.663406
0.555301,-0.662407
0.554648,-0.661407
0.553995,-0.660407
0.553341,-0.659408
0.552688,-0.658408
0.552035,-0.657409
0.551381,-0.656409
0.550728,-0.655409
0.550075,-0.65441
0.549421,-0.65341
0.548768,-0.65241
0.548115,-0.651411
0.547461,-0.650411
0.546808,-0.649412
0.546155,-0.648412
0.545501,-0.647412
0.544848,-0.646413
0.544195,-0.645413
0.543541,-0.644413
0.542888,-0.643414
0.542235,-0.642414
0.541581,-0.641415
0.540928,-0.640415
0.540275,-0.639415
0.539621,-0.638416
0.538968,-0.637416
0.538315,-0.636416
0.537662,-0.635417
0.537008,-0.634417
0.536355,-0.633418
0.535702,-0.632418
0.535048,-0.631418
0.534395,-0.630419
0.533742,-0.629419
0.533088,-0.628419
0.532435,-0.62742
0.531782,-0.62642
0.531128,-0.625421
0.530475,-0.624421
0.529822,-0.623421
0.529168,-0.622422
0.528515,-0.621422
0.527862,-0.620423
0.527208,-0.619423
0.526555,-0.618423
0.525902,-0.617424
0.525248,-0.616424
0.524595,-0.615424
0.523942,-0.614425
0.523288,-0.613425
0.522635,-0.612426
0.521982,-0.611426
0.521328,-0.610426
0.520675,-0.609427
0.520022,-0.608427
0.519368,-0.607427
0.518715,-0.606428
0.518062,-0.605428
0.517408,-0.604429
0.516755,-0.603429
0.516102,-0.602429
0.515448,-0.60143
0.514795,-0.60043
0.514142,-0.59943
0.513488,-0.598431
0.512835,-0.597431
0.512182,-0.596432
0.511528,-0.595432
0.510875,-0.594432
0.510222,-0.593433
0.509568,-0.592433
0.508915,-0.591433
0.508262,-0.590434
0.507609,-0.589434
0.506955,-0.588435
0.506302,-0.587435
0.505649,-0.586435
0.504995,-0.585436
0.504342,-0.584436
0.503689,-0.583436
0.503035,-0.582437
0.502382,-0.581437
0.501729,-0.580438
0.501075,-0.579438
0.500422,-0.578438
0.499769,-0.577439
0.499115,-0.576439
0.498462,-0.575439
0.497809,-0.57444
0.497155,-0.57344
0.496502,-0.572441
0.496739,-0.571993
0.496975,-0.571545
0.497212,-0.571097
0.497448,-0.570649
0.497685,-0.570201
0.497921,-0.569753
0.498158,-0.569305
0.498394,-0.568857
0.498631,-0.568409
0.498867,-0.567961
0.499104,-0.567513
0.499341,-0.567065
0.499577,-0.566617
0.499814,-0.566169
0.50005,-0.565721
0.500287,-0.565273
0.500523,-0.564825
0.50076,-0.564377
0.500996,-0.563929
0.501233,-0.563481
0.501469,-0.563032
0.501706,-0.562584
0.501943,-0.562136
0.502179,-0.561688
0.502416,-0.56124
0.502652,-0.560792
0.502889,-0.560344
0.503125,-0.559896
0.503362,-0.559448
0.503598,-0.559
0.503835,-0.558552
0.504071,-0.558104
0.504308,-0.557656
0.504545,-0.557208
0.504781,-0.55676
0.505018,-0.556312
0.505254,-0.555864
0.505491,-0.555416
0.505727,-0.554968
0.505964,-0.55452
0.5062,-0.554072
0.506437,-0.553624
0.506673,-0.553176
0.50691,-0.552728
0.507147,-0.55228
0.507383,-0.551832
0.50762,-0.551384
0.507856,-0.550936
0.508093,-0.550488
0.508329,-0.55004
0.508566,-0.549592
0.508802,-0.549144
0.509039,-0.548696
0.509275,-0.548248
0.509512,-0.5478
0.509749,-0.547352
0.509985,-0.546904
0.510222,-0.546456
0.510458,-0.546008
0.510695,-0.54556
0.510931,-0.545112
0.511168,-0.544664
0.511404,-0.544216
0.511641,-0.543768
0.511877,-0.54332
0.512114,-0.542872
0.512351,-0.542424
0.512587,-0.541976
0.512824,-0.541528
0.51306,-0.54108
0.513297,-0.540632
0.513533,-0.540184
0.51377,-0.539736
0.514006,-0.539288
0.514243,-0.53884
0.514479,-0.538392
0.514716,-0.537944
0.514953,-0.537496
0.515189,-0.537048
0.515426,-0.5366
0.515662,-0.536152
0.515899,-0.535704
0.516135,-0.535256
0.516372,-0.534808
0.516608,-0.53436
0.516845,-0.533912
0.517081,-0.533464
0.517318,-0.533016
0.517555,-0.532568
0.517791,-0.53212
0.518028,-0.531672
0.518264,-0.531224
0.518501,-0.530776
0.518737,-0.530328
0.518974,-0.52988
0.51921,-0.529432
0.519447,-0.528984
0.519683,-0.528536
0.51992,-0.528088
0.520157,-0.52764
0.520393,-0.527192
0.52063,-0.526744
0.520866,-0.526296
0.521103,-0.525848
0.521339,-0.5254
0.521576,-0.524952
0.521812,-0.524504
0.522049,-0.524056
0.522285,-0.523608
0.522522,-0.52316
0.522759,-0.522712
0.522995,-0.522264
0.523232,-0.521816
0.523468,-0.521368
0.523705,-0.52092
0.523941,-0.520472
0.524178,-0.520024
0.524414,-0.519576
0.524651,-0.519128
0.524887,-0.51868
0.525124,-0.518232
0.525361,-0.517784
0.525597,-0.517336
0.525834,-0.516888
0.52607,-0.51644
0.526307,-0.515992
0.526543,-0.515544
0.52678,-0.515096
0.527016,-0.514648
0.527253,-0.5142
0.527489,-0.513752
0.527726,-0.513304
0.527963,-0.512856
0.528199,-0.512408
0.528436,-0.51196
0.528672,-0.511512
0.528909,-0.511064
0.529145,-0.510616
0.529382,-0.510168
0.529618,-0.50972
0.529855,-0.509272
0.530091,-0.508824
0.530328,-0.508376
0.530565,-0.507928
0.530801,-0.50748
0.531038,-0.507032
0.531274,-0.506584
0.531511,-0.506136
0.531747,-0.505688
