O
20
1,0,-1,0.78,-0.5,0.75,0.0,0.0,0.0,0.3,0.4,0.02,0,0.8,False
2,0,-1,1.1,-0.5,0.93,0.0,0.0,0.0,0.02,0.4,0.2,0,0.8,False
3,0,-1,0.78,-0.5,1.11,0.0,0.0,0.0,0.3,0.4,0.02,0,0.8,False
4,0,-1,0.8,-0.92,0.93,0.0,0.0,0.0,0.32,0.02,0.2,0,0.8,False
5,0,-1,0.8,-0.08,0.93,0.0,0.0,0.0,0.32,0.02,0.2,0,0.8,False
6,2,0,0.7973228415890976,-0.7709527630593644,0.8450000000000001,0.0,0.0,4.620414901241611,0.036710670808013574,0.036710670808013574,0.15,0.12792070624841656,1.069563186313227,False
7,2,0,0.8321223643899394,-0.45278640247034996,0.8561832312038187,0.0,0.0,2.24520784410736,0.06353675423020749,0.06353675423020749,0.1723664624076373,0.2706281470228458,0.8985702020411969,False
8,0,0,0.9784216754915451,-0.27253684122505806,0.8867691120164305,0.0,0.0,5.513628439530742,0.03506172887764443,0.043003967945598534,0.11676911201643053,0.07465652949420304,0.9300253379743886,False
9,0,0,0.7238810145632172,-0.2144109985323146,0.86,0.0,0.0,2.4340276630776323,0.0348941322757289,0.03,0.09,0.26784270480644073,1.1414376004423379,False
10,0,0,0.6944727566500004,-0.628753019415222,0.8890193810062803,0.0,0.0,3.2006027485509225,0.05458038722760188,0.03,0.11901938100628028,0.17363903421499022,1.0974495086128713,False
11,2,1,0.6423609526751587,-0.7707165456262329,0.8450000000000001,0.0,0.0,3.2427129757227022,0.03,0.03,0.15,0.3612345354593421,1.1574520483220212,True
12,0,1,0.9654386588642148,-0.7173343214047876,0.86,0.0,0.0,2.8072846851384536,0.03,0.03763990575412645,0.09,0.4058372758380692,1.1584565457540261,True
13,2,1,0.6898844441708467,-0.3638841331701892,0.8450000000000001,0.0,0.0,4.524924520535224,0.032817197206036285,0.032817197206036285,0.15,0.3445955695277638,0.8973548773970926,True
14,2,1,0.6267888247576797,-0.49407290073153604,0.8450000000000001,0.0,0.0,1.9060617401862614,0.03,0.03,0.15,0.2219686794732894,1.1161139535050295,True
15,2,1,0.5322950106927921,-0.4767255175447446,0.8450000000000001,0.0,0.0,6.170114392068223,0.03,0.03,0.15,0.1434041438794179,1.1606635136794248,True
16,0,1,0.9546566088353944,-0.8187521830957252,0.8681251703410496,0.0,0.0,5.76818127452809,0.038613608180314694,0.03,0.09812517034104958,0.18078941500494805,1.0036684437177958,True
17,2,1,0.5205808543102036,-0.1858283149017993,0.8450000000000001,0.0,0.0,5.691121483508454,0.03,0.03,0.15,0.16865065727993556,0.9981556442292447,True
18,2,1,0.5100561704187128,-0.7107781232969363,0.8450000000000001,0.0,0.0,2.809533477287169,0.03,0.03,0.15,0.4252591261901272,0.8764209298610952,True
19,2,1,0.5789382490267718,-0.6066577786954948,0.8699559532810225,0.0,0.0,5.395391109719495,0.03,0.03,0.19991190656204494,0.16367201425413175,1.1637570930891556,True
20,2,1,0.5858699968924849,-0.3752848856424691,0.8450000000000001,0.0,0.0,3.3061627610255395,0.04521231614610327,0.04521231614610327,0.15,0.37553565194227556,0.9258849050149505,True
R
0.0,0.0,0.0,0.0,0.0,0.0,1.0
S
8
torso_lift_joint,0
r_shoulder_pan_joint,-1.69017
r_shoulder_lift_joint,-0.0788625
r_upper_arm_roll_joint,-1.69017
r_elbow_flex_joint,-1.2717
r_forearm_roll_joint,-0.151824
r_wrist_flex_joint,-1.25254
r_wrist_roll_joint,0.675062
G
0.595066,-0.634626,0.889019,0.0590101,-0,0
ooi
10
A
599
0.310248,-0.673113
0.310696,-0.672847
0.311144,-0.672582
0.311591,-0.672316
0.312039,-0.67205
0.312487,-0.671784
0.312934,-0.671519
0.313382,-0.671253
0.31383,-0.670987
0.314278,-0.670721
0.314725,-0.670456
0.315173,-0.67019
0.315621,-0.669924
0.316069,-0.669659
0.316516,-0.669393
0.316964,-0.669127
0.317412,-0.668861
0.317859,-0.668596
0.318307,-0.66833
0.318755,-0.668064
0.319203,-0.667798
0.31965,-0.667533
0.320098,-0.667267
0.320546,-0.667001
0.320993,-0.666736
0.321441,-0.66647
0.321889,-0.666204
0.322337,-0.665938
0.322784,-0.665673
0.323232,-0.665407
0.32368,-0.665141
0.324127,-0.664875
0.324575,-0.66461
0.325023,-0.664344
0.325471,-0.664078
0.325918,-0.663812
0.326366,-0.663547
0.326814,-0.663281
0.327261,-0.663015
0.327709,-0.66275
0.328157,-0.662484
0.328605,-0.662218
0.329052,-0.661952
0.3295,-0.661687
0.329948,-0.661421
0.330395,-0.661155
0.330843,-0.660889
0.331291,-0.660624
0.331739,-0.660358
0.332186,-0.660092
0.332634,-0.659826
0.333082,-0.659561
0.33353,-0.659295
0.333977,-0.659029
0.334425,-0.658764
0.334873,-0.658498
0.33532,-0.658232
0.335768,-0.657966
0.336216,-0.657701
0.336664,-0.657435
0.337111,-0.657169
0.337559,-0.656903
0.338007,-0.656638
0.338454,-0.656372
0.338902,-0.656106
0.33935,-0.65584
0.339798,-0.655575
0.340245,-0.655309
0.340693,-0.655043
0.341141,-0.654778
0.341588,-0.654512
0.342036,-0.654246
0.342484,-0.65398
0.342932,-0.653715
0.343379,-0.653449
0.343827,-0.653183
0.344275,-0.652917
0.344722,-0.652652
0.34517,-0.652386
0.345618,-0.65212
0.346066,-0.651855
0.346513,-0.651589
0.346961,-0.651323
0.347409,-0.651057
0.347856,-0.650792
0.348304,-0.650526
0.348752,-0.65026
0.3492,-0.649994
0.349647,-0.649729
0.350095,-0.649463
0.350543,-0.649197
0.350991,-0.648931
0.351438,-0.648666
0.351886,-0.6484
0.352334,-0.648134
0.352781,-0.647869
0.353229,-0.647603
0.353677,-0.647337
0.354125,-0.647071
0.354572,-0.646806
0.35502,-0.64654
0.355468,-0.646274
0.355915,-0.646008
0.356363,-0.645743
0.356811,-0.645477
0.357259,-0.645211
0.357706,-0.644945
0.358154,-0.64468
0.358602,-0.644414
0.359049,-0.644148
0.359497,-0.643883
0.359945,-0.643617
0.360393,-0.643351
0.36084,-0.643085
0.361288,-0.64282
0.361736,-0.642554
0.362183,-0.642288
0.362631,-0.642022
0.363079,-0.641757
0.363527,-0.641491
0.363974,-0.641225
0.364422,-0.64096
0.36487,-0.640694
0.365317,-0.640428
0.365765,-0.640162
0.366213,-0.639897
0.366661,-0.639631
0.367108,-0.639365
0.367556,-0.639099
0.368004,-0.638834
0.368452,-0.638568
0.368899,-0.638302
0.369347,-0.638036
0.369795,-0.637771
0.370242,-0.637505
0.37069,-0.637239
0.371138,-0.636974
0.371586,-0.636708
0.372033,-0.636442
0.372481,-0.636176
0.372929,-0.635911
0.373376,-0.635645
0.373824,-0.635379
0.374272,-0.635113
0.37472,-0.634848
0.375167,-0.634582
0.375615,-0.634316
0.376063,-0.63405
0.37651,-0.633785
0.376958,-0.633519
0.377406,-0.633253
0.377982,-0.633596
0.378558,-0.633938
0.379134,-0.63428
0.37971,-0.634623
0.380286,-0.634965
0.380861,-0.635307
0.381437,-0.63565
0.382013,-0.635992
0.382589,-0.636334
0.383165,-0.636676
0.383741,-0.637019
0.384317,-0.637361
0.384893,-0.637703
0.385469,-0.638046
0.386045,-0.638388
0.386621,-0.63873
0.387197,-0.639073
0.387773,-0.639415
0.388349,-0.639757
0.388925,-0.6401
0.3895,-0.640442
0.390076,-0.640784
0.390652,-0.641127
0.391228,-0.641469
0.391804,-0.641811
0.39238,-0.642154
0.392956,-0.642496
0.393532,-0.642838
0.394108,-0.643181
0.394684,-0.643523
0.39526,-0.643865
0.395836,-0.644208
0.396412,-0.64455
0.396988,-0.644892
0.397564,-0.645235
0.398139,-0.645577
0.398715,-0.645919
0.399291,-0.646261
0.399867,-0.646604
0.400443,-0.646946
0.401019,-0.647288
0.401595,-0.647631
0.402171,-0.647973
0.402747,-0.648315
0.403323,-0.648658
0.403899,-0.649
0.404475,-0.649342
0.405051,-0.649685
0.405627,-0.650027
0.406203,-0.650369
0.406778,-0.650712
0.407354,-0.651054
0.40793,-0.651396
0.408506,-0.651739
0.409082,-0.652081
0.409658,-0.652423
0.410234,-0.652766
0.41081,-0.653108
0.411386,-0.65345
0.411962,-0.653793
0.412538,-0.654135
0.413114,-0.654477
0.41369,-0.65482
0.414266,-0.655162
0.414842,-0.655504
0.415417,-0.655846
0.415993,-0.656189
0.416569,-0.656531
0.417145,-0.656873
0.417721,-0.657216
0.418297,-0.657558
0.418873,-0.6579
0.419449,-0.658243
0.420025,-0.658585
0.420601,-0.658927
0.421177,-0.65927
0.421753,-0.659612
0.422329,-0.659954
0.422905,-0.660297
0.423481,-0.660639
0.424056,-0.660981
0.424632,-0.661324
0.425208,-0.661666
0.425784,-0.662008
0.42636,-0.662351
0.426936,-0.662693
0.427512,-0.663035
0.428088,-0.663378
0.428664,-0.66372
0.42924,-0.664062
0.429816,-0.664405
0.430392,-0.664747
0.430968,-0.665089
0.431544,-0.665432
0.43212,-0.665774
0.432695,-0.666116
0.433271,-0.666458
0.433847,-0.666801
0.434423,-0.667143
0.434999,-0.667485
0.435575,-0.667828
0.436151,-0.66817
0.436727,-0.668512
0.437303,-0.668855
0.437879,-0.669197
0.438455,-0.669539
0.439031,-0.669882
0.439607,-0.670224
0.440183,-0.670566
0.440759,-0.670909
0.441334,-0.671251
0.44191,-0.671593
0.442486,-0.671936
0.443062,-0.672278
0.443638,-0.67262
0.444214,-0.672963
0.44479,-0.673305
0.445366,-0.673647
0.445942,-0.67399
0.446518,-0.674332
0.447094,-0.674674
0.44767,-0.675017
0.448246,-0.675359
0.448822,-0.675701
0.449398,-0.676043
0.449973,-0.676386
0.450549,-0.676728
0.451125,-0.67707
0.451701,-0.677413
0.452277,-0.677755
0.452853,-0.678097
0.453429,-0.67844
0.454005,-0.678782
0.454581,-0.679124
0.455157,-0.679467
0.455733,-0.679809
0.456309,-0.680151
0.456885,-0.680494
0.457461,-0.680836
0.458037,-0.681178
0.458612,-0.681521
0.459188,-0.681863
0.459764,-0.682205
0.46034,-0.682548
0.460916,-0.68289
0.461492,-0.683232
0.462068,-0.683575
0.462644,-0.683917
0.46322,-0.684259
0.463446,-0.684683
0.463672,-0.685107
0.463897,-0.685531
0.464123,-0.685955
0.464349,-0.686379
0.464575,-0.686803
0.464801,-0.687227
0.465027,-0.687651
0.465252,-0.688075
0.465478,-0.688499
0.465704,-0.688923
0.46593,-0.689347
0.466156,-0.689772
0.466382,-0.690196
0.466607,-0.69062
0.466833,-0.691044
0.467059,-0.691468
0.467285,-0.691892
0.467511,-0.692316
0.467737,-0.69274
0.467962,-0.693164
0.468188,-0.693588
0.468414,-0.694012
0.46864,-0.694436
0.468866,-0.69486
0.469092,-0.695284
0.469317,-0.695708
0.469543,-0.696132
0.469769,-0.696556
0.469995,-0.69698
0.470221,-0.697404
0.470447,-0.697828
0.470672,-0.698252
0.470898,-0.698676
0.471124,-0.6991
0.47135,-0.699524
0.471576,-0.699948
0.471801,-0.700372
0.472027,-0.700796
0.472253,-0.70122
0.472479,-0.701644
0.472705,-0.702068
0.472931,-0.702492
0.473156,-0.702916
0.473382,-0.70334
0.473608,-0.703764
0.473834,-0.704188
0.47406,-0.704612
0.474286,-0.705036
0.474511,-0.70546
0.474737,-0.705884
0.474963,-0.706308
0.475189,-0.706732
0.475415,-0.707157
0.475641,-0.707581
0.475866,-0.708005
0.476092,-0.708429
0.476318,-0.708853
0.476544,-0.709277
0.47677,-0.709701
0.476996,-0.710125
0.477221,-0.710549
0.477447,-0.710973
0.477673,-0.711397
0.477899,-0.711821
0.478125,-0.712245
0.478351,-0.712669
0.478576,-0.713093
0.478802,-0.713517
0.479028,-0.713941
0.479254,-0.714365
0.47948,-0.714789
0.479706,-0.715213
0.479931,-0.715637
0.480157,-0.716061
0.480383,-0.716485
0.480609,-0.716909
0.480835,-0.717333
0.481061,-0.717757
0.481286,-0.718181
0.481512,-0.718605
0.481738,-0.719029
0.481964,-0.719453
0.48219,-0.719877
0.482416,-0.720301
0.482641,-0.720725
0.482867,-0.721149
0.483093,-0.721573
0.483319,-0.721997
0.483545,-0.722421
0.483771,-0.722845
0.483996,-0.723269
0.484222,-0.723693
0.484448,-0.724117
0.484674,-0.724542
0.4849,-0.724966
0.485126,-0.72539
0.485351,-0.725814
0.485577,-0.726238
0.485803,-0.726662
0.486029,-0.727086
0.486255,-0.72751
0.48648,-0.727934
0.486706,-0.728358
0.486932,-0.728782
0.487158,-0.729206
0.487384,-0.72963
0.48761,-0.730054
0.487835,-0.730478
0.488061,-0.730902
0.488287,-0.731326
0.488513,-0.73175
0.488739,-0.732174
0.488965,-0.732598
0.48919,-0.733022
0.489416,-0.733446
0.489642,-0.73387
0.489868,-0.734294
0.490094,-0.734718
0.49032,-0.735142
0.490545,-0.735566
0.490771,-0.73599
0.490997,-0.736414
0.491223,-0.736838
0.491449,-0.737262
0.491675,-0.737686
0.4919,-0.73811
0.492126,-0.738534
0.492352,-0.738958
0.492578,-0.739382
0.492804,-0.739806
0.49303,-0.74023
0.493255,-0.740654
0.493481,-0.741078
0.493707,-0.741503
0.493933,-0.741927
0.494159,-0.742351
0.494385,-0.742775
0.49461,-0.743199
0.494836,-0.743623
0.495062,-0.744047
0.495288,-0.744471
0.495514,-0.744895
0.49574,-0.745319
0.495965,-0.745743
0.496191,-0.746167
0.496417,-0.746591
0.496643,-0.747015
0.496869,-0.747439
0.497095,-0.747863
0.497752,-0.747103
0.49841,-0.746343
0.499067,-0.745583
0.499725,-0.744823
0.500382,-0.744063
0.50104,-0.743303
0.501697,-0.742543
0.502355,-0.741783
0.503012,-0.741023
0.50367,-0.740263
0.504327,-0.739503
0.504985,-0.738743
0.505642,-0.737983
0.5063,-0.737223
0.506957,-0.736463
0.507615,-0.735703
0.508272,-0.734943
0.50893,-0.734183
0.509587,-0.733423
0.510245,-0.732663
0.510903,-0.731903
0.51156,-0.731143
0.512218,-0.730383
0.512875,-0.729623
0.513533,-0.728863
0.51419,-0.728103
0.514848,-0.727343
0.515505,-0.726583
0.516163,-0.725823
0.51682,-0.725063
0.517478,-0.724303
0.518135,-0.723544
0.518793,-0.722784
0.51945,-0.722024
0.520108,-0.721264
0.520765,-0.720504
0.521423,-0.719744
0.52208,-0.718984
0.522738,-0.718224
0.523396,-0.717464
0.524053,-0.716704
0.524711,-0.715944
0.525368,-0.715184
0.526026,-0.714424
0.526683,-0.713664
0.527341,-0.712904
0.527998,-0.712144
0.528656,-0.711384
0.529313,-0.710624
0.529971,-0.709864
0.530628,-0.709104
0.531286,-0.708344
0.531943,-0.707584
0.532601,-0.706824
0.533258,-0.706064
0.533916,-0.705304
0.534573,-0.704544
0.535231,-0.703784
0.535888,-0.703024
0.536546,-0.702264
0.537204,-0.701504
0.537861,-0.700744
0.538519,-0.699984
0.539176,-0.699224
0.539834,-0.698464
0.540491,-0.697704
0.541149,-0.696944
0.541806,-0.696184
0.542464,-0.695424
0.543121,-0.694664
0.543779,-0.693904
0.544436,-0.693144
0.545094,-0.692384
0.545751,-0.691624
0.546409,-0.690864
0.547066,-0.690104
0.547724,-0.689344
0.548381,-0.688584
0.549039,-0.687824
0.549696,-0.687064
0.550354,-0.686304
0.551012,-0.685545
0.551669,-0.684785
0.552327,-0.684025
0.552984,-0.683265
0.553642,-0.682505
0.554299,-0.681745
0.554957,-0.680985
0.555614,-0.680225
0.556272,-0.679465
0.556929,-0.678705
0.557587,-0.677945
0.558244,-0.677185
0.558902,-0.676425
0.559559,-0.675665
0.560217,-0.674905
0.560874,-0.674145
0.561532,-0.673385
0.562189,-0.672625
0.562847,-0.671865
0.563505,-0.671105
0.564162,-0.670345
0.56482,-0.669585
0.565477,-0.668825
0.566135,-0.668065
0.566792,-0.667305
0.56745,-0.666545
0.568107,-0.665785
0.568765,-0.665025
0.569422,-0.664265
0.57008,-0.663505
0.570737,-0.662745
0.571395,-0.661985
0.572052,-0.661225
0.57271,-0.660465
0.573367,-0.659705
0.574025,-0.658945
0.574682,-0.658185
0.57534,-0.657425
0.575997,-0.656665
0.576655,-0.655905
0.577313,-0.655145
0.57797,-0.654385
0.578628,-0.653625
0.579285,-0.652865
0.579943,-0.652105
0.5806,-0.651345
0.581258,-0.650585
0.581915,-0.649825
0.582573,-0.649065
0.58323,-0.648305
0.583888,-0.647546
0.584545,-0.646786
0.585203,-0.646026
0.58586,-0.645266
0.586518,-0.644506
0.587175,-0.643746
0.587833,-0.642986
0.58849,-0.642226
0.589148,-0.641466
0.589806,-0.640706
0.590463,-0.639946
0.591121,-0.639186
0.591778,-0.638426
0.592436,-0.637666
0.593093,-0.636906
0.593751,-0.636146
0.594408,-0.635386
0.595066,-0.634626
