O
20
1,0,-1,0.78,-0.5,0.75,0.0,0.0,0.0,0.3,0.4,0.02,0,0.8,False
2,0,-1,1.1,-0.5,0.93,0.0,0.0,0.0,0.02,0.4,0.2,0,0.8,False
3,0,-1,0.78,-0.5,1.11,0.0,0.0,0.0,0.3,0.4,0.02,0,0.8,False
4,0,-1,0.8,-0.92,0.93,0.0,0.0,0.0,0.32,0.02,0.2,0,0.8,False
5,0,-1,0.8,-0.08,0.93,0.0,0.0,0.0,0.32,0.02,0.2,0,0.8,False
6,2,0,0.6243069580888776,-0.2107711928236018,0.8450000000000001,0.0,0.0,3.9309454723117043,0.037201285807939535,0.037201285807939535,0.15,0.4320467082321134,0.871122918425187,False
7,2,0,0.9789833266242174,-0.5213993932994958,0.8450000000000001,0.0,0.0,5.394924107974494,0.04707055213574843,0.04707055213574843,0.15,0.18853840365504987,0.9120452051141956,False
8,2,0,0.5786105072456094,-0.34997821885772085,0.8647861809307353,0.0,0.0,2.5741928304617754,0.03854414517615123,0.03854414517615123,0.18957236186147053,0.08175788535114126,0.870007091557804,False
9,0,0,0.5639585359600905,-0.6334159523101157,0.86,0.0,0.0,1.4712477424366026,0.03,0.03,0.09,0.09154419341492198,1.0414411054728048,False
10,0,0,0.7664236030529489,-0.2792804649034971,0.86,0.0,0.0,2.3867044528237438,0.04170117240472232,0.03246106287551536,0.09,0.2655165527934673,1.0726614366941676,False
11,0,1,0.6431575608762309,-0.6285581471640211,0.86,0.0,0.0,1.3616605112074673,0.03,0.03,0.09,0.15916661204063287,0.8578492653003229,True
12,2,1,1.0042092040222197,-0.3282044567630301,0.8618597312812114,0.0,0.0,2.5419459490584035,0.038513948689066886,0.038513948689066886,0.18371946256242264,0.005419293244360468,1.0336157403886803,True
13,2,1,0.8655545444039446,-0.3414780712108455,0.8487752239987341,0.0,0.0,4.819330003850701,0.03,0.03,0.15755044799746806,0.48713507740921747,1.1984474433540748,True
14,0,1,0.7867053751804043,-0.7130386116423282,0.86,0.0,0.0,4.386288838895162,0.07253596372341421,0.04013857535742444,0.09,0.33812735306314584,1.0144250398275931,True
15,2,1,0.6358045184103029,-0.735340112567584,0.850086574096857,0.0,0.0,5.362885513428982,0.03,0.03,0.16017314819371392,0.27165426693412875,1.0518729482467286,True
16,0,1,0.9362674228452148,-0.17195335916288812,0.86,0.0,0.0,0.3565507863368697,0.03,0.04071329662866474,0.09,0.19318061416487664,1.061688739373678,True
17,0,1,0.8124925460358281,-0.4517702187156329,0.86,0.0,0.0,2.831701861788397,0.05712533388949248,0.03,0.09,0.048770143435727054,0.8907226385662705,True
18,0,1,0.9629551960596023,-0.7006638583557563,0.86,0.0,0.0,2.590663408495055,0.04307153883809927,0.03,0.09,0.06077642391932481,1.140667658807979,True
19,0,1,0.5708364043545499,-0.5340269251395973,0.8816102097329915,0.0,0.0,4.6015370699293285,0.03,0.043934107463898815,0.11161020973299152,0.08326889519656033,0.9171616760592312,True
20,2,1,0.7692429681280332,-0.5627937251681658,0.8450000000000001,0.0,0.0,3.08267347930726,0.03,0.03,0.15,0.2627659026835126,0.8594143913530672,True
R
0.0,0.0,0.0,0.0,0.0,0.0,1.0
S
8
torso_lift_joint,0
r_shoulder_pan_joint,-1.69017
r_shoulder_lift_joint,-0.0788625
r_upper_arm_roll_joint,-1.69017
r_elbow_flex_joint,-1.2717
r_forearm_roll_joint,-0.151824
r_wrist_flex_joint,-1.25254
r_wrist_roll_joint,0.675062
G
0.50747,-0.393781,0.864786,0.551903,-0,0
ooi
8
A
599
0.310248,-0.673113
0.309803,-0.673766
0.309358,-0.67442
0.308913,-0.675073
0.308468,-0.675726
0.308023,-0.676379
0.307578,-0.677033
0.307133,-0.677686
0.306688,-0.678339
0.306243,-0.678993
0.305798,-0.679646
0.305353,-0.680299
0.304908,-0.680952
0.304463,-0.681606
0.304018,-0.682259
0.303573,-0.682912
0.303128,-0.683565
0.302683,-0.684219
0.302238,-0.684872
0.301793,-0.685525
0.301348,-0.686179
0.300903,-0.686832
0.300458,-0.687485
0.300013,-0.688138
0.299568,-0.688792
0.299123,-0.689445
0.298678,-0.690098
0.298233,-0.690752
0.297788,-0.691405
0.297343,-0.692058
0.296898,-0.692711
0.296453,-0.693365
0.296008,-0.694018
0.295563,-0.694671
0.295118,-0.695324
0.294673,-0.695978
0.294228,-0.696631
0.293783,-0.697284
0.293338,-0.697938
0.292893,-0.698591
0.292448,-0.699244
0.292003,-0.699897
0.291558,-0.700551
0.291113,-0.701204
0.290668,-0.701857
0.290223,-0.702511
0.289778,-0.703164
0.289333,-0.703817
0.288888,-0.70447
0.288443,-0.705124
0.287998,-0.705777
0.287553,-0.70643
0.287108,-0.707083
0.286663,-0.707737
0.286218,-0.70839
0.285773,-0.709043
0.285328,-0.709697
0.284883,-0.71035
0.284438,-0.711003
0.283993,-0.711656
0.283548,-0.71231
0.283103,-0.712963
0.282658,-0.713616
0.282213,-0.714269
0.281768,-0.714923
0.281323,-0.715576
0.280878,-0.716229
0.280433,-0.716883
0.279988,-0.717536
0.279543,-0.718189
0.279098,-0.718842
0.278653,-0.719496
0.278208,-0.720149
0.277763,-0.720802
0.277318,-0.721456
0.276873,-0.722109
0.276428,-0.722762
0.275983,-0.723415
0.275538,-0.724069
0.275093,-0.724722
0.274648,-0.725375
0.274203,-0.726028
0.273758,-0.726682
0.273313,-0.727335
0.272868,-0.727988
0.272423,-0.728642
0.271978,-0.729295
0.271533,-0.729948
0.271088,-0.730601
0.270643,-0.731255
0.270198,-0.731908
0.269753,-0.732561
0.269308,-0.733215
0.268863,-0.733868
0.268418,-0.734521
0.267973,-0.735174
0.267528,-0.735828
0.267083,-0.736481
0.266638,-0.737134
0.266193,-0.737787
0.265748,-0.738441
0.265303,-0.739094
0.264858,-0.739747
0.264413,-0.740401
0.263968,-0.741054
0.263523,-0.741707
0.263078,-0.74236
0.262633,-0.743014
0.262188,-0.743667
0.261743,-0.74432
0.261298,-0.744973
0.260853,-0.745627
0.260408,-0.74628
0.259963,-0.746933
0.259518,-0.747587
0.259073,-0.74824
0.258628,-0.748893
0.258183,-0.749546
0.257738,-0.7502
0.257293,-0.750853
0.256848,-0.751506
0.256403,-0.75216
0.255958,-0.752813
0.255513,-0.753466
0.255068,-0.754119
0.254624,-0.754773
0.254179,-0.755426
0.253734,-0.756079
0.253289,-0.756732
0.252844,-0.757386
0.252399,-0.758039
0.251954,-0.758692
0.251509,-0.759346
0.251064,-0.759999
0.250619,-0.760652
0.250174,-0.761305
0.249729,-0.761959
0.249284,-0.762612
0.248839,-0.763265
0.248394,-0.763919
0.247949,-0.764572
0.247504,-0.765225
0.247059,-0.765878
0.246614,-0.766532
0.246169,-0.767185
0.245724,-0.767838
0.245279,-0.768491
0.244834,-0.769145
0.244389,-0.769798
0.243944,-0.770451
0.243499,-0.771105
0.244169,-0.771281
0.244839,-0.771457
0.245509,-0.771634
0.246179,-0.77181
0.246849,-0.771987
0.247519,-0.772163
0.248189,-0.77234
0.24886,-0.772516
0.24953,-0.772693
0.2502,-0.772869
0.25087,-0.773045
0.25154,-0.773222
0.25221,-0.773398
0.25288,-0.773575
0.25355,-0.773751
0.254221,-0.773928
0.254891,-0.774104
0.255561,-0.774281
0.256231,-0.774457
0.256901,-0.774633
0.257571,-0.77481
0.258241,-0.774986
0.258911,-0.775163
0.259581,-0.775339
0.260252,-0.775516
0.260922,-0.775692
0.261592,-0.775869
0.262262,-0.776045
0.262932,-0.776221
0.263602,-0.776398
0.264272,-0.776574
0.264942,-0.776751
0.265613,-0.776927
0.266283,-0.777104
0.266953,-0.77728
0.267623,-0.777456
0.268293,-0.777633
0.268963,-0.777809
0.269633,-0.777986
0.270303,-0.778162
0.270974,-0.778339
0.271644,-0.778515
0.272314,-0.778692
0.272984,-0.778868
0.273654,-0.779044
0.274324,-0.779221
0.274994,-0.779397
0.275664,-0.779574
0.276335,-0.77975
0.277005,-0.779927
0.277675,-0.780103
0.278345,-0.78028
0.279015,-0.780456
0.279685,-0.780632
0.280355,-0.780809
0.281025,-0.780985
0.281695,-0.781162
0.282366,-0.781338
0.283036,-0.781515
0.283706,-0.781691
0.284376,-0.781868
0.285046,-0.782044
0.285716,-0.78222
0.286386,-0.782397
0.287056,-0.782573
0.287727,-0.78275
0.288397,-0.782926
0.289067,-0.783103
0.289737,-0.783279
0.290407,-0.783456
0.291077,-0.783632
0.291747,-0.783808
0.292417,-0.783985
0.293088,-0.784161
0.293758,-0.784338
0.294428,-0.784514
0.295098,-0.784691
0.295768,-0.784867
0.296438,-0.785044
0.297108,-0.78522
0.297778,-0.785396
0.298448,-0.785573
0.299119,-0.785749
0.299789,-0.785926
0.300459,-0.786102
0.301129,-0.786279
0.301799,-0.786455
0.302469,-0.786632
0.303139,-0.786808
0.303809,-0.786984
0.30448,-0.787161
0.30515,-0.787337
0.30582,-0.787514
0.30649,-0.78769
0.30716,-0.787867
0.30783,-0.788043
0.3085,-0.78822
0.30917,-0.788396
0.309841,-0.788572
0.310511,-0.788749
0.311181,-0.788925
0.311851,-0.789102
0.312521,-0.789278
0.313191,-0.789455
0.313861,-0.789631
0.314531,-0.789808
0.315202,-0.789984
0.315872,-0.79016
0.316542,-0.790337
0.317212,-0.790513
0.317882,-0.79069
0.318552,-0.790866
0.319222,-0.791043
0.319892,-0.791219
0.320562,-0.791396
0.321233,-0.791572
0.321903,-0.791748
0.322573,-0.791925
0.323243,-0.792101
0.323913,-0.792278
0.324583,-0.792454
0.325253,-0.792631
0.325923,-0.792807
0.326594,-0.792983
0.327264,-0.79316
0.327934,-0.793336
0.328604,-0.793513
0.329274,-0.793689
0.329944,-0.793866
0.330614,-0.794042
0.331284,-0.794219
0.331955,-0.794395
0.332625,-0.794571
0.333295,-0.794748
0.333965,-0.794924
0.334635,-0.795101
0.335305,-0.795277
0.335975,-0.795454
0.336645,-0.79563
0.337316,-0.795807
0.337986,-0.795983
0.338656,-0.796159
0.339326,-0.796336
0.339996,-0.796512
0.340666,-0.796689
0.341336,-0.796865
0.342006,-0.797042
0.342676,-0.797218
0.343347,-0.797395
0.343586,-0.795577
0.343825,-0.793759
0.344064,-0.791942
0.344303,-0.790124
0.344542,-0.788307
0.344781,-0.786489
0.345021,-0.784671
0.34526,-0.782854
0.345499,-0.781036
0.345738,-0.779218
0.345977,-0.777401
0.346216,-0.775583
0.346455,-0.773766
0.346695,-0.771948
0.346934,-0.77013
0.347173,-0.768313
0.347412,-0.766495
0.347651,-0.764678
0.34789,-0.76286
0.348129,-0.761042
0.348369,-0.759225
0.348608,-0.757407
0.348847,-0.75559
0.349086,-0.753772
0.349325,-0.751954
0.349564,-0.750137
0.349803,-0.748319
0.350043,-0.746502
0.350282,-0.744684
0.350521,-0.742866
0.35076,-0.741049
0.350999,-0.739231
0.351238,-0.737414
0.351477,-0.735596
0.351717,-0.733778
0.351956,-0.731961
0.352195,-0.730143
0.352434,-0.728325
0.352673,-0.726508
0.352912,-0.72469
0.353151,-0.722873
0.353391,-0.721055
0.35363,-0.719237
0.353869,-0.71742
0.354108,-0.715602
0.354347,-0.713785
0.354586,-0.711967
0.354825,-0.710149
0.355064,-0.708332
0.355304,-0.706514
0.355543,-0.704697
0.355782,-0.702879
0.356021,-0.701061
0.35626,-0.699244
0.356499,-0.697426
0.356738,-0.695609
0.356978,-0.693791
0.357217,-0.691973
0.357456,-0.690156
0.357695,-0.688338
0.357934,-0.68652
0.358173,-0.684703
0.358412,-0.682885
0.358652,-0.681068
0.358891,-0.67925
0.35913,-0.677432
0.359369,-0.675615
0.359608,-0.673797
0.359847,-0.67198
0.360086,-0.670162
0.360326,-0.668344
0.360565,-0.666527
0.360804,-0.664709
0.361043,-0.662892
0.361282,-0.661074
0.361521,-0.659256
0.36176,-0.657439
0.362,-0.655621
0.362239,-0.653804
0.362478,-0.651986
0.362717,-0.650168
0.362956,-0.648351
0.363195,-0.646533
0.363434,-0.644715
0.363674,-0.642898
0.363913,-0.64108
0.364152,-0.639263
0.364391,-0.637445
0.36463,-0.635627
0.364869,-0.63381
0.365108,-0.631992
0.365348,-0.630175
0.365587,-0.628357
0.365826,-0.626539
0.366065,-0.624722
0.366304,-0.622904
0.366543,-0.621087
0.366782,-0.619269
0.367022,-0.617451
0.367261,-0.615634
0.3675,-0.613816
0.367739,-0.611999
0.367978,-0.610181
0.368217,-0.608363
0.368456,-0.606546
0.368695,-0.604728
0.368935,-0.60291
0.369174,-0.601093
0.369413,-0.599275
0.369652,-0.597458
0.369891,-0.59564
0.37013,-0.593822
0.370369,-0.592005
0.370609,-0.590187
0.370848,-0.58837
0.371087,-0.586552
0.371326,-0.584734
0.371565,-0.582917
0.371804,-0.581099
0.372043,-0.579282
0.372283,-0.577464
0.372522,-0.575646
0.372761,-0.573829
0.373,-0.572011
0.373239,-0.570194
0.373478,-0.568376
0.373717,-0.566558
0.373957,-0.564741
0.374196,-0.562923
0.374435,-0.561105
0.374674,-0.559288
0.374913,-0.55747
0.375152,-0.555653
0.375391,-0.553835
0.375631,-0.552017
0.37587,-0.5502
0.376109,-0.548382
0.376348,-0.546565
0.376587,-0.544747
0.376826,-0.542929
0.377065,-0.541112
0.377305,-0.539294
0.377544,-0.537477
0.377783,-0.535659
0.378022,-0.533841
0.378261,-0.532024
0.3785,-0.530206
0.378739,-0.528389
0.378979,-0.526571
0.379218,-0.524753
0.380078,-0.523874
0.380939,-0.522995
0.3818,-0.522116
0.382661,-0.521237
0.383521,-0.520358
0.384382,-0.519479
0.385243,-0.5186
0.386104,-0.517721
0.386964,-0.516842
0.387825,-0.515963
0.388686,-0.515084
0.389547,-0.514205
0.390407,-0.513326
0.391268,-0.512447
0.392129,-0.511568
0.39299,-0.510689
0.393851,-0.50981
0.394711,-0.508931
0.395572,-0.508052
0.396433,-0.507173
0.397294,-0.506294
0.398154,-0.505415
0.399015,-0.504536
0.399876,-0.503657
0.400737,-0.502778
0.401597,-0.501899
0.402458,-0.50102
0.403319,-0.500141
0.40418,-0.499262
0.40504,-0.498383
0.405901,-0.497504
0.406762,-0.496625
0.407623,-0.495746
0.408483,-0.494867
0.409344,-0.493988
0.410205,-0.493109
0.411066,-0.49223
0.411926,-0.491351
0.412787,-0.490472
0.413648,-0.489593
0.414509,-0.488714
0.415369,-0.487835
0.41623,-0.486956
0.417091,-0.486077
0.417952,-0.485198
0.418812,-0.484319
0.419673,-0.48344
0.420534,-0.482561
0.421395,-0.481682
0.422255,-0.480803
0.423116,-0.479924
0.423977,-0.479045
0.424838,-0.478166
0.425698,-0.477287
0.426559,-0.476408
0.42742,-0.475529
0.428281,-0.47465
0.429142,-0.473771
0.430002,-0.472892
0.430863,-0.472013
0.431724,-0.471134
0.432585,-0.470255
0.433445,-0.469376
0.434306,-0.468497
0.435167,-0.467618
0.436028,-0.466739
0.436888,-0.46586
0.437749,-0.464981
0.43861,-0.464102
0.439471,-0.463223
0.440331,-0.462344
0.441192,-0.461465
0.442053,-0.460586
0.442914,-0.459707
0.443774,-0.458828
0.444635,-0.457949
0.445496,-0.45707
0.446357,-0.456191
0.447217,-0.455312
0.448078,-0.454433
0.448939,-0.453554
0.4498,-0.452675
0.45066,-0.451796
0.451521,-0.450917
0.452382,-0.450038
0.453243,-0.449159
0.454103,-0.44828
0.454964,-0.447401
0.455825,-0.446522
0.456686,-0.445643
0.457546,-0.444764
0.458407,-0.443885
0.459268,-0.443006
0.460129,-0.442127
0.460989,-0.441248
0.46185,-0.440369
0.462711,-0.43949
0.463572,-0.438611
0.464432,-0.437732
0.465293,-0.436853
0.466154,-0.435974
0.467015,-0.435095
0.467876,-0.434215
0.468736,-0.433336
0.469597,-0.432457
0.470458,-0.431578
0.471319,-0.430699
0.472179,-0.42982
0.47304,-0.428941
0.473901,-0.428062
0.474762,-0.427183
0.475622,-0.426304
0.476483,-0.425425
0.477344,-0.424546
0.478205,-0.423667
0.479065,-0.422788
0.479926,-0.421909
0.480787,-0.42103
0.481648,-0.420151
0.482508,-0.419272
0.483369,-0.418393
0.48423,-0.417514
0.485091,-0.416635
0.485951,-0.415756
0.486812,-0.414877
0.487673,-0.413998
0.488534,-0.413119
0.489394,-0.41224
0.490255,-0.411361
0.491116,-0.410482
0.491977,-0.409603
0.492837,-0.408724
0.493698,-0.407845
0.494559,-0.406966
0.49542,-0.406087
0.49628,-0.405208
0.497141,-0.404329
0.498002,-0.40345
0.498863,-0.402571
0.499723,-0.401692
0.500584,-0.400813
0.501445,-0.399934
0.502306,-0.399055
0.503167,-0.398176
0.504027,-0.397297
0.504888,-0.396418
0.505749,-0.395539
0.50661,-0.39466
0.50747,-0.393781
