O
20
1,0,-1,0.78,-0.5,0.75,0.0,0.0,0.0,0.3,0.4,0.02,0,0.8,False
2,0,-1,1.1,-0.5,0.93,0.0,0.0,0.0,0.02,0.4,0.2,0,0.8,False
3,0,-1,0.78,-0.5,1.11,0.0,0.0,0.0,0.3,0.4,0.02,0,0.8,False
4,0,-1,0.8,-0.92,0.93,0.0,0.0,0.0,0.32,0.02,0.2,0,0.8,False
5,0,-1,0.8,-0.08,0.93,0.0,0.0,0.0,0.32,0.02,0.2,0,0.8,False
6,2,0,0.5755891460482938,-0.36895696771263997,0.8450000000000001,0.0,0.0,4.587247789417329,0.03,0.03,0.15,0.3854484017420231,1.1983271327962366,False
7,2,0,0.6295105333144565,-0.7754216784515331,0.8638295737689238,0.0,0.0,1.9654322794050998,0.06759101471590713,0.06759101471590713,0.18765914753784751,0.41413531253636204,0.8677641114151173,False
8,0,0,0.9756818504385777,-0.5443302661012006,0.9178725374416596,0.0,0.0,0.5265398746904049,0.047530299886161906,0.07379159856169586,0.14787253744165962,0.4915673797913345,1.002437294406726,False
9,0,0,0.8931370570613777,-0.7838328340284719,0.8921537092109306,0.0,0.0,2.389243997450049,0.03,0.053691219933839206,0.12215370921093059,0.3147934808407454,1.0719955388187041,False
10,0,0,0.8466144207507846,-0.24357050433245253,0.86,0.0,0.0,5.535640446444517,0.06769853120961083,0.06404985592805884,0.09,0.28924208876876284,1.1112488244969256,False
11,2,1,1.0096740491649194,-0.7862715632063306,0.8450000000000001,0.0,0.0,0.49175808073353383,0.03,0.03,0.15,0.13230697728383184,1.123489966360661,True
12,2,1,0.564164286881713,-0.5782604964002966,0.8450000000000001,0.0,0.0,0.25299405083782806,0.053300512750495035,0.053300512750495035,0.15,0.2765402370247468,1.1441451506440636,True
13,0,1,0.7885821233151955,-0.5339090244089659,0.9026119216202166,0.0,0.0,3.7406621048800672,0.06880626793803382,0.03,0.13261192162021665,0.2359049887732214,1.0187783278494669,True
14,0,1,0.5874930233585584,-0.23670110518982745,0.86,0.0,0.0,2.9902985896396093,0.03414510594177656,0.03,0.09,0.17530808860015212,1.0756341058412053,True
15,2,1,0.6909481469994647,-0.22434226498968735,0.8450000000000001,0.0,0.0,1.2218704367179252,0.030187268005407723,0.030187268005407723,0.15,0.46485145036420356,0.8696706651328359,True
16,2,1,0.864166771578132,-0.39430954285549685,0.8450000000000001,0.0,0.0,0.7161228898976956,0.03,0.03,0.15,0.21085700904331717,0.9893478123757744,True
17,0,1,0.8071876181130423,-0.658983323215591,0.8798610730377046,0.0,0.0,2.945540422260192,0.06102718838745211,0.03,0.10986107303770459,0.07619693491204454,0.9751682909174062,True
18,2,1,0.5381477049011307,-0.46106844737619757,0.8450000000000001,0.0,0.0,2.4947378575520767,0.03,0.03,0.15,0.11696880589014597,0.9641957788201742,True
19,0,1,0.9973769175890443,-0.2065604996984669,0.916836696051118,0.0,0.0,1.441092607948766,0.03,0.03,0.1468366960511179,0.4532475369830058,1.0180227435260776,True
20,2,1,0.7858929104028334,-0.7599368004948579,0.8489420842476396,0.0,0.0,4.527016405608808,0.03,0.03,0.15788416849527906,0.22788373430669284,1.1757686297510572,True
R
0.0,0.0,0.0,0.0,0.0,0.0,1.0
S
8
torso_lift_joint,0
r_shoulder_pan_joint,-1.69017
r_shoulder_lift_joint,-0.0788625
r_upper_arm_roll_joint,-1.69017
r_elbow_flex_joint,-1.2717
r_forearm_roll_joint,-0.151824
r_wrist_flex_joint,-1.25254
r_wrist_roll_joint,0.675062
G
0.519634,-0.418897,0.845,0.728654,-0,0
ooi
6
A
599
0.310248,-0.673113
0.310135,-0.67261
0.310021,-0.672107
0.309908,-0.671604
0.309794,-0.671101
0.30968,-0.670598
0.309567,-0.670095
0.309453,-0.669592
0.30934,-0.669089
0.309226,-0.668586
0.309113,-0.668083
0.308999,-0.66758
0.308885,-0.667077
0.308772,-0.666574
0.308658,-0.666072
0.308545,-0.665569
0.308431,-0.665066
0.308318,-0.664563
0.308204,-0.66406
0.308091,-0.663557
0.307977,-0.663054
0.307863,-0.662551
0.30775,-0.662048
0.307636,-0.661545
0.307523,-0.661042
0.307409,-0.660539
0.307296,-0.660036
0.307182,-0.659533
0.307069,-0.65903
0.306955,-0.658527
0.306841,-0.658024
0.306728,-0.657521
0.306614,-0.657018
0.306501,-0.656515
0.306387,-0.656012
0.306274,-0.655509
0.30616,-0.655006
0.306047,-0.654503
0.305933,-0.654
0.305819,-0.653497
0.305706,-0.652994
0.305592,-0.652491
0.305479,-0.651988
0.305365,-0.651485
0.305252,-0.650982
0.305138,-0.650479
0.305025,-0.649976
0.304911,-0.649474
0.304797,-0.648971
0.304684,-0.648468
0.30457,-0.647965
0.304457,-0.647462
0.304343,-0.646959
0.30423,-0.646456
0.304116,-0.645953
0.304003,-0.64545
0.303889,-0.644947
0.303775,-0.644444
0.303662,-0.643941
0.303548,-0.643438
0.303435,-0.642935
0.303321,-0.642432
0.303208,-0.641929
0.303094,-0.641426
0.302981,-0.640923
0.302867,-0.64042
0.302753,-0.639917
0.30264,-0.639414
0.302526,-0.638911
0.302413,-0.638408
0.302299,-0.637905
0.302186,-0.637402
0.302072,-0.636899
0.301958,-0.636396
0.301845,-0.635893
0.301731,-0.63539
0.301618,-0.634887
0.301504,-0.634384
0.301391,-0.633881
0.301277,-0.633378
0.301164,-0.632876
0.30105,-0.632373
0.300936,-0.63187
0.300823,-0.631367
0.300709,-0.630864
0.300596,-0.630361
0.300482,-0.629858
0.300369,-0.629355
0.300255,-0.628852
0.300142,-0.628349
0.300028,-0.627846
0.299914,-0.627343
0.299801,-0.62684
0.299687,-0.626337
0.299574,-0.625834
0.29946,-0.625331
0.299347,-0.624828
0.299233,-0.624325
0.29912,-0.623822
0.299006,-0.623319
0.298892,-0.622816
0.298779,-0.622313
0.298665,-0.62181
0.298552,-0.621307
0.298438,-0.620804
0.298325,-0.620301
0.298211,-0.619798
0.298098,-0.619295
0.297984,-0.618792
0.29787,-0.618289
0.297757,-0.617786
0.297643,-0.617283
0.29753,-0.61678
0.297416,-0.616278
0.297303,-0.615775
0.297189,-0.615272
0.297076,-0.614769
0.296962,-0.614266
0.296848,-0.613763
0.296735,-0.61326
0.296621,-0.612757
0.296508,-0.612254
0.296394,-0.611751
0.296281,-0.611248
0.296167,-0.610745
0.296053,-0.610242
0.29594,-0.609739
0.295826,-0.609236
0.295713,-0.608733
0.295599,-0.60823
0.295486,-0.607727
0.295372,-0.607224
0.295259,-0.606721
0.295145,-0.606218
0.295031,-0.605715
0.294918,-0.605212
0.294804,-0.604709
0.294691,-0.604206
0.294577,-0.603703
0.294464,-0.6032
0.29435,-0.602697
0.294237,-0.602194
0.294123,-0.601691
0.294009,-0.601188
0.293896,-0.600685
0.293782,-0.600183
0.293669,-0.59968
0.293555,-0.599177
0.293442,-0.598674
0.293328,-0.598171
0.293215,-0.597668
0.293304,-0.597763
0.293393,-0.597859
0.293482,-0.597955
0.293572,-0.598051
0.293661,-0.598146
0.29375,-0.598242
0.293839,-0.598338
0.293929,-0.598434
0.294018,-0.598529
0.294107,-0.598625
0.294196,-0.598721
0.294286,-0.598817
0.294375,-0.598913
0.294464,-0.599008
0.294553,-0.599104
0.294643,-0.5992
0.294732,-0.599296
0.294821,-0.599391
0.29491,-0.599487
0.295,-0.599583
0.295089,-0.599679
0.295178,-0.599774
0.295267,-0.59987
0.295357,-0.599966
0.295446,-0.600062
0.295535,-0.600157
0.295624,-0.600253
0.295714,-0.600349
0.295803,-0.600445
0.295892,-0.60054
0.295981,-0.600636
0.296071,-0.600732
0.29616,-0.600828
0.296249,-0.600923
0.296338,-0.601019
0.296428,-0.601115
0.296517,-0.601211
0.296606,-0.601307
0.296695,-0.601402
0.296785,-0.601498
0.296874,-0.601594
0.296963,-0.60169
0.297052,-0.601785
0.297142,-0.601881
0.297231,-0.601977
0.29732,-0.602073
0.297409,-0.602168
0.297499,-0.602264
0.297588,-0.60236
0.297677,-0.602456
0.297767,-0.602551
0.297856,-0.602647
0.297945,-0.602743
0.298034,-0.602839
0.298124,-0.602934
0.298213,-0.60303
0.298302,-0.603126
0.298391,-0.603222
0.298481,-0.603317
0.29857,-0.603413
0.298659,-0.603509
0.298748,-0.603605
0.298838,-0.6037
0.298927,-0.603796
0.299016,-0.603892
0.299105,-0.603988
0.299195,-0.604084
0.299284,-0.604179
0.299373,-0.604275
0.299462,-0.604371
0.299552,-0.604467
0.299641,-0.604562
0.29973,-0.604658
0.299819,-0.604754
0.299909,-0.60485
0.299998,-0.604945
0.300087,-0.605041
0.300176,-0.605137
0.300266,-0.605233
0.300355,-0.605328
0.300444,-0.605424
0.300533,-0.60552
0.300623,-0.605616
0.300712,-0.605711
0.300801,-0.605807
0.30089,-0.605903
0.30098,-0.605999
0.301069,-0.606094
0.301158,-0.60619
0.301247,-0.606286
0.301337,-0.606382
0.301426,-0.606478
0.301515,-0.606573
0.301604,-0.606669
0.301694,-0.606765
0.301783,-0.606861
0.301872,-0.606956
0.301961,-0.607052
0.302051,-0.607148
0.30214,-0.607244
0.302229,-0.607339
0.302318,-0.607435
0.302408,-0.607531
0.302497,-0.607627
0.302586,-0.607722
0.302675,-0.607818
0.302765,-0.607914
0.302854,-0.60801
0.302943,-0.608105
0.303032,-0.608201
0.303122,-0.608297
0.303211,-0.608393
0.3033,-0.608488
0.303389,-0.608584
0.303479,-0.60868
0.303568,-0.608776
0.303657,-0.608871
0.303747,-0.608967
0.303836,-0.609063
0.303925,-0.609159
0.304014,-0.609255
0.304104,-0.60935
0.304193,-0.609446
0.304282,-0.609542
0.304371,-0.609638
0.304461,-0.609733
0.30455,-0.609829
0.304639,-0.609925
0.304728,-0.610021
0.304818,-0.610116
0.304907,-0.610212
0.304996,-0.610308
0.305085,-0.610404
0.305175,-0.610499
0.305264,-0.610595
0.305353,-0.610691
0.305442,-0.610787
0.305532,-0.610882
0.305621,-0.610978
0.30571,-0.611074
0.305799,-0.61117
0.305889,-0.611265
0.305978,-0.611361
0.306067,-0.611457
0.306156,-0.611553
0.306246,-0.611649
0.306335,-0.611744
0.306424,-0.61184
0.306513,-0.611936
0.307005,-0.611142
0.307496,-0.610349
0.307987,-0.609555
0.308478,-0.608762
0.308969,-0.607968
0.30946,-0.607175
0.309951,-0.606381
0.310442,-0.605588
0.310934,-0.604794
0.311425,-0.604
0.311916,-0.603207
0.312407,-0.602413
0.312898,-0.60162
0.313389,-0.600826
0.31388,-0.600033
0.314372,-0.599239
0.314863,-0.598446
0.315354,-0.597652
0.315845,-0.596859
0.316336,-0.596065
0.316827,-0.595272
0.317318,-0.594478
0.317809,-0.593685
0.318301,-0.592891
0.318792,-0.592098
0.319283,-0.591304
0.319774,-0.59051
0.320265,-0.589717
0.320756,-0.588923
0.321247,-0.58813
0.321739,-0.587336
0.32223,-0.586543
0.322721,-0.585749
0.323212,-0.584956
0.323703,-0.584162
0.324194,-0.583369
0.324685,-0.582575
0.325176,-0.581782
0.325668,-0.580988
0.326159,-0.580195
0.32665,-0.579401
0.327141,-0.578608
0.327632,-0.577814
0.328123,-0.57702
0.328614,-0.576227
0.329106,-0.575433
0.329597,-0.57464
0.330088,-0.573846
0.330579,-0.573053
0.33107,-0.572259
0.331561,-0.571466
0.332052,-0.570672
0.332544,-0.569879
0.333035,-0.569085
0.333526,-0.568292
0.334017,-0.567498
0.334508,-0.566705
0.334999,-0.565911
0.33549,-0.565117
0.335981,-0.564324
0.336473,-0.56353
0.336964,-0.562737
0.337455,-0.561943
0.337946,-0.56115
0.338437,-0.560356
0.338928,-0.559563
0.339419,-0.558769
0.339911,-0.557976
0.340402,-0.557182
0.340893,-0.556389
0.341384,-0.555595
0.341875,-0.554802
0.342366,-0.554008
0.342857,-0.553215
0.343348,-0.552421
0.34384,-0.551627
0.344331,-0.550834
0.344822,-0.55004
0.345313,-0.549247
0.345804,-0.548453
0.346295,-0.54766
0.346786,-0.546866
0.347278,-0.546073
0.347769,-0.545279
0.34826,-0.544486
0.348751,-0.543692
0.349242,-0.542899
0.349733,-0.542105
0.350224,-0.541312
0.350715,-0.540518
0.351207,-0.539725
0.351698,-0.538931
0.352189,-0.538137
0.35268,-0.537344
0.353171,-0.53655
0.353662,-0.535757
0.354153,-0.534963
0.354645,-0.53417
0.355136,-0.533376
0.355627,-0.532583
0.356118,-0.531789
0.356609,-0.530996
0.3571,-0.530202
0.357591,-0.529409
0.358083,-0.528615
0.358574,-0.527822
0.359065,-0.527028
0.359556,-0.526234
0.360047,-0.525441
0.360538,-0.524647
0.361029,-0.523854
0.36152,-0.52306
0.362012,-0.522267
0.362503,-0.521473
0.362994,-0.52068
0.363485,-0.519886
0.363976,-0.519093
0.364467,-0.518299
0.364958,-0.517506
0.36545,-0.516712
0.365941,-0.515919
0.366432,-0.515125
0.366923,-0.514332
0.367414,-0.513538
0.367905,-0.512744
0.368396,-0.511951
0.368887,-0.511157
0.369379,-0.510364
0.36987,-0.50957
0.370361,-0.508777
0.370852,-0.507983
0.371343,-0.50719
0.371834,-0.506396
0.372325,-0.505603
0.372817,-0.504809
0.373308,-0.504016
0.373799,-0.503222
0.37429,-0.502429
0.374781,-0.501635
0.375272,-0.500841
0.375763,-0.500048
0.376255,-0.499254
0.376746,-0.498461
0.377237,-0.497667
0.377728,-0.496874
0.378219,-0.49608
0.37871,-0.495287
0.379201,-0.494493
0.379692,-0.4937
0.380184,-0.492906
0.381119,-0.492409
0.382055,-0.491913
0.382991,-0.491416
0.383927,-0.490919
0.384863,-0.490423
0.385799,-0.489926
0.386735,-0.489429
0.387671,-0.488933
0.388607,-0.488436
0.389543,-0.487939
0.390479,-0.487442
0.391414,-0.486946
0.39235,-0.486449
0.393286,-0.485952
0.394222,-0.485456
0.395158,-0.484959
0.396094,-0.484462
0.39703,-0.483965
0.397966,-0.483469
0.398902,-0.482972
0.399838,-0.482475
0.400774,-0.481979
0.401709,-0.481482
0.402645,-0.480985
0.403581,-0.480489
0.404517,-0.479992
0.405453,-0.479495
0.406389,-0.478998
0.407325,-0.478502
0.408261,-0.478005
0.409197,-0.477508
0.410133,-0.477012
0.411069,-0.476515
0.412004,-0.476018
0.41294,-0.475521
0.413876,-0.475025
0.414812,-0.474528
0.415748,-0.474031
0.416684,-0.473535
0.41762,-0.473038
0.418556,-0.472541
0.419492,-0.472045
0.420428,-0.471548
0.421364,-0.471051
0.422299,-0.470554
0.423235,-0.470058
0.424171,-0.469561
0.425107,-0.469064
0.426043,-0.468568
0.426979,-0.468071
0.427915,-0.467574
0.428851,-0.467077
0.429787,-0.466581
0.430723,-0.466084
0.431658,-0.465587
0.432594,-0.465091
0.43353,-0.464594
0.434466,-0.464097
0.435402,-0.463601
0.436338,-0.463104
0.437274,-0.462607
0.43821,-0.46211
0.439146,-0.461614
0.440082,-0.461117
0.441018,-0.46062
0.441953,-0.460124
0.442889,-0.459627
0.443825,-0.45913
0.444761,-0.458633
0.445697,-0.458137
0.446633,-0.45764
0.447569,-0.457143
0.448505,-0.456647
0.449441,-0.45615
0.450377,-0.455653
0.451313,-0.455157
0.452248,-0.45466
0.453184,-0.454163
0.45412,-0.453666
0.455056,-0.45317
0.455992,-0.452673
0.456928,-0.452176
0.457864,-0.45168
0.4588,-0.451183
0.459736,-0.450686
0.460672,-0.450189
0.461608,-0.449693
0.462543,-0.449196
0.463479,-0.448699
0.464415,-0.448203
0.465351,-0.447706
0.466287,-0.447209
0.467223,-0.446712
0.468159,-0.446216
0.469095,-0.445719
0.470031,-0.445222
0.470967,-0.444726
0.471903,-0.444229
0.472838,-0.443732
0.473774,-0.443236
0.47471,-0.442739
0.475646,-0.442242
0.476582,-0.441745
0.477518,-0.441249
0.478454,-0.440752
0.47939,-0.440255
0.480326,-0.439759
0.481262,-0.439262
0.482198,-0.438765
0.483133,-0.438268
0.484069,-0.437772
0.485005,-0.437275
0.485941,-0.436778
0.486877,-0.436282
0.487813,-0.435785
0.488749,-0.435288
0.489685,-0.434792
0.490621,-0.434295
0.491557,-0.433798
0.492492,-0.433301
0.493428,-0.432805
0.494364,-0.432308
0.4953,-0.431811
0.496236,-0.431315
0.497172,-0.430818
0.498108,-0.430321
0.499044,-0.429824
0.49998,-0.429328
0.500916,-0.428831
0.501852,-0.428334
0.502787,-0.427838
0.503723,-0.427341
0.504659,-0.426844
0.505595,-0.426348
0.506531,-0.425851
0.507467,-0.425354
0.508403,-0.424857
0.509339,-0.424361
0.510275,-0.423864
0.511211,-0.423367
0.512147,-0.422871
0.513082,-0.422374
0.514018,-0.421877
0.514954,-0.42138
0.51589,-0.420884
0.516826,-0.420387
0.517762,-0.41989
0.518698,-0.419394
0.519634,-0.418897
