O
20
1,0,-1,0.78,-0.5,0.75,0.0,0.0,0.0,0.3,0.4,0.02,0,0.8,False
2,0,-1,1.1,-0.5,0.93,0.0,0.0,0.0,0.02,0.4,0.2,0,0.8,False
3,0,-1,0.78,-0.5,1.11,0.0,0.0,0.0,0.3,0.4,0.02,0,0.8,False
4,0,-1,0.8,-0.92,0.93,0.0,0.0,0.0,0.32,0.02,0.2,0,0.8,False
5,0,-1,0.8,-0.08,0.93,0.0,0.0,0.0,0.32,0.02,0.2,0,0.8,False
6,0,0,0.9335802255003273,-0.6138294649334615,0.9010784631883699,0.0,0.0,2.339563942182914,0.03,0.0424857396478838,0.13107846318836985,0.13259598830147612,1.009712407143599,False
7,2,0,0.7363685614323392,-0.4316398308469288,0.8450000000000001,0.0,0.0,5.203843769379005,0.05146359695642103,0.05146359695642103,0.15,0.46086641603728234,0.8503699927553094,False
8,0,0,0.9087916049886385,-0.21057282092344853,0.86,0.0,0.0,5.4340564083689795,0.0490190688022585,0.033280002718061676,0.09,0.290316741139247,1.077365569648613,False
9,0,0,0.6188196768109056,-0.7034884184599862,0.86,0.0,0.0,4.196144412499532,0.07929544477608637,0.07690569169349751,0.09,0.3310915470645627,0.9201432380084189,False
10,0,0,0.5439695491040593,-0.1828675464333953,0.8846220426668713,0.0,0.0,3.8884449749833943,0.03,0.03,0.11462204266687129,0.4489232104120782,0.9794273827089321,False
11,2,1,0.7260701885582398,-0.26695947765566863,0.8450000000000001,0.0,0.0,1.6334987543033295,0.04530704484047843,0.04530704484047843,0.15,0.4962006347090478,0.8980678169147741,True
12,2,1,0.9477607371012196,-0.37471882706706505,0.8450000000000001,0.0,0.0,6.1993265683821575,0.053600103704968,0.053600103704968,0.15,0.21908541441386054,0.9633844956586936,True
13,2,1,0.7764303563660668,-0.6083402684165164,0.8561050731360911,0.0,0.0,4.511068296160617,0.03,0.03,0.17221014627218217,0.16960777832008223,0.9816182914311385,True
14,0,1,0.6101542771649918,-0.5521000199423864,0.86,0.0,0.0,1.477912689727559,0.03,0.03,0.09,0.4234752572226119,1.0778937864217846,True
15,2,1,0.5556858059664271,-0.42040812930195987,0.8450000000000001,0.0,0.0,3.295239074692727,0.03,0.03,0.15,0.26222951162437635,1.068627868025549,True
16,0,1,0.8708062615687171,-0.7718589373202341,0.86,0.0,0.0,5.0238018193424425,0.03,0.06505302430445294,0.09,0.3574089108019615,0.8589136496615433,True
17,2,1,0.5167679332467295,-0.5055265840506762,0.8450000000000001,0.0,0.0,2.854107006237882,0.03,0.03,0.15,0.3722074540268548,1.049324874896884,True
18,2,1,0.9903497468484179,-0.7175847037682722,0.8450000000000001,0.0,0.0,4.618380365640357,0.03212902904900198,0.03212902904900198,0.15,0.04724147785068006,1.084748117452849,True
19,2,1,0.5582816369473937,-0.32689526141182546,0.8541638465603675,0.0,0.0,3.4436092130555784,0.03459699799755974,0.03459699799755974,0.16832769312073478,0.2380199211489053,0.9521904913285666,True
20,2,1,0.7613976937974493,-0.15236209253804278,0.8450000000000001,0.0,0.0,1.8006140418757175,0.03,0.03,0.15,0.15598959184176553,0.8992069877863853,True
R
0.0,0.0,0.0,0.0,0.0,0.0,1.0
S
8
torso_lift_joint,0
r_shoulder_pan_joint,-1.69017
r_shoulder_lift_joint,-0.0788625
r_upper_arm_roll_joint,-1.69017
r_elbow_flex_joint,-1.2717
r_forearm_roll_joint,-0.151824
r_wrist_flex_joint,-1.25254
r_wrist_roll_joint,0.675062
G
0.488932,-0.233817,0.884622,0.746852,-0,0
ooi
10
A
599
0.310248,-0.673113
0.309053,-0.672239
0.307858,-0.671365
0.306663,-0.670491
0.305468,-0.669618
0.304273,-0.668744
0.303078,-0.66787
0.301883,-0.666996
0.300689,-0.666122
0.299494,-0.665248
0.298299,-0.664374
0.297104,-0.6635
0.295909,-0.662627
0.294714,-0.661753
0.293519,-0.660879
0.292324,-0.660005
0.291129,-0.659131
0.289934,-0.658257
0.288739,-0.657383
0.287544,-0.656509
0.286349,-0.655636
0.285154,-0.654762
0.283959,-0.653888
0.282764,-0.653014
0.281569,-0.65214
0.280374,-0.651266
0.279179,-0.650392
0.277984,-0.649518
0.276789,-0.648644
0.275594,-0.647771
0.274399,-0.646897
0.273205,-0.646023
0.27201,-0.645149
0.270815,-0.644275
0.26962,-0.643401
0.268425,-0.642527
0.26723,-0.641653
0.266035,-0.64078
0.26484,-0.639906
0.263645,-0.639032
0.26245,-0.638158
0.261255,-0.637284
0.26006,-0.63641
0.258865,-0.635536
0.25767,-0.634662
0.256475,-0.633789
0.25528,-0.632915
0.254085,-0.632041
0.25289,-0.631167
0.251695,-0.630293
0.2505,-0.629419
0.249305,-0.628545
0.24811,-0.627671
0.246915,-0.626798
0.24572,-0.625924
0.244526,-0.62505
0.243331,-0.624176
0.242136,-0.623302
0.240941,-0.622428
0.239746,-0.621554
0.238551,-0.62068
0.237356,-0.619807
0.236161,-0.618933
0.234966,-0.618059
0.233771,-0.617185
0.232576,-0.616311
0.231381,-0.615437
0.230186,-0.614563
0.228991,-0.613689
0.227796,-0.612816
0.226601,-0.611942
0.225406,-0.611068
0.224211,-0.610194
0.223016,-0.60932
0.221821,-0.608446
0.220626,-0.607572
0.219431,-0.606698
0.218236,-0.605824
0.217042,-0.604951
0.215847,-0.604077
0.214652,-0.603203
0.213457,-0.602329
0.212262,-0.601455
0.211067,-0.600581
0.209872,-0.599707
0.208677,-0.598833
0.207482,-0.59796
0.206287,-0.597086
0.205092,-0.596212
0.203897,-0.595338
0.202702,-0.594464
0.201507,-0.59359
0.200312,-0.592716
0.199117,-0.591842
0.197922,-0.590969
0.196727,-0.590095
0.195532,-0.589221
0.194337,-0.588347
0.193142,-0.587473
0.191947,-0.586599
0.190752,-0.585725
0.189558,-0.584851
0.188363,-0.583978
0.187168,-0.583104
0.185973,-0.58223
0.184778,-0.581356
0.183583,-0.580482
0.182388,-0.579608
0.181193,-0.578734
0.179998,-0.57786
0.178803,-0.576987
0.177608,-0.576113
0.176413,-0.575239
0.175218,-0.574365
0.174023,-0.573491
0.172828,-0.572617
0.171633,-0.571743
0.170438,-0.570869
0.169243,-0.569996
0.168048,-0.569122
0.166853,-0.568248
0.165658,-0.567374
0.164463,-0.5665
0.163268,-0.565626
0.162074,-0.564752
0.160879,-0.563878
0.159684,-0.563004
0.158489,-0.562131
0.157294,-0.561257
0.156099,-0.560383
0.154904,-0.559509
0.153709,-0.558635
0.152514,-0.557761
0.151319,-0.556887
0.150124,-0.556013
0.148929,-0.55514
0.147734,-0.554266
0.146539,-0.553392
0.145344,-0.552518
0.144149,-0.551644
0.142954,-0.55077
0.141759,-0.549896
0.140564,-0.549022
0.139369,-0.548149
0.138174,-0.547275
0.136979,-0.546401
0.135784,-0.545527
0.134589,-0.544653
0.133395,-0.543779
0.1322,-0.542905
0.131005,-0.542031
0.1327,-0.541613
0.134396,-0.541195
0.136091,-0.540776
0.137787,-0.540358
0.139482,-0.539939
0.141178,-0.539521
0.142873,-0.539102
0.144569,-0.538684
0.146265,-0.538266
0.14796,-0.537847
0.149656,-0.537429
0.151351,-0.53701
0.153047,-0.536592
0.154742,-0.536173
0.156438,-0.535755
0.158133,-0.535337
0.159829,-0.534918
0.161524,-0.5345
0.16322,-0.534081
0.164915,-0.533663
0.166611,-0.533244
0.168307,-0.532826
0.170002,-0.532408
0.171698,-0.531989
0.173393,-0.531571
0.175089,-0.531152
0.176784,-0.530734
0.17848,-0.530315
0.180175,-0.529897
0.181871,-0.529479
0.183566,-0.52906
0.185262,-0.528642
0.186958,-0.528223
0.188653,-0.527805
0.190349,-0.527386
0.192044,-0.526968
0.19374,-0.52655
0.195435,-0.526131
0.197131,-0.525713
0.198826,-0.525294
0.200522,-0.524876
0.202217,-0.524457
0.203913,-0.524039
0.205608,-0.523621
0.207304,-0.523202
0.209,-0.522784
0.210695,-0.522365
0.212391,-0.521947
0.214086,-0.521528
0.215782,-0.52111
0.217477,-0.520692
0.219173,-0.520273
0.220868,-0.519855
0.222564,-0.519436
0.224259,-0.519018
0.225955,-0.518599
0.227651,-0.518181
0.229346,-0.517763
0.231042,-0.517344
0.232737,-0.516926
0.234433,-0.516507
0.236128,-0.516089
0.237824,-0.51567
0.239519,-0.515252
0.241215,-0.514834
0.24291,-0.514415
0.244606,-0.513997
0.246302,-0.513578
0.247997,-0.51316
0.249693,-0.512741
0.251388,-0.512323
0.253084,-0.511905
0.254779,-0.511486
0.256475,-0.511068
0.25817,-0.510649
0.259866,-0.510231
0.261561,-0.509812
0.263257,-0.509394
0.264952,-0.508976
0.266648,-0.508557
0.268344,-0.508139
0.270039,-0.50772
0.271735,-0.507302
0.27343,-0.506883
0.275126,-0.506465
0.276821,-0.506047
0.278517,-0.505628
0.280212,-0.50521
0.281908,-0.504791
0.283603,-0.504373
0.285299,-0.503954
0.286995,-0.503536
0.28869,-0.503118
0.290386,-0.502699
0.292081,-0.502281
0.293777,-0.501862
0.295472,-0.501444
0.297168,-0.501025
0.298863,-0.500607
0.300559,-0.500189
0.302254,-0.49977
0.30395,-0.499352
0.305645,-0.498933
0.307341,-0.498515
0.309037,-0.498096
0.310732,-0.497678
0.312428,-0.49726
0.314123,-0.496841
0.315819,-0.496423
0.317514,-0.496004
0.31921,-0.495586
0.320905,-0.495167
0.322601,-0.494749
0.324296,-0.494331
0.325992,-0.493912
0.327688,-0.493494
0.329383,-0.493075
0.331079,-0.492657
0.332774,-0.492238
0.33447,-0.49182
0.336165,-0.491402
0.337861,-0.490983
0.339556,-0.490565
0.341252,-0.490146
0.342947,-0.489728
0.344643,-0.489309
0.346339,-0.488891
0.348034,-0.488473
0.34973,-0.488054
0.351425,-0.487636
0.353121,-0.487217
0.354816,-0.486799
0.356512,-0.48638
0.358207,-0.485962
0.359903,-0.485544
0.361598,-0.485125
0.363294,-0.484707
0.364989,-0.484288
0.366685,-0.48387
0.368381,-0.483451
0.370076,-0.483033
0.371772,-0.482615
0.373467,-0.482196
0.375163,-0.481778
0.376858,-0.481359
0.378554,-0.480941
0.380249,-0.480522
0.381945,-0.480104
0.38364,-0.479686
0.383489,-0.479412
0.383338,-0.479139
0.383187,-0.478866
0.383036,-0.478593
0.382885,-0.47832
0.382734,-0.478046
0.382583,-0.477773
0.382432,-0.4775
0.382281,-0.477227
0.38213,-0.476953
0.381979,-0.47668
0.381828,-0.476407
0.381677,-0.476134
0.381526,-0.475861
0.381375,-0.475587
0.381224,-0.475314
0.381073,-0.475041
0.380922,-0.474768
0.380771,-0.474495
0.38062,-0.474221
0.380469,-0.473948
0.380318,-0.473675
0.380167,-0.473402
0.380016,-0.473129
0.379865,-0.472855
0.379714,-0.472582
0.379563,-0.472309
0.379412,-0.472036
0.379261,-0.471763
0.37911,-0.471489
0.378959,-0.471216
0.378808,-0.470943
0.378657,-0.47067
0.378506,-0.470396
0.378355,-0.470123
0.378204,-0.46985
0.378052,-0.469577
0.377901,-0.469304
0.37775,-0.46903
0.377599,-0.468757
0.377448,-0.468484
0.377297,-0.468211
0.377146,-0.467938
0.376995,-0.467664
0.376844,-0.467391
0.376693,-0.467118
0.376542,-0.466845
0.376391,-0.466572
0.37624,-0.466298
0.376089,-0.466025
0.375938,-0.465752
0.375787,-0.465479
0.375636,-0.465205
0.375485,-0.464932
0.375334,-0.464659
0.375183,-0.464386
0.375032,-0.464113
0.374881,-0.463839
0.37473,-0.463566
0.374579,-0.463293
0.374428,-0.46302
0.374277,-0.462747
0.374126,-0.462473
0.373975,-0.4622
0.373824,-0.461927
0.373673,-0.461654
0.373522,-0.461381
0.373371,-0.461107
0.37322,-0.460834
0.373069,-0.460561
0.372918,-0.460288
0.372767,-0.460015
0.372616,-0.459741
0.372465,-0.459468
0.372314,-0.459195
0.372163,-0.458922
0.372011,-0.458648
0.37186,-0.458375
0.371709,-0.458102
0.371558,-0.457829
0.371407,-0.457556
0.371256,-0.457282
0.371105,-0.457009
0.370954,-0.456736
0.370803,-0.456463
0.370652,-0.45619
0.370501,-0.455916
0.37035,-0.455643
0.370199,-0.45537
0.370048,-0.455097
0.369897,-0.454824
0.369746,-0.45455
0.369595,-0.454277
0.369444,-0.454004
0.369293,-0.453731
0.369142,-0.453457
0.368991,-0.453184
0.36884,-0.452911
0.368689,-0.452638
0.368538,-0.452365
0.368387,-0.452091
0.368236,-0.451818
0.368085,-0.451545
0.367934,-0.451272
0.367783,-0.450999
0.367632,-0.450725
0.367481,-0.450452
0.36733,-0.450179
0.367179,-0.449906
0.367028,-0.449633
0.366877,-0.449359
0.366726,-0.449086
0.366575,-0.448813
0.366424,-0.44854
0.366273,-0.448267
0.366121,-0.447993
0.36597,-0.44772
0.365819,-0.447447
0.365668,-0.447174
0.365517,-0.4469
0.365366,-0.446627
0.365215,-0.446354
0.365064,-0.446081
0.364913,-0.445808
0.364762,-0.445534
0.364611,-0.445261
0.36446,-0.444988
0.364309,-0.444715
0.364158,-0.444442
0.364007,-0.444168
0.363856,-0.443895
0.363705,-0.443622
0.363554,-0.443349
0.363403,-0.443076
0.363252,-0.442802
0.363101,-0.442529
0.36295,-0.442256
0.362799,-0.441983
0.362648,-0.441709
0.362497,-0.441436
0.362346,-0.441163
0.362195,-0.44089
0.362044,-0.440617
0.361893,-0.440343
0.361742,-0.44007
0.361591,-0.439797
0.36144,-0.439524
0.361289,-0.439251
0.361138,-0.438977
0.360987,-0.438704
0.361845,-0.437329
0.362704,-0.435954
0.363563,-0.434579
0.364421,-0.433204
0.36528,-0.431829
0.366139,-0.430454
0.366997,-0.429079
0.367856,-0.427704
0.368715,-0.426328
0.369574,-0.424953
0.370432,-0.423578
0.371291,-0.422203
0.37215,-0.420828
0.373008,-0.419453
0.373867,-0.418078
0.374726,-0.416703
0.375584,-0.415328
0.376443,-0.413953
0.377302,-0.412578
0.378161,-0.411203
0.379019,-0.409828
0.379878,-0.408452
0.380737,-0.407077
0.381595,-0.405702
0.382454,-0.404327
0.383313,-0.402952
0.384171,-0.401577
0.38503,-0.400202
0.385889,-0.398827
0.386747,-0.397452
0.387606,-0.396077
0.388465,-0.394702
0.389324,-0.393327
0.390182,-0.391952
0.391041,-0.390576
0.3919,-0.389201
0.392758,-0.387826
0.393617,-0.386451
0.394476,-0.385076
0.395334,-0.383701
0.396193,-0.382326
0.397052,-0.380951
0.397911,-0.379576
0.398769,-0.378201
0.399628,-0.376826
0.400487,-0.375451
0.401345,-0.374075
0.402204,-0.3727
0.403063,-0.371325
0.403921,-0.36995
0.40478,-0.368575
0.405639,-0.3672
0.406497,-0.365825
0.407356,-0.36445
0.408215,-0.363075
0.409074,-0.3617
0.409932,-0.360325
0.410791,-0.35895
0.41165,-0.357575
0.412508,-0.356199
0.413367,-0.354824
0.414226,-0.353449
0.415084,-0.352074
0.415943,-0.350699
0.416802,-0.349324
0.417661,-0.347949
0.418519,-0.346574
0.419378,-0.345199
0.420237,-0.343824
0.421095,-0.342449
0.421954,-0.341074
0.422813,-0.339699
0.423671,-0.338323
0.42453,-0.336948
0.425389,-0.335573
0.426247,-0.334198
0.427106,-0.332823
0.427965,-0.331448
0.428824,-0.330073
0.429682,-0.328698
0.430541,-0.327323
0.4314,-0.325948
0.432258,-0.324573
0.433117,-0.323198
0.433976,-0.321822
0.434834,-0.320447
0.435693,-0.319072
0.436552,-0.317697
0.437411,-0.316322
0.438269,-0.314947
0.439128,-0.313572
0.439987,-0.312197
0.440845,-0.310822
0.441704,-0.309447
0.442563,-0.308072
0.443421,-0.306697
0.44428,-0.305322
0.445139,-0.303946
0.445997,-0.302571
0.446856,-0.301196
0.447715,-0.299821
0.448574,-0.298446
0.449432,-0.297071
0.450291,-0.295696
0.45115,-0.294321
0.452008,-0.292946
0.452867,-0.291571
0.453726,-0.290196
0.454584,-0.288821
0.455443,-0.287446
0.456302,-0.28607
0.457161,-0.284695
0.458019,-0.28332
0.458878,-0.281945
0.459737,-0.28057
0.460595,-0.279195
0.461454,-0.27782
0.462313,-0.276445
0.463171,-0.27507
0.46403,-0.273695
0.464889,-0.27232
0.465747,-0.270945
0.466606,-0.26957
0.467465,-0.268194
0.468324,-0.266819
0.469182,-0.265444
0.470041,-0.264069
0.4709,-0.262694
0.471758,-0.261319
0.472617,-0.259944
0.473476,-0.258569
0.474334,-0.257194
0.475193,-0.255819
0.476052,-0.254444
0.476911,-0.253069
0.477769,-0.251693
0.478628,-0.250318
0.479487,-0.248943
0.480345,-0.247568
0.481204,-0.246193
0.482063,-0.244818
0.482921,-0.243443
0.48378,-0.242068
0.484639,-0.240693
0.485497,-0.239318
0.486356,-0.237943
0.487215,-0.236568
0.488074,-0.235193
0.488932,-0.233817
