O
20
1,0,-1,0.78,-0.5,0.75,0.0,0.0,0.0,0.3,0.4,0.02,0,0.8,False
2,0,-1,1.1,-0.5,0.93,0.0,0.0,0.0,0.02,0.4,0.2,0,0.8,False
3,0,-1,0.78,-0.5,1.11,0.0,0.0,0.0,0.3,0.4,0.02,0,0.8,False
4,0,-1,0.8,-0.92,0.93,0.0,0.0,0.0,0.32,0.02,0.2,0,0.8,False
5,0,-1,0.8,-0.08,0.93,0.0,0.0,0.0,0.32,0.02,0.2,0,0.8,False
6,2,0,0.9385019794836403,-0.6527781930016525,0.8450000000000001,0.0,0.0,5.200150163428974,0.03237146519717685,0.03237146519717685,0.15,0.34679245443984236,0.9213122823873401,False
7,0,0,0.8337005060089944,-0.36873668799003534,0.86,0.0,0.0,6.204458303047436,0.06694587094754659,0.07150756291685531,0.09,0.31148238113548393,0.8076695625693153,False
8,0,0,0.8322422078042502,-0.5695268300833669,0.8795320313209548,0.0,0.0,2.6999732895277733,0.03,0.03,0.10953203132095479,0.3335190305659915,1.092581594914084,False
9,0,0,0.9562749479496525,-0.7709789942474624,0.86,0.0,0.0,4.960138763465269,0.05348968877399531,0.03,0.09,0.46544415583667664,0.8377547840530922,False
10,2,0,0.7174543251769762,-0.7293095336661944,0.8450000000000001,0.0,0.0,0.031420028379049,0.03,0.03,0.15,0.4515775688419081,1.0765548278330106,False
11,2,1,1.0128662454562771,-0.28713552367714057,0.8450000000000001,0.0,0.0,3.196409960316837,0.03,0.03,0.15,0.4214893007017588,1.0856849479039705,True
12,2,1,0.5758210099414981,-0.2971665602323207,0.8450000000000001,0.0,0.0,2.2312814255448585,0.03,0.03,0.15,0.40152688481569104,1.027322790651086,True
13,0,1,0.6920139090507709,-0.5401831895171526,0.86,0.0,0.0,3.245201012254268,0.03,0.048721822142751135,0.09,0.005835801233070759,1.1195217410853844,True
14,2,1,0.7398034165982487,-0.8105979826842049,0.8450000000000001,0.0,0.0,0.36786763743306916,0.03,0.03,0.15,0.2596560299231133,0.862149161482021,True
15,2,1,0.7819685029670718,-0.20298870300434424,0.8450000000000001,0.0,0.0,0.3318041738219244,0.039555004975181045,0.039555004975181045,0.15,0.3078553051439702,0.9157448205324441,True
16,0,1,1.0041270991092963,-0.487923237913397,0.8984588411871468,0.0,0.0,2.279648005276325,0.05206311144620954,0.03,0.1284588411871468,0.48558551028182567,0.8876985814161104,True
17,2,1,0.5862074941950945,-0.7169906013678258,0.8450000000000001,0.0,0.0,6.037609743570161,0.03,0.03,0.15,0.0004409713204153176,0.9184089528929795,True
18,2,1,0.5320018175419919,-0.39281603965399586,0.8450000000000001,0.0,0.0,3.324653621561197,0.03,0.03,0.15,0.1763699650663253,0.8172788661460737,True
19,2,1,0.6002213464457147,-0.20639596591251952,0.8471702252952726,0.0,0.0,4.94693315378482,0.03,0.03,0.15434045059054527,0.42884040618006375,1.1471314829269046,True
20,2,1,0.5748301196591946,-0.5558851576460522,0.8450000000000001,0.0,0.0,1.974249295101841,0.04632863154939918,0.04632863154939918,0.15,0.29493603555975983,1.1568397595102622,True
R
0.0,0.0,0.0,0.0,0.0,0.0,1.0
S
8
torso_lift_joint,0
r_shoulder_pan_joint,-1.69017
r_shoulder_lift_joint,-0.0788625
r_upper_arm_roll_joint,-1.69017
r_elbow_flex_joint,-1.2717
r_forearm_roll_joint,-0.151824
r_wrist_flex_joint,-1.25254
r_wrist_roll_joint,0.675062
G
0.654925,-0.687897,0.845,2.55663,-3.14159,3.14159
ooi
10
A
599
0.310248,-0.673113
0.310805,-0.674033
0.311361,-0.674953
0.311917,-0.675872
0.312474,-0.676792
0.31303,-0.677712
0.313587,-0.678632
0.314143,-0.679551
0.3147,-0.680471
0.315256,-0.681391
0.315813,-0.682311
0.316369,-0.68323
0.316925,-0.68415
0.317482,-0.68507
0.318038,-0.68599
0.318595,-0.686909
0.319151,-0.687829
0.319708,-0.688749
0.320264,-0.689669
0.32082,-0.690588
0.321377,-0.691508
0.321933,-0.692428
0.32249,-0.693347
0.323046,-0.694267
0.323603,-0.695187
0.324159,-0.696107
0.324715,-0.697026
0.325272,-0.697946
0.325828,-0.698866
0.326385,-0.699786
0.326941,-0.700705
0.327498,-0.701625
0.328054,-0.702545
0.32861,-0.703465
0.329167,-0.704384
0.329723,-0.705304
0.33028,-0.706224
0.330836,-0.707144
0.331393,-0.708063
0.331949,-0.708983
0.332506,-0.709903
0.333062,-0.710823
0.333618,-0.711742
0.334175,-0.712662
0.334731,-0.713582
0.335288,-0.714502
0.335844,-0.715421
0.336401,-0.716341
0.336957,-0.717261
0.337513,-0.718181
0.33807,-0.7191
0.338626,-0.72002
0.339183,-0.72094
0.339739,-0.72186
0.340296,-0.722779
0.340852,-0.723699
0.341408,-0.724619
0.341965,-0.725539
0.342521,-0.726458
0.343078,-0.727378
0.343634,-0.728298
0.344191,-0.729218
0.344747,-0.730137
0.345304,-0.731057
0.34586,-0.731977
0.346416,-0.732897
0.346973,-0.733816
0.347529,-0.734736
0.348086,-0.735656
0.348642,-0.736576
0.349199,-0.737495
0.349755,-0.738415
0.350311,-0.739335
0.350868,-0.740255
0.351424,-0.741174
0.351981,-0.742094
0.352537,-0.743014
0.353094,-0.743934
0.35365,-0.744853
0.354206,-0.745773
0.354763,-0.746693
0.355319,-0.747613
0.355876,-0.748532
0.356432,-0.749452
0.356989,-0.750372
0.357545,-0.751292
0.358101,-0.752211
0.358658,-0.753131
0.359214,-0.754051
0.359771,-0.754971
0.360327,-0.75589
0.360884,-0.75681
0.36144,-0.75773
0.361997,-0.75865
0.362553,-0.759569
0.363109,-0.760489
0.363666,-0.761409
0.364222,-0.762328
0.364779,-0.763248
0.365335,-0.764168
0.365892,-0.765088
0.366448,-0.766007
0.367004,-0.766927
0.367561,-0.767847
0.368117,-0.768767
0.368674,-0.769686
0.36923,-0.770606
0.369787,-0.771526
0.370343,-0.772446
0.370899,-0.773365
0.371456,-0.774285
0.372012,-0.775205
0.372569,-0.776125
0.373125,-0.777044
0.373682,-0.777964
0.374238,-0.778884
0.374795,-0.779804
0.375351,-0.780723
0.375907,-0.781643
0.376464,-0.782563
0.37702,-0.783483
0.377577,-0.784402
0.378133,-0.785322
0.37869,-0.786242
0.379246,-0.787162
0.379802,-0.788081
0.380359,-0.789001
0.380915,-0.789921
0.381472,-0.790841
0.382028,-0.79176
0.382585,-0.79268
0.383141,-0.7936
0.383697,-0.79452
0.384254,-0.795439
0.38481,-0.796359
0.385367,-0.797279
0.385923,-0.798199
0.38648,-0.799118
0.387036,-0.800038
0.387592,-0.800958
0.388149,-0.801878
0.388705,-0.802797
0.389262,-0.803717
0.389818,-0.804637
0.390375,-0.805557
0.390931,-0.806476
0.391488,-0.807396
0.392044,-0.808316
0.3926,-0.809236
0.393157,-0.810155
0.393713,-0.811075
0.393845,-0.810543
0.393976,-0.810011
0.394108,-0.809479
0.394239,-0.808947
0.39437,-0.808415
0.394502,-0.807882
0.394633,-0.80735
0.394765,-0.806818
0.394896,-0.806286
0.395028,-0.805754
0.395159,-0.805222
0.395291,-0.80469
0.395422,-0.804158
0.395553,-0.803626
0.395685,-0.803094
0.395816,-0.802561
0.395948,-0.802029
0.396079,-0.801497
0.396211,-0.800965
0.396342,-0.800433
0.396473,-0.799901
0.396605,-0.799369
0.396736,-0.798837
0.396868,-0.798305
0.396999,-0.797773
0.397131,-0.79724
0.397262,-0.796708
0.397394,-0.796176
0.397525,-0.795644
0.397656,-0.795112
0.397788,-0.79458
0.397919,-0.794048
0.398051,-0.793516
0.398182,-0.792984
0.398314,-0.792451
0.398445,-0.791919
0.398576,-0.791387
0.398708,-0.790855
0.398839,-0.790323
0.398971,-0.789791
0.399102,-0.789259
0.399234,-0.788727
0.399365,-0.788195
0.399496,-0.787663
0.399628,-0.78713
0.399759,-0.786598
0.399891,-0.786066
0.400022,-0.785534
0.400154,-0.785002
0.400285,-0.78447
0.400417,-0.783938
0.400548,-0.783406
0.400679,-0.782874
0.400811,-0.782342
0.400942,-0.781809
0.401074,-0.781277
0.401205,-0.780745
0.401337,-0.780213
0.401468,-0.779681
0.401599,-0.779149
0.401731,-0.778617
0.401862,-0.778085
0.401994,-0.777553
0.402125,-0.777021
0.402257,-0.776488
0.402388,-0.775956
0.40252,-0.775424
0.402651,-0.774892
0.402782,-0.77436
0.402914,-0.773828
0.403045,-0.773296
0.403177,-0.772764
0.403308,-0.772232
0.40344,-0.7717
0.403571,-0.771167
0.403702,-0.770635
0.403834,-0.770103
0.403965,-0.769571
0.404097,-0.769039
0.404228,-0.768507
0.40436,-0.767975
0.404491,-0.767443
0.404623,-0.766911
0.404754,-0.766379
0.404885,-0.765846
0.405017,-0.765314
0.405148,-0.764782
0.40528,-0.76425
0.405411,-0.763718
0.405543,-0.763186
0.405674,-0.762654
0.405805,-0.762122
0.405937,-0.76159
0.406068,-0.761057
0.4062,-0.760525
0.406331,-0.759993
0.406463,-0.759461
0.406594,-0.758929
0.406726,-0.758397
0.406857,-0.757865
0.406988,-0.757333
0.40712,-0.756801
0.407251,-0.756269
0.407383,-0.755736
0.407514,-0.755204
0.407646,-0.754672
0.407777,-0.75414
0.407908,-0.753608
0.40804,-0.753076
0.408171,-0.752544
0.408303,-0.752012
0.408434,-0.75148
0.408566,-0.750948
0.408697,-0.750415
0.408829,-0.749883
0.40896,-0.749351
0.409091,-0.748819
0.409223,-0.748287
0.409354,-0.747755
0.409486,-0.747223
0.409617,-0.746691
0.409749,-0.746159
0.40988,-0.745627
0.410011,-0.745094
0.410143,-0.744562
0.410274,-0.74403
0.410406,-0.743498
0.410537,-0.742966
0.410669,-0.742434
0.4108,-0.741902
0.410932,-0.74137
0.411063,-0.740838
0.411194,-0.740306
0.411326,-0.739773
0.411457,-0.739241
0.411589,-0.738709
0.41172,-0.738177
0.411852,-0.737645
0.411983,-0.737113
0.412114,-0.736581
0.412246,-0.736049
0.412377,-0.735517
0.412509,-0.734984
0.41264,-0.734452
0.412772,-0.73392
0.412903,-0.733388
0.413035,-0.732856
0.413166,-0.732324
0.413297,-0.731792
0.413878,-0.731659
0.414459,-0.731526
0.41504,-0.731394
0.415621,-0.731261
0.416202,-0.731128
0.416783,-0.730995
0.417364,-0.730863
0.417945,-0.73073
0.418526,-0.730597
0.419107,-0.730464
0.419688,-0.730332
0.420269,-0.730199
0.42085,-0.730066
0.421431,-0.729933
0.422012,-0.729801
0.422593,-0.729668
0.423174,-0.729535
0.423755,-0.729403
0.424336,-0.72927
0.424917,-0.729137
0.425498,-0.729004
0.426078,-0.728872
0.426659,-0.728739
0.42724,-0.728606
0.427821,-0.728473
0.428402,-0.728341
0.428983,-0.728208
0.429564,-0.728075
0.430145,-0.727942
0.430726,-0.72781
0.431307,-0.727677
0.431888,-0.727544
0.432469,-0.727411
0.43305,-0.727279
0.433631,-0.727146
0.434212,-0.727013
0.434793,-0.72688
0.435374,-0.726748
0.435955,-0.726615
0.436536,-0.726482
0.437117,-0.726349
0.437698,-0.726217
0.438279,-0.726084
0.43886,-0.725951
0.439441,-0.725818
0.440021,-0.725686
0.440602,-0.725553
0.441183,-0.72542
0.441764,-0.725288
0.442345,-0.725155
0.442926,-0.725022
0.443507,-0.724889
0.444088,-0.724757
0.444669,-0.724624
0.44525,-0.724491
0.445831,-0.724358
0.446412,-0.724226
0.446993,-0.724093
0.447574,-0.72396
0.448155,-0.723827
0.448736,-0.723695
0.449317,-0.723562
0.449898,-0.723429
0.450479,-0.723296
0.45106,-0.723164
0.451641,-0.723031
0.452222,-0.722898
0.452803,-0.722765
0.453384,-0.722633
0.453964,-0.7225
0.454545,-0.722367
0.455126,-0.722234
0.455707,-0.722102
0.456288,-0.721969
0.456869,-0.721836
0.45745,-0.721703
0.458031,-0.721571
0.458612,-0.721438
0.459193,-0.721305
0.459774,-0.721172
0.460355,-0.72104
0.460936,-0.720907
0.461517,-0.720774
0.462098,-0.720642
0.462679,-0.720509
0.46326,-0.720376
0.463841,-0.720243
0.464422,-0.720111
0.465003,-0.719978
0.465584,-0.719845
0.466165,-0.719712
0.466746,-0.71958
0.467327,-0.719447
0.467907,-0.719314
0.468488,-0.719181
0.469069,-0.719049
0.46965,-0.718916
0.470231,-0.718783
0.470812,-0.71865
0.471393,-0.718518
0.471974,-0.718385
0.472555,-0.718252
0.473136,-0.718119
0.473717,-0.717987
0.474298,-0.717854
0.474879,-0.717721
0.47546,-0.717588
0.476041,-0.717456
0.476622,-0.717323
0.477203,-0.71719
0.477784,-0.717057
0.478365,-0.716925
0.478946,-0.716792
0.479527,-0.716659
0.480108,-0.716527
0.480689,-0.716394
0.48127,-0.716261
0.48185,-0.716128
0.482431,-0.715996
0.483012,-0.715863
0.483593,-0.71573
0.484174,-0.715597
0.484755,-0.715465
0.485336,-0.715332
0.485917,-0.715199
0.486498,-0.715066
0.487079,-0.714934
0.48766,-0.714801
0.488241,-0.714668
0.488822,-0.714535
0.489403,-0.714403
0.489984,-0.71427
0.490565,-0.714137
0.491146,-0.714004
0.491727,-0.713872
0.492308,-0.713739
0.492889,-0.713606
0.49347,-0.713473
0.494051,-0.713341
0.494632,-0.713208
0.495213,-0.713075
0.495793,-0.712942
0.496374,-0.71281
0.496955,-0.712677
0.497536,-0.712544
0.498117,-0.712411
0.498698,-0.712279
0.499279,-0.712146
0.49986,-0.712013
0.500441,-0.711881
0.501478,-0.71172
0.502515,-0.711559
0.503552,-0.711398
0.504588,-0.711237
0.505625,-0.711076
0.506662,-0.710915
0.507699,-0.710754
0.508736,-0.710593
0.509772,-0.710432
0.510809,-0.710271
0.511846,-0.71011
0.512883,-0.709949
0.51392,-0.709788
0.514956,-0.709627
0.515993,-0.709466
0.51703,-0.709305
0.518067,-0.709144
0.519104,-0.708983
0.52014,-0.708822
0.521177,-0.708661
0.522214,-0.7085
0.523251,-0.708339
0.524288,-0.708178
0.525324,-0.708017
0.526361,-0.707856
0.527398,-0.707695
0.528435,-0.707534
0.529472,-0.707373
0.530508,-0.707213
0.531545,-0.707052
0.532582,-0.706891
0.533619,-0.70673
0.534656,-0.706569
0.535692,-0.706408
0.536729,-0.706247
0.537766,-0.706086
0.538803,-0.705925
0.53984,-0.705764
0.540876,-0.705603
0.541913,-0.705442
0.54295,-0.705281
0.543987,-0.70512
0.545024,-0.704959
0.54606,-0.704798
0.547097,-0.704637
0.548134,-0.704476
0.549171,-0.704315
0.550208,-0.704154
0.551244,-0.703993
0.552281,-0.703832
0.553318,-0.703671
0.554355,-0.70351
0.555392,-0.703349
0.556428,-0.703188
0.557465,-0.703027
0.558502,-0.702866
0.559539,-0.702705
0.560576,-0.702545
0.561612,-0.702384
0.562649,-0.702223
0.563686,-0.702062
0.564723,-0.701901
0.56576,-0.70174
0.566796,-0.701579
0.567833,-0.701418
0.56887,-0.701257
0.569907,-0.701096
0.570944,-0.700935
0.57198,-0.700774
0.573017,-0.700613
0.574054,-0.700452
0.575091,-0.700291
0.576128,-0.70013
0.577164,-0.699969
0.578201,-0.699808
0.579238,-0.699647
0.580275,-0.699486
0.581312,-0.699325
0.582348,-0.699164
0.583385,-0.699003
0.584422,-0.698842
0.585459,-0.698681
0.586496,-0.69852
0.587532,-0.698359
0.588569,-0.698198
0.589606,-0.698037
0.590643,-0.697877
0.59168,-0.697716
0.592716,-0.697555
0.593753,-0.697394
0.59479,-0.697233
0.595827,-0.697072
0.596864,-0.696911
0.5979,-0.69675
0.598937,-0.696589
0.599974,-0.696428
0.601011,-0.696267
0.602048,-0.696106
0.603084,-0.695945
0.604121,-0.695784
0.605158,-0.695623
0.606195,-0.695462
0.607232,-0.695301
0.608268,-0.69514
0.609305,-0.694979
0.610342,-0.694818
0.611379,-0.694657
0.612416,-0.694496
0.613452,-0.694335
0.614489,-0.694174
0.615526,-0.694013
0.616563,-0.693852
0.6176,-0.693691
0.618637,-0.69353
0.619673,-0.693369
0.62071,-0.693209
0.621747,-0.693048
0.622784,-0.692887
0.623821,-0.692726
0.624857,-0.692565
0.625894,-0.692404
0.626931,-0.692243
0.627968,-0.692082
0.629005,-0.691921
0.630041,-0.69176
0.631078,-0.691599
0.632115,-0.691438
0.633152,-0.691277
0.634189,-0.691116
0.635225,-0.690955
0.636262,-0.690794
0.637299,-0.690633
0.638336,-0.690472
0.639373,-0.690311
0.640409,-0.69015
0.641446,-0.689989
0.642483,-0.689828
0.64352,-0.689667
0.644557,-0.689506
0.645593,-0.689345
0.64663,-0.689184
0.647667,-0.689023
0.648704,-0.688862
0.649741,-0.688701
0.650777,-0.688541
0.651814,-0.68838
0.652851,-0.688219
0.653888,-0.688058
0.654925,-0.687897
