O
20
1,0,-1,0.78,-0.5,0.75,0.0,0.0,0.0,0.3,0.4,0.02,0,0.8,False
2,0,-1,1.1,-0.5,0.93,0.0,0.0,0.0,0.02,0.4,0.2,0,0.8,False
3,0,-1,0.78,-0.5,1.11,0.0,0.0,0.0,0.3,0.4,0.02,0,0.8,False
4,0,-1,0.8,-0.92,0.93,0.0,0.0,0.0,0.32,0.02,0.2,0,0.8,False
5,0,-1,0.8,-0.08,0.93,0.0,0.0,0.0,0.32,0.02,0.2,0,0.8,False
6,0,0,0.7527600048597887,-0.3192343983651065,0.86,0.0,0.0,4.568568387233028,0.03,0.03,0.09,0.11910323992293786,1.132290388838048,False
7,2,0,0.8221477209006913,-0.18783082775022153,0.8450000000000001,0.0,0.0,2.708100280846404,0.05799832304042541,0.05799832304042541,0.15,0.3607192548720763,1.1918645010137086,False
8,2,0,0.8164923286147032,-0.7892997672432637,0.8676074342195935,0.0,0.0,2.6403954033990815,0.03767268134536903,0.03767268134536903,0.195214868439187,0.2818304433176641,0.8620505254366672,False
9,0,0,0.5941656095837253,-0.16639301546527263,0.8797684155326088,0.0,0.0,5.166691398289283,0.03,0.03932197290016407,0.10976841553260873,0.1611375941498822,1.0173794437667483,False
10,2,0,0.6071883372388048,-0.6895673226628685,0.8450000000000001,0.0,0.0,4.105589995622519,0.03,0.03,0.15,0.07953862485161461,1.1406453244475512,False
11,0,1,0.9049471596551941,-0.6882456357784819,0.86,0.0,0.0,4.830907304106176,0.0351714887919818,0.04028969347155118,0.09,0.2313149869229581,0.9131814140395743,True
12,2,1,0.7275807555305762,-0.6784987173028769,0.8450000000000001,0.0,0.0,2.2438522304405244,0.03,0.03,0.15,0.0781891874760412,1.1966125518627122,True
13,2,1,0.5281501804155402,-0.5924629718992737,0.8450000000000001,0.0,0.0,2.1607384967585594,0.03,0.03,0.15,0.39071842802188406,1.1376928375909858,True
14,2,1,0.7904222633405145,-0.4441458239292209,0.8450000000000001,0.0,0.0,1.2554694732359113,0.03,0.03,0.15,0.3470598606988448,0.8280541362753827,True
15,2,1,0.5416081353392009,-0.3712005211769981,0.8463139343597715,0.0,0.0,1.229479264057435,0.054134322788396395,0.054134322788396395,0.1526278687195431,0.4097967158163698,1.0988073594753995,True
16,2,1,0.6196397763939073,-0.49330568227416194,0.8450000000000001,0.0,0.0,1.398150718403959,0.03,0.03,0.15,0.06657326165652372,0.9954725018146433,True
17,2,1,1.0173436579329576,-0.19059038865349598,0.8450000000000001,0.0,0.0,3.237560583137101,0.030949087511876475,0.030949087511876475,0.15,0.46209504282384484,0.8447135038783611,True
18,0,1,0.5417569839073215,-0.8237266842237777,0.86,0.0,0.0,5.884913832379928,0.03,0.038065930303991205,0.09,0.49737633363104267,1.1421342258135292,True
19,0,1,0.9152075292449572,-0.586693195478273,0.86,0.0,0.0,1.665193954747841,0.03,0.03,0.09,0.49154273304221313,0.84042965735197,True
20,0,1,0.7615215496799965,-0.5760264816839229,0.9239010703046074,0.0,0.0,1.950546768825297,0.03,0.03,0.15390107030460742,0.49098699650247385,0.8890047348660569,True
R
0.0,0.0,0.0,0.0,0.0,0.0,1.0
S
8
torso_lift_joint,0
r_shoulder_pan_joint,-1.69017
r_shoulder_lift_joint,-0.0788625
r_upper_arm_roll_joint,-1.69017
r_elbow_flex_joint,-1.2717
r_forearm_roll_joint,-0.151824
r_wrist_flex_joint,-1.25254
r_wrist_roll_joint,0.675062
G
0.678534,-0.308485,0.86,2.99777,-3.14159,3.14159
ooi
6
A
599
0.310248,-0.673113
0.312203,-0.672435
0.314157,-0.671757
0.316112,-0.671078
0.318066,-0.6704
0.320021,-0.669722
0.321975,-0.669044
0.32393,-0.668366
0.325885,-0.667687
0.327839,-0.667009
0.329794,-0.666331
0.331748,-0.665653
0.333703,-0.664975
0.335657,-0.664296
0.337612,-0.663618
0.339566,-0.66294
0.341521,-0.662262
0.343476,-0.661583
0.34543,-0.660905
0.347385,-0.660227
0.349339,-0.659549
0.351294,-0.658871
0.353248,-0.658192
0.355203,-0.657514
0.357157,-0.656836
0.359112,-0.656158
0.361066,-0.65548
0.363021,-0.654801
0.364976,-0.654123
0.36693,-0.653445
0.368885,-0.652767
0.370839,-0.652089
0.372794,-0.65141
0.374748,-0.650732
0.376703,-0.650054
0.378657,-0.649376
0.380612,-0.648697
0.382567,-0.648019
0.384521,-0.647341
0.386476,-0.646663
0.38843,-0.645985
0.390385,-0.645306
0.392339,-0.644628
0.394294,-0.64395
0.396248,-0.643272
0.398203,-0.642594
0.400157,-0.641915
0.402112,-0.641237
0.404067,-0.640559
0.406021,-0.639881
0.407976,-0.639203
0.40993,-0.638524
0.411885,-0.637846
0.413839,-0.637168
0.415794,-0.63649
0.417748,-0.635811
0.419703,-0.635133
0.421658,-0.634455
0.423612,-0.633777
0.425567,-0.633099
0.427521,-0.63242
0.429476,-0.631742
0.43143,-0.631064
0.433385,-0.630386
0.435339,-0.629708
0.437294,-0.629029
0.439248,-0.628351
0.441203,-0.627673
0.443158,-0.626995
0.445112,-0.626317
0.447067,-0.625638
0.449021,-0.62496
0.450976,-0.624282
0.45293,-0.623604
0.454885,-0.622925
0.456839,-0.622247
0.458794,-0.621569
0.460749,-0.620891
0.462703,-0.620213
0.464658,-0.619534
0.466612,-0.618856
0.468567,-0.618178
0.470521,-0.6175
0.472476,-0.616822
0.47443,-0.616143
0.476385,-0.615465
0.478339,-0.614787
0.480294,-0.614109
0.482249,-0.61343
0.484203,-0.612752
0.486158,-0.612074
0.488112,-0.611396
0.490067,-0.610718
0.492021,-0.610039
0.493976,-0.609361
0.49593,-0.608683
0.497885,-0.608005
0.49984,-0.607327
0.501794,-0.606648
0.503749,-0.60597
0.505703,-0.605292
0.507658,-0.604614
0.509612,-0.603936
0.511567,-0.603257
0.513521,-0.602579
0.515476,-0.601901
0.51743,-0.601223
0.519385,-0.600544
0.52134,-0.599866
0.523294,-0.599188
0.525249,-0.59851
0.527203,-0.597832
0.529158,-0.597153
0.531112,-0.596475
0.533067,-0.595797
0.535021,-0.595119
0.536976,-0.594441
0.538931,-0.593762
0.540885,-0.593084
0.54284,-0.592406
0.544794,-0.591728
0.546749,-0.59105
0.548703,-0.590371
0.550658,-0.589693
0.552612,-0.589015
0.554567,-0.588337
0.556521,-0.587658
0.558476,-0.58698
0.560431,-0.586302
0.562385,-0.585624
0.56434,-0.584946
0.566294,-0.584267
0.568249,-0.583589
0.570203,-0.582911
0.572158,-0.582233
0.574112,-0.581555
0.576067,-0.580876
0.578022,-0.580198
0.579976,-0.57952
0.581931,-0.578842
0.583885,-0.578164
0.58584,-0.577485
0.587794,-0.576807
0.589749,-0.576129
0.591703,-0.575451
0.593658,-0.574772
0.595612,-0.574094
0.597567,-0.573416
0.599522,-0.572738
0.601476,-0.57206
0.603431,-0.571381
0.603463,-0.570788
0.603496,-0.570195
0.603528,-0.569602
0.603561,-0.56901
0.603593,-0.568417
0.603625,-0.567824
0.603658,-0.567231
0.60369,-0.566638
0.603723,-0.566045
0.603755,-0.565452
0.603788,-0.564859
0.60382,-0.564266
0.603853,-0.563673
0.603885,-0.56308
0.603918,-0.562487
0.60395,-0.561894
0.603983,-0.561301
0.604015,-0.560708
0.604048,-0.560115
0.60408,-0.559522
0.604112,-0.558929
0.604145,-0.558336
0.604177,-0.557743
0.60421,-0.55715
0.604242,-0.556557
0.604275,-0.555964
0.604307,-0.555371
0.60434,-0.554778
0.604372,-0.554185
0.604405,-0.553592
0.604437,-0.552999
0.60447,-0.552406
0.604502,-0.551813
0.604534,-0.55122
0.604567,-0.550627
0.604599,-0.550035
0.604632,-0.549442
0.604664,-0.548849
0.604697,-0.548256
0.604729,-0.547663
0.604762,-0.54707
0.604794,-0.546477
0.604827,-0.545884
0.604859,-0.545291
0.604892,-0.544698
0.604924,-0.544105
0.604957,-0.543512
0.604989,-0.542919
0.605021,-0.542326
0.605054,-0.541733
0.605086,-0.54114
0.605119,-0.540547
0.605151,-0.539954
0.605184,-0.539361
0.605216,-0.538768
0.605249,-0.538175
0.605281,-0.537582
0.605314,-0.536989
0.605346,-0.536396
0.605379,-0.535803
0.605411,-0.53521
0.605444,-0.534617
0.605476,-0.534024
0.605508,-0.533431
0.605541,-0.532838
0.605573,-0.532245
0.605606,-0.531652
0.605638,-0.53106
0.605671,-0.530467
0.605703,-0.529874
0.605736,-0.529281
0.605768,-0.528688
0.605801,-0.528095
0.605833,-0.527502
0.605866,-0.526909
0.605898,-0.526316
0.60593,-0.525723
0.605963,-0.52513
0.605995,-0.524537
0.606028,-0.523944
0.60606,-0.523351
0.606093,-0.522758
0.606125,-0.522165
0.606158,-0.521572
0.60619,-0.520979
0.606223,-0.520386
0.606255,-0.519793
0.606288,-0.5192
0.60632,-0.518607
0.606353,-0.518014
0.606385,-0.517421
0.606417,-0.516828
0.60645,-0.516235
0.606482,-0.515642
0.606515,-0.515049
0.606547,-0.514456
0.60658,-0.513863
0.606612,-0.51327
0.606645,-0.512677
0.606677,-0.512085
0.60671,-0.511492
0.606742,-0.510899
0.606775,-0.510306
0.606807,-0.509713
0.60684,-0.50912
0.606872,-0.508527
0.606904,-0.507934
0.606937,-0.507341
0.606969,-0.506748
0.607002,-0.506155
0.607034,-0.505562
0.607067,-0.504969
0.607099,-0.504376
0.607132,-0.503783
0.607164,-0.50319
0.607197,-0.502597
0.607229,-0.502004
0.607262,-0.501411
0.607294,-0.500818
0.607326,-0.500225
0.607359,-0.499632
0.607391,-0.499039
0.607424,-0.498446
0.607456,-0.497853
0.607489,-0.49726
0.607521,-0.496667
0.607554,-0.496074
0.607586,-0.495481
0.607619,-0.494888
0.607651,-0.494295
0.607684,-0.493702
0.607716,-0.49311
0.607749,-0.492517
0.607781,-0.491924
0.607813,-0.491331
0.607846,-0.490738
0.607878,-0.490145
0.607911,-0.489552
0.607943,-0.488959
0.607976,-0.488366
0.608008,-0.487773
0.608041,-0.48718
0.608073,-0.486587
0.608106,-0.485994
0.608138,-0.485401
0.608171,-0.484808
0.608203,-0.484215
0.608236,-0.483622
0.608268,-0.483029
0.608355,-0.482059
0.608443,-0.481088
0.60853,-0.480118
0.608618,-0.479148
0.608705,-0.478177
0.608793,-0.477207
0.60888,-0.476237
0.608968,-0.475266
0.609055,-0.474296
0.609142,-0.473325
0.60923,-0.472355
0.609317,-0.471385
0.609405,-0.470414
0.609492,-0.469444
0.60958,-0.468474
0.609667,-0.467503
0.609754,-0.466533
0.609842,-0.465563
0.609929,-0.464592
0.610017,-0.463622
0.610104,-0.462651
0.610192,-0.461681
0.610279,-0.460711
0.610367,-0.45974
0.610454,-0.45877
0.610541,-0.4578
0.610629,-0.456829
0.610716,-0.455859
0.610804,-0.454889
0.610891,-0.453918
0.610979,-0.452948
0.611066,-0.451977
0.611154,-0.451007
0.611241,-0.450037
0.611328,-0.449066
0.611416,-0.448096
0.611503,-0.447126
0.611591,-0.446155
0.611678,-0.445185
0.611766,-0.444215
0.611853,-0.443244
0.611941,-0.442274
0.612028,-0.441303
0.612115,-0.440333
0.612203,-0.439363
0.61229,-0.438392
0.612378,-0.437422
0.612465,-0.436452
0.612553,-0.435481
0.61264,-0.434511
0.612728,-0.433541
0.612815,-0.43257
0.612902,-0.4316
0.61299,-0.430629
0.613077,-0.429659
0.613165,-0.428689
0.613252,-0.427718
0.61334,-0.426748
0.613427,-0.425778
0.613514,-0.424807
0.613602,-0.423837
0.613689,-0.422867
0.613777,-0.421896
0.613864,-0.420926
0.613952,-0.419955
0.614039,-0.418985
0.614127,-0.418015
0.614214,-0.417044
0.614301,-0.416074
0.614389,-0.415104
0.614476,-0.414133
0.614564,-0.413163
0.614651,-0.412193
0.614739,-0.411222
0.614826,-0.410252
0.614914,-0.409281
0.615001,-0.408311
0.615088,-0.407341
0.615176,-0.40637
0.615263,-0.4054
0.615351,-0.40443
0.615438,-0.403459
0.615526,-0.402489
0.615613,-0.401519
0.615701,-0.400548
0.615788,-0.399578
0.615875,-0.398607
0.615963,-0.397637
0.61605,-0.396667
0.616138,-0.395696
0.616225,-0.394726
0.616313,-0.393756
0.6164,-0.392785
0.616488,-0.391815
0.616575,-0.390845
0.616662,-0.389874
0.61675,-0.388904
0.616837,-0.387933
0.616925,-0.386963
0.617012,-0.385993
0.6171,-0.385022
0.617187,-0.384052
0.617274,-0.383082
0.617362,-0.382111
0.617449,-0.381141
0.617537,-0.380171
0.617624,-0.3792
0.617712,-0.37823
0.617799,-0.377259
0.617887,-0.376289
0.617974,-0.375319
0.618061,-0.374348
0.618149,-0.373378
0.618236,-0.372408
0.618324,-0.371437
0.618411,-0.370467
0.618499,-0.369497
0.618586,-0.368526
0.618674,-0.367556
0.618761,-0.366585
0.618848,-0.365615
0.618936,-0.364645
0.619023,-0.363674
0.619111,-0.362704
0.619198,-0.361734
0.619286,-0.360763
0.619373,-0.359793
0.619461,-0.358823
0.619548,-0.357852
0.619635,-0.356882
0.619723,-0.355911
0.61981,-0.354941
0.619898,-0.353971
0.619985,-0.353
0.620073,-0.35203
0.62016,-0.35106
0.620248,-0.350089
0.620335,-0.349119
0.620422,-0.348149
0.62051,-0.347178
0.620597,-0.346208
0.620685,-0.345237
0.620772,-0.344267
0.62086,-0.343297
0.620947,-0.342326
0.621034,-0.341356
0.621122,-0.340386
0.621209,-0.339415
0.621297,-0.338445
0.621384,-0.337475
0.621768,-0.33728
0.622151,-0.337085
0.622535,-0.336891
0.622918,-0.336696
0.623302,-0.336502
0.623686,-0.336307
0.624069,-0.336113
0.624453,-0.335918
0.624836,-0.335724
0.62522,-0.335529
0.625603,-0.335334
0.625987,-0.33514
0.626371,-0.334945
0.626754,-0.334751
0.627138,-0.334556
0.627521,-0.334362
0.627905,-0.334167
0.628288,-0.333972
0.628672,-0.333778
0.629055,-0.333583
0.629439,-0.333389
0.629823,-0.333194
0.630206,-0.333
0.63059,-0.332805
0.630973,-0.332611
0.631357,-0.332416
0.63174,-0.332221
0.632124,-0.332027
0.632507,-0.331832
0.632891,-0.331638
0.633275,-0.331443
0.633658,-0.331249
0.634042,-0.331054
0.634425,-0.33086
0.634809,-0.330665
0.635192,-0.33047
0.635576,-0.330276
0.635959,-0.330081
0.636343,-0.329887
0.636727,-0.329692
0.63711,-0.329498
0.637494,-0.329303
0.637877,-0.329108
0.638261,-0.328914
0.638644,-0.328719
0.639028,-0.328525
0.639411,-0.32833
0.639795,-0.328136
0.640179,-0.327941
0.640562,-0.327747
0.640946,-0.327552
0.641329,-0.327357
0.641713,-0.327163
0.642096,-0.326968
0.64248,-0.326774
0.642863,-0.326579
0.643247,-0.326385
0.643631,-0.32619
0.644014,-0.325995
0.644398,-0.325801
0.644781,-0.325606
0.645165,-0.325412
0.645548,-0.325217
0.645932,-0.325023
0.646315,-0.324828
0.646699,-0.324634
0.647083,-0.324439
0.647466,-0.324244
0.64785,-0.32405
0.648233,-0.323855
0.648617,-0.323661
0.649,-0.323466
0.649384,-0.323272
0.649768,-0.323077
0.650151,-0.322883
0.650535,-0.322688
0.650918,-0.322493
0.651302,-0.322299
0.651685,-0.322104
0.652069,-0.32191
0.652452,-0.321715
0.652836,-0.321521
0.65322,-0.321326
0.653603,-0.321131
0.653987,-0.320937
0.65437,-0.320742
0.654754,-0.320548
0.655137,-0.320353
0.655521,-0.320159
0.655904,-0.319964
0.656288,-0.31977
0.656672,-0.319575
0.657055,-0.31938
0.657439,-0.319186
0.657822,-0.318991
0.658206,-0.318797
0.658589,-0.318602
0.658973,-0.318408
0.659356,-0.318213
0.65974,-0.318018
0.660124,-0.317824
0.660507,-0.317629
0.660891,-0.317435
0.661274,-0.31724
0.661658,-0.317046
0.662041,-0.316851
0.662425,-0.316657
0.662808,-0.316462
0.663192,-0.316267
0.663576,-0.316073
0.663959,-0.315878
0.664343,-0.315684
0.664726,-0.315489
0.66511,-0.315295
0.665493,-0.3151
0.665877,-0.314906
0.66626,-0.314711
0.666644,-0.314516
0.667028,-0.314322
0.667411,-0.314127
0.667795,-0.313933
0.668178,-0.313738
0.668562,-0.313544
0.668945,-0.313349
0.669329,-0.313154
0.669713,-0.31296
0.670096,-0.312765
0.67048,-0.312571
0.670863,-0.312376
0.671247,-0.312182
0.67163,-0.311987
0.672014,-0.311793
0.672397,-0.311598
0.672781,-0.311403
0.673165,-0.311209
0.673548,-0.311014
0.673932,-0.31082
0.674315,-0.310625
0.674699,-0.310431
0.675082,-0.310236
0.675466,-0.310041
0.675849,-0.309847
0.676233,-0.309652
0.676617,-0.309458
0.677,-0.309263
0.677384,-0.309069
0.677767,-0.308874
0.678151,-0.30868
0.678534,-0.308485
