O
20
1,0,-1,0.78,-0.5,0.75,0.0,0.0,0.0,0.3,0.4,0.02,0,0.8,False
2,0,-1,1.1,-0.5,0.93,0.0,0.0,0.0,0.02,0.4,0.2,0,0.8,False
3,0,-1,0.78,-0.5,1.11,0.0,0.0,0.0,0.3,0.4,0.02,0,0.8,False
4,0,-1,0.8,-0.92,0.93,0.0,0.0,0.0,0.32,0.02,0.2,0,0.8,False
5,0,-1,0.8,-0.08,0.93,0.0,0.0,0.0,0.32,0.02,0.2,0,0.8,False
6,0,0,0.802161352881741,-0.5621408423478418,0.86,0.0,0.0,1.2785440365638092,0.03,0.05693276817938522,0.09,0.40803446465012233,1.0630974360111491,False
7,2,0,0.9837495985456817,-0.8131924167599559,0.8675418326802048,0.0,0.0,1.8821765247673155,0.03,0.03,0.19508366536040941,0.08059382812392984,0.8064046852871816,False
8,2,0,0.6060712605346881,-0.19492036859162165,0.8450000000000001,0.0,0.0,2.1851958757924224,0.05730884107353811,0.05730884107353811,0.15,0.2634546335637178,0.9658788978289945,False
9,0,0,0.8963662839422206,-0.2322718314736465,0.8651718736427484,0.0,0.0,1.4363458588982594,0.06798934211520247,0.046106844351780314,0.09517187364274836,0.12141059190786158,1.008186634764761,False
10,0,0,0.6097958925271325,-0.7410575060051771,0.8663039927538689,0.0,0.0,6.207883277203799,0.03,0.03,0.09630399275386897,0.4525327345577876,0.8405056406401259,False
11,2,1,0.8676853321473808,-0.8405772994460037,0.8450000000000001,0.0,0.0,1.0753841987538282,0.03,0.03,0.15,0.4466538478778069,1.1603082040248505,True
12,0,1,0.6934532971724752,-0.3675405122718479,0.86,0.0,0.0,3.5195146834653745,0.04611704345892731,0.03,0.09,0.42338185631594644,1.1387890369862332,True
13,2,1,0.7354420959090515,-0.7725488250574291,0.8450000000000001,0.0,0.0,1.566149015828486,0.03,0.03,0.15,0.4574411022273739,1.194224633601665,True
14,0,1,1.0067289917553546,-0.6185317354077897,0.86,0.0,0.0,1.6565088476433616,0.03,0.03,0.09,0.42699755642693293,0.9803660814885728,True
15,0,1,0.6221633124271614,-0.5683465837787725,0.9090867290476903,0.0,0.0,3.3407168026644563,0.0516058904501982,0.06584618272850025,0.13908672904769023,0.04207839243910849,1.1494095277621448,True
16,0,1,0.5401364973384234,-0.39399448285625605,0.899721985980102,0.0,0.0,2.0744386319917174,0.03,0.03,0.12972198598010198,0.14023267912632364,0.965001652022843,True
17,0,1,0.8566014360409903,-0.46826556975103517,0.8709292208045768,0.0,0.0,3.324151958258095,0.03,0.03,0.10092922080457674,0.06954923198624602,1.0793737076633327,True
18,2,1,0.6539485185215332,-0.8302726995601553,0.8450000000000001,0.0,0.0,0.5514145769276091,0.03,0.03,0.15,0.49527376076875523,0.9748413282017072,True
19,0,1,0.7517018395418223,-0.1867345199470859,0.86,0.0,0.0,2.624050904543744,0.03,0.04070681716342036,0.09,0.24465893114633352,1.185182357017345,True
20,2,1,0.5149545757287357,-0.8319296940712332,0.8450000000000001,0.0,0.0,3.116993345175679,0.03,0.03,0.15,0.3355792838173666,0.8557062817698936,True
R
0.0,0.0,0.0,0.0,0.0,0.0,1.0
S
8
torso_lift_joint,0
r_shoulder_pan_joint,-1.69017
r_shoulder_lift_joint,-0.0788625
r_upper_arm_roll_joint,-1.69017
r_elbow_flex_joint,-1.2717
r_forearm_roll_joint,-0.151824
r_wrist_flex_joint,-1.25254
r_wrist_roll_joint,0.675062
G
0.704551,-0.532773,0.86,2.84934,-3.14159,3.14159
ooi
6
A
599
0.310248,-0.673113
0.311432,-0.672626
0.312616,-0.672139
0.3138,-0.671652
0.314984,-0.671165
0.316168,-0.670678
0.317352,-0.670191
0.318536,-0.669705
0.31972,-0.669218
0.320904,-0.668731
0.322088,-0.668244
0.323272,-0.667757
0.324456,-0.66727
0.32564,-0.666783
0.326824,-0.666296
0.328008,-0.665809
0.329191,-0.665322
0.330375,-0.664835
0.331559,-0.664348
0.332743,-0.663861
0.333927,-0.663374
0.335111,-0.662887
0.336295,-0.662401
0.337479,-0.661914
0.338663,-0.661427
0.339847,-0.66094
0.341031,-0.660453
0.342215,-0.659966
0.343399,-0.659479
0.344583,-0.658992
0.345767,-0.658505
0.346951,-0.658018
0.348135,-0.657531
0.349319,-0.657044
0.350503,-0.656557
0.351687,-0.65607
0.352871,-0.655583
0.354055,-0.655097
0.355239,-0.65461
0.356423,-0.654123
0.357606,-0.653636
0.35879,-0.653149
0.359974,-0.652662
0.361158,-0.652175
0.362342,-0.651688
0.363526,-0.651201
0.36471,-0.650714
0.365894,-0.650227
0.367078,-0.64974
0.368262,-0.649253
0.369446,-0.648766
0.37063,-0.648279
0.371814,-0.647793
0.372998,-0.647306
0.374182,-0.646819
0.375366,-0.646332
0.37655,-0.645845
0.377734,-0.645358
0.378918,-0.644871
0.380102,-0.644384
0.381286,-0.643897
0.38247,-0.64341
0.383654,-0.642923
0.384838,-0.642436
0.386021,-0.641949
0.387205,-0.641462
0.388389,-0.640975
0.389573,-0.640488
0.390757,-0.640002
0.391941,-0.639515
0.393125,-0.639028
0.394309,-0.638541
0.395493,-0.638054
0.396677,-0.637567
0.397861,-0.63708
0.399045,-0.636593
0.400229,-0.636106
0.401413,-0.635619
0.402597,-0.635132
0.403781,-0.634645
0.404965,-0.634158
0.406149,-0.633671
0.407333,-0.633184
0.408517,-0.632698
0.409701,-0.632211
0.410885,-0.631724
0.412069,-0.631237
0.413252,-0.63075
0.414436,-0.630263
0.41562,-0.629776
0.416804,-0.629289
0.417988,-0.628802
0.419172,-0.628315
0.420356,-0.627828
0.42154,-0.627341
0.422724,-0.626854
0.423908,-0.626367
0.425092,-0.62588
0.426276,-0.625394
0.42746,-0.624907
0.428644,-0.62442
0.429828,-0.623933
0.431012,-0.623446
0.432196,-0.622959
0.43338,-0.622472
0.434564,-0.621985
0.435748,-0.621498
0.436932,-0.621011
0.438116,-0.620524
0.4393,-0.620037
0.440484,-0.61955
0.441667,-0.619063
0.442851,-0.618576
0.444035,-0.61809
0.445219,-0.617603
0.446403,-0.617116
0.447587,-0.616629
0.448771,-0.616142
0.449955,-0.615655
0.451139,-0.615168
0.452323,-0.614681
0.453507,-0.614194
0.454691,-0.613707
0.455875,-0.61322
0.457059,-0.612733
0.458243,-0.612246
0.459427,-0.611759
0.460611,-0.611272
0.461795,-0.610786
0.462979,-0.610299
0.464163,-0.609812
0.465347,-0.609325
0.466531,-0.608838
0.467715,-0.608351
0.468898,-0.607864
0.470082,-0.607377
0.471266,-0.60689
0.47245,-0.606403
0.473634,-0.605916
0.474818,-0.605429
0.476002,-0.604942
0.477186,-0.604455
0.47837,-0.603968
0.479554,-0.603482
0.480738,-0.602995
0.481922,-0.602508
0.483106,-0.602021
0.48429,-0.601534
0.485474,-0.601047
0.486658,-0.60056
0.487842,-0.600073
0.488584,-0.599834
0.489326,-0.599596
0.490068,-0.599357
0.49081,-0.599119
0.491552,-0.59888
0.492294,-0.598642
0.493037,-0.598404
0.493779,-0.598165
0.494521,-0.597927
0.495263,-0.597688
0.496005,-0.59745
0.496747,-0.597211
0.497489,-0.596973
0.498231,-0.596734
0.498974,-0.596496
0.499716,-0.596257
0.500458,-0.596019
0.5012,-0.59578
0.501942,-0.595542
0.502684,-0.595303
0.503426,-0.595065
0.504168,-0.594826
0.50491,-0.594588
0.505653,-0.594349
0.506395,-0.594111
0.507137,-0.593872
0.507879,-0.593634
0.508621,-0.593395
0.509363,-0.593157
0.510105,-0.592918
0.510847,-0.59268
0.511589,-0.592441
0.512332,-0.592203
0.513074,-0.591964
0.513816,-0.591726
0.514558,-0.591487
0.5153,-0.591249
0.516042,-0.59101
0.516784,-0.590772
0.517526,-0.590533
0.518268,-0.590295
0.519011,-0.590056
0.519753,-0.589818
0.520495,-0.589579
0.521237,-0.589341
0.521979,-0.589102
0.522721,-0.588864
0.523463,-0.588625
0.524205,-0.588387
0.524948,-0.588148
0.52569,-0.58791
0.526432,-0.587671
0.527174,-0.587433
0.527916,-0.587194
0.528658,-0.586956
0.5294,-0.586717
0.530142,-0.586479
0.530884,-0.58624
0.531627,-0.586002
0.532369,-0.585763
0.533111,-0.585525
0.533853,-0.585286
0.534595,-0.585048
0.535337,-0.584809
0.536079,-0.584571
0.536821,-0.584332
0.537563,-0.584094
0.538306,-0.583855
0.539048,-0.583617
0.53979,-0.583378
0.540532,-0.58314
0.541274,-0.582901
0.542016,-0.582663
0.542758,-0.582425
0.5435,-0.582186
0.544242,-0.581948
0.544985,-0.581709
0.545727,-0.581471
0.546469,-0.581232
0.547211,-0.580994
0.547953,-0.580755
0.548695,-0.580517
0.549437,-0.580278
0.550179,-0.58004
0.550922,-0.579801
0.551664,-0.579563
0.552406,-0.579324
0.553148,-0.579086
0.55389,-0.578847
0.554632,-0.578609
0.555374,-0.57837
0.556116,-0.578132
0.556858,-0.577893
0.557601,-0.577655
0.558343,-0.577416
0.559085,-0.577178
0.559827,-0.576939
0.560569,-0.576701
0.561311,-0.576462
0.562053,-0.576224
0.562795,-0.575985
0.563537,-0.575747
0.56428,-0.575508
0.565022,-0.57527
0.565764,-0.575031
0.566506,-0.574793
0.567248,-0.574554
0.56799,-0.574316
0.568732,-0.574077
0.569474,-0.573839
0.570216,-0.5736
0.570959,-0.573362
0.571701,-0.573123
0.572443,-0.572885
0.573185,-0.572646
0.573927,-0.572408
0.574669,-0.572169
0.575411,-0.571931
0.576153,-0.571692
0.576896,-0.571454
0.577638,-0.571215
0.57838,-0.570977
0.579122,-0.570738
0.579864,-0.5705
0.580606,-0.570261
0.581348,-0.570023
0.58209,-0.569784
0.582832,-0.569546
0.583575,-0.569307
0.584317,-0.569069
0.585059,-0.56883
0.585801,-0.568592
0.586543,-0.568353
0.587285,-0.568115
0.588027,-0.567876
0.588769,-0.567638
0.589511,-0.567399
0.590254,-0.567161
0.590996,-0.566923
0.591738,-0.566684
0.59248,-0.566446
0.593222,-0.566207
0.593964,-0.565969
0.594706,-0.56573
0.595448,-0.565492
0.59619,-0.565253
0.596933,-0.565015
0.597675,-0.564776
0.598417,-0.564538
0.599233,-0.565072
0.600049,-0.565606
0.600865,-0.566141
0.601682,-0.566675
0.602498,-0.56721
0.603314,-0.567744
0.60413,-0.568278
0.604946,-0.568813
0.605763,-0.569347
0.606579,-0.569882
0.607395,-0.570416
0.608211,-0.57095
0.609027,-0.571485
0.609844,-0.572019
0.61066,-0.572554
0.611476,-0.573088
0.612292,-0.573623
0.613109,-0.574157
0.613925,-0.574691
0.614741,-0.575226
0.615557,-0.57576
0.616373,-0.576295
0.61719,-0.576829
0.618006,-0.577363
0.618822,-0.577898
0.619638,-0.578432
0.620454,-0.578967
0.621271,-0.579501
0.622087,-0.580035
0.622903,-0.58057
0.623719,-0.581104
0.624535,-0.581639
0.625352,-0.582173
0.626168,-0.582707
0.626984,-0.583242
0.6278,-0.583776
0.628616,-0.584311
0.629433,-0.584845
0.630249,-0.58538
0.631065,-0.585914
0.631881,-0.586448
0.632697,-0.586983
0.633514,-0.587517
0.63433,-0.588052
0.635146,-0.588586
0.635962,-0.58912
0.636778,-0.589655
0.637595,-0.590189
0.638411,-0.590724
0.639227,-0.591258
0.640043,-0.591792
0.640859,-0.592327
0.641676,-0.592861
0.642492,-0.593396
0.643308,-0.59393
0.644124,-0.594465
0.644941,-0.594999
0.645757,-0.595533
0.646573,-0.596068
0.647389,-0.596602
0.648205,-0.597137
0.649022,-0.597671
0.649838,-0.598205
0.650654,-0.59874
0.65147,-0.599274
0.652286,-0.599809
0.653103,-0.600343
0.653919,-0.600877
0.654735,-0.601412
0.655551,-0.601946
0.656367,-0.602481
0.657184,-0.603015
0.658,-0.603549
0.658816,-0.604084
0.659632,-0.604618
0.660448,-0.605153
0.661265,-0.605687
0.662081,-0.606222
0.662897,-0.606756
0.663713,-0.60729
0.664529,-0.607825
0.665346,-0.608359
0.666162,-0.608894
0.666978,-0.609428
0.667794,-0.609962
0.66861,-0.610497
0.669427,-0.611031
0.670243,-0.611566
0.671059,-0.6121
0.671875,-0.612634
0.672691,-0.613169
0.673508,-0.613703
0.674324,-0.614238
0.67514,-0.614772
0.675956,-0.615306
0.676772,-0.615841
0.677589,-0.616375
0.678405,-0.61691
0.679221,-0.617444
0.680037,-0.617979
0.680854,-0.618513
0.68167,-0.619047
0.682486,-0.619582
0.683302,-0.620116
0.684118,-0.620651
0.684935,-0.621185
0.685751,-0.621719
0.686567,-0.622254
0.687383,-0.622788
0.688199,-0.623323
0.689016,-0.623857
0.689832,-0.624391
0.690648,-0.624926
0.691464,-0.62546
0.69228,-0.625995
0.693097,-0.626529
0.693913,-0.627063
0.694729,-0.627598
0.695545,-0.628132
0.696361,-0.628667
0.697178,-0.629201
0.697994,-0.629736
0.69881,-0.63027
0.699626,-0.630804
0.700442,-0.631339
0.701259,-0.631873
0.702075,-0.632408
0.702891,-0.632942
0.703707,-0.633476
0.704523,-0.634011
0.70534,-0.634545
0.706156,-0.63508
0.706972,-0.635614
0.707788,-0.636148
0.708604,-0.636683
0.709421,-0.637217
0.710237,-0.637752
0.711053,-0.638286
0.711869,-0.63882
0.712686,-0.639355
0.713502,-0.639889
0.714318,-0.640424
0.715134,-0.640958
0.71595,-0.641493
0.716767,-0.642027
0.717583,-0.642561
0.718399,-0.643096
0.719215,-0.64363
0.720031,-0.644165
0.720848,-0.644699
0.720738,-0.643948
0.720629,-0.643197
0.720519,-0.642445
0.72041,-0.641694
0.720301,-0.640943
0.720191,-0.640192
0.720082,-0.639441
0.719973,-0.63869
0.719863,-0.637938
0.719754,-0.637187
0.719644,-0.636436
0.719535,-0.635685
0.719426,-0.634934
0.719316,-0.634182
0.719207,-0.633431
0.719098,-0.63268
0.718988,-0.631929
0.718879,-0.631178
0.718769,-0.630427
0.71866,-0.629675
0.718551,-0.628924
0.718441,-0.628173
0.718332,-0.627422
0.718223,-0.626671
0.718113,-0.625919
0.718004,-0.625168
0.717894,-0.624417
0.717785,-0.623666
0.717676,-0.622915
0.717566,-0.622164
0.717457,-0.621412
0.717348,-0.620661
0.717238,-0.61991
0.717129,-0.619159
0.717019,-0.618408
0.71691,-0.617656
0.716801,-0.616905
0.716691,-0.616154
0.716582,-0.615403
0.716473,-0.614652
0.716363,-0.613901
0.716254,-0.613149
0.716144,-0.612398
0.716035,-0.611647
0.715926,-0.610896
0.715816,-0.610145
0.715707,-0.609393
0.715598,-0.608642
0.715488,-0.607891
0.715379,-0.60714
0.715269,-0.606389
0.71516,-0.605638
0.715051,-0.604886
0.714941,-0.604135
0.714832,-0.603384
0.714723,-0.602633
0.714613,-0.601882
0.714504,-0.60113
0.714394,-0.600379
0.714285,-0.599628
0.714176,-0.598877
0.714066,-0.598126
0.713957,-0.597375
0.713848,-0.596623
0.713738,-0.595872
0.713629,-0.595121
0.713519,-0.59437
0.71341,-0.593619
0.713301,-0.592868
0.713191,-0.592116
0.713082,-0.591365
0.712973,-0.590614
0.712863,-0.589863
0.712754,-0.589112
0.712644,-0.58836
0.712535,-0.587609
0.712426,-0.586858
0.712316,-0.586107
0.712207,-0.585356
0.712098,-0.584605
0.711988,-0.583853
0.711879,-0.583102
0.71177,-0.582351
0.71166,-0.5816
0.711551,-0.580849
0.711441,-0.580097
0.711332,-0.579346
0.711223,-0.578595
0.711113,-0.577844
0.711004,-0.577093
0.710895,-0.576342
0.710785,-0.57559
0.710676,-0.574839
0.710566,-0.574088
0.710457,-0.573337
0.710348,-0.572586
0.710238,-0.571834
0.710129,-0.571083
0.71002,-0.570332
0.70991,-0.569581
0.709801,-0.56883
0.709691,-0.568079
0.709582,-0.567327
0.709473,-0.566576
0.709363,-0.565825
0.709254,-0.565074
0.709145,-0.564323
0.709035,-0.563571
0.708926,-0.56282
0.708816,-0.562069
0.708707,-0.561318
0.708598,-0.560567
0.708488,-0.559816
0.708379,-0.559064
0.70827,-0.558313
0.70816,-0.557562
0.708051,-0.556811
0.707941,-0.55606
0.707832,-0.555308
0.707723,-0.554557
0.707613,-0.553806
0.707504,-0.553055
0.707395,-0.552304
0.707285,-0.551553
0.707176,-0.550801
0.707066,-0.55005
0.706957,-0.549299
0.706848,-0.548548
0.706738,-0.547797
0.706629,-0.547045
0.70652,-0.546294
0.70641,-0.545543
0.706301,-0.544792
0.706191,-0.544041
0.706082,-0.54329
0.705973,-0.542538
0.705863,-0.541787
0.705754,-0.541036
0.705645,-0.540285
0.705535,-0.539534
0.705426,-0.538782
0.705316,-0.538031
0.705207,-0.53728
0.705098,-0.536529
0.704988,-0.535778
0.704879,-0.535027
0.70477,-0.534275
0.70466,-0.533524
0.704551,-0.532773
