O
20
1,0,-1,0.78,-0.5,0.75,0.0,0.0,0.0,0.3,0.4,0.02,0,0.8,False
2,0,-1,1.1,-0.5,0.93,0.0,0.0,0.0,0.02,0.4,0.2,0,0.8,False
3,0,-1,0.78,-0.5,1.11,0.0,0.0,0.0,0.3,0.4,0.02,0,0.8,False
4,0,-1,0.8,-0.92,0.93,0.0,0.0,0.0,0.32,0.02,0.2,0,0.8,False
5,0,-1,0.8,-0.08,0.93,0.0,0.0,0.0,0.32,0.02,0.2,0,0.8,False
6,0,0,0.6145645750783609,-0.37942850050259963,0.86,0.0,0.0,0.49618884251838036,0.0376485979320421,0.03093790674656708,0.09,0.1509721842812875,0.9446808864372385,False
7,2,0,0.8245735614420328,-0.660953361854761,0.8450000000000001,0.0,0.0,2.907267796843487,0.06997863062603144,0.06997863062603144,0.15,0.23932150670467944,0.8138340408009465,False
8,2,0,0.7703007392800362,-0.18235080743639043,0.8450000000000001,0.0,0.0,3.293994009410676,0.045893761089562675,0.045893761089562675,0.15,0.2850564801705625,1.0990942876680476,False
9,2,0,0.9753031280385491,-0.32509802972279267,0.8450000000000001,0.0,0.0,2.461165109424159,0.06636701474655092,0.06636701474655092,0.15,0.2931910109671279,1.0626999344260892,False
10,2,0,0.6033328611021433,-0.6765499419587186,0.8450000000000001,0.0,0.0,0.9483518627747678,0.03,0.03,0.15,0.1331623237434576,0.9446170358761207,False
11,2,1,0.5283039600341429,-0.801882751946528,0.8478894690740322,0.0,0.0,3.506206611097075,0.03,0.03,0.1557789381480642,0.39516630947247133,1.1804961223504429,True
12,2,1,0.7144675519527723,-0.39489743230979457,0.8450000000000001,0.0,0.0,2.7352836017109703,0.03,0.03,0.15,0.33886710924224167,1.1091633606399085,True
13,0,1,0.7611501584730115,-0.48822532648424016,0.86,0.0,0.0,1.437809055287304,0.03,0.05707158871697744,0.09,0.23300953205576158,1.095361309905666,True
14,2,1,0.9884734344403316,-0.5374868764823695,0.8450000000000001,0.0,0.0,3.9657516389013607,0.03,0.03,0.15,0.01605967510176398,1.1161212518622958,True
15,2,1,0.5239812173082695,-0.5572171627437681,0.8450000000000001,0.0,0.0,1.0433871743000733,0.04249122802978508,0.04249122802978508,0.15,0.4012785487029895,1.1646678628393903,True
16,2,1,0.9963616220085934,-0.7223515703353496,0.8450000000000001,0.0,0.0,5.999685664757201,0.033411624453327855,0.033411624453327855,0.15,0.22175047789663527,0.8405234215359076,True
17,2,1,0.8107844933981103,-0.3427439002700954,0.8450000000000001,0.0,0.0,4.415643003591898,0.03,0.03,0.15,0.04442129441200582,1.1907655044937109,True
18,0,1,0.5563666345539242,-0.170992998898428,0.86,0.0,0.0,1.0672252522979606,0.03,0.03,0.09,0.31698280043165833,1.0257844302717964,True
19,2,1,0.7187861027685281,-0.8101832907156028,0.8450000000000001,0.0,0.0,0.4787845662487521,0.03,0.03,0.15,0.233765521316756,1.0118054543853736,True
20,2,1,0.9778867774483402,-0.8497851611270214,0.8528259323846205,0.0,0.0,1.8158366688147485,0.03,0.03,0.16565186476924088,0.2766038272568527,0.8747559175877643,True
R
0.0,0.0,0.0,0.0,0.0,0.0,1.0
S
8
torso_lift_joint,0
r_shoulder_pan_joint,-1.69017
r_shoulder_lift_joint,-0.0788625
r_upper_arm_roll_joint,-1.69017
r_elbow_flex_joint,-1.2717
r_forearm_roll_joint,-0.151824
r_wrist_flex_joint,-1.25254
r_wrist_roll_joint,0.675062
G
0.541883,-0.418776,0.86,0.496189,-0,0
ooi
6
A
599
0.310248,-0.673113
0.311308,-0.672323
0.312368,-0.671532
0.313428,-0.670741
0.314488,-0.669951
0.315549,-0.66916
0.316609,-0.66837
0.317669,-0.667579
0.318729,-0.666789
0.319789,-0.665998
0.320849,-0.665208
0.321909,-0.664417
0.322969,-0.663627
0.324029,-0.662836
0.325089,-0.662045
0.326149,-0.661255
0.327209,-0.660464
0.328269,-0.659674
0.329329,-0.658883
0.330389,-0.658093
0.33145,-0.657302
0.33251,-0.656512
0.33357,-0.655721
0.33463,-0.654931
0.33569,-0.65414
0.33675,-0.65335
0.33781,-0.652559
0.33887,-0.651768
0.33993,-0.650978
0.34099,-0.650187
0.34205,-0.649397
0.34311,-0.648606
0.34417,-0.647816
0.34523,-0.647025
0.34629,-0.646235
0.347351,-0.645444
0.348411,-0.644654
0.349471,-0.643863
0.350531,-0.643073
0.351591,-0.642282
0.352651,-0.641491
0.353711,-0.640701
0.354771,-0.63991
0.355831,-0.63912
0.356891,-0.638329
0.357951,-0.637539
0.359011,-0.636748
0.360071,-0.635958
0.361131,-0.635167
0.362191,-0.634377
0.363252,-0.633586
0.364312,-0.632795
0.365372,-0.632005
0.366432,-0.631214
0.367492,-0.630424
0.368552,-0.629633
0.369612,-0.628843
0.370672,-0.628052
0.371732,-0.627262
0.372792,-0.626471
0.373852,-0.625681
0.374912,-0.62489
0.375972,-0.6241
0.377032,-0.623309
0.378092,-0.622518
0.379153,-0.621728
0.380213,-0.620937
0.381273,-0.620147
0.382333,-0.619356
0.383393,-0.618566
0.384453,-0.617775
0.385513,-0.616985
0.386573,-0.616194
0.387633,-0.615404
0.388693,-0.614613
0.389753,-0.613822
0.390813,-0.613032
0.391873,-0.612241
0.392933,-0.611451
0.393993,-0.61066
0.395054,-0.60987
0.396114,-0.609079
0.397174,-0.608289
0.398234,-0.607498
0.399294,-0.606708
0.400354,-0.605917
0.401414,-0.605127
0.402474,-0.604336
0.403534,-0.603545
0.404594,-0.602755
0.405654,-0.601964
0.406714,-0.601174
0.407774,-0.600383
0.408834,-0.599593
0.409894,-0.598802
0.410955,-0.598012
0.412015,-0.597221
0.413075,-0.596431
0.414135,-0.59564
0.415195,-0.594849
0.416255,-0.594059
0.417315,-0.593268
0.418375,-0.592478
0.419435,-0.591687
0.420495,-0.590897
0.421555,-0.590106
0.422615,-0.589316
0.423675,-0.588525
0.424735,-0.587735
0.425795,-0.586944
0.426856,-0.586154
0.427916,-0.585363
0.428976,-0.584572
0.430036,-0.583782
0.431096,-0.582991
0.432156,-0.582201
0.433216,-0.58141
0.434276,-0.58062
0.435336,-0.579829
0.436396,-0.579039
0.437456,-0.578248
0.438516,-0.577458
0.439576,-0.576667
0.440636,-0.575876
0.441696,-0.575086
0.442757,-0.574295
0.443817,-0.573505
0.444877,-0.572714
0.445937,-0.571924
0.446997,-0.571133
0.448057,-0.570343
0.449117,-0.569552
0.450177,-0.568762
0.451237,-0.567971
0.452297,-0.567181
0.453357,-0.56639
0.454417,-0.565599
0.455477,-0.564809
0.456537,-0.564018
0.457597,-0.563228
0.458658,-0.562437
0.459718,-0.561647
0.460778,-0.560856
0.461838,-0.560066
0.462898,-0.559275
0.463958,-0.558485
0.465018,-0.557694
0.466078,-0.556903
0.467138,-0.556113
0.468198,-0.555322
0.469258,-0.554532
0.468728,-0.554107
0.468197,-0.553683
0.467667,-0.553258
0.467137,-0.552833
0.466606,-0.552409
0.466076,-0.551984
0.465545,-0.55156
0.465015,-0.551135
0.464485,-0.55071
0.463954,-0.550286
0.463424,-0.549861
0.462893,-0.549437
0.462363,-0.549012
0.461833,-0.548587
0.461302,-0.548163
0.460772,-0.547738
0.460241,-0.547313
0.459711,-0.546889
0.459181,-0.546464
0.45865,-0.54604
0.45812,-0.545615
0.457589,-0.54519
0.457059,-0.544766
0.456529,-0.544341
0.455998,-0.543917
0.455468,-0.543492
0.454937,-0.543067
0.454407,-0.542643
0.453877,-0.542218
0.453346,-0.541794
0.452816,-0.541369
0.452285,-0.540944
0.451755,-0.54052
0.451225,-0.540095
0.450694,-0.53967
0.450164,-0.539246
0.449633,-0.538821
0.449103,-0.538397
0.448573,-0.537972
0.448042,-0.537547
0.447512,-0.537123
0.446981,-0.536698
0.446451,-0.536274
0.445921,-0.535849
0.44539,-0.535424
0.44486,-0.535
0.444329,-0.534575
0.443799,-0.534151
0.443269,-0.533726
0.442738,-0.533301
0.442208,-0.532877
0.441677,-0.532452
0.441147,-0.532027
0.440617,-0.531603
0.440086,-0.531178
0.439556,-0.530754
0.439025,-0.530329
0.438495,-0.529904
0.437965,-0.52948
0.437434,-0.529055
0.436904,-0.528631
0.436373,-0.528206
0.435843,-0.527781
0.435313,-0.527357
0.434782,-0.526932
0.434252,-0.526508
0.433721,-0.526083
0.433191,-0.525658
0.432661,-0.525234
0.43213,-0.524809
0.4316,-0.524384
0.43107,-0.52396
0.430539,-0.523535
0.430009,-0.523111
0.429478,-0.522686
0.428948,-0.522261
0.428418,-0.521837
0.427887,-0.521412
0.427357,-0.520988
0.426826,-0.520563
0.426296,-0.520138
0.425766,-0.519714
0.425235,-0.519289
0.424705,-0.518865
0.424174,-0.51844
0.423644,-0.518015
0.423114,-0.517591
0.422583,-0.517166
0.422053,-0.516741
0.421522,-0.516317
0.420992,-0.515892
0.420462,-0.515468
0.419931,-0.515043
0.419401,-0.514618
0.41887,-0.514194
0.41834,-0.513769
0.41781,-0.513345
0.417279,-0.51292
0.416749,-0.512495
0.416218,-0.512071
0.415688,-0.511646
0.415158,-0.511222
0.414627,-0.510797
0.414097,-0.510372
0.413566,-0.509948
0.413036,-0.509523
0.412506,-0.509099
0.411975,-0.508674
0.411445,-0.508249
0.410914,-0.507825
0.410384,-0.5074
0.409854,-0.506975
0.409323,-0.506551
0.408793,-0.506126
0.408262,-0.505702
0.407732,-0.505277
0.407202,-0.504852
0.406671,-0.504428
0.406141,-0.504003
0.40561,-0.503579
0.40508,-0.503154
0.40455,-0.502729
0.404019,-0.502305
0.403489,-0.50188
0.402958,-0.501456
0.402428,-0.501031
0.401898,-0.500606
0.401367,-0.500182
0.400837,-0.499757
0.400306,-0.499332
0.399776,-0.498908
0.399246,-0.498483
0.398715,-0.498059
0.398185,-0.497634
0.397654,-0.497209
0.397124,-0.496785
0.396594,-0.49636
0.396063,-0.495936
0.395533,-0.495511
0.395002,-0.495086
0.394472,-0.494662
0.393942,-0.494237
0.393411,-0.493813
0.392881,-0.493388
0.39235,-0.492963
0.39182,-0.492539
0.39129,-0.492114
0.390759,-0.491689
0.390229,-0.491265
0.390443,-0.49109
0.390658,-0.490915
0.390872,-0.49074
0.391086,-0.490565
0.391301,-0.49039
0.391515,-0.490215
0.39173,-0.49004
0.391944,-0.489865
0.392159,-0.489691
0.392373,-0.489516
0.392587,-0.489341
0.392802,-0.489166
0.393016,-0.488991
0.393231,-0.488816
0.393445,-0.488641
0.393659,-0.488466
0.393874,-0.488291
0.394088,-0.488116
0.394303,-0.487941
0.394517,-0.487766
0.394731,-0.487591
0.394946,-0.487417
0.39516,-0.487242
0.395375,-0.487067
0.395589,-0.486892
0.395804,-0.486717
0.396018,-0.486542
0.396232,-0.486367
0.396447,-0.486192
0.396661,-0.486017
0.396876,-0.485842
0.39709,-0.485667
0.397304,-0.485492
0.397519,-0.485317
0.397733,-0.485142
0.397948,-0.484968
0.398162,-0.484793
0.398376,-0.484618
0.398591,-0.484443
0.398805,-0.484268
0.39902,-0.484093
0.399234,-0.483918
0.399449,-0.483743
0.399663,-0.483568
0.399877,-0.483393
0.400092,-0.483218
0.400306,-0.483043
0.400521,-0.482868
0.400735,-0.482694
0.400949,-0.482519
0.401164,-0.482344
0.401378,-0.482169
0.401593,-0.481994
0.401807,-0.481819
0.402022,-0.481644
0.402236,-0.481469
0.40245,-0.481294
0.402665,-0.481119
0.402879,-0.480944
0.403094,-0.480769
0.403308,-0.480594
0.403522,-0.48042
0.403737,-0.480245
0.403951,-0.48007
0.404166,-0.479895
0.40438,-0.47972
0.404594,-0.479545
0.404809,-0.47937
0.405023,-0.479195
0.405238,-0.47902
0.405452,-0.478845
0.405667,-0.47867
0.405881,-0.478495
0.406095,-0.47832
0.40631,-0.478146
0.406524,-0.477971
0.406739,-0.477796
0.406953,-0.477621
0.407167,-0.477446
0.407382,-0.477271
0.407596,-0.477096
0.407811,-0.476921
0.408025,-0.476746
0.408239,-0.476571
0.408454,-0.476396
0.408668,-0.476221
0.408883,-0.476046
0.409097,-0.475871
0.409312,-0.475697
0.409526,-0.475522
0.40974,-0.475347
0.409955,-0.475172
0.410169,-0.474997
0.410384,-0.474822
0.410598,-0.474647
0.410812,-0.474472
0.411027,-0.474297
0.411241,-0.474122
0.411456,-0.473947
0.41167,-0.473772
0.411884,-0.473597
0.412099,-0.473423
0.412313,-0.473248
0.412528,-0.473073
0.412742,-0.472898
0.412957,-0.472723
0.413171,-0.472548
0.413385,-0.472373
0.4136,-0.472198
0.413814,-0.472023
0.414029,-0.471848
0.414243,-0.471673
0.414457,-0.471498
0.414672,-0.471323
0.414886,-0.471149
0.415101,-0.470974
0.415315,-0.470799
0.415529,-0.470624
0.415744,-0.470449
0.415958,-0.470274
0.416173,-0.470099
0.416387,-0.469924
0.416602,-0.469749
0.416816,-0.469574
0.41703,-0.469399
0.417245,-0.469224
0.417459,-0.469049
0.417674,-0.468874
0.417888,-0.4687
0.418102,-0.468525
0.418317,-0.46835
0.418531,-0.468175
0.418746,-0.468
0.41896,-0.467825
0.419175,-0.46765
0.419389,-0.467475
0.419603,-0.4673
0.419818,-0.467125
0.420032,-0.46695
0.420247,-0.466775
0.420461,-0.4666
0.420675,-0.466426
0.42089,-0.466251
0.421104,-0.466076
0.421319,-0.465901
0.421533,-0.465726
0.421747,-0.465551
0.421962,-0.465376
0.422176,-0.465201
0.422391,-0.465026
0.423193,-0.464716
0.423995,-0.464405
0.424797,-0.464095
0.425599,-0.463785
0.426401,-0.463474
0.427202,-0.463164
0.428004,-0.462853
0.428806,-0.462543
0.429608,-0.462233
0.43041,-0.461922
0.431212,-0.461612
0.432014,-0.461301
0.432816,-0.460991
0.433618,-0.46068
0.43442,-0.46037
0.435222,-0.46006
0.436024,-0.459749
0.436826,-0.459439
0.437628,-0.459128
0.43843,-0.458818
0.439232,-0.458508
0.440034,-0.458197
0.440836,-0.457887
0.441638,-0.457576
0.44244,-0.457266
0.443242,-0.456956
0.444044,-0.456645
0.444846,-0.456335
0.445648,-0.456024
0.44645,-0.455714
0.447252,-0.455404
0.448053,-0.455093
0.448855,-0.454783
0.449657,-0.454472
0.450459,-0.454162
0.451261,-0.453852
0.452063,-0.453541
0.452865,-0.453231
0.453667,-0.45292
0.454469,-0.45261
0.455271,-0.4523
0.456073,-0.451989
0.456875,-0.451679
0.457677,-0.451368
0.458479,-0.451058
0.459281,-0.450747
0.460083,-0.450437
0.460885,-0.450127
0.461687,-0.449816
0.462489,-0.449506
0.463291,-0.449195
0.464093,-0.448885
0.464895,-0.448575
0.465697,-0.448264
0.466499,-0.447954
0.467301,-0.447643
0.468103,-0.447333
0.468905,-0.447023
0.469706,-0.446712
0.470508,-0.446402
0.47131,-0.446091
0.472112,-0.445781
0.472914,-0.445471
0.473716,-0.44516
0.474518,-0.44485
0.47532,-0.444539
0.476122,-0.444229
0.476924,-0.443919
0.477726,-0.443608
0.478528,-0.443298
0.47933,-0.442987
0.480132,-0.442677
0.480934,-0.442367
0.481736,-0.442056
0.482538,-0.441746
0.48334,-0.441435
0.484142,-0.441125
0.484944,-0.440814
0.485746,-0.440504
0.486548,-0.440194
0.48735,-0.439883
0.488152,-0.439573
0.488954,-0.439262
0.489756,-0.438952
0.490558,-0.438642
0.491359,-0.438331
0.492161,-0.438021
0.492963,-0.43771
0.493765,-0.4374
0.494567,-0.43709
0.495369,-0.436779
0.496171,-0.436469
0.496973,-0.436158
0.497775,-0.435848
0.498577,-0.435538
0.499379,-0.435227
0.500181,-0.434917
0.500983,-0.434606
0.501785,-0.434296
0.502587,-0.433986
0.503389,-0.433675
0.504191,-0.433365
0.504993,-0.433054
0.505795,-0.432744
0.506597,-0.432434
0.507399,-0.432123
0.508201,-0.431813
0.509003,-0.431502
0.509805,-0.431192
0.510607,-0.430881
0.511409,-0.430571
0.512211,-0.430261
0.513012,-0.42995
0.513814,-0.42964
0.514616,-0.429329
0.515418,-0.429019
0.51622,-0.428709
0.517022,-0.428398
0.517824,-0.428088
0.518626,-0.427777
0.519428,-0.427467
0.52023,-0.427157
0.521032,-0.426846
0.521834,-0.426536
0.522636,-0.426225
0.523438,-0.425915
0.52424,-0.425605
0.525042,-0.425294
0.525844,-0.424984
0.526646,-0.424673
0.527448,-0.424363
0.52825,-0.424053
0.529052,-0.423742
0.529854,-0.423432
0.530656,-0.423121
0.531458,-0.422811
0.53226,-0.422501
0.533062,-0.42219
0.533863,-0.42188
0.534665,-0.421569
0.535467,-0.421259
0.536269,-0.420948
0.537071,-0.420638
0.537873,-0.420328
0.538675,-0.420017
0.539477,-0.419707
0.540279,-0.419396
0.541081,-0.419086
0.541883,-0.418776
