O
20
1,0,-1,0.78,-0.5,0.75,0.0,0.0,0.0,0.3,0.4,0.02,0,0.8,False
2,0,-1,1.1,-0.5,0.93,0.0,0.0,0.0,0.02,0.4,0.2,0,0.8,False
3,0,-1,0.78,-0.5,1.11,0.0,0.0,0.0,0.3,0.4,0.02,0,0.8,False
4,0,-1,0.8,-0.92,0.93,0.0,0.0,0.0,0.32,0.02,0.2,0,0.8,False
5,0,-1,0.8,-0.08,0.93,0.0,0.0,0.0,0.32,0.02,0.2,0,0.8,False
6,0,0,0.7701972822595212,-0.3304600654524914,0.86,0.0,0.0,0.5742687786796687,0.051790820188230134,0.03658572652043523,0.09,0.2539603968445752,1.0860758847897223,False
7,0,0,0.5341447692102919,-0.3131751519892043,0.86,0.0,0.0,3.8156381728989306,0.04873236296820228,0.03,0.09,0.3087491572573944,0.9692080552984295,False
8,0,0,0.9029802022219846,-0.6986846257453108,0.8840769774833802,0.0,0.0,5.03363192572355,0.07143137684056818,0.03,0.11407697748338022,0.08158006664755524,0.8049612603170944,False
9,2,0,0.9090331061514221,-0.5013961013463561,0.8450000000000001,0.0,0.0,1.6511201074437492,0.03901653844618544,0.03901653844618544,0.15,0.3283092792809411,0.9927205329099515,False
10,2,0,0.721614312083531,-0.6996469377132384,0.8450000000000001,0.0,0.0,1.873219126107253,0.03761632837002125,0.03761632837002125,0.15,0.49454204481223313,1.0331388132743113,False
11,2,1,0.9688851307700175,-0.3240816314915523,0.8450000000000001,0.0,0.0,1.477073290671214,0.07734970690554743,0.07734970690554743,0.15,0.37136606243564885,0.8904364970504098,True
12,2,1,0.516560618742423,-0.6477101273264736,0.8450000000000001,0.0,0.0,3.212477450643669,0.03,0.03,0.15,0.22286909560967072,0.8280715522947412,True
13,0,1,0.610930266998052,-0.6590815159435013,0.8720200126115806,0.0,0.0,3.9906478655077597,0.03,0.03,0.10202001261158058,0.19357291695751133,1.1409240390921473,True
14,0,1,0.6838593758484837,-0.48618262959104136,0.8911629220820994,0.0,0.0,1.3888727923211266,0.0374664955379752,0.07660639201080832,0.12116292208209929,0.17485428579840473,0.8320404843378411,True
15,2,1,0.5400744838115176,-0.4701883511700978,0.8454189970376775,0.0,0.0,1.4168175184861898,0.03,0.03,0.1508379940753549,0.14928227063310817,0.9024653431833879,True
16,2,1,0.6035630305131872,-0.15602320749427456,0.8450000000000001,0.0,0.0,0.6617124843252882,0.03,0.03,0.15,0.39592739985515624,0.8742167735729927,True
17,2,1,1.0006922703928784,-0.5159693344401849,0.8450000000000001,0.0,0.0,4.57533516533022,0.03,0.03,0.15,0.25058468379993326,0.976338726425037,True
18,0,1,0.7285736948021272,-0.602322544635653,0.8949575356102093,0.0,0.0,4.600773316135057,0.03,0.058248714760112195,0.12495753561020927,0.15712535744040979,1.1040370409989386,True
19,0,1,0.5413192158332317,-0.8091566376573245,0.8945506799642833,0.0,0.0,0.47123195384374816,0.03,0.03720696048959126,0.12455067996428329,0.1457024351261803,0.913833975991281,True
20,2,1,0.7980688850186745,-0.8248653969447981,0.8482060007970607,0.0,0.0,1.8340528495166883,0.03,0.03,0.15641200159412139,0.2978176733364855,1.0547330846052432,True
R
0.0,0.0,0.0,0.0,0.0,0.0,1.0
S
8
torso_lift_joint,0
r_shoulder_pan_joint,-1.69017
r_shoulder_lift_joint,-0.0788625
r_upper_arm_roll_joint,-1.69017
r_elbow_flex_joint,-1.2717
r_forearm_roll_joint,-0.151824
r_wrist_flex_joint,-1.25254
r_wrist_roll_joint,0.675062
G
0.460911,-0.371678,0.86,0.674046,-0,0
ooi
7
A
599
0.310248,-0.673113
0.310923,-0.671511
0.311599,-0.66991
0.312274,-0.668308
0.312949,-0.666706
0.313624,-0.665104
0.314299,-0.663503
0.314974,-0.661901
0.31565,-0.660299
0.316325,-0.658697
0.317,-0.657096
0.317675,-0.655494
0.31835,-0.653892
0.319025,-0.65229
0.319701,-0.650689
0.320376,-0.649087
0.321051,-0.647485
0.321726,-0.645883
0.322401,-0.644282
0.323077,-0.64268
0.323752,-0.641078
0.324427,-0.639476
0.325102,-0.637875
0.325777,-0.636273
0.326452,-0.634671
0.327128,-0.633069
0.327803,-0.631468
0.328478,-0.629866
0.329153,-0.628264
0.329828,-0.626662
0.330503,-0.625061
0.331179,-0.623459
0.331854,-0.621857
0.332529,-0.620255
0.333204,-0.618654
0.333879,-0.617052
0.334555,-0.61545
0.33523,-0.613848
0.335905,-0.612247
0.33658,-0.610645
0.337255,-0.609043
0.33793,-0.607441
0.338606,-0.60584
0.339281,-0.604238
0.339956,-0.602636
0.340631,-0.601034
0.341306,-0.599433
0.341981,-0.597831
0.342657,-0.596229
0.343332,-0.594627
0.344007,-0.593026
0.344682,-0.591424
0.345357,-0.589822
0.346033,-0.58822
0.346708,-0.586619
0.347383,-0.585017
0.348058,-0.583415
0.348733,-0.581813
0.349408,-0.580212
0.350084,-0.57861
0.350759,-0.577008
0.351434,-0.575406
0.352109,-0.573805
0.352784,-0.572203
0.35346,-0.570601
0.354135,-0.568999
0.35481,-0.567398
0.355485,-0.565796
0.35616,-0.564194
0.356835,-0.562592
0.357511,-0.560991
0.358186,-0.559389
0.358861,-0.557787
0.359536,-0.556185
0.360211,-0.554584
0.360886,-0.552982
0.361562,-0.55138
0.362237,-0.549778
0.362912,-0.548177
0.363587,-0.546575
0.364262,-0.544973
0.364938,-0.543371
0.365613,-0.54177
0.366288,-0.540168
0.366963,-0.538566
0.367638,-0.536964
0.368313,-0.535363
0.368989,-0.533761
0.369664,-0.532159
0.370339,-0.530557
0.371014,-0.528955
0.371689,-0.527354
0.372364,-0.525752
0.37304,-0.52415
0.373715,-0.522548
0.37439,-0.520947
0.375065,-0.519345
0.37574,-0.517743
0.376416,-0.516141
0.377091,-0.51454
0.377766,-0.512938
0.378441,-0.511336
0.379116,-0.509734
0.379791,-0.508133
0.380467,-0.506531
0.381142,-0.504929
0.381817,-0.503327
0.382492,-0.501726
0.383167,-0.500124
0.383842,-0.498522
0.384518,-0.49692
0.385193,-0.495319
0.385868,-0.493717
0.386543,-0.492115
0.387218,-0.490513
0.387894,-0.488912
0.388569,-0.48731
0.389244,-0.485708
0.389919,-0.484106
0.390594,-0.482505
0.391269,-0.480903
0.391945,-0.479301
0.39262,-0.477699
0.393295,-0.476098
0.39397,-0.474496
0.394645,-0.472894
0.39532,-0.471292
0.395996,-0.469691
0.396671,-0.468089
0.397346,-0.466487
0.398021,-0.464885
0.398696,-0.463284
0.399372,-0.461682
0.400047,-0.46008
0.400722,-0.458478
0.401397,-0.456877
0.402072,-0.455275
0.402747,-0.453673
0.403423,-0.452071
0.404098,-0.45047
0.404773,-0.448868
0.405448,-0.447266
0.406123,-0.445664
0.406798,-0.444063
0.407474,-0.442461
0.408149,-0.440859
0.408824,-0.439257
0.409499,-0.437656
0.410174,-0.436054
0.41085,-0.434452
0.411525,-0.43285
0.411846,-0.433353
0.412168,-0.433856
0.412489,-0.434358
0.412811,-0.434861
0.413132,-0.435363
0.413454,-0.435866
0.413775,-0.436368
0.414097,-0.436871
0.414418,-0.437374
0.41474,-0.437876
0.415061,-0.438379
0.415383,-0.438881
0.415704,-0.439384
0.416026,-0.439886
0.416347,-0.440389
0.416669,-0.440892
0.41699,-0.441394
0.417312,-0.441897
0.417633,-0.442399
0.417955,-0.442902
0.418276,-0.443404
0.418598,-0.443907
0.418919,-0.444409
0.419241,-0.444912
0.419562,-0.445415
0.419884,-0.445917
0.420205,-0.44642
0.420527,-0.446922
0.420848,-0.447425
0.421169,-0.447927
0.421491,-0.44843
0.421812,-0.448933
0.422134,-0.449435
0.422455,-0.449938
0.422777,-0.45044
0.423098,-0.450943
0.42342,-0.451445
0.423741,-0.451948
0.424063,-0.452451
0.424384,-0.452953
0.424706,-0.453456
0.425027,-0.453958
0.425349,-0.454461
0.42567,-0.454963
0.425992,-0.455466
0.426313,-0.455968
0.426635,-0.456471
0.426956,-0.456974
0.427278,-0.457476
0.427599,-0.457979
0.427921,-0.458481
0.428242,-0.458984
0.428564,-0.459486
0.428885,-0.459989
0.429207,-0.460492
0.429528,-0.460994
0.42985,-0.461497
0.430171,-0.461999
0.430493,-0.462502
0.430814,-0.463004
0.431136,-0.463507
0.431457,-0.46401
0.431779,-0.464512
0.4321,-0.465015
0.432422,-0.465517
0.432743,-0.46602
0.433065,-0.466522
0.433386,-0.467025
0.433708,-0.467527
0.434029,-0.46803
0.434351,-0.468533
0.434672,-0.469035
0.434994,-0.469538
0.435315,-0.47004
0.435637,-0.470543
0.435958,-0.471045
0.43628,-0.471548
0.436601,-0.472051
0.436923,-0.472553
0.437244,-0.473056
0.437566,-0.473558
0.437887,-0.474061
0.438209,-0.474563
0.43853,-0.475066
0.438852,-0.475569
0.439173,-0.476071
0.439495,-0.476574
0.439816,-0.477076
0.440138,-0.477579
0.440459,-0.478081
0.440781,-0.478584
0.441102,-0.479086
0.441424,-0.479589
0.441745,-0.480092
0.442067,-0.480594
0.442388,-0.481097
0.442709,-0.481599
0.443031,-0.482102
0.443352,-0.482604
0.443674,-0.483107
0.443995,-0.48361
0.444317,-0.484112
0.444638,-0.484615
0.44496,-0.485117
0.445281,-0.48562
0.445603,-0.486122
0.445924,-0.486625
0.446246,-0.487128
0.446567,-0.48763
0.446889,-0.488133
0.44721,-0.488635
0.447532,-0.489138
0.447853,-0.48964
0.448175,-0.490143
0.448496,-0.490646
0.448818,-0.491148
0.449139,-0.491651
0.449461,-0.492153
0.449782,-0.492656
0.450104,-0.493158
0.450425,-0.493661
0.450747,-0.494163
0.451068,-0.494666
0.45139,-0.495169
0.451711,-0.495671
0.452033,-0.496174
0.452354,-0.496676
0.452676,-0.497179
0.452997,-0.497681
0.453319,-0.498184
0.45364,-0.498687
0.453962,-0.499189
0.454283,-0.499692
0.454605,-0.500194
0.454926,-0.500697
0.455248,-0.501199
0.455569,-0.501702
0.455891,-0.502205
0.456212,-0.502707
0.456534,-0.50321
0.456855,-0.503712
0.457177,-0.504215
0.457498,-0.504717
0.45782,-0.50522
0.458141,-0.505722
0.458463,-0.506225
0.458784,-0.506728
0.459106,-0.50723
0.459427,-0.507733
0.459009,-0.506964
0.458591,-0.506196
0.458172,-0.505427
0.457754,-0.504659
0.457336,-0.50389
0.456918,-0.503122
0.456499,-0.502353
0.456081,-0.501584
0.455663,-0.500816
0.455244,-0.500047
0.454826,-0.499279
0.454408,-0.49851
0.45399,-0.497742
0.453571,-0.496973
0.453153,-0.496205
0.452735,-0.495436
0.452317,-0.494668
0.451898,-0.493899
0.45148,-0.493131
0.451062,-0.492362
0.450644,-0.491594
0.450225,-0.490825
0.449807,-0.490056
0.449389,-0.489288
0.448971,-0.488519
0.448552,-0.487751
0.448134,-0.486982
0.447716,-0.486214
0.447298,-0.485445
0.446879,-0.484677
0.446461,-0.483908
0.446043,-0.48314
0.445624,-0.482371
0.445206,-0.481603
0.444788,-0.480834
0.44437,-0.480066
0.443951,-0.479297
0.443533,-0.478528
0.443115,-0.47776
0.442697,-0.476991
0.442278,-0.476223
0.44186,-0.475454
0.441442,-0.474686
0.441024,-0.473917
0.440605,-0.473149
0.440187,-0.47238
0.439769,-0.471612
0.439351,-0.470843
0.438932,-0.470075
0.438514,-0.469306
0.438096,-0.468538
0.437677,-0.467769
0.437259,-0.467001
0.436841,-0.466232
0.436423,-0.465463
0.436004,-0.464695
0.435586,-0.463926
0.435168,-0.463158
0.43475,-0.462389
0.434331,-0.461621
0.433913,-0.460852
0.433495,-0.460084
0.433077,-0.459315
0.432658,-0.458547
0.43224,-0.457778
0.431822,-0.45701
0.431404,-0.456241
0.430985,-0.455473
0.430567,-0.454704
0.430149,-0.453935
0.429731,-0.453167
0.429312,-0.452398
0.428894,-0.45163
0.428476,-0.450861
0.428057,-0.450093
0.427639,-0.449324
0.427221,-0.448556
0.426803,-0.447787
0.426384,-0.447019
0.425966,-0.44625
0.425548,-0.445482
0.42513,-0.444713
0.424711,-0.443945
0.424293,-0.443176
0.423875,-0.442407
0.423457,-0.441639
0.423038,-0.44087
0.42262,-0.440102
0.422202,-0.439333
0.421784,-0.438565
0.421365,-0.437796
0.420947,-0.437028
0.420529,-0.436259
0.420111,-0.435491
0.419692,-0.434722
0.419274,-0.433954
0.418856,-0.433185
0.418437,-0.432417
0.418019,-0.431648
0.417601,-0.430879
0.417183,-0.430111
0.416764,-0.429342
0.416346,-0.428574
0.415928,-0.427805
0.41551,-0.427037
0.415091,-0.426268
0.414673,-0.4255
0.414255,-0.424731
0.413837,-0.423963
0.413418,-0.423194
0.413,-0.422426
0.412582,-0.421657
0.412164,-0.420889
0.411745,-0.42012
0.411327,-0.419351
0.410909,-0.418583
0.410491,-0.417814
0.410072,-0.417046
0.409654,-0.416277
0.409236,-0.415509
0.408817,-0.41474
0.408399,-0.413972
0.407981,-0.413203
0.407563,-0.412435
0.407144,-0.411666
0.406726,-0.410898
0.406308,-0.410129
0.40589,-0.409361
0.405471,-0.408592
0.405053,-0.407823
0.404635,-0.407055
0.404217,-0.406286
0.403798,-0.405518
0.40338,-0.404749
0.402962,-0.403981
0.402544,-0.403212
0.402125,-0.402444
0.401707,-0.401675
0.401289,-0.400907
0.40087,-0.400138
0.400452,-0.39937
0.400034,-0.398601
0.399616,-0.397833
0.399197,-0.397064
0.398779,-0.396295
0.398361,-0.395527
0.397943,-0.394758
0.397524,-0.39399
0.397106,-0.393221
0.396688,-0.392453
0.397119,-0.392313
0.39755,-0.392174
0.397981,-0.392035
0.398412,-0.391895
0.398843,-0.391756
0.399274,-0.391616
0.399705,-0.391477
0.400136,-0.391337
0.400567,-0.391198
0.400998,-0.391059
0.401429,-0.390919
0.40186,-0.39078
0.402291,-0.39064
0.402722,-0.390501
0.403153,-0.390361
0.403584,-0.390222
0.404015,-0.390083
0.404446,-0.389943
0.404877,-0.389804
0.405308,-0.389664
0.40574,-0.389525
0.406171,-0.389385
0.406602,-0.389246
0.407033,-0.389107
0.407464,-0.388967
0.407895,-0.388828
0.408326,-0.388688
0.408757,-0.388549
0.409188,-0.388409
0.409619,-0.38827
0.41005,-0.388131
0.410481,-0.387991
0.410912,-0.387852
0.411343,-0.387712
0.411774,-0.387573
0.412205,-0.387433
0.412636,-0.387294
0.413067,-0.387155
0.413498,-0.387015
0.413929,-0.386876
0.41436,-0.386736
0.414791,-0.386597
0.415222,-0.386458
0.415653,-0.386318
0.416084,-0.386179
0.416515,-0.386039
0.416946,-0.3859
0.417377,-0.38576
0.417808,-0.385621
0.418239,-0.385482
0.41867,-0.385342
0.419101,-0.385203
0.419532,-0.385063
0.419964,-0.384924
0.420395,-0.384784
0.420826,-0.384645
0.421257,-0.384506
0.421688,-0.384366
0.422119,-0.384227
0.42255,-0.384087
0.422981,-0.383948
0.423412,-0.383808
0.423843,-0.383669
0.424274,-0.38353
0.424705,-0.38339
0.425136,-0.383251
0.425567,-0.383111
0.425998,-0.382972
0.426429,-0.382832
0.42686,-0.382693
0.427291,-0.382554
0.427722,-0.382414
0.428153,-0.382275
0.428584,-0.382135
0.429015,-0.381996
0.429446,-0.381856
0.429877,-0.381717
0.430308,-0.381578
0.430739,-0.381438
0.43117,-0.381299
0.431601,-0.381159
0.432032,-0.38102
0.432463,-0.38088
0.432894,-0.380741
0.433325,-0.380602
0.433756,-0.380462
0.434188,-0.380323
0.434619,-0.380183
0.43505,-0.380044
0.435481,-0.379905
0.435912,-0.379765
0.436343,-0.379626
0.436774,-0.379486
0.437205,-0.379347
0.437636,-0.379207
0.438067,-0.379068
0.438498,-0.378929
0.438929,-0.378789
0.43936,-0.37865
0.439791,-0.37851
0.440222,-0.378371
0.440653,-0.378231
0.441084,-0.378092
0.441515,-0.377953
0.441946,-0.377813
0.442377,-0.377674
0.442808,-0.377534
0.443239,-0.377395
0.44367,-0.377255
0.444101,-0.377116
0.444532,-0.376977
0.444963,-0.376837
0.445394,-0.376698
0.445825,-0.376558
0.446256,-0.376419
0.446687,-0.376279
0.447118,-0.37614
0.447549,-0.376001
0.44798,-0.375861
0.448412,-0.375722
0.448843,-0.375582
0.449274,-0.375443
0.449705,-0.375303
0.450136,-0.375164
0.450567,-0.375025
0.450998,-0.374885
0.451429,-0.374746
0.45186,-0.374606
0.452291,-0.374467
0.452722,-0.374327
0.453153,-0.374188
0.453584,-0.374049
0.454015,-0.373909
0.454446,-0.37377
0.454877,-0.37363
0.455308,-0.373491
0.455739,-0.373351
0.45617,-0.373212
0.456601,-0.373073
0.457032,-0.372933
0.457463,-0.372794
0.457894,-0.372654
0.458325,-0.372515
0.458756,-0.372376
0.459187,-0.372236
0.459618,-0.372097
0.460049,-0.371957
0.46048,-0.371818
0.460911,-0.371678
