O
20
1,0,-1,0.78,-0.5,0.75,0.0,0.0,0.0,0.3,0.4,0.02,0,0.8,False
2,0,-1,1.1,-0.5,0.93,0.0,0.0,0.0,0.02,0.4,0.2,0,0.8,False
3,0,-1,0.78,-0.5,1.11,0.0,0.0,0.0,0.3,0.4,0.02,0,0.8,False
4,0,-1,0.8,-0.92,0.93,0.0,0.0,0.0,0.32,0.02,0.2,0,0.8,False
5,0,-1,0.8,-0.08,0.93,0.0,0.0,0.0,0.32,0.02,0.2,0,0.8,False
6,2,0,0.8820066717537189,-0.7275169580064428,0.8450000000000001,0.0,0.0,1.5340440567684717,0.04258481074277159,0.04258481074277159,0.15,0.2591008705723983,0.9797113596745118,False
7,0,0,0.619534396129321,-0.41172702291223795,0.896163096408076,0.0,0.0,3.2951250439676665,0.03,0.03,0.12616309640807596,0.2694017148540679,0.8576367827179314,False
8,2,0,0.791352309892864,-0.4536035946653003,0.8651046212082603,0.0,0.0,5.229898498971716,0.069391718383514,0.069391718383514,0.19020924241652046,0.01124005808934364,0.9495264820604323,False
9,2,0,0.6236335198474507,-0.6893401012238922,0.858122202491092,0.0,0.0,1.9724310884140388,0.05671880436690823,0.05671880436690823,0.1762444049821838,0.4669557647340231,0.9099099045284387,False
10,2,0,0.9829273168828863,-0.374610811610122,0.8681796908007529,0.0,0.0,2.7958754417075244,0.05988623922605774,0.05988623922605774,0.1963593816015057,0.41005543698287206,1.1907352730436336,False
11,2,1,0.6507502679638633,-0.22704892630898033,0.8450000000000001,0.0,0.0,5.257452173096125,0.07454172253961365,0.07454172253961365,0.15,0.020516480555967775,1.068946121176422,True
12,0,1,0.710473238346393,-0.8513645350289062,0.86,0.0,0.0,6.232406838374859,0.03246764687913154,0.03,0.09,0.003406620083416634,0.8212835819251647,True
13,2,1,1.0035592978077958,-0.6523250144369128,0.8450000000000001,0.0,0.0,4.73093102198662,0.03,0.03,0.15,0.293209219371415,1.00916331465453,True
14,0,1,1.0220126860612948,-0.22492534554619903,0.8678842108243774,0.0,0.0,0.9913612061625997,0.03,0.03,0.09788421082437732,0.24056822961703245,1.1527394084695972,True
15,0,1,0.8662574858221984,-0.6200760049056158,0.9040526568335321,0.0,0.0,3.049657985616203,0.03,0.03,0.13405265683353204,0.32783190149234376,0.9804919176168261,True
16,2,1,1.0216547824798603,-0.5412308054274371,0.8450000000000001,0.0,0.0,0.17956750369695462,0.031080952698478177,0.031080952698478177,0.15,0.44649165496584275,1.1271081805166894,True
17,2,1,0.7670933382684074,-0.6402242573266794,0.8450000000000001,0.0,0.0,5.680573069926512,0.03,0.03,0.15,0.37927321998738606,1.0371233861552442,True
18,0,1,0.8992801193771299,-0.21431869135051662,0.86,0.0,0.0,3.4265840558503693,0.03,0.0624099803599554,0.09,0.4535680691970425,1.0752443156775522,True
19,0,1,0.6289149819628224,-0.8303514269166901,0.9017437340606334,0.0,0.0,0.06343314462002946,0.03,0.03,0.13174373406063333,0.3116177848306331,0.9805208398995974,True
20,0,1,0.55437157685968,-0.5403094779001696,0.86,0.0,0.0,1.32947766857699,0.04665196527967387,0.0356747506037553,0.09,0.08226139002680233,1.026560304248941,True
R
0.0,0.0,0.0,0.0,0.0,0.0,1.0
S
8
torso_lift_joint,0
r_shoulder_pan_joint,-1.69017
r_shoulder_lift_joint,-0.0788625
r_upper_arm_roll_joint,-1.69017
r_elbow_flex_joint,-1.2717
r_forearm_roll_joint,-0.151824
r_wrist_flex_joint,-1.25254
r_wrist_roll_joint,0.675062
G
0.545417,-0.423197,0.896163,0.153532,-0,0
ooi
7
A
599
0.310248,-0.673113
0.311364,-0.672417
0.312479,-0.671721
0.313594,-0.671026
0.31471,-0.67033
0.315825,-0.669634
0.316941,-0.668938
0.318056,-0.668243
0.319171,-0.667547
0.320287,-0.666851
0.321402,-0.666155
0.322518,-0.665459
0.323633,-0.664764
0.324748,-0.664068
0.325864,-0.663372
0.326979,-0.662676
0.328095,-0.66198
0.32921,-0.661285
0.330325,-0.660589
0.331441,-0.659893
0.332556,-0.659197
0.333672,-0.658501
0.334787,-0.657806
0.335902,-0.65711
0.337018,-0.656414
0.338133,-0.655718
0.339249,-0.655022
0.340364,-0.654327
0.341479,-0.653631
0.342595,-0.652935
0.34371,-0.652239
0.344826,-0.651543
0.345941,-0.650848
0.347056,-0.650152
0.348172,-0.649456
0.349287,-0.64876
0.350403,-0.648064
0.351518,-0.647369
0.352633,-0.646673
0.353749,-0.645977
0.354864,-0.645281
0.35598,-0.644585
0.357095,-0.64389
0.35821,-0.643194
0.359326,-0.642498
0.360441,-0.641802
0.361557,-0.641106
0.362672,-0.640411
0.363787,-0.639715
0.364903,-0.639019
0.366018,-0.638323
0.367134,-0.637628
0.368249,-0.636932
0.369364,-0.636236
0.37048,-0.63554
0.371595,-0.634844
0.37271,-0.634149
0.373826,-0.633453
0.374941,-0.632757
0.376057,-0.632061
0.377172,-0.631365
0.378287,-0.63067
0.379403,-0.629974
0.380518,-0.629278
0.381634,-0.628582
0.382749,-0.627886
0.383864,-0.627191
0.38498,-0.626495
0.386095,-0.625799
0.387211,-0.625103
0.388326,-0.624407
0.389441,-0.623712
0.390557,-0.623016
0.391672,-0.62232
0.392788,-0.621624
0.393903,-0.620928
0.395018,-0.620233
0.396134,-0.619537
0.397249,-0.618841
0.398365,-0.618145
0.39948,-0.617449
0.400595,-0.616754
0.401711,-0.616058
0.402826,-0.615362
0.403942,-0.614666
0.405057,-0.61397
0.406172,-0.613275
0.407288,-0.612579
0.408403,-0.611883
0.409519,-0.611187
0.410634,-0.610491
0.411749,-0.609796
0.412865,-0.6091
0.41398,-0.608404
0.415096,-0.607708
0.416211,-0.607013
0.417326,-0.606317
0.418442,-0.605621
0.419557,-0.604925
0.420673,-0.604229
0.421788,-0.603534
0.422903,-0.602838
0.424019,-0.602142
0.425134,-0.601446
0.42625,-0.60075
0.427365,-0.600055
0.42848,-0.599359
0.429596,-0.598663
0.430711,-0.597967
0.431827,-0.597271
0.432942,-0.596576
0.434057,-0.59588
0.435173,-0.595184
0.436288,-0.594488
0.437404,-0.593792
0.438519,-0.593097
0.439634,-0.592401
0.44075,-0.591705
0.441865,-0.591009
0.442981,-0.590313
0.444096,-0.589618
0.445211,-0.588922
0.446327,-0.588226
0.447442,-0.58753
0.448558,-0.586834
0.449673,-0.586139
0.450788,-0.585443
0.451904,-0.584747
0.453019,-0.584051
0.454135,-0.583355
0.45525,-0.58266
0.456365,-0.581964
0.457481,-0.581268
0.458596,-0.580572
0.459712,-0.579876
0.460827,-0.579181
0.461942,-0.578485
0.463058,-0.577789
0.464173,-0.577093
0.465289,-0.576398
0.466404,-0.575702
0.467519,-0.575006
0.468635,-0.57431
0.46975,-0.573614
0.470866,-0.572919
0.471981,-0.572223
0.473096,-0.571527
0.474212,-0.570831
0.475327,-0.570135
0.476443,-0.56944
0.477558,-0.568744
0.477227,-0.568532
0.476897,-0.56832
0.476566,-0.568108
0.476236,-0.567896
0.475905,-0.567684
0.475575,-0.567472
0.475244,-0.56726
0.474914,-0.567048
0.474583,-0.566836
0.474253,-0.566624
0.473922,-0.566412
0.473592,-0.5662
0.473261,-0.565988
0.472931,-0.565777
0.4726,-0.565565
0.47227,-0.565353
0.471939,-0.565141
0.471609,-0.564929
0.471278,-0.564717
0.470947,-0.564505
0.470617,-0.564293
0.470286,-0.564081
0.469956,-0.563869
0.469625,-0.563657
0.469295,-0.563445
0.468964,-0.563233
0.468634,-0.563021
0.468303,-0.562809
0.467973,-0.562597
0.467642,-0.562385
0.467312,-0.562173
0.466981,-0.561961
0.466651,-0.56175
0.46632,-0.561538
0.46599,-0.561326
0.465659,-0.561114
0.465329,-0.560902
0.464998,-0.56069
0.464667,-0.560478
0.464337,-0.560266
0.464006,-0.560054
0.463676,-0.559842
0.463345,-0.55963
0.463015,-0.559418
0.462684,-0.559206
0.462354,-0.558994
0.462023,-0.558782
0.461693,-0.55857
0.461362,-0.558358
0.461032,-0.558146
0.460701,-0.557934
0.460371,-0.557722
0.46004,-0.557511
0.45971,-0.557299
0.459379,-0.557087
0.459049,-0.556875
0.458718,-0.556663
0.458388,-0.556451
0.458057,-0.556239
0.457726,-0.556027
0.457396,-0.555815
0.457065,-0.555603
0.456735,-0.555391
0.456404,-0.555179
0.456074,-0.554967
0.455743,-0.554755
0.455413,-0.554543
0.455082,-0.554331
0.454752,-0.554119
0.454421,-0.553907
0.454091,-0.553695
0.45376,-0.553484
0.45343,-0.553272
0.453099,-0.55306
0.452769,-0.552848
0.452438,-0.552636
0.452108,-0.552424
0.451777,-0.552212
0.451447,-0.552
0.451116,-0.551788
0.450785,-0.551576
0.450455,-0.551364
0.450124,-0.551152
0.449794,-0.55094
0.449463,-0.550728
0.449133,-0.550516
0.448802,-0.550304
0.448472,-0.550092
0.448141,-0.54988
0.447811,-0.549668
0.44748,-0.549457
0.44715,-0.549245
0.446819,-0.549033
0.446489,-0.548821
0.446158,-0.548609
0.445828,-0.548397
0.445497,-0.548185
0.445167,-0.547973
0.444836,-0.547761
0.444505,-0.547549
0.444175,-0.547337
0.443844,-0.547125
0.443514,-0.546913
0.443183,-0.546701
0.442853,-0.546489
0.442522,-0.546277
0.442192,-0.546065
0.441861,-0.545853
0.441531,-0.545641
0.4412,-0.54543
0.44087,-0.545218
0.440539,-0.545006
0.440209,-0.544794
0.439878,-0.544582
0.439548,-0.54437
0.439217,-0.544158
0.438887,-0.543946
0.438556,-0.543734
0.438226,-0.543522
0.437895,-0.54331
0.437564,-0.543098
0.437234,-0.542886
0.436903,-0.542674
0.436573,-0.542462
0.436242,-0.54225
0.435912,-0.542038
0.435581,-0.541826
0.435251,-0.541614
0.43492,-0.541403
0.43459,-0.541191
0.434259,-0.540979
0.433929,-0.540767
0.433598,-0.540555
0.433268,-0.540343
0.432937,-0.540131
0.432607,-0.539919
0.432276,-0.539707
0.431946,-0.539495
0.431615,-0.539283
0.431284,-0.539071
0.430954,-0.538859
0.430623,-0.538647
0.430293,-0.538435
0.429962,-0.538223
0.429632,-0.538011
0.429301,-0.537799
0.428971,-0.537587
0.42864,-0.537376
0.42831,-0.537164
0.428774,-0.538108
0.429238,-0.539053
0.429702,-0.539998
0.430167,-0.540942
0.430631,-0.541887
0.431095,-0.542832
0.431559,-0.543776
0.432024,-0.544721
0.432488,-0.545666
0.432952,-0.54661
0.433416,-0.547555
0.43388,-0.5485
0.434345,-0.549444
0.434809,-0.550389
0.435273,-0.551334
0.435737,-0.552278
0.436202,-0.553223
0.436666,-0.554168
0.43713,-0.555112
0.437594,-0.556057
0.438058,-0.557002
0.438523,-0.557946
0.438987,-0.558891
0.439451,-0.559836
0.439915,-0.56078
0.44038,-0.561725
0.440844,-0.56267
0.441308,-0.563614
0.441772,-0.564559
0.442236,-0.565504
0.442701,-0.566448
0.443165,-0.567393
0.443629,-0.568338
0.444093,-0.569282
0.444558,-0.570227
0.445022,-0.571172
0.445486,-0.572116
0.44595,-0.573061
0.446414,-0.574006
0.446879,-0.57495
0.447343,-0.575895
0.447807,-0.57684
0.448271,-0.577784
0.448736,-0.578729
0.4492,-0.579674
0.449664,-0.580619
0.450128,-0.581563
0.450592,-0.582508
0.451057,-0.583453
0.451521,-0.584397
0.451985,-0.585342
0.452449,-0.586287
0.452914,-0.587231
0.453378,-0.588176
0.453842,-0.589121
0.454306,-0.590065
0.45477,-0.59101
0.455235,-0.591955
0.455699,-0.592899
0.456163,-0.593844
0.456627,-0.594789
0.457092,-0.595733
0.457556,-0.596678
0.45802,-0.597623
0.458484,-0.598567
0.458948,-0.599512
0.459413,-0.600457
0.459877,-0.601401
0.460341,-0.602346
0.460805,-0.603291
0.46127,-0.604235
0.461734,-0.60518
0.462198,-0.606125
0.462662,-0.607069
0.463126,-0.608014
0.463591,-0.608959
0.464055,-0.609903
0.464519,-0.610848
0.464983,-0.611793
0.465448,-0.612737
0.465912,-0.613682
0.466376,-0.614627
0.46684,-0.615571
0.467304,-0.616516
0.467769,-0.617461
0.468233,-0.618405
0.468697,-0.61935
0.469161,-0.620295
0.469626,-0.621239
0.47009,-0.622184
0.470554,-0.623129
0.471018,-0.624073
0.471483,-0.625018
0.471947,-0.625963
0.472411,-0.626907
0.472875,-0.627852
0.473339,-0.628797
0.473804,-0.629741
0.474268,-0.630686
0.474732,-0.631631
0.475196,-0.632575
0.475661,-0.63352
0.476125,-0.634465
0.476589,-0.63541
0.477053,-0.636354
0.477517,-0.637299
0.477982,-0.638244
0.478446,-0.639188
0.47891,-0.640133
0.479374,-0.641078
0.479839,-0.642022
0.480303,-0.642967
0.480767,-0.643912
0.481231,-0.644856
0.481695,-0.645801
0.48216,-0.646746
0.482624,-0.64769
0.483088,-0.648635
0.483552,-0.64958
0.484017,-0.650524
0.484481,-0.651469
0.484945,-0.652414
0.485409,-0.653358
0.485873,-0.654303
0.486338,-0.655248
0.486802,-0.656192
0.487266,-0.657137
0.48773,-0.658082
0.488195,-0.659026
0.488659,-0.659971
0.489123,-0.660916
0.489587,-0.66186
0.490051,-0.662805
0.490516,-0.66375
0.49098,-0.664694
0.491444,-0.665639
0.491908,-0.666584
0.492373,-0.667528
0.492837,-0.668473
0.493301,-0.669418
0.493765,-0.670362
0.494229,-0.671307
0.494694,-0.672252
0.495158,-0.673196
0.495622,-0.674141
0.496086,-0.675086
0.496551,-0.67603
0.497015,-0.676975
0.497479,-0.67792
0.497943,-0.678864
0.498262,-0.677149
0.49858,-0.675433
0.498899,-0.673717
0.499218,-0.672001
0.499536,-0.670285
0.499855,-0.668569
0.500174,-0.666853
0.500492,-0.665137
0.500811,-0.663421
0.501129,-0.661706
0.501448,-0.65999
0.501767,-0.658274
0.502085,-0.656558
0.502404,-0.654842
0.502722,-0.653126
0.503041,-0.65141
0.50336,-0.649694
0.503678,-0.647978
0.503997,-0.646263
0.504315,-0.644547
0.504634,-0.642831
0.504953,-0.641115
0.505271,-0.639399
0.50559,-0.637683
0.505909,-0.635967
0.506227,-0.634251
0.506546,-0.632535
0.506864,-0.63082
0.507183,-0.629104
0.507502,-0.627388
0.50782,-0.625672
0.508139,-0.623956
0.508457,-0.62224
0.508776,-0.620524
0.509095,-0.618808
0.509413,-0.617092
0.509732,-0.615376
0.510051,-0.613661
0.510369,-0.611945
0.510688,-0.610229
0.511006,-0.608513
0.511325,-0.606797
0.511644,-0.605081
0.511962,-0.603365
0.512281,-0.601649
0.512599,-0.599933
0.512918,-0.598218
0.513237,-0.596502
0.513555,-0.594786
0.513874,-0.59307
0.514192,-0.591354
0.514511,-0.589638
0.51483,-0.587922
0.515148,-0.586206
0.515467,-0.58449
0.515786,-0.582775
0.516104,-0.581059
0.516423,-0.579343
0.516741,-0.577627
0.51706,-0.575911
0.517379,-0.574195
0.517697,-0.572479
0.518016,-0.570763
0.518334,-0.569047
0.518653,-0.567332
0.518972,-0.565616
0.51929,-0.5639
0.519609,-0.562184
0.519928,-0.560468
0.520246,-0.558752
0.520565,-0.557036
0.520883,-0.55532
0.521202,-0.553604
0.521521,-0.551889
0.521839,-0.550173
0.522158,-0.548457
0.522476,-0.546741
0.522795,-0.545025
0.523114,-0.543309
0.523432,-0.541593
0.523751,-0.539877
0.52407,-0.538161
0.524388,-0.536446
0.524707,-0.53473
0.525025,-0.533014
0.525344,-0.531298
0.525663,-0.529582
0.525981,-0.527866
0.5263,-0.52615
0.526618,-0.524434
0.526937,-0.522718
0.527256,-0.521003
0.527574,-0.519287
0.527893,-0.517571
0.528211,-0.515855
0.52853,-0.514139
0.528849,-0.512423
0.529167,-0.510707
0.529486,-0.508991
0.529805,-0.507275
0.530123,-0.50556
0.530442,-0.503844
0.53076,-0.502128
0.531079,-0.500412
0.531398,-0.498696
0.531716,-0.49698
0.532035,-0.495264
0.532353,-0.493548
0.532672,-0.491832
0.532991,-0.490116
0.533309,-0.488401
0.533628,-0.486685
0.533947,-0.484969
0.534265,-0.483253
0.534584,-0.481537
0.534902,-0.479821
0.535221,-0.478105
0.53554,-0.476389
0.535858,-0.474673
0.536177,-0.472958
0.536495,-0.471242
0.536814,-0.469526
0.537133,-0.46781
0.537451,-0.466094
0.53777,-0.464378
0.538089,-0.462662
0.538407,-0.460946
0.538726,-0.45923
0.539044,-0.457515
0.539363,-0.455799
0.539682,-0.454083
0.54,-0.452367
0.540319,-0.450651
0.540637,-0.448935
0.540956,-0.447219
0.541275,-0.445503
0.541593,-0.443787
0.541912,-0.442072
0.54223,-0.440356
0.542549,-0.43864
0.542868,-0.436924
0.543186,-0.435208
0.543505,-0.433492
0.543824,-0.431776
0.544142,-0.43006
0.544461,-0.428344
0.544779,-0.426629
0.545098,-0.424913
0.545417,-0.423197
