O
20
1,0,-1,0.78,-0.5,0.75,0.0,0.0,0.0,0.3,0.4,0.02,0,0.8,False
2,0,-1,1.1,-0.5,0.93,0.0,0.0,0.0,0.02,0.4,0.2,0,0.8,False
3,0,-1,0.78,-0.5,1.11,0.0,0.0,0.0,0.3,0.4,0.02,0,0.8,False
4,0,-1,0.8,-0.92,0.93,0.0,0.0,0.0,0.32,0.02,0.2,0,0.8,False
5,0,-1,0.8,-0.08,0.93,0.0,0.0,0.0,0.32,0.02,0.2,0,0.8,False
6,0,0,0.6502642676762606,-0.48909981072293895,0.86,0.0,0.0,3.328404597577391,0.03,0.03,0.09,0.29568428416719666,0.8605050164758566,False
7,0,0,0.9439448785933333,-0.16219001267462707,0.9236982626792669,0.0,0.0,6.237293910031974,0.06165124131505092,0.03,0.15369826267926687,0.07666889379142883,0.971421659762455,False
8,2,0,0.8734797182813503,-0.7759026487884715,0.8450000000000001,0.0,0.0,0.49720845683435677,0.050500555398781274,0.050500555398781274,0.15,0.4803753472462477,1.0213405591853986,False
9,0,0,0.673131226915317,-0.6900697168177368,0.86,0.0,0.0,3.0350747360555275,0.07501030011900935,0.03,0.09,0.24214669686314916,0.8903052085021959,False
10,2,0,0.6449370283537709,-0.22117742952278063,0.8450000000000001,0.0,0.0,3.673330698360969,0.037674840458063893,0.037674840458063893,0.15,0.45618536811787774,1.1725060357577997,False
11,2,1,0.9623636649392839,-0.6038590582972436,0.8450000000000001,0.0,0.0,5.0825805773769135,0.06335870548913448,0.06335870548913448,0.15,0.2592778117989839,0.816797510997204,True
12,2,1,0.8473254626765298,-0.293722725170639,0.8450000000000001,0.0,0.0,2.658911386265525,0.03,0.03,0.15,0.39150857235405867,0.8240245554348795,True
13,2,1,0.9367461512146146,-0.41051390793887543,0.8450000000000001,0.0,0.0,5.306368593467893,0.045683162357720256,0.045683162357720256,0.15,0.4595726341797783,0.8858245058293129,True
14,0,1,0.5308350298454972,-0.2507926182051091,0.86,0.0,0.0,5.550476509263721,0.03,0.03,0.09,0.23383058214699004,0.8762828357871633,True
15,2,1,0.6097371916202868,-0.781946711575193,0.8450000000000001,0.0,0.0,0.24894790940754674,0.03,0.03,0.15,0.2165438275246554,1.1211881316368408,True
16,2,1,0.5202896487810577,-0.4949970252587796,0.8547308574607283,0.0,0.0,2.9198234725261036,0.03,0.03,0.1694617149214567,0.024069175250138797,0.8779920676706352,True
17,0,1,1.0054699600858883,-0.8262399961305864,0.8782225644708624,0.0,0.0,5.416051471792685,0.03,0.03,0.10822256447086241,0.0854714793589782,1.0087319945072157,True
18,2,1,0.5458184226873316,-0.3636641535234221,0.8450000000000001,0.0,0.0,0.45959743765816535,0.03,0.03,0.15,0.10112137300657081,1.008216322616143,True
19,2,1,0.957973515003997,-0.2562853978459164,0.8450000000000001,0.0,0.0,5.161031819328225,0.03131878980833944,0.03131878980833944,0.15,0.42375656483198293,0.8985960425693552,True
20,0,1,0.7432197339600297,-0.2983808937444037,0.86,0.0,0.0,1.7829565831304626,0.03,0.03,0.09,0.2579465938820266,0.8334578501200672,True
R
0.0,0.0,0.0,0.0,0.0,0.0,1.0
S
8
torso_lift_joint,0
r_shoulder_pan_joint,-1.69017
r_shoulder_lift_joint,-0.0788625
r_upper_arm_roll_joint,-1.69017
r_elbow_flex_joint,-1.2717
r_forearm_roll_joint,-0.151824
r_wrist_flex_joint,-1.25254
r_wrist_roll_joint,0.675062
G
0.576569,-0.503029,0.86,0.186812,-0,0
ooi
6
A
599
0.310248,-0.673113
0.311108,-0.673539
0.311968,-0.673966
0.312829,-0.674392
0.313689,-0.674819
0.314549,-0.675245
0.315409,-0.675671
0.316269,-0.676098
0.317129,-0.676524
0.317989,-0.67695
0.31885,-0.677377
0.31971,-0.677803
0.32057,-0.678229
0.32143,-0.678656
0.32229,-0.679082
0.32315,-0.679509
0.32401,-0.679935
0.32487,-0.680361
0.325731,-0.680788
0.326591,-0.681214
0.327451,-0.68164
0.328311,-0.682067
0.329171,-0.682493
0.330031,-0.682919
0.330891,-0.683346
0.331752,-0.683772
0.332612,-0.684198
0.333472,-0.684625
0.334332,-0.685051
0.335192,-0.685478
0.336052,-0.685904
0.336912,-0.68633
0.337772,-0.686757
0.338633,-0.687183
0.339493,-0.687609
0.340353,-0.688036
0.341213,-0.688462
0.342073,-0.688888
0.342933,-0.689315
0.343793,-0.689741
0.344654,-0.690168
0.345514,-0.690594
0.346374,-0.69102
0.347234,-0.691447
0.348094,-0.691873
0.348954,-0.692299
0.349814,-0.692726
0.350674,-0.693152
0.351535,-0.693578
0.352395,-0.694005
0.353255,-0.694431
0.354115,-0.694858
0.354975,-0.695284
0.355835,-0.69571
0.356695,-0.696137
0.357556,-0.696563
0.358416,-0.696989
0.359276,-0.697416
0.360136,-0.697842
0.360996,-0.698268
0.361856,-0.698695
0.362716,-0.699121
0.363577,-0.699548
0.364437,-0.699974
0.365297,-0.7004
0.366157,-0.700827
0.367017,-0.701253
0.367877,-0.701679
0.368737,-0.702106
0.369597,-0.702532
0.370458,-0.702958
0.371318,-0.703385
0.372178,-0.703811
0.373038,-0.704238
0.373898,-0.704664
0.374758,-0.70509
0.375618,-0.705517
0.376479,-0.705943
0.377339,-0.706369
0.378199,-0.706796
0.379059,-0.707222
0.379919,-0.707648
0.380779,-0.708075
0.381639,-0.708501
0.382499,-0.708927
0.38336,-0.709354
0.38422,-0.70978
0.38508,-0.710207
0.38594,-0.710633
0.3868,-0.711059
0.38766,-0.711486
0.38852,-0.711912
0.389381,-0.712338
0.390241,-0.712765
0.391101,-0.713191
0.391961,-0.713617
0.392821,-0.714044
0.393681,-0.71447
0.394541,-0.714897
0.395401,-0.715323
0.396262,-0.715749
0.397122,-0.716176
0.397982,-0.716602
0.398842,-0.717028
0.399702,-0.717455
0.400562,-0.717881
0.401422,-0.718307
0.402283,-0.718734
0.403143,-0.71916
0.404003,-0.719587
0.404863,-0.720013
0.405723,-0.720439
0.406583,-0.720866
0.407443,-0.721292
0.408303,-0.721718
0.409164,-0.722145
0.410024,-0.722571
0.410884,-0.722997
0.411744,-0.723424
0.412604,-0.72385
0.413464,-0.724277
0.414324,-0.724703
0.415185,-0.725129
0.416045,-0.725556
0.416905,-0.725982
0.417765,-0.726408
0.418625,-0.726835
0.419485,-0.727261
0.420345,-0.727687
0.421205,-0.728114
0.422066,-0.72854
0.422926,-0.728967
0.423786,-0.729393
0.424646,-0.729819
0.425506,-0.730246
0.426366,-0.730672
0.427226,-0.731098
0.428087,-0.731525
0.428947,-0.731951
0.429807,-0.732377
0.430667,-0.732804
0.431527,-0.73323
0.432387,-0.733656
0.433247,-0.734083
0.434108,-0.734509
0.434968,-0.734936
0.435828,-0.735362
0.436688,-0.735788
0.437548,-0.736215
0.438408,-0.736641
0.439268,-0.737067
0.438725,-0.735885
0.438183,-0.734703
0.43764,-0.73352
0.437097,-0.732338
0.436554,-0.731155
0.436011,-0.729973
0.435468,-0.728791
0.434925,-0.727608
0.434382,-0.726426
0.433839,-0.725243
0.433297,-0.724061
0.432754,-0.722879
0.432211,-0.721696
0.431668,-0.720514
0.431125,-0.719331
0.430582,-0.718149
0.430039,-0.716967
0.429496,-0.715784
0.428953,-0.714602
0.428411,-0.713419
0.427868,-0.712237
0.427325,-0.711055
0.426782,-0.709872
0.426239,-0.70869
0.425696,-0.707507
0.425153,-0.706325
0.42461,-0.705143
0.424067,-0.70396
0.423525,-0.702778
0.422982,-0.701595
0.422439,-0.700413
0.421896,-0.69923
0.421353,-0.698048
0.42081,-0.696866
0.420267,-0.695683
0.419724,-0.694501
0.419181,-0.693318
0.418639,-0.692136
0.418096,-0.690954
0.417553,-0.689771
0.41701,-0.688589
0.416467,-0.687406
0.415924,-0.686224
0.415381,-0.685042
0.414838,-0.683859
0.414295,-0.682677
0.413753,-0.681494
0.41321,-0.680312
0.412667,-0.67913
0.412124,-0.677947
0.411581,-0.676765
0.411038,-0.675582
0.410495,-0.6744
0.409952,-0.673218
0.409409,-0.672035
0.408867,-0.670853
0.408324,-0.66967
0.407781,-0.668488
0.407238,-0.667306
0.406695,-0.666123
0.406152,-0.664941
0.405609,-0.663758
0.405066,-0.662576
0.404523,-0.661394
0.403981,-0.660211
0.403438,-0.659029
0.402895,-0.657846
0.402352,-0.656664
0.401809,-0.655482
0.401266,-0.654299
0.400723,-0.653117
0.40018,-0.651934
0.399637,-0.650752
0.399095,-0.64957
0.398552,-0.648387
0.398009,-0.647205
0.397466,-0.646022
0.396923,-0.64484
0.39638,-0.643658
0.395837,-0.642475
0.395294,-0.641293
0.394751,-0.64011
0.394209,-0.638928
0.393666,-0.637746
0.393123,-0.636563
0.39258,-0.635381
0.392037,-0.634198
0.391494,-0.633016
0.390951,-0.631834
0.390408,-0.630651
0.389865,-0.629469
0.389323,-0.628286
0.38878,-0.627104
0.388237,-0.625921
0.387694,-0.624739
0.387151,-0.623557
0.386608,-0.622374
0.386065,-0.621192
0.385522,-0.620009
0.384979,-0.618827
0.384437,-0.617645
0.383894,-0.616462
0.383351,-0.61528
0.382808,-0.614097
0.382265,-0.612915
0.381722,-0.611733
0.381179,-0.61055
0.380636,-0.609368
0.380093,-0.608185
0.379551,-0.607003
0.379008,-0.605821
0.378465,-0.604638
0.377922,-0.603456
0.377379,-0.602273
0.376836,-0.601091
0.376293,-0.599909
0.37575,-0.598726
0.375207,-0.597544
0.374665,-0.596361
0.374122,-0.595179
0.373579,-0.593997
0.373036,-0.592814
0.372493,-0.591632
0.37195,-0.590449
0.371407,-0.589267
0.370864,-0.588085
0.370321,-0.586902
0.369779,-0.58572
0.369236,-0.584537
0.368693,-0.583355
0.36815,-0.582173
0.367607,-0.58099
0.367064,-0.579808
0.366521,-0.578625
0.365978,-0.577443
0.365435,-0.576261
0.364893,-0.575078
0.36435,-0.573896
0.363807,-0.572713
0.363264,-0.571531
0.362721,-0.570349
0.362178,-0.569166
0.361635,-0.567984
0.361092,-0.566801
0.360549,-0.565619
0.360007,-0.564437
0.359464,-0.563254
0.358921,-0.562072
0.358378,-0.560889
0.359122,-0.56163
0.359866,-0.56237
0.360611,-0.56311
0.361355,-0.56385
0.362099,-0.56459
0.362843,-0.56533
0.363588,-0.566071
0.364332,-0.566811
0.365076,-0.567551
0.36582,-0.568291
0.366565,-0.569031
0.367309,-0.569772
0.368053,-0.570512
0.368798,-0.571252
0.369542,-0.571992
0.370286,-0.572732
0.37103,-0.573473
0.371775,-0.574213
0.372519,-0.574953
0.373263,-0.575693
0.374007,-0.576433
0.374752,-0.577174
0.375496,-0.577914
0.37624,-0.578654
0.376984,-0.579394
0.377729,-0.580134
0.378473,-0.580875
0.379217,-0.581615
0.379961,-0.582355
0.380706,-0.583095
0.38145,-0.583835
0.382194,-0.584576
0.382938,-0.585316
0.383683,-0.586056
0.384427,-0.586796
0.385171,-0.587536
0.385915,-0.588277
0.38666,-0.589017
0.387404,-0.589757
0.388148,-0.590497
0.388892,-0.591237
0.389637,-0.591977
0.390381,-0.592718
0.391125,-0.593458
0.39187,-0.594198
0.392614,-0.594938
0.393358,-0.595678
0.394102,-0.596419
0.394847,-0.597159
0.395591,-0.597899
0.396335,-0.598639
0.397079,-0.599379
0.397824,-0.60012
0.398568,-0.60086
0.399312,-0.6016
0.400056,-0.60234
0.400801,-0.60308
0.401545,-0.603821
0.402289,-0.604561
0.403033,-0.605301
0.403778,-0.606041
0.404522,-0.606781
0.405266,-0.607522
0.40601,-0.608262
0.406755,-0.609002
0.407499,-0.609742
0.408243,-0.610482
0.408987,-0.611223
0.409732,-0.611963
0.410476,-0.612703
0.41122,-0.613443
0.411964,-0.614183
0.412709,-0.614924
0.413453,-0.615664
0.414197,-0.616404
0.414941,-0.617144
0.415686,-0.617884
0.41643,-0.618624
0.417174,-0.619365
0.417919,-0.620105
0.418663,-0.620845
0.419407,-0.621585
0.420151,-0.622325
0.420896,-0.623066
0.42164,-0.623806
0.422384,-0.624546
0.423128,-0.625286
0.423873,-0.626026
0.424617,-0.626767
0.425361,-0.627507
0.426105,-0.628247
0.42685,-0.628987
0.427594,-0.629727
0.428338,-0.630468
0.429082,-0.631208
0.429827,-0.631948
0.430571,-0.632688
0.431315,-0.633428
0.432059,-0.634169
0.432804,-0.634909
0.433548,-0.635649
0.434292,-0.636389
0.435036,-0.637129
0.435781,-0.63787
0.436525,-0.63861
0.437269,-0.63935
0.438013,-0.64009
0.438758,-0.64083
0.439502,-0.641571
0.440246,-0.642311
0.440991,-0.643051
0.441735,-0.643791
0.442479,-0.644531
0.443223,-0.645271
0.443968,-0.646012
0.444712,-0.646752
0.445456,-0.647492
0.4462,-0.648232
0.446945,-0.648972
0.447689,-0.649713
0.448433,-0.650453
0.449177,-0.651193
0.449922,-0.651933
0.450666,-0.652673
0.45141,-0.653414
0.452154,-0.654154
0.452899,-0.654894
0.453643,-0.655634
0.454387,-0.656374
0.455131,-0.657115
0.455876,-0.657855
0.45662,-0.658595
0.457364,-0.659335
0.458108,-0.660075
0.458853,-0.660816
0.459597,-0.661556
0.460341,-0.662296
0.461085,-0.663036
0.46183,-0.663776
0.462574,-0.664517
0.463318,-0.665257
0.464062,-0.665997
0.464807,-0.666737
0.465551,-0.667477
0.466295,-0.668218
0.46704,-0.668958
0.467784,-0.669698
0.468528,-0.670438
0.469272,-0.671178
0.470017,-0.671918
0.470732,-0.670785
0.471447,-0.669652
0.472162,-0.668518
0.472877,-0.667385
0.473592,-0.666251
0.474307,-0.665118
0.475022,-0.663984
0.475737,-0.662851
0.476453,-0.661717
0.477168,-0.660584
0.477883,-0.65945
0.478598,-0.658317
0.479313,-0.657183
0.480028,-0.65605
0.480743,-0.654916
0.481458,-0.653783
0.482174,-0.652649
0.482889,-0.651516
0.483604,-0.650382
0.484319,-0.649249
0.485034,-0.648115
0.485749,-0.646982
0.486464,-0.645848
0.487179,-0.644715
0.487895,-0.643581
0.48861,-0.642448
0.489325,-0.641314
0.49004,-0.640181
0.490755,-0.639047
0.49147,-0.637914
0.492185,-0.63678
0.4929,-0.635647
0.493615,-0.634514
0.494331,-0.63338
0.495046,-0.632247
0.495761,-0.631113
0.496476,-0.62998
0.497191,-0.628846
0.497906,-0.627713
0.498621,-0.626579
0.499336,-0.625446
0.500052,-0.624312
0.500767,-0.623179
0.501482,-0.622045
0.502197,-0.620912
0.502912,-0.619778
0.503627,-0.618645
0.504342,-0.617511
0.505057,-0.616378
0.505772,-0.615244
0.506488,-0.614111
0.507203,-0.612977
0.507918,-0.611844
0.508633,-0.61071
0.509348,-0.609577
0.510063,-0.608443
0.510778,-0.60731
0.511493,-0.606176
0.512209,-0.605043
0.512924,-0.603909
0.513639,-0.602776
0.514354,-0.601642
0.515069,-0.600509
0.515784,-0.599375
0.516499,-0.598242
0.517214,-0.597109
0.517929,-0.595975
0.518645,-0.594842
0.51936,-0.593708
0.520075,-0.592575
0.52079,-0.591441
0.521505,-0.590308
0.52222,-0.589174
0.522935,-0.588041
0.52365,-0.586907
0.524366,-0.585774
0.525081,-0.58464
0.525796,-0.583507
0.526511,-0.582373
0.527226,-0.58124
0.527941,-0.580106
0.528656,-0.578973
0.529371,-0.577839
0.530086,-0.576706
0.530802,-0.575572
0.531517,-0.574439
0.532232,-0.573305
0.532947,-0.572172
0.533662,-0.571038
0.534377,-0.569905
0.535092,-0.568771
0.535807,-0.567638
0.536523,-0.566504
0.537238,-0.565371
0.537953,-0.564237
0.538668,-0.563104
0.539383,-0.561971
0.540098,-0.560837
0.540813,-0.559704
0.541528,-0.55857
0.542243,-0.557437
0.542959,-0.556303
0.543674,-0.55517
0.544389,-0.554036
0.545104,-0.552903
0.545819,-0.551769
0.546534,-0.550636
0.547249,-0.549502
0.547964,-0.548369
0.54868,-0.547235
0.549395,-0.546102
0.55011,-0.544968
0.550825,-0.543835
0.55154,-0.542701
0.552255,-0.541568
0.55297,-0.540434
0.553685,-0.539301
0.554401,-0.538167
0.555116,-0.537034
0.555831,-0.5359
0.556546,-0.534767
0.557261,-0.533633
0.557976,-0.5325
0.558691,-0.531366
0.559406,-0.530233
0.560121,-0.529099
0.560837,-0.527966
0.561552,-0.526833
0.562267,-0.525699
0.562982,-0.524566
0.563697,-0.523432
0.564412,-0.522299
0.565127,-0.521165
0.565842,-0.520032
0.566558,-0.518898
0.567273,-0.517765
0.567988,-0.516631
0.568703,-0.515498
0.569418,-0.514364
0.570133,-0.513231
0.570848,-0.512097
0.571563,-0.510964
0.572278,-0.50983
0.572994,-0.508697
0.573709,-0.507563
0.574424,-0.50643
0.575139,-0.505296
0.575854,-0.504163
0.576569,-0.503029
