O
20
1,0,-1,0.78,-0.5,0.75,0.0,0.0,0.0,0.3,0.4,0.02,0,0.8,False
2,0,-1,1.1,-0.5,0.93,0.0,0.0,0.0,0.02,0.4,0.2,0,0.8,False
3,0,-1,0.78,-0.5,1.11,0.0,0.0,0.0,0.3,0.4,0.02,0,0.8,False
4,0,-1,0.8,-0.92,0.93,0.0,0.0,0.0,0.32,0.02,0.2,0,0.8,False
5,0,-1,0.8,-0.08,0.93,0.0,0.0,0.0,0.32,0.02,0.2,0,0.8,False
6,0,0,0.6938536475549006,-0.7539269432363928,0.8889287221305939,0.0,0.0,2.749266406669136,0.07861107071940081,0.03,0.11892872213059391,0.16417044996651076,0.8741515477999656,False
7,0,0,0.9617308420603361,-0.30034133794104634,0.86,0.0,0.0,1.5147586806432058,0.03,0.041568674726908415,0.09,0.3123061451579866,1.1084134225828293,False
8,0,0,1.0112538425710835,-0.388417823077753,0.8698619963732939,0.0,0.0,1.3357371457930012,0.03,0.03,0.09986199637329389,0.19319981627762278,0.8460677321894929,False
9,2,0,0.7751887933572486,-0.32478894992342466,0.8450000000000001,0.0,0.0,5.6065609193388894,0.05577028866844144,0.05577028866844144,0.15,0.33048467709412577,0.8424030230980462,False
10,2,0,0.5667677448572122,-0.2557025110605763,0.8450000000000001,0.0,0.0,3.7545677702325757,0.03,0.03,0.15,0.03602770331668981,0.9748921504348458,False
11,2,1,0.6180669893156153,-0.5013984464240704,0.852079896016801,0.0,0.0,6.23790180097391,0.04081528730960395,0.04081528730960395,0.16415979203360187,0.33319803931050895,1.002702822415826,True
12,2,1,0.7853776122815992,-0.4709657020427436,0.8450000000000001,0.0,0.0,2.256214870929125,0.03,0.03,0.15,0.2782373047357928,0.9170914714782802,True
13,2,1,0.797227468564685,-0.5920805261728337,0.8450000000000001,0.0,0.0,5.539914414617381,0.03,0.03,0.15,0.4273909043398576,1.1056422248182391,True
14,2,1,0.9778354969466094,-0.6899551721129791,0.8450000000000001,0.0,0.0,2.0956323426136945,0.03,0.03,0.15,0.11662179851405452,1.0108330256708433,True
15,0,1,0.6170908529207083,-0.6194092684820625,0.8610116489647986,0.0,0.0,3.9357877119599896,0.043782467159429156,0.03,0.09101164896479859,0.3744029770468263,1.054328360584613,True
16,2,1,0.708202564518762,-0.1678235672149957,0.8450000000000001,0.0,0.0,3.7274385131542145,0.03,0.03,0.15,0.07184197998028141,0.9533486870252992,True
17,2,1,0.5607082501537821,-0.8225368293235313,0.8450000000000001,0.0,0.0,6.132694952099585,0.03,0.03,0.15,0.46709731295214113,1.1157008158012927,True
18,2,1,0.8886679736211376,-0.48437148335851415,0.8450000000000001,0.0,0.0,3.5277842647338873,0.03,0.03,0.15,0.14828660408395467,1.1329736481378898,True
19,0,1,0.6531380981565134,-0.3647039581792868,0.86,0.0,0.0,3.131679406872578,0.03,0.03046491654443013,0.09,0.060413631369066245,1.1820347165267135,True
20,2,1,0.51562823308853,-0.6883240056264294,0.8450000000000001,0.0,0.0,6.272314996471128,0.03,0.03,0.15,0.0576870905015574,0.8025798215824007,True
R
0.0,0.0,0.0,0.0,0.0,0.0,1.0
S
8
torso_lift_joint,0
r_shoulder_pan_joint,-1.69017
r_shoulder_lift_joint,-0.0788625
r_upper_arm_roll_joint,-1.69017
r_elbow_flex_joint,-1.2717
r_forearm_roll_joint,-0.151824
r_wrist_flex_joint,-1.25254
r_wrist_roll_joint,0.675062
G
0.579634,-0.706666,0.888929,2.74927,-3.14159,3.14159
ooi
6
A
599
0.310248,-0.673113
0.310584,-0.674159
0.310921,-0.675204
0.311257,-0.67625
0.311593,-0.677295
0.311929,-0.678341
0.312265,-0.679386
0.312602,-0.680432
0.312938,-0.681477
0.313274,-0.682523
0.31361,-0.683568
0.313946,-0.684614
0.314282,-0.685659
0.314619,-0.686705
0.314955,-0.68775
0.315291,-0.688796
0.315627,-0.689841
0.315963,-0.690887
0.3163,-0.691932
0.316636,-0.692978
0.316972,-0.694024
0.317308,-0.695069
0.317644,-0.696115
0.317981,-0.69716
0.318317,-0.698206
0.318653,-0.699251
0.318989,-0.700297
0.319325,-0.701342
0.319662,-0.702388
0.319998,-0.703433
0.320334,-0.704479
0.32067,-0.705524
0.321006,-0.70657
0.321342,-0.707615
0.321679,-0.708661
0.322015,-0.709706
0.322351,-0.710752
0.322687,-0.711797
0.323023,-0.712843
0.32336,-0.713888
0.323696,-0.714934
0.324032,-0.71598
0.324368,-0.717025
0.324704,-0.718071
0.325041,-0.719116
0.325377,-0.720162
0.325713,-0.721207
0.326049,-0.722253
0.326385,-0.723298
0.326722,-0.724344
0.327058,-0.725389
0.327394,-0.726435
0.32773,-0.72748
0.328066,-0.728526
0.328402,-0.729571
0.328739,-0.730617
0.329075,-0.731662
0.329411,-0.732708
0.329747,-0.733753
0.330083,-0.734799
0.33042,-0.735844
0.330756,-0.73689
0.331092,-0.737936
0.331428,-0.738981
0.331764,-0.740027
0.332101,-0.741072
0.332437,-0.742118
0.332773,-0.743163
0.333109,-0.744209
0.333445,-0.745254
0.333782,-0.7463
0.334118,-0.747345
0.334454,-0.748391
0.33479,-0.749436
0.335126,-0.750482
0.335462,-0.751527
0.335799,-0.752573
0.336135,-0.753618
0.336471,-0.754664
0.336807,-0.755709
0.337143,-0.756755
0.33748,-0.7578
0.337816,-0.758846
0.338152,-0.759892
0.338488,-0.760937
0.338824,-0.761983
0.339161,-0.763028
0.339497,-0.764074
0.339833,-0.765119
0.340169,-0.766165
0.340505,-0.76721
0.340842,-0.768256
0.341178,-0.769301
0.341514,-0.770347
0.34185,-0.771392
0.342186,-0.772438
0.342522,-0.773483
0.342859,-0.774529
0.343195,-0.775574
0.343531,-0.77662
0.343867,-0.777665
0.344203,-0.778711
0.34454,-0.779756
0.344876,-0.780802
0.345212,-0.781848
0.345548,-0.782893
0.345884,-0.783939
0.346221,-0.784984
0.346557,-0.78603
0.346893,-0.787075
0.347229,-0.788121
0.347565,-0.789166
0.347902,-0.790212
0.348238,-0.791257
0.348574,-0.792303
0.34891,-0.793348
0.349246,-0.794394
0.349582,-0.795439
0.349919,-0.796485
0.350255,-0.79753
0.350591,-0.798576
0.350927,-0.799621
0.351263,-0.800667
0.3516,-0.801712
0.351936,-0.802758
0.352272,-0.803804
0.352608,-0.804849
0.352944,-0.805895
0.353281,-0.80694
0.353617,-0.807986
0.353953,-0.809031
0.354289,-0.810077
0.354625,-0.811122
0.354962,-0.812168
0.355298,-0.813213
0.355634,-0.814259
0.35597,-0.815304
0.356306,-0.81635
0.356642,-0.817395
0.356979,-0.818441
0.357315,-0.819486
0.357651,-0.820532
0.357987,-0.821577
0.358323,-0.822623
0.35866,-0.823668
0.358996,-0.824714
0.359332,-0.82576
0.359668,-0.826805
0.360004,-0.827851
0.360341,-0.828896
0.360677,-0.829942
0.361422,-0.829318
0.362166,-0.828694
0.362911,-0.828071
0.363656,-0.827447
0.364401,-0.826823
0.365146,-0.8262
0.365891,-0.825576
0.366635,-0.824953
0.36738,-0.824329
0.368125,-0.823705
0.36887,-0.823082
0.369615,-0.822458
0.37036,-0.821834
0.371105,-0.821211
0.371849,-0.820587
0.372594,-0.819963
0.373339,-0.81934
0.374084,-0.818716
0.374829,-0.818093
0.375574,-0.817469
0.376318,-0.816845
0.377063,-0.816222
0.377808,-0.815598
0.378553,-0.814974
0.379298,-0.814351
0.380043,-0.813727
0.380787,-0.813104
0.381532,-0.81248
0.382277,-0.811856
0.383022,-0.811233
0.383767,-0.810609
0.384512,-0.809985
0.385257,-0.809362
0.386001,-0.808738
0.386746,-0.808114
0.387491,-0.807491
0.388236,-0.806867
0.388981,-0.806244
0.389726,-0.80562
0.39047,-0.804996
0.391215,-0.804373
0.39196,-0.803749
0.392705,-0.803125
0.39345,-0.802502
0.394195,-0.801878
0.394939,-0.801254
0.395684,-0.800631
0.396429,-0.800007
0.397174,-0.799384
0.397919,-0.79876
0.398664,-0.798136
0.399408,-0.797513
0.400153,-0.796889
0.400898,-0.796265
0.401643,-0.795642
0.402388,-0.795018
0.403133,-0.794395
0.403878,-0.793771
0.404622,-0.793147
0.405367,-0.792524
0.406112,-0.7919
0.406857,-0.791276
0.407602,-0.790653
0.408347,-0.790029
0.409091,-0.789405
0.409836,-0.788782
0.410581,-0.788158
0.411326,-0.787535
0.412071,-0.786911
0.412816,-0.786287
0.41356,-0.785664
0.414305,-0.78504
0.41505,-0.784416
0.415795,-0.783793
0.41654,-0.783169
0.417285,-0.782545
0.41803,-0.781922
0.418774,-0.781298
0.419519,-0.780675
0.420264,-0.780051
0.421009,-0.779427
0.421754,-0.778804
0.422499,-0.77818
0.423243,-0.777556
0.423988,-0.776933
0.424733,-0.776309
0.425478,-0.775685
0.426223,-0.775062
0.426968,-0.774438
0.427712,-0.773815
0.428457,-0.773191
0.429202,-0.772567
0.429947,-0.771944
0.430692,-0.77132
0.431437,-0.770696
0.432181,-0.770073
0.432926,-0.769449
0.433671,-0.768826
0.434416,-0.768202
0.435161,-0.767578
0.435906,-0.766955
0.436651,-0.766331
0.437395,-0.765707
0.43814,-0.765084
0.438885,-0.76446
0.43963,-0.763836
0.440375,-0.763213
0.44112,-0.762589
0.441864,-0.761966
0.442609,-0.761342
0.443354,-0.760718
0.444099,-0.760095
0.444844,-0.759471
0.445589,-0.758847
0.446333,-0.758224
0.447078,-0.7576
0.447823,-0.756976
0.448568,-0.756353
0.449313,-0.755729
0.450058,-0.755106
0.450803,-0.754482
0.451547,-0.753858
0.452292,-0.753235
0.453037,-0.752611
0.453782,-0.751987
0.454527,-0.751364
0.455272,-0.75074
0.456016,-0.750117
0.456761,-0.749493
0.457506,-0.748869
0.458251,-0.748246
0.458996,-0.747622
0.459741,-0.746998
0.460485,-0.746375
0.46123,-0.745751
0.461975,-0.745127
0.46272,-0.744504
0.463465,-0.74388
0.46421,-0.743257
0.464954,-0.742633
0.465699,-0.742009
0.466444,-0.741386
0.467189,-0.740762
0.467934,-0.740138
0.468679,-0.739515
0.469424,-0.738891
0.470168,-0.738267
0.470913,-0.737644
0.471658,-0.73702
0.471156,-0.736114
0.470654,-0.735207
0.470152,-0.734301
0.469649,-0.733394
0.469147,-0.732488
0.468645,-0.731581
0.468143,-0.730675
0.467641,-0.729768
0.467138,-0.728861
0.466636,-0.727955
0.466134,-0.727048
0.465632,-0.726142
0.46513,-0.725235
0.464628,-0.724329
0.464125,-0.723422
0.463623,-0.722516
0.463121,-0.721609
0.462619,-0.720703
0.462117,-0.719796
0.461615,-0.71889
0.461112,-0.717983
0.46061,-0.717077
0.460108,-0.71617
0.459606,-0.715263
0.459104,-0.714357
0.458601,-0.71345
0.458099,-0.712544
0.457597,-0.711637
0.457095,-0.710731
0.456593,-0.709824
0.456091,-0.708918
0.455588,-0.708011
0.455086,-0.707105
0.454584,-0.706198
0.454082,-0.705292
0.45358,-0.704385
0.453078,-0.703479
0.452575,-0.702572
0.452073,-0.701666
0.451571,-0.700759
0.451069,-0.699852
0.450567,-0.698946
0.450064,-0.698039
0.449562,-0.697133
0.44906,-0.696226
0.448558,-0.69532
0.448056,-0.694413
0.447554,-0.693507
0.447051,-0.6926
0.446549,-0.691694
0.446047,-0.690787
0.445545,-0.689881
0.445043,-0.688974
0.444541,-0.688068
0.444038,-0.687161
0.443536,-0.686254
0.443034,-0.685348
0.442532,-0.684441
0.44203,-0.683535
0.441527,-0.682628
0.441025,-0.681722
0.440523,-0.680815
0.440021,-0.679909
0.439519,-0.679002
0.439017,-0.678096
0.438514,-0.677189
0.438012,-0.676283
0.43751,-0.675376
0.437008,-0.67447
0.436506,-0.673563
0.436004,-0.672657
0.435501,-0.67175
0.434999,-0.670843
0.434497,-0.669937
0.433995,-0.66903
0.433493,-0.668124
0.43299,-0.667217
0.432488,-0.666311
0.431986,-0.665404
0.431484,-0.664498
0.430982,-0.663591
0.43048,-0.662685
0.429977,-0.661778
0.429475,-0.660872
0.428973,-0.659965
0.428471,-0.659059
0.427969,-0.658152
0.427467,-0.657245
0.426964,-0.656339
0.426462,-0.655432
0.42596,-0.654526
0.425458,-0.653619
0.424956,-0.652713
0.424453,-0.651806
0.423951,-0.6509
0.423449,-0.649993
0.422947,-0.649087
0.422445,-0.64818
0.421943,-0.647274
0.42144,-0.646367
0.420938,-0.645461
0.420436,-0.644554
0.419934,-0.643648
0.419432,-0.642741
0.41893,-0.641834
0.418427,-0.640928
0.417925,-0.640021
0.417423,-0.639115
0.416921,-0.638208
0.416419,-0.637302
0.415916,-0.636395
0.415414,-0.635489
0.414912,-0.634582
0.41441,-0.633676
0.413908,-0.632769
0.413406,-0.631863
0.412903,-0.630956
0.412401,-0.63005
0.411899,-0.629143
0.411397,-0.628236
0.410895,-0.62733
0.410393,-0.626423
0.40989,-0.625517
0.409388,-0.62461
0.408886,-0.623704
0.408384,-0.622797
0.407882,-0.621891
0.407379,-0.620984
0.406877,-0.620078
0.406375,-0.619171
0.405873,-0.618265
0.405371,-0.617358
0.404869,-0.616452
0.404366,-0.615545
0.403864,-0.614639
0.403362,-0.613732
0.40286,-0.612825
0.402358,-0.611919
0.401856,-0.611012
0.401353,-0.610106
0.400851,-0.609199
0.400349,-0.608293
0.399847,-0.607386
0.399345,-0.60648
0.398842,-0.605573
0.39834,-0.604667
0.397838,-0.60376
0.397336,-0.602854
0.396834,-0.601947
0.396332,-0.601041
0.397562,-0.601749
0.398792,-0.602458
0.400022,-0.603167
0.401252,-0.603876
0.402483,-0.604585
0.403713,-0.605294
0.404943,-0.606003
0.406173,-0.606712
0.407404,-0.607421
0.408634,-0.608129
0.409864,-0.608838
0.411094,-0.609547
0.412324,-0.610256
0.413555,-0.610965
0.414785,-0.611674
0.416015,-0.612383
0.417245,-0.613092
0.418476,-0.613801
0.419706,-0.61451
0.420936,-0.615218
0.422166,-0.615927
0.423396,-0.616636
0.424627,-0.617345
0.425857,-0.618054
0.427087,-0.618763
0.428317,-0.619472
0.429548,-0.620181
0.430778,-0.62089
0.432008,-0.621598
0.433238,-0.622307
0.434468,-0.623016
0.435699,-0.623725
0.436929,-0.624434
0.438159,-0.625143
0.439389,-0.625852
0.44062,-0.626561
0.44185,-0.62727
0.44308,-0.627978
0.44431,-0.628687
0.44554,-0.629396
0.446771,-0.630105
0.448001,-0.630814
0.449231,-0.631523
0.450461,-0.632232
0.451691,-0.632941
0.452922,-0.63365
0.454152,-0.634359
0.455382,-0.635067
0.456612,-0.635776
0.457843,-0.636485
0.459073,-0.637194
0.460303,-0.637903
0.461533,-0.638612
0.462763,-0.639321
0.463994,-0.64003
0.465224,-0.640739
0.466454,-0.641447
0.467684,-0.642156
0.468915,-0.642865
0.470145,-0.643574
0.471375,-0.644283
0.472605,-0.644992
0.473835,-0.645701
0.475066,-0.64641
0.476296,-0.647119
0.477526,-0.647827
0.478756,-0.648536
0.479987,-0.649245
0.481217,-0.649954
0.482447,-0.650663
0.483677,-0.651372
0.484907,-0.652081
0.486138,-0.65279
0.487368,-0.653499
0.488598,-0.654208
0.489828,-0.654916
0.491058,-0.655625
0.492289,-0.656334
0.493519,-0.657043
0.494749,-0.657752
0.495979,-0.658461
0.49721,-0.65917
0.49844,-0.659879
0.49967,-0.660588
0.5009,-0.661296
0.50213,-0.662005
0.503361,-0.662714
0.504591,-0.663423
0.505821,-0.664132
0.507051,-0.664841
0.508282,-0.66555
0.509512,-0.666259
0.510742,-0.666968
0.511972,-0.667676
0.513202,-0.668385
0.514433,-0.669094
0.515663,-0.669803
0.516893,-0.670512
0.518123,-0.671221
0.519354,-0.67193
0.520584,-0.672639
0.521814,-0.673348
0.523044,-0.674057
0.524274,-0.674765
0.525505,-0.675474
0.526735,-0.676183
0.527965,-0.676892
0.529195,-0.677601
0.530426,-0.67831
0.531656,-0.679019
0.532886,-0.679728
0.534116,-0.680437
0.535346,-0.681145
0.536577,-0.681854
0.537807,-0.682563
0.539037,-0.683272
0.540267,-0.683981
0.541497,-0.68469
0.542728,-0.685399
0.543958,-0.686108
0.545188,-0.686817
0.546418,-0.687526
0.547649,-0.688234
0.548879,-0.688943
0.550109,-0.689652
0.551339,-0.690361
0.552569,-0.69107
0.5538,-0.691779
0.55503,-0.692488
0.55626,-0.693197
0.55749,-0.693906
0.558721,-0.694614
0.559951,-0.695323
0.561181,-0.696032
0.562411,-0.696741
0.563641,-0.69745
0.564872,-0.698159
0.566102,-0.698868
0.567332,-0.699577
0.568562,-0.700286
0.569793,-0.700994
0.571023,-0.701703
0.572253,-0.702412
0.573483,-0.703121
0.574713,-0.70383
0.575944,-0.704539
0.577174,-0.705248
0.578404,-0.705957
0.579634,-0.706666
