O
20
1,0,-1,0.78,-0.5,0.75,0.0,0.0,0.0,0.3,0.4,0.02,0,0.8,False
2,0,-1,1.1,-0.5,0.93,0.0,0.0,0.0,0.02,0.4,0.2,0,0.8,False
3,0,-1,0.78,-0.5,1.11,0.0,0.0,0.0,0.3,0.4,0.02,0,0.8,False
4,0,-1,0.8,-0.92,0.93,0.0,0.0,0.0,0.32,0.02,0.2,0,0.8,False
5,0,-1,0.8,-0.08,0.93,0.0,0.0,0.0,0.32,0.02,0.2,0,0.8,False
6,0,0,0.6742486125187115,-0.34748314039676564,0.8761613531557311,0.0,0.0,3.6241088291896864,0.03,0.03,0.10616135315573111,0.24356168413082074,0.9501848512552934,False
7,2,0,0.9529203375193274,-0.25594363685240007,0.8450000000000001,0.0,0.0,0.5358454261645355,0.0314656768796561,0.0314656768796561,0.15,0.1418898861982139,1.0571996829274337,False
8,2,0,0.9740456529617989,-0.5757527483198118,0.8450000000000001,0.0,0.0,3.6715940716182667,0.03,0.03,0.15,0.22045797282608193,0.965807315767632,False
9,0,0,0.8466574553489493,-0.7191480116238479,0.86,0.0,0.0,0.9363292855070069,0.07120869680606348,0.03,0.09,0.12459105106832613,1.0895454456349043,False
10,2,0,0.8734236199547254,-0.3906114449735028,0.8450000000000001,0.0,0.0,2.750553343766814,0.060114136372643755,0.060114136372643755,0.15,0.3853889010740416,1.0100895745437937,False
11,2,1,0.5282045486099333,-0.3070638717406514,0.8654503392014994,0.0,0.0,2.9438775356981477,0.048193388568258215,0.048193388568258215,0.19090067840299868,0.364302676490858,0.9488508810051371,True
12,2,1,0.9632571574354235,-0.6752370671686647,0.8450000000000001,0.0,0.0,4.773740461614443,0.03,0.03,0.15,0.11727944876422697,1.0529425299063564,True
13,2,1,0.7185198999497944,-0.45493490709899187,0.8450000000000001,0.0,0.0,5.591669683407472,0.03,0.03,0.15,0.2330222891747194,1.188491697774451,True
14,0,1,0.6537417749346084,-0.6314354866403797,0.86,0.0,0.0,5.099681722336539,0.030681309892657636,0.03454849430005741,0.09,0.09483054328342838,0.9247655369905249,True
15,2,1,0.6174439551594182,-0.7456821841943084,0.8509376328135331,0.0,0.0,3.0190610444771417,0.03,0.03,0.16187526562706606,0.0684025778362925,0.8510368946114244,True
16,2,1,0.8091521697114907,-0.17536013280607377,0.8450000000000001,0.0,0.0,4.547204066982338,0.043349421102042755,0.043349421102042755,0.15,0.18534628665592096,0.846681013471368,True
17,2,1,0.7241312662597362,-0.7868064036953106,0.8450000000000001,0.0,0.0,1.8798992784021649,0.03,0.03,0.15,0.45820429699364223,1.1535776906628379,True
18,0,1,0.6160398076472295,-0.4859957788251006,0.86,0.0,0.0,0.06214474018912302,0.03,0.05401847857670315,0.09,0.15699546020736288,1.0282797204064262,True
19,2,1,0.9146377986242444,-0.8416179812148874,0.8450000000000001,0.0,0.0,1.4218886169571956,0.03,0.03,0.15,0.40971284371429734,0.8381984970763113,True
20,2,1,0.5516391759403367,-0.6327117943428191,0.8450000000000001,0.0,0.0,1.5950753649792837,0.03,0.03,0.15,0.11088685050917968,1.0526602415446764,True
R
0.0,0.0,0.0,0.0,0.0,0.0,1.0
S
8
torso_lift_joint,0
r_shoulder_pan_joint,-1.69017
r_shoulder_lift_joint,-0.0788625
r_upper_arm_roll_joint,-1.69017
r_elbow_flex_joint,-1.2717
r_forearm_roll_joint,-0.151824
r_wrist_flex_joint,-1.25254
r_wrist_roll_joint,0.675062
G
0.607811,-0.382284,0.876161,0.482516,-0,0
ooi
6
A
599
0.310248,-0.673113
0.310687,-0.673441
0.311126,-0.67377
0.311564,-0.674098
0.312003,-0.674426
0.312442,-0.674755
0.312881,-0.675083
0.313319,-0.675411
0.313758,-0.67574
0.314197,-0.676068
0.314635,-0.676396
0.315074,-0.676725
0.315513,-0.677053
0.315952,-0.677381
0.31639,-0.67771
0.316829,-0.678038
0.317268,-0.678366
0.317706,-0.678695
0.318145,-0.679023
0.318584,-0.679351
0.319023,-0.679679
0.319461,-0.680008
0.3199,-0.680336
0.320339,-0.680664
0.320778,-0.680993
0.321216,-0.681321
0.321655,-0.681649
0.322094,-0.681978
0.322532,-0.682306
0.322971,-0.682634
0.32341,-0.682963
0.323849,-0.683291
0.324287,-0.683619
0.324726,-0.683948
0.325165,-0.684276
0.325604,-0.684604
0.326042,-0.684933
0.326481,-0.685261
0.32692,-0.685589
0.327358,-0.685918
0.327797,-0.686246
0.328236,-0.686574
0.328675,-0.686902
0.329113,-0.687231
0.329552,-0.687559
0.329991,-0.687887
0.330429,-0.688216
0.330868,-0.688544
0.331307,-0.688872
0.331746,-0.689201
0.332184,-0.689529
0.332623,-0.689857
0.333062,-0.690186
0.333501,-0.690514
0.333939,-0.690842
0.334378,-0.691171
0.334817,-0.691499
0.335255,-0.691827
0.335694,-0.692156
0.336133,-0.692484
0.336572,-0.692812
0.33701,-0.693141
0.337449,-0.693469
0.337888,-0.693797
0.338326,-0.694126
0.338765,-0.694454
0.339204,-0.694782
0.339643,-0.69511
0.340081,-0.695439
0.34052,-0.695767
0.340959,-0.696095
0.341398,-0.696424
0.341836,-0.696752
0.342275,-0.69708
0.342714,-0.697409
0.343152,-0.697737
0.343591,-0.698065
0.34403,-0.698394
0.344469,-0.698722
0.344907,-0.69905
0.345346,-0.699379
0.345785,-0.699707
0.346224,-0.700035
0.346662,-0.700364
0.347101,-0.700692
0.34754,-0.70102
0.347978,-0.701349
0.348417,-0.701677
0.348856,-0.702005
0.349295,-0.702334
0.349733,-0.702662
0.350172,-0.70299
0.350611,-0.703318
0.351049,-0.703647
0.351488,-0.703975
0.351927,-0.704303
0.352366,-0.704632
0.352804,-0.70496
0.353243,-0.705288
0.353682,-0.705617
0.354121,-0.705945
0.354559,-0.706273
0.354998,-0.706602
0.355437,-0.70693
0.355875,-0.707258
0.356314,-0.707587
0.356753,-0.707915
0.357192,-0.708243
0.35763,-0.708572
0.358069,-0.7089
0.358508,-0.709228
0.358947,-0.709557
0.359385,-0.709885
0.359824,-0.710213
0.360263,-0.710542
0.360701,-0.71087
0.36114,-0.711198
0.361579,-0.711526
0.362018,-0.711855
0.362456,-0.712183
0.362895,-0.712511
0.363334,-0.71284
0.363772,-0.713168
0.364211,-0.713496
0.36465,-0.713825
0.365089,-0.714153
0.365527,-0.714481
0.365966,-0.71481
0.366405,-0.715138
0.366844,-0.715466
0.367282,-0.715795
0.367721,-0.716123
0.36816,-0.716451
0.368598,-0.71678
0.369037,-0.717108
0.369476,-0.717436
0.369915,-0.717765
0.370353,-0.718093
0.370792,-0.718421
0.371231,-0.718749
0.37167,-0.719078
0.372108,-0.719406
0.372547,-0.719734
0.372986,-0.720063
0.373424,-0.720391
0.373863,-0.720719
0.374302,-0.721048
0.374741,-0.721376
0.375179,-0.721704
0.375618,-0.722033
0.376057,-0.722361
0.375706,-0.720989
0.375355,-0.719616
0.375003,-0.718244
0.374652,-0.716872
0.374301,-0.7155
0.37395,-0.714127
0.373599,-0.712755
0.373248,-0.711383
0.372897,-0.71001
0.372546,-0.708638
0.372194,-0.707266
0.371843,-0.705894
0.371492,-0.704521
0.371141,-0.703149
0.37079,-0.701777
0.370439,-0.700405
0.370088,-0.699032
0.369737,-0.69766
0.369385,-0.696288
0.369034,-0.694915
0.368683,-0.693543
0.368332,-0.692171
0.367981,-0.690799
0.36763,-0.689426
0.367279,-0.688054
0.366928,-0.686682
0.366577,-0.685309
0.366225,-0.683937
0.365874,-0.682565
0.365523,-0.681193
0.365172,-0.67982
0.364821,-0.678448
0.36447,-0.677076
0.364119,-0.675703
0.363768,-0.674331
0.363416,-0.672959
0.363065,-0.671587
0.362714,-0.670214
0.362363,-0.668842
0.362012,-0.66747
0.361661,-0.666098
0.36131,-0.664725
0.360959,-0.663353
0.360608,-0.661981
0.360256,-0.660608
0.359905,-0.659236
0.359554,-0.657864
0.359203,-0.656492
0.358852,-0.655119
0.358501,-0.653747
0.35815,-0.652375
0.357799,-0.651002
0.357447,-0.64963
0.357096,-0.648258
0.356745,-0.646886
0.356394,-0.645513
0.356043,-0.644141
0.355692,-0.642769
0.355341,-0.641396
0.35499,-0.640024
0.354639,-0.638652
0.354287,-0.63728
0.353936,-0.635907
0.353585,-0.634535
0.353234,-0.633163
0.352883,-0.631791
0.352532,-0.630418
0.352181,-0.629046
0.35183,-0.627674
0.351478,-0.626301
0.351127,-0.624929
0.350776,-0.623557
0.350425,-0.622185
0.350074,-0.620812
0.349723,-0.61944
0.349372,-0.618068
0.349021,-0.616695
0.34867,-0.615323
0.348318,-0.613951
0.347967,-0.612579
0.347616,-0.611206
0.347265,-0.609834
0.346914,-0.608462
0.346563,-0.607089
0.346212,-0.605717
0.345861,-0.604345
0.345509,-0.602973
0.345158,-0.6016
0.344807,-0.600228
0.344456,-0.598856
0.344105,-0.597484
0.343754,-0.596111
0.343403,-0.594739
0.343052,-0.593367
0.3427,-0.591994
0.342349,-0.590622
0.341998,-0.58925
0.341647,-0.587878
0.341296,-0.586505
0.340945,-0.585133
0.340594,-0.583761
0.340243,-0.582388
0.339892,-0.581016
0.33954,-0.579644
0.339189,-0.578272
0.338838,-0.576899
0.338487,-0.575527
0.338136,-0.574155
0.337785,-0.572782
0.337434,-0.57141
0.337083,-0.570038
0.336731,-0.568666
0.33638,-0.567293
0.336029,-0.565921
0.335678,-0.564549
0.335327,-0.563177
0.334976,-0.561804
0.334625,-0.560432
0.334274,-0.55906
0.333923,-0.557687
0.333571,-0.556315
0.33322,-0.554943
0.332869,-0.553571
0.332518,-0.552198
0.332167,-0.550826
0.331816,-0.549454
0.331465,-0.548081
0.331114,-0.546709
0.330762,-0.545337
0.330411,-0.543965
0.33006,-0.542592
0.329709,-0.54122
0.329358,-0.539848
0.329007,-0.538475
0.328656,-0.537103
0.328305,-0.535731
0.327954,-0.534359
0.327602,-0.532986
0.327251,-0.531614
0.3269,-0.530242
0.326549,-0.52887
0.326198,-0.527497
0.325847,-0.526125
0.325496,-0.524753
0.325145,-0.52338
0.324793,-0.522008
0.324442,-0.520636
0.324091,-0.519264
0.32374,-0.517891
0.325089,-0.518747
0.326437,-0.519602
0.327786,-0.520457
0.329135,-0.521313
0.330483,-0.522168
0.331832,-0.523023
0.333181,-0.523879
0.334529,-0.524734
0.335878,-0.525589
0.337227,-0.526445
0.338576,-0.5273
0.339924,-0.528155
0.341273,-0.529011
0.342622,-0.529866
0.34397,-0.530721
0.345319,-0.531577
0.346668,-0.532432
0.348016,-0.533287
0.349365,-0.534143
0.350714,-0.534998
0.352062,-0.535853
0.353411,-0.536709
0.35476,-0.537564
0.356108,-0.538419
0.357457,-0.539275
0.358806,-0.54013
0.360154,-0.540985
0.361503,-0.541841
0.362852,-0.542696
0.3642,-0.543551
0.365549,-0.544407
0.366898,-0.545262
0.368246,-0.546117
0.369595,-0.546973
0.370944,-0.547828
0.372292,-0.548683
0.373641,-0.549539
0.37499,-0.550394
0.376338,-0.551249
0.377687,-0.552105
0.379036,-0.55296
0.380384,-0.553815
0.381733,-0.554671
0.383082,-0.555526
0.38443,-0.556381
0.385779,-0.557237
0.387128,-0.558092
0.388476,-0.558947
0.389825,-0.559803
0.391174,-0.560658
0.392522,-0.561513
0.393871,-0.562369
0.39522,-0.563224
0.396568,-0.564079
0.397917,-0.564935
0.399266,-0.56579
0.400614,-0.566645
0.401963,-0.567501
0.403312,-0.568356
0.40466,-0.569211
0.406009,-0.570067
0.407358,-0.570922
0.408706,-0.571777
0.410055,-0.572633
0.411404,-0.573488
0.412752,-0.574343
0.414101,-0.575199
0.41545,-0.576054
0.416798,-0.576909
0.418147,-0.577765
0.419496,-0.57862
0.420845,-0.579475
0.422193,-0.580331
0.423542,-0.581186
0.424891,-0.582041
0.426239,-0.582897
0.427588,-0.583752
0.428937,-0.584607
0.430285,-0.585463
0.431634,-0.586318
0.432983,-0.587173
0.434331,-0.588029
0.43568,-0.588884
0.437029,-0.589739
0.438377,-0.590595
0.439726,-0.59145
0.441075,-0.592305
0.442423,-0.593161
0.443772,-0.594016
0.445121,-0.594871
0.446469,-0.595727
0.447818,-0.596582
0.449167,-0.597437
0.450515,-0.598293
0.451864,-0.599148
0.453213,-0.600003
0.454561,-0.600859
0.45591,-0.601714
0.457259,-0.602569
0.458607,-0.603425
0.459956,-0.60428
0.461305,-0.605135
0.462653,-0.605991
0.464002,-0.606846
0.465351,-0.607701
0.466699,-0.608557
0.468048,-0.609412
0.469397,-0.610267
0.470745,-0.611123
0.472094,-0.611978
0.473443,-0.612833
0.474791,-0.613689
0.47614,-0.614544
0.477489,-0.6154
0.478837,-0.616255
0.480186,-0.61711
0.481535,-0.617966
0.482883,-0.618821
0.484232,-0.619676
0.485581,-0.620532
0.486929,-0.621387
0.488278,-0.622242
0.489627,-0.623098
0.490975,-0.623953
0.492324,-0.624808
0.493673,-0.625664
0.495021,-0.626519
0.49637,-0.627374
0.497719,-0.62823
0.499068,-0.629085
0.500416,-0.62994
0.501765,-0.630796
0.503114,-0.631651
0.504462,-0.632506
0.505811,-0.633362
0.50716,-0.634217
0.508508,-0.635072
0.509857,-0.635928
0.511206,-0.636783
0.512554,-0.637638
0.513903,-0.638494
0.515252,-0.639349
0.5166,-0.640204
0.517949,-0.64106
0.519298,-0.641915
0.520646,-0.64277
0.521995,-0.643626
0.523344,-0.644481
0.524692,-0.645336
0.526041,-0.646192
0.52659,-0.64442
0.527139,-0.642649
0.527687,-0.640878
0.528236,-0.639107
0.528785,-0.637336
0.529334,-0.635564
0.529883,-0.633793
0.530431,-0.632022
0.53098,-0.630251
0.531529,-0.62848
0.532078,-0.626708
0.532626,-0.624937
0.533175,-0.623166
0.533724,-0.621395
0.534273,-0.619624
0.534822,-0.617852
0.53537,-0.616081
0.535919,-0.61431
0.536468,-0.612539
0.537017,-0.610768
0.537566,-0.608997
0.538114,-0.607225
0.538663,-0.605454
0.539212,-0.603683
0.539761,-0.601912
0.54031,-0.600141
0.540858,-0.598369
0.541407,-0.596598
0.541956,-0.594827
0.542505,-0.593056
0.543054,-0.591285
0.543602,-0.589513
0.544151,-0.587742
0.5447,-0.585971
0.545249,-0.5842
0.545798,-0.582429
0.546346,-0.580657
0.546895,-0.578886
0.547444,-0.577115
0.547993,-0.575344
0.548542,-0.573573
0.54909,-0.571801
0.549639,-0.57003
0.550188,-0.568259
0.550737,-0.566488
0.551286,-0.564717
0.551834,-0.562946
0.552383,-0.561174
0.552932,-0.559403
0.553481,-0.557632
0.554029,-0.555861
0.554578,-0.55409
0.555127,-0.552318
0.555676,-0.550547
0.556225,-0.548776
0.556773,-0.547005
0.557322,-0.545234
0.557871,-0.543462
0.55842,-0.541691
0.558969,-0.53992
0.559517,-0.538149
0.560066,-0.536378
0.560615,-0.534606
0.561164,-0.532835
0.561713,-0.531064
0.562261,-0.529293
0.56281,-0.527522
0.563359,-0.52575
0.563908,-0.523979
0.564457,-0.522208
0.565005,-0.520437
0.565554,-0.518666
0.566103,-0.516895
0.566652,-0.515123
0.567201,-0.513352
0.567749,-0.511581
0.568298,-0.50981
0.568847,-0.508039
0.569396,-0.506267
0.569945,-0.504496
0.570493,-0.502725
0.571042,-0.500954
0.571591,-0.499183
0.57214,-0.497411
0.572688,-0.49564
0.573237,-0.493869
0.573786,-0.492098
0.574335,-0.490327
0.574884,-0.488555
0.575432,-0.486784
0.575981,-0.485013
0.57653,-0.483242
0.577079,-0.481471
0.577628,-0.479699
0.578176,-0.477928
0.578725,-0.476157
0.579274,-0.474386
0.579823,-0.472615
0.580372,-0.470843
0.58092,-0.469072
0.581469,-0.467301
0.582018,-0.46553
0.582567,-0.463759
0.583116,-0.461988
0.583664,-0.460216
0.584213,-0.458445
0.584762,-0.456674
0.585311,-0.454903
0.58586,-0.453132
0.586408,-0.45136
0.586957,-0.449589
0.587506,-0.447818
0.588055,-0.446047
0.588604,-0.444276
0.589152,-0.442504
0.589701,-0.440733
0.59025,-0.438962
0.590799,-0.437191
0.591348,-0.43542
0.591896,-0.433648
0.592445,-0.431877
0.592994,-0.430106
0.593543,-0.428335
0.594091,-0.426564
0.59464,-0.424792
0.595189,-0.423021
0.595738,-0.42125
0.596287,-0.419479
0.596835,-0.417708
0.597384,-0.415937
0.597933,-0.414165
0.598482,-0.412394
0.599031,-0.410623
0.599579,-0.408852
0.600128,-0.407081
0.600677,-0.405309
0.601226,-0.403538
0.601775,-0.401767
0.602323,-0.399996
0.602872,-0.398225
0.603421,-0.396453
0.60397,-0.394682
0.604519,-0.392911
0.605067,-0.39114
0.605616,-0.389369
0.606165,-0.387597
0.606714,-0.385826
0.607263,-0.384055
0.607811,-0.382284
