O
20
1,0,-1,0.78,-0.5,0.75,0.0,0.0,0.0,0.3,0.4,0.02,0,0.8,False
2,0,-1,1.1,-0.5,0.93,0.0,0.0,0.0,0.02,0.4,0.2,0,0.8,False
3,0,-1,0.78,-0.5,1.11,0.0,0.0,0.0,0.3,0.4,0.02,0,0.8,False
4,0,-1,0.8,-0.92,0.93,0.0,0.0,0.0,0.32,0.02,0.2,0,0.8,False
5,0,-1,0.8,-0.08,0.93,0.0,0.0,0.0,0.32,0.02,0.2,0,0.8,False
6,2,0,0.7833480917836049,-0.6963740002425901,0.8450000000000001,0.0,0.0,4.683711314134438,0.05769151513306223,0.05769151513306223,0.15,0.4817070843484395,0.871665934017388,False
7,0,0,0.6542505046812517,-0.21215779205109964,0.9222666260580407,0.0,0.0,4.3048934586892,0.03,0.07187393964386572,0.15226662605804064,0.13177950034865105,1.0386596257111527,False
8,2,0,1.0198421712670371,-0.4227570278744577,0.8450000000000001,0.0,0.0,1.3557669554865839,0.03,0.03,0.15,0.0885279138274685,0.9122768030310843,False
9,2,0,0.9613870983918855,-0.7832662099614169,0.8450000000000001,0.0,0.0,5.267156436799957,0.03961690687005233,0.03961690687005233,0.15,0.48470736575578904,0.9211803740485052,False
10,2,0,0.6940733172790505,-0.5647810002066393,0.8450000000000001,0.0,0.0,3.9336815802687988,0.040432044955759125,0.040432044955759125,0.15,0.2570015512599207,0.8983347153334894,False
11,2,1,0.5172485136161489,-0.38787889570758527,0.8699639976079027,0.0,0.0,5.405520764736275,0.03,0.03,0.19992799521580523,0.339040671058037,1.0474417821122175,True
12,2,1,0.9960324539727641,-0.5556657756236725,0.8450000000000001,0.0,0.0,4.730785204675471,0.034324157577042415,0.034324157577042415,0.15,0.3856176786019747,0.9646488593657778,True
13,2,1,0.6510279035940406,-0.4051819740327968,0.8450000000000001,0.0,0.0,3.0745134493288364,0.05935859403035366,0.05935859403035366,0.15,0.30592557904535594,1.0093648786006222,True
14,0,1,0.8293914447205082,-0.380909389602193,0.8819011416607684,0.0,0.0,5.178989065293998,0.05662047585023031,0.06107007626693874,0.1119011416607684,0.4100555651889189,0.915082274167884,True
15,2,1,0.8337137427386605,-0.17023734086650955,0.8450000000000001,0.0,0.0,3.268765601485005,0.05235710020983228,0.05235710020983228,0.15,0.04397766453601348,1.1899280120750642,True
16,0,1,0.5947515544377464,-0.7538218958824375,0.8980578865732527,0.0,0.0,5.1305537785365125,0.07028277758889478,0.07226770714760178,0.12805788657325273,0.31603088262402496,0.8357164275334902,True
17,2,1,1.0108813940114572,-0.2323969295009629,0.8450000000000001,0.0,0.0,1.4699589667135895,0.03,0.03,0.15,0.2747648336852893,0.868494799537326,True
18,0,1,0.5148506183741617,-0.2082959829445613,0.86,0.0,0.0,3.0662834178521825,0.03,0.07656802620737496,0.09,0.027242828608368796,1.0050785450593833,True
19,0,1,0.5105001624441473,-0.4920979524777545,0.86,0.0,0.0,3.4572847239646567,0.03,0.03,0.09,0.2761063959877961,1.1394069402625495,True
20,2,1,0.8576816519343935,-0.848113086731742,0.8450000000000001,0.0,0.0,4.848994825963759,0.03,0.03,0.15,0.13483274017676755,1.1900415226467786,True
R
0.0,0.0,0.0,0.0,0.0,0.0,1.0
S
8
torso_lift_joint,0
r_shoulder_pan_joint,-1.69017
r_shoulder_lift_joint,-0.0788625
r_upper_arm_roll_joint,-1.69017
r_elbow_flex_joint,-1.2717
r_forearm_roll_joint,-0.151824
r_wrist_flex_joint,-1.25254
r_wrist_roll_joint,0.675062
G
0.608646,-0.565663,0.845,0.0103294,-0,0
ooi
10
A
599
0.310248,-0.673113
0.31117,-0.674066
0.312093,-0.67502
0.313015,-0.675973
0.313937,-0.676926
0.314859,-0.677879
0.315782,-0.678833
0.316704,-0.679786
0.317626,-0.680739
0.318548,-0.681692
0.319471,-0.682646
0.320393,-0.683599
0.321315,-0.684552
0.322237,-0.685506
0.32316,-0.686459
0.324082,-0.687412
0.325004,-0.688365
0.325926,-0.689319
0.326848,-0.690272
0.327771,-0.691225
0.328693,-0.692178
0.329615,-0.693132
0.330537,-0.694085
0.33146,-0.695038
0.332382,-0.695991
0.333304,-0.696945
0.334226,-0.697898
0.335149,-0.698851
0.336071,-0.699804
0.336993,-0.700758
0.337915,-0.701711
0.338838,-0.702664
0.33976,-0.703618
0.340682,-0.704571
0.341604,-0.705524
0.342527,-0.706477
0.343449,-0.707431
0.344371,-0.708384
0.345293,-0.709337
0.346215,-0.71029
0.347138,-0.711244
0.34806,-0.712197
0.348982,-0.71315
0.349904,-0.714103
0.350827,-0.715057
0.351749,-0.71601
0.352671,-0.716963
0.353593,-0.717917
0.354516,-0.71887
0.355438,-0.719823
0.35636,-0.720776
0.357282,-0.72173
0.358205,-0.722683
0.359127,-0.723636
0.360049,-0.724589
0.360971,-0.725543
0.361894,-0.726496
0.362816,-0.727449
0.363738,-0.728402
0.36466,-0.729356
0.365582,-0.730309
0.366505,-0.731262
0.367427,-0.732215
0.368349,-0.733169
0.369271,-0.734122
0.370194,-0.735075
0.371116,-0.736029
0.372038,-0.736982
0.37296,-0.737935
0.373883,-0.738888
0.374805,-0.739842
0.375727,-0.740795
0.376649,-0.741748
0.377572,-0.742701
0.378494,-0.743655
0.379416,-0.744608
0.380338,-0.745561
0.381261,-0.746514
0.382183,-0.747468
0.383105,-0.748421
0.384027,-0.749374
0.384949,-0.750328
0.385872,-0.751281
0.386794,-0.752234
0.387716,-0.753187
0.388638,-0.754141
0.389561,-0.755094
0.390483,-0.756047
0.391405,-0.757
0.392327,-0.757954
0.39325,-0.758907
0.394172,-0.75986
0.395094,-0.760813
0.396016,-0.761767
0.396939,-0.76272
0.397861,-0.763673
0.398783,-0.764626
0.399705,-0.76558
0.400628,-0.766533
0.40155,-0.767486
0.402472,-0.76844
0.403394,-0.769393
0.404316,-0.770346
0.405239,-0.771299
0.406161,-0.772253
0.407083,-0.773206
0.408005,-0.774159
0.408928,-0.775112
0.40985,-0.776066
0.410772,-0.777019
0.411694,-0.777972
0.412617,-0.778925
0.413539,-0.779879
0.414461,-0.780832
0.415383,-0.781785
0.416306,-0.782738
0.417228,-0.783692
0.41815,-0.784645
0.419072,-0.785598
0.419995,-0.786552
0.420917,-0.787505
0.421839,-0.788458
0.422761,-0.789411
0.423683,-0.790365
0.424606,-0.791318
0.425528,-0.792271
0.42645,-0.793224
0.427372,-0.794178
0.428295,-0.795131
0.429217,-0.796084
0.430139,-0.797037
0.431061,-0.797991
0.431984,-0.798944
0.432906,-0.799897
0.433828,-0.800851
0.43475,-0.801804
0.435673,-0.802757
0.436595,-0.80371
0.437517,-0.804664
0.438439,-0.805617
0.439362,-0.80657
0.440284,-0.807523
0.441206,-0.808477
0.442128,-0.80943
0.44305,-0.810383
0.443973,-0.811336
0.444895,-0.81229
0.445817,-0.813243
0.446739,-0.814196
0.447662,-0.815149
0.448584,-0.816103
0.448065,-0.815761
0.447546,-0.815419
0.447027,-0.815077
0.446508,-0.814735
0.445989,-0.814394
0.44547,-0.814052
0.444951,-0.81371
0.444432,-0.813368
0.443913,-0.813026
0.443394,-0.812685
0.442875,-0.812343
0.442356,-0.812001
0.441837,-0.811659
0.441318,-0.811317
0.440799,-0.810976
0.44028,-0.810634
0.439761,-0.810292
0.439242,-0.80995
0.438723,-0.809608
0.438204,-0.809266
0.437685,-0.808925
0.437166,-0.808583
0.436647,-0.808241
0.436128,-0.807899
0.435609,-0.807557
0.43509,-0.807216
0.434571,-0.806874
0.434052,-0.806532
0.433533,-0.80619
0.433013,-0.805848
0.432494,-0.805506
0.431975,-0.805165
0.431456,-0.804823
0.430937,-0.804481
0.430418,-0.804139
0.429899,-0.803797
0.42938,-0.803456
0.428861,-0.803114
0.428342,-0.802772
0.427823,-0.80243
0.427304,-0.802088
0.426785,-0.801746
0.426266,-0.801405
0.425747,-0.801063
0.425228,-0.800721
0.424709,-0.800379
0.42419,-0.800037
0.423671,-0.799696
0.423152,-0.799354
0.422633,-0.799012
0.422114,-0.79867
0.421595,-0.798328
0.421076,-0.797986
0.420557,-0.797645
0.420038,-0.797303
0.419519,-0.796961
0.419,-0.796619
0.418481,-0.796277
0.417962,-0.795936
0.417443,-0.795594
0.416924,-0.795252
0.416405,-0.79491
0.415886,-0.794568
0.415367,-0.794227
0.414848,-0.793885
0.414329,-0.793543
0.41381,-0.793201
0.413291,-0.792859
0.412772,-0.792517
0.412253,-0.792176
0.411734,-0.791834
0.411215,-0.791492
0.410696,-0.79115
0.410177,-0.790808
0.409658,-0.790467
0.409139,-0.790125
0.40862,-0.789783
0.408101,-0.789441
0.407582,-0.789099
0.407063,-0.788757
0.406544,-0.788416
0.406025,-0.788074
0.405506,-0.787732
0.404987,-0.78739
0.404468,-0.787048
0.403949,-0.786707
0.40343,-0.786365
0.402911,-0.786023
0.402392,-0.785681
0.401873,-0.785339
0.401354,-0.784997
0.400835,-0.784656
0.400316,-0.784314
0.399797,-0.783972
0.399278,-0.78363
0.398759,-0.783288
0.39824,-0.782947
0.397721,-0.782605
0.397202,-0.782263
0.396683,-0.781921
0.396164,-0.781579
0.395644,-0.781237
0.395125,-0.780896
0.394606,-0.780554
0.394087,-0.780212
0.393568,-0.77987
0.393049,-0.779528
0.39253,-0.779187
0.392011,-0.778845
0.391492,-0.778503
0.390973,-0.778161
0.390454,-0.777819
0.389935,-0.777477
0.389416,-0.777136
0.388897,-0.776794
0.388378,-0.776452
0.387859,-0.77611
0.38734,-0.775768
0.386821,-0.775427
0.386302,-0.775085
0.385783,-0.774743
0.385264,-0.774401
0.384745,-0.774059
0.384226,-0.773718
0.383707,-0.773376
0.383188,-0.773034
0.382669,-0.772692
0.38215,-0.77235
0.381631,-0.772008
0.381112,-0.771667
0.380593,-0.771325
0.380074,-0.770983
0.379555,-0.770641
0.379036,-0.770299
0.378517,-0.769958
0.377998,-0.769616
0.377479,-0.769274
0.37696,-0.768932
0.376441,-0.76859
0.375922,-0.768248
0.375403,-0.767907
0.374884,-0.767565
0.374365,-0.767223
0.373846,-0.766881
0.373327,-0.766539
0.372808,-0.766198
0.372289,-0.765856
0.37177,-0.765514
0.371251,-0.765172
0.372532,-0.764781
0.373813,-0.76439
0.375094,-0.764
0.376375,-0.763609
0.377656,-0.763218
0.378937,-0.762827
0.380218,-0.762436
0.381499,-0.762045
0.382781,-0.761654
0.384062,-0.761264
0.385343,-0.760873
0.386624,-0.760482
0.387905,-0.760091
0.389186,-0.7597
0.390467,-0.759309
0.391748,-0.758919
0.393029,-0.758528
0.39431,-0.758137
0.395591,-0.757746
0.396872,-0.757355
0.398153,-0.756964
0.399435,-0.756573
0.400716,-0.756183
0.401997,-0.755792
0.403278,-0.755401
0.404559,-0.75501
0.40584,-0.754619
0.407121,-0.754228
0.408402,-0.753838
0.409683,-0.753447
0.410964,-0.753056
0.412245,-0.752665
0.413526,-0.752274
0.414807,-0.751883
0.416089,-0.751492
0.41737,-0.751102
0.418651,-0.750711
0.419932,-0.75032
0.421213,-0.749929
0.422494,-0.749538
0.423775,-0.749147
0.425056,-0.748756
0.426337,-0.748366
0.427618,-0.747975
0.428899,-0.747584
0.43018,-0.747193
0.431461,-0.746802
0.432743,-0.746411
0.434024,-0.746021
0.435305,-0.74563
0.436586,-0.745239
0.437867,-0.744848
0.439148,-0.744457
0.440429,-0.744066
0.44171,-0.743675
0.442991,-0.743285
0.444272,-0.742894
0.445553,-0.742503
0.446834,-0.742112
0.448115,-0.741721
0.449397,-0.74133
0.450678,-0.74094
0.451959,-0.740549
0.45324,-0.740158
0.454521,-0.739767
0.455802,-0.739376
0.457083,-0.738985
0.458364,-0.738594
0.459645,-0.738204
0.460926,-0.737813
0.462207,-0.737422
0.463488,-0.737031
0.464769,-0.73664
0.466051,-0.736249
0.467332,-0.735859
0.468613,-0.735468
0.469894,-0.735077
0.471175,-0.734686
0.472456,-0.734295
0.473737,-0.733904
0.475018,-0.733513
0.476299,-0.733123
0.47758,-0.732732
0.478861,-0.732341
0.480142,-0.73195
0.481423,-0.731559
0.482705,-0.731168
0.483986,-0.730777
0.485267,-0.730387
0.486548,-0.729996
0.487829,-0.729605
0.48911,-0.729214
0.490391,-0.728823
0.491672,-0.728432
0.492953,-0.728042
0.494234,-0.727651
0.495515,-0.72726
0.496796,-0.726869
0.498077,-0.726478
0.499359,-0.726087
0.50064,-0.725696
0.501921,-0.725306
0.503202,-0.724915
0.504483,-0.724524
0.505764,-0.724133
0.507045,-0.723742
0.508326,-0.723351
0.509607,-0.722961
0.510888,-0.72257
0.512169,-0.722179
0.51345,-0.721788
0.514731,-0.721397
0.516013,-0.721006
0.517294,-0.720615
0.518575,-0.720225
0.519856,-0.719834
0.521137,-0.719443
0.522418,-0.719052
0.523699,-0.718661
0.52498,-0.71827
0.526261,-0.71788
0.527542,-0.717489
0.528823,-0.717098
0.530104,-0.716707
0.531385,-0.716316
0.532667,-0.715925
0.533948,-0.715534
0.535229,-0.715144
0.53651,-0.714753
0.537791,-0.714362
0.539072,-0.713971
0.540353,-0.71358
0.541634,-0.713189
0.542915,-0.712798
0.544196,-0.712408
0.545477,-0.712017
0.546758,-0.711626
0.548039,-0.711235
0.549321,-0.710844
0.550602,-0.710453
0.551883,-0.710063
0.553164,-0.709672
0.554445,-0.709281
0.555726,-0.70889
0.557007,-0.708499
0.558288,-0.708108
0.559569,-0.707717
0.56085,-0.707327
0.562131,-0.706936
0.563412,-0.706545
0.563716,-0.705599
0.56402,-0.704654
0.564323,-0.703708
0.564627,-0.702763
0.56493,-0.701817
0.565234,-0.700872
0.565537,-0.699926
0.565841,-0.698981
0.566145,-0.698035
0.566448,-0.69709
0.566752,-0.696144
0.567055,-0.695199
0.567359,-0.694253
0.567663,-0.693308
0.567966,-0.692362
0.56827,-0.691417
0.568573,-0.690471
0.568877,-0.689526
0.56918,-0.68858
0.569484,-0.687635
0.569788,-0.686689
0.570091,-0.685744
0.570395,-0.684798
0.570698,-0.683853
0.571002,-0.682907
0.571305,-0.681962
0.571609,-0.681016
0.571913,-0.680071
0.572216,-0.679125
0.57252,-0.67818
0.572823,-0.677234
0.573127,-0.676288
0.573431,-0.675343
0.573734,-0.674397
0.574038,-0.673452
0.574341,-0.672506
0.574645,-0.671561
0.574948,-0.670615
0.575252,-0.66967
0.575556,-0.668724
0.575859,-0.667779
0.576163,-0.666833
0.576466,-0.665888
0.57677,-0.664942
0.577074,-0.663997
0.577377,-0.663051
0.577681,-0.662106
0.577984,-0.66116
0.578288,-0.660215
0.578591,-0.659269
0.578895,-0.658324
0.579199,-0.657378
0.579502,-0.656433
0.579806,-0.655487
0.580109,-0.654542
0.580413,-0.653596
0.580716,-0.652651
0.58102,-0.651705
0.581324,-0.65076
0.581627,-0.649814
0.581931,-0.648869
0.582234,-0.647923
0.582538,-0.646978
0.582842,-0.646032
0.583145,-0.645087
0.583449,-0.644141
0.583752,-0.643196
0.584056,-0.64225
0.584359,-0.641305
0.584663,-0.640359
0.584967,-0.639413
0.58527,-0.638468
0.585574,-0.637522
0.585877,-0.636577
0.586181,-0.635631
0.586484,-0.634686
0.586788,-0.63374
0.587092,-0.632795
0.587395,-0.631849
0.587699,-0.630904
0.588002,-0.629958
0.588306,-0.629013
0.58861,-0.628067
0.588913,-0.627122
0.589217,-0.626176
0.58952,-0.625231
0.589824,-0.624285
0.590127,-0.62334
0.590431,-0.622394
0.590735,-0.621449
0.591038,-0.620503
0.591342,-0.619558
0.591645,-0.618612
0.591949,-0.617667
0.592253,-0.616721
0.592556,-0.615776
0.59286,-0.61483
0.593163,-0.613885
0.593467,-0.612939
0.59377,-0.611994
0.594074,-0.611048
0.594378,-0.610103
0.594681,-0.609157
0.594985,-0.608212
0.595288,-0.607266
0.595592,-0.606321
0.595895,-0.605375
0.596199,-0.604429
0.596503,-0.603484
0.596806,-0.602538
0.59711,-0.601593
0.597413,-0.600647
0.597717,-0.599702
0.598021,-0.598756
0.598324,-0.597811
0.598628,-0.596865
0.598931,-0.59592
0.599235,-0.594974
0.599538,-0.594029
0.599842,-0.593083
0.600146,-0.592138
0.600449,-0.591192
0.600753,-0.590247
0.601056,-0.589301
0.60136,-0.588356
0.601663,-0.58741
0.601967,-0.586465
0.602271,-0.585519
0.602574,-0.584574
0.602878,-0.583628
0.603181,-0.582683
0.603485,-0.581737
0.603789,-0.580792
0.604092,-0.579846
0.604396,-0.578901
0.604699,-0.577955
0.605003,-0.57701
0.605306,-0.576064
0.60561,-0.575119
0.605914,-0.574173
0.606217,-0.573228
0.606521,-0.572282
0.606824,-0.571337
0.607128,-0.570391
0.607432,-0.569445
0.607735,-0.5685
0.608039,-0.567554
0.608342,-0.566609
0.608646,-0.565663
