O
20
1,0,-1,0.78,-0.5,0.75,0.0,0.0,0.0,0.3,0.4,0.02,0,0.8,False
2,0,-1,1.1,-0.5,0.93,0.0,0.0,0.0,0.02,0.4,0.2,0,0.8,False
3,0,-1,0.78,-0.5,1.11,0.0,0.0,0.0,0.3,0.4,0.02,0,0.8,False
4,0,-1,0.8,-0.92,0.93,0.0,0.0,0.0,0.32,0.02,0.2,0,0.8,False
5,0,-1,0.8,-0.08,0.93,0.0,0.0,0.0,0.32,0.02,0.2,0,0.8,False
6,2,0,1.0083840484917945,-0.38973504480568555,0.8487369688323392,0.0,0.0,2.5724991355774764,0.03,0.03,0.1574739376646782,0.16354605737778377,1.1424980707601982,False
7,0,0,0.5248458859931394,-0.32588606068202963,0.86,0.0,0.0,5.3180040814678895,0.042223338299360584,0.055227268501493294,0.09,0.2857846396443528,1.0502289090393107,False
8,2,0,0.9477973848610743,-0.5171220307014097,0.8450000000000001,0.0,0.0,3.9512494187460887,0.03,0.03,0.15,0.1023436646797658,1.0025355828450342,False
9,0,0,0.7052590057396859,-0.3158050957959252,0.86,0.0,0.0,1.2196005988572896,0.0338706846753127,0.03,0.09,0.24081965881572676,0.9094780787880427,False
10,0,0,0.9343629359007253,-0.8199161053552868,0.86,0.0,0.0,5.631054085210571,0.04865899521614281,0.03,0.09,0.46382353583888036,0.9923562175147543,False
11,2,1,0.5592607347859688,-0.6329097181140555,0.8450000000000001,0.0,0.0,0.5815371923559967,0.03,0.03,0.15,0.056264021973519596,0.9071142521816095,True
12,0,1,0.82551008643535,-0.5186839474916994,0.8693710648646651,0.0,0.0,2.6894841945417935,0.03,0.04674460969887159,0.09937106486466507,0.10701241248145604,0.8871521186964426,True
13,2,1,0.6526126335137634,-0.6703665161251766,0.8450000000000001,0.0,0.0,0.1292418157442447,0.03,0.03,0.15,0.42416615889731857,0.9158352261090096,True
14,0,1,0.9811353075825939,-0.18073147925715527,0.86,0.0,0.0,5.4156025839677895,0.03,0.043632835517739325,0.09,0.12732066684486293,0.9399311884333792,True
15,2,1,0.5853150389028329,-0.49653262262211934,0.8450000000000001,0.0,0.0,0.6975484323598532,0.04148918869983874,0.04148918869983874,0.15,0.005898331285380365,1.10268309904367,True
16,2,1,0.7323818685781984,-0.8154589287782776,0.8450000000000001,0.0,0.0,2.4013123829099836,0.0358295894690442,0.0358295894690442,0.15,0.3370853297578979,0.8710914732108359,True
17,2,1,0.8160730556999469,-0.29021872622165445,0.8450000000000001,0.0,0.0,0.34040394581382044,0.03,0.03,0.15,0.15303317250410664,1.0547205585973125,True
18,0,1,0.9111701488672396,-0.7027708762814049,0.86,0.0,0.0,0.45594312726241076,0.03536408339384271,0.036431157599766034,0.09,0.4835099234266519,1.1281656905191169,True
19,0,1,0.587859321906654,-0.7849450708049768,0.8676919078950479,0.0,0.0,2.4973272708444862,0.03,0.06133831606087999,0.09769190789504793,0.3628187100407168,1.083902536505195,True
20,0,1,0.7000593270942198,-0.5065336735933614,0.905512628675152,0.0,0.0,2.435201946381198,0.03,0.03114371919086483,0.13551262867515199,0.11384843278784257,0.8641012827804218,True
R
0.0,0.0,0.0,0.0,0.0,0.0,1.0
S
8
torso_lift_joint,0
r_shoulder_pan_joint,-1.69017
r_shoulder_lift_joint,-0.0788625
r_upper_arm_roll_joint,-1.69017
r_elbow_flex_joint,-1.2717
r_forearm_roll_joint,-0.151824
r_wrist_flex_joint,-1.25254
r_wrist_roll_joint,0.675062
G
0.442444,-0.382942,0.86,0.605615,-0,0
ooi
7
A
599
0.310248,-0.673113
0.31137,-0.672636
0.312491,-0.672159
0.313613,-0.671682
0.314735,-0.671204
0.315856,-0.670727
0.316978,-0.67025
0.318099,-0.669773
0.319221,-0.669296
0.320343,-0.668819
0.321464,-0.668342
0.322586,-0.667864
0.323707,-0.667387
0.324829,-0.66691
0.325951,-0.666433
0.327072,-0.665956
0.328194,-0.665479
0.329316,-0.665002
0.330437,-0.664524
0.331559,-0.664047
0.33268,-0.66357
0.333802,-0.663093
0.334924,-0.662616
0.336045,-0.662139
0.337167,-0.661662
0.338288,-0.661184
0.33941,-0.660707
0.340532,-0.66023
0.341653,-0.659753
0.342775,-0.659276
0.343896,-0.658799
0.345018,-0.658322
0.34614,-0.657844
0.347261,-0.657367
0.348383,-0.65689
0.349504,-0.656413
0.350626,-0.655936
0.351748,-0.655459
0.352869,-0.654981
0.353991,-0.654504
0.355112,-0.654027
0.356234,-0.65355
0.357356,-0.653073
0.358477,-0.652596
0.359599,-0.652119
0.360721,-0.651641
0.361842,-0.651164
0.362964,-0.650687
0.364085,-0.65021
0.365207,-0.649733
0.366329,-0.649256
0.36745,-0.648779
0.368572,-0.648301
0.369693,-0.647824
0.370815,-0.647347
0.371937,-0.64687
0.373058,-0.646393
0.37418,-0.645916
0.375301,-0.645439
0.376423,-0.644961
0.377545,-0.644484
0.378666,-0.644007
0.379788,-0.64353
0.380909,-0.643053
0.382031,-0.642576
0.383153,-0.642099
0.384274,-0.641621
0.385396,-0.641144
0.386518,-0.640667
0.387639,-0.64019
0.388761,-0.639713
0.389882,-0.639236
0.391004,-0.638758
0.392126,-0.638281
0.393247,-0.637804
0.394369,-0.637327
0.39549,-0.63685
0.396612,-0.636373
0.397734,-0.635896
0.398855,-0.635418
0.399977,-0.634941
0.401098,-0.634464
0.40222,-0.633987
0.403342,-0.63351
0.404463,-0.633033
0.405585,-0.632556
0.406706,-0.632078
0.407828,-0.631601
0.40895,-0.631124
0.410071,-0.630647
0.411193,-0.63017
0.412314,-0.629693
0.413436,-0.629216
0.414558,-0.628738
0.415679,-0.628261
0.416801,-0.627784
0.417923,-0.627307
0.419044,-0.62683
0.420166,-0.626353
0.421287,-0.625875
0.422409,-0.625398
0.423531,-0.624921
0.424652,-0.624444
0.425774,-0.623967
0.426895,-0.62349
0.428017,-0.623013
0.429139,-0.622535
0.43026,-0.622058
0.431382,-0.621581
0.432503,-0.621104
0.433625,-0.620627
0.434747,-0.62015
0.435868,-0.619673
0.43699,-0.619195
0.438111,-0.618718
0.439233,-0.618241
0.440355,-0.617764
0.441476,-0.617287
0.442598,-0.61681
0.443719,-0.616333
0.444841,-0.615855
0.445963,-0.615378
0.447084,-0.614901
0.448206,-0.614424
0.449328,-0.613947
0.450449,-0.61347
0.451571,-0.612993
0.452692,-0.612515
0.453814,-0.612038
0.454936,-0.611561
0.456057,-0.611084
0.457179,-0.610607
0.4583,-0.61013
0.459422,-0.609652
0.460544,-0.609175
0.461665,-0.608698
0.462787,-0.608221
0.463908,-0.607744
0.46503,-0.607267
0.466152,-0.60679
0.467273,-0.606312
0.468395,-0.605835
0.469516,-0.605358
0.470638,-0.604881
0.47176,-0.604404
0.472881,-0.603927
0.474003,-0.60345
0.475125,-0.602972
0.476246,-0.602495
0.477368,-0.602018
0.478489,-0.601541
0.477829,-0.600528
0.477168,-0.599516
0.476507,-0.598503
0.475846,-0.597491
0.475185,-0.596478
0.474524,-0.595465
0.473864,-0.594453
0.473203,-0.59344
0.472542,-0.592427
0.471881,-0.591415
0.47122,-0.590402
0.47056,-0.58939
0.469899,-0.588377
0.469238,-0.587364
0.468577,-0.586352
0.467916,-0.585339
0.467256,-0.584327
0.466595,-0.583314
0.465934,-0.582301
0.465273,-0.581289
0.464612,-0.580276
0.463951,-0.579263
0.463291,-0.578251
0.46263,-0.577238
0.461969,-0.576226
0.461308,-0.575213
0.460647,-0.5742
0.459987,-0.573188
0.459326,-0.572175
0.458665,-0.571163
0.458004,-0.57015
0.457343,-0.569137
0.456683,-0.568125
0.456022,-0.567112
0.455361,-0.5661
0.4547,-0.565087
0.454039,-0.564074
0.453379,-0.563062
0.452718,-0.562049
0.452057,-0.561036
0.451396,-0.560024
0.450735,-0.559011
0.450074,-0.557999
0.449414,-0.556986
0.448753,-0.555973
0.448092,-0.554961
0.447431,-0.553948
0.44677,-0.552936
0.44611,-0.551923
0.445449,-0.55091
0.444788,-0.549898
0.444127,-0.548885
0.443466,-0.547872
0.442806,-0.54686
0.442145,-0.545847
0.441484,-0.544835
0.440823,-0.543822
0.440162,-0.542809
0.439501,-0.541797
0.438841,-0.540784
0.43818,-0.539772
0.437519,-0.538759
0.436858,-0.537746
0.436197,-0.536734
0.435537,-0.535721
0.434876,-0.534708
0.434215,-0.533696
0.433554,-0.532683
0.432893,-0.531671
0.432233,-0.530658
0.431572,-0.529645
0.430911,-0.528633
0.43025,-0.52762
0.429589,-0.526608
0.428929,-0.525595
0.428268,-0.524582
0.427607,-0.52357
0.426946,-0.522557
0.426285,-0.521545
0.425624,-0.520532
0.424964,-0.519519
0.424303,-0.518507
0.423642,-0.517494
0.422981,-0.516481
0.42232,-0.515469
0.42166,-0.514456
0.420999,-0.513444
0.420338,-0.512431
0.419677,-0.511418
0.419016,-0.510406
0.418356,-0.509393
0.417695,-0.508381
0.417034,-0.507368
0.416373,-0.506355
0.415712,-0.505343
0.415051,-0.50433
0.414391,-0.503317
0.41373,-0.502305
0.413069,-0.501292
0.412408,-0.50028
0.411747,-0.499267
0.411087,-0.498254
0.410426,-0.497242
0.409765,-0.496229
0.409104,-0.495217
0.408443,-0.494204
0.407783,-0.493191
0.407122,-0.492179
0.406461,-0.491166
0.4058,-0.490153
0.405139,-0.489141
0.404478,-0.488128
0.403818,-0.487116
0.403157,-0.486103
0.402496,-0.48509
0.401835,-0.484078
0.401174,-0.483065
0.400514,-0.482053
0.399853,-0.48104
0.399192,-0.480027
0.398531,-0.479015
0.39787,-0.478002
0.39721,-0.47699
0.396549,-0.475977
0.395888,-0.474964
0.395227,-0.473952
0.394566,-0.472939
0.393906,-0.471926
0.393245,-0.470914
0.392584,-0.469901
0.391923,-0.468889
0.391262,-0.467876
0.390601,-0.466863
0.389941,-0.465851
0.38928,-0.464838
0.388619,-0.463826
0.387958,-0.462813
0.387297,-0.4618
0.386637,-0.460788
0.385976,-0.459775
0.385315,-0.458762
0.384654,-0.45775
0.383993,-0.456737
0.383333,-0.455725
0.382672,-0.454712
0.382011,-0.453699
0.38135,-0.452687
0.380689,-0.451674
0.380028,-0.450662
0.380395,-0.450624
0.380762,-0.450587
0.381128,-0.45055
0.381495,-0.450512
0.381862,-0.450475
0.382228,-0.450438
0.382595,-0.4504
0.382962,-0.450363
0.383328,-0.450326
0.383695,-0.450288
0.384061,-0.450251
0.384428,-0.450214
0.384795,-0.450176
0.385161,-0.450139
0.385528,-0.450102
0.385895,-0.450064
0.386261,-0.450027
0.386628,-0.44999
0.386995,-0.449952
0.387361,-0.449915
0.387728,-0.449878
0.388095,-0.44984
0.388461,-0.449803
0.388828,-0.449766
0.389194,-0.449729
0.389561,-0.449691
0.389928,-0.449654
0.390294,-0.449617
0.390661,-0.449579
0.391028,-0.449542
0.391394,-0.449505
0.391761,-0.449467
0.392128,-0.44943
0.392494,-0.449393
0.392861,-0.449355
0.393227,-0.449318
0.393594,-0.449281
0.393961,-0.449243
0.394327,-0.449206
0.394694,-0.449169
0.395061,-0.449131
0.395427,-0.449094
0.395794,-0.449057
0.396161,-0.449019
0.396527,-0.448982
0.396894,-0.448945
0.39726,-0.448907
0.397627,-0.44887
0.397994,-0.448833
0.39836,-0.448795
0.398727,-0.448758
0.399094,-0.448721
0.39946,-0.448684
0.399827,-0.448646
0.400194,-0.448609
0.40056,-0.448572
0.400927,-0.448534
0.401293,-0.448497
0.40166,-0.44846
0.402027,-0.448422
0.402393,-0.448385
0.40276,-0.448348
0.403127,-0.44831
0.403493,-0.448273
0.40386,-0.448236
0.404227,-0.448198
0.404593,-0.448161
0.40496,-0.448124
0.405326,-0.448086
0.405693,-0.448049
0.40606,-0.448012
0.406426,-0.447974
0.406793,-0.447937
0.40716,-0.4479
0.407526,-0.447862
0.407893,-0.447825
0.40826,-0.447788
0.408626,-0.44775
0.408993,-0.447713
0.409359,-0.447676
0.409726,-0.447639
0.410093,-0.447601
0.410459,-0.447564
0.410826,-0.447527
0.411193,-0.447489
0.411559,-0.447452
0.411926,-0.447415
0.412293,-0.447377
0.412659,-0.44734
0.413026,-0.447303
0.413392,-0.447265
0.413759,-0.447228
0.414126,-0.447191
0.414492,-0.447153
0.414859,-0.447116
0.415226,-0.447079
0.415592,-0.447041
0.415959,-0.447004
0.416326,-0.446967
0.416692,-0.446929
0.417059,-0.446892
0.417426,-0.446855
0.417792,-0.446817
0.418159,-0.44678
0.418525,-0.446743
0.418892,-0.446705
0.419259,-0.446668
0.419625,-0.446631
0.419992,-0.446594
0.420359,-0.446556
0.420725,-0.446519
0.421092,-0.446482
0.421459,-0.446444
0.421825,-0.446407
0.422192,-0.44637
0.422558,-0.446332
0.422925,-0.446295
0.423292,-0.446258
0.423658,-0.44622
0.424025,-0.446183
0.424392,-0.446146
0.424758,-0.446108
0.425125,-0.446071
0.425492,-0.446034
0.425858,-0.445996
0.426225,-0.445959
0.426591,-0.445922
0.426958,-0.445884
0.427325,-0.445847
0.427691,-0.44581
0.428058,-0.445772
0.428425,-0.445735
0.428791,-0.445698
0.429158,-0.44566
0.429525,-0.445623
0.429891,-0.445586
0.430258,-0.445549
0.430624,-0.445511
0.430991,-0.445474
0.431358,-0.445437
0.431724,-0.445399
0.432091,-0.445362
0.432458,-0.445325
0.432824,-0.445287
0.433191,-0.44525
0.433558,-0.445213
0.433924,-0.445175
0.434291,-0.445138
0.434657,-0.445101
0.435024,-0.445063
0.435074,-0.444646
0.435124,-0.444229
0.435173,-0.443813
0.435223,-0.443396
0.435273,-0.442979
0.435323,-0.442562
0.435373,-0.442145
0.435422,-0.441728
0.435472,-0.441311
0.435522,-0.440894
0.435572,-0.440477
0.435622,-0.44006
0.435671,-0.439643
0.435721,-0.439226
0.435771,-0.43881
0.435821,-0.438393
0.435871,-0.437976
0.43592,-0.437559
0.43597,-0.437142
0.43602,-0.436725
0.43607,-0.436308
0.43612,-0.435891
0.436169,-0.435474
0.436219,-0.435057
0.436269,-0.43464
0.436319,-0.434223
0.436369,-0.433806
0.436418,-0.43339
0.436468,-0.432973
0.436518,-0.432556
0.436568,-0.432139
0.436618,-0.431722
0.436667,-0.431305
0.436717,-0.430888
0.436767,-0.430471
0.436817,-0.430054
0.436867,-0.429637
0.436916,-0.42922
0.436966,-0.428803
0.437016,-0.428387
0.437066,-0.42797
0.437116,-0.427553
0.437165,-0.427136
0.437215,-0.426719
0.437265,-0.426302
0.437315,-0.425885
0.437365,-0.425468
0.437414,-0.425051
0.437464,-0.424634
0.437514,-0.424217
0.437564,-0.4238
0.437614,-0.423383
0.437663,-0.422967
0.437713,-0.42255
0.437763,-0.422133
0.437813,-0.421716
0.437863,-0.421299
0.437912,-0.420882
0.437962,-0.420465
0.438012,-0.420048
0.438062,-0.419631
0.438112,-0.419214
0.438161,-0.418797
0.438211,-0.41838
0.438261,-0.417964
0.438311,-0.417547
0.43836,-0.41713
0.43841,-0.416713
0.43846,-0.416296
0.43851,-0.415879
0.43856,-0.415462
0.438609,-0.415045
0.438659,-0.414628
0.438709,-0.414211
0.438759,-0.413794
0.438809,-0.413377
0.438858,-0.41296
0.438908,-0.412544
0.438958,-0.412127
0.439008,-0.41171
0.439058,-0.411293
0.439107,-0.410876
0.439157,-0.410459
0.439207,-0.410042
0.439257,-0.409625
0.439307,-0.409208
0.439356,-0.408791
0.439406,-0.408374
0.439456,-0.407957
0.439506,-0.407541
0.439556,-0.407124
0.439605,-0.406707
0.439655,-0.40629
0.439705,-0.405873
0.439755,-0.405456
0.439805,-0.405039
0.439854,-0.404622
0.439904,-0.404205
0.439954,-0.403788
0.440004,-0.403371
0.440054,-0.402954
0.440103,-0.402537
0.440153,-0.402121
0.440203,-0.401704
0.440253,-0.401287
0.440303,-0.40087
0.440352,-0.400453
0.440402,-0.400036
0.440452,-0.399619
0.440502,-0.399202
0.440552,-0.398785
0.440601,-0.398368
0.440651,-0.397951
0.440701,-0.397534
0.440751,-0.397118
0.440801,-0.396701
0.44085,-0.396284
0.4409,-0.395867
0.44095,-0.39545
0.441,-0.395033
0.44105,-0.394616
0.441099,-0.394199
0.441149,-0.393782
0.441199,-0.393365
0.441249,-0.392948
0.441299,-0.392531
0.441348,-0.392114
0.441398,-0.391698
0.441448,-0.391281
0.441498,-0.390864
0.441547,-0.390447
0.441597,-0.39003
0.441647,-0.389613
0.441697,-0.389196
0.441747,-0.388779
0.441796,-0.388362
0.441846,-0.387945
0.441896,-0.387528
0.441946,-0.387111
0.441996,-0.386695
0.442045,-0.386278
0.442095,-0.385861
0.442145,-0.385444
0.442195,-0.385027
0.442245,-0.38461
0.442294,-0.384193
0.442344,-0.383776
0.442394,-0.383359
0.442444,-0.382942
