O
20
1,0,-1,0.78,-0.5,0.75,0.0,0.0,0.0,0.3,0.4,0.02,0,0.8,False
2,0,-1,1.1,-0.5,0.93,0.0,0.0,0.0,0.02,0.4,0.2,0,0.8,False
3,0,-1,0.78,-0.5,1.11,0.0,0.0,0.0,0.3,0.4,0.02,0,0.8,False
4,0,-1,0.8,-0.92,0.93,0.0,0.0,0.0,0.32,0.02,0.2,0,0.8,False
5,0,-1,0.8,-0.08,0.93,0.0,0.0,0.0,0.32,0.02,0.2,0,0.8,False
6,0,0,0.6458728682011619,-0.45998616440247075,0.8663168179098326,0.0,0.0,3.717406146393503,0.07497199153149946,0.03,0.09631681790983258,0.4309274869197026,1.1779821272844997,False
7,2,0,0.6259519430245746,-0.30100103961822045,0.8450000000000001,0.0,0.0,4.718992774740194,0.03,0.03,0.15,0.16226869335541294,0.9292500529150907,False
8,0,0,0.805522595537236,-0.674902296475352,0.86,0.0,0.0,1.834749121470324,0.07234524926025715,0.03,0.09,0.2787629402017024,0.818218263717746,False
9,0,0,1.0132176568796638,-0.610258571132581,0.86,0.0,0.0,4.191086951969931,0.03,0.03,0.09,0.2803217065633443,0.8032846056020756,False
10,2,0,0.8509796261318497,-0.332371872460639,0.8450000000000001,0.0,0.0,2.7239258255263725,0.07677199872068619,0.07677199872068619,0.15,0.14521461448253103,0.8900534068275333,False
11,2,1,0.9082670111735911,-0.8139348005358348,0.8583439719986683,0.0,0.0,5.926717292048052,0.03,0.03,0.1766879439973366,0.25614140823411347,1.0649852824269872,True
12,2,1,0.571984857008292,-0.7418960803506477,0.8574133763994874,0.0,0.0,5.428156472479048,0.0547935998164485,0.0547935998164485,0.17482675279897492,0.24358105475816688,1.052516149240129,True
13,0,1,0.7585867300253866,-0.8181020767424003,0.86,0.0,0.0,4.861349044269089,0.03,0.03696386560781583,0.09,0.3477936168461267,0.8581414486990343,True
14,0,1,0.8894325318874738,-0.16672814353922227,0.86,0.0,0.0,2.839483059350195,0.03,0.03,0.09,0.07146362862670996,0.9170017609258656,True
15,0,1,0.5297615446590048,-0.2118180807683152,0.86,0.0,0.0,0.08069685864203932,0.03,0.041193867425104606,0.09,0.04717753304798389,1.0352977659670628,True
16,0,1,0.6624773436217857,-0.5872448435145705,0.9209565740015899,0.0,0.0,4.992195953819024,0.03176774905867072,0.05062192903753221,0.15095657400158985,0.14637798288279508,0.8549085615716603,True
17,0,1,0.9031550141979818,-0.6511991391810239,0.891296642305286,0.0,0.0,6.1924723796395025,0.03,0.056230612821558036,0.12129664230528603,0.3214638080587862,1.1545054212251733,True
18,0,1,0.5146259789136275,-0.5197549542476616,0.86,0.0,0.0,3.0369678762368815,0.03,0.07312097354537779,0.09,0.16265458160849472,1.0791355577436672,True
19,2,1,1.0096096769493128,-0.28479794815441994,0.8450000000000001,0.0,0.0,0.05357146899722199,0.041961693925899934,0.041961693925899934,0.15,0.1396743702466069,0.99542590358596,True
20,2,1,0.6988242315403039,-0.25202968219266597,0.8450000000000001,0.0,0.0,4.741951989087754,0.03,0.03,0.15,0.29231327671829976,0.9712595809381003,True
R
0.0,0.0,0.0,0.0,0.0,0.0,1.0
S
8
torso_lift_joint,0
r_shoulder_pan_joint,-1.69017
r_shoulder_lift_joint,-0.0788625
r_upper_arm_roll_joint,-1.69017
r_elbow_flex_joint,-1.2717
r_forearm_roll_joint,-0.151824
r_wrist_flex_joint,-1.25254
r_wrist_roll_joint,0.675062
G
0.545246,-0.525313,0.866317,0.575813,-0,0
ooi
6
A
599
0.310248,-0.673113
0.310587,-0.671812
0.310926,-0.67051
0.311265,-0.669209
0.311603,-0.667908
0.311942,-0.666607
0.312281,-0.665305
0.31262,-0.664004
0.312958,-0.662703
0.313297,-0.661401
0.313636,-0.6601
0.313975,-0.658799
0.314313,-0.657497
0.314652,-0.656196
0.314991,-0.654895
0.31533,-0.653593
0.315669,-0.652292
0.316007,-0.650991
0.316346,-0.64969
0.316685,-0.648388
0.317024,-0.647087
0.317362,-0.645786
0.317701,-0.644484
0.31804,-0.643183
0.318379,-0.641882
0.318718,-0.64058
0.319056,-0.639279
0.319395,-0.637978
0.319734,-0.636676
0.320073,-0.635375
0.320411,-0.634074
0.32075,-0.632772
0.321089,-0.631471
0.321428,-0.63017
0.321767,-0.628869
0.322105,-0.627567
0.322444,-0.626266
0.322783,-0.624965
0.323122,-0.623663
0.32346,-0.622362
0.323799,-0.621061
0.324138,-0.619759
0.324477,-0.618458
0.324816,-0.617157
0.325154,-0.615855
0.325493,-0.614554
0.325832,-0.613253
0.326171,-0.611952
0.326509,-0.61065
0.326848,-0.609349
0.327187,-0.608048
0.327526,-0.606746
0.327865,-0.605445
0.328203,-0.604144
0.328542,-0.602842
0.328881,-0.601541
0.32922,-0.60024
0.329558,-0.598938
0.329897,-0.597637
0.330236,-0.596336
0.330575,-0.595035
0.330914,-0.593733
0.331252,-0.592432
0.331591,-0.591131
0.33193,-0.589829
0.332269,-0.588528
0.332607,-0.587227
0.332946,-0.585925
0.333285,-0.584624
0.333624,-0.583323
0.333962,-0.582021
0.334301,-0.58072
0.33464,-0.579419
0.334979,-0.578118
0.335318,-0.576816
0.335656,-0.575515
0.335995,-0.574214
0.336334,-0.572912
0.336673,-0.571611
0.337011,-0.57031
0.33735,-0.569008
0.337689,-0.567707
0.338028,-0.566406
0.338367,-0.565104
0.338705,-0.563803
0.339044,-0.562502
0.339383,-0.5612
0.339722,-0.559899
0.34006,-0.558598
0.340399,-0.557297
0.340738,-0.555995
0.341077,-0.554694
0.341416,-0.553393
0.341754,-0.552091
0.342093,-0.55079
0.342432,-0.549489
0.342771,-0.548187
0.343109,-0.546886
0.343448,-0.545585
0.343787,-0.544283
0.344126,-0.542982
0.344465,-0.541681
0.344803,-0.54038
0.345142,-0.539078
0.345481,-0.537777
0.34582,-0.536476
0.346158,-0.535174
0.346497,-0.533873
0.346836,-0.532572
0.347175,-0.53127
0.347514,-0.529969
0.347852,-0.528668
0.348191,-0.527366
0.34853,-0.526065
0.348869,-0.524764
0.349207,-0.523463
0.349546,-0.522161
0.349885,-0.52086
0.350224,-0.519559
0.350563,-0.518257
0.350901,-0.516956
0.35124,-0.515655
0.351579,-0.514353
0.351918,-0.513052
0.352256,-0.511751
0.352595,-0.510449
0.352934,-0.509148
0.353273,-0.507847
0.353611,-0.506546
0.35395,-0.505244
0.354289,-0.503943
0.354628,-0.502642
0.354967,-0.50134
0.355305,-0.500039
0.355644,-0.498738
0.355983,-0.497436
0.356322,-0.496135
0.35666,-0.494834
0.356999,-0.493532
0.357338,-0.492231
0.357677,-0.49093
0.358016,-0.489628
0.358354,-0.488327
0.358693,-0.487026
0.359032,-0.485725
0.359371,-0.484423
0.359709,-0.483122
0.360048,-0.481821
0.360387,-0.480519
0.360726,-0.479218
0.361065,-0.477917
0.361393,-0.477949
0.361722,-0.477982
0.362051,-0.478014
0.36238,-0.478047
0.362709,-0.47808
0.363038,-0.478112
0.363367,-0.478145
0.363696,-0.478177
0.364025,-0.47821
0.364354,-0.478243
0.364683,-0.478275
0.365012,-0.478308
0.36534,-0.47834
0.365669,-0.478373
0.365998,-0.478406
0.366327,-0.478438
0.366656,-0.478471
0.366985,-0.478503
0.367314,-0.478536
0.367643,-0.478568
0.367972,-0.478601
0.368301,-0.478634
0.36863,-0.478666
0.368958,-0.478699
0.369287,-0.478731
0.369616,-0.478764
0.369945,-0.478797
0.370274,-0.478829
0.370603,-0.478862
0.370932,-0.478894
0.371261,-0.478927
0.37159,-0.478959
0.371919,-0.478992
0.372248,-0.479025
0.372577,-0.479057
0.372905,-0.47909
0.373234,-0.479122
0.373563,-0.479155
0.373892,-0.479188
0.374221,-0.47922
0.37455,-0.479253
0.374879,-0.479285
0.375208,-0.479318
0.375537,-0.479351
0.375866,-0.479383
0.376195,-0.479416
0.376523,-0.479448
0.376852,-0.479481
0.377181,-0.479513
0.37751,-0.479546
0.377839,-0.479579
0.378168,-0.479611
0.378497,-0.479644
0.378826,-0.479676
0.379155,-0.479709
0.379484,-0.479742
0.379813,-0.479774
0.380142,-0.479807
0.38047,-0.479839
0.380799,-0.479872
0.381128,-0.479904
0.381457,-0.479937
0.381786,-0.47997
0.382115,-0.480002
0.382444,-0.480035
0.382773,-0.480067
0.383102,-0.4801
0.383431,-0.480133
0.38376,-0.480165
0.384088,-0.480198
0.384417,-0.48023
0.384746,-0.480263
0.385075,-0.480296
0.385404,-0.480328
0.385733,-0.480361
0.386062,-0.480393
0.386391,-0.480426
0.38672,-0.480458
0.387049,-0.480491
0.387378,-0.480524
0.387707,-0.480556
0.388035,-0.480589
0.388364,-0.480621
0.388693,-0.480654
0.389022,-0.480687
0.389351,-0.480719
0.38968,-0.480752
0.390009,-0.480784
0.390338,-0.480817
0.390667,-0.48085
0.390996,-0.480882
0.391325,-0.480915
0.391654,-0.480947
0.391982,-0.48098
0.392311,-0.481012
0.39264,-0.481045
0.392969,-0.481078
0.393298,-0.48111
0.393627,-0.481143
0.393956,-0.481175
0.394285,-0.481208
0.394614,-0.481241
0.394943,-0.481273
0.395272,-0.481306
0.3956,-0.481338
0.395929,-0.481371
0.396258,-0.481403
0.396587,-0.481436
0.396916,-0.481469
0.397245,-0.481501
0.397574,-0.481534
0.397903,-0.481566
0.398232,-0.481599
0.398561,-0.481632
0.39889,-0.481664
0.399219,-0.481697
0.399547,-0.481729
0.399876,-0.481762
0.400205,-0.481795
0.400534,-0.481827
0.400863,-0.48186
0.401192,-0.481892
0.401521,-0.481925
0.40185,-0.481957
0.402179,-0.48199
0.402508,-0.482023
0.402837,-0.482055
0.403165,-0.482088
0.403494,-0.48212
0.403823,-0.482153
0.404152,-0.482186
0.404481,-0.482218
0.40481,-0.482251
0.405139,-0.482283
0.405468,-0.482316
0.405797,-0.482348
0.406126,-0.482381
0.406455,-0.482414
0.406784,-0.482446
0.407112,-0.482479
0.407441,-0.482511
0.40777,-0.482544
0.408099,-0.482577
0.408428,-0.482609
0.408757,-0.482642
0.409086,-0.482674
0.409415,-0.482707
0.409744,-0.48274
0.410073,-0.482772
0.410344,-0.482644
0.410615,-0.482515
0.410886,-0.482386
0.411157,-0.482258
0.411428,-0.482129
0.411699,-0.482001
0.41197,-0.481872
0.412241,-0.481744
0.412512,-0.481615
0.412783,-0.481486
0.413054,-0.481358
0.413325,-0.481229
0.413596,-0.481101
0.413866,-0.480972
0.414137,-0.480844
0.414408,-0.480715
0.414679,-0.480586
0.41495,-0.480458
0.415221,-0.480329
0.415492,-0.480201
0.415763,-0.480072
0.416034,-0.479944
0.416305,-0.479815
0.416576,-0.479686
0.416847,-0.479558
0.417118,-0.479429
0.417389,-0.479301
0.41766,-0.479172
0.417931,-0.479044
0.418202,-0.478915
0.418473,-0.478786
0.418744,-0.478658
0.419015,-0.478529
0.419286,-0.478401
0.419557,-0.478272
0.419828,-0.478144
0.420099,-0.478015
0.42037,-0.477886
0.420641,-0.477758
0.420912,-0.477629
0.421183,-0.477501
0.421454,-0.477372
0.421725,-0.477244
0.421996,-0.477115
0.422267,-0.476986
0.422538,-0.476858
0.422809,-0.476729
0.42308,-0.476601
0.423351,-0.476472
0.423622,-0.476344
0.423893,-0.476215
0.424164,-0.476086
0.424435,-0.475958
0.424706,-0.475829
0.424977,-0.475701
0.425248,-0.475572
0.425519,-0.475444
0.42579,-0.475315
0.426061,-0.475186
0.426332,-0.475058
0.426603,-0.474929
0.426874,-0.474801
0.427145,-0.474672
0.427416,-0.474544
0.427687,-0.474415
0.427958,-0.474286
0.428229,-0.474158
0.4285,-0.474029
0.428771,-0.473901
0.429042,-0.473772
0.429313,-0.473643
0.429584,-0.473515
0.429855,-0.473386
0.430126,-0.473258
0.430397,-0.473129
0.430668,-0.473001
0.430939,-0.472872
0.43121,-0.472743
0.431481,-0.472615
0.431752,-0.472486
0.432023,-0.472358
0.432294,-0.472229
0.432565,-0.472101
0.432836,-0.471972
0.433107,-0.471843
0.433378,-0.471715
0.433649,-0.471586
0.43392,-0.471458
0.434191,-0.471329
0.434462,-0.471201
0.434733,-0.471072
0.435004,-0.470943
0.435275,-0.470815
0.435546,-0.470686
0.435817,-0.470558
0.436088,-0.470429
0.436359,-0.470301
0.43663,-0.470172
0.436901,-0.470043
0.437172,-0.469915
0.437443,-0.469786
0.437714,-0.469658
0.437985,-0.469529
0.438256,-0.469401
0.438527,-0.469272
0.438797,-0.469143
0.439068,-0.469015
0.439339,-0.468886
0.43961,-0.468758
0.439881,-0.468629
0.440152,-0.468501
0.440423,-0.468372
0.440694,-0.468243
0.440965,-0.468115
0.441236,-0.467986
0.441507,-0.467858
0.441778,-0.467729
0.442049,-0.467601
0.44232,-0.467472
0.442591,-0.467343
0.442862,-0.467215
0.443133,-0.467086
0.443404,-0.466958
0.443675,-0.466829
0.443946,-0.466701
0.444217,-0.466572
0.444488,-0.466443
0.444759,-0.466315
0.44503,-0.466186
0.445301,-0.466058
0.445572,-0.465929
0.445843,-0.465801
0.446114,-0.465672
0.446385,-0.465543
0.446656,-0.465415
0.446927,-0.465286
0.447198,-0.465158
0.447469,-0.465029
0.44774,-0.464901
0.448011,-0.464772
0.448282,-0.464643
0.448553,-0.464515
0.448824,-0.464386
0.449095,-0.464258
0.449366,-0.464129
0.449637,-0.464001
0.449908,-0.463872
0.450179,-0.463743
0.45045,-0.463615
0.450721,-0.463486
0.451355,-0.463901
0.45199,-0.464316
0.452624,-0.464731
0.453259,-0.465146
0.453893,-0.465561
0.454527,-0.465976
0.455162,-0.466391
0.455796,-0.466806
0.456431,-0.467221
0.457065,-0.467636
0.457699,-0.468051
0.458334,-0.468466
0.458968,-0.468881
0.459603,-0.469296
0.460237,-0.46971
0.460871,-0.470125
0.461506,-0.47054
0.46214,-0.470955
0.462775,-0.47137
0.463409,-0.471785
0.464043,-0.4722
0.464678,-0.472615
0.465312,-0.47303
0.465947,-0.473445
0.466581,-0.47386
0.467215,-0.474275
0.46785,-0.47469
0.468484,-0.475105
0.469119,-0.47552
0.469753,-0.475935
0.470387,-0.47635
0.471022,-0.476765
0.471656,-0.477179
0.472291,-0.477594
0.472925,-0.478009
0.473559,-0.478424
0.474194,-0.478839
0.474828,-0.479254
0.475463,-0.479669
0.476097,-0.480084
0.476731,-0.480499
0.477366,-0.480914
0.478,-0.481329
0.478635,-0.481744
0.479269,-0.482159
0.479903,-0.482574
0.480538,-0.482989
0.481172,-0.483404
0.481807,-0.483819
0.482441,-0.484234
0.483075,-0.484648
0.48371,-0.485063
0.484344,-0.485478
0.484979,-0.485893
0.485613,-0.486308
0.486247,-0.486723
0.486882,-0.487138
0.487516,-0.487553
0.488151,-0.487968
0.488785,-0.488383
0.489419,-0.488798
0.490054,-0.489213
0.490688,-0.489628
0.491323,-0.490043
0.491957,-0.490458
0.492591,-0.490873
0.493226,-0.491288
0.49386,-0.491703
0.494495,-0.492117
0.495129,-0.492532
0.495763,-0.492947
0.496398,-0.493362
0.497032,-0.493777
0.497667,-0.494192
0.498301,-0.494607
0.498935,-0.495022
0.49957,-0.495437
0.500204,-0.495852
0.500839,-0.496267
0.501473,-0.496682
0.502107,-0.497097
0.502742,-0.497512
0.503376,-0.497927
0.504011,-0.498342
0.504645,-0.498757
0.505279,-0.499171
0.505914,-0.499586
0.506548,-0.500001
0.507182,-0.500416
0.507817,-0.500831
0.508451,-0.501246
0.509086,-0.501661
0.50972,-0.502076
0.510354,-0.502491
0.510989,-0.502906
0.511623,-0.503321
0.512258,-0.503736
0.512892,-0.504151
0.513526,-0.504566
0.514161,-0.504981
0.514795,-0.505396
0.51543,-0.505811
0.516064,-0.506226
0.516698,-0.50664
0.517333,-0.507055
0.517967,-0.50747
0.518602,-0.507885
0.519236,-0.5083
0.51987,-0.508715
0.520505,-0.50913
0.521139,-0.509545
0.521774,-0.50996
0.522408,-0.510375
0.523042,-0.51079
0.523677,-0.511205
0.524311,-0.51162
0.524946,-0.512035
0.52558,-0.51245
0.526214,-0.512865
0.526849,-0.51328
0.527483,-0.513695
0.528118,-0.514109
0.528752,-0.514524
0.529386,-0.514939
0.530021,-0.515354
0.530655,-0.515769
0.53129,-0.516184
0.531924,-0.516599
0.532558,-0.517014
0.533193,-0.517429
0.533827,-0.517844
0.534462,-0.518259
0.535096,-0.518674
0.53573,-0.519089
0.536365,-0.519504
0.536999,-0.519919
0.537634,-0.520334
0.538268,-0.520749
0.538902,-0.521164
0.539537,-0.521578
0.540171,-0.521993
0.540806,-0.522408
0.54144,-0.522823
0.542074,-0.523238
0.542709,-0.523653
0.543343,-0.524068
0.543978,-0.524483
0.544612,-0.524898
0.545246,-0.525313
