O
20
1,0,-1,0.78,-0.5,0.75,0.0,0.0,0.0,0.3,0.4,0.02,0,0.8,False
2,0,-1,1.1,-0.5,0.93,0.0,0.0,0.0,0.02,0.4,0.2,0,0.8,False
3,0,-1,0.78,-0.5,1.11,0.0,0.0,0.0,0.3,0.4,0.02,0,0.8,False
4,0,-1,0.8,-0.92,0.93,0.0,0.0,0.0,0.32,0.02,0.2,0,0.8,False
5,0,-1,0.8,-0.08,0.93,0.0,0.0,0.0,0.32,0.02,0.2,0,0.8,False
6,2,0,0.5811005605255776,-0.387293743416385,0.8450000000000001,0.0,0.0,5.224046429314032,0.03987718463127539,0.03987718463127539,0.15,0.06884190744864432,0.8613176704201682,False
7,2,0,0.9552100692440126,-0.4747815998370903,0.869749574845686,0.0,0.0,4.987821646281128,0.039728302723921576,0.039728302723921576,0.19949914969137195,0.39707115658817455,0.820473970772317,False
8,2,0,0.7583397583977599,-0.25678750580768783,0.8450000000000001,0.0,0.0,0.14592957311307403,0.058560106800527784,0.058560106800527784,0.15,0.33534202184184564,0.9592225051395792,False
9,2,0,0.8894696218679328,-0.3593896714982445,0.8450000000000001,0.0,0.0,0.0012967428919399592,0.03,0.03,0.15,0.2734114720149132,0.8731944208330125,False
10,2,0,0.8311978845715784,-0.5903770262167005,0.8450000000000001,0.0,0.0,0.6025401747097203,0.03,0.03,0.15,0.3884088107933937,1.03714848787676,False
11,2,1,0.6239400865143997,-0.5689192638846873,0.8508277420651127,0.0,0.0,5.791183298545298,0.07705756285706189,0.07705756285706189,0.1616554841302252,0.24600890571889528,1.0832094561159038,True
12,0,1,0.9932682147601278,-0.23171392189331486,0.86,0.0,0.0,1.5423071461069737,0.038928703759213826,0.06549040647499602,0.09,0.44173128329481975,0.9112474968864732,True
13,2,1,0.9606475675818777,-0.7869745679828372,0.8450000000000001,0.0,0.0,2.7093355173855924,0.06818616145512361,0.06818616145512361,0.15,0.24213752469098004,1.0197250920303487,True
14,2,1,0.5160420743976551,-0.2799036973855754,0.8661496997455451,0.0,0.0,5.560440310493482,0.03,0.03,0.19229939949109032,0.4285866539167671,1.076775919220451,True
15,2,1,0.6271239889637227,-0.2297768454288195,0.8450000000000001,0.0,0.0,6.131517078483797,0.03525895193319224,0.03525895193319224,0.15,0.26214462193484545,0.8622551013157244,True
16,2,1,0.6746884614816204,-0.7280791149193193,0.8601655581420815,0.0,0.0,3.710325789939847,0.031188054799161577,0.031188054799161577,0.18033111628416298,0.2593812584186422,0.8376961233756197,True
17,2,1,0.8215416318853048,-0.45574222190436015,0.8450335996488544,0.0,0.0,4.706451780033114,0.04341497485055286,0.04341497485055286,0.15006719929770873,0.30671231051248,0.9836585444042538,True
18,2,1,0.5157935033853146,-0.811207481772249,0.8450000000000001,0.0,0.0,5.411736267828038,0.03,0.03,0.15,0.03220323354147003,1.0866899103155667,True
19,0,1,0.9551708878329679,-0.6292917984556662,0.86,0.0,0.0,5.556711444994136,0.03,0.030018427396165424,0.09,0.33276792750030343,1.1409454544501572,True
20,0,1,0.6979645224266331,-0.4073154446159964,0.86,0.0,0.0,4.11283682019889,0.03,0.03300858034576334,0.09,0.4434186185511727,1.133505370178011,True
R
0.0,0.0,0.0,0.0,0.0,0.0,1.0
S
8
torso_lift_joint,0
r_shoulder_pan_joint,-1.69017
r_shoulder_lift_joint,-0.0788625
r_upper_arm_roll_joint,-1.69017
r_elbow_flex_joint,-1.2717
r_forearm_roll_joint,-0.151824
r_wrist_flex_joint,-1.25254
r_wrist_roll_joint,0.675062
G
0.506696,-0.428136,0.845,0.502008,-0,0
ooi
6
A
599
0.310248,-0.673113
0.31031,-0.672243
0.310373,-0.671373
0.310435,-0.670502
0.310497,-0.669632
0.310559,-0.668762
0.310622,-0.667892
0.310684,-0.667022
0.310746,-0.666151
0.310808,-0.665281
0.310871,-0.664411
0.310933,-0.663541
0.310995,-0.662671
0.311057,-0.6618
0.31112,-0.66093
0.311182,-0.66006
0.311244,-0.65919
0.311306,-0.65832
0.311369,-0.657449
0.311431,-0.656579
0.311493,-0.655709
0.311555,-0.654839
0.311617,-0.653969
0.31168,-0.653099
0.311742,-0.652228
0.311804,-0.651358
0.311866,-0.650488
0.311929,-0.649618
0.311991,-0.648748
0.312053,-0.647877
0.312115,-0.647007
0.312178,-0.646137
0.31224,-0.645267
0.312302,-0.644397
0.312364,-0.643526
0.312427,-0.642656
0.312489,-0.641786
0.312551,-0.640916
0.312613,-0.640046
0.312676,-0.639175
0.312738,-0.638305
0.3128,-0.637435
0.312862,-0.636565
0.312925,-0.635695
0.312987,-0.634824
0.313049,-0.633954
0.313111,-0.633084
0.313173,-0.632214
0.313236,-0.631344
0.313298,-0.630473
0.31336,-0.629603
0.313422,-0.628733
0.313485,-0.627863
0.313547,-0.626993
0.313609,-0.626122
0.313671,-0.625252
0.313734,-0.624382
0.313796,-0.623512
0.313858,-0.622642
0.31392,-0.621771
0.313983,-0.620901
0.314045,-0.620031
0.314107,-0.619161
0.314169,-0.618291
0.314232,-0.61742
0.314294,-0.61655
0.314356,-0.61568
0.314418,-0.61481
0.314481,-0.61394
0.314543,-0.613069
0.314605,-0.612199
0.314667,-0.611329
0.31473,-0.610459
0.314792,-0.609589
0.314854,-0.608718
0.314916,-0.607848
0.314978,-0.606978
0.315041,-0.606108
0.315103,-0.605238
0.315165,-0.604367
0.315227,-0.603497
0.31529,-0.602627
0.315352,-0.601757
0.315414,-0.600887
0.315476,-0.600016
0.315539,-0.599146
0.315601,-0.598276
0.315663,-0.597406
0.315725,-0.596536
0.315788,-0.595665
0.31585,-0.594795
0.315912,-0.593925
0.315974,-0.593055
0.316037,-0.592185
0.316099,-0.591314
0.316161,-0.590444
0.316223,-0.589574
0.316286,-0.588704
0.316348,-0.587834
0.31641,-0.586963
0.316472,-0.586093
0.316535,-0.585223
0.316597,-0.584353
0.316659,-0.583483
0.316721,-0.582612
0.316783,-0.581742
0.316846,-0.580872
0.316908,-0.580002
0.31697,-0.579132
0.317032,-0.578261
0.317095,-0.577391
0.317157,-0.576521
0.317219,-0.575651
0.317281,-0.574781
0.317344,-0.57391
0.317406,-0.57304
0.317468,-0.57217
0.31753,-0.5713
0.317593,-0.57043
0.317655,-0.569559
0.317717,-0.568689
0.317779,-0.567819
0.317842,-0.566949
0.317904,-0.566079
0.317966,-0.565208
0.318028,-0.564338
0.318091,-0.563468
0.318153,-0.562598
0.318215,-0.561728
0.318277,-0.560857
0.318339,-0.559987
0.318402,-0.559117
0.318464,-0.558247
0.318526,-0.557377
0.318588,-0.556506
0.318651,-0.555636
0.318713,-0.554766
0.318775,-0.553896
0.318837,-0.553026
0.3189,-0.552155
0.318962,-0.551285
0.319024,-0.550415
0.319086,-0.549545
0.319149,-0.548675
0.319211,-0.547804
0.319273,-0.546934
0.319335,-0.546064
0.319398,-0.545194
0.31946,-0.544324
0.319522,-0.543453
0.319584,-0.542583
0.320168,-0.542259
0.320751,-0.541935
0.321334,-0.541611
0.321917,-0.541287
0.322501,-0.540964
0.323084,-0.54064
0.323667,-0.540316
0.324251,-0.539992
0.324834,-0.539668
0.325417,-0.539344
0.326,-0.53902
0.326584,-0.538696
0.327167,-0.538372
0.32775,-0.538048
0.328333,-0.537724
0.328917,-0.5374
0.3295,-0.537076
0.330083,-0.536752
0.330667,-0.536428
0.33125,-0.536104
0.331833,-0.53578
0.332416,-0.535456
0.333,-0.535132
0.333583,-0.534809
0.334166,-0.534485
0.33475,-0.534161
0.335333,-0.533837
0.335916,-0.533513
0.336499,-0.533189
0.337083,-0.532865
0.337666,-0.532541
0.338249,-0.532217
0.338832,-0.531893
0.339416,-0.531569
0.339999,-0.531245
0.340582,-0.530921
0.341166,-0.530597
0.341749,-0.530273
0.342332,-0.529949
0.342915,-0.529625
0.343499,-0.529301
0.344082,-0.528977
0.344665,-0.528654
0.345249,-0.52833
0.345832,-0.528006
0.346415,-0.527682
0.346998,-0.527358
0.347582,-0.527034
0.348165,-0.52671
0.348748,-0.526386
0.349331,-0.526062
0.349915,-0.525738
0.350498,-0.525414
0.351081,-0.52509
0.351665,-0.524766
0.352248,-0.524442
0.352831,-0.524118
0.353414,-0.523794
0.353998,-0.52347
0.354581,-0.523146
0.355164,-0.522822
0.355748,-0.522499
0.356331,-0.522175
0.356914,-0.521851
0.357497,-0.521527
0.358081,-0.521203
0.358664,-0.520879
0.359247,-0.520555
0.35983,-0.520231
0.360414,-0.519907
0.360997,-0.519583
0.36158,-0.519259
0.362164,-0.518935
0.362747,-0.518611
0.36333,-0.518287
0.363913,-0.517963
0.364497,-0.517639
0.36508,-0.517315
0.365663,-0.516991
0.366247,-0.516667
0.36683,-0.516344
0.367413,-0.51602
0.367996,-0.515696
0.36858,-0.515372
0.369163,-0.515048
0.369746,-0.514724
0.370329,-0.5144
0.370913,-0.514076
0.371496,-0.513752
0.372079,-0.513428
0.372663,-0.513104
0.373246,-0.51278
0.373829,-0.512456
0.374412,-0.512132
0.374996,-0.511808
0.375579,-0.511484
0.376162,-0.51116
0.376745,-0.510836
0.377329,-0.510512
0.377912,-0.510189
0.378495,-0.509865
0.379079,-0.509541
0.379662,-0.509217
0.380245,-0.508893
0.380828,-0.508569
0.381412,-0.508245
0.381995,-0.507921
0.382578,-0.507597
0.383162,-0.507273
0.383745,-0.506949
0.384328,-0.506625
0.384911,-0.506301
0.385495,-0.505977
0.386078,-0.505653
0.386661,-0.505329
0.387244,-0.505005
0.387828,-0.504681
0.388411,-0.504357
0.388994,-0.504034
0.389578,-0.50371
0.390161,-0.503386
0.390744,-0.503062
0.391327,-0.502738
0.391911,-0.502414
0.392494,-0.50209
0.393077,-0.501766
0.393661,-0.501442
0.394244,-0.501118
0.394827,-0.500794
0.39541,-0.50047
0.395994,-0.500146
0.396577,-0.499822
0.39716,-0.499498
0.397743,-0.499174
0.398327,-0.49885
0.39891,-0.498526
0.399493,-0.498202
0.400077,-0.497879
0.40066,-0.497555
0.401243,-0.497231
0.401826,-0.496907
0.40241,-0.496583
0.402993,-0.496259
0.403576,-0.495935
0.40416,-0.495611
0.404743,-0.495287
0.405326,-0.494963
0.405909,-0.494639
0.406493,-0.494315
0.405709,-0.494541
0.404926,-0.494766
0.404143,-0.494992
0.40336,-0.495218
0.402576,-0.495443
0.401793,-0.495669
0.40101,-0.495894
0.400227,-0.49612
0.399443,-0.496346
0.39866,-0.496571
0.397877,-0.496797
0.397094,-0.497022
0.39631,-0.497248
0.395527,-0.497474
0.394744,-0.497699
0.39396,-0.497925
0.393177,-0.49815
0.392394,-0.498376
0.391611,-0.498602
0.390827,-0.498827
0.390044,-0.499053
0.389261,-0.499278
0.388478,-0.499504
0.387694,-0.49973
0.386911,-0.499955
0.386128,-0.500181
0.385345,-0.500406
0.384561,-0.500632
0.383778,-0.500858
0.382995,-0.501083
0.382212,-0.501309
0.381428,-0.501534
0.380645,-0.50176
0.379862,-0.501986
0.379078,-0.502211
0.378295,-0.502437
0.377512,-0.502662
0.376729,-0.502888
0.375945,-0.503114
0.375162,-0.503339
0.374379,-0.503565
0.373596,-0.503791
0.372812,-0.504016
0.372029,-0.504242
0.371246,-0.504467
0.370463,-0.504693
0.369679,-0.504919
0.368896,-0.505144
0.368113,-0.50537
0.36733,-0.505595
0.366546,-0.505821
0.365763,-0.506047
0.36498,-0.506272
0.364197,-0.506498
0.363413,-0.506723
0.36263,-0.506949
0.361847,-0.507175
0.361063,-0.5074
0.36028,-0.507626
0.359497,-0.507851
0.358714,-0.508077
0.35793,-0.508303
0.357147,-0.508528
0.356364,-0.508754
0.355581,-0.508979
0.354797,-0.509205
0.354014,-0.509431
0.353231,-0.509656
0.352448,-0.509882
0.351664,-0.510107
0.350881,-0.510333
0.350098,-0.510559
0.349315,-0.510784
0.348531,-0.51101
0.347748,-0.511235
0.346965,-0.511461
0.346181,-0.511687
0.345398,-0.511912
0.344615,-0.512138
0.343832,-0.512364
0.343048,-0.512589
0.342265,-0.512815
0.341482,-0.51304
0.340699,-0.513266
0.339915,-0.513492
0.339132,-0.513717
0.338349,-0.513943
0.337566,-0.514168
0.336782,-0.514394
0.335999,-0.51462
0.335216,-0.514845
0.334433,-0.515071
0.333649,-0.515296
0.332866,-0.515522
0.332083,-0.515748
0.3313,-0.515973
0.330516,-0.516199
0.329733,-0.516424
0.32895,-0.51665
0.328166,-0.516876
0.327383,-0.517101
0.3266,-0.517327
0.325817,-0.517552
0.325033,-0.517778
0.32425,-0.518004
0.323467,-0.518229
0.322684,-0.518455
0.3219,-0.51868
0.321117,-0.518906
0.320334,-0.519132
0.319551,-0.519357
0.318767,-0.519583
0.317984,-0.519808
0.317201,-0.520034
0.316418,-0.52026
0.315634,-0.520485
0.314851,-0.520711
0.314068,-0.520936
0.313284,-0.521162
0.312501,-0.521388
0.311718,-0.521613
0.310935,-0.521839
0.310151,-0.522065
0.309368,-0.52229
0.308585,-0.522516
0.307802,-0.522741
0.307018,-0.522967
0.306235,-0.523193
0.305452,-0.523418
0.304669,-0.523644
0.303885,-0.523869
0.303102,-0.524095
0.302319,-0.524321
0.301536,-0.524546
0.300752,-0.524772
0.299969,-0.524997
0.299186,-0.525223
0.298403,-0.525449
0.297619,-0.525674
0.296836,-0.5259
0.296053,-0.526125
0.295269,-0.526351
0.294486,-0.526577
0.293703,-0.526802
0.29292,-0.527028
0.292136,-0.527253
0.291353,-0.527479
0.29057,-0.527705
0.289787,-0.52793
0.289003,-0.528156
0.290464,-0.527485
0.291925,-0.526813
0.293386,-0.526142
0.294847,-0.525471
0.296308,-0.524799
0.29777,-0.524128
0.299231,-0.523457
0.300692,-0.522786
0.302153,-0.522114
0.303614,-0.521443
0.305075,-0.520772
0.306536,-0.520101
0.307997,-0.519429
0.309458,-0.518758
0.310919,-0.518087
0.31238,-0.517415
0.313841,-0.516744
0.315302,-0.516073
0.316763,-0.515402
0.318224,-0.51473
0.319685,-0.514059
0.321146,-0.513388
0.322607,-0.512716
0.324068,-0.512045
0.325529,-0.511374
0.32699,-0.510703
0.328451,-0.510031
0.329912,-0.50936
0.331373,-0.508689
0.332834,-0.508018
0.334295,-0.507346
0.335756,-0.506675
0.337217,-0.506004
0.338678,-0.505332
0.340139,-0.504661
0.3416,-0.50399
0.343061,-0.503319
0.344522,-0.502647
0.345983,-0.501976
0.347444,-0.501305
0.348905,-0.500633
0.350366,-0.499962
0.351827,-0.499291
0.353288,-0.49862
0.354749,-0.497948
0.35621,-0.497277
0.357671,-0.496606
0.359132,-0.495935
0.360593,-0.495263
0.362054,-0.494592
0.363516,-0.493921
0.364977,-0.493249
0.366438,-0.492578
0.367899,-0.491907
0.36936,-0.491236
0.370821,-0.490564
0.372282,-0.489893
0.373743,-0.489222
0.375204,-0.48855
0.376665,-0.487879
0.378126,-0.487208
0.379587,-0.486537
0.381048,-0.485865
0.382509,-0.485194
0.38397,-0.484523
0.385431,-0.483852
0.386892,-0.48318
0.388353,-0.482509
0.389814,-0.481838
0.391275,-0.481166
0.392736,-0.480495
0.394197,-0.479824
0.395658,-0.479153
0.397119,-0.478481
0.39858,-0.47781
0.400041,-0.477139
0.401502,-0.476468
0.402963,-0.475796
0.404424,-0.475125
0.405885,-0.474454
0.407346,-0.473782
0.408807,-0.473111
0.410268,-0.47244
0.411729,-0.471769
0.41319,-0.471097
0.414651,-0.470426
0.416112,-0.469755
0.417573,-0.469083
0.419034,-0.468412
0.420495,-0.467741
0.421956,-0.46707
0.423417,-0.466398
0.424878,-0.465727
0.426339,-0.465056
0.4278,-0.464385
0.429262,-0.463713
0.430723,-0.463042
0.432184,-0.462371
0.433645,-0.461699
0.435106,-0.461028
0.436567,-0.460357
0.438028,-0.459686
0.439489,-0.459014
0.44095,-0.458343
0.442411,-0.457672
0.443872,-0.457
0.445333,-0.456329
0.446794,-0.455658
0.448255,-0.454987
0.449716,-0.454315
0.451177,-0.453644
0.452638,-0.452973
0.454099,-0.452302
0.45556,-0.45163
0.457021,-0.450959
0.458482,-0.450288
0.459943,-0.449616
0.461404,-0.448945
0.462865,-0.448274
0.464326,-0.447603
0.465787,-0.446931
0.467248,-0.44626
0.468709,-0.445589
0.47017,-0.444917
0.471631,-0.444246
0.473092,-0.443575
0.474553,-0.442904
0.476014,-0.442232
0.477475,-0.441561
0.478936,-0.44089
0.480397,-0.440219
0.481858,-0.439547
0.483319,-0.438876
0.48478,-0.438205
0.486241,-0.437533
0.487702,-0.436862
0.489163,-0.436191
0.490624,-0.43552
0.492085,-0.434848
0.493546,-0.434177
0.495008,-0.433506
0.496469,-0.432834
0.49793,-0.432163
0.499391,-0.431492
0.500852,-0.430821
0.502313,-0.430149
0.503774,-0.429478
0.505235,-0.428807
0.506696,-0.428136
