O
20
1,0,-1,0.78,-0.5,0.75,0.0,0.0,0.0,0.3,0.4,0.02,0,0.8,False
2,0,-1,1.1,-0.5,0.93,0.0,0.0,0.0,0.02,0.4,0.2,0,0.8,False
3,0,-1,0.78,-0.5,1.11,0.0,0.0,0.0,0.3,0.4,0.02,0,0.8,False
4,0,-1,0.8,-0.92,0.93,0.0,0.0,0.0,0.32,0.02,0.2,0,0.8,False
5,0,-1,0.8,-0.08,0.93,0.0,0.0,0.0,0.32,0.02,0.2,0,0.8,False
6,0,0,0.8221510369995524,-0.186929716918789,0.8897883907107068,0.0,0.0,3.0770126971030654,0.03,0.04296991413793269,0.11978839071070682,0.4139318518077083,0.8631675443516198,False
7,2,0,0.7216738797406042,-0.5111415211241384,0.8450000000000001,0.0,0.0,0.7592889164668023,0.0692045760589248,0.0692045760589248,0.15,0.48789263441730946,0.9221723541557596,False
8,2,0,0.5906073118097989,-0.33292214847828616,0.8450000000000001,0.0,0.0,2.2524058968244325,0.03,0.03,0.15,0.3640815099416125,1.1114845429737181,False
9,2,0,1.0188051717157212,-0.44812844243004163,0.8450000000000001,0.0,0.0,0.04737656601523642,0.03,0.03,0.15,0.328666543765958,0.9554346212346576,False
10,2,0,0.8636780064342959,-0.746314253663983,0.8450000000000001,0.0,0.0,1.5758347157020298,0.03,0.03,0.15,0.44025470538116934,1.0777434713951701,False
11,0,1,0.7298243712951966,-0.2806255373565516,0.86,0.0,0.0,1.0037315716669117,0.03,0.03,0.09,0.015215065342932599,0.967610837575505,True
12,0,1,0.5519315676186485,-0.7516345784397006,0.86,0.0,0.0,2.5946944692215217,0.03,0.03,0.09,0.0769909345354639,0.9222424678243855,True
13,0,1,0.8219732835515416,-0.35922773256037377,0.86,0.0,0.0,2.9897202376688687,0.03,0.03,0.09,0.30969427445698067,0.9080346278195837,True
14,0,1,0.6143710339180726,-0.17235118858275889,0.86,0.0,0.0,2.880929430345045,0.04503418830790966,0.03,0.09,0.47718338544967276,1.0231145850770578,True
15,0,1,0.9454054018276651,-0.19826686065735943,0.86,0.0,0.0,6.141653874462065,0.03538444981729634,0.03,0.09,0.1600062929776413,0.9128429360876428,True
16,0,1,0.909232447983574,-0.6190230205113199,0.9083401674725589,0.0,0.0,0.488371275223831,0.03,0.03,0.1383401674725588,0.4421067949889609,1.1246128278940468,True
17,0,1,0.9999427246931739,-0.8252571755865249,0.9049552899363016,0.0,0.0,3.54168365321839,0.055171667658804595,0.03,0.13495528993630163,0.05991649563365642,0.8994987078519677,True
18,2,1,0.8692780199169856,-0.4865952167309558,0.8503904568757762,0.0,0.0,1.8233788128888526,0.03,0.03,0.1607809137515523,0.20828579088386456,1.0016297700431773,True
19,2,1,0.5480567629233112,-0.5477814276552495,0.8450000000000001,0.0,0.0,4.528898314565674,0.04101959432789882,0.04101959432789882,0.15,0.34077659425581697,0.9852513213292164,True
20,2,1,0.7730489932694397,-0.7197673062689034,0.8450000000000001,0.0,0.0,3.6003384177156343,0.03,0.03,0.15,0.34938809984599356,1.0422955021828795,True
R
0.0,0.0,0.0,0.0,0.0,0.0,1.0
S
8
torso_lift_joint,0
r_shoulder_pan_joint,-1.69017
r_shoulder_lift_joint,-0.0788625
r_upper_arm_roll_joint,-1.69017
r_elbow_flex_joint,-1.2717
r_forearm_roll_joint,-0.151824
r_wrist_flex_joint,-1.25254
r_wrist_roll_joint,0.675062
G
0.526469,-0.371797,0.845,0.544901,-0,0
ooi
8
A
599
0.310248,-0.673113
0.311024,-0.671631
0.3118,-0.67015
0.312576,-0.668668
0.313351,-0.667186
0.314127,-0.665704
0.314903,-0.664222
0.315679,-0.662741
0.316455,-0.661259
0.31723,-0.659777
0.318006,-0.658295
0.318782,-0.656814
0.319558,-0.655332
0.320334,-0.65385
0.32111,-0.652368
0.321885,-0.650887
0.322661,-0.649405
0.323437,-0.647923
0.324213,-0.646441
0.324989,-0.644959
0.325764,-0.643478
0.32654,-0.641996
0.327316,-0.640514
0.328092,-0.639032
0.328868,-0.637551
0.329644,-0.636069
0.330419,-0.634587
0.331195,-0.633105
0.331971,-0.631624
0.332747,-0.630142
0.333523,-0.62866
0.334298,-0.627178
0.335074,-0.625696
0.33585,-0.624215
0.336626,-0.622733
0.337402,-0.621251
0.338177,-0.619769
0.338953,-0.618288
0.339729,-0.616806
0.340505,-0.615324
0.341281,-0.613842
0.342057,-0.612361
0.342832,-0.610879
0.343608,-0.609397
0.344384,-0.607915
0.34516,-0.606433
0.345936,-0.604952
0.346711,-0.60347
0.347487,-0.601988
0.348263,-0.600506
0.349039,-0.599025
0.349815,-0.597543
0.35059,-0.596061
0.351366,-0.594579
0.352142,-0.593098
0.352918,-0.591616
0.353694,-0.590134
0.35447,-0.588652
0.355245,-0.58717
0.356021,-0.585689
0.356797,-0.584207
0.357573,-0.582725
0.358349,-0.581243
0.359124,-0.579762
0.3599,-0.57828
0.360676,-0.576798
0.361452,-0.575316
0.362228,-0.573834
0.363004,-0.572353
0.363779,-0.570871
0.364555,-0.569389
0.365331,-0.567907
0.366107,-0.566426
0.366883,-0.564944
0.367658,-0.563462
0.368434,-0.56198
0.36921,-0.560499
0.369986,-0.559017
0.370762,-0.557535
0.371537,-0.556053
0.372313,-0.554571
0.373089,-0.55309
0.373865,-0.551608
0.374641,-0.550126
0.375417,-0.548644
0.376192,-0.547163
0.376968,-0.545681
0.377744,-0.544199
0.37852,-0.542717
0.379296,-0.541236
0.380071,-0.539754
0.380847,-0.538272
0.381623,-0.53679
0.382399,-0.535308
0.383175,-0.533827
0.38395,-0.532345
0.384726,-0.530863
0.385502,-0.529381
0.386278,-0.5279
0.387054,-0.526418
0.38783,-0.524936
0.388605,-0.523454
0.389381,-0.521973
0.390157,-0.520491
0.390933,-0.519009
0.391709,-0.517527
0.392484,-0.516045
0.39326,-0.514564
0.394036,-0.513082
0.394812,-0.5116
0.395588,-0.510118
0.396363,-0.508637
0.397139,-0.507155
0.397915,-0.505673
0.398691,-0.504191
0.399467,-0.50271
0.400243,-0.501228
0.401018,-0.499746
0.401794,-0.498264
0.40257,-0.496782
0.403346,-0.495301
0.404122,-0.493819
0.404897,-0.492337
0.405673,-0.490855
0.406449,-0.489374
0.407225,-0.487892
0.408001,-0.48641
0.408777,-0.484928
0.409552,-0.483447
0.410328,-0.481965
0.411104,-0.480483
0.41188,-0.479001
0.412656,-0.477519
0.413431,-0.476038
0.414207,-0.474556
0.414983,-0.473074
0.415759,-0.471592
0.416535,-0.470111
0.41731,-0.468629
0.418086,-0.467147
0.418862,-0.465665
0.419638,-0.464184
0.420414,-0.462702
0.42119,-0.46122
0.421965,-0.459738
0.422741,-0.458256
0.423517,-0.456775
0.424293,-0.455293
0.425069,-0.453811
0.425844,-0.452329
0.42662,-0.450848
0.427751,-0.451814
0.428881,-0.45278
0.430012,-0.453746
0.431142,-0.454712
0.432273,-0.455678
0.433403,-0.456644
0.434534,-0.45761
0.435665,-0.458576
0.436795,-0.459542
0.437926,-0.460508
0.439056,-0.461474
0.440187,-0.462441
0.441317,-0.463407
0.442448,-0.464373
0.443578,-0.465339
0.444709,-0.466305
0.445839,-0.467271
0.44697,-0.468237
0.448101,-0.469203
0.449231,-0.470169
0.450362,-0.471135
0.451492,-0.472101
0.452623,-0.473067
0.453753,-0.474033
0.454884,-0.475
0.456014,-0.475966
0.457145,-0.476932
0.458275,-0.477898
0.459406,-0.478864
0.460536,-0.47983
0.461667,-0.480796
0.462798,-0.481762
0.463928,-0.482728
0.465059,-0.483694
0.466189,-0.48466
0.46732,-0.485626
0.46845,-0.486592
0.469581,-0.487559
0.470711,-0.488525
0.471842,-0.489491
0.472972,-0.490457
0.474103,-0.491423
0.475234,-0.492389
0.476364,-0.493355
0.477495,-0.494321
0.478625,-0.495287
0.479756,-0.496253
0.480886,-0.497219
0.482017,-0.498185
0.483147,-0.499152
0.484278,-0.500118
0.485408,-0.501084
0.486539,-0.50205
0.48767,-0.503016
0.4888,-0.503982
0.489931,-0.504948
0.491061,-0.505914
0.492192,-0.50688
0.493322,-0.507846
0.494453,-0.508812
0.495583,-0.509778
0.496714,-0.510744
0.497844,-0.511711
0.498975,-0.512677
0.500105,-0.513643
0.501236,-0.514609
0.502367,-0.515575
0.503497,-0.516541
0.504628,-0.517507
0.505758,-0.518473
0.506889,-0.519439
0.508019,-0.520405
0.50915,-0.521371
0.51028,-0.522337
0.511411,-0.523303
0.512541,-0.52427
0.513672,-0.525236
0.514803,-0.526202
0.515933,-0.527168
0.517064,-0.528134
0.518194,-0.5291
0.519325,-0.530066
0.520455,-0.531032
0.521586,-0.531998
0.522716,-0.532964
0.523847,-0.53393
0.524977,-0.534896
0.526108,-0.535862
0.527238,-0.536829
0.528369,-0.537795
0.5295,-0.538761
0.53063,-0.539727
0.531761,-0.540693
0.532891,-0.541659
0.534022,-0.542625
0.535152,-0.543591
0.536283,-0.544557
0.537413,-0.545523
0.538544,-0.546489
0.539674,-0.547455
0.540805,-0.548421
0.541936,-0.549388
0.543066,-0.550354
0.544197,-0.55132
0.545327,-0.552286
0.546458,-0.553252
0.547588,-0.554218
0.548719,-0.555184
0.549849,-0.55615
0.55098,-0.557116
0.55211,-0.558082
0.553241,-0.559048
0.554372,-0.560014
0.555502,-0.560981
0.556633,-0.561947
0.557763,-0.562913
0.558894,-0.563879
0.560024,-0.564845
0.561155,-0.565811
0.562285,-0.566777
0.563416,-0.567743
0.564546,-0.568709
0.565677,-0.569675
0.566807,-0.570641
0.567938,-0.571607
0.569069,-0.572573
0.570199,-0.57354
0.57133,-0.574506
0.57246,-0.575472
0.573591,-0.576438
0.574721,-0.577404
0.575852,-0.57837
0.576982,-0.579336
0.578113,-0.580302
0.579243,-0.581268
0.580374,-0.582234
0.581505,-0.5832
0.582635,-0.584166
0.583766,-0.585132
0.584896,-0.586099
0.586027,-0.587065
0.587157,-0.588031
0.588288,-0.588997
0.589418,-0.589963
0.590549,-0.590929
0.591679,-0.591895
0.59281,-0.592861
0.59394,-0.593827
0.595071,-0.594793
0.594887,-0.594543
0.594703,-0.594292
0.594519,-0.594041
0.594334,-0.59379
0.59415,-0.59354
0.593966,-0.593289
0.593782,-0.593038
0.593598,-0.592788
0.593413,-0.592537
0.593229,-0.592286
0.593045,-0.592035
0.592861,-0.591785
0.592677,-0.591534
0.592493,-0.591283
0.592308,-0.591033
0.592124,-0.590782
0.59194,-0.590531
0.591756,-0.59028
0.591572,-0.59003
0.591388,-0.589779
0.591203,-0.589528
0.591019,-0.589278
0.590835,-0.589027
0.590651,-0.588776
0.590467,-0.588525
0.590282,-0.588275
0.590098,-0.588024
0.589914,-0.587773
0.58973,-0.587523
0.589546,-0.587272
0.589362,-0.587021
0.589177,-0.58677
0.588993,-0.58652
0.588809,-0.586269
0.588625,-0.586018
0.588441,-0.585768
0.588257,-0.585517
0.588072,-0.585266
0.587888,-0.585015
0.587704,-0.584765
0.58752,-0.584514
0.587336,-0.584263
0.587152,-0.584013
0.586967,-0.583762
0.586783,-0.583511
0.586599,-0.58326
0.586415,-0.58301
0.586231,-0.582759
0.586046,-0.582508
0.585862,-0.582258
0.585678,-0.582007
0.585494,-0.581756
0.58531,-0.581505
0.585126,-0.581255
0.584941,-0.581004
0.584757,-0.580753
0.584573,-0.580503
0.584389,-0.580252
0.584205,-0.580001
0.584021,-0.57975
0.583836,-0.5795
0.583652,-0.579249
0.583468,-0.578998
0.583284,-0.578748
0.5831,-0.578497
0.582915,-0.578246
0.582731,-0.577995
0.582547,-0.577745
0.582363,-0.577494
0.582179,-0.577243
0.581995,-0.576993
0.58181,-0.576742
0.581626,-0.576491
0.581442,-0.57624
0.581258,-0.57599
0.581074,-0.575739
0.58089,-0.575488
0.580705,-0.575238
0.580521,-0.574987
0.580337,-0.574736
0.580153,-0.574485
0.579969,-0.574235
0.579785,-0.573984
0.5796,-0.573733
0.579416,-0.573483
0.579232,-0.573232
0.579048,-0.572981
0.578864,-0.57273
0.578679,-0.57248
0.578495,-0.572229
0.578311,-0.571978
0.578127,-0.571728
0.577943,-0.571477
0.577759,-0.571226
0.577574,-0.570975
0.57739,-0.570725
0.577206,-0.570474
0.577022,-0.570223
0.576838,-0.569973
0.576654,-0.569722
0.576469,-0.569471
0.576285,-0.569221
0.576101,-0.56897
0.575917,-0.568719
0.575733,-0.568468
0.575549,-0.568218
0.575364,-0.567967
0.57518,-0.567716
0.574996,-0.567466
0.574812,-0.567215
0.574628,-0.566964
0.574443,-0.566713
0.574259,-0.566463
0.574075,-0.566212
0.573891,-0.565961
0.573707,-0.565711
0.573523,-0.56546
0.573338,-0.565209
0.573154,-0.564958
0.57297,-0.564708
0.572786,-0.564457
0.572602,-0.564206
0.572418,-0.563956
0.572233,-0.563705
0.572049,-0.563454
0.571865,-0.563203
0.571681,-0.562953
0.571497,-0.562702
0.571312,-0.562451
0.571128,-0.562201
0.570944,-0.56195
0.57076,-0.561699
0.570576,-0.561448
0.570392,-0.561198
0.570207,-0.560947
0.570023,-0.560696
0.569839,-0.560446
0.569655,-0.560195
0.569471,-0.559944
0.569287,-0.559693
0.569102,-0.559443
0.568918,-0.559192
0.568734,-0.558941
0.56855,-0.558691
0.568366,-0.55844
0.568182,-0.558189
0.567997,-0.557938
0.567813,-0.557688
0.567629,-0.557437
0.567445,-0.557186
0.56717,-0.555942
0.566895,-0.554698
0.56662,-0.553454
0.566345,-0.552209
0.56607,-0.550965
0.565795,-0.549721
0.56552,-0.548477
0.565245,-0.547232
0.56497,-0.545988
0.564695,-0.544744
0.56442,-0.5435
0.564145,-0.542256
0.56387,-0.541011
0.563595,-0.539767
0.56332,-0.538523
0.563045,-0.537279
0.56277,-0.536034
0.562495,-0.53479
0.56222,-0.533546
0.561945,-0.532302
0.56167,-0.531058
0.561395,-0.529813
0.56112,-0.528569
0.560845,-0.527325
0.56057,-0.526081
0.560295,-0.524836
0.56002,-0.523592
0.559745,-0.522348
0.55947,-0.521104
0.559195,-0.51986
0.55892,-0.518615
0.558645,-0.517371
0.55837,-0.516127
0.558095,-0.514883
0.55782,-0.513638
0.557545,-0.512394
0.55727,-0.51115
0.556995,-0.509906
0.55672,-0.508662
0.556445,-0.507417
0.55617,-0.506173
0.555895,-0.504929
0.55562,-0.503685
0.555345,-0.50244
0.55507,-0.501196
0.554795,-0.499952
0.55452,-0.498708
0.554245,-0.497464
0.55397,-0.496219
0.553695,-0.494975
0.55342,-0.493731
0.553144,-0.492487
0.552869,-0.491242
0.552594,-0.489998
0.552319,-0.488754
0.552044,-0.48751
0.551769,-0.486266
0.551494,-0.485021
0.551219,-0.483777
0.550944,-0.482533
0.550669,-0.481289
0.550394,-0.480044
0.550119,-0.4788
0.549844,-0.477556
0.549569,-0.476312
0.549294,-0.475068
0.549019,-0.473823
0.548744,-0.472579
0.548469,-0.471335
0.548194,-0.470091
0.547919,-0.468846
0.547644,-0.467602
0.547369,-0.466358
0.547094,-0.465114
0.546819,-0.46387
0.546544,-0.462625
0.546269,-0.461381
0.545994,-0.460137
0.545719,-0.458893
0.545444,-0.457648
0.545169,-0.456404
0.544894,-0.45516
0.544619,-0.453916
0.544344,-0.452672
0.544069,-0.451427
0.543794,-0.450183
0.543519,-0.448939
0.543244,-0.447695
0.542969,-0.44645
0.542694,-0.445206
0.542419,-0.443962
0.542144,-0.442718
0.541869,-0.441474
0.541594,-0.440229
0.541319,-0.438985
0.541044,-0.437741
0.540769,-0.436497
0.540494,-0.435252
0.540219,-0.434008
0.539944,-0.432764
0.539669,-0.43152
0.539394,-0.430276
0.539119,-0.429031
0.538844,-0.427787
0.538569,-0.426543
0.538294,-0.425299
0.538019,-0.424054
0.537744,-0.42281
0.537469,-0.421566
0.537194,-0.420322
0.536919,-0.419078
0.536644,-0.417833
0.536369,-0.416589
0.536094,-0.415345
0.535819,-0.414101
0.535544,-0.412856
0.535269,-0.411612
0.534994,-0.410368
0.534719,-0.409124
0.534444,-0.40788
0.534169,-0.406635
0.533894,-0.405391
0.533619,-0.404147
0.533344,-0.402903
0.533069,-0.401658
0.532794,-0.400414
0.532519,-0.39917
0.532244,-0.397926
0.531969,-0.396682
0.531694,-0.395437
0.531419,-0.394193
0.531144,-0.392949
0.530869,-0.391705
0.530594,-0.39046
0.530319,-0.389216
0.530044,-0.387972
0.529769,-0.386728
0.529494,-0.385484
0.529219,-0.384239
0.528944,-0.382995
0.528669,-0.381751
0.528394,-0.380507
0.528119,-0.379262
0.527844,-0.378018
0.527569,-0.376774
0.527294,-0.37553
0.527019,-0.374286
0.526744,-0.373041
0.526469,-0.371797
