O
20
1,0,-1,0.78,-0.5,0.75,0.0,0.0,0.0,0.3,0.4,0.02,0,0.8,False
2,0,-1,1.1,-0.5,0.93,0.0,0.0,0.0,0.02,0.4,0.2,0,0.8,False
3,0,-1,0.78,-0.5,1.11,0.0,0.0,0.0,0.3,0.4,0.02,0,0.8,False
4,0,-1,0.8,-0.92,0.93,0.0,0.0,0.0,0.32,0.02,0.2,0,0.8,False
5,0,-1,0.8,-0.08,0.93,0.0,0.0,0.0,0.32,0.02,0.2,0,0.8,False
6,2,0,1.0014430304644484,-0.2770089710241913,0.8450000000000001,0.0,0.0,3.1349503018633054,0.03,0.03,0.15,0.37170005425107194,1.1511904947320526,False
7,0,0,0.8560277623518276,-0.6235610112649225,0.86,0.0,0.0,4.958012181689836,0.07873046551213272,0.03,0.09,0.3003738250525688,0.9814500454103413,False
8,0,0,0.6963607200710149,-0.7900355821092279,0.8963299204688826,0.0,0.0,6.088291593032184,0.03,0.03,0.12632992046888258,0.27718083794598153,0.9409268295764772,False
9,0,0,0.5853875998547148,-0.24128338320566523,0.86,0.0,0.0,5.478355854723389,0.03625967146329809,0.03400803265334208,0.09,0.17864895832655253,1.1997633361969502,False
10,2,0,0.5335136424925534,-0.5844608834279743,0.8450000000000001,0.0,0.0,2.253516376391149,0.03,0.03,0.15,0.09024381213026783,0.9687099479927851,False
11,0,1,0.8437310914530094,-0.3803144568951772,0.86,0.0,0.0,1.6785677930120304,0.03,0.06333321560328774,0.09,0.3373774031443267,0.9812936770087943,True
12,0,1,0.7236468425922904,-0.2062155507786796,0.86,0.0,0.0,1.767147333663925,0.06513896861901936,0.033340986347606884,0.09,0.17462787122697437,1.0516340310599697,True
13,2,1,0.5205971840265277,-0.7128431238462185,0.8450000000000001,0.0,0.0,4.607599477036875,0.03,0.03,0.15,0.1580037874005426,1.101844185220533,True
14,0,1,0.5391787827669847,-0.3705730977721201,0.86,0.0,0.0,0.7563976940331918,0.03,0.03,0.09,0.11293353702106107,1.048262814456248,True
15,0,1,0.6933396209161043,-0.5919754185694113,0.86,0.0,0.0,2.315276555724638,0.04102352437567957,0.03,0.09,0.0900952585554955,0.8759428445939039,True
16,2,1,0.6315357702625162,-0.6894845061855013,0.8687903719779795,0.0,0.0,3.2154689326475223,0.03,0.03,0.19758074395595898,0.06619138295262733,0.8601683190736739,True
17,0,1,1.0106340782917225,-0.7591107121102314,0.86,0.0,0.0,2.9796601019898064,0.03,0.03,0.09,0.33479687651750006,1.1653179205437323,True
18,2,1,0.6609114894124488,-0.4103083097481008,0.8450000000000001,0.0,0.0,4.82983392182344,0.03,0.03,0.15,0.13775732460028384,1.032448131585014,True
19,0,1,0.8729447963083441,-0.17386249680829025,0.86,0.0,0.0,4.62904746571451,0.048760786598833546,0.03,0.09,0.05166735231807257,1.0557651191579769,True
20,0,1,0.605311921265206,-0.7738222679639065,0.8740113846735492,0.0,0.0,5.733547554728994,0.03,0.03,0.10401138467354919,0.43628696298362385,1.142408201437978,True
R
0.0,0.0,0.0,0.0,0.0,0.0,1.0
S
8
torso_lift_joint,0
r_shoulder_pan_joint,-1.69017
r_shoulder_lift_joint,-0.0788625
r_upper_arm_roll_joint,-1.69017
r_elbow_flex_joint,-1.2717
r_forearm_roll_joint,-0.151824
r_wrist_flex_joint,-1.25254
r_wrist_roll_joint,0.675062
G
0.622781,-0.775511,0.89633,2.9467,-3.14159,3.14159
ooi
8
A
599
0.310248,-0.673113
0.31124,-0.673594
0.312231,-0.674075
0.313222,-0.674556
0.314214,-0.675037
0.315205,-0.675518
0.316196,-0.675999
0.317188,-0.67648
0.318179,-0.676961
0.319171,-0.677442
0.320162,-0.677923
0.321153,-0.678404
0.322145,-0.678885
0.323136,-0.679366
0.324128,-0.679847
0.325119,-0.680328
0.32611,-0.680809
0.327102,-0.68129
0.328093,-0.681771
0.329085,-0.682252
0.330076,-0.682733
0.331067,-0.683214
0.332059,-0.683695
0.33305,-0.684176
0.334041,-0.684657
0.335033,-0.685138
0.336024,-0.685619
0.337016,-0.6861
0.338007,-0.686581
0.338998,-0.687062
0.33999,-0.687543
0.340981,-0.688024
0.341973,-0.688505
0.342964,-0.688986
0.343955,-0.689467
0.344947,-0.689948
0.345938,-0.690429
0.346929,-0.69091
0.347921,-0.691391
0.348912,-0.691872
0.349904,-0.692353
0.350895,-0.692834
0.351886,-0.693315
0.352878,-0.693796
0.353869,-0.694277
0.354861,-0.694758
0.355852,-0.695239
0.356843,-0.69572
0.357835,-0.696201
0.358826,-0.696682
0.359818,-0.697163
0.360809,-0.697644
0.3618,-0.698125
0.362792,-0.698606
0.363783,-0.699087
0.364774,-0.699568
0.365766,-0.700049
0.366757,-0.70053
0.367749,-0.701011
0.36874,-0.701492
0.369731,-0.701973
0.370723,-0.702453
0.371714,-0.702934
0.372706,-0.703415
0.373697,-0.703896
0.374688,-0.704377
0.37568,-0.704858
0.376671,-0.705339
0.377662,-0.70582
0.378654,-0.706301
0.379645,-0.706782
0.380637,-0.707263
0.381628,-0.707744
0.382619,-0.708225
0.383611,-0.708706
0.384602,-0.709187
0.385594,-0.709668
0.386585,-0.710149
0.387576,-0.71063
0.388568,-0.711111
0.389559,-0.711592
0.39055,-0.712073
0.391542,-0.712554
0.392533,-0.713035
0.393525,-0.713516
0.394516,-0.713997
0.395507,-0.714478
0.396499,-0.714959
0.39749,-0.71544
0.398482,-0.715921
0.399473,-0.716402
0.400464,-0.716883
0.401456,-0.717364
0.402447,-0.717845
0.403439,-0.718326
0.40443,-0.718807
0.405421,-0.719288
0.406413,-0.719769
0.407404,-0.72025
0.408395,-0.720731
0.409387,-0.721212
0.410378,-0.721693
0.41137,-0.722174
0.412361,-0.722655
0.413352,-0.723136
0.414344,-0.723617
0.415335,-0.724098
0.416327,-0.724579
0.417318,-0.72506
0.418309,-0.725541
0.419301,-0.726022
0.420292,-0.726503
0.421283,-0.726984
0.422275,-0.727465
0.423266,-0.727946
0.424258,-0.728427
0.425249,-0.728908
0.42624,-0.729389
0.427232,-0.72987
0.428223,-0.730351
0.429215,-0.730832
0.430206,-0.731313
0.431197,-0.731794
0.432189,-0.732275
0.43318,-0.732756
0.434172,-0.733237
0.435163,-0.733718
0.436154,-0.734199
0.437146,-0.73468
0.438137,-0.735161
0.439128,-0.735642
0.44012,-0.736123
0.441111,-0.736604
0.442103,-0.737085
0.443094,-0.737566
0.444085,-0.738047
0.445077,-0.738528
0.446068,-0.739009
0.44706,-0.73949
0.448051,-0.739971
0.449042,-0.740452
0.450034,-0.740933
0.451025,-0.741414
0.452016,-0.741895
0.453008,-0.742376
0.453999,-0.742857
0.454991,-0.743338
0.455982,-0.743819
0.456973,-0.7443
0.457965,-0.744781
0.458956,-0.745262
0.458568,-0.745044
0.458179,-0.744827
0.457791,-0.74461
0.457402,-0.744393
0.457014,-0.744176
0.456625,-0.743959
0.456237,-0.743741
0.455848,-0.743524
0.455459,-0.743307
0.455071,-0.74309
0.454682,-0.742873
0.454294,-0.742655
0.453905,-0.742438
0.453517,-0.742221
0.453128,-0.742004
0.45274,-0.741787
0.452351,-0.741569
0.451963,-0.741352
0.451574,-0.741135
0.451186,-0.740918
0.450797,-0.740701
0.450409,-0.740483
0.45002,-0.740266
0.449632,-0.740049
0.449243,-0.739832
0.448855,-0.739615
0.448466,-0.739398
0.448078,-0.73918
0.447689,-0.738963
0.447301,-0.738746
0.446912,-0.738529
0.446524,-0.738312
0.446135,-0.738094
0.445746,-0.737877
0.445358,-0.73766
0.444969,-0.737443
0.444581,-0.737226
0.444192,-0.737008
0.443804,-0.736791
0.443415,-0.736574
0.443027,-0.736357
0.442638,-0.73614
0.44225,-0.735922
0.441861,-0.735705
0.441473,-0.735488
0.441084,-0.735271
0.440696,-0.735054
0.440307,-0.734837
0.439919,-0.734619
0.43953,-0.734402
0.439142,-0.734185
0.438753,-0.733968
0.438365,-0.733751
0.437976,-0.733533
0.437588,-0.733316
0.437199,-0.733099
0.436811,-0.732882
0.436422,-0.732665
0.436033,-0.732447
0.435645,-0.73223
0.435256,-0.732013
0.434868,-0.731796
0.434479,-0.731579
0.434091,-0.731361
0.433702,-0.731144
0.433314,-0.730927
0.432925,-0.73071
0.432537,-0.730493
0.432148,-0.730276
0.43176,-0.730058
0.431371,-0.729841
0.430983,-0.729624
0.430594,-0.729407
0.430206,-0.72919
0.429817,-0.728972
0.429429,-0.728755
0.42904,-0.728538
0.428652,-0.728321
0.428263,-0.728104
0.427875,-0.727886
0.427486,-0.727669
0.427098,-0.727452
0.426709,-0.727235
0.42632,-0.727018
0.425932,-0.726801
0.425543,-0.726583
0.425155,-0.726366
0.424766,-0.726149
0.424378,-0.725932
0.423989,-0.725715
0.423601,-0.725497
0.423212,-0.72528
0.422824,-0.725063
0.422435,-0.724846
0.422047,-0.724629
0.421658,-0.724411
0.42127,-0.724194
0.420881,-0.723977
0.420493,-0.72376
0.420104,-0.723543
0.419716,-0.723325
0.419327,-0.723108
0.418939,-0.722891
0.41855,-0.722674
0.418162,-0.722457
0.417773,-0.72224
0.417385,-0.722022
0.416996,-0.721805
0.416607,-0.721588
0.416219,-0.721371
0.41583,-0.721154
0.415442,-0.720936
0.415053,-0.720719
0.414665,-0.720502
0.414276,-0.720285
0.413888,-0.720068
0.413499,-0.71985
0.413111,-0.719633
0.412722,-0.719416
0.412334,-0.719199
0.411945,-0.718982
0.411557,-0.718764
0.411168,-0.718547
0.41078,-0.71833
0.410391,-0.718113
0.410003,-0.717896
0.409614,-0.717679
0.409226,-0.717461
0.408837,-0.717244
0.408449,-0.717027
0.40806,-0.71681
0.407672,-0.716593
0.407283,-0.716375
0.406894,-0.716158
0.406506,-0.715941
0.406117,-0.715724
0.405729,-0.715507
0.40534,-0.715289
0.404952,-0.715072
0.404563,-0.714855
0.404175,-0.714638
0.403786,-0.714421
0.403398,-0.714203
0.403009,-0.713986
0.402621,-0.713769
0.402232,-0.713552
0.401844,-0.713335
0.401455,-0.713118
0.401067,-0.7129
0.401016,-0.714055
0.400965,-0.71521
0.400915,-0.716364
0.400864,-0.717519
0.400814,-0.718673
0.400763,-0.719828
0.400712,-0.720983
0.400662,-0.722137
0.400611,-0.723292
0.400561,-0.724447
0.40051,-0.725601
0.400459,-0.726756
0.400409,-0.72791
0.400358,-0.729065
0.400307,-0.73022
0.400257,-0.731374
0.400206,-0.732529
0.400156,-0.733684
0.400105,-0.734838
0.400054,-0.735993
0.400004,-0.737148
0.399953,-0.738302
0.399902,-0.739457
0.399852,-0.740611
0.399801,-0.741766
0.399751,-0.742921
0.3997,-0.744075
0.399649,-0.74523
0.399599,-0.746385
0.399548,-0.747539
0.399498,-0.748694
0.399447,-0.749848
0.399396,-0.751003
0.399346,-0.752158
0.399295,-0.753312
0.399244,-0.754467
0.399194,-0.755622
0.399143,-0.756776
0.399093,-0.757931
0.399042,-0.759085
0.398991,-0.76024
0.398941,-0.761395
0.39889,-0.762549
0.39884,-0.763704
0.398789,-0.764859
0.398738,-0.766013
0.398688,-0.767168
0.398637,-0.768322
0.398586,-0.769477
0.398536,-0.770632
0.398485,-0.771786
0.398435,-0.772941
0.398384,-0.774096
0.398333,-0.77525
0.398283,-0.776405
0.398232,-0.777559
0.398182,-0.778714
0.398131,-0.779869
0.39808,-0.781023
0.39803,-0.782178
0.397979,-0.783333
0.397928,-0.784487
0.397878,-0.785642
0.397827,-0.786796
0.397777,-0.787951
0.397726,-0.789106
0.397675,-0.79026
0.397625,-0.791415
0.397574,-0.79257
0.397524,-0.793724
0.397473,-0.794879
0.397422,-0.796033
0.397372,-0.797188
0.397321,-0.798343
0.39727,-0.799497
0.39722,-0.800652
0.397169,-0.801807
0.397119,-0.802961
0.397068,-0.804116
0.397017,-0.80527
0.396967,-0.806425
0.396916,-0.80758
0.396865,-0.808734
0.396815,-0.809889
0.396764,-0.811044
0.396714,-0.812198
0.396663,-0.813353
0.396612,-0.814507
0.396562,-0.815662
0.396511,-0.816817
0.396461,-0.817971
0.39641,-0.819126
0.396359,-0.820281
0.396309,-0.821435
0.396258,-0.82259
0.396207,-0.823745
0.396157,-0.824899
0.396106,-0.826054
0.396056,-0.827208
0.396005,-0.828363
0.395954,-0.829518
0.395904,-0.830672
0.395853,-0.831827
0.395803,-0.832982
0.395752,-0.834136
0.395701,-0.835291
0.395651,-0.836445
0.3956,-0.8376
0.395549,-0.838755
0.395499,-0.839909
0.395448,-0.841064
0.395398,-0.842219
0.395347,-0.843373
0.395296,-0.844528
0.395246,-0.845682
0.395195,-0.846837
0.395145,-0.847992
0.395094,-0.849146
0.395043,-0.850301
0.394993,-0.851456
0.394942,-0.85261
0.394891,-0.853765
0.394841,-0.854919
0.39479,-0.856074
0.39474,-0.857229
0.394689,-0.858383
0.394638,-0.859538
0.394588,-0.860693
0.394537,-0.861847
0.394487,-0.863002
0.394436,-0.864156
0.394385,-0.865311
0.394335,-0.866466
0.394284,-0.86762
0.394233,-0.868775
0.394183,-0.86993
0.394132,-0.871084
0.394082,-0.872239
0.394031,-0.873393
0.39398,-0.874548
0.39393,-0.875703
0.393879,-0.876857
0.393828,-0.878012
0.393778,-0.879167
0.393727,-0.880321
0.393677,-0.881476
0.393626,-0.88263
0.393575,-0.883785
0.393525,-0.88494
0.393474,-0.886094
0.395013,-0.885352
0.396552,-0.88461
0.398091,-0.883868
0.39963,-0.883126
0.401169,-0.882383
0.402708,-0.881641
0.404247,-0.880899
0.405786,-0.880157
0.407325,-0.879415
0.408864,-0.878673
0.410403,-0.87793
0.411942,-0.877188
0.413481,-0.876446
0.41502,-0.875704
0.416559,-0.874962
0.418098,-0.87422
0.419637,-0.873477
0.421176,-0.872735
0.422715,-0.871993
0.424254,-0.871251
0.425793,-0.870509
0.427332,-0.869767
0.42887,-0.869024
0.430409,-0.868282
0.431948,-0.86754
0.433487,-0.866798
0.435026,-0.866056
0.436565,-0.865314
0.438104,-0.864571
0.439643,-0.863829
0.441182,-0.863087
0.442721,-0.862345
0.44426,-0.861603
0.445799,-0.860861
0.447338,-0.860118
0.448877,-0.859376
0.450416,-0.858634
0.451955,-0.857892
0.453494,-0.85715
0.455033,-0.856408
0.456572,-0.855665
0.458111,-0.854923
0.45965,-0.854181
0.461189,-0.853439
0.462728,-0.852697
0.464267,-0.851954
0.465806,-0.851212
0.467345,-0.85047
0.468884,-0.849728
0.470423,-0.848986
0.471962,-0.848244
0.473501,-0.847501
0.47504,-0.846759
0.476579,-0.846017
0.478117,-0.845275
0.479656,-0.844533
0.481195,-0.843791
0.482734,-0.843048
0.484273,-0.842306
0.485812,-0.841564
0.487351,-0.840822
0.48889,-0.84008
0.490429,-0.839338
0.491968,-0.838595
0.493507,-0.837853
0.495046,-0.837111
0.496585,-0.836369
0.498124,-0.835627
0.499663,-0.834885
0.501202,-0.834142
0.502741,-0.8334
0.50428,-0.832658
0.505819,-0.831916
0.507358,-0.831174
0.508897,-0.830432
0.510436,-0.829689
0.511975,-0.828947
0.513514,-0.828205
0.515053,-0.827463
0.516592,-0.826721
0.518131,-0.825979
0.51967,-0.825236
0.521209,-0.824494
0.522748,-0.823752
0.524287,-0.82301
0.525826,-0.822268
0.527365,-0.821525
0.528903,-0.820783
0.530442,-0.820041
0.531981,-0.819299
0.53352,-0.818557
0.535059,-0.817815
0.536598,-0.817072
0.538137,-0.81633
0.539676,-0.815588
0.541215,-0.814846
0.542754,-0.814104
0.544293,-0.813362
0.545832,-0.812619
0.547371,-0.811877
0.54891,-0.811135
0.550449,-0.810393
0.551988,-0.809651
0.553527,-0.808909
0.555066,-0.808166
0.556605,-0.807424
0.558144,-0.806682
0.559683,-0.80594
0.561222,-0.805198
0.562761,-0.804456
0.5643,-0.803713
0.565839,-0.802971
0.567378,-0.802229
0.568917,-0.801487
0.570456,-0.800745
0.571995,-0.800003
0.573534,-0.79926
0.575073,-0.798518
0.576612,-0.797776
0.57815,-0.797034
0.579689,-0.796292
0.581228,-0.79555
0.582767,-0.794807
0.584306,-0.794065
0.585845,-0.793323
0.587384,-0.792581
0.588923,-0.791839
0.590462,-0.791096
0.592001,-0.790354
0.59354,-0.789612
0.595079,-0.78887
0.596618,-0.788128
0.598157,-0.787386
0.599696,-0.786643
0.601235,-0.785901
0.602774,-0.785159
0.604313,-0.784417
0.605852,-0.783675
0.607391,-0.782933
0.60893,-0.78219
0.610469,-0.781448
0.612008,-0.780706
0.613547,-0.779964
0.615086,-0.779222
0.616625,-0.77848
0.618164,-0.777737
0.619703,-0.776995
0.621242,-0.776253
0.622781,-0.775511
