O
20
1,0,-1,0.78,-0.5,0.75,0.0,0.0,0.0,0.3,0.4,0.02,0,0.8,False
2,0,-1,1.1,-0.5,0.93,0.0,0.0,0.0,0.02,0.4,0.2,0,0.8,False
3,0,-1,0.78,-0.5,1.11,0.0,0.0,0.0,0.3,0.4,0.02,0,0.8,False
4,0,-1,0.8,-0.92,0.93,0.0,0.0,0.0,0.32,0.02,0.2,0,0.8,False
5,0,-1,0.8,-0.08,0.93,0.0,0.0,0.0,0.32,0.02,0.2,0,0.8,False
6,2,0,1.0028793665285043,-0.49262309863553355,0.8450000000000001,0.0,0.0,0.43164937213825555,0.03,0.03,0.15,0.027023966136365374,0.8465756756622227,False
7,2,0,0.5995047116466532,-0.1694459711383508,0.8450000000000001,0.0,0.0,1.6819003603054183,0.050291810034392634,0.050291810034392634,0.15,0.29046258893014465,1.07336477976505,False
8,2,0,0.8813758280413322,-0.3116033565094841,0.8450000000000001,0.0,0.0,0.9252315590940862,0.049427069743233354,0.049427069743233354,0.15,0.4734448734000996,0.8167746147492825,False
9,0,0,0.6338754399223515,-0.4107151980237681,0.86,0.0,0.0,1.9188373515452437,0.03,0.05091290722610718,0.09,0.10894611226979412,1.0113775786588122,False
10,0,0,0.7416554796311229,-0.5402575318087449,0.8993786584878147,0.0,0.0,5.935448947729521,0.03,0.04416647240139557,0.12937865848781477,0.22465165308776563,0.9755793737847182,False
11,2,1,0.9510111851455587,-0.7054954443789632,0.8450000000000001,0.0,0.0,0.2921596143675203,0.03,0.03,0.15,0.032060464540302536,1.1470309504272103,True
12,2,1,0.5332528036448069,-0.6828408518381539,0.8450000000000001,0.0,0.0,3.394310634184173,0.050706305579026945,0.050706305579026945,0.15,0.05458505540646885,1.1494912580626202,True
13,2,1,0.9777190733559338,-0.8569916782056476,0.8629482404332417,0.0,0.0,6.2225950197314805,0.03,0.03,0.1858964808664833,0.4551759150362441,0.9234487285640889,True
14,0,1,0.9453052719133517,-0.1734152436580968,0.86,0.0,0.0,3.3630781081879926,0.07461721173337509,0.042559191943794435,0.09,0.4631784539278342,0.853342836050863,True
15,2,1,0.7678561657253113,-0.7770825682990855,0.8450000000000001,0.0,0.0,3.5439082241500497,0.03949420525762078,0.03949420525762078,0.15,0.40477152594652493,0.9682027820395602,True
16,0,1,0.852728105091299,-0.565369878061347,0.86,0.0,0.0,3.5494182174368913,0.045278897713667034,0.03907252574300948,0.09,0.43507795405266647,1.1081836514044257,True
17,2,1,0.6390175442281631,-0.5614545986785706,0.8552598622217907,0.0,0.0,0.5098376816076238,0.03,0.03,0.1705197244435814,0.2623625516367702,1.1570521597253938,True
18,2,1,0.6001984612042219,-0.8291605697828814,0.8450000000000001,0.0,0.0,3.279041018416941,0.03,0.03,0.15,0.23130585862963826,1.0217135952957626,True
19,2,1,0.6923954565154471,-0.6578862780666883,0.8450000000000001,0.0,0.0,2.092204735246324,0.032956280914769355,0.032956280914769355,0.15,0.39910334458342184,1.0176417967014428,True
20,0,1,0.7349024395915914,-0.28480776187976764,0.86,0.0,0.0,0.018239325400862698,0.03,0.07628439855263601,0.09,0.1399660490977454,1.1020189868965744,True
R
0.0,0.0,0.0,0.0,0.0,0.0,1.0
S
8
torso_lift_joint,0
r_shoulder_pan_joint,-1.69017
r_shoulder_lift_joint,-0.0788625
r_upper_arm_roll_joint,-1.69017
r_elbow_flex_joint,-1.2717
r_forearm_roll_joint,-0.151824
r_wrist_flex_joint,-1.25254
r_wrist_roll_joint,0.675062
G
0.543713,-0.443427,0.86,0.348041,-0,0
ooi
9
A
599
0.310248,-0.673113
0.311019,-0.672816
0.31179,-0.67252
0.31256,-0.672223
0.313331,-0.671926
0.314102,-0.67163
0.314873,-0.671333
0.315643,-0.671036
0.316414,-0.670739
0.317185,-0.670443
0.317955,-0.670146
0.318726,-0.669849
0.319497,-0.669553
0.320268,-0.669256
0.321038,-0.668959
0.321809,-0.668662
0.32258,-0.668366
0.32335,-0.668069
0.324121,-0.667772
0.324892,-0.667476
0.325663,-0.667179
0.326433,-0.666882
0.327204,-0.666585
0.327975,-0.666289
0.328746,-0.665992
0.329516,-0.665695
0.330287,-0.665399
0.331058,-0.665102
0.331828,-0.664805
0.332599,-0.664508
0.33337,-0.664212
0.334141,-0.663915
0.334911,-0.663618
0.335682,-0.663322
0.336453,-0.663025
0.337223,-0.662728
0.337994,-0.662431
0.338765,-0.662135
0.339536,-0.661838
0.340306,-0.661541
0.341077,-0.661245
0.341848,-0.660948
0.342619,-0.660651
0.343389,-0.660355
0.34416,-0.660058
0.344931,-0.659761
0.345701,-0.659464
0.346472,-0.659168
0.347243,-0.658871
0.348014,-0.658574
0.348784,-0.658278
0.349555,-0.657981
0.350326,-0.657684
0.351096,-0.657387
0.351867,-0.657091
0.352638,-0.656794
0.353409,-0.656497
0.354179,-0.656201
0.35495,-0.655904
0.355721,-0.655607
0.356492,-0.65531
0.357262,-0.655014
0.358033,-0.654717
0.358804,-0.65442
0.359574,-0.654124
0.360345,-0.653827
0.361116,-0.65353
0.361887,-0.653233
0.362657,-0.652937
0.363428,-0.65264
0.364199,-0.652343
0.364969,-0.652047
0.36574,-0.65175
0.366511,-0.651453
0.367282,-0.651156
0.368052,-0.65086
0.368823,-0.650563
0.369594,-0.650266
0.370365,-0.64997
0.371135,-0.649673
0.371906,-0.649376
0.372677,-0.64908
0.373447,-0.648783
0.374218,-0.648486
0.374989,-0.648189
0.37576,-0.647893
0.37653,-0.647596
0.377301,-0.647299
0.378072,-0.647003
0.378843,-0.646706
0.379613,-0.646409
0.380384,-0.646112
0.381155,-0.645816
0.381925,-0.645519
0.382696,-0.645222
0.383467,-0.644926
0.384238,-0.644629
0.385008,-0.644332
0.385779,-0.644035
0.38655,-0.643739
0.38732,-0.643442
0.388091,-0.643145
0.388862,-0.642849
0.389633,-0.642552
0.390403,-0.642255
0.391174,-0.641958
0.391945,-0.641662
0.392716,-0.641365
0.393486,-0.641068
0.394257,-0.640772
0.395028,-0.640475
0.395798,-0.640178
0.396569,-0.639881
0.39734,-0.639585
0.398111,-0.639288
0.398881,-0.638991
0.399652,-0.638695
0.400423,-0.638398
0.401193,-0.638101
0.401964,-0.637805
0.402735,-0.637508
0.403506,-0.637211
0.404276,-0.636914
0.405047,-0.636618
0.405818,-0.636321
0.406589,-0.636024
0.407359,-0.635728
0.40813,-0.635431
0.408901,-0.635134
0.409671,-0.634837
0.410442,-0.634541
0.411213,-0.634244
0.411984,-0.633947
0.412754,-0.633651
0.413525,-0.633354
0.414296,-0.633057
0.415066,-0.63276
0.415837,-0.632464
0.416608,-0.632167
0.417379,-0.63187
0.418149,-0.631574
0.41892,-0.631277
0.419691,-0.63098
0.420462,-0.630683
0.421232,-0.630387
0.422003,-0.63009
0.422774,-0.629793
0.423544,-0.629497
0.424315,-0.6292
0.425086,-0.628903
0.425857,-0.628606
0.425674,-0.627985
0.425491,-0.627364
0.425308,-0.626743
0.425125,-0.626122
0.424942,-0.625501
0.424759,-0.62488
0.424576,-0.624259
0.424393,-0.623638
0.42421,-0.623017
0.424028,-0.622396
0.423845,-0.621775
0.423662,-0.621154
0.423479,-0.620533
0.423296,-0.619912
0.423113,-0.619291
0.42293,-0.61867
0.422747,-0.618049
0.422564,-0.617428
0.422381,-0.616807
0.422199,-0.616186
0.422016,-0.615565
0.421833,-0.614944
0.42165,-0.614323
0.421467,-0.613702
0.421284,-0.613081
0.421101,-0.61246
0.420918,-0.611839
0.420735,-0.611218
0.420552,-0.610597
0.420369,-0.609976
0.420187,-0.609355
0.420004,-0.608734
0.419821,-0.608113
0.419638,-0.607492
0.419455,-0.606871
0.419272,-0.60625
0.419089,-0.605629
0.418906,-0.605008
0.418723,-0.604387
0.41854,-0.603766
0.418358,-0.603145
0.418175,-0.602524
0.417992,-0.601903
0.417809,-0.601282
0.417626,-0.600661
0.417443,-0.60004
0.41726,-0.599419
0.417077,-0.598798
0.416894,-0.598177
0.416711,-0.597556
0.416529,-0.596935
0.416346,-0.596314
0.416163,-0.595693
0.41598,-0.595072
0.415797,-0.594451
0.415614,-0.59383
0.415431,-0.593209
0.415248,-0.592588
0.415065,-0.591967
0.414882,-0.591346
0.4147,-0.590725
0.414517,-0.590104
0.414334,-0.589483
0.414151,-0.588862
0.413968,-0.588241
0.413785,-0.58762
0.413602,-0.586999
0.413419,-0.586378
0.413236,-0.585757
0.413053,-0.585136
0.41287,-0.584515
0.412688,-0.583894
0.412505,-0.583273
0.412322,-0.582652
0.412139,-0.582031
0.411956,-0.58141
0.411773,-0.580789
0.41159,-0.580168
0.411407,-0.579547
0.411224,-0.578926
0.411041,-0.578305
0.410859,-0.577684
0.410676,-0.577063
0.410493,-0.576442
0.41031,-0.575821
0.410127,-0.5752
0.409944,-0.574579
0.409761,-0.573958
0.409578,-0.573337
0.409395,-0.572716
0.409212,-0.572095
0.40903,-0.571474
0.408847,-0.570853
0.408664,-0.570232
0.408481,-0.569611
0.408298,-0.56899
0.408115,-0.568369
0.407932,-0.567748
0.407749,-0.567127
0.407566,-0.566506
0.407383,-0.565885
0.4072,-0.565264
0.407018,-0.564643
0.406835,-0.564022
0.406652,-0.563401
0.406469,-0.56278
0.406286,-0.562159
0.406103,-0.561538
0.40592,-0.560917
0.405737,-0.560296
0.405554,-0.559675
0.405371,-0.559054
0.405189,-0.558433
0.405006,-0.557812
0.404823,-0.557191
0.40464,-0.55657
0.404457,-0.555949
0.404274,-0.555328
0.404091,-0.554707
0.403908,-0.554086
0.403725,-0.553465
0.403542,-0.552844
0.40336,-0.552223
0.403177,-0.551602
0.402994,-0.550981
0.402811,-0.55036
0.402628,-0.549739
0.402445,-0.549118
0.402262,-0.548497
0.402079,-0.547876
0.401896,-0.547255
0.401713,-0.546634
0.40153,-0.546013
0.401348,-0.545392
0.401165,-0.544771
0.400982,-0.54415
0.400799,-0.543529
0.400616,-0.542908
0.400433,-0.542287
0.40025,-0.541666
0.400067,-0.541045
0.399884,-0.540424
0.399701,-0.539803
0.399519,-0.539182
0.399336,-0.538561
0.399153,-0.53794
0.39897,-0.537319
0.398787,-0.536698
0.398604,-0.536077
0.399173,-0.535671
0.399741,-0.535266
0.40031,-0.534861
0.400879,-0.534455
0.401447,-0.53405
0.402016,-0.533644
0.402585,-0.533239
0.403153,-0.532834
0.403722,-0.532428
0.404291,-0.532023
0.404859,-0.531618
0.405428,-0.531212
0.405997,-0.530807
0.406565,-0.530402
0.407134,-0.529996
0.407702,-0.529591
0.408271,-0.529186
0.40884,-0.52878
0.409408,-0.528375
0.409977,-0.52797
0.410546,-0.527564
0.411114,-0.527159
0.411683,-0.526754
0.412252,-0.526348
0.41282,-0.525943
0.413389,-0.525538
0.413958,-0.525132
0.414526,-0.524727
0.415095,-0.524322
0.415664,-0.523916
0.416232,-0.523511
0.416801,-0.523105
0.41737,-0.5227
0.417938,-0.522295
0.418507,-0.521889
0.419076,-0.521484
0.419644,-0.521079
0.420213,-0.520673
0.420781,-0.520268
0.42135,-0.519863
0.421919,-0.519457
0.422487,-0.519052
0.423056,-0.518647
0.423625,-0.518241
0.424193,-0.517836
0.424762,-0.517431
0.425331,-0.517025
0.425899,-0.51662
0.426468,-0.516215
0.427037,-0.515809
0.427605,-0.515404
0.428174,-0.514999
0.428743,-0.514593
0.429311,-0.514188
0.42988,-0.513783
0.430449,-0.513377
0.431017,-0.512972
0.431586,-0.512566
0.432155,-0.512161
0.432723,-0.511756
0.433292,-0.51135
0.43386,-0.510945
0.434429,-0.51054
0.434998,-0.510134
0.435566,-0.509729
0.436135,-0.509324
0.436704,-0.508918
0.437272,-0.508513
0.437841,-0.508108
0.43841,-0.507702
0.438978,-0.507297
0.439547,-0.506892
0.440116,-0.506486
0.440684,-0.506081
0.441253,-0.505676
0.441822,-0.50527
0.44239,-0.504865
0.442959,-0.50446
0.443528,-0.504054
0.444096,-0.503649
0.444665,-0.503244
0.445234,-0.502838
0.445802,-0.502433
0.446371,-0.502027
0.44694,-0.501622
0.447508,-0.501217
0.448077,-0.500811
0.448645,-0.500406
0.449214,-0.500001
0.449783,-0.499595
0.450351,-0.49919
0.45092,-0.498785
0.451489,-0.498379
0.452057,-0.497974
0.452626,-0.497569
0.453195,-0.497163
0.453763,-0.496758
0.454332,-0.496353
0.454901,-0.495947
0.455469,-0.495542
0.456038,-0.495137
0.456607,-0.494731
0.457175,-0.494326
0.457744,-0.493921
0.458313,-0.493515
0.458881,-0.49311
0.45945,-0.492705
0.460019,-0.492299
0.460587,-0.491894
0.461156,-0.491488
0.461724,-0.491083
0.462293,-0.490678
0.462862,-0.490272
0.46343,-0.489867
0.463999,-0.489462
0.464568,-0.489056
0.465136,-0.488651
0.465705,-0.488246
0.466274,-0.48784
0.466842,-0.487435
0.467411,-0.48703
0.46798,-0.486624
0.468548,-0.486219
0.469117,-0.485814
0.469686,-0.485408
0.470254,-0.485003
0.470823,-0.484598
0.471392,-0.484192
0.47196,-0.483787
0.472529,-0.483382
0.473098,-0.482976
0.473666,-0.482571
0.474235,-0.482166
0.474803,-0.48176
0.475372,-0.481355
0.475941,-0.480949
0.476509,-0.480544
0.477078,-0.480139
0.477647,-0.479733
0.478215,-0.479328
0.478784,-0.478923
0.479353,-0.478517
0.479921,-0.478112
0.48049,-0.477707
0.481059,-0.477301
0.481627,-0.476896
0.482196,-0.476491
0.482765,-0.476085
0.483333,-0.47568
0.483902,-0.475275
0.484303,-0.475061
0.484705,-0.474847
0.485106,-0.474633
0.485508,-0.47442
0.485909,-0.474206
0.48631,-0.473992
0.486712,-0.473778
0.487113,-0.473565
0.487515,-0.473351
0.487916,-0.473137
0.488318,-0.472923
0.488719,-0.47271
0.48912,-0.472496
0.489522,-0.472282
0.489923,-0.472069
0.490325,-0.471855
0.490726,-0.471641
0.491127,-0.471427
0.491529,-0.471214
0.49193,-0.471
0.492332,-0.470786
0.492733,-0.470572
0.493135,-0.470359
0.493536,-0.470145
0.493937,-0.469931
0.494339,-0.469717
0.49474,-0.469504
0.495142,-0.46929
0.495543,-0.469076
0.495944,-0.468862
0.496346,-0.468649
0.496747,-0.468435
0.497149,-0.468221
0.49755,-0.468007
0.497952,-0.467794
0.498353,-0.46758
0.498754,-0.467366
0.499156,-0.467152
0.499557,-0.466939
0.499959,-0.466725
0.50036,-0.466511
0.500761,-0.466297
0.501163,-0.466084
0.501564,-0.46587
0.501966,-0.465656
0.502367,-0.465442
0.502769,-0.465229
0.50317,-0.465015
0.503571,-0.464801
0.503973,-0.464588
0.504374,-0.464374
0.504776,-0.46416
0.505177,-0.463946
0.505579,-0.463733
0.50598,-0.463519
0.506381,-0.463305
0.506783,-0.463091
0.507184,-0.462878
0.507586,-0.462664
0.507987,-0.46245
0.508388,-0.462236
0.50879,-0.462023
0.509191,-0.461809
0.509593,-0.461595
0.509994,-0.461381
0.510396,-0.461168
0.510797,-0.460954
0.511198,-0.46074
0.5116,-0.460526
0.512001,-0.460313
0.512403,-0.460099
0.512804,-0.459885
0.513205,-0.459671
0.513607,-0.459458
0.514008,-0.459244
0.51441,-0.45903
0.514811,-0.458816
0.515213,-0.458603
0.515614,-0.458389
0.516015,-0.458175
0.516417,-0.457961
0.516818,-0.457748
0.51722,-0.457534
0.517621,-0.45732
0.518022,-0.457107
0.518424,-0.456893
0.518825,-0.456679
0.519227,-0.456465
0.519628,-0.456252
0.52003,-0.456038
0.520431,-0.455824
0.520832,-0.45561
0.521234,-0.455397
0.521635,-0.455183
0.522037,-0.454969
0.522438,-0.454755
0.522839,-0.454542
0.523241,-0.454328
0.523642,-0.454114
0.524044,-0.4539
0.524445,-0.453687
0.524847,-0.453473
0.525248,-0.453259
0.525649,-0.453045
0.526051,-0.452832
0.526452,-0.452618
0.526854,-0.452404
0.527255,-0.45219
0.527656,-0.451977
0.528058,-0.451763
0.528459,-0.451549
0.528861,-0.451335
0.529262,-0.451122
0.529664,-0.450908
0.530065,-0.450694
0.530466,-0.45048
0.530868,-0.450267
0.531269,-0.450053
0.531671,-0.449839
0.532072,-0.449626
0.532474,-0.449412
0.532875,-0.449198
0.533276,-0.448984
0.533678,-0.448771
0.534079,-0.448557
0.534481,-0.448343
0.534882,-0.448129
0.535283,-0.447916
0.535685,-0.447702
0.536086,-0.447488
0.536488,-0.447274
0.536889,-0.447061
0.537291,-0.446847
0.537692,-0.446633
0.538093,-0.446419
0.538495,-0.446206
0.538896,-0.445992
0.539298,-0.445778
0.539699,-0.445564
0.5401,-0.445351
0.540502,-0.445137
0.540903,-0.444923
0.541305,-0.444709
0.541706,-0.444496
0.542108,-0.444282
0.542509,-0.444068
0.54291,-0.443854
0.543312,-0.443641
0.543713,-0.443427
