O
20
1,0,-1,0.78,-0.5,0.75,0.0,0.0,0.0,0.3,0.4,0.02,0,0.8,False
2,0,-1,1.1,-0.5,0.93,0.0,0.0,0.0,0.02,0.4,0.2,0,0.8,False
3,0,-1,0.78,-0.5,1.11,0.0,0.0,0.0,0.3,0.4,0.02,0,0.8,False
4,0,-1,0.8,-0.92,0.93,0.0,0.0,0.0,0.32,0.02,0.2,0,0.8,False
5,0,-1,0.8,-0.08,0.93,0.0,0.0,0.0,0.32,0.02,0.2,0,0.8,False
6,2,0,1.0187263487933595,-0.6088430405136577,0.8450000000000001,0.0,0.0,1.4722618438419732,0.03,0.03,0.15,0.4213588904537444,0.9374771070885894,False
7,0,0,0.7331192049084427,-0.2839440235475388,0.9223135143236115,0.0,0.0,3.222640053830129,0.07437927067206253,0.03,0.15231351432361148,0.12969974371951465,1.091836788034375,False
8,0,0,0.8875961318587531,-0.3661839763437291,0.86,0.0,0.0,3.478071466268342,0.03,0.03,0.09,0.2686644177698079,1.1951114189646057,False
9,0,0,0.6822699038744858,-0.7527460792972676,0.9087738475256244,0.0,0.0,6.241070779734465,0.03,0.03,0.13877384752562433,0.3135709249166484,0.8021759291518055,False
10,0,0,0.9133677299927394,-0.8298148668366941,0.8711389554706952,0.0,0.0,1.503338301354049,0.042069206801837025,0.03,0.10113895547069521,0.0028697537484382307,0.9734415588120837,False
11,2,1,0.6068428557539384,-0.6036645046392415,0.8450000000000001,0.0,0.0,0.5090083007412155,0.03,0.03,0.15,0.44399769774689546,0.910945544838417,True
12,0,1,0.9857491940119862,-0.4832674493058994,0.9083990363075098,0.0,0.0,2.9900018049063397,0.03,0.06154868880855788,0.1383990363075098,0.17989257552397758,0.8667677475314003,True
13,2,1,0.8242633013000025,-0.586800010857493,0.8468082670999515,0.0,0.0,1.3413137889571092,0.03,0.03,0.15361653419990293,0.36456972868957,0.8030785592043079,True
14,2,1,0.7719809888646046,-0.8424826047985773,0.8450000000000001,0.0,0.0,0.32923416065823846,0.03,0.03,0.15,0.1480174869744615,1.0546980726281223,True
15,0,1,0.7231789469380737,-0.4738663897037049,0.86,0.0,0.0,4.674522024270513,0.0679756504086871,0.03,0.09,0.49814499383024713,0.9773897187220751,True
16,2,1,0.9313937932620755,-0.6749777449576796,0.8450000000000001,0.0,0.0,3.136623297519194,0.03701278221249662,0.03701278221249662,0.15,0.42286567744152015,1.1832265975404264,True
17,0,1,0.5191902675660649,-0.27491419091933134,0.86,0.0,0.0,3.706797901959566,0.03,0.03,0.09,0.06384690737688664,0.9289500537619524,True
18,0,1,0.8401859048438749,-0.7270685592274153,0.8934592348053084,0.0,0.0,4.0880409382371266,0.03,0.03,0.1234592348053084,0.2544471410930736,0.9166986360833195,True
19,2,1,0.7002909959779701,-0.17024804969626162,0.8450000000000001,0.0,0.0,0.20674120391118359,0.03978303705528465,0.03978303705528465,0.15,0.0221248367484424,0.8242937508809257,True
20,0,1,0.5960899779529387,-0.16708052186633615,0.86,0.0,0.0,0.5397637969807685,0.03,0.03256812613427803,0.09,0.10067969816052258,1.041908207106525,True
R
0.0,0.0,0.0,0.0,0.0,0.0,1.0
S
8
torso_lift_joint,0
r_shoulder_pan_joint,-1.69017
r_shoulder_lift_joint,-0.0788625
r_upper_arm_roll_joint,-1.69017
r_elbow_flex_joint,-1.2717
r_forearm_roll_joint,-0.151824
r_wrist_flex_joint,-1.25254
r_wrist_roll_joint,0.675062
G
0.607336,-0.749588,0.908774,3.09948,-3.14159,3.14159
ooi
9
A
599
0.310248,-0.673113
0.310149,-0.672717
0.310049,-0.672321
0.30995,-0.671925
0.309851,-0.671529
0.309751,-0.671133
0.309652,-0.670736
0.309553,-0.67034
0.309453,-0.669944
0.309354,-0.669548
0.309254,-0.669152
0.309155,-0.668756
0.309056,-0.66836
0.308956,-0.667964
0.308857,-0.667568
0.308758,-0.667171
0.308658,-0.666775
0.308559,-0.666379
0.308459,-0.665983
0.30836,-0.665587
0.308261,-0.665191
0.308161,-0.664795
0.308062,-0.664399
0.307962,-0.664003
0.307863,-0.663607
0.307764,-0.66321
0.307664,-0.662814
0.307565,-0.662418
0.307466,-0.662022
0.307366,-0.661626
0.307267,-0.66123
0.307167,-0.660834
0.307068,-0.660438
0.306969,-0.660042
0.306869,-0.659645
0.30677,-0.659249
0.306671,-0.658853
0.306571,-0.658457
0.306472,-0.658061
0.306372,-0.657665
0.306273,-0.657269
0.306174,-0.656873
0.306074,-0.656477
0.305975,-0.656081
0.305876,-0.655684
0.305776,-0.655288
0.305677,-0.654892
0.305577,-0.654496
0.305478,-0.6541
0.305379,-0.653704
0.305279,-0.653308
0.30518,-0.652912
0.305081,-0.652516
0.304981,-0.652119
0.304882,-0.651723
0.304782,-0.651327
0.304683,-0.650931
0.304584,-0.650535
0.304484,-0.650139
0.304385,-0.649743
0.304286,-0.649347
0.304186,-0.648951
0.304087,-0.648555
0.303987,-0.648158
0.303888,-0.647762
0.303789,-0.647366
0.303689,-0.64697
0.30359,-0.646574
0.30349,-0.646178
0.303391,-0.645782
0.303292,-0.645386
0.303192,-0.64499
0.303093,-0.644593
0.302994,-0.644197
0.302894,-0.643801
0.302795,-0.643405
0.302695,-0.643009
0.302596,-0.642613
0.302497,-0.642217
0.302397,-0.641821
0.302298,-0.641425
0.302199,-0.641029
0.302099,-0.640632
0.302,-0.640236
0.3019,-0.63984
0.301801,-0.639444
0.301702,-0.639048
0.301602,-0.638652
0.301503,-0.638256
0.301404,-0.63786
0.301304,-0.637464
0.301205,-0.637067
0.301105,-0.636671
0.301006,-0.636275
0.300907,-0.635879
0.300807,-0.635483
0.300708,-0.635087
0.300609,-0.634691
0.300509,-0.634295
0.30041,-0.633899
0.30031,-0.633503
0.300211,-0.633106
0.300112,-0.63271
0.300012,-0.632314
0.299913,-0.631918
0.299814,-0.631522
0.299714,-0.631126
0.299615,-0.63073
0.299515,-0.630334
0.299416,-0.629938
0.299317,-0.629541
0.299217,-0.629145
0.299118,-0.628749
0.299018,-0.628353
0.298919,-0.627957
0.29882,-0.627561
0.29872,-0.627165
0.298621,-0.626769
0.298522,-0.626373
0.298422,-0.625977
0.298323,-0.62558
0.298223,-0.625184
0.298124,-0.624788
0.298025,-0.624392
0.297925,-0.623996
0.297826,-0.6236
0.297727,-0.623204
0.297627,-0.622808
0.297528,-0.622412
0.297428,-0.622015
0.297329,-0.621619
0.29723,-0.621223
0.29713,-0.620827
0.297031,-0.620431
0.296932,-0.620035
0.296832,-0.619639
0.296733,-0.619243
0.296633,-0.618847
0.296534,-0.618451
0.296435,-0.618054
0.296335,-0.617658
0.296236,-0.617262
0.296137,-0.616866
0.296037,-0.61647
0.295938,-0.616074
0.295838,-0.615678
0.295739,-0.615282
0.29564,-0.614886
0.29554,-0.614489
0.295441,-0.614093
0.295342,-0.613697
0.296718,-0.614346
0.298094,-0.614995
0.299471,-0.615645
0.300847,-0.616294
0.302224,-0.616943
0.3036,-0.617592
0.304977,-0.618241
0.306353,-0.61889
0.30773,-0.619539
0.309106,-0.620188
0.310482,-0.620837
0.311859,-0.621486
0.313235,-0.622135
0.314612,-0.622784
0.315988,-0.623433
0.317365,-0.624083
0.318741,-0.624732
0.320118,-0.625381
0.321494,-0.62603
0.322871,-0.626679
0.324247,-0.627328
0.325623,-0.627977
0.327,-0.628626
0.328376,-0.629275
0.329753,-0.629924
0.331129,-0.630573
0.332506,-0.631222
0.333882,-0.631871
0.335259,-0.632521
0.336635,-0.63317
0.338011,-0.633819
0.339388,-0.634468
0.340764,-0.635117
0.342141,-0.635766
0.343517,-0.636415
0.344894,-0.637064
0.34627,-0.637713
0.347647,-0.638362
0.349023,-0.639011
0.3504,-0.63966
0.351776,-0.640309
0.353152,-0.640959
0.354529,-0.641608
0.355905,-0.642257
0.357282,-0.642906
0.358658,-0.643555
0.360035,-0.644204
0.361411,-0.644853
0.362788,-0.645502
0.364164,-0.646151
0.36554,-0.6468
0.366917,-0.647449
0.368293,-0.648098
0.36967,-0.648747
0.371046,-0.649397
0.372423,-0.650046
0.373799,-0.650695
0.375176,-0.651344
0.376552,-0.651993
0.377929,-0.652642
0.379305,-0.653291
0.380681,-0.65394
0.382058,-0.654589
0.383434,-0.655238
0.384811,-0.655887
0.386187,-0.656536
0.387564,-0.657185
0.38894,-0.657835
0.390317,-0.658484
0.391693,-0.659133
0.393069,-0.659782
0.394446,-0.660431
0.395822,-0.66108
0.397199,-0.661729
0.398575,-0.662378
0.399952,-0.663027
0.401328,-0.663676
0.402705,-0.664325
0.404081,-0.664974
0.405458,-0.665623
0.406834,-0.666273
0.40821,-0.666922
0.409587,-0.667571
0.410963,-0.66822
0.41234,-0.668869
0.413716,-0.669518
0.415093,-0.670167
0.416469,-0.670816
0.417846,-0.671465
0.419222,-0.672114
0.420598,-0.672763
0.421975,-0.673412
0.423351,-0.674061
0.424728,-0.674711
0.426104,-0.67536
0.427481,-0.676009
0.428857,-0.676658
0.430234,-0.677307
0.43161,-0.677956
0.432987,-0.678605
0.434363,-0.679254
0.435739,-0.679903
0.437116,-0.680552
0.438492,-0.681201
0.439869,-0.68185
0.441245,-0.682499
0.442622,-0.683149
0.443998,-0.683798
0.445375,-0.684447
0.446751,-0.685096
0.448127,-0.685745
0.449504,-0.686394
0.45088,-0.687043
0.452257,-0.687692
0.453633,-0.688341
0.45501,-0.68899
0.456386,-0.689639
0.457763,-0.690288
0.459139,-0.690937
0.460516,-0.691587
0.461892,-0.692236
0.463268,-0.692885
0.464645,-0.693534
0.466021,-0.694183
0.467398,-0.694832
0.468774,-0.695481
0.470151,-0.69613
0.471527,-0.696779
0.472904,-0.697428
0.47428,-0.698077
0.475656,-0.698726
0.477033,-0.699375
0.478409,-0.700025
0.479786,-0.700674
0.481162,-0.701323
0.482539,-0.701972
0.483915,-0.702621
0.485292,-0.70327
0.486668,-0.703919
0.488045,-0.704568
0.489421,-0.705217
0.490797,-0.705866
0.492174,-0.706515
0.49355,-0.707164
0.494927,-0.707813
0.496303,-0.708463
0.49768,-0.709112
0.499056,-0.709761
0.500433,-0.71041
0.500236,-0.710843
0.500039,-0.711276
0.499842,-0.711708
0.499645,-0.712141
0.499448,-0.712574
0.499252,-0.713007
0.499055,-0.71344
0.498858,-0.713873
0.498661,-0.714306
0.498464,-0.714739
0.498267,-0.715172
0.498071,-0.715604
0.497874,-0.716037
0.497677,-0.71647
0.49748,-0.716903
0.497283,-0.717336
0.497086,-0.717769
0.49689,-0.718202
0.496693,-0.718635
0.496496,-0.719068
0.496299,-0.7195
0.496102,-0.719933
0.495905,-0.720366
0.495709,-0.720799
0.495512,-0.721232
0.495315,-0.721665
0.495118,-0.722098
0.494921,-0.722531
0.494724,-0.722964
0.494528,-0.723396
0.494331,-0.723829
0.494134,-0.724262
0.493937,-0.724695
0.49374,-0.725128
0.493543,-0.725561
0.493346,-0.725994
0.49315,-0.726427
0.492953,-0.72686
0.492756,-0.727292
0.492559,-0.727725
0.492362,-0.728158
0.492165,-0.728591
0.491969,-0.729024
0.491772,-0.729457
0.491575,-0.72989
0.491378,-0.730323
0.491181,-0.730756
0.490984,-0.731188
0.490788,-0.731621
0.490591,-0.732054
0.490394,-0.732487
0.490197,-0.73292
0.49,-0.733353
0.489803,-0.733786
0.489607,-0.734219
0.48941,-0.734652
0.489213,-0.735084
0.489016,-0.735517
0.488819,-0.73595
0.488622,-0.736383
0.488426,-0.736816
0.488229,-0.737249
0.488032,-0.737682
0.487835,-0.738115
0.487638,-0.738548
0.487441,-0.73898
0.487245,-0.739413
0.487048,-0.739846
0.486851,-0.740279
0.486654,-0.740712
0.486457,-0.741145
0.48626,-0.741578
0.486064,-0.742011
0.485867,-0.742444
0.48567,-0.742876
0.485473,-0.743309
0.485276,-0.743742
0.485079,-0.744175
0.484883,-0.744608
0.484686,-0.745041
0.484489,-0.745474
0.484292,-0.745907
0.484095,-0.74634
0.483898,-0.746772
0.483702,-0.747205
0.483505,-0.747638
0.483308,-0.748071
0.483111,-0.748504
0.482914,-0.748937
0.482717,-0.74937
0.482521,-0.749803
0.482324,-0.750236
0.482127,-0.750668
0.48193,-0.751101
0.481733,-0.751534
0.481536,-0.751967
0.48134,-0.7524
0.481143,-0.752833
0.480946,-0.753266
0.480749,-0.753699
0.480552,-0.754132
0.480355,-0.754564
0.480159,-0.754997
0.479962,-0.75543
0.479765,-0.755863
0.479568,-0.756296
0.479371,-0.756729
0.479174,-0.757162
0.478978,-0.757595
0.478781,-0.758028
0.478584,-0.75846
0.478387,-0.758893
0.47819,-0.759326
0.477993,-0.759759
0.477797,-0.760192
0.4776,-0.760625
0.477403,-0.761058
0.477206,-0.761491
0.477009,-0.761924
0.476812,-0.762356
0.476616,-0.762789
0.476419,-0.763222
0.476222,-0.763655
0.476025,-0.764088
0.475828,-0.764521
0.475631,-0.764954
0.475435,-0.765387
0.475238,-0.76582
0.475041,-0.766252
0.474844,-0.766685
0.474647,-0.767118
0.47445,-0.767551
0.474253,-0.767984
0.474057,-0.768417
0.47386,-0.76885
0.473663,-0.769283
0.473466,-0.769716
0.473269,-0.770148
0.473072,-0.770581
0.472876,-0.771014
0.472679,-0.771447
0.472482,-0.77188
0.472285,-0.772313
0.472088,-0.772746
0.471891,-0.773179
0.471695,-0.773612
0.471498,-0.774044
0.471301,-0.774477
0.471104,-0.77491
0.470907,-0.775343
0.471823,-0.77517
0.472739,-0.774997
0.473654,-0.774825
0.47457,-0.774652
0.475485,-0.774479
0.476401,-0.774306
0.477317,-0.774133
0.478232,-0.77396
0.479148,-0.773788
0.480064,-0.773615
0.480979,-0.773442
0.481895,-0.773269
0.482811,-0.773096
0.483726,-0.772923
0.484642,-0.77275
0.485557,-0.772578
0.486473,-0.772405
0.487389,-0.772232
0.488304,-0.772059
0.48922,-0.771886
0.490136,-0.771713
0.491051,-0.77154
0.491967,-0.771368
0.492882,-0.771195
0.493798,-0.771022
0.494714,-0.770849
0.495629,-0.770676
0.496545,-0.770503
0.497461,-0.77033
0.498376,-0.770158
0.499292,-0.769985
0.500208,-0.769812
0.501123,-0.769639
0.502039,-0.769466
0.502954,-0.769293
0.50387,-0.769121
0.504786,-0.768948
0.505701,-0.768775
0.506617,-0.768602
0.507533,-0.768429
0.508448,-0.768256
0.509364,-0.768083
0.510279,-0.767911
0.511195,-0.767738
0.512111,-0.767565
0.513026,-0.767392
0.513942,-0.767219
0.514858,-0.767046
0.515773,-0.766873
0.516689,-0.766701
0.517605,-0.766528
0.51852,-0.766355
0.519436,-0.766182
0.520351,-0.766009
0.521267,-0.765836
0.522183,-0.765664
0.523098,-0.765491
0.524014,-0.765318
0.52493,-0.765145
0.525845,-0.764972
0.526761,-0.764799
0.527676,-0.764626
0.528592,-0.764454
0.529508,-0.764281
0.530423,-0.764108
0.531339,-0.763935
0.532255,-0.763762
0.53317,-0.763589
0.534086,-0.763416
0.535002,-0.763244
0.535917,-0.763071
0.536833,-0.762898
0.537748,-0.762725
0.538664,-0.762552
0.53958,-0.762379
0.540495,-0.762207
0.541411,-0.762034
0.542327,-0.761861
0.543242,-0.761688
0.544158,-0.761515
0.545073,-0.761342
0.545989,-0.761169
0.546905,-0.760997
0.54782,-0.760824
0.548736,-0.760651
0.549652,-0.760478
0.550567,-0.760305
0.551483,-0.760132
0.552399,-0.759959
0.553314,-0.759787
0.55423,-0.759614
0.555145,-0.759441
0.556061,-0.759268
0.556977,-0.759095
0.557892,-0.758922
0.558808,-0.75875
0.559724,-0.758577
0.560639,-0.758404
0.561555,-0.758231
0.56247,-0.758058
0.563386,-0.757885
0.564302,-0.757712
0.565217,-0.75754
0.566133,-0.757367
0.567049,-0.757194
0.567964,-0.757021
0.56888,-0.756848
0.569796,-0.756675
0.570711,-0.756502
0.571627,-0.75633
0.572542,-0.756157
0.573458,-0.755984
0.574374,-0.755811
0.575289,-0.755638
0.576205,-0.755465
0.577121,-0.755292
0.578036,-0.75512
0.578952,-0.754947
0.579867,-0.754774
0.580783,-0.754601
0.581699,-0.754428
0.582614,-0.754255
0.58353,-0.754083
0.584446,-0.75391
0.585361,-0.753737
0.586277,-0.753564
0.587193,-0.753391
0.588108,-0.753218
0.589024,-0.753045
0.589939,-0.752873
0.590855,-0.7527
0.591771,-0.752527
0.592686,-0.752354
0.593602,-0.752181
0.594518,-0.752008
0.595433,-0.751835
0.596349,-0.751663
0.597264,-0.75149
0.59818,-0.751317
0.599096,-0.751144
0.600011,-0.750971
0.600927,-0.750798
0.601843,-0.750626
0.602758,-0.750453
0.603674,-0.75028
0.60459,-0.750107
0.605505,-0.749934
0.606421,-0.749761
0.607336,-0.749588
