O
20
1,0,-1,0.78,-0.5,0.75,0.0,0.0,0.0,0.3,0.4,0.02,0,0.8,False
2,0,-1,1.1,-0.5,0.93,0.0,0.0,0.0,0.02,0.4,0.2,0,0.8,False
3,0,-1,0.78,-0.5,1.11,0.0,0.0,0.0,0.3,0.4,0.02,0,0.8,False
4,0,-1,0.8,-0.92,0.93,0.0,0.0,0.0,0.32,0.02,0.2,0,0.8,False
5,0,-1,0.8,-0.08,0.93,0.0,0.0,0.0,0.32,0.02,0.2,0,0.8,False
6,2,0,0.7262552907587665,-0.1759917397200793,0.85106301747392,0.0,0.0,2.2025736512704595,0.03,0.03,0.16212603494783995,0.4616037868078744,1.1100262480128102,False
7,2,0,0.6795518630388105,-0.500421114232384,0.8450000000000001,0.0,0.0,4.769350499664065,0.06571053812386424,0.06571053812386424,0.15,0.042570155988829406,1.0184588285554037,False
8,0,0,0.842897594435874,-0.7601548097593458,0.86,0.0,0.0,2.6033309170306502,0.05097912100853324,0.05250329602885936,0.09,0.44272179131969036,0.8099959782640599,False
9,2,0,0.5221004313210904,-0.27924265042957963,0.8450000000000001,0.0,0.0,1.5077038692693587,0.03,0.03,0.15,0.37179127585601907,1.0407996439392058,False
10,0,0,0.6274107150322968,-0.7951051832455484,0.8962664740413216,0.0,0.0,4.6437954456280535,0.03,0.03605508895744286,0.1262664740413216,0.4248805842235361,0.9798718287399428,False
11,2,1,0.7779459986022774,-0.36106938629483964,0.8636639341172866,0.0,0.0,0.2514967163156691,0.03,0.03,0.18732786823457315,0.10453090417398914,0.9222826756919409,True
12,0,1,0.9610232750726513,-0.2471578068128205,0.86,0.0,0.0,4.043448043441687,0.07577929003657452,0.07636806382143081,0.09,0.2905421876338226,0.8522908775687519,True
13,2,1,0.6849213287464796,-0.7050924022006264,0.8450000000000001,0.0,0.0,2.32129309645613,0.03,0.03,0.15,0.1653428345629015,0.9721630213647798,True
14,2,1,0.906757421969594,-0.46446721977195843,0.8450000000000001,0.0,0.0,0.8198802939140688,0.03,0.03,0.15,0.4311685507412478,0.8247167035784799,True
15,0,1,0.666551649128561,-0.29452197942439606,0.86,0.0,0.0,1.503547165546523,0.03945066454565248,0.04666023207455587,0.09,0.18252311353821027,1.170074438992934,True
16,2,1,0.5195507810150108,-0.49323893238705363,0.8450000000000001,0.0,0.0,3.7568999242043515,0.03,0.03,0.15,0.04024349964262042,1.1250422275655187,True
17,2,1,1.018694098599517,-0.7633787777767721,0.8450000000000001,0.0,0.0,0.8883353088125763,0.03642816151601614,0.03642816151601614,0.15,0.14734994136158536,0.8166984530076552,True
18,2,1,0.5162956597246645,-0.3702949096037809,0.8544498209554618,0.0,0.0,1.4702920593002788,0.03384732070858292,0.03384732070858292,0.16889964191092355,0.08890122284330904,1.005728362258224,True
19,2,1,0.9417949552432081,-0.6168943372815172,0.8450000000000001,0.0,0.0,5.553123781659855,0.03,0.03,0.15,0.016551630468517042,0.9390010055041718,True
20,2,1,0.5560269448352954,-0.6067654350727049,0.8450000000000001,0.0,0.0,1.4219306652542305,0.03,0.03,0.15,0.4820158295273101,0.9686090085069825,True
R
0.0,0.0,0.0,0.0,0.0,0.0,1.0
S
8
torso_lift_joint,0
r_shoulder_pan_joint,-1.69017
r_shoulder_lift_joint,-0.0788625
r_upper_arm_roll_joint,-1.69017
r_elbow_flex_joint,-1.2717
r_forearm_roll_joint,-0.151824
r_wrist_flex_joint,-1.25254
r_wrist_roll_joint,0.675062
G
0.546546,-0.78955,0.896266,3.073,-3.14159,3.14159
ooi
10
A
599
0.310248,-0.673113
0.310511,-0.672534
0.310773,-0.671954
0.311036,-0.671375
0.311299,-0.670796
0.311561,-0.670216
0.311824,-0.669637
0.312086,-0.669057
0.312349,-0.668478
0.312612,-0.667899
0.312874,-0.667319
0.313137,-0.66674
0.313399,-0.66616
0.313662,-0.665581
0.313924,-0.665002
0.314187,-0.664422
0.31445,-0.663843
0.314712,-0.663263
0.314975,-0.662684
0.315237,-0.662105
0.3155,-0.661525
0.315763,-0.660946
0.316025,-0.660366
0.316288,-0.659787
0.31655,-0.659208
0.316813,-0.658628
0.317076,-0.658049
0.317338,-0.65747
0.317601,-0.65689
0.317863,-0.656311
0.318126,-0.655731
0.318389,-0.655152
0.318651,-0.654573
0.318914,-0.653993
0.319176,-0.653414
0.319439,-0.652834
0.319702,-0.652255
0.319964,-0.651676
0.320227,-0.651096
0.320489,-0.650517
0.320752,-0.649937
0.321015,-0.649358
0.321277,-0.648779
0.32154,-0.648199
0.321802,-0.64762
0.322065,-0.647041
0.322328,-0.646461
0.32259,-0.645882
0.322853,-0.645302
0.323115,-0.644723
0.323378,-0.644144
0.32364,-0.643564
0.323903,-0.642985
0.324166,-0.642405
0.324428,-0.641826
0.324691,-0.641247
0.324953,-0.640667
0.325216,-0.640088
0.325479,-0.639508
0.325741,-0.638929
0.326004,-0.63835
0.326266,-0.63777
0.326529,-0.637191
0.326792,-0.636612
0.327054,-0.636032
0.327317,-0.635453
0.327579,-0.634873
0.327842,-0.634294
0.328105,-0.633715
0.328367,-0.633135
0.32863,-0.632556
0.328892,-0.631976
0.329155,-0.631397
0.329418,-0.630818
0.32968,-0.630238
0.329943,-0.629659
0.330205,-0.629079
0.330468,-0.6285
0.330731,-0.627921
0.330993,-0.627341
0.331256,-0.626762
0.331518,-0.626182
0.331781,-0.625603
0.332044,-0.625024
0.332306,-0.624444
0.332569,-0.623865
0.332831,-0.623286
0.333094,-0.622706
0.333356,-0.622127
0.333619,-0.621547
0.333882,-0.620968
0.334144,-0.620389
0.334407,-0.619809
0.334669,-0.61923
0.334932,-0.61865
0.335195,-0.618071
0.335457,-0.617492
0.33572,-0.616912
0.335982,-0.616333
0.336245,-0.615753
0.336508,-0.615174
0.33677,-0.614595
0.337033,-0.614015
0.337295,-0.613436
0.337558,-0.612857
0.337821,-0.612277
0.338083,-0.611698
0.338346,-0.611118
0.338608,-0.610539
0.338871,-0.60996
0.339134,-0.60938
0.339396,-0.608801
0.339659,-0.608221
0.339921,-0.607642
0.340184,-0.607063
0.340447,-0.606483
0.340709,-0.605904
0.340972,-0.605324
0.341234,-0.604745
0.341497,-0.604166
0.341759,-0.603586
0.342022,-0.603007
0.342285,-0.602428
0.342547,-0.601848
0.34281,-0.601269
0.343072,-0.600689
0.343335,-0.60011
0.343598,-0.599531
0.34386,-0.598951
0.344123,-0.598372
0.344385,-0.597792
0.344648,-0.597213
0.344911,-0.596634
0.345173,-0.596054
0.345436,-0.595475
0.345698,-0.594895
0.345961,-0.594316
0.346224,-0.593737
0.346486,-0.593157
0.346749,-0.592578
0.347011,-0.591998
0.347274,-0.591419
0.347537,-0.59084
0.347799,-0.59026
0.348062,-0.589681
0.348324,-0.589102
0.348587,-0.588522
0.34885,-0.587943
0.349112,-0.587363
0.349375,-0.586784
0.349637,-0.586205
0.350592,-0.585815
0.351546,-0.585425
0.352501,-0.585035
0.353455,-0.584645
0.35441,-0.584255
0.355364,-0.583865
0.356319,-0.583475
0.357273,-0.583085
0.358227,-0.582695
0.359182,-0.582305
0.360136,-0.581915
0.361091,-0.581525
0.362045,-0.581135
0.363,-0.580745
0.363954,-0.580356
0.364909,-0.579966
0.365863,-0.579576
0.366818,-0.579186
0.367772,-0.578796
0.368726,-0.578406
0.369681,-0.578016
0.370635,-0.577626
0.37159,-0.577236
0.372544,-0.576846
0.373499,-0.576456
0.374453,-0.576066
0.375408,-0.575676
0.376362,-0.575286
0.377317,-0.574896
0.378271,-0.574507
0.379226,-0.574117
0.38018,-0.573727
0.381134,-0.573337
0.382089,-0.572947
0.383043,-0.572557
0.383998,-0.572167
0.384952,-0.571777
0.385907,-0.571387
0.386861,-0.570997
0.387816,-0.570607
0.38877,-0.570217
0.389725,-0.569827
0.390679,-0.569437
0.391633,-0.569047
0.392588,-0.568657
0.393542,-0.568268
0.394497,-0.567878
0.395451,-0.567488
0.396406,-0.567098
0.39736,-0.566708
0.398315,-0.566318
0.399269,-0.565928
0.400224,-0.565538
0.401178,-0.565148
0.402133,-0.564758
0.403087,-0.564368
0.404041,-0.563978
0.404996,-0.563588
0.40595,-0.563198
0.406905,-0.562808
0.407859,-0.562419
0.408814,-0.562029
0.409768,-0.561639
0.410723,-0.561249
0.411677,-0.560859
0.412632,-0.560469
0.413586,-0.560079
0.41454,-0.559689
0.415495,-0.559299
0.416449,-0.558909
0.417404,-0.558519
0.418358,-0.558129
0.419313,-0.557739
0.420267,-0.557349
0.421222,-0.556959
0.422176,-0.55657
0.423131,-0.55618
0.424085,-0.55579
0.42504,-0.5554
0.425994,-0.55501
0.426948,-0.55462
0.427903,-0.55423
0.428857,-0.55384
0.429812,-0.55345
0.430766,-0.55306
0.431721,-0.55267
0.432675,-0.55228
0.43363,-0.55189
0.434584,-0.5515
0.435539,-0.55111
0.436493,-0.55072
0.437447,-0.550331
0.438402,-0.549941
0.439356,-0.549551
0.440311,-0.549161
0.441265,-0.548771
0.44222,-0.548381
0.443174,-0.547991
0.444129,-0.547601
0.445083,-0.547211
0.446038,-0.546821
0.446992,-0.546431
0.447947,-0.546041
0.448901,-0.545651
0.449855,-0.545261
0.45081,-0.544871
0.451764,-0.544482
0.452719,-0.544092
0.453673,-0.543702
0.454628,-0.543312
0.455582,-0.542922
0.456537,-0.542532
0.457491,-0.542142
0.458446,-0.541752
0.4594,-0.541362
0.460355,-0.540972
0.461309,-0.540582
0.462263,-0.540192
0.463218,-0.539802
0.464172,-0.539412
0.465127,-0.539022
0.466081,-0.538632
0.467036,-0.538243
0.46799,-0.537853
0.468945,-0.537463
0.469899,-0.537073
0.470854,-0.536683
0.471808,-0.536293
0.472762,-0.535903
0.473717,-0.535513
0.474671,-0.535123
0.475626,-0.534733
0.47658,-0.534343
0.477535,-0.533953
0.478489,-0.533563
0.479444,-0.533173
0.480398,-0.532783
0.481353,-0.532394
0.482307,-0.532004
0.483262,-0.531614
0.484216,-0.531224
0.48517,-0.530834
0.486125,-0.530444
0.487079,-0.530054
0.488034,-0.529664
0.488988,-0.529274
0.489943,-0.528884
0.490897,-0.528494
0.491852,-0.528104
0.490984,-0.529323
0.490117,-0.530541
0.489249,-0.53176
0.488382,-0.532978
0.487515,-0.534196
0.486647,-0.535415
0.48578,-0.536633
0.484913,-0.537852
0.484045,-0.53907
0.483178,-0.540289
0.48231,-0.541507
0.481443,-0.542726
0.480576,-0.543944
0.479708,-0.545162
0.478841,-0.546381
0.477974,-0.547599
0.477106,-0.548818
0.476239,-0.550036
0.475371,-0.551255
0.474504,-0.552473
0.473637,-0.553692
0.472769,-0.55491
0.471902,-0.556128
0.471034,-0.557347
0.470167,-0.558565
0.4693,-0.559784
0.468432,-0.561002
0.467565,-0.562221
0.466698,-0.563439
0.46583,-0.564658
0.464963,-0.565876
0.464095,-0.567094
0.463228,-0.568313
0.462361,-0.569531
0.461493,-0.57075
0.460626,-0.571968
0.459759,-0.573187
0.458891,-0.574405
0.458024,-0.575624
0.457156,-0.576842
0.456289,-0.57806
0.455422,-0.579279
0.454554,-0.580497
0.453687,-0.581716
0.452819,-0.582934
0.451952,-0.584153
0.451085,-0.585371
0.450217,-0.58659
0.44935,-0.587808
0.448483,-0.589026
0.447615,-0.590245
0.446748,-0.591463
0.44588,-0.592682
0.445013,-0.5939
0.444146,-0.595119
0.443278,-0.596337
0.442411,-0.597556
0.441544,-0.598774
0.440676,-0.599993
0.439809,-0.601211
0.438941,-0.602429
0.438074,-0.603648
0.437207,-0.604866
0.436339,-0.606085
0.435472,-0.607303
0.434604,-0.608522
0.433737,-0.60974
0.43287,-0.610959
0.432002,-0.612177
0.431135,-0.613395
0.430268,-0.614614
0.4294,-0.615832
0.428533,-0.617051
0.427665,-0.618269
0.426798,-0.619488
0.425931,-0.620706
0.425063,-0.621925
0.424196,-0.623143
0.423329,-0.624361
0.422461,-0.62558
0.421594,-0.626798
0.420726,-0.628017
0.419859,-0.629235
0.418992,-0.630454
0.418124,-0.631672
0.417257,-0.632891
0.416389,-0.634109
0.415522,-0.635327
0.414655,-0.636546
0.413787,-0.637764
0.41292,-0.638983
0.412053,-0.640201
0.411185,-0.64142
0.410318,-0.642638
0.40945,-0.643857
0.408583,-0.645075
0.407716,-0.646293
0.406848,-0.647512
0.405981,-0.64873
0.405113,-0.649949
0.404246,-0.651167
0.403379,-0.652386
0.402511,-0.653604
0.401644,-0.654823
0.400777,-0.656041
0.399909,-0.657259
0.399042,-0.658478
0.398174,-0.659696
0.397307,-0.660915
0.39644,-0.662133
0.395572,-0.663352
0.394705,-0.66457
0.393838,-0.665789
0.39297,-0.667007
0.392103,-0.668225
0.391235,-0.669444
0.390368,-0.670662
0.389501,-0.671881
0.388633,-0.673099
0.387766,-0.674318
0.386898,-0.675536
0.386031,-0.676755
0.385164,-0.677973
0.384296,-0.679191
0.383429,-0.68041
0.382562,-0.681628
0.381694,-0.682847
0.380827,-0.684065
0.379959,-0.685284
0.379092,-0.686502
0.378225,-0.687721
0.377357,-0.688939
0.37649,-0.690157
0.375623,-0.691376
0.374755,-0.692594
0.373888,-0.693813
0.37302,-0.695031
0.372153,-0.69625
0.371286,-0.697468
0.370418,-0.698687
0.369551,-0.699905
0.368683,-0.701123
0.367816,-0.702342
0.366949,-0.70356
0.366081,-0.704779
0.365214,-0.705997
0.364347,-0.707216
0.363479,-0.708434
0.362612,-0.709653
0.361744,-0.710871
0.362985,-0.711399
0.364225,-0.711927
0.365465,-0.712455
0.366706,-0.712983
0.367946,-0.713511
0.369186,-0.714039
0.370426,-0.714567
0.371667,-0.715095
0.372907,-0.715623
0.374147,-0.716151
0.375388,-0.71668
0.376628,-0.717208
0.377868,-0.717736
0.379108,-0.718264
0.380349,-0.718792
0.381589,-0.71932
0.382829,-0.719848
0.384069,-0.720376
0.38531,-0.720904
0.38655,-0.721432
0.38779,-0.72196
0.389031,-0.722488
0.390271,-0.723016
0.391511,-0.723544
0.392751,-0.724072
0.393992,-0.7246
0.395232,-0.725128
0.396472,-0.725656
0.397713,-0.726184
0.398953,-0.726712
0.400193,-0.72724
0.401433,-0.727768
0.402674,-0.728297
0.403914,-0.728825
0.405154,-0.729353
0.406395,-0.729881
0.407635,-0.730409
0.408875,-0.730937
0.410115,-0.731465
0.411356,-0.731993
0.412596,-0.732521
0.413836,-0.733049
0.415076,-0.733577
0.416317,-0.734105
0.417557,-0.734633
0.418797,-0.735161
0.420038,-0.735689
0.421278,-0.736217
0.422518,-0.736745
0.423758,-0.737273
0.424999,-0.737801
0.426239,-0.738329
0.427479,-0.738857
0.42872,-0.739385
0.42996,-0.739913
0.4312,-0.740442
0.43244,-0.74097
0.433681,-0.741498
0.434921,-0.742026
0.436161,-0.742554
0.437402,-0.743082
0.438642,-0.74361
0.439882,-0.744138
0.441122,-0.744666
0.442363,-0.745194
0.443603,-0.745722
0.444843,-0.74625
0.446084,-0.746778
0.447324,-0.747306
0.448564,-0.747834
0.449804,-0.748362
0.451045,-0.74889
0.452285,-0.749418
0.453525,-0.749946
0.454765,-0.750474
0.456006,-0.751002
0.457246,-0.75153
0.458486,-0.752059
0.459727,-0.752587
0.460967,-0.753115
0.462207,-0.753643
0.463447,-0.754171
0.464688,-0.754699
0.465928,-0.755227
0.467168,-0.755755
0.468409,-0.756283
0.469649,-0.756811
0.470889,-0.757339
0.472129,-0.757867
0.47337,-0.758395
0.47461,-0.758923
0.47585,-0.759451
0.477091,-0.759979
0.478331,-0.760507
0.479571,-0.761035
0.480811,-0.761563
0.482052,-0.762091
0.483292,-0.762619
0.484532,-0.763147
0.485772,-0.763675
0.487013,-0.764204
0.488253,-0.764732
0.489493,-0.76526
0.490734,-0.765788
0.491974,-0.766316
0.493214,-0.766844
0.494454,-0.767372
0.495695,-0.7679
0.496935,-0.768428
0.498175,-0.768956
0.499416,-0.769484
0.500656,-0.770012
0.501896,-0.77054
0.503136,-0.771068
0.504377,-0.771596
0.505617,-0.772124
0.506857,-0.772652
0.508098,-0.77318
0.509338,-0.773708
0.510578,-0.774236
0.511818,-0.774764
0.513059,-0.775292
0.514299,-0.775821
0.515539,-0.776349
0.51678,-0.776877
0.51802,-0.777405
0.51926,-0.777933
0.5205,-0.778461
0.521741,-0.778989
0.522981,-0.779517
0.524221,-0.780045
0.525461,-0.780573
0.526702,-0.781101
0.527942,-0.781629
0.529182,-0.782157
0.530423,-0.782685
0.531663,-0.783213
0.532903,-0.783741
0.534143,-0.784269
0.535384,-0.784797
0.536624,-0.785325
0.537864,-0.785853
0.539105,-0.786381
0.540345,-0.786909
0.541585,-0.787438
0.542825,-0.787966
0.544066,-0.788494
0.545306,-0.789022
0.546546,-0.78955
