O
20
1,0,-1,0.78,-0.5,0.75,0.0,0.0,0.0,0.3,0.4,0.02,0,0.8,False
2,0,-1,1.1,-0.5,0.93,0.0,0.0,0.0,0.02,0.4,0.2,0,0.8,False
3,0,-1,0.78,-0.5,1.11,0.0,0.0,0.0,0.3,0.4,0.02,0,0.8,False
4,0,-1,0.8,-0.92,0.93,0.0,0.0,0.0,0.32,0.02,0.2,0,0.8,False
5,0,-1,0.8,-0.08,0.93,0.0,0.0,0.0,0.32,0.02,0.2,0,0.8,False
6,2,0,0.6476270671371385,-0.5041541784135644,0.8450000000000001,0.0,0.0,0.6778431206796423,0.04365852613273034,0.04365852613273034,0.15,0.13340036469972955,1.0440909644279193,False
7,2,0,0.6287957284735458,-0.758945568146363,0.8450000000000001,0.0,0.0,4.2248639370451215,0.053584766612107204,0.053584766612107204,0.15,0.2515975778031651,0.8541476187062804,False
8,0,0,0.7565604972919205,-0.35129550140988264,0.86,0.0,0.0,2.446853660946356,0.03,0.03157086502652101,0.09,0.2825466124366529,1.1169592085205318,False
9,2,0,0.9821271625255537,-0.8109863527252612,0.8450000000000001,0.0,0.0,4.758246690605652,0.05702924558283389,0.05702924558283389,0.15,0.29949483889294953,1.1157238603565809,False
10,0,0,0.539112031457352,-0.2181256484879187,0.8754532164240912,0.0,0.0,1.3143459393156127,0.03,0.06799213193055344,0.10545321642409125,0.20065217394315127,1.1359008554014207,False
11,2,1,0.6792280579178614,-0.6433385171826532,0.8450000000000001,0.0,0.0,1.5197082919213947,0.03,0.03,0.15,0.20641355089423175,1.0380262684257704,True
12,0,1,0.9003631128294559,-0.19595312706175705,0.86,0.0,0.0,3.120506327448462,0.06533286781420163,0.03588197516215141,0.09,0.19136205173184545,1.072610317750612,True
13,2,1,0.9602991126945868,-0.5080973811567883,0.8450000000000001,0.0,0.0,4.759410054004321,0.0538763148116832,0.0538763148116832,0.15,0.19058050900805756,0.8804512940349876,True
14,2,1,0.8694897910809178,-0.721953733403002,0.850672798454956,0.0,0.0,0.4088656911437798,0.03,0.03,0.16134559690991213,0.22110357111438422,1.1970340455096864,True
15,2,1,0.8235173458530718,-0.6038727137295385,0.8579509073399274,0.0,0.0,3.9486762521448844,0.03,0.03,0.17590181467985483,0.14142530546724513,1.088058942791501,True
16,2,1,0.7705868499320562,-0.20239484780944128,0.8450000000000001,0.0,0.0,2.4278150905794487,0.03,0.03,0.15,0.12372001365928936,1.0040541366376803,True
17,0,1,1.025813425869829,-0.2408456242950069,0.86,0.0,0.0,0.5379750222674387,0.03,0.03,0.09,0.03828480866270001,0.8473523250697232,True
18,0,1,0.9825076556824529,-0.3780284312105606,0.86,0.0,0.0,5.995613709246689,0.03,0.03,0.09,0.22011538250064266,1.1969959393892573,True
19,2,1,0.7936461068782663,-0.45012733754345313,0.8450000000000001,0.0,0.0,5.73673950006134,0.03,0.03,0.15,0.0988415914458502,1.0302608544810996,True
20,2,1,0.5214239028064246,-0.40485626018107335,0.8450000000000001,0.0,0.0,2.939948148721113,0.03,0.03,0.15,0.38259847602491104,0.9283862112171817,True
R
0.0,0.0,0.0,0.0,0.0,0.0,1.0
S
8
torso_lift_joint,0
r_shoulder_pan_joint,-1.69017
r_shoulder_lift_joint,-0.0788625
r_upper_arm_roll_joint,-1.69017
r_elbow_flex_joint,-1.2717
r_forearm_roll_joint,-0.151824
r_wrist_flex_joint,-1.25254
r_wrist_roll_joint,0.675062
G
0.572832,-0.551758,0.845,0.566793,-0,0
ooi
6
A
599
0.310248,-0.673113
0.310989,-0.672511
0.311729,-0.671909
0.31247,-0.671308
0.31321,-0.670706
0.31395,-0.670104
0.314691,-0.669502
0.315431,-0.6689
0.316172,-0.668299
0.316912,-0.667697
0.317653,-0.667095
0.318393,-0.666493
0.319134,-0.665891
0.319874,-0.665289
0.320615,-0.664688
0.321355,-0.664086
0.322096,-0.663484
0.322836,-0.662882
0.323576,-0.66228
0.324317,-0.661679
0.325057,-0.661077
0.325798,-0.660475
0.326538,-0.659873
0.327279,-0.659271
0.328019,-0.658669
0.32876,-0.658068
0.3295,-0.657466
0.330241,-0.656864
0.330981,-0.656262
0.331722,-0.65566
0.332462,-0.655059
0.333202,-0.654457
0.333943,-0.653855
0.334683,-0.653253
0.335424,-0.652651
0.336164,-0.65205
0.336905,-0.651448
0.337645,-0.650846
0.338386,-0.650244
0.339126,-0.649642
0.339867,-0.64904
0.340607,-0.648439
0.341348,-0.647837
0.342088,-0.647235
0.342828,-0.646633
0.343569,-0.646031
0.344309,-0.64543
0.34505,-0.644828
0.34579,-0.644226
0.346531,-0.643624
0.347271,-0.643022
0.348012,-0.64242
0.348752,-0.641819
0.349493,-0.641217
0.350233,-0.640615
0.350974,-0.640013
0.351714,-0.639411
0.352454,-0.63881
0.353195,-0.638208
0.353935,-0.637606
0.354676,-0.637004
0.355416,-0.636402
0.356157,-0.6358
0.356897,-0.635199
0.357638,-0.634597
0.358378,-0.633995
0.359119,-0.633393
0.359859,-0.632791
0.3606,-0.63219
0.36134,-0.631588
0.36208,-0.630986
0.362821,-0.630384
0.363561,-0.629782
0.364302,-0.62918
0.365042,-0.628579
0.365783,-0.627977
0.366523,-0.627375
0.367264,-0.626773
0.368004,-0.626171
0.368745,-0.62557
0.369485,-0.624968
0.370225,-0.624366
0.370966,-0.623764
0.371706,-0.623162
0.372447,-0.62256
0.373187,-0.621959
0.373928,-0.621357
0.374668,-0.620755
0.375409,-0.620153
0.376149,-0.619551
0.37689,-0.61895
0.37763,-0.618348
0.378371,-0.617746
0.379111,-0.617144
0.379851,-0.616542
0.380592,-0.615941
0.381332,-0.615339
0.382073,-0.614737
0.382813,-0.614135
0.383554,-0.613533
0.384294,-0.612931
0.385035,-0.61233
0.385775,-0.611728
0.386516,-0.611126
0.387256,-0.610524
0.387997,-0.609922
0.388737,-0.609321
0.389477,-0.608719
0.390218,-0.608117
0.390958,-0.607515
0.391699,-0.606913
0.392439,-0.606311
0.39318,-0.60571
0.39392,-0.605108
0.394661,-0.604506
0.395401,-0.603904
0.396142,-0.603302
0.396882,-0.602701
0.397623,-0.602099
0.398363,-0.601497
0.399103,-0.600895
0.399844,-0.600293
0.400584,-0.599691
0.401325,-0.59909
0.402065,-0.598488
0.402806,-0.597886
0.403546,-0.597284
0.404287,-0.596682
0.405027,-0.596081
0.405768,-0.595479
0.406508,-0.594877
0.407249,-0.594275
0.407989,-0.593673
0.408729,-0.593071
0.40947,-0.59247
0.41021,-0.591868
0.410951,-0.591266
0.411691,-0.590664
0.412432,-0.590062
0.413172,-0.589461
0.413913,-0.588859
0.414653,-0.588257
0.415394,-0.587655
0.416134,-0.587053
0.416875,-0.586452
0.417615,-0.58585
0.418355,-0.585248
0.419096,-0.584646
0.419836,-0.584044
0.420577,-0.583442
0.421317,-0.582841
0.421014,-0.583496
0.420711,-0.584152
0.420408,-0.584807
0.420104,-0.585463
0.419801,-0.586118
0.419498,-0.586774
0.419195,-0.587429
0.418891,-0.588085
0.418588,-0.58874
0.418285,-0.589396
0.417982,-0.590051
0.417678,-0.590707
0.417375,-0.591362
0.417072,-0.592018
0.416769,-0.592673
0.416465,-0.593329
0.416162,-0.593984
0.415859,-0.59464
0.415555,-0.595295
0.415252,-0.595951
0.414949,-0.596606
0.414646,-0.597262
0.414342,-0.597917
0.414039,-0.598573
0.413736,-0.599228
0.413433,-0.599884
0.413129,-0.600539
0.412826,-0.601195
0.412523,-0.60185
0.41222,-0.602506
0.411916,-0.603161
0.411613,-0.603817
0.41131,-0.604472
0.411007,-0.605128
0.410703,-0.605783
0.4104,-0.606439
0.410097,-0.607094
0.409794,-0.60775
0.40949,-0.608405
0.409187,-0.609061
0.408884,-0.609716
0.408581,-0.610372
0.408277,-0.611027
0.407974,-0.611683
0.407671,-0.612338
0.407368,-0.612994
0.407064,-0.613649
0.406761,-0.614305
0.406458,-0.61496
0.406155,-0.615616
0.405851,-0.616271
0.405548,-0.616927
0.405245,-0.617582
0.404942,-0.618238
0.404638,-0.618893
0.404335,-0.619549
0.404032,-0.620204
0.403729,-0.62086
0.403425,-0.621515
0.403122,-0.622171
0.402819,-0.622826
0.402516,-0.623482
0.402212,-0.624137
0.401909,-0.624793
0.401606,-0.625448
0.401303,-0.626104
0.400999,-0.626759
0.400696,-0.627415
0.400393,-0.62807
0.40009,-0.628726
0.399786,-0.629381
0.399483,-0.630037
0.39918,-0.630692
0.398877,-0.631348
0.398573,-0.632003
0.39827,-0.632659
0.397967,-0.633314
0.397664,-0.63397
0.39736,-0.634625
0.397057,-0.635281
0.396754,-0.635936
0.396451,-0.636592
0.396147,-0.637247
0.395844,-0.637903
0.395541,-0.638558
0.395238,-0.639214
0.394934,-0.639869
0.394631,-0.640525
0.394328,-0.64118
0.394025,-0.641836
0.393721,-0.642491
0.393418,-0.643147
0.393115,-0.643802
0.392812,-0.644458
0.392508,-0.645113
0.392205,-0.645769
0.391902,-0.646424
0.391599,-0.64708
0.391295,-0.647735
0.390992,-0.648391
0.390689,-0.649046
0.390386,-0.649702
0.390082,-0.650357
0.389779,-0.651013
0.389476,-0.651668
0.389173,-0.652324
0.388869,-0.652979
0.388566,-0.653635
0.388263,-0.65429
0.38796,-0.654946
0.387656,-0.655601
0.387353,-0.656257
0.38705,-0.656912
0.386747,-0.657568
0.386443,-0.658223
0.38614,-0.658879
0.385837,-0.659534
0.385534,-0.66019
0.38523,-0.660845
0.384927,-0.661501
0.384624,-0.662156
0.384321,-0.662812
0.384017,-0.663467
0.383714,-0.664123
0.383411,-0.664778
0.383108,-0.665434
0.382804,-0.666089
0.382501,-0.666745
0.382198,-0.6674
0.381895,-0.668056
0.381591,-0.668711
0.381288,-0.669367
0.380985,-0.670022
0.380682,-0.670678
0.380378,-0.671333
0.380075,-0.671989
0.379772,-0.672644
0.379469,-0.6733
0.379165,-0.673955
0.378862,-0.674611
0.378559,-0.675266
0.378256,-0.675922
0.377952,-0.676577
0.377649,-0.677233
0.377346,-0.677888
0.377043,-0.678544
0.376739,-0.679199
0.376436,-0.679855
0.376133,-0.68051
0.376766,-0.680068
0.377399,-0.679626
0.378032,-0.679183
0.378665,-0.678741
0.379298,-0.678298
0.37993,-0.677856
0.380563,-0.677413
0.381196,-0.676971
0.381829,-0.676528
0.382462,-0.676086
0.383095,-0.675643
0.383728,-0.675201
0.384361,-0.674759
0.384994,-0.674316
0.385627,-0.673874
0.38626,-0.673431
0.386893,-0.672989
0.387526,-0.672546
0.388159,-0.672104
0.388792,-0.671661
0.389425,-0.671219
0.390058,-0.670777
0.390691,-0.670334
0.391324,-0.669892
0.391957,-0.669449
0.392589,-0.669007
0.393222,-0.668564
0.393855,-0.668122
0.394488,-0.667679
0.395121,-0.667237
0.395754,-0.666794
0.396387,-0.666352
0.39702,-0.66591
0.397653,-0.665467
0.398286,-0.665025
0.398919,-0.664582
0.399552,-0.66414
0.400185,-0.663697
0.400818,-0.663255
0.401451,-0.662812
0.402084,-0.66237
0.402717,-0.661928
0.40335,-0.661485
0.403983,-0.661043
0.404616,-0.6606
0.405248,-0.660158
0.405881,-0.659715
0.406514,-0.659273
0.407147,-0.65883
0.40778,-0.658388
0.408413,-0.657945
0.409046,-0.657503
0.409679,-0.657061
0.410312,-0.656618
0.410945,-0.656176
0.411578,-0.655733
0.412211,-0.655291
0.412844,-0.654848
0.413477,-0.654406
0.41411,-0.653963
0.414743,-0.653521
0.415376,-0.653079
0.416009,-0.652636
0.416642,-0.652194
0.417275,-0.651751
0.417907,-0.651309
0.41854,-0.650866
0.419173,-0.650424
0.419806,-0.649981
0.420439,-0.649539
0.421072,-0.649096
0.421705,-0.648654
0.422338,-0.648212
0.422971,-0.647769
0.423604,-0.647327
0.424237,-0.646884
0.42487,-0.646442
0.425503,-0.645999
0.426136,-0.645557
0.426769,-0.645114
0.427402,-0.644672
0.428035,-0.64423
0.428668,-0.643787
0.429301,-0.643345
0.429934,-0.642902
0.430566,-0.64246
0.431199,-0.642017
0.431832,-0.641575
0.432465,-0.641132
0.433098,-0.64069
0.433731,-0.640247
0.434364,-0.639805
0.434997,-0.639363
0.43563,-0.63892
0.436263,-0.638478
0.436896,-0.638035
0.437529,-0.637593
0.438162,-0.63715
0.438795,-0.636708
0.439428,-0.636265
0.440061,-0.635823
0.440694,-0.63538
0.441327,-0.634938
0.44196,-0.634496
0.442593,-0.634053
0.443225,-0.633611
0.443858,-0.633168
0.444491,-0.632726
0.445124,-0.632283
0.445757,-0.631841
0.44639,-0.631398
0.447023,-0.630956
0.447656,-0.630514
0.448289,-0.630071
0.448922,-0.629629
0.449555,-0.629186
0.450188,-0.628744
0.450821,-0.628301
0.451454,-0.627859
0.452087,-0.627416
0.45272,-0.626974
0.453353,-0.626531
0.453986,-0.626089
0.454619,-0.625647
0.455252,-0.625204
0.455884,-0.624762
0.456517,-0.624319
0.45715,-0.623877
0.457783,-0.623434
0.458416,-0.622992
0.459049,-0.622549
0.459682,-0.622107
0.460315,-0.621665
0.460948,-0.621222
0.461581,-0.62078
0.462214,-0.620337
0.462847,-0.619895
0.46348,-0.619452
0.464113,-0.61901
0.464746,-0.618567
0.465379,-0.618125
0.466012,-0.617682
0.466645,-0.61724
0.467278,-0.616798
0.467911,-0.616355
0.468543,-0.615913
0.469176,-0.61547
0.469809,-0.615028
0.470442,-0.614585
0.471075,-0.614143
0.471758,-0.613724
0.472441,-0.613306
0.473124,-0.612887
0.473807,-0.612468
0.47449,-0.612049
0.475173,-0.611631
0.475856,-0.611212
0.476539,-0.610793
0.477222,-0.610375
0.477905,-0.609956
0.478588,-0.609537
0.47927,-0.609119
0.479953,-0.6087
0.480636,-0.608281
0.481319,-0.607862
0.482002,-0.607444
0.482685,-0.607025
0.483368,-0.606606
0.484051,-0.606188
0.484734,-0.605769
0.485417,-0.60535
0.4861,-0.604932
0.486783,-0.604513
0.487466,-0.604094
0.488149,-0.603676
0.488832,-0.603257
0.489514,-0.602838
0.490197,-0.602419
0.49088,-0.602001
0.491563,-0.601582
0.492246,-0.601163
0.492929,-0.600745
0.493612,-0.600326
0.494295,-0.599907
0.494978,-0.599489
0.495661,-0.59907
0.496344,-0.598651
0.497027,-0.598233
0.49771,-0.597814
0.498393,-0.597395
0.499076,-0.596976
0.499758,-0.596558
0.500441,-0.596139
0.501124,-0.59572
0.501807,-0.595302
0.50249,-0.594883
0.503173,-0.594464
0.503856,-0.594046
0.504539,-0.593627
0.505222,-0.593208
0.505905,-0.59279
0.506588,-0.592371
0.507271,-0.591952
0.507954,-0.591533
0.508637,-0.591115
0.50932,-0.590696
0.510002,-0.590277
0.510685,-0.589859
0.511368,-0.58944
0.512051,-0.589021
0.512734,-0.588603
0.513417,-0.588184
0.5141,-0.587765
0.514783,-0.587347
0.515466,-0.586928
0.516149,-0.586509
0.516832,-0.58609
0.517515,-0.585672
0.518198,-0.585253
0.518881,-0.584834
0.519564,-0.584416
0.520246,-0.583997
0.520929,-0.583578
0.521612,-0.58316
0.522295,-0.582741
0.522978,-0.582322
0.523661,-0.581903
0.524344,-0.581485
0.525027,-0.581066
0.52571,-0.580647
0.526393,-0.580229
0.527076,-0.57981
0.527759,-0.579391
0.528442,-0.578973
0.529125,-0.578554
0.529808,-0.578135
0.53049,-0.577717
0.531173,-0.577298
0.531856,-0.576879
0.532539,-0.57646
0.533222,-0.576042
0.533905,-0.575623
0.534588,-0.575204
0.535271,-0.574786
0.535954,-0.574367
0.536637,-0.573948
0.53732,-0.57353
0.538003,-0.573111
0.538686,-0.572692
0.539369,-0.572274
0.540052,-0.571855
0.540734,-0.571436
0.541417,-0.571017
0.5421,-0.570599
0.542783,-0.57018
0.543466,-0.569761
0.544149,-0.569343
0.544832,-0.568924
0.545515,-0.568505
0.546198,-0.568087
0.546881,-0.567668
0.547564,-0.567249
0.548247,-0.566831
0.54893,-0.566412
0.549613,-0.565993
0.550296,-0.565574
0.550978,-0.565156
0.551661,-0.564737
0.552344,-0.564318
0.553027,-0.5639
0.55371,-0.563481
0.554393,-0.563062
0.555076,-0.562644
0.555759,-0.562225
0.556442,-0.561806
0.557125,-0.561388
0.557808,-0.560969
0.558491,-0.56055
0.559174,-0.560131
0.559857,-0.559713
0.56054,-0.559294
0.561222,-0.558875
0.561905,-0.558457
0.562588,-0.558038
0.563271,-0.557619
0.563954,-0.557201
0.564637,-0.556782
0.56532,-0.556363
0.566003,-0.555945
0.566686,-0.555526
0.567369,-0.555107
0.568052,-0.554688
0.568735,-0.55427
0.569418,-0.553851
0.570101,-0.553432
0.570784,-0.553014
0.571466,-0.552595
0.572149,-0.552176
0.572832,-0.551758
