O
20
1,0,-1,0.78,-0.5,0.75,0.0,0.0,0.0,0.3,0.4,0.02,0,0.8,False
2,0,-1,1.1,-0.5,0.93,0.0,0.0,0.0,0.02,0.4,0.2,0,0.8,False
3,0,-1,0.78,-0.5,1.11,0.0,0.0,0.0,0.3,0.4,0.02,0,0.8,False
4,0,-1,0.8,-0.92,0.93,0.0,0.0,0.0,0.32,0.02,0.2,0,0.8,False
5,0,-1,0.8,-0.08,0.93,0.0,0.0,0.0,0.32,0.02,0.2,0,0.8,False
6,2,0,0.741602732834699,-0.37007787946922427,0.8570257353362801,0.0,0.0,2.63472061936185,0.06083883995271062,0.06083883995271062,0.17405147067256008,0.3469993054858566,1.0111145962234687,False
7,0,0,0.734174080518301,-0.5721870539855374,0.86,0.0,0.0,2.878506042066169,0.0632542931726779,0.06390526757800313,0.09,0.37418850940528253,1.042927245359554,False
8,0,0,0.9476923480565904,-0.24357828160949513,0.86,0.0,0.0,4.998392402125558,0.06828061440790167,0.050560047537396104,0.09,0.23664852662622937,0.9043702114296887,False
9,2,0,0.7603577328071074,-0.7371192074296764,0.8450000000000001,0.0,0.0,2.4664208520152804,0.04602733801331703,0.04602733801331703,0.15,0.15976528695727465,1.1765598684639422,False
10,2,0,0.5556218975050579,-0.2355357573746486,0.8450000000000001,0.0,0.0,0.5669744745855588,0.03870453796496136,0.03870453796496136,0.15,0.08290797606580996,0.9429437802813652,False
11,0,1,0.9655848697782687,-0.4826998988340841,0.86,0.0,0.0,0.5846229254681754,0.05691500446085671,0.03,0.09,0.25328703873408154,1.0907196375408577,True
12,2,1,0.6005595324408033,-0.6444012844904552,0.8450000000000001,0.0,0.0,3.0999249690774127,0.03,0.03,0.15,0.08026308026160323,0.9121395265540272,True
13,0,1,0.7098608722885303,-0.15024931147704024,0.86,0.0,0.0,0.09671701259388135,0.03,0.031795094739801,0.09,0.38525127492392813,1.1589616960393767,True
14,2,1,0.6409563371148559,-0.8408751863314718,0.8450000000000001,0.0,0.0,2.4856717228467033,0.03,0.03,0.15,0.33314038284737874,0.9225150977386424,True
15,0,1,0.9548011665220097,-0.8194939412743337,0.9164360140900811,0.0,0.0,3.5285818319287587,0.06349469956266796,0.030845143023888025,0.14643601409008114,0.037583609636732074,0.9653655722675114,True
16,2,1,0.7896447201315642,-0.1646001527548362,0.8450000000000001,0.0,0.0,3.1969866747036377,0.03,0.03,0.15,0.28949384058922556,1.1063947159495569,True
17,2,1,1.0028162222213877,-0.6994169262274811,0.8450000000000001,0.0,0.0,0.7452730809756946,0.03,0.03,0.15,0.36923105332788947,1.1888846007582057,True
18,2,1,0.5315347658099406,-0.7544738625338869,0.8539884591798147,0.0,0.0,2.4335784019327398,0.03,0.03,0.1679769183596293,0.013452088541609009,1.1924657499175753,True
19,2,1,0.868434213338268,-0.5997501974627782,0.8450000000000001,0.0,0.0,0.1561473022935208,0.03493194645595443,0.03493194645595443,0.15,0.08086199268860023,1.198492202567737,True
20,2,1,0.5883718102049953,-0.35969627799733195,0.8450000000000001,0.0,0.0,5.534609251663714,0.03,0.03,0.15,0.25622566236346,1.176740127561899,True
R
0.0,0.0,0.0,0.0,0.0,0.0,1.0
S
8
torso_lift_joint,0
r_shoulder_pan_joint,-1.69017
r_shoulder_lift_joint,-0.0788625
r_upper_arm_roll_joint,-1.69017
r_elbow_flex_joint,-1.2717
r_forearm_roll_joint,-0.151824
r_wrist_flex_joint,-1.25254
r_wrist_roll_joint,0.675062
G
0.491588,-0.289444,0.845,0.69976,-0,0
ooi
10
A
599
0.310248,-0.673113
0.310177,-0.673193
0.310106,-0.673272
0.310035,-0.673352
0.309964,-0.673432
0.309893,-0.673511
0.309822,-0.673591
0.309751,-0.673671
0.30968,-0.67375
0.309609,-0.67383
0.309537,-0.67391
0.309466,-0.673989
0.309395,-0.674069
0.309324,-0.674149
0.309253,-0.674228
0.309182,-0.674308
0.309111,-0.674388
0.30904,-0.674467
0.308969,-0.674547
0.308898,-0.674627
0.308827,-0.674706
0.308756,-0.674786
0.308685,-0.674866
0.308613,-0.674945
0.308542,-0.675025
0.308471,-0.675105
0.3084,-0.675184
0.308329,-0.675264
0.308258,-0.675344
0.308187,-0.675423
0.308116,-0.675503
0.308045,-0.675583
0.307974,-0.675662
0.307903,-0.675742
0.307832,-0.675822
0.307761,-0.675901
0.30769,-0.675981
0.307618,-0.676061
0.307547,-0.67614
0.307476,-0.67622
0.307405,-0.6763
0.307334,-0.676379
0.307263,-0.676459
0.307192,-0.676539
0.307121,-0.676618
0.30705,-0.676698
0.306979,-0.676778
0.306908,-0.676857
0.306837,-0.676937
0.306766,-0.677017
0.306694,-0.677096
0.306623,-0.677176
0.306552,-0.677256
0.306481,-0.677335
0.30641,-0.677415
0.306339,-0.677495
0.306268,-0.677574
0.306197,-0.677654
0.306126,-0.677734
0.306055,-0.677813
0.305984,-0.677893
0.305913,-0.677973
0.305842,-0.678052
0.305771,-0.678132
0.305699,-0.678212
0.305628,-0.678292
0.305557,-0.678371
0.305486,-0.678451
0.305415,-0.678531
0.305344,-0.67861
0.305273,-0.67869
0.305202,-0.67877
0.305131,-0.678849
0.30506,-0.678929
0.304989,-0.679009
0.304918,-0.679088
0.304847,-0.679168
0.304775,-0.679248
0.304704,-0.679327
0.304633,-0.679407
0.304562,-0.679487
0.304491,-0.679566
0.30442,-0.679646
0.304349,-0.679726
0.304278,-0.679805
0.304207,-0.679885
0.304136,-0.679965
0.304065,-0.680044
0.303994,-0.680124
0.303923,-0.680204
0.303852,-0.680283
0.30378,-0.680363
0.303709,-0.680443
0.303638,-0.680522
0.303567,-0.680602
0.303496,-0.680682
0.303425,-0.680761
0.303354,-0.680841
0.303283,-0.680921
0.303212,-0.681
0.303141,-0.68108
0.30307,-0.68116
0.302999,-0.681239
0.302928,-0.681319
0.302856,-0.681399
0.302785,-0.681478
0.302714,-0.681558
0.302643,-0.681638
0.302572,-0.681717
0.302501,-0.681797
0.30243,-0.681877
0.302359,-0.681956
0.302288,-0.682036
0.302217,-0.682116
0.302146,-0.682195
0.302075,-0.682275
0.302004,-0.682355
0.301933,-0.682434
0.301861,-0.682514
0.30179,-0.682594
0.301719,-0.682673
0.301648,-0.682753
0.301577,-0.682833
0.301506,-0.682912
0.301435,-0.682992
0.301364,-0.683072
0.301293,-0.683151
0.301222,-0.683231
0.301151,-0.683311
0.30108,-0.68339
0.301009,-0.68347
0.300937,-0.68355
0.300866,-0.683629
0.300795,-0.683709
0.300724,-0.683789
0.300653,-0.683868
0.300582,-0.683948
0.300511,-0.684028
0.30044,-0.684107
0.300369,-0.684187
0.300298,-0.684267
0.300227,-0.684346
0.300156,-0.684426
0.300085,-0.684506
0.300014,-0.684585
0.299942,-0.684665
0.299871,-0.684745
0.2998,-0.684824
0.299729,-0.684904
0.299658,-0.684984
0.299587,-0.685063
0.300159,-0.684101
0.300732,-0.683139
0.301304,-0.682177
0.301877,-0.681216
0.302449,-0.680254
0.303021,-0.679292
0.303594,-0.67833
0.304166,-0.677368
0.304739,-0.676406
0.305311,-0.675444
0.305883,-0.674482
0.306456,-0.67352
0.307028,-0.672558
0.307601,-0.671596
0.308173,-0.670634
0.308745,-0.669672
0.309318,-0.66871
0.30989,-0.667749
0.310463,-0.666787
0.311035,-0.665825
0.311607,-0.664863
0.31218,-0.663901
0.312752,-0.662939
0.313325,-0.661977
0.313897,-0.661015
0.314469,-0.660053
0.315042,-0.659091
0.315614,-0.658129
0.316186,-0.657167
0.316759,-0.656205
0.317331,-0.655243
0.317904,-0.654281
0.318476,-0.65332
0.319048,-0.652358
0.319621,-0.651396
0.320193,-0.650434
0.320766,-0.649472
0.321338,-0.64851
0.32191,-0.647548
0.322483,-0.646586
0.323055,-0.645624
0.323628,-0.644662
0.3242,-0.6437
0.324772,-0.642738
0.325345,-0.641776
0.325917,-0.640814
0.32649,-0.639852
0.327062,-0.638891
0.327634,-0.637929
0.328207,-0.636967
0.328779,-0.636005
0.329352,-0.635043
0.329924,-0.634081
0.330496,-0.633119
0.331069,-0.632157
0.331641,-0.631195
0.332213,-0.630233
0.332786,-0.629271
0.333358,-0.628309
0.333931,-0.627347
0.334503,-0.626385
0.335075,-0.625423
0.335648,-0.624462
0.33622,-0.6235
0.336793,-0.622538
0.337365,-0.621576
0.337937,-0.620614
0.33851,-0.619652
0.339082,-0.61869
0.339655,-0.617728
0.340227,-0.616766
0.340799,-0.615804
0.341372,-0.614842
0.341944,-0.61388
0.342517,-0.612918
0.343089,-0.611956
0.343661,-0.610994
0.344234,-0.610033
0.344806,-0.609071
0.345379,-0.608109
0.345951,-0.607147
0.346523,-0.606185
0.347096,-0.605223
0.347668,-0.604261
0.348241,-0.603299
0.348813,-0.602337
0.349385,-0.601375
0.349958,-0.600413
0.35053,-0.599451
0.351102,-0.598489
0.351675,-0.597527
0.352247,-0.596566
0.35282,-0.595604
0.353392,-0.594642
0.353964,-0.59368
0.354537,-0.592718
0.355109,-0.591756
0.355682,-0.590794
0.356254,-0.589832
0.356826,-0.58887
0.357399,-0.587908
0.357971,-0.586946
0.358544,-0.585984
0.359116,-0.585022
0.359688,-0.58406
0.360261,-0.583098
0.360833,-0.582137
0.361406,-0.581175
0.361978,-0.580213
0.36255,-0.579251
0.363123,-0.578289
0.363695,-0.577327
0.364268,-0.576365
0.36484,-0.575403
0.365412,-0.574441
0.365985,-0.573479
0.366557,-0.572517
0.367129,-0.571555
0.367702,-0.570593
0.368274,-0.569631
0.368847,-0.568669
0.369419,-0.567708
0.369991,-0.566746
0.370564,-0.565784
0.371136,-0.564822
0.371709,-0.56386
0.372281,-0.562898
0.372853,-0.561936
0.373426,-0.560974
0.373998,-0.560012
0.374571,-0.55905
0.375143,-0.558088
0.375715,-0.557126
0.376288,-0.556164
0.37686,-0.555202
0.377433,-0.55424
0.378005,-0.553279
0.378577,-0.552317
0.37915,-0.551355
0.379722,-0.550393
0.380295,-0.549431
0.380867,-0.548469
0.381439,-0.547507
0.382012,-0.546545
0.382584,-0.545583
0.383156,-0.544621
0.383729,-0.543659
0.384301,-0.542697
0.384874,-0.541735
0.384772,-0.541206
0.384671,-0.540676
0.384569,-0.540147
0.384468,-0.539618
0.384366,-0.539088
0.384264,-0.538559
0.384163,-0.538029
0.384061,-0.5375
0.38396,-0.53697
0.383858,-0.536441
0.383757,-0.535911
0.383655,-0.535382
0.383554,-0.534852
0.383452,-0.534323
0.383351,-0.533793
0.383249,-0.533264
0.383148,-0.532734
0.383046,-0.532205
0.382945,-0.531676
0.382843,-0.531146
0.382742,-0.530617
0.38264,-0.530087
0.382538,-0.529558
0.382437,-0.529028
0.382335,-0.528499
0.382234,-0.527969
0.382132,-0.52744
0.382031,-0.52691
0.381929,-0.526381
0.381828,-0.525851
0.381726,-0.525322
0.381625,-0.524793
0.381523,-0.524263
0.381422,-0.523734
0.38132,-0.523204
0.381219,-0.522675
0.381117,-0.522145
0.381016,-0.521616
0.380914,-0.521086
0.380812,-0.520557
0.380711,-0.520027
0.380609,-0.519498
0.380508,-0.518968
0.380406,-0.518439
0.380305,-0.51791
0.380203,-0.51738
0.380102,-0.516851
0.38,-0.516321
0.379899,-0.515792
0.379797,-0.515262
0.379696,-0.514733
0.379594,-0.514203
0.379493,-0.513674
0.379391,-0.513144
0.37929,-0.512615
0.379188,-0.512085
0.379086,-0.511556
0.378985,-0.511026
0.378883,-0.510497
0.378782,-0.509968
0.37868,-0.509438
0.378579,-0.508909
0.378477,-0.508379
0.378376,-0.50785
0.378274,-0.50732
0.378173,-0.506791
0.378071,-0.506261
0.37797,-0.505732
0.377868,-0.505202
0.377767,-0.504673
0.377665,-0.504143
0.377564,-0.503614
0.377462,-0.503085
0.37736,-0.502555
0.377259,-0.502026
0.377157,-0.501496
0.377056,-0.500967
0.376954,-0.500437
0.376853,-0.499908
0.376751,-0.499378
0.37665,-0.498849
0.376548,-0.498319
0.376447,-0.49779
0.376345,-0.49726
0.376244,-0.496731
0.376142,-0.496202
0.376041,-0.495672
0.375939,-0.495143
0.375838,-0.494613
0.375736,-0.494084
0.375634,-0.493554
0.375533,-0.493025
0.375431,-0.492495
0.37533,-0.491966
0.375228,-0.491436
0.375127,-0.490907
0.375025,-0.490377
0.374924,-0.489848
0.374822,-0.489318
0.374721,-0.488789
0.374619,-0.48826
0.374518,-0.48773
0.374416,-0.487201
0.374315,-0.486671
0.374213,-0.486142
0.374112,-0.485612
0.37401,-0.485083
0.373908,-0.484553
0.373807,-0.484024
0.373705,-0.483494
0.373604,-0.482965
0.373502,-0.482435
0.373401,-0.481906
0.373299,-0.481377
0.373198,-0.480847
0.373096,-0.480318
0.372995,-0.479788
0.372893,-0.479259
0.372792,-0.478729
0.37269,-0.4782
0.372589,-0.47767
0.372487,-0.477141
0.372386,-0.476611
0.372284,-0.476082
0.372182,-0.475552
0.372081,-0.475023
0.371979,-0.474494
0.371878,-0.473964
0.371776,-0.473435
0.371675,-0.472905
0.371573,-0.472376
0.371472,-0.471846
0.37137,-0.471317
0.371269,-0.470787
0.371167,-0.470258
0.371066,-0.469728
0.370964,-0.469199
0.370863,-0.468669
0.370761,-0.46814
0.37066,-0.46761
0.370558,-0.467081
0.370456,-0.466552
0.370355,-0.466022
0.370253,-0.465493
0.370152,-0.464963
0.37005,-0.464434
0.369949,-0.463904
0.369847,-0.463375
0.369746,-0.462845
0.369644,-0.462316
0.370463,-0.461156
0.371281,-0.459995
0.372099,-0.458835
0.372918,-0.457675
0.373736,-0.456515
0.374555,-0.455355
0.375373,-0.454194
0.376192,-0.453034
0.37701,-0.451874
0.377828,-0.450714
0.378647,-0.449554
0.379465,-0.448393
0.380284,-0.447233
0.381102,-0.446073
0.38192,-0.444913
0.382739,-0.443752
0.383557,-0.442592
0.384376,-0.441432
0.385194,-0.440272
0.386013,-0.439112
0.386831,-0.437951
0.387649,-0.436791
0.388468,-0.435631
0.389286,-0.434471
0.390105,-0.433311
0.390923,-0.43215
0.391741,-0.43099
0.39256,-0.42983
0.393378,-0.42867
0.394197,-0.427509
0.395015,-0.426349
0.395834,-0.425189
0.396652,-0.424029
0.39747,-0.422869
0.398289,-0.421708
0.399107,-0.420548
0.399926,-0.419388
0.400744,-0.418228
0.401562,-0.417068
0.402381,-0.415907
0.403199,-0.414747
0.404018,-0.413587
0.404836,-0.412427
0.405655,-0.411267
0.406473,-0.410106
0.407291,-0.408946
0.40811,-0.407786
0.408928,-0.406626
0.409747,-0.405465
0.410565,-0.404305
0.411383,-0.403145
0.412202,-0.401985
0.41302,-0.400825
0.413839,-0.399664
0.414657,-0.398504
0.415476,-0.397344
0.416294,-0.396184
0.417112,-0.395024
0.417931,-0.393863
0.418749,-0.392703
0.419568,-0.391543
0.420386,-0.390383
0.421204,-0.389223
0.422023,-0.388062
0.422841,-0.386902
0.42366,-0.385742
0.424478,-0.384582
0.425297,-0.383421
0.426115,-0.382261
0.426933,-0.381101
0.427752,-0.379941
0.42857,-0.378781
0.429389,-0.37762
0.430207,-0.37646
0.431025,-0.3753
0.431844,-0.37414
0.432662,-0.37298
0.433481,-0.371819
0.434299,-0.370659
0.435117,-0.369499
0.435936,-0.368339
0.436754,-0.367178
0.437573,-0.366018
0.438391,-0.364858
0.43921,-0.363698
0.440028,-0.362538
0.440846,-0.361377
0.441665,-0.360217
0.442483,-0.359057
0.443302,-0.357897
0.44412,-0.356737
0.444938,-0.355576
0.445757,-0.354416
0.446575,-0.353256
0.447394,-0.352096
0.448212,-0.350936
0.449031,-0.349775
0.449849,-0.348615
0.450667,-0.347455
0.451486,-0.346295
0.452304,-0.345134
0.453123,-0.343974
0.453941,-0.342814
0.454759,-0.341654
0.455578,-0.340494
0.456396,-0.339333
0.457215,-0.338173
0.458033,-0.337013
0.458852,-0.335853
0.45967,-0.334693
0.460488,-0.333532
0.461307,-0.332372
0.462125,-0.331212
0.462944,-0.330052
0.463762,-0.328892
0.46458,-0.327731
0.465399,-0.326571
0.466217,-0.325411
0.467036,-0.324251
0.467854,-0.32309
0.468673,-0.32193
0.469491,-0.32077
0.470309,-0.31961
0.471128,-0.31845
0.471946,-0.317289
0.472765,-0.316129
0.473583,-0.314969
0.474401,-0.313809
0.47522,-0.312649
0.476038,-0.311488
0.476857,-0.310328
0.477675,-0.309168
0.478494,-0.308008
0.479312,-0.306847
0.48013,-0.305687
0.480949,-0.304527
0.481767,-0.303367
0.482586,-0.302207
0.483404,-0.301046
0.484222,-0.299886
0.485041,-0.298726
0.485859,-0.297566
0.486678,-0.296406
0.487496,-0.295245
0.488315,-0.294085
0.489133,-0.292925
0.489951,-0.291765
0.49077,-0.290605
0.491588,-0.289444
