O
20
1,0,-1,0.78,-0.5,0.75,0.0,0.0,0.0,0.3,0.4,0.02,0,0.8,False
2,0,-1,1.1,-0.5,0.93,0.0,0.0,0.0,0.02,0.4,0.2,0,0.8,False
3,0,-1,0.78,-0.5,1.11,0.0,0.0,0.0,0.3,0.4,0.02,0,0.8,False
4,0,-1,0.8,-0.92,0.93,0.0,0.0,0.0,0.32,0.02,0.2,0,0.8,False
5,0,-1,0.8,-0.08,0.93,0.0,0.0,0.0,0.32,0.02,0.2,0,0.8,False
6,2,0,0.9114253347897544,-0.6171522846244394,0.8640708380766846,0.0,0.0,0.8639866031045093,0.05318975556652771,0.05318975556652771,0.18814167615336913,0.2929327925194392,1.1616038890268363,False
7,0,0,0.6925723382021132,-0.3579059305512995,0.86,0.0,0.0,3.3014534745008817,0.03,0.03,0.09,0.0906768783229897,1.1214158157873464,False
8,2,0,0.898063121265982,-0.15840063134115812,0.8450000000000001,0.0,0.0,3.4297634555979184,0.03,0.03,0.15,0.4280308017548995,1.0622464220408656,False
9,2,0,0.917197850557729,-0.3481836669782814,0.8450000000000001,0.0,0.0,5.973071153195452,0.03,0.03,0.15,0.4712637427629401,0.9550104398185558,False
10,0,0,0.5925324266869306,-0.5957360517112442,0.9166092157178809,0.0,0.0,5.347413677414293,0.06771433194853063,0.03879761346428054,0.14660921571788088,0.4426184196192552,0.8773688007357057,False
11,2,1,0.8035603571111778,-0.454659085034994,0.8450000000000001,0.0,0.0,6.272995068372283,0.038653240964132814,0.038653240964132814,0.15,0.3762459273949407,0.9593055149387961,True
12,0,1,0.6444794317097962,-0.22292246795520398,0.86,0.0,0.0,5.025688913179774,0.06669485507750847,0.03,0.09,0.2308980511232871,0.8772632857303857,True
13,0,1,0.7787145062610548,-0.23724938947049978,0.86,0.0,0.0,1.2129447244232734,0.03,0.04998518494657632,0.09,0.2991958731726823,1.0272765890346451,True
14,0,1,0.911249990867179,-0.8054411234358098,0.8633980787827804,0.0,0.0,2.515503640537036,0.03734706789456712,0.03,0.09339807878278039,0.29142673902593064,1.0209298262566986,True
15,0,1,0.644164261974471,-0.7682597566829618,0.9193250213983153,0.0,0.0,5.2434214414771905,0.03,0.044266493259591436,0.1493250213983153,0.15141247098278687,1.0777787255390536,True
16,0,1,1.0072633371354445,-0.46454998279456294,0.86,0.0,0.0,1.0209297172296647,0.03,0.03,0.09,0.355698936121665,0.8617321018809296,True
17,0,1,0.5322967606340879,-0.8001013513411858,0.8643605928332017,0.0,0.0,0.323804942492403,0.03,0.03,0.09436059283320168,0.2157822869810489,0.9480663303031172,True
18,2,1,0.720551458613652,-0.623091050811556,0.854058828168509,0.0,0.0,1.9899175139930576,0.03,0.03,0.16811765633701792,0.2623762226298051,0.8789685558688312,True
19,0,1,0.7653828821645567,-0.8185529984576623,0.8711511843996543,0.0,0.0,6.007438353898303,0.040495870586988815,0.03,0.1011511843996543,0.3322525234275894,1.1337514295674693,True
20,0,1,0.5283940482856735,-0.3840507432260743,0.86,0.0,0.0,5.932377566001031,0.03,0.05440961446208283,0.09,0.1340744610292186,0.9764518488173441,True
R
0.0,0.0,0.0,0.0,0.0,0.0,1.0
S
8
torso_lift_joint,0
r_shoulder_pan_joint,-1.69017
r_shoulder_lift_joint,-0.0788625
r_upper_arm_roll_joint,-1.69017
r_elbow_flex_joint,-1.2717
r_forearm_roll_joint,-0.151824
r_wrist_flex_joint,-1.25254
r_wrist_roll_joint,0.675062
G
0.525671,-0.504995,0.916609,2.20582,-3.14159,3.14159
ooi
10
A
599
0.310248,-0.673113
0.310567,-0.67348
0.310886,-0.673848
0.311205,-0.674215
0.311524,-0.674582
0.311843,-0.674949
0.312162,-0.675317
0.312481,-0.675684
0.3128,-0.676051
0.313119,-0.676418
0.313437,-0.676786
0.313756,-0.677153
0.314075,-0.67752
0.314394,-0.677887
0.314713,-0.678255
0.315032,-0.678622
0.315351,-0.678989
0.31567,-0.679356
0.315989,-0.679724
0.316308,-0.680091
0.316627,-0.680458
0.316946,-0.680825
0.317265,-0.681193
0.317583,-0.68156
0.317902,-0.681927
0.318221,-0.682295
0.31854,-0.682662
0.318859,-0.683029
0.319178,-0.683396
0.319497,-0.683764
0.319816,-0.684131
0.320135,-0.684498
0.320454,-0.684865
0.320773,-0.685233
0.321092,-0.6856
0.321411,-0.685967
0.321729,-0.686334
0.322048,-0.686702
0.322367,-0.687069
0.322686,-0.687436
0.323005,-0.687803
0.323324,-0.688171
0.323643,-0.688538
0.323962,-0.688905
0.324281,-0.689272
0.3246,-0.68964
0.324919,-0.690007
0.325238,-0.690374
0.325557,-0.690741
0.325876,-0.691109
0.326194,-0.691476
0.326513,-0.691843
0.326832,-0.69221
0.327151,-0.692578
0.32747,-0.692945
0.327789,-0.693312
0.328108,-0.693679
0.328427,-0.694047
0.328746,-0.694414
0.329065,-0.694781
0.329384,-0.695148
0.329703,-0.695516
0.330022,-0.695883
0.33034,-0.69625
0.330659,-0.696618
0.330978,-0.696985
0.331297,-0.697352
0.331616,-0.697719
0.331935,-0.698087
0.332254,-0.698454
0.332573,-0.698821
0.332892,-0.699188
0.333211,-0.699556
0.33353,-0.699923
0.333849,-0.70029
0.334168,-0.700657
0.334486,-0.701025
0.334805,-0.701392
0.335124,-0.701759
0.335443,-0.702126
0.335762,-0.702494
0.336081,-0.702861
0.3364,-0.703228
0.336719,-0.703595
0.337038,-0.703963
0.337357,-0.70433
0.337676,-0.704697
0.337995,-0.705064
0.338314,-0.705432
0.338633,-0.705799
0.338951,-0.706166
0.33927,-0.706533
0.339589,-0.706901
0.339908,-0.707268
0.340227,-0.707635
0.340546,-0.708002
0.340865,-0.70837
0.341184,-0.708737
0.341503,-0.709104
0.341822,-0.709472
0.342141,-0.709839
0.34246,-0.710206
0.342779,-0.710573
0.343097,-0.710941
0.343416,-0.711308
0.343735,-0.711675
0.344054,-0.712042
0.344373,-0.71241
0.344692,-0.712777
0.345011,-0.713144
0.34533,-0.713511
0.345649,-0.713879
0.345968,-0.714246
0.346287,-0.714613
0.346606,-0.71498
0.346925,-0.715348
0.347243,-0.715715
0.347562,-0.716082
0.347881,-0.716449
0.3482,-0.716817
0.348519,-0.717184
0.348838,-0.717551
0.349157,-0.717918
0.349476,-0.718286
0.349795,-0.718653
0.350114,-0.71902
0.350433,-0.719387
0.350752,-0.719755
0.351071,-0.720122
0.35139,-0.720489
0.351708,-0.720856
0.352027,-0.721224
0.352346,-0.721591
0.352665,-0.721958
0.352984,-0.722326
0.353303,-0.722693
0.353622,-0.72306
0.353941,-0.723427
0.35426,-0.723795
0.354579,-0.724162
0.354898,-0.724529
0.355217,-0.724896
0.355536,-0.725264
0.355854,-0.725631
0.356173,-0.725998
0.356492,-0.726365
0.356811,-0.726733
0.35713,-0.7271
0.357449,-0.727467
0.357768,-0.727834
0.358087,-0.728202
0.358741,-0.728559
0.359394,-0.728917
0.360048,-0.729274
0.360702,-0.729632
0.361355,-0.729989
0.362009,-0.730347
0.362663,-0.730705
0.363316,-0.731062
0.36397,-0.73142
0.364624,-0.731777
0.365277,-0.732135
0.365931,-0.732492
0.366585,-0.73285
0.367238,-0.733207
0.367892,-0.733565
0.368546,-0.733923
0.369199,-0.73428
0.369853,-0.734638
0.370507,-0.734995
0.37116,-0.735353
0.371814,-0.73571
0.372468,-0.736068
0.373121,-0.736425
0.373775,-0.736783
0.374429,-0.73714
0.375082,-0.737498
0.375736,-0.737856
0.37639,-0.738213
0.377043,-0.738571
0.377697,-0.738928
0.378351,-0.739286
0.379004,-0.739643
0.379658,-0.740001
0.380312,-0.740358
0.380965,-0.740716
0.381619,-0.741074
0.382273,-0.741431
0.382926,-0.741789
0.38358,-0.742146
0.384234,-0.742504
0.384887,-0.742861
0.385541,-0.743219
0.386195,-0.743576
0.386848,-0.743934
0.387502,-0.744292
0.388156,-0.744649
0.388809,-0.745007
0.389463,-0.745364
0.390117,-0.745722
0.39077,-0.746079
0.391424,-0.746437
0.392078,-0.746794
0.392731,-0.747152
0.393385,-0.74751
0.394039,-0.747867
0.394692,-0.748225
0.395346,-0.748582
0.396,-0.74894
0.396653,-0.749297
0.397307,-0.749655
0.397961,-0.750012
0.398615,-0.75037
0.399268,-0.750728
0.399922,-0.751085
0.400576,-0.751443
0.401229,-0.7518
0.401883,-0.752158
0.402537,-0.752515
0.40319,-0.752873
0.403844,-0.75323
0.404498,-0.753588
0.405151,-0.753946
0.405805,-0.754303
0.406459,-0.754661
0.407112,-0.755018
0.407766,-0.755376
0.40842,-0.755733
0.409073,-0.756091
0.409727,-0.756448
0.410381,-0.756806
0.411034,-0.757164
0.411688,-0.757521
0.412342,-0.757879
0.412995,-0.758236
0.413649,-0.758594
0.414303,-0.758951
0.414956,-0.759309
0.41561,-0.759666
0.416264,-0.760024
0.416917,-0.760381
0.417571,-0.760739
0.418225,-0.761097
0.418878,-0.761454
0.419532,-0.761812
0.420186,-0.762169
0.420839,-0.762527
0.421493,-0.762884
0.422147,-0.763242
0.4228,-0.763599
0.423454,-0.763957
0.424108,-0.764315
0.424761,-0.764672
0.425415,-0.76503
0.426069,-0.765387
0.426722,-0.765745
0.427376,-0.766102
0.42803,-0.76646
0.428683,-0.766817
0.429337,-0.767175
0.429991,-0.767533
0.430644,-0.76789
0.431298,-0.768248
0.431952,-0.768605
0.432605,-0.768963
0.433259,-0.76932
0.433913,-0.769678
0.434566,-0.770035
0.43522,-0.770393
0.435874,-0.770751
0.436527,-0.771108
0.437181,-0.771466
0.437835,-0.771823
0.438488,-0.772181
0.439142,-0.772538
0.439796,-0.772896
0.440449,-0.773253
0.441103,-0.773611
0.441757,-0.773969
0.44241,-0.774326
0.443064,-0.774684
0.443718,-0.775041
0.444371,-0.775399
0.445025,-0.775756
0.445679,-0.776114
0.446332,-0.776471
0.446986,-0.776829
0.44764,-0.777187
0.448293,-0.777544
0.448947,-0.777902
0.449601,-0.778259
0.450254,-0.778617
0.450908,-0.778974
0.451562,-0.779332
0.452215,-0.779689
0.452869,-0.780047
0.453523,-0.780405
0.454176,-0.780762
0.45483,-0.78112
0.455484,-0.781477
0.455221,-0.780231
0.454958,-0.778985
0.454695,-0.777739
0.454432,-0.776492
0.45417,-0.775246
0.453907,-0.774
0.453644,-0.772754
0.453381,-0.771508
0.453118,-0.770262
0.452855,-0.769015
0.452592,-0.767769
0.45233,-0.766523
0.452067,-0.765277
0.451804,-0.764031
0.451541,-0.762785
0.451278,-0.761538
0.451015,-0.760292
0.450752,-0.759046
0.45049,-0.7578
0.450227,-0.756554
0.449964,-0.755308
0.449701,-0.754061
0.449438,-0.752815
0.449175,-0.751569
0.448912,-0.750323
0.44865,-0.749077
0.448387,-0.747831
0.448124,-0.746584
0.447861,-0.745338
0.447598,-0.744092
0.447335,-0.742846
0.447072,-0.7416
0.44681,-0.740353
0.446547,-0.739107
0.446284,-0.737861
0.446021,-0.736615
0.445758,-0.735369
0.445495,-0.734123
0.445233,-0.732876
0.44497,-0.73163
0.444707,-0.730384
0.444444,-0.729138
0.444181,-0.727892
0.443918,-0.726646
0.443655,-0.725399
0.443393,-0.724153
0.44313,-0.722907
0.442867,-0.721661
0.442604,-0.720415
0.442341,-0.719169
0.442078,-0.717922
0.441815,-0.716676
0.441553,-0.71543
0.44129,-0.714184
0.441027,-0.712938
0.440764,-0.711692
0.440501,-0.710445
0.440238,-0.709199
0.439975,-0.707953
0.439713,-0.706707
0.43945,-0.705461
0.439187,-0.704214
0.438924,-0.702968
0.438661,-0.701722
0.438398,-0.700476
0.438135,-0.69923
0.437873,-0.697984
0.43761,-0.696737
0.437347,-0.695491
0.437084,-0.694245
0.436821,-0.692999
0.436558,-0.691753
0.436295,-0.690507
0.436033,-0.68926
0.43577,-0.688014
0.435507,-0.686768
0.435244,-0.685522
0.434981,-0.684276
0.434718,-0.68303
0.434455,-0.681783
0.434193,-0.680537
0.43393,-0.679291
0.433667,-0.678045
0.433404,-0.676799
0.433141,-0.675552
0.432878,-0.674306
0.432615,-0.67306
0.432353,-0.671814
0.43209,-0.670568
0.431827,-0.669322
0.431564,-0.668075
0.431301,-0.666829
0.431038,-0.665583
0.430776,-0.664337
0.430513,-0.663091
0.43025,-0.661845
0.429987,-0.660598
0.429724,-0.659352
0.429461,-0.658106
0.429198,-0.65686
0.428936,-0.655614
0.428673,-0.654368
0.42841,-0.653121
0.428147,-0.651875
0.427884,-0.650629
0.427621,-0.649383
0.427358,-0.648137
0.427096,-0.646891
0.426833,-0.645644
0.42657,-0.644398
0.426307,-0.643152
0.426044,-0.641906
0.425781,-0.64066
0.425518,-0.639413
0.425256,-0.638167
0.424993,-0.636921
0.42473,-0.635675
0.424467,-0.634429
0.424204,-0.633183
0.423941,-0.631936
0.423678,-0.63069
0.423416,-0.629444
0.423153,-0.628198
0.42289,-0.626952
0.422627,-0.625706
0.422364,-0.624459
0.422101,-0.623213
0.421838,-0.621967
0.421576,-0.620721
0.421313,-0.619475
0.42105,-0.618229
0.420787,-0.616982
0.420524,-0.615736
0.420261,-0.61449
0.419998,-0.613244
0.419736,-0.611998
0.419473,-0.610752
0.41921,-0.609505
0.418947,-0.608259
0.418684,-0.607013
0.418421,-0.605767
0.418159,-0.604521
0.417896,-0.603274
0.417633,-0.602028
0.41737,-0.600782
0.417107,-0.599536
0.416844,-0.59829
0.416581,-0.597044
0.416319,-0.595797
0.416056,-0.594551
0.416791,-0.59395
0.417527,-0.593349
0.418263,-0.592748
0.418998,-0.592147
0.419734,-0.591546
0.42047,-0.590945
0.421205,-0.590344
0.421941,-0.589743
0.422677,-0.589142
0.423412,-0.588541
0.424148,-0.58794
0.424884,-0.587339
0.425619,-0.586738
0.426355,-0.586137
0.427091,-0.585535
0.427826,-0.584934
0.428562,-0.584333
0.429298,-0.583732
0.430033,-0.583131
0.430769,-0.58253
0.431505,-0.581929
0.43224,-0.581328
0.432976,-0.580727
0.433712,-0.580126
0.434447,-0.579525
0.435183,-0.578924
0.435919,-0.578323
0.436654,-0.577722
0.43739,-0.577121
0.438126,-0.57652
0.438861,-0.575919
0.439597,-0.575318
0.440333,-0.574717
0.441068,-0.574116
0.441804,-0.573514
0.44254,-0.572913
0.443275,-0.572312
0.444011,-0.571711
0.444747,-0.57111
0.445482,-0.570509
0.446218,-0.569908
0.446954,-0.569307
0.44769,-0.568706
0.448425,-0.568105
0.449161,-0.567504
0.449897,-0.566903
0.450632,-0.566302
0.451368,-0.565701
0.452104,-0.5651
0.452839,-0.564499
0.453575,-0.563898
0.454311,-0.563297
0.455046,-0.562696
0.455782,-0.562094
0.456518,-0.561493
0.457253,-0.560892
0.457989,-0.560291
0.458725,-0.55969
0.45946,-0.559089
0.460196,-0.558488
0.460932,-0.557887
0.461667,-0.557286
0.462403,-0.556685
0.463139,-0.556084
0.463874,-0.555483
0.46461,-0.554882
0.465346,-0.554281
0.466081,-0.55368
0.466817,-0.553079
0.467553,-0.552478
0.468288,-0.551877
0.469024,-0.551276
0.46976,-0.550675
0.470495,-0.550073
0.471231,-0.549472
0.471967,-0.548871
0.472702,-0.54827
0.473438,-0.547669
0.474174,-0.547068
0.474909,-0.546467
0.475645,-0.545866
0.476381,-0.545265
0.477116,-0.544664
0.477852,-0.544063
0.478588,-0.543462
0.479323,-0.542861
0.480059,-0.54226
0.480795,-0.541659
0.48153,-0.541058
0.482266,-0.540457
0.483002,-0.539856
0.483737,-0.539255
0.484473,-0.538653
0.485209,-0.538052
0.485944,-0.537451
0.48668,-0.53685
0.487416,-0.536249
0.488151,-0.535648
0.488887,-0.535047
0.489623,-0.534446
0.490358,-0.533845
0.491094,-0.533244
0.49183,-0.532643
0.492565,-0.532042
0.493301,-0.531441
0.494037,-0.53084
0.494772,-0.530239
0.495508,-0.529638
0.496244,-0.529037
0.496979,-0.528436
0.497715,-0.527835
0.498451,-0.527233
0.499186,-0.526632
0.499922,-0.526031
0.500658,-0.52543
0.501393,-0.524829
0.502129,-0.524228
0.502865,-0.523627
0.5036,-0.523026
0.504336,-0.522425
0.505072,-0.521824
0.505807,-0.521223
0.506543,-0.520622
0.507279,-0.520021
0.508014,-0.51942
0.50875,-0.518819
0.509486,-0.518218
0.510221,-0.517617
0.510957,-0.517016
0.511693,-0.516415
0.512429,-0.515814
0.513164,-0.515212
0.5139,-0.514611
0.514636,-0.51401
0.515371,-0.513409
0.516107,-0.512808
0.516843,-0.512207
0.517578,-0.511606
0.518314,-0.511005
0.51905,-0.510404
0.519785,-0.509803
0.520521,-0.509202
0.521257,-0.508601
0.521992,-0.508
0.522728,-0.507399
0.523464,-0.506798
0.524199,-0.506197
0.524935,-0.505596
0.525671,-0.504995
