O
20
1,0,-1,0.78,-0.5,0.75,0.0,0.0,0.0,0.3,0.4,0.02,0,0.8,False
2,0,-1,1.1,-0.5,0.93,0.0,0.0,0.0,0.02,0.4,0.2,0,0.8,False
3,0,-1,0.78,-0.5,1.11,0.0,0.0,0.0,0.3,0.4,0.02,0,0.8,False
4,0,-1,0.8,-0.92,0.93,0.0,0.0,0.0,0.32,0.02,0.2,0,0.8,False
5,0,-1,0.8,-0.08,0.93,0.0,0.0,0.0,0.32,0.02,0.2,0,0.8,False
6,2,0,0.7226242287155022,-0.7014587367245994,0.8450000000000001,0.0,0.0,3.539788713025222,0.06734452008868227,0.06734452008868227,0.15,0.12129946579930062,1.13257167047437,False
7,0,0,0.6482349956192001,-0.20004605214026916,0.86,0.0,0.0,1.4243112250024272,0.05279275863435861,0.03,0.09,0.46797607058222557,0.8852592608002373,False
8,0,0,1.0147428009309163,-0.7409603306508615,0.86,0.0,0.0,4.431065572580196,0.03345996888827522,0.03852447091042764,0.09,0.3949905229119503,0.8107446956704665,False
9,0,0,0.708385970461948,-0.40187529840405234,0.8951097764792932,0.0,0.0,3.5302240392997737,0.05993489923237921,0.03,0.1251097764792932,0.04569950358183783,1.1392988346996524,False
10,2,0,0.8371180432073031,-0.4693057642102236,0.8450000000000001,0.0,0.0,2.9488125610450995,0.03264435711478191,0.03264435711478191,0.15,0.36705051010216005,1.0197671836050686,False
11,2,1,0.8598867760114492,-0.2809656678135827,0.8450000000000001,0.0,0.0,1.3134798420179266,0.04595608638688184,0.04595608638688184,0.15,0.27008924503782183,0.9282488008875021,True
12,2,1,0.8977063161287281,-0.8237802952205973,0.8450000000000001,0.0,0.0,3.322909081977874,0.03,0.03,0.15,0.09672514795945764,0.8790444736805311,True
13,2,1,0.9729966290678218,-0.36710655335114806,0.8450000000000001,0.0,0.0,3.34952786441179,0.03,0.03,0.15,0.07668663322276376,0.9816406912958237,True
14,0,1,0.9466213946217101,-0.47195247951661123,0.86,0.0,0.0,2.204683836553916,0.03861418506455012,0.03,0.09,0.2948202551440524,1.086833131981048,True
15,2,1,0.967278795978989,-0.2122175482360018,0.8450000000000001,0.0,0.0,5.974695833985272,0.03,0.03,0.15,0.2629127441969232,1.025572469970048,True
16,2,1,0.6126491826025705,-0.5140081086341441,0.8490210693252775,0.0,0.0,5.683800129403338,0.03,0.03,0.15804213865055494,0.40005193107682435,1.1785968803815112,True
17,0,1,0.7758401056187572,-0.1437516294901302,0.9061053458803027,0.0,0.0,4.798334315273018,0.03,0.03,0.13610534588030265,0.4394007334416902,0.8695755002875956,True
18,0,1,0.5360049248469924,-0.30737603016348214,0.9170336897883871,0.0,0.0,1.5267985386454725,0.05016041216155617,0.03,0.14703368978838702,0.2653012830347181,1.1199846823066726,True
19,2,1,0.8919558927507885,-0.6313171229840242,0.8450000000000001,0.0,0.0,4.73666374641152,0.03,0.03,0.15,0.14016195513868424,1.0409869871440518,True
20,0,1,0.7187398926927449,-0.5163065228209581,0.9167797594099658,0.0,0.0,1.8880374374567093,0.03,0.03,0.14677975940996585,0.34863804026958406,1.1113631181857992,True
R
0.0,0.0,0.0,0.0,0.0,0.0,1.0
S
8
torso_lift_joint,0
r_shoulder_pan_joint,-1.69017
r_shoulder_lift_joint,-0.0788625
r_upper_arm_roll_joint,-1.69017
r_elbow_flex_joint,-1.2717
r_forearm_roll_joint,-0.151824
r_wrist_flex_joint,-1.25254
r_wrist_roll_joint,0.675062
G
0.611276,-0.441637,0.89511,0.388631,-0,0
ooi
9
A
599
0.310248,-0.673113
0.311375,-0.672369
0.312502,-0.671625
0.313629,-0.670881
0.314756,-0.670137
0.315883,-0.669393
0.31701,-0.668649
0.318137,-0.667905
0.319264,-0.667161
0.320391,-0.666417
0.321518,-0.665673
0.322645,-0.664929
0.323772,-0.664185
0.324899,-0.663441
0.326026,-0.662697
0.327153,-0.661953
0.32828,-0.661209
0.329407,-0.660465
0.330534,-0.659721
0.331661,-0.658977
0.332788,-0.658233
0.333914,-0.657489
0.335041,-0.656745
0.336168,-0.656001
0.337295,-0.655257
0.338422,-0.654513
0.339549,-0.653769
0.340676,-0.653025
0.341803,-0.652281
0.34293,-0.651537
0.344057,-0.650793
0.345184,-0.650049
0.346311,-0.649305
0.347438,-0.648561
0.348565,-0.647817
0.349692,-0.647073
0.350819,-0.646329
0.351946,-0.645585
0.353073,-0.644841
0.3542,-0.644097
0.355327,-0.643353
0.356454,-0.642609
0.357581,-0.641865
0.358708,-0.641121
0.359835,-0.640377
0.360962,-0.639633
0.362089,-0.638889
0.363216,-0.638145
0.364343,-0.637401
0.36547,-0.636657
0.366597,-0.635913
0.367724,-0.635169
0.36885,-0.634425
0.369977,-0.633681
0.371104,-0.632937
0.372231,-0.632193
0.373358,-0.631449
0.374485,-0.630705
0.375612,-0.629961
0.376739,-0.629217
0.377866,-0.628473
0.378993,-0.627729
0.38012,-0.626985
0.381247,-0.626241
0.382374,-0.625497
0.383501,-0.624753
0.384628,-0.624009
0.385755,-0.623265
0.386882,-0.622521
0.388009,-0.621777
0.389136,-0.621033
0.390263,-0.620289
0.39139,-0.619545
0.392517,-0.618801
0.393644,-0.618057
0.394771,-0.617313
0.395898,-0.616569
0.397025,-0.615825
0.398152,-0.615081
0.399279,-0.614337
0.400406,-0.613593
0.401533,-0.612849
0.402659,-0.612105
0.403786,-0.611361
0.404913,-0.610617
0.40604,-0.609873
0.407167,-0.609129
0.408294,-0.608385
0.409421,-0.607641
0.410548,-0.606897
0.411675,-0.606153
0.412802,-0.605409
0.413929,-0.604665
0.415056,-0.603921
0.416183,-0.603177
0.41731,-0.602433
0.418437,-0.601689
0.419564,-0.600945
0.420691,-0.600201
0.421818,-0.599457
0.422945,-0.598713
0.424072,-0.597969
0.425199,-0.597225
0.426326,-0.596481
0.427453,-0.595737
0.42858,-0.594993
0.429707,-0.594249
0.430834,-0.593505
0.431961,-0.592761
0.433088,-0.592017
0.434215,-0.591273
0.435342,-0.590529
0.436469,-0.589785
0.437595,-0.589041
0.438722,-0.588297
0.439849,-0.587553
0.440976,-0.586809
0.442103,-0.586065
0.44323,-0.585321
0.444357,-0.584577
0.445484,-0.583833
0.446611,-0.583089
0.447738,-0.582345
0.448865,-0.581601
0.449992,-0.580857
0.451119,-0.580113
0.452246,-0.579369
0.453373,-0.578625
0.4545,-0.577881
0.455627,-0.577137
0.456754,-0.576392
0.457881,-0.575648
0.459008,-0.574904
0.460135,-0.57416
0.461262,-0.573416
0.462389,-0.572672
0.463516,-0.571928
0.464643,-0.571184
0.46577,-0.57044
0.466897,-0.569696
0.468024,-0.568952
0.469151,-0.568208
0.470278,-0.567464
0.471404,-0.56672
0.472531,-0.565976
0.473658,-0.565232
0.474785,-0.564488
0.475912,-0.563744
0.477039,-0.563
0.478166,-0.562256
0.479293,-0.561512
0.479763,-0.561719
0.480232,-0.561926
0.480701,-0.562132
0.48117,-0.562339
0.48164,-0.562546
0.482109,-0.562752
0.482578,-0.562959
0.483048,-0.563165
0.483517,-0.563372
0.483986,-0.563579
0.484456,-0.563785
0.484925,-0.563992
0.485394,-0.564199
0.485864,-0.564405
0.486333,-0.564612
0.486802,-0.564818
0.487271,-0.565025
0.487741,-0.565232
0.48821,-0.565438
0.488679,-0.565645
0.489149,-0.565852
0.489618,-0.566058
0.490087,-0.566265
0.490557,-0.566471
0.491026,-0.566678
0.491495,-0.566885
0.491965,-0.567091
0.492434,-0.567298
0.492903,-0.567505
0.493372,-0.567711
0.493842,-0.567918
0.494311,-0.568124
0.49478,-0.568331
0.49525,-0.568538
0.495719,-0.568744
0.496188,-0.568951
0.496658,-0.569158
0.497127,-0.569364
0.497596,-0.569571
0.498066,-0.569778
0.498535,-0.569984
0.499004,-0.570191
0.499473,-0.570397
0.499943,-0.570604
0.500412,-0.570811
0.500881,-0.571017
0.501351,-0.571224
0.50182,-0.571431
0.502289,-0.571637
0.502759,-0.571844
0.503228,-0.57205
0.503697,-0.572257
0.504167,-0.572464
0.504636,-0.57267
0.505105,-0.572877
0.505574,-0.573084
0.506044,-0.57329
0.506513,-0.573497
0.506982,-0.573703
0.507452,-0.57391
0.507921,-0.574117
0.50839,-0.574323
0.50886,-0.57453
0.509329,-0.574737
0.509798,-0.574943
0.510267,-0.57515
0.510737,-0.575356
0.511206,-0.575563
0.511675,-0.57577
0.512145,-0.575976
0.512614,-0.576183
0.513083,-0.57639
0.513553,-0.576596
0.514022,-0.576803
0.514491,-0.577009
0.514961,-0.577216
0.51543,-0.577423
0.515899,-0.577629
0.516368,-0.577836
0.516838,-0.578043
0.517307,-0.578249
0.517776,-0.578456
0.518246,-0.578663
0.518715,-0.578869
0.519184,-0.579076
0.519654,-0.579282
0.520123,-0.579489
0.520592,-0.579696
0.521062,-0.579902
0.521531,-0.580109
0.522,-0.580316
0.522469,-0.580522
0.522939,-0.580729
0.523408,-0.580935
0.523877,-0.581142
0.524347,-0.581349
0.524816,-0.581555
0.525285,-0.581762
0.525755,-0.581969
0.526224,-0.582175
0.526693,-0.582382
0.527163,-0.582588
0.527632,-0.582795
0.528101,-0.583002
0.52857,-0.583208
0.52904,-0.583415
0.529509,-0.583622
0.529978,-0.583828
0.530448,-0.584035
0.530917,-0.584241
0.531386,-0.584448
0.531856,-0.584655
0.532325,-0.584861
0.532794,-0.585068
0.533264,-0.585275
0.533733,-0.585481
0.534202,-0.585688
0.534671,-0.585894
0.535141,-0.586101
0.53561,-0.586308
0.536079,-0.586514
0.536549,-0.586721
0.537018,-0.586928
0.537487,-0.587134
0.537957,-0.587341
0.538426,-0.587548
0.538895,-0.587754
0.539364,-0.587961
0.539834,-0.588167
0.540303,-0.588374
0.540772,-0.588581
0.541242,-0.588787
0.541711,-0.588994
0.54218,-0.589201
0.54265,-0.589407
0.543119,-0.589614
0.543588,-0.58982
0.544058,-0.590027
0.544527,-0.590234
0.544996,-0.59044
0.545465,-0.590647
0.545935,-0.590854
0.546404,-0.59106
0.546873,-0.591267
0.547343,-0.591473
0.547812,-0.59168
0.548281,-0.591887
0.548751,-0.592093
0.54922,-0.5923
0.548895,-0.591336
0.548571,-0.590371
0.548246,-0.589407
0.547921,-0.588443
0.547597,-0.587478
0.547272,-0.586514
0.546947,-0.585549
0.546623,-0.584585
0.546298,-0.583621
0.545973,-0.582656
0.545649,-0.581692
0.545324,-0.580728
0.544999,-0.579763
0.544675,-0.578799
0.54435,-0.577835
0.544025,-0.57687
0.543701,-0.575906
0.543376,-0.574942
0.543051,-0.573977
0.542727,-0.573013
0.542402,-0.572048
0.542077,-0.571084
0.541753,-0.57012
0.541428,-0.569155
0.541103,-0.568191
0.540779,-0.567227
0.540454,-0.566262
0.540129,-0.565298
0.539805,-0.564334
0.53948,-0.563369
0.539155,-0.562405
0.538831,-0.561441
0.538506,-0.560476
0.538181,-0.559512
0.537857,-0.558547
0.537532,-0.557583
0.537207,-0.556619
0.536883,-0.555654
0.536558,-0.55469
0.536233,-0.553726
0.535909,-0.552761
0.535584,-0.551797
0.535259,-0.550833
0.534935,-0.549868
0.53461,-0.548904
0.534285,-0.54794
0.533961,-0.546975
0.533636,-0.546011
0.533311,-0.545046
0.532987,-0.544082
0.532662,-0.543118
0.532337,-0.542153
0.532013,-0.541189
0.531688,-0.540225
0.531363,-0.53926
0.531039,-0.538296
0.530714,-0.537332
0.530389,-0.536367
0.530065,-0.535403
0.52974,-0.534439
0.529415,-0.533474
0.529091,-0.53251
0.528766,-0.531545
0.528442,-0.530581
0.528117,-0.529617
0.527792,-0.528652
0.527468,-0.527688
0.527143,-0.526724
0.526818,-0.525759
0.526494,-0.524795
0.526169,-0.523831
0.525844,-0.522866
0.52552,-0.521902
0.525195,-0.520938
0.52487,-0.519973
0.524546,-0.519009
0.524221,-0.518044
0.523896,-0.51708
0.523572,-0.516116
0.523247,-0.515151
0.522922,-0.514187
0.522598,-0.513223
0.522273,-0.512258
0.521948,-0.511294
0.521624,-0.51033
0.521299,-0.509365
0.520974,-0.508401
0.52065,-0.507437
0.520325,-0.506472
0.52,-0.505508
0.519676,-0.504543
0.519351,-0.503579
0.519026,-0.502615
0.518702,-0.50165
0.518377,-0.500686
0.518052,-0.499722
0.517728,-0.498757
0.517403,-0.497793
0.517078,-0.496829
0.516754,-0.495864
0.516429,-0.4949
0.516104,-0.493936
0.51578,-0.492971
0.515455,-0.492007
0.51513,-0.491043
0.514806,-0.490078
0.514481,-0.489114
0.514156,-0.488149
0.513832,-0.487185
0.513507,-0.486221
0.513182,-0.485256
0.512858,-0.484292
0.512533,-0.483328
0.512208,-0.482363
0.511884,-0.481399
0.511559,-0.480435
0.511234,-0.47947
0.51091,-0.478506
0.510585,-0.477542
0.51026,-0.476577
0.509936,-0.475613
0.509611,-0.474648
0.509286,-0.473684
0.508962,-0.47272
0.508637,-0.471755
0.508312,-0.470791
0.507988,-0.469827
0.507663,-0.468862
0.507338,-0.467898
0.507014,-0.466934
0.506689,-0.465969
0.506364,-0.465005
0.50604,-0.464041
0.505715,-0.463076
0.50539,-0.462112
0.505066,-0.461147
0.504741,-0.460183
0.504416,-0.459219
0.504092,-0.458254
0.503767,-0.45729
0.503442,-0.456326
0.503118,-0.455361
0.502793,-0.454397
0.502468,-0.453433
0.502144,-0.452468
0.501819,-0.451504
0.501494,-0.45054
0.50117,-0.449575
0.500845,-0.448611
0.50052,-0.447646
0.501264,-0.447606
0.502007,-0.447566
0.50275,-0.447525
0.503494,-0.447485
0.504237,-0.447445
0.50498,-0.447404
0.505724,-0.447364
0.506467,-0.447324
0.50721,-0.447283
0.507954,-0.447243
0.508697,-0.447203
0.50944,-0.447163
0.510184,-0.447122
0.510927,-0.447082
0.51167,-0.447042
0.512414,-0.447001
0.513157,-0.446961
0.5139,-0.446921
0.514644,-0.44688
0.515387,-0.44684
0.51613,-0.4468
0.516874,-0.446759
0.517617,-0.446719
0.51836,-0.446679
0.519104,-0.446638
0.519847,-0.446598
0.52059,-0.446558
0.521334,-0.446517
0.522077,-0.446477
0.52282,-0.446437
0.523564,-0.446396
0.524307,-0.446356
0.52505,-0.446316
0.525794,-0.446275
0.526537,-0.446235
0.52728,-0.446195
0.528024,-0.446154
0.528767,-0.446114
0.52951,-0.446074
0.530254,-0.446033
0.530997,-0.445993
0.53174,-0.445953
0.532484,-0.445912
0.533227,-0.445872
0.53397,-0.445832
0.534714,-0.445791
0.535457,-0.445751
0.5362,-0.445711
0.536944,-0.44567
0.537687,-0.44563
0.53843,-0.44559
0.539174,-0.445549
0.539917,-0.445509
0.54066,-0.445469
0.541403,-0.445428
0.542147,-0.445388
0.54289,-0.445348
0.543633,-0.445307
0.544377,-0.445267
0.54512,-0.445227
0.545863,-0.445186
0.546607,-0.445146
0.54735,-0.445106
0.548093,-0.445065
0.548837,-0.445025
0.54958,-0.444985
0.550323,-0.444944
0.551067,-0.444904
0.55181,-0.444864
0.552553,-0.444823
0.553297,-0.444783
0.55404,-0.444743
0.554783,-0.444702
0.555527,-0.444662
0.55627,-0.444622
0.557013,-0.444581
0.557757,-0.444541
0.5585,-0.444501
0.559243,-0.44446
0.559987,-0.44442
0.56073,-0.44438
0.561473,-0.444339
0.562217,-0.444299
0.56296,-0.444259
0.563703,-0.444219
0.564447,-0.444178
0.56519,-0.444138
0.565933,-0.444098
0.566677,-0.444057
0.56742,-0.444017
0.568163,-0.443977
0.568907,-0.443936
0.56965,-0.443896
0.570393,-0.443856
0.571137,-0.443815
0.57188,-0.443775
0.572623,-0.443735
0.573367,-0.443694
0.57411,-0.443654
0.574853,-0.443614
0.575597,-0.443573
0.57634,-0.443533
0.577083,-0.443493
0.577827,-0.443452
0.57857,-0.443412
0.579313,-0.443372
0.580056,-0.443331
0.5808,-0.443291
0.581543,-0.443251
0.582286,-0.44321
0.58303,-0.44317
0.583773,-0.44313
0.584516,-0.443089
0.58526,-0.443049
0.586003,-0.443009
0.586746,-0.442968
0.58749,-0.442928
0.588233,-0.442888
0.588976,-0.442847
0.58972,-0.442807
0.590463,-0.442767
0.591206,-0.442726
0.59195,-0.442686
0.592693,-0.442646
0.593436,-0.442605
0.59418,-0.442565
0.594923,-0.442525
0.595666,-0.442484
0.59641,-0.442444
0.597153,-0.442404
0.597896,-0.442363
0.59864,-0.442323
0.599383,-0.442283
0.600126,-0.442242
0.60087,-0.442202
0.601613,-0.442162
0.602356,-0.442121
0.6031,-0.442081
0.603843,-0.442041
0.604586,-0.442
0.60533,-0.44196
0.606073,-0.44192
0.606816,-0.441879
0.60756,-0.441839
0.608303,-0.441799
0.609046,-0.441758
0.60979,-0.441718
0.610533,-0.441678
0.611276,-0.441637
