O
20
1,0,-1,0.78,-0.5,0.75,0.0,0.0,0.0,0.3,0.4,0.02,0,0.8,False
2,0,-1,1.1,-0.5,0.93,0.0,0.0,0.0,0.02,0.4,0.2,0,0.8,False
3,0,-1,0.78,-0.5,1.11,0.0,0.0,0.0,0.3,0.4,0.02,0,0.8,False
4,0,-1,0.8,-0.92,0.93,0.0,0.0,0.0,0.32,0.02,0.2,0,0.8,False
5,0,-1,0.8,-0.08,0.93,0.0,0.0,0.0,0.32,0.02,0.2,0,0.8,False
6,2,0,0.6414509990384607,-0.26119544447818177,0.8450000000000001,0.0,0.0,5.467593396261683,0.07558210877458453,0.07558210877458453,0.15,0.00016380408746258235,1.0455724047361832,False
7,2,0,0.6527390633045816,-0.46779535549149914,0.8482243345642759,0.0,0.0,3.06357051052052,0.056704915316649014,0.056704915316649014,0.15644866912855182,0.16370674479359232,1.0601848719501885,False
8,0,0,0.9363216059278561,-0.8027102548318068,0.86,0.0,0.0,3.8271154051450056,0.04895826301107145,0.03,0.09,0.2649264117522229,0.8826948319255006,False
9,2,0,0.9053964602679824,-0.16772320203788582,0.8450000000000001,0.0,0.0,2.9383870156221152,0.034002980898269496,0.034002980898269496,0.15,0.4021001197545146,0.8103842513168339,False
10,0,0,0.6724946043138191,-0.6768404664135261,0.8737132465149635,0.0,0.0,4.9588270920349276,0.03,0.03,0.10371324651496353,0.07933232081370928,1.1223018950346106,False
11,0,1,0.967154347573896,-0.34831054499094627,0.9095999932561399,0.0,0.0,5.0073424996840705,0.03260398004580691,0.03,0.1395999932561399,0.3104067523236122,0.9938310728547559,True
12,2,1,0.9283718145386548,-0.6639632882289392,0.8450000000000001,0.0,0.0,4.660670283479077,0.03,0.03,0.15,0.4891468229220755,1.0249747825970665,True
13,2,1,0.9857970562756737,-0.4814673121951308,0.8450000000000001,0.0,0.0,0.07722010241122865,0.045485427328531974,0.045485427328531974,0.15,0.49608703330918075,0.8259159988168004,True
14,2,1,0.8265381085876498,-0.35041259050918594,0.8450000000000001,0.0,0.0,1.8787223600857468,0.04821255996106625,0.04821255996106625,0.15,0.13769387844148218,0.8641085037669106,True
15,2,1,0.7831309659299444,-0.6870969719173805,0.8450000000000001,0.0,0.0,5.522293247930494,0.03,0.03,0.15,0.04131673534150865,0.9520818133630061,True
16,2,1,0.7681959182034994,-0.5266159444310781,0.8450000000000001,0.0,0.0,1.1461502953768503,0.03,0.03,0.15,0.41348379800031965,1.056858042173086,True
17,2,1,0.582095205071395,-0.7324301938944828,0.8450000000000001,0.0,0.0,1.620372473324909,0.03259586577323936,0.03259586577323936,0.15,0.4098705553766213,0.8809337462336222,True
18,0,1,0.870059976822918,-0.5145711910134307,0.86,0.0,0.0,1.6341801292005138,0.05359085566847819,0.03,0.09,0.14288297453210153,1.180788172665162,True
19,2,1,0.6979066195136991,-0.8096473861776738,0.8450000000000001,0.0,0.0,5.931690405913971,0.03,0.03,0.15,0.38538246447999586,1.0391350992919153,True
20,2,1,1.025067604603204,-0.5838108177714919,0.859560032672644,0.0,0.0,6.191543417689872,0.037694116133492044,0.037694116133492044,0.17912006534528815,0.3915234134692315,1.0600819683396199,True
R
0.0,0.0,0.0,0.0,0.0,0.0,1.0
S
8
torso_lift_joint,0
r_shoulder_pan_joint,-1.69017
r_shoulder_lift_joint,-0.0788625
r_upper_arm_roll_joint,-1.69017
r_elbow_flex_joint,-1.2717
r_forearm_roll_joint,-0.151824
r_wrist_flex_joint,-1.25254
r_wrist_roll_joint,0.675062
G
0.599761,-0.695137,0.873713,0.246438,-0,0
ooi
10
A
599
0.310248,-0.673113
0.310658,-0.674024
0.311067,-0.674935
0.311477,-0.675847
0.311886,-0.676758
0.312295,-0.677669
0.312705,-0.67858
0.313114,-0.679491
0.313524,-0.680403
0.313933,-0.681314
0.314343,-0.682225
0.314752,-0.683136
0.315162,-0.684047
0.315571,-0.684959
0.315981,-0.68587
0.31639,-0.686781
0.316799,-0.687692
0.317209,-0.688603
0.317618,-0.689515
0.318028,-0.690426
0.318437,-0.691337
0.318847,-0.692248
0.319256,-0.693159
0.319666,-0.694071
0.320075,-0.694982
0.320485,-0.695893
0.320894,-0.696804
0.321303,-0.697715
0.321713,-0.698627
0.322122,-0.699538
0.322532,-0.700449
0.322941,-0.70136
0.323351,-0.702271
0.32376,-0.703183
0.32417,-0.704094
0.324579,-0.705005
0.324989,-0.705916
0.325398,-0.706827
0.325807,-0.707739
0.326217,-0.70865
0.326626,-0.709561
0.327036,-0.710472
0.327445,-0.711383
0.327855,-0.712295
0.328264,-0.713206
0.328674,-0.714117
0.329083,-0.715028
0.329493,-0.715939
0.329902,-0.716851
0.330311,-0.717762
0.330721,-0.718673
0.33113,-0.719584
0.33154,-0.720495
0.331949,-0.721407
0.332359,-0.722318
0.332768,-0.723229
0.333178,-0.72414
0.333587,-0.725051
0.333997,-0.725963
0.334406,-0.726874
0.334815,-0.727785
0.335225,-0.728696
0.335634,-0.729607
0.336044,-0.730519
0.336453,-0.73143
0.336863,-0.732341
0.337272,-0.733252
0.337682,-0.734163
0.338091,-0.735075
0.3385,-0.735986
0.33891,-0.736897
0.339319,-0.737808
0.339729,-0.738719
0.340138,-0.739631
0.340548,-0.740542
0.340957,-0.741453
0.341367,-0.742364
0.341776,-0.743275
0.342186,-0.744187
0.342595,-0.745098
0.343004,-0.746009
0.343414,-0.74692
0.343823,-0.747831
0.344233,-0.748743
0.344642,-0.749654
0.345052,-0.750565
0.345461,-0.751476
0.345871,-0.752387
0.34628,-0.753299
0.34669,-0.75421
0.347099,-0.755121
0.347508,-0.756032
0.347918,-0.756943
0.348327,-0.757855
0.348737,-0.758766
0.349146,-0.759677
0.349556,-0.760588
0.349965,-0.761499
0.350375,-0.762411
0.350784,-0.763322
0.351194,-0.764233
0.351603,-0.765144
0.352012,-0.766055
0.352422,-0.766967
0.352831,-0.767878
0.353241,-0.768789
0.35365,-0.7697
0.35406,-0.770611
0.354469,-0.771523
0.354879,-0.772434
0.355288,-0.773345
0.355698,-0.774256
0.356107,-0.775167
0.356516,-0.776079
0.356926,-0.77699
0.357335,-0.777901
0.357745,-0.778812
0.358154,-0.779723
0.358564,-0.780635
0.358973,-0.781546
0.359383,-0.782457
0.359792,-0.783368
0.360202,-0.784279
0.360611,-0.78519
0.36102,-0.786102
0.36143,-0.787013
0.361839,-0.787924
0.362249,-0.788835
0.362658,-0.789746
0.363068,-0.790658
0.363477,-0.791569
0.363887,-0.79248
0.364296,-0.793391
0.364706,-0.794302
0.365115,-0.795214
0.365524,-0.796125
0.365934,-0.797036
0.366343,-0.797947
0.366753,-0.798858
0.367162,-0.79977
0.367572,-0.800681
0.367981,-0.801592
0.368391,-0.802503
0.3688,-0.803414
0.36921,-0.804326
0.369619,-0.805237
0.370028,-0.806148
0.370438,-0.807059
0.370847,-0.80797
0.371257,-0.808882
0.371666,-0.809793
0.371947,-0.809326
0.372228,-0.808859
0.372509,-0.808393
0.37279,-0.807926
0.373071,-0.807459
0.373352,-0.806992
0.373633,-0.806525
0.373914,-0.806059
0.374195,-0.805592
0.374476,-0.805125
0.374757,-0.804658
0.375038,-0.804192
0.37532,-0.803725
0.375601,-0.803258
0.375882,-0.802791
0.376163,-0.802324
0.376444,-0.801858
0.376725,-0.801391
0.377006,-0.800924
0.377287,-0.800457
0.377568,-0.799991
0.377849,-0.799524
0.37813,-0.799057
0.378411,-0.79859
0.378692,-0.798123
0.378973,-0.797657
0.379254,-0.79719
0.379535,-0.796723
0.379816,-0.796256
0.380097,-0.79579
0.380378,-0.795323
0.380659,-0.794856
0.38094,-0.794389
0.381221,-0.793922
0.381502,-0.793456
0.381783,-0.792989
0.382064,-0.792522
0.382345,-0.792055
0.382626,-0.791589
0.382907,-0.791122
0.383188,-0.790655
0.383469,-0.790188
0.38375,-0.789721
0.384031,-0.789255
0.384312,-0.788788
0.384593,-0.788321
0.384874,-0.787854
0.385155,-0.787388
0.385436,-0.786921
0.385717,-0.786454
0.385998,-0.785987
0.386279,-0.78552
0.38656,-0.785054
0.386841,-0.784587
0.387122,-0.78412
0.387403,-0.783653
0.387684,-0.783187
0.387965,-0.78272
0.388246,-0.782253
0.388527,-0.781786
0.388808,-0.781319
0.389089,-0.780853
0.38937,-0.780386
0.389651,-0.779919
0.389932,-0.779452
0.390214,-0.778986
0.390495,-0.778519
0.390776,-0.778052
0.391057,-0.777585
0.391338,-0.777118
0.391619,-0.776652
0.3919,-0.776185
0.392181,-0.775718
0.392462,-0.775251
0.392743,-0.774785
0.393024,-0.774318
0.393305,-0.773851
0.393586,-0.773384
0.393867,-0.772917
0.394148,-0.772451
0.394429,-0.771984
0.39471,-0.771517
0.394991,-0.77105
0.395272,-0.770584
0.395553,-0.770117
0.395834,-0.76965
0.396115,-0.769183
0.396396,-0.768716
0.396677,-0.76825
0.396958,-0.767783
0.397239,-0.767316
0.39752,-0.766849
0.397801,-0.766383
0.398082,-0.765916
0.398363,-0.765449
0.398644,-0.764982
0.398925,-0.764515
0.399206,-0.764049
0.399487,-0.763582
0.399768,-0.763115
0.400049,-0.762648
0.40033,-0.762182
0.400611,-0.761715
0.400892,-0.761248
0.401173,-0.760781
0.401454,-0.760314
0.401735,-0.759848
0.402016,-0.759381
0.402297,-0.758914
0.402578,-0.758447
0.402859,-0.757981
0.40314,-0.757514
0.403421,-0.757047
0.403702,-0.75658
0.403983,-0.756113
0.404264,-0.755647
0.404545,-0.75518
0.404826,-0.754713
0.405108,-0.754246
0.405389,-0.75378
0.40567,-0.753313
0.405951,-0.752846
0.406232,-0.752379
0.406513,-0.751912
0.406794,-0.751446
0.407075,-0.750979
0.407356,-0.750512
0.407637,-0.750045
0.407918,-0.749579
0.408199,-0.749112
0.40848,-0.748645
0.408761,-0.748178
0.409042,-0.747711
0.409323,-0.747245
0.409604,-0.746778
0.409885,-0.746311
0.410166,-0.745844
0.410447,-0.745378
0.410728,-0.744911
0.411009,-0.744444
0.41129,-0.743977
0.411571,-0.74351
0.411852,-0.743044
0.412133,-0.742577
0.412414,-0.74211
0.412695,-0.741643
0.412976,-0.741177
0.413257,-0.74071
0.413538,-0.740243
0.413526,-0.740132
0.413513,-0.740022
0.413501,-0.739911
0.413488,-0.7398
0.413476,-0.73969
0.413463,-0.739579
0.413451,-0.739468
0.413439,-0.739358
0.413426,-0.739247
0.413414,-0.739136
0.413401,-0.739026
0.413389,-0.738915
0.413376,-0.738804
0.413364,-0.738694
0.413352,-0.738583
0.413339,-0.738472
0.413327,-0.738362
0.413314,-0.738251
0.413302,-0.73814
0.413289,-0.73803
0.413277,-0.737919
0.413265,-0.737808
0.413252,-0.737698
0.41324,-0.737587
0.413227,-0.737476
0.413215,-0.737366
0.413202,-0.737255
0.41319,-0.737144
0.413178,-0.737034
0.413165,-0.736923
0.413153,-0.736812
0.41314,-0.736702
0.413128,-0.736591
0.413115,-0.73648
0.413103,-0.73637
0.413091,-0.736259
0.413078,-0.736148
0.413066,-0.736038
0.413053,-0.735927
0.413041,-0.735816
0.413028,-0.735706
0.413016,-0.735595
0.413004,-0.735484
0.412991,-0.735374
0.412979,-0.735263
0.412966,-0.735152
0.412954,-0.735042
0.412941,-0.734931
0.412929,-0.73482
0.412917,-0.73471
0.412904,-0.734599
0.412892,-0.734488
0.412879,-0.734378
0.412867,-0.734267
0.412854,-0.734156
0.412842,-0.734046
0.41283,-0.733935
0.412817,-0.733824
0.412805,-0.733714
0.412792,-0.733603
0.41278,-0.733493
0.412767,-0.733382
0.412755,-0.733271
0.412743,-0.733161
0.41273,-0.73305
0.412718,-0.732939
0.412705,-0.732829
0.412693,-0.732718
0.41268,-0.732607
0.412668,-0.732497
0.412656,-0.732386
0.412643,-0.732275
0.412631,-0.732165
0.412618,-0.732054
0.412606,-0.731943
0.412593,-0.731833
0.412581,-0.731722
0.412569,-0.731611
0.412556,-0.731501
0.412544,-0.73139
0.412531,-0.731279
0.412519,-0.731169
0.412506,-0.731058
0.412494,-0.730947
0.412481,-0.730837
0.412469,-0.730726
0.412457,-0.730615
0.412444,-0.730505
0.412432,-0.730394
0.412419,-0.730283
0.412407,-0.730173
0.412394,-0.730062
0.412382,-0.729951
0.41237,-0.729841
0.412357,-0.72973
0.412345,-0.729619
0.412332,-0.729509
0.41232,-0.729398
0.412307,-0.729287
0.412295,-0.729177
0.412283,-0.729066
0.41227,-0.728955
0.412258,-0.728845
0.412245,-0.728734
0.412233,-0.728623
0.41222,-0.728513
0.412208,-0.728402
0.412196,-0.728291
0.412183,-0.728181
0.412171,-0.72807
0.412158,-0.727959
0.412146,-0.727849
0.412133,-0.727738
0.412121,-0.727627
0.412109,-0.727517
0.412096,-0.727406
0.412084,-0.727295
0.412071,-0.727185
0.412059,-0.727074
0.412046,-0.726963
0.412034,-0.726853
0.412022,-0.726742
0.412009,-0.726631
0.411997,-0.726521
0.411984,-0.72641
0.411972,-0.726299
0.411959,-0.726189
0.411947,-0.726078
0.411935,-0.725967
0.411922,-0.725857
0.41191,-0.725746
0.411897,-0.725635
0.411885,-0.725525
0.411872,-0.725414
0.41186,-0.725303
0.411848,-0.725193
0.411835,-0.725082
0.411823,-0.724971
0.41181,-0.724861
0.411798,-0.72475
0.411785,-0.724639
0.411773,-0.724529
0.411761,-0.724418
0.411748,-0.724307
0.411736,-0.724197
0.411723,-0.724086
0.411711,-0.723975
0.411698,-0.723865
0.411686,-0.723754
0.411674,-0.723643
0.412936,-0.723452
0.414198,-0.723261
0.415461,-0.723069
0.416723,-0.722878
0.417985,-0.722687
0.419247,-0.722495
0.42051,-0.722304
0.421772,-0.722113
0.423034,-0.721922
0.424297,-0.72173
0.425559,-0.721539
0.426821,-0.721348
0.428084,-0.721156
0.429346,-0.720965
0.430608,-0.720774
0.431871,-0.720582
0.433133,-0.720391
0.434395,-0.7202
0.435658,-0.720008
0.43692,-0.719817
0.438182,-0.719626
0.439445,-0.719434
0.440707,-0.719243
0.441969,-0.719052
0.443232,-0.71886
0.444494,-0.718669
0.445756,-0.718478
0.447019,-0.718286
0.448281,-0.718095
0.449543,-0.717904
0.450806,-0.717712
0.452068,-0.717521
0.45333,-0.71733
0.454593,-0.717139
0.455855,-0.716947
0.457117,-0.716756
0.45838,-0.716565
0.459642,-0.716373
0.460904,-0.716182
0.462167,-0.715991
0.463429,-0.715799
0.464691,-0.715608
0.465954,-0.715417
0.467216,-0.715225
0.468478,-0.715034
0.469741,-0.714843
0.471003,-0.714651
0.472265,-0.71446
0.473528,-0.714269
0.47479,-0.714077
0.476052,-0.713886
0.477315,-0.713695
0.478577,-0.713503
0.479839,-0.713312
0.481102,-0.713121
0.482364,-0.71293
0.483626,-0.712738
0.484889,-0.712547
0.486151,-0.712356
0.487413,-0.712164
0.488676,-0.711973
0.489938,-0.711782
0.4912,-0.71159
0.492463,-0.711399
0.493725,-0.711208
0.494987,-0.711016
0.49625,-0.710825
0.497512,-0.710634
0.498774,-0.710442
0.500037,-0.710251
0.501299,-0.71006
0.502561,-0.709868
0.503824,-0.709677
0.505086,-0.709486
0.506348,-0.709294
0.507611,-0.709103
0.508873,-0.708912
0.510135,-0.70872
0.511398,-0.708529
0.51266,-0.708338
0.513922,-0.708147
0.515184,-0.707955
0.516447,-0.707764
0.517709,-0.707573
0.518971,-0.707381
0.520234,-0.70719
0.521496,-0.706999
0.522758,-0.706807
0.524021,-0.706616
0.525283,-0.706425
0.526545,-0.706233
0.527808,-0.706042
0.52907,-0.705851
0.530332,-0.705659
0.531595,-0.705468
0.532857,-0.705277
0.534119,-0.705085
0.535382,-0.704894
0.536644,-0.704703
0.537906,-0.704511
0.539169,-0.70432
0.540431,-0.704129
0.541693,-0.703937
0.542956,-0.703746
0.544218,-0.703555
0.54548,-0.703364
0.546743,-0.703172
0.548005,-0.702981
0.549267,-0.70279
0.55053,-0.702598
0.551792,-0.702407
0.553054,-0.702216
0.554317,-0.702024
0.555579,-0.701833
0.556841,-0.701642
0.558104,-0.70145
0.559366,-0.701259
0.560628,-0.701068
0.561891,-0.700876
0.563153,-0.700685
0.564415,-0.700494
0.565678,-0.700302
0.56694,-0.700111
0.568202,-0.69992
0.569465,-0.699728
0.570727,-0.699537
0.571989,-0.699346
0.573252,-0.699155
0.574514,-0.698963
0.575776,-0.698772
0.577039,-0.698581
0.578301,-0.698389
0.579563,-0.698198
0.580826,-0.698007
0.582088,-0.697815
0.58335,-0.697624
0.584613,-0.697433
0.585875,-0.697241
0.587137,-0.69705
0.5884,-0.696859
0.589662,-0.696667
0.590924,-0.696476
0.592187,-0.696285
0.593449,-0.696093
0.594711,-0.695902
0.595974,-0.695711
0.597236,-0.695519
0.598498,-0.695328
0.599761,-0.695137
