O
20
1,0,-1,0.78,-0.5,0.75,0.0,0.0,0.0,0.3,0.4,0.02,0,0.8,False
2,0,-1,1.1,-0.5,0.93,0.0,0.0,0.0,0.02,0.4,0.2,0,0.8,False
3,0,-1,0.78,-0.5,1.11,0.0,0.0,0.0,0.3,0.4,0.02,0,0.8,False
4,0,-1,0.8,-0.92,0.93,0.0,0.0,0.0,0.32,0.02,0.2,0,0.8,False
5,0,-1,0.8,-0.08,0.93,0.0,0.0,0.0,0.32,0.02,0.2,0,0.8,False
6,0,0,0.8798744034685081,-0.668725665172763,0.86,0.0,0.0,6.110027150753021,0.0434060010110355,0.03,0.09,0.45206218577628954,0.8660995457032845,False
7,2,0,0.9462627029181736,-0.4230844167475075,0.8450000000000001,0.0,0.0,3.4279291007367663,0.078366147403102,0.078366147403102,0.15,0.05621518054062369,0.8855758655525082,False
8,0,0,0.5582658993626584,-0.20716656754632423,0.86,0.0,0.0,3.4836780824872915,0.05825710114328809,0.03,0.09,0.3170103873791639,0.8522286181570128,False
9,0,0,0.6038992037431894,-0.46742266668045857,0.86,0.0,0.0,5.017366872175858,0.03,0.03,0.09,0.09473286085861699,0.8696230129890477,False
10,2,0,1.0085954712601028,-0.7776237375126174,0.8694973689098945,0.0,0.0,5.523014036501643,0.03,0.03,0.19899473781978894,0.23552807167104395,0.9719772172939596,False
11,0,1,0.542697666494567,-0.611977233955854,0.86,0.0,0.0,0.9149575007582431,0.03,0.03,0.09,0.35394982231107985,0.8885884720001195,True
12,0,1,0.9130929287414018,-0.23740253317488558,0.86,0.0,0.0,0.008658783916163123,0.03338647845374391,0.03,0.09,0.2196182353080191,1.0822318710717165,True
13,2,1,0.7438044311618187,-0.49357890698859563,0.8450000000000001,0.0,0.0,5.7803860979643344,0.03,0.03,0.15,0.2981843394096796,0.9415645317910424,True
14,2,1,0.7076643379659551,-0.7182923999363732,0.8678725674627401,0.0,0.0,1.987491014557478,0.079082596349516,0.079082596349516,0.1957451349254803,0.4024665110215705,1.0675730395262617,True
15,2,1,0.7586111605941556,-0.34292708970328645,0.8450000000000001,0.0,0.0,1.499823373090299,0.040213885044257845,0.040213885044257845,0.15,0.1622907003655833,0.9908377359169576,True
16,2,1,0.6069247542757006,-0.3343346727776547,0.8450000000000001,0.0,0.0,4.836095284566797,0.03,0.03,0.15,0.43872559677555895,0.8081055162216478,True
17,2,1,0.8598297993648494,-0.7705440388264754,0.8450000000000001,0.0,0.0,4.780457396586075,0.03,0.03,0.15,0.08195918416991682,1.1844433664498628,True
18,0,1,0.536124408839881,-0.7213374685897491,0.86,0.0,0.0,1.677907988561421,0.03,0.04279797041392697,0.09,0.24288321481234237,0.8778117442102361,True
19,2,1,0.991156434870553,-0.6124749952321118,0.8450000000000001,0.0,0.0,4.176365031796372,0.03,0.03,0.15,0.2589282922585321,1.0184538525362754,True
20,2,1,0.7375507180333977,-0.1446809284649465,0.8478502289471315,0.0,0.0,6.261689829527065,0.03,0.03,0.15570045789426287,0.30332802272378506,1.134228164691641,True
R
0.0,0.0,0.0,0.0,0.0,0.0,1.0
S
8
torso_lift_joint,0
r_shoulder_pan_joint,-1.69017
r_shoulder_lift_joint,-0.0788625
r_upper_arm_roll_joint,-1.69017
r_elbow_flex_joint,-1.2717
r_forearm_roll_joint,-0.151824
r_wrist_flex_joint,-1.25254
r_wrist_roll_joint,0.675062
G
0.53236,-0.489943,0.86,0.304978,-0,0
ooi
9
A
599
0.310248,-0.673113
0.310514,-0.673678
0.31078,-0.674243
0.311046,-0.674808
0.311312,-0.675372
0.311578,-0.675937
0.311844,-0.676502
0.312109,-0.677067
0.312375,-0.677632
0.312641,-0.678196
0.312907,-0.678761
0.313173,-0.679326
0.313439,-0.679891
0.313705,-0.680456
0.313971,-0.681021
0.314237,-0.681585
0.314502,-0.68215
0.314768,-0.682715
0.315034,-0.68328
0.3153,-0.683845
0.315566,-0.68441
0.315832,-0.684974
0.316098,-0.685539
0.316364,-0.686104
0.31663,-0.686669
0.316896,-0.687234
0.317161,-0.687798
0.317427,-0.688363
0.317693,-0.688928
0.317959,-0.689493
0.318225,-0.690058
0.318491,-0.690623
0.318757,-0.691187
0.319023,-0.691752
0.319289,-0.692317
0.319554,-0.692882
0.31982,-0.693447
0.320086,-0.694012
0.320352,-0.694576
0.320618,-0.695141
0.320884,-0.695706
0.32115,-0.696271
0.321416,-0.696836
0.321682,-0.6974
0.321947,-0.697965
0.322213,-0.69853
0.322479,-0.699095
0.322745,-0.69966
0.323011,-0.700225
0.323277,-0.700789
0.323543,-0.701354
0.323809,-0.701919
0.324075,-0.702484
0.324341,-0.703049
0.324606,-0.703614
0.324872,-0.704178
0.325138,-0.704743
0.325404,-0.705308
0.32567,-0.705873
0.325936,-0.706438
0.326202,-0.707002
0.326468,-0.707567
0.326734,-0.708132
0.326999,-0.708697
0.327265,-0.709262
0.327531,-0.709827
0.327797,-0.710391
0.328063,-0.710956
0.328329,-0.711521
0.328595,-0.712086
0.328861,-0.712651
0.329127,-0.713215
0.329392,-0.71378
0.329658,-0.714345
0.329924,-0.71491
0.33019,-0.715475
0.330456,-0.71604
0.330722,-0.716604
0.330988,-0.717169
0.331254,-0.717734
0.33152,-0.718299
0.331786,-0.718864
0.332051,-0.719429
0.332317,-0.719993
0.332583,-0.720558
0.332849,-0.721123
0.333115,-0.721688
0.333381,-0.722253
0.333647,-0.722817
0.333913,-0.723382
0.334179,-0.723947
0.334444,-0.724512
0.33471,-0.725077
0.334976,-0.725642
0.335242,-0.726206
0.335508,-0.726771
0.335774,-0.727336
0.33604,-0.727901
0.336306,-0.728466
0.336572,-0.729031
0.336837,-0.729595
0.337103,-0.73016
0.337369,-0.730725
0.337635,-0.73129
0.337901,-0.731855
0.338167,-0.732419
0.338433,-0.732984
0.338699,-0.733549
0.338965,-0.734114
0.339231,-0.734679
0.339496,-0.735244
0.339762,-0.735808
0.340028,-0.736373
0.340294,-0.736938
0.34056,-0.737503
0.340826,-0.738068
0.341092,-0.738633
0.341358,-0.739197
0.341624,-0.739762
0.341889,-0.740327
0.342155,-0.740892
0.342421,-0.741457
0.342687,-0.742021
0.342953,-0.742586
0.343219,-0.743151
0.343485,-0.743716
0.343751,-0.744281
0.344017,-0.744846
0.344282,-0.74541
0.344548,-0.745975
0.344814,-0.74654
0.34508,-0.747105
0.345346,-0.74767
0.345612,-0.748235
0.345878,-0.748799
0.346144,-0.749364
0.34641,-0.749929
0.346676,-0.750494
0.346941,-0.751059
0.347207,-0.751623
0.347473,-0.752188
0.347739,-0.752753
0.348005,-0.753318
0.348271,-0.753883
0.348537,-0.754448
0.348803,-0.755012
0.349069,-0.755577
0.349334,-0.756142
0.3496,-0.756707
0.349866,-0.757272
0.350132,-0.757837
0.350567,-0.757766
0.351002,-0.757696
0.351437,-0.757626
0.351872,-0.757556
0.352307,-0.757486
0.352742,-0.757415
0.353177,-0.757345
0.353612,-0.757275
0.354047,-0.757205
0.354482,-0.757135
0.354917,-0.757065
0.355352,-0.756994
0.355787,-0.756924
0.356222,-0.756854
0.356657,-0.756784
0.357092,-0.756714
0.357527,-0.756644
0.357962,-0.756573
0.358397,-0.756503
0.358832,-0.756433
0.359267,-0.756363
0.359701,-0.756293
0.360136,-0.756223
0.360571,-0.756152
0.361006,-0.756082
0.361441,-0.756012
0.361876,-0.755942
0.362311,-0.755872
0.362746,-0.755802
0.363181,-0.755731
0.363616,-0.755661
0.364051,-0.755591
0.364486,-0.755521
0.364921,-0.755451
0.365356,-0.75538
0.365791,-0.75531
0.366226,-0.75524
0.366661,-0.75517
0.367096,-0.7551
0.367531,-0.75503
0.367966,-0.754959
0.368401,-0.754889
0.368836,-0.754819
0.369271,-0.754749
0.369706,-0.754679
0.370141,-0.754609
0.370576,-0.754538
0.371011,-0.754468
0.371446,-0.754398
0.371881,-0.754328
0.372316,-0.754258
0.372751,-0.754188
0.373186,-0.754117
0.373621,-0.754047
0.374056,-0.753977
0.37449,-0.753907
0.374925,-0.753837
0.37536,-0.753767
0.375795,-0.753696
0.37623,-0.753626
0.376665,-0.753556
0.3771,-0.753486
0.377535,-0.753416
0.37797,-0.753345
0.378405,-0.753275
0.37884,-0.753205
0.379275,-0.753135
0.37971,-0.753065
0.380145,-0.752995
0.38058,-0.752924
0.381015,-0.752854
0.38145,-0.752784
0.381885,-0.752714
0.38232,-0.752644
0.382755,-0.752574
0.38319,-0.752503
0.383625,-0.752433
0.38406,-0.752363
0.384495,-0.752293
0.38493,-0.752223
0.385365,-0.752153
0.3858,-0.752082
0.386235,-0.752012
0.38667,-0.751942
0.387105,-0.751872
0.38754,-0.751802
0.387975,-0.751732
0.38841,-0.751661
0.388845,-0.751591
0.38928,-0.751521
0.389714,-0.751451
0.390149,-0.751381
0.390584,-0.75131
0.391019,-0.75124
0.391454,-0.75117
0.391889,-0.7511
0.392324,-0.75103
0.392759,-0.75096
0.393194,-0.750889
0.393629,-0.750819
0.394064,-0.750749
0.394499,-0.750679
0.394934,-0.750609
0.395369,-0.750539
0.395804,-0.750468
0.396239,-0.750398
0.396674,-0.750328
0.397109,-0.750258
0.397544,-0.750188
0.397979,-0.750118
0.398414,-0.750047
0.398849,-0.749977
0.399284,-0.749907
0.399719,-0.749837
0.400154,-0.749767
0.400589,-0.749697
0.401024,-0.749626
0.401459,-0.749556
0.401894,-0.749486
0.402329,-0.749416
0.402764,-0.749346
0.403199,-0.749276
0.403634,-0.749205
0.404069,-0.749135
0.404503,-0.749065
0.404938,-0.748995
0.405373,-0.748925
0.405808,-0.748854
0.406243,-0.748784
0.406678,-0.748714
0.407113,-0.748644
0.407548,-0.748574
0.407983,-0.748504
0.408418,-0.748433
0.408853,-0.748363
0.409288,-0.748293
0.409723,-0.748223
0.410158,-0.748153
0.410593,-0.748083
0.411028,-0.748012
0.411463,-0.747942
0.411898,-0.747872
0.412333,-0.747802
0.412768,-0.747732
0.413203,-0.747662
0.413638,-0.747591
0.414073,-0.747521
0.414508,-0.747451
0.414943,-0.747381
0.41442,-0.746136
0.413898,-0.744892
0.413375,-0.743648
0.412852,-0.742403
0.41233,-0.741159
0.411807,-0.739914
0.411285,-0.73867
0.410762,-0.737425
0.410239,-0.736181
0.409717,-0.734936
0.409194,-0.733692
0.408672,-0.732447
0.408149,-0.731203
0.407626,-0.729959
0.407104,-0.728714
0.406581,-0.72747
0.406059,-0.726225
0.405536,-0.724981
0.405013,-0.723736
0.404491,-0.722492
0.403968,-0.721247
0.403446,-0.720003
0.402923,-0.718759
0.4024,-0.717514
0.401878,-0.71627
0.401355,-0.715025
0.400833,-0.713781
0.40031,-0.712536
0.399787,-0.711292
0.399265,-0.710047
0.398742,-0.708803
0.39822,-0.707558
0.397697,-0.706314
0.397174,-0.70507
0.396652,-0.703825
0.396129,-0.702581
0.395606,-0.701336
0.395084,-0.700092
0.394561,-0.698847
0.394039,-0.697603
0.393516,-0.696358
0.392993,-0.695114
0.392471,-0.69387
0.391948,-0.692625
0.391426,-0.691381
0.390903,-0.690136
0.39038,-0.688892
0.389858,-0.687647
0.389335,-0.686403
0.388813,-0.685158
0.38829,-0.683914
0.387767,-0.682669
0.387245,-0.681425
0.386722,-0.680181
0.3862,-0.678936
0.385677,-0.677692
0.385154,-0.676447
0.384632,-0.675203
0.384109,-0.673958
0.383587,-0.672714
0.383064,-0.671469
0.382541,-0.670225
0.382019,-0.668981
0.381496,-0.667736
0.380974,-0.666492
0.380451,-0.665247
0.379928,-0.664003
0.379406,-0.662758
0.378883,-0.661514
0.378361,-0.660269
0.377838,-0.659025
0.377315,-0.65778
0.376793,-0.656536
0.37627,-0.655292
0.375748,-0.654047
0.375225,-0.652803
0.374702,-0.651558
0.37418,-0.650314
0.373657,-0.649069
0.373135,-0.647825
0.372612,-0.64658
0.372089,-0.645336
0.371567,-0.644092
0.371044,-0.642847
0.370522,-0.641603
0.369999,-0.640358
0.369476,-0.639114
0.368954,-0.637869
0.368431,-0.636625
0.367909,-0.63538
0.367386,-0.634136
0.366863,-0.632891
0.366341,-0.631647
0.365818,-0.630403
0.365296,-0.629158
0.364773,-0.627914
0.36425,-0.626669
0.363728,-0.625425
0.363205,-0.62418
0.362683,-0.622936
0.36216,-0.621691
0.361637,-0.620447
0.361115,-0.619203
0.360592,-0.617958
0.360069,-0.616714
0.359547,-0.615469
0.359024,-0.614225
0.358502,-0.61298
0.357979,-0.611736
0.357456,-0.610491
0.356934,-0.609247
0.356411,-0.608002
0.355889,-0.606758
0.355366,-0.605514
0.354843,-0.604269
0.354321,-0.603025
0.353798,-0.60178
0.353276,-0.600536
0.352753,-0.599291
0.35223,-0.598047
0.351708,-0.596802
0.351185,-0.595558
0.350663,-0.594314
0.35014,-0.593069
0.349617,-0.591825
0.349095,-0.59058
0.348572,-0.589336
0.34805,-0.588091
0.347527,-0.586847
0.347004,-0.585602
0.346482,-0.584358
0.345959,-0.583113
0.345437,-0.581869
0.344914,-0.580625
0.344391,-0.57938
0.343869,-0.578136
0.343346,-0.576891
0.342824,-0.575647
0.342301,-0.574402
0.341778,-0.573158
0.341256,-0.571913
0.340733,-0.570669
0.340211,-0.569425
0.339688,-0.56818
0.339165,-0.566936
0.338643,-0.565691
0.33812,-0.564447
0.337598,-0.563202
0.337075,-0.561958
0.336552,-0.560713
0.337867,-0.560238
0.339181,-0.559763
0.340495,-0.559288
0.341809,-0.558813
0.343123,-0.558339
0.344437,-0.557864
0.345751,-0.557389
0.347066,-0.556914
0.34838,-0.556439
0.349694,-0.555964
0.351008,-0.555489
0.352322,-0.555014
0.353636,-0.554539
0.35495,-0.554064
0.356265,-0.553589
0.357579,-0.553114
0.358893,-0.552639
0.360207,-0.552164
0.361521,-0.551689
0.362835,-0.551214
0.364149,-0.550739
0.365464,-0.550264
0.366778,-0.549789
0.368092,-0.549314
0.369406,-0.548839
0.37072,-0.548364
0.372034,-0.547889
0.373348,-0.547414
0.374663,-0.546939
0.375977,-0.546464
0.377291,-0.545989
0.378605,-0.545514
0.379919,-0.545039
0.381233,-0.544564
0.382547,-0.544089
0.383862,-0.543614
0.385176,-0.54314
0.38649,-0.542665
0.387804,-0.54219
0.389118,-0.541715
0.390432,-0.54124
0.391747,-0.540765
0.393061,-0.54029
0.394375,-0.539815
0.395689,-0.53934
0.397003,-0.538865
0.398317,-0.53839
0.399631,-0.537915
0.400946,-0.53744
0.40226,-0.536965
0.403574,-0.53649
0.404888,-0.536015
0.406202,-0.53554
0.407516,-0.535065
0.40883,-0.53459
0.410145,-0.534115
0.411459,-0.53364
0.412773,-0.533165
0.414087,-0.53269
0.415401,-0.532215
0.416715,-0.53174
0.418029,-0.531265
0.419344,-0.53079
0.420658,-0.530315
0.421972,-0.52984
0.423286,-0.529365
0.4246,-0.52889
0.425914,-0.528416
0.427228,-0.527941
0.428543,-0.527466
0.429857,-0.526991
0.431171,-0.526516
0.432485,-0.526041
0.433799,-0.525566
0.435113,-0.525091
0.436427,-0.524616
0.437742,-0.524141
0.439056,-0.523666
0.44037,-0.523191
0.441684,-0.522716
0.442998,-0.522241
0.444312,-0.521766
0.445627,-0.521291
0.446941,-0.520816
0.448255,-0.520341
0.449569,-0.519866
0.450883,-0.519391
0.452197,-0.518916
0.453511,-0.518441
0.454826,-0.517966
0.45614,-0.517491
0.457454,-0.517016
0.458768,-0.516541
0.460082,-0.516066
0.461396,-0.515591
0.46271,-0.515116
0.464025,-0.514641
0.465339,-0.514166
0.466653,-0.513691
0.467967,-0.513217
0.469281,-0.512742
0.470595,-0.512267
0.471909,-0.511792
0.473224,-0.511317
0.474538,-0.510842
0.475852,-0.510367
0.477166,-0.509892
0.47848,-0.509417
0.479794,-0.508942
0.481108,-0.508467
0.482423,-0.507992
0.483737,-0.507517
0.485051,-0.507042
0.486365,-0.506567
0.487679,-0.506092
0.488993,-0.505617
0.490308,-0.505142
0.491622,-0.504667
0.492936,-0.504192
0.49425,-0.503717
0.495564,-0.503242
0.496878,-0.502767
0.498192,-0.502292
0.499507,-0.501817
0.500821,-0.501342
0.502135,-0.500867
0.503449,-0.500392
0.504763,-0.499917
0.506077,-0.499442
0.507391,-0.498967
0.508706,-0.498493
0.51002,-0.498018
0.511334,-0.497543
0.512648,-0.497068
0.513962,-0.496593
0.515276,-0.496118
0.51659,-0.495643
0.517905,-0.495168
0.519219,-0.494693
0.520533,-0.494218
0.521847,-0.493743
0.523161,-0.493268
0.524475,-0.492793
0.525789,-0.492318
0.527104,-0.491843
0.528418,-0.491368
0.529732,-0.490893
0.531046,-0.490418
0.53236,-0.489943
