O
20
1,0,-1,0.78,-0.5,0.75,0.0,0.0,0.0,0.3,0.4,0.02,0,0.8,False
2,0,-1,1.1,-0.5,0.93,0.0,0.0,0.0,0.02,0.4,0.2,0,0.8,False
3,0,-1,0.78,-0.5,1.11,0.0,0.0,0.0,0.3,0.4,0.02,0,0.8,False
4,0,-1,0.8,-0.92,0.93,0.0,0.0,0.0,0.32,0.02,0.2,0,0.8,False
5,0,-1,0.8,-0.08,0.93,0.0,0.0,0.0,0.32,0.02,0.2,0,0.8,False
6,0,0,0.9217741304379878,-0.4836424048618637,0.86,0.0,0.0,3.77558864761218,0.06075472862532965,0.07706590481125354,0.09,0.44968412378644457,1.1063541094501101,False
7,2,0,0.603726584639384,-0.44968964879877227,0.8458244466282582,0.0,0.0,4.413500048262998,0.03,0.03,0.15164889325651637,0.2003535965147467,0.8108463130923673,False
8,2,0,0.6734419480793365,-0.577039395999172,0.8450000000000001,0.0,0.0,4.828627305918289,0.03,0.03,0.15,0.06354582603022463,0.9626503554278404,False
9,2,0,0.8138382386958671,-0.17458920197173133,0.8450000000000001,0.0,0.0,4.734153195975219,0.03,0.03,0.15,0.46809627836270595,0.8446725362244235,False
10,2,0,0.9405438186135604,-0.7808231460938325,0.8450000000000001,0.0,0.0,0.7956157687697515,0.06469850107772296,0.06469850107772296,0.15,0.24723522732520808,1.021146841038173,False
11,2,1,0.580216904225541,-0.25694259391812946,0.8450000000000001,0.0,0.0,1.7379065431228475,0.0704335141816063,0.0704335141816063,0.15,0.29242780804212487,1.0461648117167264,True
12,2,1,0.5844211543933221,-0.8045468275317174,0.8453809391363603,0.0,0.0,6.145161683642655,0.06554920984745496,0.06554920984745496,0.15076187827272045,0.0072551743906691946,1.1575295482121566,True
13,2,1,0.8637633976769901,-0.28360073332535685,0.8450000000000001,0.0,0.0,5.899992629799013,0.038978173858410736,0.038978173858410736,0.15,0.4233669771420174,1.1462682530659831,True
14,2,1,0.5737231462928715,-0.5411687271315657,0.865887289659117,0.0,0.0,4.096414475062639,0.03,0.03,0.19177457931823405,0.29221622277836806,0.9139686064648314,True
15,2,1,0.575892431576112,-0.6765714750664559,0.8612973651880957,0.0,0.0,1.980054167561898,0.03,0.03,0.1825947303761913,0.2027211622290203,0.8437891438374402,True
16,2,1,0.7003110225060992,-0.4479280468769305,0.8450000000000001,0.0,0.0,2.6841624055363225,0.03,0.03,0.15,0.13808930926628266,1.146611462825084,True
17,0,1,0.9708148057617818,-0.23365348447890577,0.8959651804768818,0.0,0.0,1.2974689195450944,0.03,0.03,0.12596518047688177,0.4687165514780314,1.171249459166861,True
18,2,1,0.739831949600958,-0.7520740936389309,0.8450000000000001,0.0,0.0,3.5456683344632207,0.03,0.03,0.15,0.2988639333018126,1.084044206627325,True
19,0,1,0.7649781737101838,-0.2611186089337164,0.9002049419697551,0.0,0.0,1.5143302962623315,0.03,0.030062550101446168,0.13020494196975513,0.18275226226008295,1.010535948309956,True
20,2,1,0.6773028206471711,-0.663831390271892,0.8613617233445384,0.0,0.0,1.9388030833313699,0.03,0.03,0.18272344668907695,0.44241098285657104,0.9647856147717947,True
R
0.0,0.0,0.0,0.0,0.0,0.0,1.0
S
8
torso_lift_joint,0
r_shoulder_pan_joint,-1.69017
r_shoulder_lift_joint,-0.0788625
r_upper_arm_roll_joint,-1.69017
r_elbow_flex_joint,-1.2717
r_forearm_roll_joint,-0.151824
r_wrist_flex_joint,-1.25254
r_wrist_roll_joint,0.675062
G
0.530063,-0.463787,0.845824,0.189095,-0,0
ooi
7
A
599
0.310248,-0.673113
0.310284,-0.672888
0.31032,-0.672664
0.310355,-0.672439
0.310391,-0.672214
0.310427,-0.67199
0.310462,-0.671765
0.310498,-0.671541
0.310534,-0.671316
0.31057,-0.671091
0.310605,-0.670867
0.310641,-0.670642
0.310677,-0.670417
0.310712,-0.670193
0.310748,-0.669968
0.310784,-0.669743
0.310819,-0.669519
0.310855,-0.669294
0.310891,-0.669069
0.310927,-0.668845
0.310962,-0.66862
0.310998,-0.668395
0.311034,-0.668171
0.311069,-0.667946
0.311105,-0.667721
0.311141,-0.667497
0.311177,-0.667272
0.311212,-0.667047
0.311248,-0.666823
0.311284,-0.666598
0.311319,-0.666374
0.311355,-0.666149
0.311391,-0.665924
0.311426,-0.6657
0.311462,-0.665475
0.311498,-0.66525
0.311534,-0.665026
0.311569,-0.664801
0.311605,-0.664576
0.311641,-0.664352
0.311676,-0.664127
0.311712,-0.663902
0.311748,-0.663678
0.311783,-0.663453
0.311819,-0.663228
0.311855,-0.663004
0.311891,-0.662779
0.311926,-0.662554
0.311962,-0.66233
0.311998,-0.662105
0.312033,-0.66188
0.312069,-0.661656
0.312105,-0.661431
0.312141,-0.661207
0.312176,-0.660982
0.312212,-0.660757
0.312248,-0.660533
0.312283,-0.660308
0.312319,-0.660083
0.312355,-0.659859
0.31239,-0.659634
0.312426,-0.659409
0.312462,-0.659185
0.312498,-0.65896
0.312533,-0.658735
0.312569,-0.658511
0.312605,-0.658286
0.31264,-0.658061
0.312676,-0.657837
0.312712,-0.657612
0.312748,-0.657387
0.312783,-0.657163
0.312819,-0.656938
0.312855,-0.656713
0.31289,-0.656489
0.312926,-0.656264
0.312962,-0.65604
0.312997,-0.655815
0.313033,-0.65559
0.313069,-0.655366
0.313105,-0.655141
0.31314,-0.654916
0.313176,-0.654692
0.313212,-0.654467
0.313247,-0.654242
0.313283,-0.654018
0.313319,-0.653793
0.313355,-0.653568
0.31339,-0.653344
0.313426,-0.653119
0.313462,-0.652894
0.313497,-0.65267
0.313533,-0.652445
0.313569,-0.65222
0.313604,-0.651996
0.31364,-0.651771
0.313676,-0.651546
0.313712,-0.651322
0.313747,-0.651097
0.313783,-0.650873
0.313819,-0.650648
0.313854,-0.650423
0.31389,-0.650199
0.313926,-0.649974
0.313961,-0.649749
0.313997,-0.649525
0.314033,-0.6493
0.314069,-0.649075
0.314104,-0.648851
0.31414,-0.648626
0.314176,-0.648401
0.314211,-0.648177
0.314247,-0.647952
0.314283,-0.647727
0.314319,-0.647503
0.314354,-0.647278
0.31439,-0.647053
0.314426,-0.646829
0.314461,-0.646604
0.314497,-0.646379
0.314533,-0.646155
0.314568,-0.64593
0.314604,-0.645706
0.31464,-0.645481
0.314676,-0.645256
0.314711,-0.645032
0.314747,-0.644807
0.314783,-0.644582
0.314818,-0.644358
0.314854,-0.644133
0.31489,-0.643908
0.314926,-0.643684
0.314961,-0.643459
0.314997,-0.643234
0.315033,-0.64301
0.315068,-0.642785
0.315104,-0.64256
0.31514,-0.642336
0.315175,-0.642111
0.315211,-0.641886
0.315247,-0.641662
0.315283,-0.641437
0.315318,-0.641212
0.315354,-0.640988
0.31539,-0.640763
0.315425,-0.640539
0.315461,-0.640314
0.315497,-0.640089
0.315532,-0.639865
0.315568,-0.63964
0.315604,-0.639415
0.316176,-0.63871
0.316747,-0.638004
0.317319,-0.637299
0.317891,-0.636593
0.318463,-0.635887
0.319034,-0.635182
0.319606,-0.634476
0.320178,-0.633771
0.32075,-0.633065
0.321321,-0.63236
0.321893,-0.631654
0.322465,-0.630948
0.323037,-0.630243
0.323608,-0.629537
0.32418,-0.628832
0.324752,-0.628126
0.325324,-0.627421
0.325895,-0.626715
0.326467,-0.626009
0.327039,-0.625304
0.327611,-0.624598
0.328182,-0.623893
0.328754,-0.623187
0.329326,-0.622482
0.329898,-0.621776
0.330469,-0.621071
0.331041,-0.620365
0.331613,-0.619659
0.332185,-0.618954
0.332756,-0.618248
0.333328,-0.617543
0.3339,-0.616837
0.334472,-0.616132
0.335043,-0.615426
0.335615,-0.61472
0.336187,-0.614015
0.336758,-0.613309
0.33733,-0.612604
0.337902,-0.611898
0.338474,-0.611193
0.339045,-0.610487
0.339617,-0.609781
0.340189,-0.609076
0.340761,-0.60837
0.341332,-0.607665
0.341904,-0.606959
0.342476,-0.606254
0.343048,-0.605548
0.343619,-0.604842
0.344191,-0.604137
0.344763,-0.603431
0.345335,-0.602726
0.345906,-0.60202
0.346478,-0.601315
0.34705,-0.600609
0.347622,-0.599904
0.348193,-0.599198
0.348765,-0.598492
0.349337,-0.597787
0.349909,-0.597081
0.35048,-0.596376
0.351052,-0.59567
0.351624,-0.594965
0.352196,-0.594259
0.352767,-0.593553
0.353339,-0.592848
0.353911,-0.592142
0.354483,-0.591437
0.355054,-0.590731
0.355626,-0.590026
0.356198,-0.58932
0.35677,-0.588614
0.357341,-0.587909
0.357913,-0.587203
0.358485,-0.586498
0.359057,-0.585792
0.359628,-0.585087
0.3602,-0.584381
0.360772,-0.583675
0.361344,-0.58297
0.361915,-0.582264
0.362487,-0.581559
0.363059,-0.580853
0.363631,-0.580148
0.364202,-0.579442
0.364774,-0.578737
0.365346,-0.578031
0.365918,-0.577325
0.366489,-0.57662
0.367061,-0.575914
0.367633,-0.575209
0.368204,-0.574503
0.368776,-0.573798
0.369348,-0.573092
0.36992,-0.572386
0.370491,-0.571681
0.371063,-0.570975
0.371635,-0.57027
0.372207,-0.569564
0.372778,-0.568859
0.37335,-0.568153
0.373922,-0.567447
0.374494,-0.566742
0.375065,-0.566036
0.375637,-0.565331
0.376209,-0.564625
0.376781,-0.56392
0.377352,-0.563214
0.377924,-0.562508
0.378496,-0.561803
0.379068,-0.561097
0.379639,-0.560392
0.380211,-0.559686
0.380783,-0.558981
0.381355,-0.558275
0.381926,-0.557569
0.382498,-0.556864
0.38307,-0.556158
0.383642,-0.555453
0.384213,-0.554747
0.384785,-0.554042
0.385357,-0.553336
0.385929,-0.552631
0.3865,-0.551925
0.387072,-0.551219
0.387644,-0.550514
0.388216,-0.549808
0.388787,-0.549103
0.389359,-0.548397
0.389931,-0.547692
0.390503,-0.546986
0.391074,-0.54628
0.391646,-0.545575
0.392218,-0.544869
0.39279,-0.544164
0.393361,-0.543458
0.393933,-0.542753
0.394505,-0.542047
0.395077,-0.541341
0.395648,-0.540636
0.39622,-0.53993
0.396792,-0.539225
0.397364,-0.538519
0.397935,-0.537814
0.398507,-0.537108
0.399079,-0.536402
0.39965,-0.535697
0.400222,-0.534991
0.400794,-0.534286
0.400611,-0.535123
0.400429,-0.53596
0.400246,-0.536796
0.400064,-0.537633
0.399881,-0.53847
0.399699,-0.539307
0.399516,-0.540144
0.399334,-0.540981
0.399151,-0.541818
0.398968,-0.542655
0.398786,-0.543491
0.398603,-0.544328
0.398421,-0.545165
0.398238,-0.546002
0.398056,-0.546839
0.397873,-0.547676
0.397691,-0.548513
0.397508,-0.54935
0.397326,-0.550186
0.397143,-0.551023
0.39696,-0.55186
0.396778,-0.552697
0.396595,-0.553534
0.396413,-0.554371
0.39623,-0.555208
0.396048,-0.556045
0.395865,-0.556881
0.395683,-0.557718
0.3955,-0.558555
0.395317,-0.559392
0.395135,-0.560229
0.394952,-0.561066
0.39477,-0.561903
0.394587,-0.56274
0.394405,-0.563576
0.394222,-0.564413
0.39404,-0.56525
0.393857,-0.566087
0.393674,-0.566924
0.393492,-0.567761
0.393309,-0.568598
0.393127,-0.569435
0.392944,-0.570271
0.392762,-0.571108
0.392579,-0.571945
0.392397,-0.572782
0.392214,-0.573619
0.392032,-0.574456
0.391849,-0.575293
0.391666,-0.57613
0.391484,-0.576966
0.391301,-0.577803
0.391119,-0.57864
0.390936,-0.579477
0.390754,-0.580314
0.390571,-0.581151
0.390389,-0.581988
0.390206,-0.582825
0.390023,-0.583661
0.389841,-0.584498
0.389658,-0.585335
0.389476,-0.586172
0.389293,-0.587009
0.389111,-0.587846
0.388928,-0.588683
0.388746,-0.58952
0.388563,-0.590357
0.38838,-0.591193
0.388198,-0.59203
0.388015,-0.592867
0.387833,-0.593704
0.38765,-0.594541
0.387468,-0.595378
0.387285,-0.596215
0.387103,-0.597052
0.38692,-0.597888
0.386738,-0.598725
0.386555,-0.599562
0.386372,-0.600399
0.38619,-0.601236
0.386007,-0.602073
0.385825,-0.60291
0.385642,-0.603747
0.38546,-0.604583
0.385277,-0.60542
0.385095,-0.606257
0.384912,-0.607094
0.384729,-0.607931
0.384547,-0.608768
0.384364,-0.609605
0.384182,-0.610442
0.383999,-0.611278
0.383817,-0.612115
0.383634,-0.612952
0.383452,-0.613789
0.383269,-0.614626
0.383086,-0.615463
0.382904,-0.6163
0.382721,-0.617137
0.382539,-0.617973
0.382356,-0.61881
0.382174,-0.619647
0.381991,-0.620484
0.381809,-0.621321
0.381626,-0.622158
0.381444,-0.622995
0.381261,-0.623832
0.381078,-0.624668
0.380896,-0.625505
0.380713,-0.626342
0.380531,-0.627179
0.380348,-0.628016
0.380166,-0.628853
0.379983,-0.62969
0.379801,-0.630527
0.379618,-0.631363
0.379435,-0.6322
0.379253,-0.633037
0.37907,-0.633874
0.378888,-0.634711
0.378705,-0.635548
0.378523,-0.636385
0.37834,-0.637222
0.378158,-0.638058
0.377975,-0.638895
0.377793,-0.639732
0.37761,-0.640569
0.377427,-0.641406
0.377245,-0.642243
0.377062,-0.64308
0.37688,-0.643917
0.376697,-0.644753
0.376515,-0.64559
0.376332,-0.646427
0.37615,-0.647264
0.375967,-0.648101
0.375784,-0.648938
0.375602,-0.649775
0.375419,-0.650612
0.375237,-0.651448
0.375054,-0.652285
0.374872,-0.653122
0.374689,-0.653959
0.374507,-0.654796
0.374324,-0.655633
0.374141,-0.65647
0.373959,-0.657307
0.373776,-0.658143
0.373594,-0.65898
0.373411,-0.659817
0.374463,-0.658502
0.375514,-0.657186
0.376565,-0.65587
0.377617,-0.654555
0.378668,-0.653239
0.379719,-0.651923
0.380771,-0.650608
0.381822,-0.649292
0.382873,-0.647977
0.383925,-0.646661
0.384976,-0.645345
0.386028,-0.64403
0.387079,-0.642714
0.38813,-0.641398
0.389182,-0.640083
0.390233,-0.638767
0.391284,-0.637451
0.392336,-0.636136
0.393387,-0.63482
0.394438,-0.633505
0.39549,-0.632189
0.396541,-0.630873
0.397592,-0.629558
0.398644,-0.628242
0.399695,-0.626926
0.400747,-0.625611
0.401798,-0.624295
0.402849,-0.622979
0.403901,-0.621664
0.404952,-0.620348
0.406003,-0.619033
0.407055,-0.617717
0.408106,-0.616401
0.409157,-0.615086
0.410209,-0.61377
0.41126,-0.612454
0.412311,-0.611139
0.413363,-0.609823
0.414414,-0.608507
0.415466,-0.607192
0.416517,-0.605876
0.417568,-0.604561
0.41862,-0.603245
0.419671,-0.601929
0.420722,-0.600614
0.421774,-0.599298
0.422825,-0.597982
0.423876,-0.596667
0.424928,-0.595351
0.425979,-0.594035
0.42703,-0.59272
0.428082,-0.591404
0.429133,-0.590089
0.430185,-0.588773
0.431236,-0.587457
0.432287,-0.586142
0.433339,-0.584826
0.43439,-0.58351
0.435441,-0.582195
0.436493,-0.580879
0.437544,-0.579563
0.438595,-0.578248
0.439647,-0.576932
0.440698,-0.575617
0.441749,-0.574301
0.442801,-0.572985
0.443852,-0.57167
0.444904,-0.570354
0.445955,-0.569038
0.447006,-0.567723
0.448058,-0.566407
0.449109,-0.565091
0.45016,-0.563776
0.451212,-0.56246
0.452263,-0.561145
0.453314,-0.559829
0.454366,-0.558513
0.455417,-0.557198
0.456468,-0.555882
0.45752,-0.554566
0.458571,-0.553251
0.459623,-0.551935
0.460674,-0.550619
0.461725,-0.549304
0.462777,-0.547988
0.463828,-0.546673
0.464879,-0.545357
0.465931,-0.544041
0.466982,-0.542726
0.468033,-0.54141
0.469085,-0.540094
0.470136,-0.538779
0.471187,-0.537463
0.472239,-0.536147
0.47329,-0.534832
0.474342,-0.533516
0.475393,-0.532201
0.476444,-0.530885
0.477496,-0.529569
0.478547,-0.528254
0.479598,-0.526938
0.48065,-0.525622
0.481701,-0.524307
0.482752,-0.522991
0.483804,-0.521675
0.484855,-0.52036
0.485906,-0.519044
0.486958,-0.517729
0.488009,-0.516413
0.489061,-0.515097
0.490112,-0.513782
0.491163,-0.512466
0.492215,-0.51115
0.493266,-0.509835
0.494317,-0.508519
0.495369,-0.507203
0.49642,-0.505888
0.497471,-0.504572
0.498523,-0.503256
0.499574,-0.501941
0.500625,-0.500625
0.501677,-0.49931
0.502728,-0.497994
0.50378,-0.496678
0.504831,-0.495363
0.505882,-0.494047
0.506934,-0.492731
0.507985,-0.491416
0.509036,-0.4901
0.510088,-0.488784
0.511139,-0.487469
0.51219,-0.486153
0.513242,-0.484838
0.514293,-0.483522
0.515344,-0.482206
0.516396,-0.480891
0.517447,-0.479575
0.518499,-0.478259
0.51955,-0.476944
0.520601,-0.475628
0.521653,-0.474312
0.522704,-0.472997
0.523755,-0.471681
0.524807,-0.470366
0.525858,-0.46905
0.526909,-0.467734
0.527961,-0.466419
0.529012,-0.465103
0.530063,-0.463787
