O
20
1,0,-1,0.78,-0.5,0.75,0.0,0.0,0.0,0.3,0.4,0.02,0,0.8,False
2,0,-1,1.1,-0.5,0.93,0.0,0.0,0.0,0.02,0.4,0.2,0,0.8,False
3,0,-1,0.78,-0.5,1.11,0.0,0.0,0.0,0.3,0.4,0.02,0,0.8,False
4,0,-1,0.8,-0.92,0.93,0.0,0.0,0.0,0.32,0.02,0.2,0,0.8,False
5,0,-1,0.8,-0.08,0.93,0.0,0.0,0.0,0.32,0.02,0.2,0,0.8,False
6,2,0,0.9826577708822795,-0.35000958662367876,0.8453943430494621,0.0,0.0,0.10310260756155809,0.047994388305482166,0.047994388305482166,0.15078868609892432,0.1457204556674609,1.0344417264175751,False
7,0,0,0.9841068853040916,-0.7195261619980614,0.86,0.0,0.0,4.228394254191029,0.06461194917821503,0.03,0.09,0.17936875124717155,1.008754911844862,False
8,2,0,0.9009355421799907,-0.5287879071479111,0.8658969075416659,0.0,0.0,5.656775148915055,0.044539378608189246,0.044539378608189246,0.19179381508333176,0.4385988217584515,0.986832211722539,False
9,0,0,0.6900989924054537,-0.7960496506740565,0.86,0.0,0.0,3.0169602073534714,0.06956486760481022,0.04120764501149377,0.09,0.32585858504275694,0.830355249836341,False
10,2,0,0.967344529607038,-0.8427693234120193,0.8450000000000001,0.0,0.0,2.831509453729173,0.03,0.03,0.15,0.060344354936915146,0.8726070211196967,False
11,2,1,0.7674574406168351,-0.23995778841584559,0.8450000000000001,0.0,0.0,2.7481286583784983,0.05031376657731707,0.05031376657731707,0.15,0.3635648392190556,1.004896635835084,True
12,2,1,0.5844363681155338,-0.4828669494791918,0.8450000000000001,0.0,0.0,1.022116090865982,0.05157324756967809,0.05157324756967809,0.15,0.3275700309368193,1.0258371656197776,True
13,0,1,0.8470946518844293,-0.678095315457078,0.9189547761498398,0.0,0.0,4.4241472224597675,0.03,0.061003073857528324,0.14895477614983976,0.08113796266207218,0.8193297217506794,True
14,0,1,0.7265250534476912,-0.5481314080406627,0.86,0.0,0.0,4.789099812293012,0.06555283471044507,0.0365457157083539,0.09,0.07737093947915163,0.852995469202733,True
15,2,1,0.5527449186337549,-0.30609740077279723,0.8450000000000001,0.0,0.0,4.679365248730915,0.03,0.03,0.15,0.39006940918777233,1.196354086016247,True
16,2,1,0.5432803580840971,-0.1536354145713792,0.8450000000000001,0.0,0.0,5.066821473680729,0.03,0.03,0.15,0.1371634484515376,0.9759586122904089,True
17,0,1,0.9898611573785929,-0.1933657731406837,0.86,0.0,0.0,2.1587909949529474,0.03,0.05809607468986374,0.09,0.2591668070532054,1.1975060478355672,True
18,0,1,0.7484074731409909,-0.3601510537949387,0.86,0.0,0.0,0.053325654136903565,0.03,0.03,0.09,0.1313774141260287,1.1536298653506396,True
19,0,1,0.6208277861299886,-0.6548671222480547,0.8863177800676586,0.0,0.0,5.522158115581368,0.03,0.03,0.11631778006765857,0.4852281172197552,1.181121164988713,True
20,2,1,0.5204412672924001,-0.8057241799365926,0.8619422861962858,0.0,0.0,3.581448519113879,0.03,0.03,0.1838845723925714,0.4239285863281322,0.999588944095694,True
R
0.0,0.0,0.0,0.0,0.0,0.0,1.0
S
8
torso_lift_joint,0
r_shoulder_pan_joint,-1.69017
r_shoulder_lift_joint,-0.0788625
r_upper_arm_roll_joint,-1.69017
r_elbow_flex_joint,-1.2717
r_forearm_roll_joint,-0.151824
r_wrist_flex_joint,-1.25254
r_wrist_roll_joint,0.675062
G
0.576423,-0.781808,0.86,3.01696,-3.14159,3.14159
ooi
9
A
599
0.310248,-0.673113
0.310704,-0.674274
0.311159,-0.675435
0.311614,-0.676595
0.31207,-0.677756
0.312525,-0.678917
0.312981,-0.680078
0.313436,-0.681238
0.313891,-0.682399
0.314347,-0.68356
0.314802,-0.684721
0.315257,-0.685881
0.315713,-0.687042
0.316168,-0.688203
0.316624,-0.689364
0.317079,-0.690525
0.317534,-0.691685
0.31799,-0.692846
0.318445,-0.694007
0.318901,-0.695168
0.319356,-0.696328
0.319811,-0.697489
0.320267,-0.69865
0.320722,-0.699811
0.321178,-0.700971
0.321633,-0.702132
0.322088,-0.703293
0.322544,-0.704454
0.322999,-0.705614
0.323455,-0.706775
0.32391,-0.707936
0.324365,-0.709097
0.324821,-0.710257
0.325276,-0.711418
0.325731,-0.712579
0.326187,-0.71374
0.326642,-0.714901
0.327098,-0.716061
0.327553,-0.717222
0.328008,-0.718383
0.328464,-0.719544
0.328919,-0.720704
0.329375,-0.721865
0.32983,-0.723026
0.330285,-0.724187
0.330741,-0.725347
0.331196,-0.726508
0.331652,-0.727669
0.332107,-0.72883
0.332562,-0.72999
0.333018,-0.731151
0.333473,-0.732312
0.333929,-0.733473
0.334384,-0.734634
0.334839,-0.735794
0.335295,-0.736955
0.33575,-0.738116
0.336205,-0.739277
0.336661,-0.740437
0.337116,-0.741598
0.337572,-0.742759
0.338027,-0.74392
0.338482,-0.74508
0.338938,-0.746241
0.339393,-0.747402
0.339849,-0.748563
0.340304,-0.749723
0.340759,-0.750884
0.341215,-0.752045
0.34167,-0.753206
0.342126,-0.754367
0.342581,-0.755527
0.343036,-0.756688
0.343492,-0.757849
0.343947,-0.75901
0.344402,-0.76017
0.344858,-0.761331
0.345313,-0.762492
0.345769,-0.763653
0.346224,-0.764813
0.346679,-0.765974
0.347135,-0.767135
0.34759,-0.768296
0.348046,-0.769456
0.348501,-0.770617
0.348956,-0.771778
0.349412,-0.772939
0.349867,-0.774099
0.350323,-0.77526
0.350778,-0.776421
0.351233,-0.777582
0.351689,-0.778743
0.352144,-0.779903
0.3526,-0.781064
0.353055,-0.782225
0.35351,-0.783386
0.353966,-0.784546
0.354421,-0.785707
0.354876,-0.786868
0.355332,-0.788029
0.355787,-0.789189
0.356243,-0.79035
0.356698,-0.791511
0.357153,-0.792672
0.357609,-0.793832
0.358064,-0.794993
0.35852,-0.796154
0.358975,-0.797315
0.35943,-0.798476
0.359886,-0.799636
0.360341,-0.800797
0.360797,-0.801958
0.361252,-0.803119
0.361707,-0.804279
0.362163,-0.80544
0.362618,-0.806601
0.363074,-0.807762
0.363529,-0.808922
0.363984,-0.810083
0.36444,-0.811244
0.364895,-0.812405
0.36535,-0.813565
0.365806,-0.814726
0.366261,-0.815887
0.366717,-0.817048
0.367172,-0.818208
0.367627,-0.819369
0.368083,-0.82053
0.368538,-0.821691
0.368994,-0.822852
0.369449,-0.824012
0.369904,-0.825173
0.37036,-0.826334
0.370815,-0.827495
0.371271,-0.828655
0.371726,-0.829816
0.372181,-0.830977
0.372637,-0.832138
0.373092,-0.833298
0.373548,-0.834459
0.374003,-0.83562
0.374458,-0.836781
0.374914,-0.837941
0.375369,-0.839102
0.375824,-0.840263
0.37628,-0.841424
0.376735,-0.842585
0.377191,-0.843745
0.377646,-0.844906
0.378101,-0.846067
0.378557,-0.847228
0.378004,-0.846559
0.377451,-0.845891
0.376898,-0.845222
0.376345,-0.844554
0.375792,-0.843885
0.375239,-0.843217
0.374686,-0.842548
0.374133,-0.84188
0.37358,-0.841211
0.373027,-0.840543
0.372474,-0.839874
0.371921,-0.839206
0.371368,-0.838537
0.370815,-0.837869
0.370262,-0.8372
0.369709,-0.836532
0.369156,-0.835864
0.368603,-0.835195
0.36805,-0.834527
0.367497,-0.833858
0.366944,-0.83319
0.366391,-0.832521
0.365838,-0.831853
0.365285,-0.831184
0.364732,-0.830516
0.36418,-0.829847
0.363627,-0.829179
0.363074,-0.82851
0.362521,-0.827842
0.361968,-0.827173
0.361415,-0.826505
0.360862,-0.825836
0.360309,-0.825168
0.359756,-0.8245
0.359203,-0.823831
0.35865,-0.823163
0.358097,-0.822494
0.357544,-0.821826
0.356991,-0.821157
0.356438,-0.820489
0.355885,-0.81982
0.355332,-0.819152
0.354779,-0.818483
0.354226,-0.817815
0.353673,-0.817146
0.35312,-0.816478
0.352567,-0.815809
0.352014,-0.815141
0.351461,-0.814472
0.350908,-0.813804
0.350355,-0.813135
0.349802,-0.812467
0.349249,-0.811799
0.348696,-0.81113
0.348143,-0.810462
0.34759,-0.809793
0.347037,-0.809125
0.346484,-0.808456
0.345931,-0.807788
0.345378,-0.807119
0.344825,-0.806451
0.344273,-0.805782
0.34372,-0.805114
0.343167,-0.804445
0.342614,-0.803777
0.342061,-0.803108
0.341508,-0.80244
0.340955,-0.801771
0.340402,-0.801103
0.339849,-0.800435
0.339296,-0.799766
0.338743,-0.799098
0.33819,-0.798429
0.337637,-0.797761
0.337084,-0.797092
0.336531,-0.796424
0.335978,-0.795755
0.335425,-0.795087
0.334872,-0.794418
0.334319,-0.79375
0.333766,-0.793081
0.333213,-0.792413
0.33266,-0.791744
0.332107,-0.791076
0.331554,-0.790407
0.331001,-0.789739
0.330448,-0.789071
0.329895,-0.788402
0.329342,-0.787734
0.328789,-0.787065
0.328236,-0.786397
0.327683,-0.785728
0.32713,-0.78506
0.326577,-0.784391
0.326024,-0.783723
0.325471,-0.783054
0.324919,-0.782386
0.324366,-0.781717
0.323813,-0.781049
0.32326,-0.78038
0.322707,-0.779712
0.322154,-0.779043
0.321601,-0.778375
0.321048,-0.777706
0.320495,-0.777038
0.319942,-0.77637
0.319389,-0.775701
0.318836,-0.775033
0.318283,-0.774364
0.31773,-0.773696
0.317177,-0.773027
0.316624,-0.772359
0.316071,-0.77169
0.315518,-0.771022
0.314965,-0.770353
0.314412,-0.769685
0.313859,-0.769016
0.313306,-0.768348
0.312753,-0.767679
0.3122,-0.767011
0.311647,-0.766342
0.311094,-0.765674
0.310541,-0.765006
0.309988,-0.764337
0.309435,-0.763669
0.308882,-0.763
0.308329,-0.762332
0.307776,-0.761663
0.307223,-0.760995
0.30667,-0.760326
0.306117,-0.759658
0.305564,-0.758989
0.305012,-0.758321
0.304459,-0.757652
0.303906,-0.756984
0.303353,-0.756315
0.3028,-0.755647
0.302247,-0.754978
0.301694,-0.75431
0.301141,-0.753641
0.300588,-0.752973
0.300035,-0.752305
0.299482,-0.751636
0.298929,-0.750968
0.298376,-0.750299
0.297823,-0.749631
0.29727,-0.748962
0.296717,-0.748294
0.296164,-0.747625
0.297244,-0.747094
0.298325,-0.746563
0.299405,-0.746031
0.300485,-0.7455
0.301566,-0.744969
0.302646,-0.744438
0.303726,-0.743906
0.304807,-0.743375
0.305887,-0.742844
0.306967,-0.742313
0.308048,-0.741781
0.309128,-0.74125
0.310208,-0.740719
0.311289,-0.740188
0.312369,-0.739656
0.313449,-0.739125
0.31453,-0.738594
0.31561,-0.738063
0.316691,-0.737531
0.317771,-0.737
0.318851,-0.736469
0.319932,-0.735938
0.321012,-0.735406
0.322092,-0.734875
0.323173,-0.734344
0.324253,-0.733813
0.325333,-0.733281
0.326414,-0.73275
0.327494,-0.732219
0.328574,-0.731687
0.329655,-0.731156
0.330735,-0.730625
0.331815,-0.730094
0.332896,-0.729562
0.333976,-0.729031
0.335056,-0.7285
0.336137,-0.727969
0.337217,-0.727437
0.338297,-0.726906
0.339378,-0.726375
0.340458,-0.725844
0.341539,-0.725312
0.342619,-0.724781
0.343699,-0.72425
0.34478,-0.723719
0.34586,-0.723187
0.34694,-0.722656
0.348021,-0.722125
0.349101,-0.721594
0.350181,-0.721062
0.351262,-0.720531
0.352342,-0.72
0.353422,-0.719469
0.354503,-0.718937
0.355583,-0.718406
0.356663,-0.717875
0.357744,-0.717343
0.358824,-0.716812
0.359904,-0.716281
0.360985,-0.71575
0.362065,-0.715218
0.363145,-0.714687
0.364226,-0.714156
0.365306,-0.713625
0.366386,-0.713093
0.367467,-0.712562
0.368547,-0.712031
0.369628,-0.7115
0.370708,-0.710968
0.371788,-0.710437
0.372869,-0.709906
0.373949,-0.709375
0.375029,-0.708843
0.37611,-0.708312
0.37719,-0.707781
0.37827,-0.70725
0.379351,-0.706718
0.380431,-0.706187
0.381511,-0.705656
0.382592,-0.705125
0.383672,-0.704593
0.384752,-0.704062
0.385833,-0.703531
0.386913,-0.702999
0.387993,-0.702468
0.389074,-0.701937
0.390154,-0.701406
0.391234,-0.700874
0.392315,-0.700343
0.393395,-0.699812
0.394476,-0.699281
0.395556,-0.698749
0.396636,-0.698218
0.397717,-0.697687
0.398797,-0.697156
0.399877,-0.696624
0.400958,-0.696093
0.402038,-0.695562
0.403118,-0.695031
0.404199,-0.694499
0.405279,-0.693968
0.406359,-0.693437
0.40744,-0.692906
0.40852,-0.692374
0.4096,-0.691843
0.410681,-0.691312
0.411761,-0.690781
0.412841,-0.690249
0.413922,-0.689718
0.415002,-0.689187
0.416082,-0.688655
0.417163,-0.688124
0.418243,-0.687593
0.419323,-0.687062
0.420404,-0.68653
0.421484,-0.685999
0.422565,-0.685468
0.423645,-0.684937
0.424725,-0.684405
0.425806,-0.683874
0.426886,-0.683343
0.427966,-0.682812
0.429047,-0.68228
0.430127,-0.681749
0.431207,-0.681218
0.432288,-0.680687
0.433368,-0.680155
0.434448,-0.679624
0.435529,-0.679093
0.436609,-0.678562
0.437689,-0.67803
0.43877,-0.677499
0.43985,-0.676968
0.44093,-0.676437
0.442011,-0.675905
0.443091,-0.675374
0.444171,-0.674843
0.445252,-0.674311
0.446332,-0.67378
0.447413,-0.673249
0.448493,-0.672718
0.449573,-0.672186
0.450654,-0.671655
0.451734,-0.671124
0.452814,-0.670593
0.453895,-0.670061
0.454975,-0.66953
0.456055,-0.668999
0.457136,-0.668468
0.458216,-0.667936
0.459009,-0.668701
0.459803,-0.669465
0.460596,-0.670229
0.461389,-0.670993
0.462183,-0.671758
0.462976,-0.672522
0.463769,-0.673286
0.464563,-0.67405
0.465356,-0.674815
0.466149,-0.675579
0.466943,-0.676343
0.467736,-0.677107
0.468529,-0.677871
0.469323,-0.678636
0.470116,-0.6794
0.470909,-0.680164
0.471703,-0.680928
0.472496,-0.681693
0.473289,-0.682457
0.474083,-0.683221
0.474876,-0.683985
0.475669,-0.68475
0.476463,-0.685514
0.477256,-0.686278
0.478049,-0.687042
0.478843,-0.687807
0.479636,-0.688571
0.480429,-0.689335
0.481223,-0.690099
0.482016,-0.690864
0.482809,-0.691628
0.483603,-0.692392
0.484396,-0.693156
0.485189,-0.693921
0.485983,-0.694685
0.486776,-0.695449
0.487569,-0.696213
0.488363,-0.696977
0.489156,-0.697742
0.489949,-0.698506
0.490743,-0.69927
0.491536,-0.700034
0.492329,-0.700799
0.493123,-0.701563
0.493916,-0.702327
0.494709,-0.703091
0.495503,-0.703856
0.496296,-0.70462
0.497089,-0.705384
0.497883,-0.706148
0.498676,-0.706913
0.499469,-0.707677
0.500263,-0.708441
0.501056,-0.709205
0.501849,-0.70997
0.502643,-0.710734
0.503436,-0.711498
0.504229,-0.712262
0.505023,-0.713027
0.505816,-0.713791
0.506609,-0.714555
0.507403,-0.715319
0.508196,-0.716083
0.508989,-0.716848
0.509783,-0.717612
0.510576,-0.718376
0.511369,-0.71914
0.512163,-0.719905
0.512956,-0.720669
0.513749,-0.721433
0.514543,-0.722197
0.515336,-0.722962
0.516129,-0.723726
0.516923,-0.72449
0.517716,-0.725254
0.518509,-0.726019
0.519303,-0.726783
0.520096,-0.727547
0.520889,-0.728311
0.521683,-0.729076
0.522476,-0.72984
0.523269,-0.730604
0.524063,-0.731368
0.524856,-0.732133
0.525649,-0.732897
0.526443,-0.733661
0.527236,-0.734425
0.528029,-0.735189
0.528823,-0.735954
0.529616,-0.736718
0.530409,-0.737482
0.531203,-0.738246
0.531996,-0.739011
0.532789,-0.739775
0.533583,-0.740539
0.534376,-0.741303
0.535169,-0.742068
0.535963,-0.742832
0.536756,-0.743596
0.537549,-0.74436
0.538343,-0.745125
0.539136,-0.745889
0.539929,-0.746653
0.540723,-0.747417
0.541516,-0.748182
0.542309,-0.748946
0.543103,-0.74971
0.543896,-0.750474
0.544689,-0.751239
0.545483,-0.752003
0.546276,-0.752767
0.547069,-0.753531
0.547863,-0.754295
0.548656,-0.75506
0.549449,-0.755824
0.550243,-0.756588
0.551036,-0.757352
0.551829,-0.758117
0.552623,-0.758881
0.553416,-0.759645
0.554209,-0.760409
0.555003,-0.761174
0.555796,-0.761938
0.556589,-0.762702
0.557383,-0.763466
0.558176,-0.764231
0.558969,-0.764995
0.559763,-0.765759
0.560556,-0.766523
0.561349,-0.767288
0.562143,-0.768052
0.562936,-0.768816
0.563729,-0.76958
0.564523,-0.770344
0.565316,-0.771109
0.566109,-0.771873
0.566903,-0.772637
0.567696,-0.773401
0.568489,-0.774166
0.569283,-0.77493
0.570076,-0.775694
0.570869,-0.776458
0.571663,-0.777223
0.572456,-0.777987
0.573249,-0.778751
0.574043,-0.779515
0.574836,-0.78028
0.575629,-0.781044
0.576423,-0.781808
