O
20
1,0,-1,0.78,-0.5,0.75,0.0,0.0,0.0,0.3,0.4,0.02,0,0.8,False
2,0,-1,1.1,-0.5,0.93,0.0,0.0,0.0,0.02,0.4,0.2,0,0.8,False
3,0,-1,0.78,-0.5,1.11,0.0,0.0,0.0,0.3,0.4,0.02,0,0.8,False
4,0,-1,0.8,-0.92,0.93,0.0,0.0,0.0,0.32,0.02,0.2,0,0.8,False
5,0,-1,0.8,-0.08,0.93,0.0,0.0,0.0,0.32,0.02,0.2,0,0.8,False
6,0,0,0.6378672097983666,-0.3569774601957175,0.9114673256932088,0.0,0.0,2.0166910144009225,0.03,0.03,0.14146732569320872,0.2651960555249228,0.9226339527400114,False
7,2,0,0.7444843160969086,-0.7617918665019409,0.8450000000000001,0.0,0.0,5.644586669352299,0.061545870338120805,0.061545870338120805,0.15,0.13774557265099857,1.0585348956791902,False
8,0,0,0.8621415934963463,-0.3957608765056792,0.86,0.0,0.0,0.8829186703284475,0.031666140418897835,0.056803321560138995,0.09,0.002924221270754812,1.1266378426060781,False
9,0,0,0.9883251240225983,-0.27444378792486845,0.86,0.0,0.0,0.916754382512108,0.031317166433101624,0.03,0.09,0.08345390963505273,0.9372395243661626,False
10,2,0,0.9375216380020529,-0.6283712437500882,0.8616086437307247,0.0,0.0,2.8406774949970544,0.03280998432813272,0.03280998432813272,0.18321728746144916,0.2077383298786462,1.1038513973191324,False
11,2,1,0.5447156889701349,-0.4878685262135175,0.8450000000000001,0.0,0.0,3.2644076578111814,0.03,0.03,0.15,0.04000815048162204,0.8270927560492124,True
12,0,1,0.7051544525278006,-0.5518170222417624,0.8908047062292829,0.0,0.0,6.12901356907675,0.05959619259181759,0.060675394635108876,0.12080470622928281,0.1464808969848399,1.0071299095039024,True
13,0,1,0.5592862418587204,-0.6747990511404052,0.86,0.0,0.0,2.5804200697944015,0.03,0.03,0.09,0.4799896468003681,1.040061426306482,True
14,0,1,0.8405735370736362,-0.24400170961912993,0.879135312214075,0.0,0.0,0.3545570343379095,0.03,0.03,0.10913531221407505,0.26926897649907183,0.8452027964163937,True
15,0,1,0.6843539140099211,-0.2020072131652757,0.9229304166643175,0.0,0.0,3.6623054112652573,0.06540822490072293,0.03,0.1529304166643175,0.2254739474948106,0.9890648532629474,True
16,2,1,0.9068759418979239,-0.7681349781533572,0.8450000000000001,0.0,0.0,4.022997810259078,0.0433224283620802,0.0433224283620802,0.15,0.32745949197454316,0.8890965590550797,True
17,2,1,0.9320731746329447,-0.5242011859231179,0.8450000000000001,0.0,0.0,1.8861708382762066,0.03,0.03,0.15,0.21133879951838108,0.8607374943631082,True
18,2,1,0.5399236383344949,-0.292534914538762,0.8450000000000001,0.0,0.0,4.005532805078077,0.03,0.03,0.15,0.39434227442407,1.0033012575858362,True
19,2,1,1.01930280490161,-0.45359449967287846,0.8450000000000001,0.0,0.0,3.4007103183192826,0.03,0.03,0.15,0.32220971476310645,0.8478920372560174,True
20,0,1,0.5345551693721661,-0.8054566467581632,0.86,0.0,0.0,4.956161455169745,0.048986126276344376,0.054792135638412266,0.09,0.34383752472668033,0.998933334816658,True
R
0.0,0.0,0.0,0.0,0.0,0.0,1.0
S
8
torso_lift_joint,0
r_shoulder_pan_joint,-1.69017
r_shoulder_lift_joint,-0.0788625
r_upper_arm_roll_joint,-1.69017
r_elbow_flex_joint,-1.2717
r_forearm_roll_joint,-0.151824
r_wrist_flex_joint,-1.25254
r_wrist_roll_joint,0.675062
G
0.5702,-0.389322,0.911467,0.445895,-0,0
ooi
6
A
599
0.310248,-0.673113
0.310741,-0.671804
0.311234,-0.670496
0.311726,-0.669187
0.312219,-0.667878
0.312712,-0.66657
0.313205,-0.665261
0.313697,-0.663952
0.31419,-0.662644
0.314683,-0.661335
0.315176,-0.660026
0.315668,-0.658718
0.316161,-0.657409
0.316654,-0.6561
0.317147,-0.654791
0.31764,-0.653483
0.318132,-0.652174
0.318625,-0.650865
0.319118,-0.649557
0.319611,-0.648248
0.320103,-0.646939
0.320596,-0.645631
0.321089,-0.644322
0.321582,-0.643013
0.322074,-0.641705
0.322567,-0.640396
0.32306,-0.639087
0.323553,-0.637779
0.324045,-0.63647
0.324538,-0.635161
0.325031,-0.633852
0.325524,-0.632544
0.326016,-0.631235
0.326509,-0.629926
0.327002,-0.628618
0.327495,-0.627309
0.327987,-0.626
0.32848,-0.624692
0.328973,-0.623383
0.329466,-0.622074
0.329958,-0.620766
0.330451,-0.619457
0.330944,-0.618148
0.331437,-0.61684
0.331929,-0.615531
0.332422,-0.614222
0.332915,-0.612913
0.333408,-0.611605
0.3339,-0.610296
0.334393,-0.608987
0.334886,-0.607679
0.335379,-0.60637
0.335871,-0.605061
0.336364,-0.603753
0.336857,-0.602444
0.33735,-0.601135
0.337842,-0.599827
0.338335,-0.598518
0.338828,-0.597209
0.339321,-0.595901
0.339814,-0.594592
0.340306,-0.593283
0.340799,-0.591974
0.341292,-0.590666
0.341785,-0.589357
0.342277,-0.588048
0.34277,-0.58674
0.343263,-0.585431
0.343756,-0.584122
0.344248,-0.582814
0.344741,-0.581505
0.345234,-0.580196
0.345727,-0.578888
0.346219,-0.577579
0.346712,-0.57627
0.347205,-0.574962
0.347698,-0.573653
0.34819,-0.572344
0.348683,-0.571035
0.349176,-0.569727
0.349669,-0.568418
0.350161,-0.567109
0.350654,-0.565801
0.351147,-0.564492
0.35164,-0.563183
0.352132,-0.561875
0.352625,-0.560566
0.353118,-0.559257
0.353611,-0.557949
0.354103,-0.55664
0.354596,-0.555331
0.355089,-0.554023
0.355582,-0.552714
0.356074,-0.551405
0.356567,-0.550096
0.35706,-0.548788
0.357553,-0.547479
0.358045,-0.54617
0.358538,-0.544862
0.359031,-0.543553
0.359524,-0.542244
0.360016,-0.540936
0.360509,-0.539627
0.361002,-0.538318
0.361495,-0.53701
0.361988,-0.535701
0.36248,-0.534392
0.362973,-0.533084
0.363466,-0.531775
0.363959,-0.530466
0.364451,-0.529157
0.364944,-0.527849
0.365437,-0.52654
0.36593,-0.525231
0.366422,-0.523923
0.366915,-0.522614
0.367408,-0.521305
0.367901,-0.519997
0.368393,-0.518688
0.368886,-0.517379
0.369379,-0.516071
0.369872,-0.514762
0.370364,-0.513453
0.370857,-0.512145
0.37135,-0.510836
0.371843,-0.509527
0.372335,-0.508218
0.372828,-0.50691
0.373321,-0.505601
0.373814,-0.504292
0.374306,-0.502984
0.374799,-0.501675
0.375292,-0.500366
0.375785,-0.499058
0.376277,-0.497749
0.37677,-0.49644
0.377263,-0.495132
0.377756,-0.493823
0.378248,-0.492514
0.378741,-0.491206
0.379234,-0.489897
0.379727,-0.488588
0.380219,-0.48728
0.380712,-0.485971
0.381205,-0.484662
0.381698,-0.483353
0.38219,-0.482045
0.382683,-0.480736
0.383176,-0.479427
0.383669,-0.478119
0.384161,-0.47681
0.384965,-0.476803
0.385768,-0.476795
0.386571,-0.476788
0.387374,-0.476781
0.388177,-0.476773
0.38898,-0.476766
0.389783,-0.476758
0.390586,-0.476751
0.391389,-0.476744
0.392192,-0.476736
0.392995,-0.476729
0.393798,-0.476722
0.394601,-0.476714
0.395404,-0.476707
0.396207,-0.476699
0.39701,-0.476692
0.397813,-0.476685
0.398616,-0.476677
0.399419,-0.47667
0.400222,-0.476663
0.401025,-0.476655
0.401828,-0.476648
0.402631,-0.47664
0.403434,-0.476633
0.404237,-0.476626
0.40504,-0.476618
0.405843,-0.476611
0.406646,-0.476604
0.407449,-0.476596
0.408252,-0.476589
0.409055,-0.476581
0.409858,-0.476574
0.410661,-0.476567
0.411464,-0.476559
0.412267,-0.476552
0.41307,-0.476545
0.413873,-0.476537
0.414676,-0.47653
0.415479,-0.476523
0.416282,-0.476515
0.417085,-0.476508
0.417888,-0.4765
0.418691,-0.476493
0.419494,-0.476486
0.420297,-0.476478
0.4211,-0.476471
0.421903,-0.476464
0.422706,-0.476456
0.423509,-0.476449
0.424312,-0.476441
0.425115,-0.476434
0.425918,-0.476427
0.426721,-0.476419
0.427524,-0.476412
0.428327,-0.476405
0.42913,-0.476397
0.429933,-0.47639
0.430736,-0.476382
0.431539,-0.476375
0.432342,-0.476368
0.433145,-0.47636
0.433948,-0.476353
0.434751,-0.476346
0.435554,-0.476338
0.436357,-0.476331
0.43716,-0.476323
0.437963,-0.476316
0.438766,-0.476309
0.439569,-0.476301
0.440372,-0.476294
0.441175,-0.476287
0.441978,-0.476279
0.442781,-0.476272
0.443584,-0.476264
0.444387,-0.476257
0.44519,-0.47625
0.445993,-0.476242
0.446796,-0.476235
0.447599,-0.476228
0.448402,-0.47622
0.449205,-0.476213
0.450008,-0.476206
0.450811,-0.476198
0.451614,-0.476191
0.452417,-0.476183
0.45322,-0.476176
0.454023,-0.476169
0.454826,-0.476161
0.455629,-0.476154
0.456432,-0.476147
0.457235,-0.476139
0.458038,-0.476132
0.458841,-0.476124
0.459644,-0.476117
0.460447,-0.47611
0.46125,-0.476102
0.462053,-0.476095
0.462856,-0.476088
0.463659,-0.47608
0.464462,-0.476073
0.465265,-0.476065
0.466068,-0.476058
0.466872,-0.476051
0.467675,-0.476043
0.468478,-0.476036
0.469281,-0.476029
0.470084,-0.476021
0.470887,-0.476014
0.47169,-0.476006
0.472493,-0.475999
0.473296,-0.475992
0.474099,-0.475984
0.474902,-0.475977
0.475705,-0.47597
0.476508,-0.475962
0.477311,-0.475955
0.478114,-0.475947
0.478917,-0.47594
0.47972,-0.475933
0.480523,-0.475925
0.481326,-0.475918
0.482129,-0.475911
0.482932,-0.475903
0.483735,-0.475896
0.484538,-0.475889
0.485341,-0.475881
0.486144,-0.475874
0.486947,-0.475866
0.48775,-0.475859
0.488553,-0.475852
0.489356,-0.475844
0.490159,-0.475837
0.490962,-0.47583
0.491765,-0.475822
0.492568,-0.475815
0.493371,-0.475807
0.494174,-0.4758
0.494977,-0.475793
0.49578,-0.475785
0.496583,-0.475778
0.497386,-0.475771
0.498189,-0.475763
0.498992,-0.475756
0.499795,-0.475748
0.500598,-0.475741
0.501401,-0.475734
0.502204,-0.475726
0.503007,-0.475719
0.50381,-0.475712
0.504318,-0.475555
0.504826,-0.475397
0.505334,-0.47524
0.505842,-0.475083
0.506351,-0.474926
0.506859,-0.474769
0.507367,-0.474612
0.507875,-0.474455
0.508383,-0.474298
0.508891,-0.474141
0.509399,-0.473984
0.509907,-0.473827
0.510415,-0.47367
0.510923,-0.473513
0.511432,-0.473355
0.51194,-0.473198
0.512448,-0.473041
0.512956,-0.472884
0.513464,-0.472727
0.513972,-0.47257
0.51448,-0.472413
0.514988,-0.472256
0.515496,-0.472099
0.516005,-0.471942
0.516513,-0.471785
0.517021,-0.471628
0.517529,-0.471471
0.518037,-0.471313
0.518545,-0.471156
0.519053,-0.470999
0.519561,-0.470842
0.520069,-0.470685
0.520578,-0.470528
0.521086,-0.470371
0.521594,-0.470214
0.522102,-0.470057
0.52261,-0.4699
0.523118,-0.469743
0.523626,-0.469586
0.524134,-0.469429
0.524642,-0.469272
0.525151,-0.469114
0.525659,-0.468957
0.526167,-0.4688
0.526675,-0.468643
0.527183,-0.468486
0.527691,-0.468329
0.528199,-0.468172
0.528707,-0.468015
0.529215,-0.467858
0.529723,-0.467701
0.530232,-0.467544
0.53074,-0.467387
0.531248,-0.46723
0.531756,-0.467072
0.532264,-0.466915
0.532772,-0.466758
0.53328,-0.466601
0.533788,-0.466444
0.534296,-0.466287
0.534805,-0.46613
0.535313,-0.465973
0.535821,-0.465816
0.536329,-0.465659
0.536837,-0.465502
0.537345,-0.465345
0.537853,-0.465188
0.538361,-0.46503
0.538869,-0.464873
0.539378,-0.464716
0.539886,-0.464559
0.540394,-0.464402
0.540902,-0.464245
0.54141,-0.464088
0.541918,-0.463931
0.542426,-0.463774
0.542934,-0.463617
0.543442,-0.46346
0.543951,-0.463303
0.544459,-0.463146
0.544967,-0.462988
0.545475,-0.462831
0.545983,-0.462674
0.546491,-0.462517
0.546999,-0.46236
0.547507,-0.462203
0.548015,-0.462046
0.548523,-0.461889
0.549032,-0.461732
0.54954,-0.461575
0.550048,-0.461418
0.550556,-0.461261
0.551064,-0.461104
0.551572,-0.460947
0.55208,-0.460789
0.552588,-0.460632
0.553096,-0.460475
0.553605,-0.460318
0.554113,-0.460161
0.554621,-0.460004
0.555129,-0.459847
0.555637,-0.45969
0.556145,-0.459533
0.556653,-0.459376
0.557161,-0.459219
0.557669,-0.459062
0.558178,-0.458905
0.558686,-0.458747
0.559194,-0.45859
0.559702,-0.458433
0.56021,-0.458276
0.560718,-0.458119
0.561226,-0.457962
0.561734,-0.457805
0.562242,-0.457648
0.562751,-0.457491
0.563259,-0.457334
0.563767,-0.457177
0.564275,-0.45702
0.564783,-0.456863
0.565291,-0.456705
0.565799,-0.456548
0.566307,-0.456391
0.566815,-0.456234
0.567323,-0.456077
0.567832,-0.45592
0.56834,-0.455763
0.568848,-0.455606
0.569356,-0.455449
0.569864,-0.455292
0.570372,-0.455135
0.57088,-0.454978
0.571388,-0.454821
0.571896,-0.454664
0.572405,-0.454506
0.572913,-0.454349
0.573421,-0.454192
0.573929,-0.454035
0.574437,-0.453878
0.574945,-0.453721
0.575453,-0.453564
0.575961,-0.453407
0.576469,-0.45325
0.576978,-0.453093
0.577486,-0.452936
0.577994,-0.452779
0.578502,-0.452622
0.57901,-0.452464
0.579518,-0.452307
0.580026,-0.45215
0.57996,-0.451729
0.579894,-0.451307
0.579828,-0.450885
0.579762,-0.450464
0.579696,-0.450042
0.579631,-0.44962
0.579565,-0.449199
0.579499,-0.448777
0.579433,-0.448355
0.579367,-0.447934
0.579301,-0.447512
0.579235,-0.44709
0.579169,-0.446669
0.579103,-0.446247
0.579037,-0.445825
0.578971,-0.445404
0.578905,-0.444982
0.578839,-0.44456
0.578773,-0.444139
0.578707,-0.443717
0.578641,-0.443295
0.578575,-0.442874
0.578509,-0.442452
0.578444,-0.44203
0.578378,-0.441609
0.578312,-0.441187
0.578246,-0.440765
0.57818,-0.440344
0.578114,-0.439922
0.578048,-0.4395
0.577982,-0.439079
0.577916,-0.438657
0.57785,-0.438235
0.577784,-0.437814
0.577718,-0.437392
0.577652,-0.43697
0.577586,-0.436549
0.57752,-0.436127
0.577454,-0.435705
0.577388,-0.435284
0.577322,-0.434862
0.577256,-0.43444
0.577191,-0.434019
0.577125,-0.433597
0.577059,-0.433175
0.576993,-0.432754
0.576927,-0.432332
0.576861,-0.43191
0.576795,-0.431489
0.576729,-0.431067
0.576663,-0.430645
0.576597,-0.430224
0.576531,-0.429802
0.576465,-0.42938
0.576399,-0.428959
0.576333,-0.428537
0.576267,-0.428115
0.576201,-0.427694
0.576135,-0.427272
0.576069,-0.42685
0.576004,-0.426429
0.575938,-0.426007
0.575872,-0.425585
0.575806,-0.425164
0.57574,-0.424742
0.575674,-0.42432
0.575608,-0.423899
0.575542,-0.423477
0.575476,-0.423055
0.57541,-0.422634
0.575344,-0.422212
0.575278,-0.42179
0.575212,-0.421369
0.575146,-0.420947
0.57508,-0.420525
0.575014,-0.420104
0.574948,-0.419682
0.574882,-0.419261
0.574817,-0.418839
0.574751,-0.418417
0.574685,-0.417996
0.574619,-0.417574
0.574553,-0.417152
0.574487,-0.416731
0.574421,-0.416309
0.574355,-0.415887
0.574289,-0.415466
0.574223,-0.415044
0.574157,-0.414622
0.574091,-0.414201
0.574025,-0.413779
0.573959,-0.413357
0.573893,-0.412936
0.573827,-0.412514
0.573761,-0.412092
0.573695,-0.411671
0.573629,-0.411249
0.573564,-0.410827
0.573498,-0.410406
0.573432,-0.409984
0.573366,-0.409562
0.5733,-0.409141
0.573234,-0.408719
0.573168,-0.408297
0.573102,-0.407876
0.573036,-0.407454
0.57297,-0.407032
0.572904,-0.406611
0.572838,-0.406189
0.572772,-0.405767
0.572706,-0.405346
0.57264,-0.404924
0.572574,-0.404502
0.572508,-0.404081
0.572442,-0.403659
0.572377,-0.403237
0.572311,-0.402816
0.572245,-0.402394
0.572179,-0.401972
0.572113,-0.401551
0.572047,-0.401129
0.571981,-0.400707
0.571915,-0.400286
0.571849,-0.399864
0.571783,-0.399442
0.571717,-0.399021
0.571651,-0.398599
0.571585,-0.398177
0.571519,-0.397756
0.571453,-0.397334
0.571387,-0.396912
0.571321,-0.396491
0.571255,-0.396069
0.57119,-0.395647
0.571124,-0.395226
0.571058,-0.394804
0.570992,-0.394382
0.570926,-0.393961
0.57086,-0.393539
0.570794,-0.393117
0.570728,-0.392696
0.570662,-0.392274
0.570596,-0.391852
0.57053,-0.391431
0.570464,-0.391009
0.570398,-0.390587
0.570332,-0.390166
0.570266,-0.389744
0.5702,-0.389322
