O
20
1,0,-1,0.78,-0.5,0.75,0.0,0.0,0.0,0.3,0.4,0.02,0,0.8,False
2,0,-1,1.1,-0.5,0.93,0.0,0.0,0.0,0.02,0.4,0.2,0,0.8,False
3,0,-1,0.78,-0.5,1.11,0.0,0.0,0.0,0.3,0.4,0.02,0,0.8,False
4,0,-1,0.8,-0.92,0.93,0.0,0.0,0.0,0.32,0.02,0.2,0,0.8,False
5,0,-1,0.8,-0.08,0.93,0.0,0.0,0.0,0.32,0.02,0.2,0,0.8,False
6,2,0,0.9914527081218825,-0.19053748552149175,0.8450000000000001,0.0,0.0,1.6356839892663393,0.03660307613266873,0.03660307613266873,0.15,0.0971163695285644,1.1489141096065263,False
7,2,0,0.9119239087145412,-0.3477050437053647,0.84577508919803,0.0,0.0,5.76322160378606,0.03469727353030605,0.03469727353030605,0.15155017839605994,0.41928362167891625,1.0415643737199793,False
8,0,0,0.6767987849308934,-0.7898476622639017,0.86,0.0,0.0,1.0511285492780345,0.07475993860496237,0.07097884783964477,0.09,0.27352159849198315,0.8109012205259651,False
9,2,0,0.603093929853335,-0.4246170927277044,0.8450000000000001,0.0,0.0,1.3074740540855796,0.03,0.03,0.15,0.3068147224417118,1.1521163281722182,False
10,0,0,0.7012238532852652,-0.620600857405101,0.8919479068718718,0.0,0.0,1.1282736670275335,0.030472023222236966,0.03,0.1219479068718717,0.29875172902101715,1.1458160703639564,False
11,2,1,0.9156453964011566,-0.7550512647022262,0.8450000000000001,0.0,0.0,1.1516897238709973,0.0690762033705105,0.0690762033705105,0.15,0.06632208052679311,0.8136500960778239,True
12,0,1,0.9370649070602179,-0.5358904235477091,0.86,0.0,0.0,4.545034183604371,0.031068959265764647,0.06776760185042946,0.09,0.12291378252097834,0.8185979893743836,True
13,2,1,0.7867409981945385,-0.5238230076856987,0.8450000000000001,0.0,0.0,0.34242852887194364,0.03,0.03,0.15,0.44423275079659,0.9342429024832583,True
14,0,1,0.5134218300071184,-0.19205957000522067,0.86,0.0,0.0,0.5415954999166614,0.03,0.05954433320242665,0.09,0.3552111642507487,0.9096129093753434,True
15,0,1,0.775000068207246,-0.17024592046567566,0.86,0.0,0.0,2.234506567513046,0.03427401068420484,0.03,0.09,0.16167619574143394,0.8679523923890972,True
16,0,1,0.5276984423214579,-0.32007081650473956,0.9191632315252906,0.0,0.0,1.16475206990123,0.03,0.05738583472879839,0.1491632315252905,0.19066478071557352,0.9372590591807347,True
17,0,1,0.7081081158346029,-0.34360258433952506,0.8946626173480392,0.0,0.0,5.748943063123012,0.03,0.03056649349407598,0.12466261734803921,0.34968629903716214,1.0760574019164206,True
18,0,1,0.8052756535760373,-0.42009206216257555,0.872154254990424,0.0,0.0,2.7580353384677365,0.03,0.04197266472729792,0.10215425499042399,0.2144041986556648,0.9183133830143293,True
19,2,1,0.9114482562907835,-0.16489968850266212,0.8450000000000001,0.0,0.0,6.260910413015658,0.03,0.03,0.15,0.08692818067905234,1.0331487981719463,True
20,2,1,0.5956152937114075,-0.5487478119376088,0.848559943675592,0.0,0.0,0.33225549593762704,0.03913352312307906,0.03913352312307906,0.157119887351184,0.34015477983879966,1.1111149201954391,True
R
0.0,0.0,0.0,0.0,0.0,0.0,1.0
S
8
torso_lift_joint,0
r_shoulder_pan_joint,-1.69017
r_shoulder_lift_joint,-0.0788625
r_upper_arm_roll_joint,-1.69017
r_elbow_flex_joint,-1.2717
r_forearm_roll_joint,-0.151824
r_wrist_flex_joint,-1.25254
r_wrist_roll_joint,0.675062
G
0.531582,-0.447222,0.845,0.306159,-0,0
ooi
9
A
599
0.310248,-0.673113
0.311211,-0.673264
0.312174,-0.673415
0.313136,-0.673566
0.314099,-0.673717
0.315062,-0.673868
0.316025,-0.674019
0.316987,-0.67417
0.31795,-0.674321
0.318913,-0.674472
0.319876,-0.674623
0.320838,-0.674774
0.321801,-0.674925
0.322764,-0.675076
0.323727,-0.675227
0.324689,-0.675378
0.325652,-0.675529
0.326615,-0.675681
0.327578,-0.675832
0.32854,-0.675983
0.329503,-0.676134
0.330466,-0.676285
0.331429,-0.676436
0.332391,-0.676587
0.333354,-0.676738
0.334317,-0.676889
0.33528,-0.67704
0.336242,-0.677191
0.337205,-0.677342
0.338168,-0.677493
0.339131,-0.677644
0.340093,-0.677795
0.341056,-0.677946
0.342019,-0.678097
0.342982,-0.678248
0.343944,-0.678399
0.344907,-0.67855
0.34587,-0.678701
0.346833,-0.678852
0.347795,-0.679003
0.348758,-0.679154
0.349721,-0.679305
0.350684,-0.679456
0.351646,-0.679607
0.352609,-0.679758
0.353572,-0.679909
0.354535,-0.68006
0.355497,-0.680211
0.35646,-0.680362
0.357423,-0.680513
0.358386,-0.680664
0.359348,-0.680815
0.360311,-0.680966
0.361274,-0.681117
0.362237,-0.681268
0.363199,-0.681419
0.364162,-0.68157
0.365125,-0.681722
0.366087,-0.681873
0.36705,-0.682024
0.368013,-0.682175
0.368976,-0.682326
0.369938,-0.682477
0.370901,-0.682628
0.371864,-0.682779
0.372827,-0.68293
0.373789,-0.683081
0.374752,-0.683232
0.375715,-0.683383
0.376678,-0.683534
0.37764,-0.683685
0.378603,-0.683836
0.379566,-0.683987
0.380529,-0.684138
0.381491,-0.684289
0.382454,-0.68444
0.383417,-0.684591
0.38438,-0.684742
0.385342,-0.684893
0.386305,-0.685044
0.387268,-0.685195
0.388231,-0.685346
0.389193,-0.685497
0.390156,-0.685648
0.391119,-0.685799
0.392082,-0.68595
0.393044,-0.686101
0.394007,-0.686252
0.39497,-0.686403
0.395933,-0.686554
0.396895,-0.686705
0.397858,-0.686856
0.398821,-0.687007
0.399784,-0.687158
0.400746,-0.687309
0.401709,-0.68746
0.402672,-0.687612
0.403635,-0.687763
0.404597,-0.687914
0.40556,-0.688065
0.406523,-0.688216
0.407486,-0.688367
0.408448,-0.688518
0.409411,-0.688669
0.410374,-0.68882
0.411337,-0.688971
0.412299,-0.689122
0.413262,-0.689273
0.414225,-0.689424
0.415188,-0.689575
0.41615,-0.689726
0.417113,-0.689877
0.418076,-0.690028
0.419039,-0.690179
0.420001,-0.69033
0.420964,-0.690481
0.421927,-0.690632
0.42289,-0.690783
0.423852,-0.690934
0.424815,-0.691085
0.425778,-0.691236
0.426741,-0.691387
0.427703,-0.691538
0.428666,-0.691689
0.429629,-0.69184
0.430592,-0.691991
0.431554,-0.692142
0.432517,-0.692293
0.43348,-0.692444
0.434443,-0.692595
0.435405,-0.692746
0.436368,-0.692897
0.437331,-0.693048
0.438294,-0.693199
0.439256,-0.69335
0.440219,-0.693501
0.441182,-0.693653
0.442145,-0.693804
0.443107,-0.693955
0.44407,-0.694106
0.445033,-0.694257
0.445995,-0.694408
0.446958,-0.694559
0.447921,-0.69471
0.448884,-0.694861
0.449846,-0.695012
0.450809,-0.695163
0.451772,-0.695314
0.452735,-0.695465
0.453697,-0.695616
0.45466,-0.695767
0.45534,-0.694819
0.456021,-0.693871
0.456701,-0.692923
0.457381,-0.691975
0.458062,-0.691027
0.458742,-0.690078
0.459422,-0.68913
0.460102,-0.688182
0.460783,-0.687234
0.461463,-0.686286
0.462143,-0.685338
0.462824,-0.68439
0.463504,-0.683442
0.464184,-0.682494
0.464864,-0.681546
0.465545,-0.680598
0.466225,-0.67965
0.466905,-0.678702
0.467585,-0.677754
0.468266,-0.676806
0.468946,-0.675858
0.469626,-0.67491
0.470307,-0.673961
0.470987,-0.673013
0.471667,-0.672065
0.472347,-0.671117
0.473028,-0.670169
0.473708,-0.669221
0.474388,-0.668273
0.475069,-0.667325
0.475749,-0.666377
0.476429,-0.665429
0.477109,-0.664481
0.47779,-0.663533
0.47847,-0.662585
0.47915,-0.661637
0.47983,-0.660689
0.480511,-0.659741
0.481191,-0.658792
0.481871,-0.657844
0.482552,-0.656896
0.483232,-0.655948
0.483912,-0.655
0.484592,-0.654052
0.485273,-0.653104
0.485953,-0.652156
0.486633,-0.651208
0.487314,-0.65026
0.487994,-0.649312
0.488674,-0.648364
0.489354,-0.647416
0.490035,-0.646468
0.490715,-0.64552
0.491395,-0.644572
0.492075,-0.643624
0.492756,-0.642675
0.493436,-0.641727
0.494116,-0.640779
0.494797,-0.639831
0.495477,-0.638883
0.496157,-0.637935
0.496837,-0.636987
0.497518,-0.636039
0.498198,-0.635091
0.498878,-0.634143
0.499559,-0.633195
0.500239,-0.632247
0.500919,-0.631299
0.501599,-0.630351
0.50228,-0.629403
0.50296,-0.628455
0.50364,-0.627506
0.50432,-0.626558
0.505001,-0.62561
0.505681,-0.624662
0.506361,-0.623714
0.507042,-0.622766
0.507722,-0.621818
0.508402,-0.62087
0.509082,-0.619922
0.509763,-0.618974
0.510443,-0.618026
0.511123,-0.617078
0.511803,-0.61613
0.512484,-0.615182
0.513164,-0.614234
0.513844,-0.613286
0.514525,-0.612337
0.515205,-0.611389
0.515885,-0.610441
0.516565,-0.609493
0.517246,-0.608545
0.517926,-0.607597
0.518606,-0.606649
0.519287,-0.605701
0.519967,-0.604753
0.520647,-0.603805
0.521327,-0.602857
0.522008,-0.601909
0.522688,-0.600961
0.523368,-0.600013
0.524048,-0.599065
0.524729,-0.598117
0.525409,-0.597169
0.526089,-0.59622
0.52677,-0.595272
0.52745,-0.594324
0.52813,-0.593376
0.52881,-0.592428
0.529491,-0.59148
0.530171,-0.590532
0.530851,-0.589584
0.531532,-0.588636
0.532212,-0.587688
0.532892,-0.58674
0.533572,-0.585792
0.534253,-0.584844
0.534933,-0.583896
0.535613,-0.582948
0.536293,-0.582
0.536974,-0.581051
0.537654,-0.580103
0.538334,-0.579155
0.539015,-0.578207
0.539695,-0.577259
0.540375,-0.576311
0.541055,-0.575363
0.541736,-0.574415
0.542416,-0.573467
0.543096,-0.572519
0.543777,-0.571571
0.544457,-0.570623
0.545137,-0.569675
0.545817,-0.568727
0.546498,-0.567779
0.547178,-0.566831
0.547858,-0.565883
0.548538,-0.564934
0.549219,-0.563986
0.549899,-0.563038
0.550579,-0.56209
0.55126,-0.561142
0.55194,-0.560194
0.55262,-0.559246
0.5533,-0.558298
0.553981,-0.55735
0.554661,-0.556402
0.555341,-0.555454
0.556021,-0.554506
0.555189,-0.554023
0.554357,-0.55354
0.553525,-0.553058
0.552693,-0.552575
0.551861,-0.552093
0.551029,-0.55161
0.550196,-0.551127
0.549364,-0.550645
0.548532,-0.550162
0.5477,-0.549679
0.546868,-0.549197
0.546036,-0.548714
0.545203,-0.548231
0.544371,-0.547749
0.543539,-0.547266
0.542707,-0.546783
0.541875,-0.546301
0.541043,-0.545818
0.54021,-0.545335
0.539378,-0.544853
0.538546,-0.54437
0.537714,-0.543887
0.536882,-0.543405
0.53605,-0.542922
0.535217,-0.542439
0.534385,-0.541957
0.533553,-0.541474
0.532721,-0.540992
0.531889,-0.540509
0.531057,-0.540026
0.530225,-0.539544
0.529392,-0.539061
0.52856,-0.538578
0.527728,-0.538096
0.526896,-0.537613
0.526064,-0.53713
0.525232,-0.536648
0.524399,-0.536165
0.523567,-0.535682
0.522735,-0.5352
0.521903,-0.534717
0.521071,-0.534234
0.520239,-0.533752
0.519406,-0.533269
0.518574,-0.532786
0.517742,-0.532304
0.51691,-0.531821
0.516078,-0.531338
0.515246,-0.530856
0.514413,-0.530373
0.513581,-0.529891
0.512749,-0.529408
0.511917,-0.528925
0.511085,-0.528443
0.510253,-0.52796
0.50942,-0.527477
0.508588,-0.526995
0.507756,-0.526512
0.506924,-0.526029
0.506092,-0.525547
0.50526,-0.525064
0.504428,-0.524581
0.503595,-0.524099
0.502763,-0.523616
0.501931,-0.523133
0.501099,-0.522651
0.500267,-0.522168
0.499435,-0.521685
0.498602,-0.521203
0.49777,-0.52072
0.496938,-0.520237
0.496106,-0.519755
0.495274,-0.519272
0.494442,-0.51879
0.493609,-0.518307
0.492777,-0.517824
0.491945,-0.517342
0.491113,-0.516859
0.490281,-0.516376
0.489449,-0.515894
0.488616,-0.515411
0.487784,-0.514928
0.486952,-0.514446
0.48612,-0.513963
0.485288,-0.51348
0.484456,-0.512998
0.483624,-0.512515
0.482791,-0.512032
0.481959,-0.51155
0.481127,-0.511067
0.480295,-0.510584
0.479463,-0.510102
0.478631,-0.509619
0.477798,-0.509136
0.476966,-0.508654
0.476134,-0.508171
0.475302,-0.507689
0.47447,-0.507206
0.473638,-0.506723
0.472805,-0.506241
0.471973,-0.505758
0.471141,-0.505275
0.470309,-0.504793
0.469477,-0.50431
0.468645,-0.503827
0.467812,-0.503345
0.46698,-0.502862
0.466148,-0.502379
0.465316,-0.501897
0.464484,-0.501414
0.463652,-0.500931
0.462819,-0.500449
0.461987,-0.499966
0.461155,-0.499483
0.460323,-0.499001
0.459491,-0.498518
0.458659,-0.498035
0.457827,-0.497553
0.456994,-0.49707
0.456162,-0.496588
0.45533,-0.496105
0.454498,-0.495622
0.453666,-0.49514
0.452834,-0.494657
0.452001,-0.494174
0.451169,-0.493692
0.450337,-0.493209
0.449505,-0.492726
0.448673,-0.492244
0.447841,-0.491761
0.447008,-0.491278
0.446176,-0.490796
0.445344,-0.490313
0.444512,-0.48983
0.44368,-0.489348
0.442848,-0.488865
0.442015,-0.488382
0.441183,-0.4879
0.440351,-0.487417
0.439519,-0.486934
0.438687,-0.486452
0.437855,-0.485969
0.437022,-0.485487
0.43619,-0.485004
0.435358,-0.484521
0.434526,-0.484039
0.433694,-0.483556
0.432862,-0.483073
0.43203,-0.482591
0.431197,-0.482108
0.431871,-0.481874
0.432545,-0.48164
0.433219,-0.481406
0.433892,-0.481171
0.434566,-0.480937
0.43524,-0.480703
0.435913,-0.480469
0.436587,-0.480235
0.437261,-0.480001
0.437935,-0.479767
0.438608,-0.479532
0.439282,-0.479298
0.439956,-0.479064
0.440629,-0.47883
0.441303,-0.478596
0.441977,-0.478362
0.442651,-0.478128
0.443324,-0.477894
0.443998,-0.477659
0.444672,-0.477425
0.445345,-0.477191
0.446019,-0.476957
0.446693,-0.476723
0.447367,-0.476489
0.44804,-0.476255
0.448714,-0.47602
0.449388,-0.475786
0.450062,-0.475552
0.450735,-0.475318
0.451409,-0.475084
0.452083,-0.47485
0.452756,-0.474616
0.45343,-0.474382
0.454104,-0.474147
0.454778,-0.473913
0.455451,-0.473679
0.456125,-0.473445
0.456799,-0.473211
0.457472,-0.472977
0.458146,-0.472743
0.45882,-0.472508
0.459494,-0.472274
0.460167,-0.47204
0.460841,-0.471806
0.461515,-0.471572
0.462188,-0.471338
0.462862,-0.471104
0.463536,-0.47087
0.46421,-0.470635
0.464883,-0.470401
0.465557,-0.470167
0.466231,-0.469933
0.466904,-0.469699
0.467578,-0.469465
0.468252,-0.469231
0.468926,-0.468996
0.469599,-0.468762
0.470273,-0.468528
0.470947,-0.468294
0.471621,-0.46806
0.472294,-0.467826
0.472968,-0.467592
0.473642,-0.467357
0.474315,-0.467123
0.474989,-0.466889
0.475663,-0.466655
0.476337,-0.466421
0.47701,-0.466187
0.477684,-0.465953
0.478358,-0.465719
0.479031,-0.465484
0.479705,-0.46525
0.480379,-0.465016
0.481053,-0.464782
0.481726,-0.464548
0.4824,-0.464314
0.483074,-0.46408
0.483747,-0.463845
0.484421,-0.463611
0.485095,-0.463377
0.485769,-0.463143
0.486442,-0.462909
0.487116,-0.462675
0.48779,-0.462441
0.488464,-0.462207
0.489137,-0.461972
0.489811,-0.461738
0.490485,-0.461504
0.491158,-0.46127
0.491832,-0.461036
0.492506,-0.460802
0.49318,-0.460568
0.493853,-0.460333
0.494527,-0.460099
0.495201,-0.459865
0.495874,-0.459631
0.496548,-0.459397
0.497222,-0.459163
0.497896,-0.458929
0.498569,-0.458695
0.499243,-0.45846
0.499917,-0.458226
0.50059,-0.457992
0.501264,-0.457758
0.501938,-0.457524
0.502612,-0.45729
0.503285,-0.457056
0.503959,-0.456821
0.504633,-0.456587
0.505307,-0.456353
0.50598,-0.456119
0.506654,-0.455885
0.507328,-0.455651
0.508001,-0.455417
0.508675,-0.455183
0.509349,-0.454948
0.510023,-0.454714
0.510696,-0.45448
0.51137,-0.454246
0.512044,-0.454012
0.512717,-0.453778
0.513391,-0.453544
0.514065,-0.453309
0.514739,-0.453075
0.515412,-0.452841
0.516086,-0.452607
0.51676,-0.452373
0.517433,-0.452139
0.518107,-0.451905
0.518781,-0.451671
0.519455,-0.451436
0.520128,-0.451202
0.520802,-0.450968
0.521476,-0.450734
0.522149,-0.4505
0.522823,-0.450266
0.523497,-0.450032
0.524171,-0.449797
0.524844,-0.449563
0.525518,-0.449329
0.526192,-0.449095
0.526866,-0.448861
0.527539,-0.448627
0.528213,-0.448393
0.528887,-0.448159
0.52956,-0.447924
0.530234,-0.44769
0.530908,-0.447456
0.531582,-0.447222
