O
20
1,0,-1,0.78,-0.5,0.75,0.0,0.0,0.0,0.3,0.4,0.02,0,0.8,False
2,0,-1,1.1,-0.5,0.93,0.0,0.0,0.0,0.02,0.4,0.2,0,0.8,False
3,0,-1,0.78,-0.5,1.11,0.0,0.0,0.0,0.3,0.4,0.02,0,0.8,False
4,0,-1,0.8,-0.92,0.93,0.0,0.0,0.0,0.32,0.02,0.2,0,0.8,False
5,0,-1,0.8,-0.08,0.93,0.0,0.0,0.0,0.32,0.02,0.2,0,0.8,False
6,2,0,0.6030041776954267,-0.237730276210097,0.8450000000000001,0.0,0.0,4.950346284393474,0.03,0.03,0.15,0.42716580713435454,1.163523922970155,False
7,0,0,0.6770003719243658,-0.3990371401901196,0.86,0.0,0.0,5.787020350628797,0.05398736419571125,0.06652357183944974,0.09,0.16010462993085484,1.0600032887905528,False
8,0,0,0.9332800773426994,-0.41985794433829726,0.86,0.0,0.0,5.035580538475125,0.03,0.06022028673085207,0.09,0.27733177484175975,0.9416130155729069,False
9,2,0,0.8512312276579707,-0.26984825315734295,0.8450000000000001,0.0,0.0,4.494638836382397,0.06274925383504702,0.06274925383504702,0.15,0.15148025337584325,1.156873260326312,False
10,2,0,0.7608147932646877,-0.5444570282525344,0.8450000000000001,0.0,0.0,3.9315423076079576,0.03277865531562042,0.03277865531562042,0.15,0.22469024207426097,0.8123477347578452,False
11,2,1,0.8089071788233859,-0.8028940161608091,0.8561910288087142,0.0,0.0,0.5732419435673517,0.03,0.03,0.1723820576174283,0.48065733894792073,1.0655360541009948,True
12,2,1,0.5541687775782054,-0.7075044318946297,0.8450000000000001,0.0,0.0,2.6552872624985047,0.05785448778205727,0.05785448778205727,0.15,0.2935801860714586,0.9713310301533309,True
13,2,1,0.863056431044458,-0.5752214264682953,0.8450000000000001,0.0,0.0,6.179192139655678,0.03,0.03,0.15,0.13960741024900902,0.8416859120858801,True
14,2,1,0.5441891295140884,-0.427637959862029,0.8450000000000001,0.0,0.0,0.47006253935275455,0.03,0.03,0.15,0.2920811171699984,1.054304509162169,True
15,2,1,0.992889058370499,-0.6599363452101603,0.8450000000000001,0.0,0.0,4.948458731374087,0.03,0.03,0.15,0.3116384501802905,1.1879462218075747,True
16,2,1,1.0095918006793612,-0.2555854069234995,0.8450000000000001,0.0,0.0,3.7172797012508085,0.03,0.03,0.15,0.23624527045802024,0.8865773346955127,True
17,0,1,0.681865638249674,-0.8015240289440158,0.9218353380662663,0.0,0.0,4.649794980343764,0.03835941712514936,0.031835849890944214,0.15183533806626623,0.0037351815678554057,0.9401952471038284,True
18,2,1,0.9743423974742138,-0.7695924065919137,0.8526482631220024,0.0,0.0,2.224990840487482,0.03,0.03,0.16529652624400457,0.32756653691638943,1.1135457150021906,True
19,2,1,0.5380871895694198,-0.5333898472540612,0.8450000000000001,0.0,0.0,3.3210678563789133,0.03,0.03,0.15,0.4656870503048242,0.9512560538633689,True
20,0,1,0.8016772720180438,-0.6579812303339924,0.9040261422666542,0.0,0.0,2.978619413931667,0.03,0.03,0.13402614226665419,0.4724354473976613,1.0425382633269864,True
R
0.0,0.0,0.0,0.0,0.0,0.0,1.0
S
8
torso_lift_joint,0
r_shoulder_pan_joint,-1.69017
r_shoulder_lift_joint,-0.0788625
r_upper_arm_roll_joint,-1.69017
r_elbow_flex_joint,-1.2717
r_forearm_roll_joint,-0.151824
r_wrist_flex_joint,-1.25254
r_wrist_roll_joint,0.675062
G
0.548834,-0.289601,0.845,0.763709,-0,0
ooi
6
A
599
0.310248,-0.673113
0.310366,-0.672429
0.310484,-0.671745
0.310602,-0.671061
0.31072,-0.670377
0.310837,-0.669693
0.310955,-0.669009
0.311073,-0.668325
0.311191,-0.66764
0.311309,-0.666956
0.311427,-0.666272
0.311544,-0.665588
0.311662,-0.664904
0.31178,-0.66422
0.311898,-0.663536
0.312016,-0.662852
0.312134,-0.662168
0.312251,-0.661484
0.312369,-0.6608
0.312487,-0.660116
0.312605,-0.659432
0.312723,-0.658748
0.312841,-0.658063
0.312958,-0.657379
0.313076,-0.656695
0.313194,-0.656011
0.313312,-0.655327
0.31343,-0.654643
0.313548,-0.653959
0.313665,-0.653275
0.313783,-0.652591
0.313901,-0.651907
0.314019,-0.651223
0.314137,-0.650539
0.314254,-0.649855
0.314372,-0.64917
0.31449,-0.648486
0.314608,-0.647802
0.314726,-0.647118
0.314844,-0.646434
0.314961,-0.64575
0.315079,-0.645066
0.315197,-0.644382
0.315315,-0.643698
0.315433,-0.643014
0.315551,-0.64233
0.315668,-0.641646
0.315786,-0.640962
0.315904,-0.640278
0.316022,-0.639593
0.31614,-0.638909
0.316258,-0.638225
0.316375,-0.637541
0.316493,-0.636857
0.316611,-0.636173
0.316729,-0.635489
0.316847,-0.634805
0.316965,-0.634121
0.317082,-0.633437
0.3172,-0.632753
0.317318,-0.632069
0.317436,-0.631385
0.317554,-0.6307
0.317672,-0.630016
0.317789,-0.629332
0.317907,-0.628648
0.318025,-0.627964
0.318143,-0.62728
0.318261,-0.626596
0.318379,-0.625912
0.318496,-0.625228
0.318614,-0.624544
0.318732,-0.62386
0.31885,-0.623176
0.318968,-0.622492
0.319086,-0.621808
0.319203,-0.621123
0.319321,-0.620439
0.319439,-0.619755
0.319557,-0.619071
0.319675,-0.618387
0.319793,-0.617703
0.31991,-0.617019
0.320028,-0.616335
0.320146,-0.615651
0.320264,-0.614967
0.320382,-0.614283
0.3205,-0.613599
0.320617,-0.612915
0.320735,-0.61223
0.320853,-0.611546
0.320971,-0.610862
0.321089,-0.610178
0.321207,-0.609494
0.321324,-0.60881
0.321442,-0.608126
0.32156,-0.607442
0.321678,-0.606758
0.321796,-0.606074
0.321914,-0.60539
0.322031,-0.604706
0.322149,-0.604022
0.322267,-0.603338
0.322385,-0.602653
0.322503,-0.601969
0.322621,-0.601285
0.322738,-0.600601
0.322856,-0.599917
0.322974,-0.599233
0.323092,-0.598549
0.32321,-0.597865
0.323328,-0.597181
0.323445,-0.596497
0.323563,-0.595813
0.323681,-0.595129
0.323799,-0.594445
0.323917,-0.59376
0.324035,-0.593076
0.324152,-0.592392
0.32427,-0.591708
0.324388,-0.591024
0.324506,-0.59034
0.324624,-0.589656
0.324742,-0.588972
0.324859,-0.588288
0.324977,-0.587604
0.325095,-0.58692
0.325213,-0.586236
0.325331,-0.585552
0.325449,-0.584868
0.325566,-0.584183
0.325684,-0.583499
0.325802,-0.582815
0.32592,-0.582131
0.326038,-0.581447
0.326156,-0.580763
0.326273,-0.580079
0.326391,-0.579395
0.326509,-0.578711
0.326627,-0.578027
0.326745,-0.577343
0.326863,-0.576659
0.32698,-0.575975
0.327098,-0.57529
0.327216,-0.574606
0.327334,-0.573922
0.327452,-0.573238
0.32757,-0.572554
0.327687,-0.57187
0.327805,-0.571186
0.327923,-0.570502
0.328451,-0.57027
0.32898,-0.570038
0.329508,-0.569806
0.330036,-0.569575
0.330565,-0.569343
0.331093,-0.569111
0.331621,-0.568879
0.33215,-0.568647
0.332678,-0.568415
0.333206,-0.568183
0.333734,-0.567951
0.334263,-0.56772
0.334791,-0.567488
0.335319,-0.567256
0.335848,-0.567024
0.336376,-0.566792
0.336904,-0.56656
0.337433,-0.566328
0.337961,-0.566097
0.338489,-0.565865
0.339017,-0.565633
0.339546,-0.565401
0.340074,-0.565169
0.340602,-0.564937
0.341131,-0.564705
0.341659,-0.564474
0.342187,-0.564242
0.342716,-0.56401
0.343244,-0.563778
0.343772,-0.563546
0.3443,-0.563314
0.344829,-0.563082
0.345357,-0.56285
0.345885,-0.562619
0.346414,-0.562387
0.346942,-0.562155
0.34747,-0.561923
0.347999,-0.561691
0.348527,-0.561459
0.349055,-0.561227
0.349583,-0.560996
0.350112,-0.560764
0.35064,-0.560532
0.351168,-0.5603
0.351697,-0.560068
0.352225,-0.559836
0.352753,-0.559604
0.353282,-0.559373
0.35381,-0.559141
0.354338,-0.558909
0.354866,-0.558677
0.355395,-0.558445
0.355923,-0.558213
0.356451,-0.557981
0.35698,-0.55775
0.357508,-0.557518
0.358036,-0.557286
0.358565,-0.557054
0.359093,-0.556822
0.359621,-0.55659
0.360149,-0.556358
0.360678,-0.556126
0.361206,-0.555895
0.361734,-0.555663
0.362263,-0.555431
0.362791,-0.555199
0.363319,-0.554967
0.363848,-0.554735
0.364376,-0.554503
0.364904,-0.554272
0.365432,-0.55404
0.365961,-0.553808
0.366489,-0.553576
0.367017,-0.553344
0.367546,-0.553112
0.368074,-0.55288
0.368602,-0.552649
0.369131,-0.552417
0.369659,-0.552185
0.370187,-0.551953
0.370715,-0.551721
0.371244,-0.551489
0.371772,-0.551257
0.3723,-0.551025
0.372829,-0.550794
0.373357,-0.550562
0.373885,-0.55033
0.374414,-0.550098
0.374942,-0.549866
0.37547,-0.549634
0.375998,-0.549402
0.376527,-0.549171
0.377055,-0.548939
0.377583,-0.548707
0.378112,-0.548475
0.37864,-0.548243
0.379168,-0.548011
0.379697,-0.547779
0.380225,-0.547548
0.380753,-0.547316
0.381281,-0.547084
0.38181,-0.546852
0.382338,-0.54662
0.382866,-0.546388
0.383395,-0.546156
0.383923,-0.545924
0.384451,-0.545693
0.38498,-0.545461
0.385508,-0.545229
0.386036,-0.544997
0.386564,-0.544765
0.387093,-0.544533
0.387621,-0.544301
0.388149,-0.54407
0.388678,-0.543838
0.389206,-0.543606
0.389734,-0.543374
0.390263,-0.543142
0.390791,-0.54291
0.391319,-0.542678
0.391847,-0.542447
0.392376,-0.542215
0.392904,-0.541983
0.393432,-0.541751
0.393961,-0.541519
0.394489,-0.541287
0.395017,-0.541055
0.395546,-0.540824
0.396074,-0.540592
0.396602,-0.54036
0.39713,-0.540128
0.397659,-0.539896
0.398187,-0.539664
0.398715,-0.539432
0.399244,-0.5392
0.399772,-0.538969
0.4003,-0.538737
0.400829,-0.538505
0.401357,-0.538273
0.401885,-0.538041
0.402413,-0.537809
0.402942,-0.537577
0.40347,-0.537346
0.403998,-0.537114
0.404527,-0.536882
0.405055,-0.53665
0.405583,-0.536418
0.406112,-0.536186
0.40664,-0.535954
0.406646,-0.535316
0.406652,-0.534678
0.406658,-0.53404
0.406665,-0.533402
0.406671,-0.532764
0.406677,-0.532126
0.406683,-0.531487
0.40669,-0.530849
0.406696,-0.530211
0.406702,-0.529573
0.406708,-0.528935
0.406714,-0.528297
0.406721,-0.527659
0.406727,-0.52702
0.406733,-0.526382
0.406739,-0.525744
0.406745,-0.525106
0.406752,-0.524468
0.406758,-0.52383
0.406764,-0.523192
0.40677,-0.522554
0.406777,-0.521915
0.406783,-0.521277
0.406789,-0.520639
0.406795,-0.520001
0.406801,-0.519363
0.406808,-0.518725
0.406814,-0.518087
0.40682,-0.517448
0.406826,-0.51681
0.406832,-0.516172
0.406839,-0.515534
0.406845,-0.514896
0.406851,-0.514258
0.406857,-0.51362
0.406864,-0.512982
0.40687,-0.512343
0.406876,-0.511705
0.406882,-0.511067
0.406888,-0.510429
0.406895,-0.509791
0.406901,-0.509153
0.406907,-0.508515
0.406913,-0.507876
0.406919,-0.507238
0.406926,-0.5066
0.406932,-0.505962
0.406938,-0.505324
0.406944,-0.504686
0.406951,-0.504048
0.406957,-0.503409
0.406963,-0.502771
0.406969,-0.502133
0.406975,-0.501495
0.406982,-0.500857
0.406988,-0.500219
0.406994,-0.499581
0.407,-0.498943
0.407006,-0.498304
0.407013,-0.497666
0.407019,-0.497028
0.407025,-0.49639
0.407031,-0.495752
0.407037,-0.495114
0.407044,-0.494476
0.40705,-0.493837
0.407056,-0.493199
0.407062,-0.492561
0.407069,-0.491923
0.407075,-0.491285
0.407081,-0.490647
0.407087,-0.490009
0.407093,-0.48937
0.4071,-0.488732
0.407106,-0.488094
0.407112,-0.487456
0.407118,-0.486818
0.407124,-0.48618
0.407131,-0.485542
0.407137,-0.484904
0.407143,-0.484265
0.407149,-0.483627
0.407156,-0.482989
0.407162,-0.482351
0.407168,-0.481713
0.407174,-0.481075
0.40718,-0.480437
0.407187,-0.479798
0.407193,-0.47916
0.407199,-0.478522
0.407205,-0.477884
0.407211,-0.477246
0.407218,-0.476608
0.407224,-0.47597
0.40723,-0.475332
0.407236,-0.474693
0.407243,-0.474055
0.407249,-0.473417
0.407255,-0.472779
0.407261,-0.472141
0.407267,-0.471503
0.407274,-0.470865
0.40728,-0.470226
0.407286,-0.469588
0.407292,-0.46895
0.407298,-0.468312
0.407305,-0.467674
0.407311,-0.467036
0.407317,-0.466398
0.407323,-0.465759
0.40733,-0.465121
0.407336,-0.464483
0.407342,-0.463845
0.407348,-0.463207
0.407354,-0.462569
0.407361,-0.461931
0.407367,-0.461293
0.407373,-0.460654
0.407379,-0.460016
0.407385,-0.459378
0.407392,-0.45874
0.407398,-0.458102
0.407404,-0.457464
0.40741,-0.456826
0.407416,-0.456187
0.407423,-0.455549
0.407429,-0.454911
0.407435,-0.454273
0.407441,-0.453635
0.407448,-0.452997
0.407454,-0.452359
0.40746,-0.45172
0.407466,-0.451082
0.407472,-0.450444
0.407479,-0.449806
0.407485,-0.449168
0.407491,-0.44853
0.407497,-0.447892
0.407503,-0.447254
0.40751,-0.446615
0.407516,-0.445977
0.407522,-0.445339
0.407528,-0.444701
0.407535,-0.444063
0.407541,-0.443425
0.407547,-0.442787
0.407553,-0.442148
0.407559,-0.44151
0.407566,-0.440872
0.407572,-0.440234
0.40852,-0.439223
0.409468,-0.438212
0.410416,-0.437201
0.411364,-0.43619
0.412312,-0.435179
0.41326,-0.434168
0.414208,-0.433157
0.415156,-0.432146
0.416104,-0.431135
0.417052,-0.430124
0.418001,-0.429113
0.418949,-0.428103
0.419897,-0.427092
0.420845,-0.426081
0.421793,-0.42507
0.422741,-0.424059
0.423689,-0.423048
0.424637,-0.422037
0.425585,-0.421026
0.426533,-0.420015
0.427481,-0.419004
0.428429,-0.417993
0.429377,-0.416982
0.430325,-0.415971
0.431273,-0.41496
0.432222,-0.413949
0.43317,-0.412938
0.434118,-0.411927
0.435066,-0.410916
0.436014,-0.409905
0.436962,-0.408894
0.43791,-0.407883
0.438858,-0.406872
0.439806,-0.405861
0.440754,-0.40485
0.441702,-0.403839
0.44265,-0.402828
0.443598,-0.401817
0.444546,-0.400807
0.445494,-0.399796
0.446442,-0.398785
0.447391,-0.397774
0.448339,-0.396763
0.449287,-0.395752
0.450235,-0.394741
0.451183,-0.39373
0.452131,-0.392719
0.453079,-0.391708
0.454027,-0.390697
0.454975,-0.389686
0.455923,-0.388675
0.456871,-0.387664
0.457819,-0.386653
0.458767,-0.385642
0.459715,-0.384631
0.460663,-0.38362
0.461612,-0.382609
0.46256,-0.381598
0.463508,-0.380587
0.464456,-0.379576
0.465404,-0.378565
0.466352,-0.377554
0.4673,-0.376543
0.468248,-0.375532
0.469196,-0.374522
0.470144,-0.373511
0.471092,-0.3725
0.47204,-0.371489
0.472988,-0.370478
0.473936,-0.369467
0.474884,-0.368456
0.475833,-0.367445
0.476781,-0.366434
0.477729,-0.365423
0.478677,-0.364412
0.479625,-0.363401
0.480573,-0.36239
0.481521,-0.361379
0.482469,-0.360368
0.483417,-0.359357
0.484365,-0.358346
0.485313,-0.357335
0.486261,-0.356324
0.487209,-0.355313
0.488157,-0.354302
0.489105,-0.353291
0.490053,-0.35228
0.491002,-0.351269
0.49195,-0.350258
0.492898,-0.349247
0.493846,-0.348236
0.494794,-0.347226
0.495742,-0.346215
0.49669,-0.345204
0.497638,-0.344193
0.498586,-0.343182
0.499534,-0.342171
0.500482,-0.34116
0.50143,-0.340149
0.502378,-0.339138
0.503326,-0.338127
0.504274,-0.337116
0.505223,-0.336105
0.506171,-0.335094
0.507119,-0.334083
0.508067,-0.333072
0.509015,-0.332061
0.509963,-0.33105
0.510911,-0.330039
0.511859,-0.329028
0.512807,-0.328017
0.513755,-0.327006
0.514703,-0.325995
0.515651,-0.324984
0.516599,-0.323973
0.517547,-0.322962
0.518495,-0.321951
0.519443,-0.320941
0.520392,-0.31993
0.52134,-0.318919
0.522288,-0.317908
0.523236,-0.316897
0.524184,-0.315886
0.525132,-0.314875
0.52608,-0.313864
0.527028,-0.312853
0.527976,-0.311842
0.528924,-0.310831
0.529872,-0.30982
0.53082,-0.308809
0.531768,-0.307798
0.532716,-0.306787
0.533664,-0.305776
0.534613,-0.304765
0.535561,-0.303754
0.536509,-0.302743
0.537457,-0.301732
0.538405,-0.300721
0.539353,-0.29971
0.540301,-0.298699
0.541249,-0.297688
0.542197,-0.296677
0.543145,-0.295666
0.544093,-0.294655
0.545041,-0.293645
0.545989,-0.292634
0.546937,-0.291623
0.547885,-0.290612
0.548834,-0.289601
