O
20
1,0,-1,0.78,-0.5,0.75,0.0,0.0,0.0,0.3,0.4,0.02,0,0.8,False
2,0,-1,1.1,-0.5,0.93,0.0,0.0,0.0,0.02,0.4,0.2,0,0.8,False
3,0,-1,0.78,-0.5,1.11,0.0,0.0,0.0,0.3,0.4,0.02,0,0.8,False
4,0,-1,0.8,-0.92,0.93,0.0,0.0,0.0,0.32,0.02,0.2,0,0.8,False
5,0,-1,0.8,-0.08,0.93,0.0,0.0,0.0,0.32,0.02,0.2,0,0.8,False
6,2,0,0.5729011220030165,-0.4179685255156732,0.8450000000000001,0.0,0.0,1.2038996164117195,0.03,0.03,0.15,0.10708302315580515,1.1507082538298843,False
7,2,0,0.5479567507878914,-0.6177839785536057,0.8450000000000001,0.0,0.0,5.885293372121445,0.03,0.03,0.15,0.3079285577952687,0.9899545155054501,False
8,0,0,0.9475625965087537,-0.7755649898599334,0.86,0.0,0.0,3.90939572897612,0.056005786563356974,0.03,0.09,0.3078144431706265,0.8991725451904827,False
9,0,0,0.5129928245976744,-0.22659688908614173,0.8925226279356102,0.0,0.0,6.275112721865545,0.03,0.03,0.12252262793561025,0.42456176909995913,0.9087332566518994,False
10,2,0,0.824602724640296,-0.17509715284600869,0.8450000000000001,0.0,0.0,0.32957847892114295,0.03177230415455555,0.03177230415455555,0.15,0.08245577798571102,0.940946041991809,False
11,2,1,0.8500652662933652,-0.4516220434121185,0.8450000000000001,0.0,0.0,6.1082472731422195,0.05774120016554764,0.05774120016554764,0.15,0.4992709096477457,0.9506524109510393,True
12,2,1,0.7229117590341771,-0.6202740676267297,0.8450000000000001,0.0,0.0,1.3646380773529587,0.04019713402208771,0.04019713402208771,0.15,0.15517017880241507,1.1541709414956083,True
13,0,1,0.6980425017688374,-0.7529272008466944,0.86,0.0,0.0,1.1517199705511076,0.03,0.03,0.09,0.2302085505063599,0.9895906949716233,True
14,2,1,0.7125789645597627,-0.5182059025538956,0.8497314635617362,0.0,0.0,5.692404204888689,0.03,0.03,0.15946292712347257,0.40671990890624854,0.9836862529417554,True
15,2,1,0.5447815540879953,-0.8072572523215442,0.8450000000000001,0.0,0.0,3.4092654683423387,0.03999675425535492,0.03999675425535492,0.15,0.4000831697747395,1.1123295850995945,True
16,2,1,0.9907657686045528,-0.5559524726713696,0.8450000000000001,0.0,0.0,3.4143548602787726,0.04273234579488,0.04273234579488,0.15,0.3603640877999577,0.8719181995020293,True
17,2,1,0.7715914815344166,-0.3083180951537874,0.8683470456745506,0.0,0.0,5.658946426414657,0.03742794933901582,0.03742794933901582,0.19669409134910096,0.25470018358774527,0.8658372158596206,True
18,2,1,0.6170431513715409,-0.5205518229996688,0.8450000000000001,0.0,0.0,2.137897473202142,0.03,0.03,0.15,0.369320348308535,1.1346300184690843,True
19,2,1,0.8192808360587929,-0.8125896482521809,0.8450000000000001,0.0,0.0,3.1535292714487735,0.04604983305281687,0.04604983305281687,0.15,0.2277226089847592,0.8310311440917046,True
20,2,1,0.8261120410877358,-0.6250682907612859,0.8450000000000001,0.0,0.0,0.5135839069654746,0.03,0.03,0.15,0.40404942154448414,1.115288883606477,True
R
0.0,0.0,0.0,0.0,0.0,0.0,1.0
S
8
torso_lift_joint,0
r_shoulder_pan_joint,-1.69017
r_shoulder_lift_joint,-0.0788625
r_upper_arm_roll_joint,-1.69017
r_elbow_flex_joint,-1.2717
r_forearm_roll_joint,-0.151824
r_wrist_flex_joint,-1.25254
r_wrist_roll_joint,0.675062
G
0.51488,-0.465493,0.845,0.686272,-0,0
ooi
6
A
599
0.310248,-0.673113
0.310705,-0.672836
0.311161,-0.672559
0.311618,-0.672282
0.312074,-0.672004
0.312531,-0.671727
0.312987,-0.67145
0.313444,-0.671173
0.3139,-0.670896
0.314357,-0.670618
0.314813,-0.670341
0.31527,-0.670064
0.315726,-0.669787
0.316183,-0.66951
0.316639,-0.669233
0.317095,-0.668955
0.317552,-0.668678
0.318008,-0.668401
0.318465,-0.668124
0.318921,-0.667847
0.319378,-0.667569
0.319834,-0.667292
0.320291,-0.667015
0.320747,-0.666738
0.321204,-0.666461
0.32166,-0.666184
0.322117,-0.665906
0.322573,-0.665629
0.32303,-0.665352
0.323486,-0.665075
0.323943,-0.664798
0.324399,-0.66452
0.324856,-0.664243
0.325312,-0.663966
0.325769,-0.663689
0.326225,-0.663412
0.326682,-0.663135
0.327138,-0.662857
0.327595,-0.66258
0.328051,-0.662303
0.328508,-0.662026
0.328964,-0.661749
0.329421,-0.661472
0.329877,-0.661194
0.330334,-0.660917
0.33079,-0.66064
0.331247,-0.660363
0.331703,-0.660086
0.33216,-0.659808
0.332616,-0.659531
0.333073,-0.659254
0.333529,-0.658977
0.333986,-0.6587
0.334442,-0.658423
0.334899,-0.658145
0.335355,-0.657868
0.335811,-0.657591
0.336268,-0.657314
0.336724,-0.657037
0.337181,-0.656759
0.337637,-0.656482
0.338094,-0.656205
0.33855,-0.655928
0.339007,-0.655651
0.339463,-0.655374
0.33992,-0.655096
0.340376,-0.654819
0.340833,-0.654542
0.341289,-0.654265
0.341746,-0.653988
0.342202,-0.65371
0.342659,-0.653433
0.343115,-0.653156
0.343572,-0.652879
0.344028,-0.652602
0.344485,-0.652325
0.344941,-0.652047
0.345398,-0.65177
0.345854,-0.651493
0.346311,-0.651216
0.346767,-0.650939
0.347224,-0.650661
0.34768,-0.650384
0.348137,-0.650107
0.348593,-0.64983
0.34905,-0.649553
0.349506,-0.649276
0.349963,-0.648998
0.350419,-0.648721
0.350876,-0.648444
0.351332,-0.648167
0.351789,-0.64789
0.352245,-0.647613
0.352702,-0.647335
0.353158,-0.647058
0.353615,-0.646781
0.354071,-0.646504
0.354527,-0.646227
0.354984,-0.645949
0.35544,-0.645672
0.355897,-0.645395
0.356353,-0.645118
0.35681,-0.644841
0.357266,-0.644564
0.357723,-0.644286
0.358179,-0.644009
0.358636,-0.643732
0.359092,-0.643455
0.359549,-0.643178
0.360005,-0.6429
0.360462,-0.642623
0.360918,-0.642346
0.361375,-0.642069
0.361831,-0.641792
0.362288,-0.641515
0.362744,-0.641237
0.363201,-0.64096
0.363657,-0.640683
0.364114,-0.640406
0.36457,-0.640129
0.365027,-0.639851
0.365483,-0.639574
0.36594,-0.639297
0.366396,-0.63902
0.366853,-0.638743
0.367309,-0.638466
0.367766,-0.638188
0.368222,-0.637911
0.368679,-0.637634
0.369135,-0.637357
0.369592,-0.63708
0.370048,-0.636802
0.370505,-0.636525
0.370961,-0.636248
0.371418,-0.635971
0.371874,-0.635694
0.372331,-0.635417
0.372787,-0.635139
0.373243,-0.634862
0.3737,-0.634585
0.374156,-0.634308
0.374613,-0.634031
0.375069,-0.633754
0.375526,-0.633476
0.375982,-0.633199
0.376439,-0.632922
0.376895,-0.632645
0.377352,-0.632368
0.377808,-0.63209
0.378265,-0.631813
0.378721,-0.631536
0.37903,-0.631187
0.379339,-0.630838
0.379647,-0.63049
0.379956,-0.630141
0.380264,-0.629792
0.380573,-0.629443
0.380882,-0.629095
0.38119,-0.628746
0.381499,-0.628397
0.381808,-0.628048
0.382116,-0.627699
0.382425,-0.627351
0.382734,-0.627002
0.383042,-0.626653
0.383351,-0.626304
0.383659,-0.625955
0.383968,-0.625607
0.384277,-0.625258
0.384585,-0.624909
0.384894,-0.62456
0.385203,-0.624211
0.385511,-0.623863
0.38582,-0.623514
0.386128,-0.623165
0.386437,-0.622816
0.386746,-0.622467
0.387054,-0.622119
0.387363,-0.62177
0.387672,-0.621421
0.38798,-0.621072
0.388289,-0.620724
0.388598,-0.620375
0.388906,-0.620026
0.389215,-0.619677
0.389523,-0.619328
0.389832,-0.61898
0.390141,-0.618631
0.390449,-0.618282
0.390758,-0.617933
0.391067,-0.617584
0.391375,-0.617236
0.391684,-0.616887
0.391992,-0.616538
0.392301,-0.616189
0.39261,-0.61584
0.392918,-0.615492
0.393227,-0.615143
0.393536,-0.614794
0.393844,-0.614445
0.394153,-0.614096
0.394462,-0.613748
0.39477,-0.613399
0.395079,-0.61305
0.395387,-0.612701
0.395696,-0.612353
0.396005,-0.612004
0.396313,-0.611655
0.396622,-0.611306
0.396931,-0.610957
0.397239,-0.610609
0.397548,-0.61026
0.397856,-0.609911
0.398165,-0.609562
0.398474,-0.609213
0.398782,-0.608865
0.399091,-0.608516
0.3994,-0.608167
0.399708,-0.607818
0.400017,-0.607469
0.400326,-0.607121
0.400634,-0.606772
0.400943,-0.606423
0.401251,-0.606074
0.40156,-0.605725
0.401869,-0.605377
0.402177,-0.605028
0.402486,-0.604679
0.402795,-0.60433
0.403103,-0.603982
0.403412,-0.603633
0.40372,-0.603284
0.404029,-0.602935
0.404338,-0.602586
0.404646,-0.602238
0.404955,-0.601889
0.405264,-0.60154
0.405572,-0.601191
0.405881,-0.600842
0.406189,-0.600494
0.406498,-0.600145
0.406807,-0.599796
0.407115,-0.599447
0.407424,-0.599098
0.407733,-0.59875
0.408041,-0.598401
0.40835,-0.598052
0.408659,-0.597703
0.408967,-0.597354
0.409276,-0.597006
0.409584,-0.596657
0.409893,-0.596308
0.410202,-0.595959
0.41051,-0.595611
0.410819,-0.595262
0.411128,-0.594913
0.411436,-0.594564
0.411745,-0.594215
0.412053,-0.593867
0.412362,-0.593518
0.412671,-0.593169
0.412979,-0.59282
0.413288,-0.592471
0.413597,-0.592123
0.413905,-0.591774
0.414214,-0.591425
0.414523,-0.591076
0.414831,-0.590727
0.41514,-0.590379
0.415448,-0.59003
0.415757,-0.589681
0.416066,-0.589332
0.416374,-0.588983
0.416683,-0.588635
0.416992,-0.588286
0.4173,-0.587937
0.417609,-0.587588
0.417917,-0.58724
0.418226,-0.586891
0.418535,-0.586542
0.418843,-0.586193
0.419152,-0.585844
0.419461,-0.585496
0.419769,-0.585147
0.420078,-0.584798
0.420387,-0.584449
0.420695,-0.5841
0.421004,-0.583752
0.421312,-0.583403
0.421621,-0.583054
0.42193,-0.582705
0.422238,-0.582356
0.422547,-0.582008
0.422856,-0.581659
0.423164,-0.58131
0.423473,-0.580961
0.423781,-0.580612
0.42409,-0.580264
0.424399,-0.579915
0.424707,-0.579566
0.42454,-0.578483
0.424372,-0.577401
0.424205,-0.576318
0.424037,-0.575236
0.42387,-0.574153
0.423702,-0.57307
0.423535,-0.571988
0.423368,-0.570905
0.4232,-0.569822
0.423033,-0.56874
0.422865,-0.567657
0.422698,-0.566574
0.42253,-0.565492
0.422363,-0.564409
0.422195,-0.563326
0.422028,-0.562244
0.42186,-0.561161
0.421693,-0.560078
0.421525,-0.558996
0.421358,-0.557913
0.42119,-0.55683
0.421023,-0.555748
0.420855,-0.554665
0.420688,-0.553582
0.42052,-0.5525
0.420353,-0.551417
0.420185,-0.550335
0.420018,-0.549252
0.419851,-0.548169
0.419683,-0.547087
0.419516,-0.546004
0.419348,-0.544921
0.419181,-0.543839
0.419013,-0.542756
0.418846,-0.541673
0.418678,-0.540591
0.418511,-0.539508
0.418343,-0.538425
0.418176,-0.537343
0.418008,-0.53626
0.417841,-0.535177
0.417673,-0.534095
0.417506,-0.533012
0.417338,-0.531929
0.417171,-0.530847
0.417003,-0.529764
0.416836,-0.528682
0.416668,-0.527599
0.416501,-0.526516
0.416334,-0.525434
0.416166,-0.524351
0.415999,-0.523268
0.415831,-0.522186
0.415664,-0.521103
0.415496,-0.52002
0.415329,-0.518938
0.415161,-0.517855
0.414994,-0.516772
0.414826,-0.51569
0.414659,-0.514607
0.414491,-0.513524
0.414324,-0.512442
0.414156,-0.511359
0.413989,-0.510276
0.413821,-0.509194
0.413654,-0.508111
0.413486,-0.507029
0.413319,-0.505946
0.413151,-0.504863
0.412984,-0.503781
0.412817,-0.502698
0.412649,-0.501615
0.412482,-0.500533
0.412314,-0.49945
0.412147,-0.498367
0.411979,-0.497285
0.411812,-0.496202
0.411644,-0.495119
0.411477,-0.494037
0.411309,-0.492954
0.411142,-0.491871
0.410974,-0.490789
0.410807,-0.489706
0.410639,-0.488623
0.410472,-0.487541
0.410304,-0.486458
0.410137,-0.485376
0.409969,-0.484293
0.409802,-0.48321
0.409634,-0.482128
0.409467,-0.481045
0.4093,-0.479962
0.409132,-0.47888
0.408965,-0.477797
0.408797,-0.476714
0.40863,-0.475632
0.408462,-0.474549
0.408295,-0.473466
0.408127,-0.472384
0.40796,-0.471301
0.407792,-0.470218
0.407625,-0.469136
0.407457,-0.468053
0.40729,-0.46697
0.407122,-0.465888
0.406955,-0.464805
0.406787,-0.463723
0.40662,-0.46264
0.406452,-0.461557
0.406285,-0.460475
0.406117,-0.459392
0.40595,-0.458309
0.405783,-0.457227
0.405615,-0.456144
0.405448,-0.455061
0.40528,-0.453979
0.405113,-0.452896
0.404945,-0.451813
0.404778,-0.450731
0.40461,-0.449648
0.404443,-0.448565
0.404275,-0.447483
0.404108,-0.4464
0.40394,-0.445317
0.403773,-0.444235
0.403605,-0.443152
0.403438,-0.44207
0.40327,-0.440987
0.403103,-0.439904
0.402935,-0.438822
0.402768,-0.437739
0.4026,-0.436656
0.402433,-0.435574
0.402266,-0.434491
0.402098,-0.433408
0.401931,-0.432326
0.401763,-0.431243
0.401596,-0.43016
0.401428,-0.429078
0.401261,-0.427995
0.401093,-0.426912
0.400926,-0.42583
0.400758,-0.424747
0.400591,-0.423664
0.400423,-0.422582
0.400256,-0.421499
0.400088,-0.420416
0.399921,-0.419334
0.399753,-0.418251
0.399586,-0.417169
0.40036,-0.417493
0.401133,-0.417817
0.401907,-0.418142
0.402681,-0.418466
0.403455,-0.41879
0.404229,-0.419114
0.405002,-0.419439
0.405776,-0.419763
0.40655,-0.420087
0.407324,-0.420412
0.408098,-0.420736
0.408871,-0.42106
0.409645,-0.421385
0.410419,-0.421709
0.411193,-0.422033
0.411967,-0.422358
0.41274,-0.422682
0.413514,-0.423006
0.414288,-0.423331
0.415062,-0.423655
0.415835,-0.423979
0.416609,-0.424304
0.417383,-0.424628
0.418157,-0.424952
0.418931,-0.425277
0.419704,-0.425601
0.420478,-0.425925
0.421252,-0.42625
0.422026,-0.426574
0.4228,-0.426898
0.423573,-0.427223
0.424347,-0.427547
0.425121,-0.427871
0.425895,-0.428196
0.426668,-0.42852
0.427442,-0.428844
0.428216,-0.429169
0.42899,-0.429493
0.429764,-0.429817
0.430537,-0.430142
0.431311,-0.430466
0.432085,-0.43079
0.432859,-0.431114
0.433633,-0.431439
0.434406,-0.431763
0.43518,-0.432087
0.435954,-0.432412
0.436728,-0.432736
0.437501,-0.43306
0.438275,-0.433385
0.439049,-0.433709
0.439823,-0.434033
0.440597,-0.434358
0.44137,-0.434682
0.442144,-0.435006
0.442918,-0.435331
0.443692,-0.435655
0.444466,-0.435979
0.445239,-0.436304
0.446013,-0.436628
0.446787,-0.436952
0.447561,-0.437277
0.448334,-0.437601
0.449108,-0.437925
0.449882,-0.43825
0.450656,-0.438574
0.45143,-0.438898
0.452203,-0.439223
0.452977,-0.439547
0.453751,-0.439871
0.454525,-0.440196
0.455299,-0.44052
0.456072,-0.440844
0.456846,-0.441169
0.45762,-0.441493
0.458394,-0.441817
0.459167,-0.442142
0.459941,-0.442466
0.460715,-0.44279
0.461489,-0.443114
0.462263,-0.443439
0.463036,-0.443763
0.46381,-0.444087
0.464584,-0.444412
0.465358,-0.444736
0.466132,-0.44506
0.466905,-0.445385
0.467679,-0.445709
0.468453,-0.446033
0.469227,-0.446358
0.47,-0.446682
0.470774,-0.447006
0.471548,-0.447331
0.472322,-0.447655
0.473096,-0.447979
0.473869,-0.448304
0.474643,-0.448628
0.475417,-0.448952
0.476191,-0.449277
0.476965,-0.449601
0.477738,-0.449925
0.478512,-0.45025
0.479286,-0.450574
0.48006,-0.450898
0.480834,-0.451223
0.481607,-0.451547
0.482381,-0.451871
0.483155,-0.452196
0.483929,-0.45252
0.484702,-0.452844
0.485476,-0.453169
0.48625,-0.453493
0.487024,-0.453817
0.487798,-0.454142
0.488571,-0.454466
0.489345,-0.45479
0.490119,-0.455114
0.490893,-0.455439
0.491667,-0.455763
0.49244,-0.456087
0.493214,-0.456412
0.493988,-0.456736
0.494762,-0.45706
0.495535,-0.457385
0.496309,-0.457709
0.497083,-0.458033
0.497857,-0.458358
0.498631,-0.458682
0.499404,-0.459006
0.500178,-0.459331
0.500952,-0.459655
0.501726,-0.459979
0.5025,-0.460304
0.503273,-0.460628
0.504047,-0.460952
0.504821,-0.461277
0.505595,-0.461601
0.506368,-0.461925
0.507142,-0.46225
0.507916,-0.462574
0.50869,-0.462898
0.509464,-0.463223
0.510237,-0.463547
0.511011,-0.463871
0.511785,-0.464196
0.512559,-0.46452
0.513333,-0.464844
0.514106,-0.465169
0.51488,-0.465493
