O
20
1,0,-1,0.78,-0.5,0.75,0.0,0.0,0.0,0.3,0.4,0.02,0,0.8,False
2,0,-1,1.1,-0.5,0.93,0.0,0.0,0.0,0.02,0.4,0.2,0,0.8,False
3,0,-1,0.78,-0.5,1.11,0.0,0.0,0.0,0.3,0.4,0.02,0,0.8,False
4,0,-1,0.8,-0.92,0.93,0.0,0.0,0.0,0.32,0.02,0.2,0,0.8,False
5,0,-1,0.8,-0.08,0.93,0.0,0.0,0.0,0.32,0.02,0.2,0,0.8,False
6,2,0,0.6928872961681403,-0.5070491253140303,0.8450000000000001,0.0,0.0,4.876167145779392,0.05346629617138935,0.05346629617138935,0.15,0.2338964244673269,0.8228385949203072,False
7,2,0,0.8443538836672098,-0.462370724415686,0.8450000000000001,0.0,0.0,1.2528413653863393,0.03304971360955024,0.03304971360955024,0.15,0.17426653656342017,1.151710862420835,False
8,2,0,0.8432853849851623,-0.7069547674641472,0.8450000000000001,0.0,0.0,6.114722101550263,0.06703336966364744,0.06703336966364744,0.15,0.4096177520598714,1.1478211201249493,False
9,0,0,0.6172272260375803,-0.1983803967609563,0.86,0.0,0.0,5.489253679489116,0.04423806255257952,0.07726408893857716,0.09,0.18707460201963605,1.1776607989207022,False
10,0,0,0.6930937652369673,-0.658886601281325,0.86,0.0,0.0,1.7518543377193547,0.06753229629094971,0.05126859587799439,0.09,0.09945554148893015,0.9000539989456996,False
11,2,1,0.9179293628095346,-0.3356761161011037,0.8472969727746493,0.0,0.0,4.6330104836659505,0.038545619796158545,0.038545619796158545,0.15459394554929873,0.17989973570525647,0.9557721021305351,True
12,2,1,0.9476128205593686,-0.5177621750544708,0.8450000000000001,0.0,0.0,2.1001107882840757,0.03,0.03,0.15,0.04580691707023754,1.1838486711251517,True
13,2,1,0.523722124318007,-0.3331637348991989,0.8450000000000001,0.0,0.0,1.3424123087678312,0.03,0.03,0.15,0.41035405983424916,0.8991981264641641,True
14,0,1,0.8179427488422197,-0.3531384572038293,0.9210846538887612,0.0,0.0,3.6976351551523137,0.03,0.03,0.15108465388876108,0.015990184627774684,1.0787759479470236,True
15,0,1,0.553929484591176,-0.8324819754328747,0.86,0.0,0.0,5.432316302231949,0.04478760781906106,0.03,0.09,0.06885697229853383,0.9862028738553918,True
16,2,1,0.9300161369520565,-0.1689595797525314,0.8450000000000001,0.0,0.0,3.192274409441295,0.03,0.03,0.15,0.05791218665639658,1.0362828629249197,True
17,2,1,0.56494619381263,-0.7304963662243584,0.8689785486744153,0.0,0.0,6.157350137491018,0.030398410337887524,0.030398410337887524,0.1979570973488306,0.35483749209804577,0.9637089743007308,True
18,2,1,0.5745451211901749,-0.4779647290566435,0.8450000000000001,0.0,0.0,6.225656236924279,0.04174186540374681,0.04174186540374681,0.15,0.46106235290602327,0.9314868989994196,True
19,0,1,1.0266841819452242,-0.2575430957509083,0.86,0.0,0.0,4.379590317653253,0.03775944176460076,0.03,0.09,0.2124827218308965,1.1293336262283682,True
20,0,1,0.8373147801996033,-0.17520567595084813,0.8748568984406618,0.0,0.0,1.7436541106857626,0.03,0.03,0.1048568984406618,0.31001067678663263,0.8025720083140631,True
R
0.0,0.0,0.0,0.0,0.0,0.0,1.0
S
8
torso_lift_joint,0
r_shoulder_pan_joint,-1.69017
r_shoulder_lift_joint,-0.0788625
r_upper_arm_roll_joint,-1.69017
r_elbow_flex_joint,-1.2717
r_forearm_roll_joint,-0.151824
r_wrist_flex_joint,-1.25254
r_wrist_roll_joint,0.675062
G
0.530039,-0.284093,0.86,0.776865,-0,0
ooi
9
A
599
0.310248,-0.673113
0.310708,-0.672307
0.311167,-0.671502
0.311627,-0.670696
0.312086,-0.66989
0.312546,-0.669084
0.313005,-0.668278
0.313465,-0.667473
0.313924,-0.666667
0.314384,-0.665861
0.314843,-0.665055
0.315303,-0.66425
0.315762,-0.663444
0.316222,-0.662638
0.316681,-0.661832
0.317141,-0.661027
0.3176,-0.660221
0.31806,-0.659415
0.318519,-0.658609
0.318979,-0.657804
0.319438,-0.656998
0.319898,-0.656192
0.320358,-0.655386
0.320817,-0.65458
0.321277,-0.653775
0.321736,-0.652969
0.322196,-0.652163
0.322655,-0.651357
0.323115,-0.650552
0.323574,-0.649746
0.324034,-0.64894
0.324493,-0.648134
0.324953,-0.647329
0.325412,-0.646523
0.325872,-0.645717
0.326331,-0.644911
0.326791,-0.644105
0.32725,-0.6433
0.32771,-0.642494
0.328169,-0.641688
0.328629,-0.640882
0.329088,-0.640077
0.329548,-0.639271
0.330007,-0.638465
0.330467,-0.637659
0.330926,-0.636854
0.331386,-0.636048
0.331845,-0.635242
0.332305,-0.634436
0.332764,-0.633631
0.333224,-0.632825
0.333683,-0.632019
0.334143,-0.631213
0.334603,-0.630407
0.335062,-0.629602
0.335522,-0.628796
0.335981,-0.62799
0.336441,-0.627184
0.3369,-0.626379
0.33736,-0.625573
0.337819,-0.624767
0.338279,-0.623961
0.338738,-0.623156
0.339198,-0.62235
0.339657,-0.621544
0.340117,-0.620738
0.340576,-0.619932
0.341036,-0.619127
0.341495,-0.618321
0.341955,-0.617515
0.342414,-0.616709
0.342874,-0.615904
0.343333,-0.615098
0.343793,-0.614292
0.344252,-0.613486
0.344712,-0.612681
0.345171,-0.611875
0.345631,-0.611069
0.34609,-0.610263
0.34655,-0.609458
0.347009,-0.608652
0.347469,-0.607846
0.347928,-0.60704
0.348388,-0.606234
0.348848,-0.605429
0.349307,-0.604623
0.349767,-0.603817
0.350226,-0.603011
0.350686,-0.602206
0.351145,-0.6014
0.351605,-0.600594
0.352064,-0.599788
0.352524,-0.598983
0.352983,-0.598177
0.353443,-0.597371
0.353902,-0.596565
0.354362,-0.595759
0.354821,-0.594954
0.355281,-0.594148
0.35574,-0.593342
0.3562,-0.592536
0.356659,-0.591731
0.357119,-0.590925
0.357578,-0.590119
0.358038,-0.589313
0.358497,-0.588508
0.358957,-0.587702
0.359416,-0.586896
0.359876,-0.58609
0.360335,-0.585285
0.360795,-0.584479
0.361254,-0.583673
0.361714,-0.582867
0.362173,-0.582061
0.362633,-0.581256
0.363092,-0.58045
0.363552,-0.579644
0.364012,-0.578838
0.364471,-0.578033
0.364931,-0.577227
0.36539,-0.576421
0.36585,-0.575615
0.366309,-0.57481
0.366769,-0.574004
0.367228,-0.573198
0.367688,-0.572392
0.368147,-0.571586
0.368607,-0.570781
0.369066,-0.569975
0.369526,-0.569169
0.369985,-0.568363
0.370445,-0.567558
0.370904,-0.566752
0.371364,-0.565946
0.371823,-0.56514
0.372283,-0.564335
0.372742,-0.563529
0.373202,-0.562723
0.373661,-0.561917
0.374121,-0.561112
0.37458,-0.560306
0.37504,-0.5595
0.375499,-0.558694
0.375959,-0.557888
0.376418,-0.557083
0.376878,-0.556277
0.377337,-0.555471
0.377797,-0.554665
0.378257,-0.55386
0.378716,-0.553054
0.379176,-0.552248
0.379869,-0.552463
0.380562,-0.552678
0.381255,-0.552892
0.381949,-0.553107
0.382642,-0.553322
0.383335,-0.553537
0.384029,-0.553751
0.384722,-0.553966
0.385415,-0.554181
0.386108,-0.554396
0.386802,-0.55461
0.387495,-0.554825
0.388188,-0.55504
0.388882,-0.555255
0.389575,-0.55547
0.390268,-0.555684
0.390962,-0.555899
0.391655,-0.556114
0.392348,-0.556329
0.393041,-0.556543
0.393735,-0.556758
0.394428,-0.556973
0.395121,-0.557188
0.395815,-0.557402
0.396508,-0.557617
0.397201,-0.557832
0.397894,-0.558047
0.398588,-0.558261
0.399281,-0.558476
0.399974,-0.558691
0.400668,-0.558906
0.401361,-0.55912
0.402054,-0.559335
0.402748,-0.55955
0.403441,-0.559765
0.404134,-0.559979
0.404827,-0.560194
0.405521,-0.560409
0.406214,-0.560624
0.406907,-0.560839
0.407601,-0.561053
0.408294,-0.561268
0.408987,-0.561483
0.40968,-0.561698
0.410374,-0.561912
0.411067,-0.562127
0.41176,-0.562342
0.412454,-0.562557
0.413147,-0.562771
0.41384,-0.562986
0.414533,-0.563201
0.415227,-0.563416
0.41592,-0.56363
0.416613,-0.563845
0.417307,-0.56406
0.418,-0.564275
0.418693,-0.564489
0.419387,-0.564704
0.42008,-0.564919
0.420773,-0.565134
0.421466,-0.565349
0.42216,-0.565563
0.422853,-0.565778
0.423546,-0.565993
0.42424,-0.566208
0.424933,-0.566422
0.425626,-0.566637
0.426319,-0.566852
0.427013,-0.567067
0.427706,-0.567281
0.428399,-0.567496
0.429093,-0.567711
0.429786,-0.567926
0.430479,-0.56814
0.431173,-0.568355
0.431866,-0.56857
0.432559,-0.568785
0.433252,-0.568999
0.433946,-0.569214
0.434639,-0.569429
0.435332,-0.569644
0.436026,-0.569859
0.436719,-0.570073
0.437412,-0.570288
0.438105,-0.570503
0.438799,-0.570718
0.439492,-0.570932
0.440185,-0.571147
0.440879,-0.571362
0.441572,-0.571577
0.442265,-0.571791
0.442958,-0.572006
0.443652,-0.572221
0.444345,-0.572436
0.445038,-0.57265
0.445732,-0.572865
0.446425,-0.57308
0.447118,-0.573295
0.447812,-0.573509
0.448505,-0.573724
0.449198,-0.573939
0.449891,-0.574154
0.450585,-0.574369
0.451278,-0.574583
0.451971,-0.574798
0.452665,-0.575013
0.453358,-0.575228
0.454051,-0.575442
0.454744,-0.575657
0.455438,-0.575872
0.456131,-0.576087
0.456824,-0.576301
0.457518,-0.576516
0.458211,-0.576731
0.458904,-0.576946
0.459598,-0.57716
0.460291,-0.577375
0.460984,-0.57759
0.461677,-0.577805
0.462371,-0.578019
0.463064,-0.578234
0.463757,-0.578449
0.464451,-0.578664
0.465144,-0.578879
0.465837,-0.579093
0.46653,-0.579308
0.467224,-0.579523
0.467917,-0.579738
0.46861,-0.579952
0.469304,-0.580167
0.469997,-0.580382
0.47069,-0.580597
0.471383,-0.580811
0.472077,-0.581026
0.47277,-0.581241
0.473463,-0.581456
0.474157,-0.58167
0.47485,-0.581885
0.475543,-0.5821
0.476237,-0.582315
0.47693,-0.582529
0.477623,-0.582744
0.478316,-0.582959
0.47901,-0.583174
0.479703,-0.583389
0.480396,-0.583603
0.48109,-0.583818
0.481783,-0.584033
0.482476,-0.584248
0.482274,-0.582709
0.482073,-0.581171
0.481871,-0.579633
0.481669,-0.578095
0.481467,-0.576556
0.481266,-0.575018
0.481064,-0.57348
0.480862,-0.571942
0.48066,-0.570403
0.480458,-0.568865
0.480257,-0.567327
0.480055,-0.565789
0.479853,-0.564251
0.479651,-0.562712
0.47945,-0.561174
0.479248,-0.559636
0.479046,-0.558098
0.478844,-0.556559
0.478642,-0.555021
0.478441,-0.553483
0.478239,-0.551945
0.478037,-0.550407
0.477835,-0.548868
0.477634,-0.54733
0.477432,-0.545792
0.47723,-0.544254
0.477028,-0.542715
0.476826,-0.541177
0.476625,-0.539639
0.476423,-0.538101
0.476221,-0.536562
0.476019,-0.535024
0.475818,-0.533486
0.475616,-0.531948
0.475414,-0.53041
0.475212,-0.528871
0.47501,-0.527333
0.474809,-0.525795
0.474607,-0.524257
0.474405,-0.522718
0.474203,-0.52118
0.474002,-0.519642
0.4738,-0.518104
0.473598,-0.516565
0.473396,-0.515027
0.473194,-0.513489
0.472993,-0.511951
0.472791,-0.510413
0.472589,-0.508874
0.472387,-0.507336
0.472186,-0.505798
0.471984,-0.50426
0.471782,-0.502721
0.47158,-0.501183
0.471378,-0.499645
0.471177,-0.498107
0.470975,-0.496568
0.470773,-0.49503
0.470571,-0.493492
0.47037,-0.491954
0.470168,-0.490416
0.469966,-0.488877
0.469764,-0.487339
0.469562,-0.485801
0.469361,-0.484263
0.469159,-0.482724
0.468957,-0.481186
0.468755,-0.479648
0.468554,-0.47811
0.468352,-0.476571
0.46815,-0.475033
0.467948,-0.473495
0.467746,-0.471957
0.467545,-0.470419
0.467343,-0.46888
0.467141,-0.467342
0.466939,-0.465804
0.466738,-0.464266
0.466536,-0.462727
0.466334,-0.461189
0.466132,-0.459651
0.46593,-0.458113
0.465729,-0.456574
0.465527,-0.455036
0.465325,-0.453498
0.465123,-0.45196
0.464922,-0.450422
0.46472,-0.448883
0.464518,-0.447345
0.464316,-0.445807
0.464114,-0.444269
0.463913,-0.44273
0.463711,-0.441192
0.463509,-0.439654
0.463307,-0.438116
0.463106,-0.436578
0.462904,-0.435039
0.462702,-0.433501
0.4625,-0.431963
0.462298,-0.430425
0.462097,-0.428886
0.461895,-0.427348
0.461693,-0.42581
0.461491,-0.424272
0.46129,-0.422733
0.461088,-0.421195
0.460886,-0.419657
0.460684,-0.418119
0.460482,-0.416581
0.460281,-0.415042
0.460079,-0.413504
0.459877,-0.411966
0.459675,-0.410428
0.459474,-0.408889
0.459272,-0.407351
0.45907,-0.405813
0.458868,-0.404275
0.458666,-0.402736
0.458465,-0.401198
0.458263,-0.39966
0.458061,-0.398122
0.457859,-0.396584
0.457658,-0.395045
0.457456,-0.393507
0.457254,-0.391969
0.457052,-0.390431
0.45685,-0.388892
0.456649,-0.387354
0.456447,-0.385816
0.456245,-0.384278
0.456043,-0.382739
0.455842,-0.381201
0.45564,-0.379663
0.455438,-0.378125
0.455236,-0.376587
0.455034,-0.375048
0.454833,-0.37351
0.454631,-0.371972
0.454429,-0.370434
0.454227,-0.368895
0.454026,-0.367357
0.453824,-0.365819
0.453622,-0.364281
0.45342,-0.362742
0.453218,-0.361204
0.453017,-0.359666
0.452815,-0.358128
0.452613,-0.35659
0.452411,-0.355051
0.45221,-0.353513
0.452732,-0.353047
0.453254,-0.352581
0.453777,-0.352115
0.454299,-0.351649
0.454821,-0.351184
0.455344,-0.350718
0.455866,-0.350252
0.456388,-0.349786
0.456911,-0.34932
0.457433,-0.348854
0.457955,-0.348388
0.458478,-0.347922
0.459,-0.347456
0.459522,-0.34699
0.460045,-0.346525
0.460567,-0.346059
0.461089,-0.345593
0.461612,-0.345127
0.462134,-0.344661
0.462656,-0.344195
0.463179,-0.343729
0.463701,-0.343263
0.464223,-0.342797
0.464746,-0.342331
0.465268,-0.341865
0.46579,-0.3414
0.466313,-0.340934
0.466835,-0.340468
0.467358,-0.340002
0.46788,-0.339536
0.468402,-0.33907
0.468925,-0.338604
0.469447,-0.338138
0.469969,-0.337672
0.470492,-0.337206
0.471014,-0.336741
0.471536,-0.336275
0.472059,-0.335809
0.472581,-0.335343
0.473103,-0.334877
0.473626,-0.334411
0.474148,-0.333945
0.47467,-0.333479
0.475193,-0.333013
0.475715,-0.332547
0.476237,-0.332081
0.47676,-0.331616
0.477282,-0.33115
0.477804,-0.330684
0.478327,-0.330218
0.478849,-0.329752
0.479371,-0.329286
0.479894,-0.32882
0.480416,-0.328354
0.480938,-0.327888
0.481461,-0.327422
0.481983,-0.326957
0.482506,-0.326491
0.483028,-0.326025
0.48355,-0.325559
0.484073,-0.325093
0.484595,-0.324627
0.485117,-0.324161
0.48564,-0.323695
0.486162,-0.323229
0.486684,-0.322763
0.487207,-0.322297
0.487729,-0.321832
0.488251,-0.321366
0.488774,-0.3209
0.489296,-0.320434
0.489818,-0.319968
0.490341,-0.319502
0.490863,-0.319036
0.491385,-0.31857
0.491908,-0.318104
0.49243,-0.317638
0.492952,-0.317173
0.493475,-0.316707
0.493997,-0.316241
0.494519,-0.315775
0.495042,-0.315309
0.495564,-0.314843
0.496086,-0.314377
0.496609,-0.313911
0.497131,-0.313445
0.497654,-0.312979
0.498176,-0.312513
0.498698,-0.312048
0.499221,-0.311582
0.499743,-0.311116
0.500265,-0.31065
0.500788,-0.310184
0.50131,-0.309718
0.501832,-0.309252
0.502355,-0.308786
0.502877,-0.30832
0.503399,-0.307854
0.503922,-0.307389
0.504444,-0.306923
0.504966,-0.306457
0.505489,-0.305991
0.506011,-0.305525
0.506533,-0.305059
0.507056,-0.304593
0.507578,-0.304127
0.5081,-0.303661
0.508623,-0.303195
0.509145,-0.302729
0.509667,-0.302264
0.51019,-0.301798
0.510712,-0.301332
0.511234,-0.300866
0.511757,-0.3004
0.512279,-0.299934
0.512801,-0.299468
0.513324,-0.299002
0.513846,-0.298536
0.514369,-0.29807
0.514891,-0.297605
0.515413,-0.297139
0.515936,-0.296673
0.516458,-0.296207
0.51698,-0.295741
0.517503,-0.295275
0.518025,-0.294809
0.518547,-0.294343
0.51907,-0.293877
0.519592,-0.293411
0.520114,-0.292945
0.520637,-0.29248
0.521159,-0.292014
0.521681,-0.291548
0.522204,-0.291082
0.522726,-0.290616
0.523248,-0.29015
0.523771,-0.289684
0.524293,-0.289218
0.524815,-0.288752
0.525338,-0.288286
0.52586,-0.287821
0.526382,-0.287355
0.526905,-0.286889
0.527427,-0.286423
0.527949,-0.285957
0.528472,-0.285491
0.528994,-0.285025
0.529517,-0.284559
0.530039,-0.284093
