O
20
1,0,-1,0.78,-0.5,0.75,0.0,0.0,0.0,0.3,0.4,0.02,0,0.8,False
2,0,-1,1.1,-0.5,0.93,0.0,0.0,0.0,0.02,0.4,0.2,0,0.8,False
3,0,-1,0.78,-0.5,1.11,0.0,0.0,0.0,0.3,0.4,0.02,0,0.8,False
4,0,-1,0.8,-0.92,0.93,0.0,0.0,0.0,0.32,0.02,0.2,0,0.8,False
5,0,-1,0.8,-0.08,0.93,0.0,0.0,0.0,0.32,0.02,0.2,0,0.8,False
6,2,0,0.8137660056094815,-0.5773218214677267,0.8450000000000001,0.0,0.0,3.2312104156625066,0.030440973460796675,0.030440973460796675,0.15,0.4621198020454877,0.9069416620526011,False
7,0,0,0.5350648389216678,-0.4730480362156224,0.86,0.0,0.0,0.2057245184787022,0.03,0.0592705012316297,0.09,0.1864234660447357,0.9263804260459858,False
8,2,0,0.7803250101931927,-0.2528777061070028,0.8450000000000001,0.0,0.0,1.1811949321747581,0.04831244545412385,0.04831244545412385,0.15,0.0812975993507985,0.921367044575107,False
9,2,0,0.7071076429254888,-0.6592551614209412,0.8450000000000001,0.0,0.0,0.7743848688221874,0.03,0.03,0.15,0.29628284631457974,1.0070600712744044,False
10,0,0,0.611092596900145,-0.20239714402720965,0.9127485417356087,0.0,0.0,3.250824836501818,0.03,0.03,0.14274854173560866,0.09232314775165823,0.9103436646075896,False
11,0,1,0.5366662442539138,-0.8247662833233841,0.86,0.0,0.0,1.78887627612383,0.04328964556595006,0.0654571204157086,0.09,0.02014444683620009,0.8937203949237955,True
12,0,1,0.7663099449522277,-0.39606565462239945,0.86,0.0,0.0,4.577073118836044,0.03,0.05469161880223969,0.09,0.020137274006317263,0.8175860338229857,True
13,2,1,0.8825924518606036,-0.802295440461643,0.8450000000000001,0.0,0.0,4.161248179259211,0.03,0.03,0.15,0.3262174971003501,1.0518816969775504,True
14,2,1,0.9177881152760679,-0.49965878277593495,0.8586653306559481,0.0,0.0,1.7525385137978007,0.03,0.03,0.1773306613118961,0.470780034960989,0.911601462144907,True
15,2,1,0.9464269411241835,-0.6526569687903706,0.8450000000000001,0.0,0.0,3.3630751533624257,0.03,0.03,0.15,0.49691841990625624,0.9174811197531662,True
16,2,1,1.020902947256498,-0.2563020072687636,0.8450000000000001,0.0,0.0,5.259921263275039,0.03,0.03,0.15,0.45452446944740105,1.0479642423963498,True
17,2,1,1.0268424098590359,-0.4403052707054752,0.8450000000000001,0.0,0.0,2.908783383596892,0.03,0.03,0.15,0.31077591858448006,1.133983017716404,True
18,0,1,0.6950897888889372,-0.8538562396189399,0.86,0.0,0.0,6.148132206683154,0.037456691659992505,0.03,0.09,0.13101840292177885,1.0935577705896513,True
19,0,1,0.9757534217317649,-0.8090722298180137,0.86,0.0,0.0,5.104674975129038,0.03,0.03,0.09,0.3815134964681268,0.8241007843873422,True
20,2,1,0.6442265785784248,-0.3501964523912391,0.8450000000000001,0.0,0.0,0.9939611008807855,0.033129643103667304,0.033129643103667304,0.15,0.34396052202666694,1.1472898350411498,True
R
0.0,0.0,0.0,0.0,0.0,0.0,1.0
S
8
torso_lift_joint,0
r_shoulder_pan_joint,-1.69017
r_shoulder_lift_joint,-0.0788625
r_upper_arm_roll_joint,-1.69017
r_elbow_flex_joint,-1.2717
r_forearm_roll_joint,-0.151824
r_wrist_flex_joint,-1.25254
r_wrist_roll_joint,0.675062
G
0.637129,-0.686235,0.845,0.367983,-0,0
ooi
9
A
599
0.310248,-0.673113
0.311125,-0.673361
0.312002,-0.673609
0.312879,-0.673857
0.313756,-0.674105
0.314633,-0.674354
0.315509,-0.674602
0.316386,-0.67485
0.317263,-0.675098
0.31814,-0.675346
0.319017,-0.675594
0.319894,-0.675842
0.320771,-0.67609
0.321648,-0.676338
0.322524,-0.676586
0.323401,-0.676834
0.324278,-0.677083
0.325155,-0.677331
0.326032,-0.677579
0.326909,-0.677827
0.327786,-0.678075
0.328663,-0.678323
0.32954,-0.678571
0.330416,-0.678819
0.331293,-0.679067
0.33217,-0.679315
0.333047,-0.679564
0.333924,-0.679812
0.334801,-0.68006
0.335678,-0.680308
0.336555,-0.680556
0.337431,-0.680804
0.338308,-0.681052
0.339185,-0.6813
0.340062,-0.681548
0.340939,-0.681796
0.341816,-0.682044
0.342693,-0.682293
0.34357,-0.682541
0.344446,-0.682789
0.345323,-0.683037
0.3462,-0.683285
0.347077,-0.683533
0.347954,-0.683781
0.348831,-0.684029
0.349708,-0.684277
0.350585,-0.684525
0.351461,-0.684774
0.352338,-0.685022
0.353215,-0.68527
0.354092,-0.685518
0.354969,-0.685766
0.355846,-0.686014
0.356723,-0.686262
0.3576,-0.68651
0.358477,-0.686758
0.359353,-0.687006
0.36023,-0.687254
0.361107,-0.687503
0.361984,-0.687751
0.362861,-0.687999
0.363738,-0.688247
0.364615,-0.688495
0.365492,-0.688743
0.366368,-0.688991
0.367245,-0.689239
0.368122,-0.689487
0.368999,-0.689735
0.369876,-0.689984
0.370753,-0.690232
0.37163,-0.69048
0.372507,-0.690728
0.373383,-0.690976
0.37426,-0.691224
0.375137,-0.691472
0.376014,-0.69172
0.376891,-0.691968
0.377768,-0.692216
0.378645,-0.692464
0.379522,-0.692713
0.380398,-0.692961
0.381275,-0.693209
0.382152,-0.693457
0.383029,-0.693705
0.383906,-0.693953
0.384783,-0.694201
0.38566,-0.694449
0.386537,-0.694697
0.387413,-0.694945
0.38829,-0.695194
0.389167,-0.695442
0.390044,-0.69569
0.390921,-0.695938
0.391798,-0.696186
0.392675,-0.696434
0.393552,-0.696682
0.394429,-0.69693
0.395305,-0.697178
0.396182,-0.697426
0.397059,-0.697674
0.397936,-0.697923
0.398813,-0.698171
0.39969,-0.698419
0.400567,-0.698667
0.401444,-0.698915
0.40232,-0.699163
0.403197,-0.699411
0.404074,-0.699659
0.404951,-0.699907
0.405828,-0.700155
0.406705,-0.700403
0.407582,-0.700652
0.408459,-0.7009
0.409335,-0.701148
0.410212,-0.701396
0.411089,-0.701644
0.411966,-0.701892
0.412843,-0.70214
0.41372,-0.702388
0.414597,-0.702636
0.415474,-0.702884
0.41635,-0.703133
0.417227,-0.703381
0.418104,-0.703629
0.418981,-0.703877
0.419858,-0.704125
0.420735,-0.704373
0.421612,-0.704621
0.422489,-0.704869
0.423366,-0.705117
0.424242,-0.705365
0.425119,-0.705613
0.425996,-0.705862
0.426873,-0.70611
0.42775,-0.706358
0.428627,-0.706606
0.429504,-0.706854
0.430381,-0.707102
0.431257,-0.70735
0.432134,-0.707598
0.433011,-0.707846
0.433888,-0.708094
0.434765,-0.708343
0.435642,-0.708591
0.436519,-0.708839
0.437396,-0.709087
0.438272,-0.709335
0.439149,-0.709583
0.440026,-0.709831
0.440903,-0.710079
0.44178,-0.710327
0.441801,-0.709666
0.441821,-0.709005
0.441842,-0.708344
0.441863,-0.707682
0.441883,-0.707021
0.441904,-0.70636
0.441925,-0.705699
0.441945,-0.705037
0.441966,-0.704376
0.441986,-0.703715
0.442007,-0.703054
0.442028,-0.702393
0.442048,-0.701731
0.442069,-0.70107
0.44209,-0.700409
0.44211,-0.699748
0.442131,-0.699086
0.442152,-0.698425
0.442172,-0.697764
0.442193,-0.697103
0.442214,-0.696441
0.442234,-0.69578
0.442255,-0.695119
0.442276,-0.694458
0.442296,-0.693797
0.442317,-0.693135
0.442338,-0.692474
0.442358,-0.691813
0.442379,-0.691152
0.442399,-0.69049
0.44242,-0.689829
0.442441,-0.689168
0.442461,-0.688507
0.442482,-0.687846
0.442503,-0.687184
0.442523,-0.686523
0.442544,-0.685862
0.442565,-0.685201
0.442585,-0.684539
0.442606,-0.683878
0.442627,-0.683217
0.442647,-0.682556
0.442668,-0.681894
0.442689,-0.681233
0.442709,-0.680572
0.44273,-0.679911
0.442751,-0.67925
0.442771,-0.678588
0.442792,-0.677927
0.442812,-0.677266
0.442833,-0.676605
0.442854,-0.675943
0.442874,-0.675282
0.442895,-0.674621
0.442916,-0.67396
0.442936,-0.673299
0.442957,-0.672637
0.442978,-0.671976
0.442998,-0.671315
0.443019,-0.670654
0.44304,-0.669992
0.44306,-0.669331
0.443081,-0.66867
0.443102,-0.668009
0.443122,-0.667347
0.443143,-0.666686
0.443164,-0.666025
0.443184,-0.665364
0.443205,-0.664703
0.443225,-0.664041
0.443246,-0.66338
0.443267,-0.662719
0.443287,-0.662058
0.443308,-0.661396
0.443329,-0.660735
0.443349,-0.660074
0.44337,-0.659413
0.443391,-0.658752
0.443411,-0.65809
0.443432,-0.657429
0.443453,-0.656768
0.443473,-0.656107
0.443494,-0.655445
0.443515,-0.654784
0.443535,-0.654123
0.443556,-0.653462
0.443576,-0.6528
0.443597,-0.652139
0.443618,-0.651478
0.443638,-0.650817
0.443659,-0.650156
0.44368,-0.649494
0.4437,-0.648833
0.443721,-0.648172
0.443742,-0.647511
0.443762,-0.646849
0.443783,-0.646188
0.443804,-0.645527
0.443824,-0.644866
0.443845,-0.644204
0.443866,-0.643543
0.443886,-0.642882
0.443907,-0.642221
0.443928,-0.64156
0.443948,-0.640898
0.443969,-0.640237
0.443989,-0.639576
0.44401,-0.638915
0.444031,-0.638253
0.444051,-0.637592
0.444072,-0.636931
0.444093,-0.63627
0.444113,-0.635609
0.444134,-0.634947
0.444155,-0.634286
0.444175,-0.633625
0.444196,-0.632964
0.444217,-0.632302
0.444237,-0.631641
0.444258,-0.63098
0.444279,-0.630319
0.444299,-0.629657
0.44432,-0.628996
0.444341,-0.628335
0.444361,-0.627674
0.444382,-0.627013
0.444402,-0.626351
0.444423,-0.62569
0.444444,-0.625029
0.444464,-0.624368
0.444485,-0.623706
0.444506,-0.623045
0.444526,-0.622384
0.444547,-0.621723
0.444568,-0.621062
0.444588,-0.6204
0.444609,-0.619739
0.44463,-0.619078
0.44465,-0.618417
0.444671,-0.617755
0.444692,-0.617094
0.444712,-0.616433
0.444733,-0.615772
0.444754,-0.61511
0.444774,-0.614449
0.444795,-0.613788
0.444815,-0.613127
0.444836,-0.612466
0.444857,-0.611804
0.445263,-0.612872
0.44567,-0.61394
0.446077,-0.615008
0.446484,-0.616075
0.44689,-0.617143
0.447297,-0.618211
0.447704,-0.619279
0.44811,-0.620346
0.448517,-0.621414
0.448924,-0.622482
0.44933,-0.62355
0.449737,-0.624618
0.450144,-0.625685
0.450551,-0.626753
0.450957,-0.627821
0.451364,-0.628889
0.451771,-0.629956
0.452177,-0.631024
0.452584,-0.632092
0.452991,-0.63316
0.453397,-0.634227
0.453804,-0.635295
0.454211,-0.636363
0.454618,-0.637431
0.455024,-0.638499
0.455431,-0.639566
0.455838,-0.640634
0.456244,-0.641702
0.456651,-0.64277
0.457058,-0.643837
0.457464,-0.644905
0.457871,-0.645973
0.458278,-0.647041
0.458685,-0.648108
0.459091,-0.649176
0.459498,-0.650244
0.459905,-0.651312
0.460311,-0.65238
0.460718,-0.653447
0.461125,-0.654515
0.461531,-0.655583
0.461938,-0.656651
0.462345,-0.657718
0.462752,-0.658786
0.463158,-0.659854
0.463565,-0.660922
0.463972,-0.661989
0.464378,-0.663057
0.464785,-0.664125
0.465192,-0.665193
0.465598,-0.66626
0.466005,-0.667328
0.466412,-0.668396
0.466819,-0.669464
0.467225,-0.670532
0.467632,-0.671599
0.468039,-0.672667
0.468445,-0.673735
0.468852,-0.674803
0.469259,-0.67587
0.469665,-0.676938
0.470072,-0.678006
0.470479,-0.679074
0.470886,-0.680141
0.471292,-0.681209
0.471699,-0.682277
0.472106,-0.683345
0.472512,-0.684413
0.472919,-0.68548
0.473326,-0.686548
0.473732,-0.687616
0.474139,-0.688684
0.474546,-0.689751
0.474953,-0.690819
0.475359,-0.691887
0.475766,-0.692955
0.476173,-0.694022
0.476579,-0.69509
0.476986,-0.696158
0.477393,-0.697226
0.477799,-0.698294
0.478206,-0.699361
0.478613,-0.700429
0.47902,-0.701497
0.479426,-0.702565
0.479833,-0.703632
0.48024,-0.7047
0.480646,-0.705768
0.481053,-0.706836
0.48146,-0.707903
0.481866,-0.708971
0.482273,-0.710039
0.48268,-0.711107
0.483087,-0.712175
0.483493,-0.713242
0.4839,-0.71431
0.484307,-0.715378
0.484713,-0.716446
0.48512,-0.717513
0.485527,-0.718581
0.485933,-0.719649
0.48634,-0.720717
0.486747,-0.721784
0.487154,-0.722852
0.48756,-0.72392
0.487967,-0.724988
0.488374,-0.726055
0.48878,-0.727123
0.489187,-0.728191
0.489594,-0.729259
0.49,-0.730327
0.490407,-0.731394
0.490814,-0.732462
0.491221,-0.73353
0.491627,-0.734598
0.492034,-0.735665
0.492441,-0.736733
0.492847,-0.737801
0.493254,-0.738869
0.493661,-0.739936
0.494067,-0.741004
0.494474,-0.742072
0.494881,-0.74314
0.495288,-0.744208
0.495694,-0.745275
0.496101,-0.746343
0.496508,-0.747411
0.496914,-0.748479
0.497321,-0.749546
0.497728,-0.750614
0.498134,-0.751682
0.498541,-0.75275
0.498948,-0.753817
0.499355,-0.754885
0.499761,-0.755953
0.500168,-0.757021
0.500575,-0.758089
0.500981,-0.759156
0.501388,-0.760224
0.501795,-0.761292
0.502201,-0.76236
0.502608,-0.763427
0.503015,-0.764495
0.503422,-0.765563
0.503828,-0.766631
0.504235,-0.767698
0.504642,-0.768766
0.505048,-0.769834
0.505455,-0.770902
0.505862,-0.77197
0.506743,-0.771394
0.507624,-0.770819
0.508505,-0.770243
0.509386,-0.769668
0.510267,-0.769093
0.511148,-0.768517
0.512029,-0.767942
0.51291,-0.767366
0.513791,-0.766791
0.514672,-0.766216
0.515553,-0.76564
0.516434,-0.765065
0.517315,-0.764489
0.518196,-0.763914
0.519077,-0.763339
0.519958,-0.762763
0.520839,-0.762188
0.52172,-0.761612
0.522601,-0.761037
0.523481,-0.760462
0.524362,-0.759886
0.525243,-0.759311
0.526124,-0.758735
0.527005,-0.75816
0.527886,-0.757585
0.528767,-0.757009
0.529648,-0.756434
0.530529,-0.755858
0.53141,-0.755283
0.532291,-0.754708
0.533172,-0.754132
0.534053,-0.753557
0.534934,-0.752981
0.535815,-0.752406
0.536696,-0.751831
0.537577,-0.751255
0.538458,-0.75068
0.539339,-0.750104
0.54022,-0.749529
0.541101,-0.748954
0.541982,-0.748378
0.542863,-0.747803
0.543744,-0.747227
0.544625,-0.746652
0.545506,-0.746077
0.546387,-0.745501
0.547268,-0.744926
0.548149,-0.74435
0.54903,-0.743775
0.549911,-0.7432
0.550792,-0.742624
0.551673,-0.742049
0.552554,-0.741473
0.553435,-0.740898
0.554316,-0.740323
0.555197,-0.739747
0.556078,-0.739172
0.556959,-0.738596
0.55784,-0.738021
0.558721,-0.737446
0.559602,-0.73687
0.560483,-0.736295
0.561364,-0.735719
0.562245,-0.735144
0.563126,-0.734569
0.564007,-0.733993
0.564888,-0.733418
0.565769,-0.732842
0.56665,-0.732267
0.567531,-0.731692
0.568412,-0.731116
0.569293,-0.730541
0.570174,-0.729965
0.571055,-0.72939
0.571936,-0.728815
0.572817,-0.728239
0.573698,-0.727664
0.574579,-0.727088
0.57546,-0.726513
0.576341,-0.725938
0.577222,-0.725362
0.578103,-0.724787
0.578984,-0.724211
0.579865,-0.723636
0.580746,-0.723061
0.581626,-0.722485
0.582507,-0.72191
0.583388,-0.721334
0.584269,-0.720759
0.58515,-0.720184
0.586031,-0.719608
0.586912,-0.719033
0.587793,-0.718457
0.588674,-0.717882
0.589555,-0.717307
0.590436,-0.716731
0.591317,-0.716156
0.592198,-0.715581
0.593079,-0.715005
0.59396,-0.71443
0.594841,-0.713854
0.595722,-0.713279
0.596603,-0.712704
0.597484,-0.712128
0.598365,-0.711553
0.599246,-0.710977
0.600127,-0.710402
0.601008,-0.709827
0.601889,-0.709251
0.60277,-0.708676
0.603651,-0.7081
0.604532,-0.707525
0.605413,-0.70695
0.606294,-0.706374
0.607175,-0.705799
0.608056,-0.705223
0.608937,-0.704648
0.609818,-0.704073
0.610699,-0.703497
0.61158,-0.702922
0.612461,-0.702346
0.613342,-0.701771
0.614223,-0.701196
0.615104,-0.70062
0.615985,-0.700045
0.616866,-0.699469
0.617747,-0.698894
0.618628,-0.698319
0.619509,-0.697743
0.62039,-0.697168
0.621271,-0.696592
0.622152,-0.696017
0.623033,-0.695442
0.623914,-0.694866
0.624795,-0.694291
0.625676,-0.693715
0.626557,-0.69314
0.627438,-0.692565
0.628319,-0.691989
0.6292,-0.691414
0.630081,-0.690838
0.630962,-0.690263
0.631843,-0.689688
0.632724,-0.689112
0.633605,-0.688537
0.634486,-0.687961
0.635367,-0.687386
0.636248,-0.686811
0.637129,-0.686235
