O
20
1,0,-1,0.78,-0.5,0.75,0.0,0.0,0.0,0.3,0.4,0.02,0,0.8,False
2,0,-1,1.1,-0.5,0.93,0.0,0.0,0.0,0.02,0.4,0.2,0,0.8,False
3,0,-1,0.78,-0.5,1.11,0.0,0.0,0.0,0.3,0.4,0.02,0,0.8,False
4,0,-1,0.8,-0.92,0.93,0.0,0.0,0.0,0.32,0.02,0.2,0,0.8,False
5,0,-1,0.8,-0.08,0.93,0.0,0.0,0.0,0.32,0.02,0.2,0,0.8,False
6,2,0,0.8137634257878534,-0.3637224950534104,0.8450000000000001,0.0,0.0,4.34031699959893,0.05069954683099412,0.05069954683099412,0.15,0.07611251977505384,1.0420480752469374,False
7,2,0,0.7747501992364676,-0.812915495171,0.8450000000000001,0.0,0.0,1.1018921351906366,0.030366171259702195,0.030366171259702195,0.15,0.10301867429855577,1.1348667015067941,False
8,2,0,0.9810972009070882,-0.3340222365342016,0.8450000000000001,0.0,0.0,4.948106420649929,0.041949300671416896,0.041949300671416896,0.15,0.08842050979687965,1.0267874276863118,False
9,0,0,0.7183018708595357,-0.6628325934053637,0.86,0.0,0.0,4.135331133552874,0.036318454241994806,0.032090971853672406,0.09,0.3719065923957682,1.1663884547801056,False
10,2,0,0.682549346101027,-0.41459181467627576,0.8450000000000001,0.0,0.0,3.5247397392186866,0.03,0.03,0.15,0.2887214309117583,1.0146833696545,False
11,2,1,0.619532752396464,-0.1931818873957608,0.8450000000000001,0.0,0.0,1.5770899886269496,0.05797496523566296,0.05797496523566296,0.15,0.2062673549578921,0.9694773824877824,True
12,0,1,0.8580451460620637,-0.5925903342416041,0.8865675509314441,0.0,0.0,0.6237913128170611,0.036844209256738245,0.050180103019191825,0.11656755093144411,0.020059915599344946,1.044439152350929,True
13,2,1,0.8081356039931876,-0.1613299229558155,0.8450000000000001,0.0,0.0,5.73427724669093,0.03,0.03,0.15,0.12482574257830908,1.0071790146647588,True
14,2,1,0.5186407324976948,-0.6889759362601434,0.8450000000000001,0.0,0.0,2.669960320004287,0.03850831357978883,0.03850831357978883,0.15,0.2792723348918137,1.040056282759001,True
15,2,1,0.9678182724505642,-0.6524773480663613,0.8498999213571947,0.0,0.0,2.841218639417177,0.03,0.03,0.15979984271438952,0.2646208151193932,1.0542757320023028,True
16,2,1,0.9721863853869278,-0.7898456060578998,0.85900242133929,0.0,0.0,4.775586975158302,0.03,0.03,0.17800484267858,0.05679053638558862,0.9034702492920591,True
17,2,1,0.5720720972588395,-0.5730986588809295,0.8474717984777393,0.0,0.0,4.951393236609072,0.03,0.03,0.15494359695547855,0.01929627545965812,1.1407936510820817,True
18,2,1,0.8014709987525379,-0.47882304520323277,0.8450000000000001,0.0,0.0,1.217503648018011,0.03,0.03,0.15,0.13709337731819382,1.0873419725728093,True
19,2,1,0.5452856115570452,-0.8158404706639368,0.8518561350638628,0.0,0.0,4.572147925498024,0.03,0.03,0.16371227012772563,0.12684445899756286,1.134705433671982,True
20,2,1,0.6347737956386023,-0.8276130403697719,0.848256228100291,0.0,0.0,4.7445638502156084,0.04300308603456717,0.04300308603456717,0.15651245620058207,0.3536478506191624,1.0543601777528073,True
R
0.0,0.0,0.0,0.0,0.0,0.0,1.0
S
8
torso_lift_joint,0
r_shoulder_pan_joint,-1.69017
r_shoulder_lift_joint,-0.0788625
r_upper_arm_roll_joint,-1.69017
r_elbow_flex_joint,-1.2717
r_forearm_roll_joint,-0.151824
r_wrist_flex_joint,-1.25254
r_wrist_roll_joint,0.675062
G
0.621998,-0.458847,0.845,0.631142,-0,0
ooi
10
A
599
0.310248,-0.673113
0.310399,-0.672405
0.310551,-0.671696
0.310702,-0.670987
0.310853,-0.670279
0.311004,-0.66957
0.311156,-0.668862
0.311307,-0.668153
0.311458,-0.667444
0.311609,-0.666736
0.311761,-0.666027
0.311912,-0.665319
0.312063,-0.66461
0.312214,-0.663902
0.312366,-0.663193
0.312517,-0.662484
0.312668,-0.661776
0.312819,-0.661067
0.31297,-0.660359
0.313122,-0.65965
0.313273,-0.658942
0.313424,-0.658233
0.313575,-0.657524
0.313727,-0.656816
0.313878,-0.656107
0.314029,-0.655399
0.31418,-0.65469
0.314332,-0.653982
0.314483,-0.653273
0.314634,-0.652564
0.314785,-0.651856
0.314937,-0.651147
0.315088,-0.650439
0.315239,-0.64973
0.31539,-0.649022
0.315542,-0.648313
0.315693,-0.647604
0.315844,-0.646896
0.315995,-0.646187
0.316147,-0.645479
0.316298,-0.64477
0.316449,-0.644062
0.3166,-0.643353
0.316751,-0.642644
0.316903,-0.641936
0.317054,-0.641227
0.317205,-0.640519
0.317356,-0.63981
0.317508,-0.639102
0.317659,-0.638393
0.31781,-0.637684
0.317961,-0.636976
0.318113,-0.636267
0.318264,-0.635559
0.318415,-0.63485
0.318566,-0.634142
0.318718,-0.633433
0.318869,-0.632724
0.31902,-0.632016
0.319171,-0.631307
0.319323,-0.630599
0.319474,-0.62989
0.319625,-0.629182
0.319776,-0.628473
0.319928,-0.627764
0.320079,-0.627056
0.32023,-0.626347
0.320381,-0.625639
0.320532,-0.62493
0.320684,-0.624222
0.320835,-0.623513
0.320986,-0.622804
0.321137,-0.622096
0.321289,-0.621387
0.32144,-0.620679
0.321591,-0.61997
0.321742,-0.619262
0.321894,-0.618553
0.322045,-0.617844
0.322196,-0.617136
0.322347,-0.616427
0.322499,-0.615719
0.32265,-0.61501
0.322801,-0.614302
0.322952,-0.613593
0.323104,-0.612884
0.323255,-0.612176
0.323406,-0.611467
0.323557,-0.610759
0.323709,-0.61005
0.32386,-0.609342
0.324011,-0.608633
0.324162,-0.607924
0.324313,-0.607216
0.324465,-0.606507
0.324616,-0.605799
0.324767,-0.60509
0.324918,-0.604382
0.32507,-0.603673
0.325221,-0.602964
0.325372,-0.602256
0.325523,-0.601547
0.325675,-0.600839
0.325826,-0.60013
0.325977,-0.599422
0.326128,-0.598713
0.32628,-0.598004
0.326431,-0.597296
0.326582,-0.596587
0.326733,-0.595879
0.326885,-0.59517
0.327036,-0.594462
0.327187,-0.593753
0.327338,-0.593044
0.32749,-0.592336
0.327641,-0.591627
0.327792,-0.590919
0.327943,-0.59021
0.328094,-0.589502
0.328246,-0.588793
0.328397,-0.588084
0.328548,-0.587376
0.328699,-0.586667
0.328851,-0.585959
0.329002,-0.58525
0.329153,-0.584542
0.329304,-0.583833
0.329456,-0.583124
0.329607,-0.582416
0.329758,-0.581707
0.329909,-0.580999
0.330061,-0.58029
0.330212,-0.579582
0.330363,-0.578873
0.330514,-0.578164
0.330666,-0.577456
0.330817,-0.576747
0.330968,-0.576039
0.331119,-0.57533
0.331271,-0.574622
0.331422,-0.573913
0.331573,-0.573204
0.331724,-0.572496
0.331875,-0.571787
0.332027,-0.571079
0.332178,-0.57037
0.332329,-0.569662
0.33248,-0.568953
0.332632,-0.568244
0.332783,-0.567536
0.332934,-0.566827
0.332954,-0.567176
0.332975,-0.567525
0.332995,-0.567873
0.333015,-0.568222
0.333035,-0.568571
0.333055,-0.56892
0.333076,-0.569268
0.333096,-0.569617
0.333116,-0.569966
0.333136,-0.570314
0.333156,-0.570663
0.333177,-0.571012
0.333197,-0.571361
0.333217,-0.571709
0.333237,-0.572058
0.333258,-0.572407
0.333278,-0.572755
0.333298,-0.573104
0.333318,-0.573453
0.333338,-0.573802
0.333359,-0.57415
0.333379,-0.574499
0.333399,-0.574848
0.333419,-0.575197
0.333439,-0.575545
0.33346,-0.575894
0.33348,-0.576243
0.3335,-0.576591
0.33352,-0.57694
0.333541,-0.577289
0.333561,-0.577638
0.333581,-0.577986
0.333601,-0.578335
0.333621,-0.578684
0.333642,-0.579032
0.333662,-0.579381
0.333682,-0.57973
0.333702,-0.580079
0.333722,-0.580427
0.333743,-0.580776
0.333763,-0.581125
0.333783,-0.581473
0.333803,-0.581822
0.333823,-0.582171
0.333844,-0.58252
0.333864,-0.582868
0.333884,-0.583217
0.333904,-0.583566
0.333925,-0.583915
0.333945,-0.584263
0.333965,-0.584612
0.333985,-0.584961
0.334005,-0.585309
0.334026,-0.585658
0.334046,-0.586007
0.334066,-0.586356
0.334086,-0.586704
0.334106,-0.587053
0.334127,-0.587402
0.334147,-0.58775
0.334167,-0.588099
0.334187,-0.588448
0.334207,-0.588797
0.334228,-0.589145
0.334248,-0.589494
0.334268,-0.589843
0.334288,-0.590191
0.334309,-0.59054
0.334329,-0.590889
0.334349,-0.591238
0.334369,-0.591586
0.334389,-0.591935
0.33441,-0.592284
0.33443,-0.592632
0.33445,-0.592981
0.33447,-0.59333
0.33449,-0.593679
0.334511,-0.594027
0.334531,-0.594376
0.334551,-0.594725
0.334571,-0.595074
0.334592,-0.595422
0.334612,-0.595771
0.334632,-0.59612
0.334652,-0.596468
0.334672,-0.596817
0.334693,-0.597166
0.334713,-0.597515
0.334733,-0.597863
0.334753,-0.598212
0.334773,-0.598561
0.334794,-0.598909
0.334814,-0.599258
0.334834,-0.599607
0.334854,-0.599956
0.334874,-0.600304
0.334895,-0.600653
0.334915,-0.601002
0.334935,-0.60135
0.334955,-0.601699
0.334976,-0.602048
0.334996,-0.602397
0.335016,-0.602745
0.335036,-0.603094
0.335056,-0.603443
0.335077,-0.603792
0.335097,-0.60414
0.335117,-0.604489
0.335137,-0.604838
0.335157,-0.605186
0.335178,-0.605535
0.335198,-0.605884
0.335218,-0.606233
0.335238,-0.606581
0.335258,-0.60693
0.335279,-0.607279
0.335299,-0.607627
0.335319,-0.607976
0.335339,-0.608325
0.33536,-0.608674
0.33538,-0.609022
0.3354,-0.609371
0.33542,-0.60972
0.33544,-0.610068
0.335461,-0.610417
0.335481,-0.610766
0.335501,-0.611115
0.335521,-0.611463
0.335541,-0.611812
0.335562,-0.612161
0.335582,-0.61251
0.335602,-0.612858
0.335622,-0.613207
0.335643,-0.613556
0.335663,-0.613904
0.335683,-0.614253
0.335703,-0.614602
0.335723,-0.614951
0.335744,-0.615299
0.335764,-0.615648
0.335784,-0.615997
0.335804,-0.616345
0.335824,-0.616694
0.335845,-0.617043
0.335865,-0.617392
0.335885,-0.61774
0.335905,-0.618089
0.335925,-0.618438
0.335946,-0.618786
0.336555,-0.617735
0.337163,-0.616683
0.337772,-0.615631
0.338381,-0.614579
0.33899,-0.613528
0.339599,-0.612476
0.340208,-0.611424
0.340817,-0.610372
0.341426,-0.609321
0.342034,-0.608269
0.342643,-0.607217
0.343252,-0.606165
0.343861,-0.605114
0.34447,-0.604062
0.345079,-0.60301
0.345688,-0.601958
0.346297,-0.600906
0.346905,-0.599855
0.347514,-0.598803
0.348123,-0.597751
0.348732,-0.596699
0.349341,-0.595648
0.34995,-0.594596
0.350559,-0.593544
0.351168,-0.592492
0.351776,-0.591441
0.352385,-0.590389
0.352994,-0.589337
0.353603,-0.588285
0.354212,-0.587234
0.354821,-0.586182
0.35543,-0.58513
0.356038,-0.584078
0.356647,-0.583026
0.357256,-0.581975
0.357865,-0.580923
0.358474,-0.579871
0.359083,-0.578819
0.359692,-0.577768
0.360301,-0.576716
0.360909,-0.575664
0.361518,-0.574612
0.362127,-0.573561
0.362736,-0.572509
0.363345,-0.571457
0.363954,-0.570405
0.364563,-0.569353
0.365172,-0.568302
0.36578,-0.56725
0.366389,-0.566198
0.366998,-0.565146
0.367607,-0.564095
0.368216,-0.563043
0.368825,-0.561991
0.369434,-0.560939
0.370043,-0.559888
0.370651,-0.558836
0.37126,-0.557784
0.371869,-0.556732
0.372478,-0.555681
0.373087,-0.554629
0.373696,-0.553577
0.374305,-0.552525
0.374914,-0.551473
0.375522,-0.550422
0.376131,-0.54937
0.37674,-0.548318
0.377349,-0.547266
0.377958,-0.546215
0.378567,-0.545163
0.379176,-0.544111
0.379785,-0.543059
0.380393,-0.542008
0.381002,-0.540956
0.381611,-0.539904
0.38222,-0.538852
0.382829,-0.537801
0.383438,-0.536749
0.384047,-0.535697
0.384656,-0.534645
0.385264,-0.533593
0.385873,-0.532542
0.386482,-0.53149
0.387091,-0.530438
0.3877,-0.529386
0.388309,-0.528335
0.388918,-0.527283
0.389527,-0.526231
0.390135,-0.525179
0.390744,-0.524128
0.391353,-0.523076
0.391962,-0.522024
0.392571,-0.520972
0.39318,-0.519921
0.393789,-0.518869
0.394398,-0.517817
0.395006,-0.516765
0.395615,-0.515713
0.396224,-0.514662
0.396833,-0.51361
0.397442,-0.512558
0.398051,-0.511506
0.39866,-0.510455
0.399268,-0.509403
0.399877,-0.508351
0.400486,-0.507299
0.401095,-0.506248
0.401704,-0.505196
0.402313,-0.504144
0.402922,-0.503092
0.403531,-0.502041
0.404139,-0.500989
0.404748,-0.499937
0.405357,-0.498885
0.405966,-0.497833
0.406575,-0.496782
0.407184,-0.49573
0.407793,-0.494678
0.408402,-0.493626
0.40901,-0.492575
0.409619,-0.491523
0.410228,-0.490471
0.410837,-0.489419
0.411446,-0.488368
0.412055,-0.487316
0.412664,-0.486264
0.413273,-0.485212
0.413881,-0.48416
0.41449,-0.483109
0.415099,-0.482057
0.415708,-0.481005
0.416317,-0.479953
0.416926,-0.478902
0.417535,-0.47785
0.418144,-0.476798
0.418752,-0.475746
0.419361,-0.474695
0.41997,-0.473643
0.420579,-0.472591
0.421188,-0.471539
0.421797,-0.470488
0.422406,-0.469436
0.423015,-0.468384
0.423623,-0.467332
0.424232,-0.46628
0.424841,-0.465229
0.42545,-0.464177
0.426059,-0.463125
0.426668,-0.462073
0.427277,-0.461022
0.428584,-0.461007
0.42989,-0.460992
0.431197,-0.460978
0.432504,-0.460963
0.433811,-0.460949
0.435118,-0.460934
0.436425,-0.460919
0.437731,-0.460905
0.439038,-0.46089
0.440345,-0.460876
0.441652,-0.460861
0.442959,-0.460846
0.444266,-0.460832
0.445573,-0.460817
0.446879,-0.460803
0.448186,-0.460788
0.449493,-0.460774
0.4508,-0.460759
0.452107,-0.460744
0.453414,-0.46073
0.454721,-0.460715
0.456027,-0.460701
0.457334,-0.460686
0.458641,-0.460671
0.459948,-0.460657
0.461255,-0.460642
0.462562,-0.460628
0.463869,-0.460613
0.465175,-0.460598
0.466482,-0.460584
0.467789,-0.460569
0.469096,-0.460555
0.470403,-0.46054
0.47171,-0.460525
0.473017,-0.460511
0.474323,-0.460496
0.47563,-0.460482
0.476937,-0.460467
0.478244,-0.460452
0.479551,-0.460438
0.480858,-0.460423
0.482165,-0.460409
0.483471,-0.460394
0.484778,-0.460379
0.486085,-0.460365
0.487392,-0.46035
0.488699,-0.460336
0.490006,-0.460321
0.491312,-0.460306
0.492619,-0.460292
0.493926,-0.460277
0.495233,-0.460263
0.49654,-0.460248
0.497847,-0.460233
0.499154,-0.460219
0.50046,-0.460204
0.501767,-0.46019
0.503074,-0.460175
0.504381,-0.46016
0.505688,-0.460146
0.506995,-0.460131
0.508302,-0.460117
0.509608,-0.460102
0.510915,-0.460088
0.512222,-0.460073
0.513529,-0.460058
0.514836,-0.460044
0.516143,-0.460029
0.51745,-0.460015
0.518756,-0.46
0.520063,-0.459985
0.52137,-0.459971
0.522677,-0.459956
0.523984,-0.459942
0.525291,-0.459927
0.526598,-0.459912
0.527904,-0.459898
0.529211,-0.459883
0.530518,-0.459869
0.531825,-0.459854
0.533132,-0.459839
0.534439,-0.459825
0.535745,-0.45981
0.537052,-0.459796
0.538359,-0.459781
0.539666,-0.459766
0.540973,-0.459752
0.54228,-0.459737
0.543587,-0.459723
0.544893,-0.459708
0.5462,-0.459693
0.547507,-0.459679
0.548814,-0.459664
0.550121,-0.45965
0.551428,-0.459635
0.552735,-0.45962
0.554041,-0.459606
0.555348,-0.459591
0.556655,-0.459577
0.557962,-0.459562
0.559269,-0.459547
0.560576,-0.459533
0.561883,-0.459518
0.563189,-0.459504
0.564496,-0.459489
0.565803,-0.459474
0.56711,-0.45946
0.568417,-0.459445
0.569724,-0.459431
0.571031,-0.459416
0.572337,-0.459402
0.573644,-0.459387
0.574951,-0.459372
0.576258,-0.459358
0.577565,-0.459343
0.578872,-0.459329
0.580178,-0.459314
0.581485,-0.459299
0.582792,-0.459285
0.584099,-0.45927
0.585406,-0.459256
0.586713,-0.459241
0.58802,-0.459226
0.589326,-0.459212
0.590633,-0.459197
0.59194,-0.459183
0.593247,-0.459168
0.594554,-0.459153
0.595861,-0.459139
0.597168,-0.459124
0.598474,-0.45911
0.599781,-0.459095
0.601088,-0.45908
0.602395,-0.459066
0.603702,-0.459051
0.605009,-0.459037
0.606316,-0.459022
0.607622,-0.459007
0.608929,-0.458993
0.610236,-0.458978
0.611543,-0.458964
0.61285,-0.458949
0.614157,-0.458934
0.615464,-0.45892
0.61677,-0.458905
0.618077,-0.458891
0.619384,-0.458876
0.620691,-0.458861
0.621998,-0.458847
