O
20
1,0,-1,0.78,-0.5,0.75,0.0,0.0,0.0,0.3,0.4,0.02,0,0.8,False
2,0,-1,1.1,-0.5,0.93,0.0,0.0,0.0,0.02,0.4,0.2,0,0.8,False
3,0,-1,0.78,-0.5,1.11,0.0,0.0,0.0,0.3,0.4,0.02,0,0.8,False
4,0,-1,0.8,-0.92,0.93,0.0,0.0,0.0,0.32,0.02,0.2,0,0.8,False
5,0,-1,0.8,-0.08,0.93,0.0,0.0,0.0,0.32,0.02,0.2,0,0.8,False
6,0,0,0.7169288685076158,-0.3547992473088391,0.86,0.0,0.0,5.002912883819197,0.042455021058774293,0.07727342766286181,0.09,0.11417910658018454,0.9044415543386465,False
7,2,0,0.6611587312797077,-0.6784511659660316,0.8450000000000001,0.0,0.0,0.8669577675471652,0.03808204282886977,0.03808204282886977,0.15,0.15509352229574974,1.0483218748993264,False
8,2,0,0.8851017768160113,-0.6390471663797507,0.8450000000000001,0.0,0.0,4.353147972969575,0.055435270753248285,0.055435270753248285,0.15,0.08779872518531756,0.9030451795083557,False
9,0,0,0.9909607362201511,-0.2694030998885424,0.86,0.0,0.0,0.10238506199326212,0.05208182786959255,0.04111689105951327,0.09,0.20108579858525888,1.022321056358432,False
10,2,0,0.9291536474901744,-0.8353322301902152,0.8450000000000001,0.0,0.0,4.623116361814655,0.031398697973758924,0.031398697973758924,0.15,0.06939106310702292,0.8216672530153583,False
11,2,1,0.515701919200298,-0.6998750251450301,0.8450000000000001,0.0,0.0,3.824969732320386,0.03,0.03,0.15,0.14444112317822083,0.8348170891495701,True
12,2,1,0.9511379158931347,-0.416063846380267,0.8496327202539656,0.0,0.0,2.809403981217361,0.06273916745674085,0.06273916745674085,0.1592654405079312,0.19364369955691801,1.085185013164887,True
13,2,1,0.8364077685208768,-0.8372804931169455,0.8684197542524208,0.0,0.0,0.3733179150509269,0.03,0.03,0.19683950850484155,0.1617969155470113,0.8886767627190262,True
14,2,1,0.5114372951112132,-0.3659377332419287,0.8450000000000001,0.0,0.0,0.1587368578972015,0.03,0.03,0.15,0.1210771764311443,1.018071149774262,True
15,2,1,0.5558063894600951,-0.20835938241196172,0.8450000000000001,0.0,0.0,5.567067144439425,0.046668814815871366,0.046668814815871366,0.15,0.4967107639247194,0.8046346164017777,True
16,2,1,0.7911982763192585,-0.22897855549301194,0.8668238495461422,0.0,0.0,3.859896342165685,0.03,0.03,0.19364769909228452,0.34123251104032487,1.025074536654143,True
17,2,1,0.8862378696077895,-0.17207277404826093,0.8450000000000001,0.0,0.0,0.16408894749626818,0.03,0.03,0.15,0.2938808202572347,1.025787009264662,True
18,2,1,1.002609609550622,-0.1435023265774129,0.8450000000000001,0.0,0.0,4.714382774967617,0.03,0.03,0.15,0.2830278545871537,1.1220030052455428,True
19,2,1,0.6762691132631695,-0.24288424871490666,0.858671356106505,0.0,0.0,4.478300921145436,0.03,0.03,0.17734271221300996,0.002458116964736301,0.9890724831845621,True
20,2,1,1.0152933370871908,-0.7097590710376399,0.8450000000000001,0.0,0.0,0.4102968114044515,0.03,0.03,0.15,0.16080281699924465,0.9755546995829807,True
R
0.0,0.0,0.0,0.0,0.0,0.0,1.0
S
8
torso_lift_joint,0
r_shoulder_pan_joint,-1.69017
r_shoulder_lift_joint,-0.0788625
r_upper_arm_roll_joint,-1.69017
r_elbow_flex_joint,-1.2717
r_forearm_roll_joint,-0.151824
r_wrist_flex_joint,-1.25254
r_wrist_roll_joint,0.675062
G
0.599779,-0.389825,0.86,0.290524,-0,0
ooi
6
A
599
0.310248,-0.673113
0.310657,-0.673354
0.311066,-0.673594
0.311474,-0.673835
0.311883,-0.674076
0.312292,-0.674316
0.312701,-0.674557
0.313109,-0.674797
0.313518,-0.675038
0.313927,-0.675279
0.314335,-0.675519
0.314744,-0.67576
0.315153,-0.676
0.315562,-0.676241
0.31597,-0.676482
0.316379,-0.676722
0.316788,-0.676963
0.317196,-0.677204
0.317605,-0.677444
0.318014,-0.677685
0.318423,-0.677925
0.318831,-0.678166
0.31924,-0.678407
0.319649,-0.678647
0.320058,-0.678888
0.320466,-0.679128
0.320875,-0.679369
0.321284,-0.67961
0.321692,-0.67985
0.322101,-0.680091
0.32251,-0.680332
0.322919,-0.680572
0.323327,-0.680813
0.323736,-0.681053
0.324145,-0.681294
0.324553,-0.681535
0.324962,-0.681775
0.325371,-0.682016
0.32578,-0.682257
0.326188,-0.682497
0.326597,-0.682738
0.327006,-0.682978
0.327415,-0.683219
0.327823,-0.68346
0.328232,-0.6837
0.328641,-0.683941
0.329049,-0.684181
0.329458,-0.684422
0.329867,-0.684663
0.330276,-0.684903
0.330684,-0.685144
0.331093,-0.685385
0.331502,-0.685625
0.33191,-0.685866
0.332319,-0.686106
0.332728,-0.686347
0.333137,-0.686588
0.333545,-0.686828
0.333954,-0.687069
0.334363,-0.687309
0.334772,-0.68755
0.33518,-0.687791
0.335589,-0.688031
0.335998,-0.688272
0.336406,-0.688513
0.336815,-0.688753
0.337224,-0.688994
0.337633,-0.689234
0.338041,-0.689475
0.33845,-0.689716
0.338859,-0.689956
0.339267,-0.690197
0.339676,-0.690437
0.340085,-0.690678
0.340494,-0.690919
0.340902,-0.691159
0.341311,-0.6914
0.34172,-0.691641
0.342129,-0.691881
0.342537,-0.692122
0.342946,-0.692362
0.343355,-0.692603
0.343763,-0.692844
0.344172,-0.693084
0.344581,-0.693325
0.34499,-0.693565
0.345398,-0.693806
0.345807,-0.694047
0.346216,-0.694287
0.346624,-0.694528
0.347033,-0.694769
0.347442,-0.695009
0.347851,-0.69525
0.348259,-0.69549
0.348668,-0.695731
0.349077,-0.695972
0.349485,-0.696212
0.349894,-0.696453
0.350303,-0.696693
0.350712,-0.696934
0.35112,-0.697175
0.351529,-0.697415
0.351938,-0.697656
0.352347,-0.697897
0.352755,-0.698137
0.353164,-0.698378
0.353573,-0.698618
0.353981,-0.698859
0.35439,-0.6991
0.354799,-0.69934
0.355208,-0.699581
0.355616,-0.699822
0.356025,-0.700062
0.356434,-0.700303
0.356842,-0.700543
0.357251,-0.700784
0.35766,-0.701025
0.358069,-0.701265
0.358477,-0.701506
0.358886,-0.701746
0.359295,-0.701987
0.359704,-0.702228
0.360112,-0.702468
0.360521,-0.702709
0.36093,-0.70295
0.361338,-0.70319
0.361747,-0.703431
0.362156,-0.703671
0.362565,-0.703912
0.362973,-0.704153
0.363382,-0.704393
0.363791,-0.704634
0.364199,-0.704874
0.364608,-0.705115
0.365017,-0.705356
0.365426,-0.705596
0.365834,-0.705837
0.366243,-0.706078
0.366652,-0.706318
0.367061,-0.706559
0.367469,-0.706799
0.367878,-0.70704
0.368287,-0.707281
0.368695,-0.707521
0.369104,-0.707762
0.369513,-0.708002
0.369922,-0.708243
0.37033,-0.708484
0.370739,-0.708724
0.371148,-0.708965
0.371556,-0.709206
0.372415,-0.708002
0.373274,-0.706798
0.374133,-0.705594
0.374991,-0.70439
0.37585,-0.703186
0.376709,-0.701982
0.377567,-0.700778
0.378426,-0.699574
0.379285,-0.69837
0.380143,-0.697166
0.381002,-0.695962
0.381861,-0.694758
0.382719,-0.693554
0.383578,-0.69235
0.384437,-0.691146
0.385295,-0.689943
0.386154,-0.688739
0.387013,-0.687535
0.387871,-0.686331
0.38873,-0.685127
0.389589,-0.683923
0.390448,-0.682719
0.391306,-0.681515
0.392165,-0.680311
0.393024,-0.679107
0.393882,-0.677903
0.394741,-0.676699
0.3956,-0.675495
0.396458,-0.674291
0.397317,-0.673087
0.398176,-0.671883
0.399034,-0.670679
0.399893,-0.669476
0.400752,-0.668272
0.40161,-0.667068
0.402469,-0.665864
0.403328,-0.66466
0.404186,-0.663456
0.405045,-0.662252
0.405904,-0.661048
0.406763,-0.659844
0.407621,-0.65864
0.40848,-0.657436
0.409339,-0.656232
0.410197,-0.655028
0.411056,-0.653824
0.411915,-0.65262
0.412773,-0.651416
0.413632,-0.650213
0.414491,-0.649009
0.415349,-0.647805
0.416208,-0.646601
0.417067,-0.645397
0.417925,-0.644193
0.418784,-0.642989
0.419643,-0.641785
0.420501,-0.640581
0.42136,-0.639377
0.422219,-0.638173
0.423078,-0.636969
0.423936,-0.635765
0.424795,-0.634561
0.425654,-0.633357
0.426512,-0.632153
0.427371,-0.63095
0.42823,-0.629746
0.429088,-0.628542
0.429947,-0.627338
0.430806,-0.626134
0.431664,-0.62493
0.432523,-0.623726
0.433382,-0.622522
0.43424,-0.621318
0.435099,-0.620114
0.435958,-0.61891
0.436816,-0.617706
0.437675,-0.616502
0.438534,-0.615298
0.439393,-0.614094
0.440251,-0.61289
0.44111,-0.611686
0.441969,-0.610483
0.442827,-0.609279
0.443686,-0.608075
0.444545,-0.606871
0.445403,-0.605667
0.446262,-0.604463
0.447121,-0.603259
0.447979,-0.602055
0.448838,-0.600851
0.449697,-0.599647
0.450555,-0.598443
0.451414,-0.597239
0.452273,-0.596035
0.453131,-0.594831
0.45399,-0.593627
0.454849,-0.592423
0.455708,-0.59122
0.456566,-0.590016
0.457425,-0.588812
0.458284,-0.587608
0.459142,-0.586404
0.460001,-0.5852
0.46086,-0.583996
0.461718,-0.582792
0.462577,-0.581588
0.463436,-0.580384
0.464294,-0.57918
0.465153,-0.577976
0.466012,-0.576772
0.46687,-0.575568
0.467729,-0.574364
0.468588,-0.57316
0.469446,-0.571957
0.470305,-0.570753
0.471164,-0.569549
0.472023,-0.568345
0.472881,-0.567141
0.47374,-0.565937
0.474599,-0.564733
0.475457,-0.563529
0.476316,-0.562325
0.477175,-0.561121
0.478033,-0.559917
0.478892,-0.558713
0.479751,-0.557509
0.480609,-0.556305
0.481468,-0.555101
0.482327,-0.553897
0.483185,-0.552693
0.484044,-0.55149
0.484903,-0.550286
0.485761,-0.549082
0.48662,-0.547878
0.487479,-0.546674
0.488338,-0.54547
0.489196,-0.544266
0.490055,-0.543062
0.490914,-0.541858
0.491772,-0.540654
0.492631,-0.53945
0.49349,-0.538246
0.494348,-0.537042
0.495207,-0.535838
0.496066,-0.534634
0.496924,-0.53343
0.497783,-0.532227
0.498642,-0.531023
0.4995,-0.529819
0.500595,-0.52968
0.50169,-0.529542
0.502785,-0.529404
0.503879,-0.529266
0.504974,-0.529127
0.506069,-0.528989
0.507164,-0.528851
0.508258,-0.528713
0.509353,-0.528575
0.510448,-0.528436
0.511542,-0.528298
0.512637,-0.52816
0.513732,-0.528022
0.514827,-0.527883
0.515921,-0.527745
0.517016,-0.527607
0.518111,-0.527469
0.519206,-0.52733
0.5203,-0.527192
0.521395,-0.527054
0.52249,-0.526916
0.523584,-0.526777
0.524679,-0.526639
0.525774,-0.526501
0.526869,-0.526363
0.527963,-0.526225
0.529058,-0.526086
0.530153,-0.525948
0.531248,-0.52581
0.532342,-0.525672
0.533437,-0.525533
0.534532,-0.525395
0.535626,-0.525257
0.536721,-0.525119
0.537816,-0.52498
0.538911,-0.524842
0.540005,-0.524704
0.5411,-0.524566
0.542195,-0.524428
0.54329,-0.524289
0.544384,-0.524151
0.545479,-0.524013
0.546574,-0.523875
0.547668,-0.523736
0.548763,-0.523598
0.549858,-0.52346
0.550953,-0.523322
0.552047,-0.523183
0.553142,-0.523045
0.554237,-0.522907
0.555332,-0.522769
0.556426,-0.52263
0.557521,-0.522492
0.558616,-0.522354
0.55971,-0.522216
0.560805,-0.522078
0.5619,-0.521939
0.562995,-0.521801
0.564089,-0.521663
0.565184,-0.521525
0.566279,-0.521386
0.567374,-0.521248
0.568468,-0.52111
0.569563,-0.520972
0.570658,-0.520833
0.571752,-0.520695
0.572847,-0.520557
0.573942,-0.520419
0.575037,-0.52028
0.576131,-0.520142
0.577226,-0.520004
0.578321,-0.519866
0.579415,-0.519728
0.58051,-0.519589
0.581605,-0.519451
0.5827,-0.519313
0.583794,-0.519175
0.584889,-0.519036
0.585984,-0.518898
0.587079,-0.51876
0.588173,-0.518622
0.589268,-0.518483
0.590363,-0.518345
0.591457,-0.518207
0.592552,-0.518069
0.593647,-0.517931
0.594742,-0.517792
0.595836,-0.517654
0.596931,-0.517516
0.598026,-0.517378
0.599121,-0.517239
0.600215,-0.517101
0.60131,-0.516963
0.602405,-0.516825
0.603499,-0.516686
0.604594,-0.516548
0.605689,-0.51641
0.606784,-0.516272
0.607878,-0.516133
0.608973,-0.515995
0.610068,-0.515857
0.611163,-0.515719
0.612257,-0.515581
0.613352,-0.515442
0.614447,-0.515304
0.615541,-0.515166
0.616636,-0.515028
0.617731,-0.514889
0.618826,-0.514751
0.61992,-0.514613
0.621015,-0.514475
0.62211,-0.514336
0.623205,-0.514198
0.624299,-0.51406
0.625394,-0.513922
0.626489,-0.513783
0.627583,-0.513645
0.628678,-0.513507
0.629773,-0.513369
0.630868,-0.513231
0.631962,-0.513092
0.633057,-0.512954
0.634152,-0.512816
0.635247,-0.512678
0.636341,-0.512539
0.637436,-0.512401
0.638531,-0.512263
0.639625,-0.512125
0.64072,-0.511986
0.641815,-0.511848
0.64291,-0.51171
0.644004,-0.511572
0.645099,-0.511434
0.646194,-0.511295
0.647289,-0.511157
0.648383,-0.511019
0.649478,-0.510881
0.650573,-0.510742
0.651667,-0.510604
0.652762,-0.510466
0.653857,-0.510328
0.654952,-0.510189
0.656046,-0.510051
0.657141,-0.509913
0.658236,-0.509775
0.659331,-0.509636
0.660425,-0.509498
0.66152,-0.50936
0.662615,-0.509222
0.663709,-0.509084
0.66328,-0.508283
0.662851,-0.507483
0.662422,-0.506682
0.661993,-0.505882
0.661564,-0.505082
0.661135,-0.504281
0.660706,-0.503481
0.660277,-0.50268
0.659848,-0.50188
0.659419,-0.50108
0.65899,-0.500279
0.658561,-0.499479
0.658132,-0.498678
0.657703,-0.497878
0.657274,-0.497078
0.656844,-0.496277
0.656415,-0.495477
0.655986,-0.494676
0.655557,-0.493876
0.655128,-0.493076
0.654699,-0.492275
0.65427,-0.491475
0.653841,-0.490674
0.653412,-0.489874
0.652983,-0.489074
0.652554,-0.488273
0.652125,-0.487473
0.651696,-0.486673
0.651267,-0.485872
0.650838,-0.485072
0.650409,-0.484271
0.64998,-0.483471
0.64955,-0.482671
0.649121,-0.48187
0.648692,-0.48107
0.648263,-0.480269
0.647834,-0.479469
0.647405,-0.478669
0.646976,-0.477868
0.646547,-0.477068
0.646118,-0.476267
0.645689,-0.475467
0.64526,-0.474667
0.644831,-0.473866
0.644402,-0.473066
0.643973,-0.472265
0.643544,-0.471465
0.643115,-0.470665
0.642685,-0.469864
0.642256,-0.469064
0.641827,-0.468263
0.641398,-0.467463
0.640969,-0.466663
0.64054,-0.465862
0.640111,-0.465062
0.639682,-0.464262
0.639253,-0.463461
0.638824,-0.462661
0.638395,-0.46186
0.637966,-0.46106
0.637537,-0.46026
0.637108,-0.459459
0.636679,-0.458659
0.63625,-0.457858
0.635821,-0.457058
0.635391,-0.456258
0.634962,-0.455457
0.634533,-0.454657
0.634104,-0.453856
0.633675,-0.453056
0.633246,-0.452256
0.632817,-0.451455
0.632388,-0.450655
0.631959,-0.449854
0.63153,-0.449054
0.631101,-0.448254
0.630672,-0.447453
0.630243,-0.446653
0.629814,-0.445852
0.629385,-0.445052
0.628956,-0.444252
0.628526,-0.443451
0.628097,-0.442651
0.627668,-0.441851
0.627239,-0.44105
0.62681,-0.44025
0.626381,-0.439449
0.625952,-0.438649
0.625523,-0.437849
0.625094,-0.437048
0.624665,-0.436248
0.624236,-0.435447
0.623807,-0.434647
0.623378,-0.433847
0.622949,-0.433046
0.62252,-0.432246
0.622091,-0.431445
0.621662,-0.430645
0.621232,-0.429845
0.620803,-0.429044
0.620374,-0.428244
0.619945,-0.427443
0.619516,-0.426643
0.619087,-0.425843
0.618658,-0.425042
0.618229,-0.424242
0.6178,-0.423441
0.617371,-0.422641
0.616942,-0.421841
0.616513,-0.42104
0.616084,-0.42024
0.615655,-0.41944
0.615226,-0.418639
0.614797,-0.417839
0.614367,-0.417038
0.613938,-0.416238
0.613509,-0.415438
0.61308,-0.414637
0.612651,-0.413837
0.612222,-0.413036
0.611793,-0.412236
0.611364,-0.411436
0.610935,-0.410635
0.610506,-0.409835
0.610077,-0.409034
0.609648,-0.408234
0.609219,-0.407434
0.60879,-0.406633
0.608361,-0.405833
0.607932,-0.405032
0.607503,-0.404232
0.607073,-0.403432
0.606644,-0.402631
0.606215,-0.401831
0.605786,-0.40103
0.605357,-0.40023
0.604928,-0.39943
0.604499,-0.398629
0.60407,-0.397829
0.603641,-0.397029
0.603212,-0.396228
0.602783,-0.395428
0.602354,-0.394627
0.601925,-0.393827
0.601496,-0.393027
0.601067,-0.392226
0.600638,-0.391426
0.600208,-0.390625
0.599779,-0.389825
