O
20
1,0,-1,0.78,-0.5,0.75,0.0,0.0,0.0,0.3,0.4,0.02,0,0.8,False
2,0,-1,1.1,-0.5,0.93,0.0,0.0,0.0,0.02,0.4,0.2,0,0.8,False
3,0,-1,0.78,-0.5,1.11,0.0,0.0,0.0,0.3,0.4,0.02,0,0.8,False
4,0,-1,0.8,-0.92,0.93,0.0,0.0,0.0,0.32,0.02,0.2,0,0.8,False
5,0,-1,0.8,-0.08,0.93,0.0,0.0,0.0,0.32,0.02,0.2,0,0.8,False
6,0,0,0.7902284257360688,-0.44160922466507285,0.9017200554238006,0.0,0.0,3.65411711484872,0.03,0.03,0.13172005542380058,0.34711683997869935,1.1435798664574137,False
7,2,0,0.8545693737883066,-0.7683149795665207,0.8693262614365365,0.0,0.0,4.6276478289375795,0.03,0.03,0.198652522873073,0.20809089233966932,1.0412261122874673,False
8,0,0,0.83273393678626,-0.23919958091008886,0.86,0.0,0.0,2.660735231205584,0.0358892090397407,0.03,0.09,0.04760009239708651,0.830447156279648,False
9,0,0,0.5798423672434508,-0.35130580347774354,0.8684085258979244,0.0,0.0,3.2480681630953665,0.06908080531320632,0.03563264943400123,0.09840852589792443,0.004951551373309826,0.965893353593005,False
10,2,0,0.9987967245457792,-0.2938672890356101,0.8450000000000001,0.0,0.0,0.6731982315248018,0.03,0.03,0.15,0.21184629429461632,0.9791183155416386,False
11,2,1,0.6948271966307472,-0.7048415610875163,0.8450000000000001,0.0,0.0,3.3300111993591184,0.06504697808100415,0.06504697808100415,0.15,0.11231019041975393,1.096402406347374,True
12,0,1,0.9693043894851017,-0.1866630529764467,0.86,0.0,0.0,3.191963244158271,0.03241319308365058,0.033713962898708004,0.09,0.3440779137137036,1.1873787271070524,True
13,2,1,1.011196305420354,-0.5439514827246972,0.8450000000000001,0.0,0.0,4.4067493299424285,0.03,0.03,0.15,0.004309004954148654,0.9982694748884762,True
14,2,1,1.033003074316611,-0.8379580102669655,0.8450000000000001,0.0,0.0,1.590424804355661,0.03215191258515432,0.03215191258515432,0.15,0.06555602332976951,0.9162392426826256,True
15,0,1,0.5437025541500927,-0.6336017137115026,0.9061505585077254,0.0,0.0,3.1685255195019577,0.05371173834263434,0.050211421655163874,0.13615055850772534,0.2115602278967364,1.1476369314988215,True
16,0,1,0.550392729328537,-0.5220236566185557,0.916976292452183,0.0,0.0,4.658004870304981,0.03726568999171286,0.056527733865067466,0.14697629245218305,0.2708204518949643,0.9043687941176091,True
17,0,1,0.870041332860379,-0.6570150834202948,0.9156369643471289,0.0,0.0,3.0165735116030064,0.05890663332596047,0.0527408391304316,0.1456369643471289,0.4084945167703856,1.0384488874550626,True
18,0,1,0.7533172719275599,-0.557745579242488,0.8833925394896521,0.0,0.0,1.5544120872164946,0.0567374216524167,0.03131393920425137,0.11339253948965214,0.08840091024937718,0.8628201511405048,True
19,2,1,0.7274105439975691,-0.8459837576751048,0.8450000000000001,0.0,0.0,5.2904387377136315,0.03,0.03,0.15,0.07385599563955536,1.1489160693580103,True
20,2,1,0.7353544816071045,-0.20699301178231844,0.8450000000000001,0.0,0.0,0.22980505499069895,0.03,0.03,0.15,0.19512736942706554,1.0996095942863375,True
R
0.0,0.0,0.0,0.0,0.0,0.0,1.0
S
8
torso_lift_joint,0
r_shoulder_pan_joint,-1.69017
r_shoulder_lift_joint,-0.0788625
r_upper_arm_roll_joint,-1.69017
r_elbow_flex_joint,-1.2717
r_forearm_roll_joint,-0.151824
r_wrist_flex_joint,-1.25254
r_wrist_roll_joint,0.675062
G
0.724865,-0.478388,0.90172,0.512524,-0,0
ooi
6
A
599
0.310248,-0.673113
0.311677,-0.673211
0.313106,-0.673309
0.314535,-0.673408
0.315964,-0.673506
0.317393,-0.673604
0.318822,-0.673702
0.320251,-0.6738
0.32168,-0.673899
0.323109,-0.673997
0.324538,-0.674095
0.325967,-0.674193
0.327396,-0.674291
0.328826,-0.674389
0.330255,-0.674488
0.331684,-0.674586
0.333113,-0.674684
0.334542,-0.674782
0.335971,-0.67488
0.3374,-0.674979
0.338829,-0.675077
0.340258,-0.675175
0.341687,-0.675273
0.343116,-0.675371
0.344545,-0.67547
0.345974,-0.675568
0.347403,-0.675666
0.348832,-0.675764
0.350261,-0.675862
0.35169,-0.67596
0.353119,-0.676059
0.354548,-0.676157
0.355977,-0.676255
0.357406,-0.676353
0.358835,-0.676451
0.360264,-0.67655
0.361693,-0.676648
0.363122,-0.676746
0.364551,-0.676844
0.36598,-0.676942
0.367409,-0.677041
0.368838,-0.677139
0.370267,-0.677237
0.371696,-0.677335
0.373125,-0.677433
0.374554,-0.677531
0.375983,-0.67763
0.377412,-0.677728
0.378841,-0.677826
0.38027,-0.677924
0.381699,-0.678022
0.383128,-0.678121
0.384558,-0.678219
0.385987,-0.678317
0.387416,-0.678415
0.388845,-0.678513
0.390274,-0.678612
0.391703,-0.67871
0.393132,-0.678808
0.394561,-0.678906
0.39599,-0.679004
0.397419,-0.679102
0.398848,-0.679201
0.400277,-0.679299
0.401706,-0.679397
0.403135,-0.679495
0.404564,-0.679593
0.405993,-0.679692
0.407422,-0.67979
0.408851,-0.679888
0.41028,-0.679986
0.411709,-0.680084
0.413138,-0.680182
0.414567,-0.680281
0.415996,-0.680379
0.417425,-0.680477
0.418854,-0.680575
0.420283,-0.680673
0.421712,-0.680772
0.423141,-0.68087
0.42457,-0.680968
0.425999,-0.681066
0.427428,-0.681164
0.428857,-0.681263
0.430286,-0.681361
0.431715,-0.681459
0.433144,-0.681557
0.434573,-0.681655
0.436002,-0.681753
0.437431,-0.681852
0.43886,-0.68195
0.44029,-0.682048
0.441719,-0.682146
0.443148,-0.682244
0.444577,-0.682343
0.446006,-0.682441
0.447435,-0.682539
0.448864,-0.682637
0.450293,-0.682735
0.451722,-0.682834
0.453151,-0.682932
0.45458,-0.68303
0.456009,-0.683128
0.457438,-0.683226
0.458867,-0.683324
0.460296,-0.683423
0.461725,-0.683521
0.463154,-0.683619
0.464583,-0.683717
0.466012,-0.683815
0.467441,-0.683914
0.46887,-0.684012
0.470299,-0.68411
0.471728,-0.684208
0.473157,-0.684306
0.474586,-0.684404
0.476015,-0.684503
0.477444,-0.684601
0.478873,-0.684699
0.480302,-0.684797
0.481731,-0.684895
0.48316,-0.684994
0.484589,-0.685092
0.486018,-0.68519
0.487447,-0.685288
0.488876,-0.685386
0.490305,-0.685485
0.491734,-0.685583
0.493163,-0.685681
0.494592,-0.685779
0.496022,-0.685877
0.497451,-0.685975
0.49888,-0.686074
0.500309,-0.686172
0.501738,-0.68627
0.503167,-0.686368
0.504596,-0.686466
0.506025,-0.686565
0.507454,-0.686663
0.508883,-0.686761
0.510312,-0.686859
0.511741,-0.686957
0.51317,-0.687056
0.514599,-0.687154
0.516028,-0.687252
0.517457,-0.68735
0.518886,-0.687448
0.520315,-0.687546
0.521744,-0.687645
0.523173,-0.687743
0.524602,-0.687841
0.525246,-0.687952
0.525889,-0.688064
0.526533,-0.688175
0.527177,-0.688287
0.527821,-0.688398
0.528464,-0.68851
0.529108,-0.688621
0.529752,-0.688733
0.530395,-0.688844
0.531039,-0.688956
0.531683,-0.689067
0.532326,-0.689178
0.53297,-0.68929
0.533614,-0.689401
0.534258,-0.689513
0.534901,-0.689624
0.535545,-0.689736
0.536189,-0.689847
0.536832,-0.689959
0.537476,-0.69007
0.53812,-0.690182
0.538763,-0.690293
0.539407,-0.690405
0.540051,-0.690516
0.540695,-0.690627
0.541338,-0.690739
0.541982,-0.69085
0.542626,-0.690962
0.543269,-0.691073
0.543913,-0.691185
0.544557,-0.691296
0.545201,-0.691408
0.545844,-0.691519
0.546488,-0.691631
0.547132,-0.691742
0.547775,-0.691853
0.548419,-0.691965
0.549063,-0.692076
0.549706,-0.692188
0.55035,-0.692299
0.550994,-0.692411
0.551638,-0.692522
0.552281,-0.692634
0.552925,-0.692745
0.553569,-0.692857
0.554212,-0.692968
0.554856,-0.69308
0.5555,-0.693191
0.556143,-0.693302
0.556787,-0.693414
0.557431,-0.693525
0.558075,-0.693637
0.558718,-0.693748
0.559362,-0.69386
0.560006,-0.693971
0.560649,-0.694083
0.561293,-0.694194
0.561937,-0.694306
0.562581,-0.694417
0.563224,-0.694528
0.563868,-0.69464
0.564512,-0.694751
0.565155,-0.694863
0.565799,-0.694974
0.566443,-0.695086
0.567086,-0.695197
0.56773,-0.695309
0.568374,-0.69542
0.569018,-0.695532
0.569661,-0.695643
0.570305,-0.695755
0.570949,-0.695866
0.571592,-0.695977
0.572236,-0.696089
0.57288,-0.6962
0.573523,-0.696312
0.574167,-0.696423
0.574811,-0.696535
0.575455,-0.696646
0.576098,-0.696758
0.576742,-0.696869
0.577386,-0.696981
0.578029,-0.697092
0.578673,-0.697203
0.579317,-0.697315
0.579961,-0.697426
0.580604,-0.697538
0.581248,-0.697649
0.581892,-0.697761
0.582535,-0.697872
0.583179,-0.697984
0.583823,-0.698095
0.584466,-0.698207
0.58511,-0.698318
0.585754,-0.69843
0.586398,-0.698541
0.587041,-0.698652
0.587685,-0.698764
0.588329,-0.698875
0.588972,-0.698987
0.589616,-0.699098
0.59026,-0.69921
0.590903,-0.699321
0.591547,-0.699433
0.592191,-0.699544
0.592835,-0.699656
0.593478,-0.699767
0.594122,-0.699878
0.594766,-0.69999
0.595409,-0.700101
0.596053,-0.700213
0.596697,-0.700324
0.597341,-0.700436
0.597984,-0.700547
0.598628,-0.700659
0.599272,-0.70077
0.599915,-0.700882
0.600559,-0.700993
0.601203,-0.701105
0.601846,-0.701216
0.60249,-0.701327
0.603134,-0.701439
0.603778,-0.70155
0.604421,-0.701662
0.605065,-0.701773
0.605709,-0.701885
0.606352,-0.701996
0.606996,-0.702108
0.60764,-0.702219
0.608283,-0.702331
0.608927,-0.702442
0.609571,-0.702553
0.610215,-0.702665
0.610858,-0.702776
0.611502,-0.702888
0.612146,-0.702999
0.612789,-0.703111
0.613433,-0.703222
0.614077,-0.703334
0.614721,-0.703445
0.615364,-0.703557
0.616008,-0.703668
0.616652,-0.70378
0.617295,-0.703891
0.617939,-0.704002
0.618583,-0.704114
0.619226,-0.704225
0.61987,-0.704337
0.620514,-0.704448
0.620433,-0.703415
0.620351,-0.702382
0.62027,-0.701349
0.620189,-0.700316
0.620107,-0.699282
0.620026,-0.698249
0.619945,-0.697216
0.619863,-0.696183
0.619782,-0.69515
0.619701,-0.694117
0.619619,-0.693084
0.619538,-0.69205
0.619457,-0.691017
0.619376,-0.689984
0.619294,-0.688951
0.619213,-0.687918
0.619132,-0.686885
0.61905,-0.685851
0.618969,-0.684818
0.618888,-0.683785
0.618806,-0.682752
0.618725,-0.681719
0.618644,-0.680686
0.618562,-0.679653
0.618481,-0.678619
0.6184,-0.677586
0.618318,-0.676553
0.618237,-0.67552
0.618156,-0.674487
0.618075,-0.673454
0.617993,-0.67242
0.617912,-0.671387
0.617831,-0.670354
0.617749,-0.669321
0.617668,-0.668288
0.617587,-0.667255
0.617505,-0.666222
0.617424,-0.665188
0.617343,-0.664155
0.617261,-0.663122
0.61718,-0.662089
0.617099,-0.661056
0.617017,-0.660023
0.616936,-0.658989
0.616855,-0.657956
0.616774,-0.656923
0.616692,-0.65589
0.616611,-0.654857
0.61653,-0.653824
0.616448,-0.65279
0.616367,-0.651757
0.616286,-0.650724
0.616204,-0.649691
0.616123,-0.648658
0.616042,-0.647625
0.61596,-0.646592
0.615879,-0.645558
0.615798,-0.644525
0.615716,-0.643492
0.615635,-0.642459
0.615554,-0.641426
0.615473,-0.640393
0.615391,-0.639359
0.61531,-0.638326
0.615229,-0.637293
0.615147,-0.63626
0.615066,-0.635227
0.614985,-0.634194
0.614903,-0.633161
0.614822,-0.632127
0.614741,-0.631094
0.614659,-0.630061
0.614578,-0.629028
0.614497,-0.627995
0.614416,-0.626962
0.614334,-0.625928
0.614253,-0.624895
0.614172,-0.623862
0.61409,-0.622829
0.614009,-0.621796
0.613928,-0.620763
0.613846,-0.61973
0.613765,-0.618696
0.613684,-0.617663
0.613602,-0.61663
0.613521,-0.615597
0.61344,-0.614564
0.613358,-0.613531
0.613277,-0.612497
0.613196,-0.611464
0.613115,-0.610431
0.613033,-0.609398
0.612952,-0.608365
0.612871,-0.607332
0.612789,-0.606298
0.612708,-0.605265
0.612627,-0.604232
0.612545,-0.603199
0.612464,-0.602166
0.612383,-0.601133
0.612301,-0.6001
0.61222,-0.599066
0.612139,-0.598033
0.612057,-0.597
0.611976,-0.595967
0.611895,-0.594934
0.611814,-0.593901
0.611732,-0.592867
0.611651,-0.591834
0.61157,-0.590801
0.611488,-0.589768
0.611407,-0.588735
0.611326,-0.587702
0.611244,-0.586669
0.611163,-0.585635
0.611082,-0.584602
0.611,-0.583569
0.610919,-0.582536
0.610838,-0.581503
0.610757,-0.58047
0.610675,-0.579436
0.610594,-0.578403
0.610513,-0.57737
0.610431,-0.576337
0.61035,-0.575304
0.610269,-0.574271
0.610187,-0.573238
0.610106,-0.572204
0.610025,-0.571171
0.609943,-0.570138
0.609862,-0.569105
0.609781,-0.568072
0.609699,-0.567039
0.609618,-0.566005
0.609537,-0.564972
0.609456,-0.563939
0.609374,-0.562906
0.609293,-0.561873
0.609212,-0.56084
0.60913,-0.559806
0.609049,-0.558773
0.608968,-0.55774
0.608886,-0.556707
0.608805,-0.555674
0.608724,-0.554641
0.608642,-0.553608
0.608561,-0.552574
0.60848,-0.551541
0.608398,-0.550508
0.608317,-0.549475
0.609099,-0.548998
0.609882,-0.548521
0.610664,-0.548044
0.611446,-0.547567
0.612228,-0.547089
0.61301,-0.546612
0.613793,-0.546135
0.614575,-0.545658
0.615357,-0.545181
0.616139,-0.544704
0.616921,-0.544227
0.617704,-0.54375
0.618486,-0.543273
0.619268,-0.542796
0.62005,-0.542318
0.620832,-0.541841
0.621615,-0.541364
0.622397,-0.540887
0.623179,-0.54041
0.623961,-0.539933
0.624743,-0.539456
0.625526,-0.538979
0.626308,-0.538502
0.62709,-0.538025
0.627872,-0.537548
0.628654,-0.53707
0.629437,-0.536593
0.630219,-0.536116
0.631001,-0.535639
0.631783,-0.535162
0.632565,-0.534685
0.633348,-0.534208
0.63413,-0.533731
0.634912,-0.533254
0.635694,-0.532777
0.636476,-0.532299
0.637259,-0.531822
0.638041,-0.531345
0.638823,-0.530868
0.639605,-0.530391
0.640387,-0.529914
0.64117,-0.529437
0.641952,-0.52896
0.642734,-0.528483
0.643516,-0.528006
0.644298,-0.527529
0.645081,-0.527051
0.645863,-0.526574
0.646645,-0.526097
0.647427,-0.52562
0.648209,-0.525143
0.648992,-0.524666
0.649774,-0.524189
0.650556,-0.523712
0.651338,-0.523235
0.65212,-0.522758
0.652903,-0.52228
0.653685,-0.521803
0.654467,-0.521326
0.655249,-0.520849
0.656031,-0.520372
0.656814,-0.519895
0.657596,-0.519418
0.658378,-0.518941
0.65916,-0.518464
0.659942,-0.517987
0.660725,-0.51751
0.661507,-0.517032
0.662289,-0.516555
0.663071,-0.516078
0.663853,-0.515601
0.664636,-0.515124
0.665418,-0.514647
0.6662,-0.51417
0.666982,-0.513693
0.667765,-0.513216
0.668547,-0.512739
0.669329,-0.512261
0.670111,-0.511784
0.670893,-0.511307
0.671676,-0.51083
0.672458,-0.510353
0.67324,-0.509876
0.674022,-0.509399
0.674804,-0.508922
0.675587,-0.508445
0.676369,-0.507968
0.677151,-0.50749
0.677933,-0.507013
0.678715,-0.506536
0.679498,-0.506059
0.68028,-0.505582
0.681062,-0.505105
0.681844,-0.504628
0.682626,-0.504151
0.683409,-0.503674
0.684191,-0.503197
0.684973,-0.50272
0.685755,-0.502242
0.686537,-0.501765
0.68732,-0.501288
0.688102,-0.500811
0.688884,-0.500334
0.689666,-0.499857
0.690448,-0.49938
0.691231,-0.498903
0.692013,-0.498426
0.692795,-0.497949
0.693577,-0.497471
0.694359,-0.496994
0.695142,-0.496517
0.695924,-0.49604
0.696706,-0.495563
0.697488,-0.495086
0.69827,-0.494609
0.699053,-0.494132
0.699835,-0.493655
0.700617,-0.493178
0.701399,-0.492701
0.702181,-0.492223
0.702964,-0.491746
0.703746,-0.491269
0.704528,-0.490792
0.70531,-0.490315
0.706092,-0.489838
0.706875,-0.489361
0.707657,-0.488884
0.708439,-0.488407
0.709221,-0.48793
0.710003,-0.487452
0.710786,-0.486975
0.711568,-0.486498
0.71235,-0.486021
0.713132,-0.485544
0.713914,-0.485067
0.714697,-0.48459
0.715479,-0.484113
0.716261,-0.483636
0.717043,-0.483159
0.717825,-0.482682
0.718608,-0.482204
0.71939,-0.481727
0.720172,-0.48125
0.720954,-0.480773
0.721736,-0.480296
0.722519,-0.479819
0.723301,-0.479342
0.724083,-0.478865
0.724865,-0.478388
