O
20
1,0,-1,0.78,-0.5,0.75,0.0,0.0,0.0,0.3,0.4,0.02,0,0.8,False
2,0,-1,1.1,-0.5,0.93,0.0,0.0,0.0,0.02,0.4,0.2,0,0.8,False
3,0,-1,0.78,-0.5,1.11,0.0,0.0,0.0,0.3,0.4,0.02,0,0.8,False
4,0,-1,0.8,-0.92,0.93,0.0,0.0,0.0,0.32,0.02,0.2,0,0.8,False
5,0,-1,0.8,-0.08,0.93,0.0,0.0,0.0,0.32,0.02,0.2,0,0.8,False
6,0,0,0.7334996413112651,-0.7115188334062772,0.923505300576156,0.0,0.0,1.6556634260579481,0.03943961300854509,0.03,0.15350530057615597,0.07146558435023498,1.0837452783107993,False
7,2,0,0.95330766551638,-0.38810509103824115,0.8450000000000001,0.0,0.0,3.222806007942597,0.03,0.03,0.15,0.07718225050803668,1.1293732773894856,False
8,0,0,0.6304625133399623,-0.4892928003015787,0.86,0.0,0.0,5.487911333135648,0.06082064738537083,0.06139153099478012,0.09,0.41015896998163676,1.0845559785565135,False
9,2,0,0.7778016983483622,-0.5323939252175891,0.8450000000000001,0.0,0.0,0.1574526259817444,0.03,0.03,0.15,0.4815182699395247,1.1383434518479922,False
10,2,0,0.7767606377952051,-0.2447316564511295,0.8485020479063878,0.0,0.0,0.854589087338751,0.07111067906076009,0.07111067906076009,0.15700409581277552,0.03212364955756175,0.940732515168872,False
11,2,1,0.9280723097646839,-0.6061432491811187,0.8450000000000001,0.0,0.0,5.173305870854711,0.039889803660308955,0.039889803660308955,0.15,0.2953833158757536,0.8955788147686452,True
12,2,1,0.604461568828298,-0.6551588439399598,0.8450000000000001,0.0,0.0,5.167689975100676,0.032456443839405075,0.032456443839405075,0.15,0.43263198295030414,1.016601959771683,True
13,2,1,0.9378449635019552,-0.48150425067968994,0.8450000000000001,0.0,0.0,2.295953630024582,0.03,0.03,0.15,0.17911962943633453,0.9363689096451542,True
14,2,1,0.5942666814687114,-0.26920811323326843,0.8450000000000001,0.0,0.0,1.1417027002864655,0.03,0.03,0.15,0.16926955887976025,1.0308134056828326,True
15,0,1,0.5487873247395452,-0.7910122483394504,0.86,0.0,0.0,2.402388778691573,0.04322643601377762,0.03147347963285018,0.09,0.00011179257008020471,1.0635690516141543,True
16,2,1,0.8854078536670498,-0.8014719486321116,0.845486289478725,0.0,0.0,4.137329580521642,0.03,0.03,0.1509725789574498,0.020321648340244636,0.8922639817082824,True
17,2,1,0.7719637394840552,-0.6283993663329233,0.8450000000000001,0.0,0.0,1.5291712001225297,0.03,0.03,0.15,0.35151023617236266,1.145751208369328,True
18,2,1,1.0127914870376613,-0.8158166182792669,0.8450000000000001,0.0,0.0,1.485696333271993,0.050537939481580606,0.050537939481580606,0.15,0.22371468785454135,1.0685386747297976,True
19,2,1,0.7280569684341658,-0.8031488601326072,0.8450000000000001,0.0,0.0,0.15059953073756382,0.03,0.03,0.15,0.04906267312937801,0.9270821595191979,True
20,0,1,0.5802358942597332,-0.1639858621319571,0.86,0.0,0.0,3.867497970774357,0.037102546208125746,0.03,0.09,0.20943487862936566,1.0861943955416882,True
R
0.0,0.0,0.0,0.0,0.0,0.0,1.0
S
8
torso_lift_joint,0
r_shoulder_pan_joint,-1.69017
r_shoulder_lift_joint,-0.0788625
r_upper_arm_roll_joint,-1.69017
r_elbow_flex_joint,-1.2717
r_forearm_roll_joint,-0.151824
r_wrist_flex_joint,-1.25254
r_wrist_roll_joint,0.675062
G
0.649364,-0.718676,0.923505,0.0848671,-0,0
ooi
6
A
599
0.310248,-0.673113
0.311085,-0.673615
0.311921,-0.674117
0.312757,-0.674619
0.313594,-0.675121
0.31443,-0.675623
0.315266,-0.676124
0.316103,-0.676626
0.316939,-0.677128
0.317776,-0.67763
0.318612,-0.678132
0.319448,-0.678634
0.320285,-0.679136
0.321121,-0.679638
0.321957,-0.68014
0.322794,-0.680642
0.32363,-0.681144
0.324466,-0.681645
0.325303,-0.682147
0.326139,-0.682649
0.326976,-0.683151
0.327812,-0.683653
0.328648,-0.684155
0.329485,-0.684657
0.330321,-0.685159
0.331157,-0.685661
0.331994,-0.686163
0.33283,-0.686664
0.333667,-0.687166
0.334503,-0.687668
0.335339,-0.68817
0.336176,-0.688672
0.337012,-0.689174
0.337848,-0.689676
0.338685,-0.690178
0.339521,-0.69068
0.340357,-0.691182
0.341194,-0.691684
0.34203,-0.692185
0.342867,-0.692687
0.343703,-0.693189
0.344539,-0.693691
0.345376,-0.694193
0.346212,-0.694695
0.347048,-0.695197
0.347885,-0.695699
0.348721,-0.696201
0.349558,-0.696703
0.350394,-0.697204
0.35123,-0.697706
0.352067,-0.698208
0.352903,-0.69871
0.353739,-0.699212
0.354576,-0.699714
0.355412,-0.700216
0.356249,-0.700718
0.357085,-0.70122
0.357921,-0.701722
0.358758,-0.702223
0.359594,-0.702725
0.36043,-0.703227
0.361267,-0.703729
0.362103,-0.704231
0.362939,-0.704733
0.363776,-0.705235
0.364612,-0.705737
0.365449,-0.706239
0.366285,-0.706741
0.367121,-0.707243
0.367958,-0.707744
0.368794,-0.708246
0.36963,-0.708748
0.370467,-0.70925
0.371303,-0.709752
0.37214,-0.710254
0.372976,-0.710756
0.373812,-0.711258
0.374649,-0.71176
0.375485,-0.712262
0.376321,-0.712763
0.377158,-0.713265
0.377994,-0.713767
0.37883,-0.714269
0.379667,-0.714771
0.380503,-0.715273
0.38134,-0.715775
0.382176,-0.716277
0.383012,-0.716779
0.383849,-0.717281
0.384685,-0.717782
0.385521,-0.718284
0.386358,-0.718786
0.387194,-0.719288
0.388031,-0.71979
0.388867,-0.720292
0.389703,-0.720794
0.39054,-0.721296
0.391376,-0.721798
0.392212,-0.7223
0.393049,-0.722802
0.393885,-0.723303
0.394722,-0.723805
0.395558,-0.724307
0.396394,-0.724809
0.397231,-0.725311
0.398067,-0.725813
0.398903,-0.726315
0.39974,-0.726817
0.400576,-0.727319
0.401412,-0.727821
0.402249,-0.728322
0.403085,-0.728824
0.403922,-0.729326
0.404758,-0.729828
0.405594,-0.73033
0.406431,-0.730832
0.407267,-0.731334
0.408103,-0.731836
0.40894,-0.732338
0.409776,-0.73284
0.410613,-0.733342
0.411449,-0.733843
0.412285,-0.734345
0.413122,-0.734847
0.413958,-0.735349
0.414794,-0.735851
0.415631,-0.736353
0.416467,-0.736855
0.417303,-0.737357
0.41814,-0.737859
0.418976,-0.738361
0.419813,-0.738862
0.420649,-0.739364
0.421485,-0.739866
0.422322,-0.740368
0.423158,-0.74087
0.423994,-0.741372
0.424831,-0.741874
0.425667,-0.742376
0.426504,-0.742878
0.42734,-0.74338
0.428176,-0.743881
0.429013,-0.744383
0.429849,-0.744885
0.430685,-0.745387
0.431522,-0.745889
0.432358,-0.746391
0.433195,-0.746893
0.434031,-0.747395
0.434867,-0.747897
0.435704,-0.748399
0.435279,-0.747743
0.434853,-0.747088
0.434428,-0.746433
0.434003,-0.745778
0.433578,-0.745123
0.433153,-0.744468
0.432728,-0.743812
0.432303,-0.743157
0.431878,-0.742502
0.431453,-0.741847
0.431027,-0.741192
0.430602,-0.740537
0.430177,-0.739881
0.429752,-0.739226
0.429327,-0.738571
0.428902,-0.737916
0.428477,-0.737261
0.428052,-0.736606
0.427627,-0.73595
0.427202,-0.735295
0.426776,-0.73464
0.426351,-0.733985
0.425926,-0.73333
0.425501,-0.732675
0.425076,-0.73202
0.424651,-0.731364
0.424226,-0.730709
0.423801,-0.730054
0.423376,-0.729399
0.422951,-0.728744
0.422525,-0.728089
0.4221,-0.727433
0.421675,-0.726778
0.42125,-0.726123
0.420825,-0.725468
0.4204,-0.724813
0.419975,-0.724158
0.41955,-0.723502
0.419125,-0.722847
0.418699,-0.722192
0.418274,-0.721537
0.417849,-0.720882
0.417424,-0.720227
0.416999,-0.719571
0.416574,-0.718916
0.416149,-0.718261
0.415724,-0.717606
0.415299,-0.716951
0.414874,-0.716296
0.414448,-0.71564
0.414023,-0.714985
0.413598,-0.71433
0.413173,-0.713675
0.412748,-0.71302
0.412323,-0.712365
0.411898,-0.711709
0.411473,-0.711054
0.411048,-0.710399
0.410623,-0.709744
0.410197,-0.709089
0.409772,-0.708434
0.409347,-0.707778
0.408922,-0.707123
0.408497,-0.706468
0.408072,-0.705813
0.407647,-0.705158
0.407222,-0.704503
0.406797,-0.703847
0.406371,-0.703192
0.405946,-0.702537
0.405521,-0.701882
0.405096,-0.701227
0.404671,-0.700572
0.404246,-0.699916
0.403821,-0.699261
0.403396,-0.698606
0.402971,-0.697951
0.402546,-0.697296
0.40212,-0.696641
0.401695,-0.695985
0.40127,-0.69533
0.400845,-0.694675
0.40042,-0.69402
0.399995,-0.693365
0.39957,-0.69271
0.399145,-0.692054
0.39872,-0.691399
0.398295,-0.690744
0.397869,-0.690089
0.397444,-0.689434
0.397019,-0.688779
0.396594,-0.688123
0.396169,-0.687468
0.395744,-0.686813
0.395319,-0.686158
0.394894,-0.685503
0.394469,-0.684848
0.394043,-0.684193
0.393618,-0.683537
0.393193,-0.682882
0.392768,-0.682227
0.392343,-0.681572
0.391918,-0.680917
0.391493,-0.680262
0.391068,-0.679606
0.390643,-0.678951
0.390218,-0.678296
0.389792,-0.677641
0.389367,-0.676986
0.388942,-0.676331
0.388517,-0.675675
0.388092,-0.67502
0.387667,-0.674365
0.387242,-0.67371
0.386817,-0.673055
0.386392,-0.6724
0.385967,-0.671744
0.385541,-0.671089
0.385116,-0.670434
0.384691,-0.669779
0.384266,-0.669124
0.383841,-0.668469
0.383416,-0.667813
0.382991,-0.667158
0.382566,-0.666503
0.382141,-0.665848
0.381715,-0.665193
0.38129,-0.664538
0.380865,-0.663882
0.38044,-0.663227
0.380015,-0.662572
0.37959,-0.661917
0.379165,-0.661262
0.37874,-0.660607
0.378315,-0.659951
0.37789,-0.659296
0.377464,-0.658641
0.377039,-0.657986
0.376614,-0.657331
0.376189,-0.656676
0.375764,-0.65602
0.375339,-0.655365
0.374914,-0.65471
0.374489,-0.654055
0.374064,-0.6534
0.373639,-0.652745
0.373213,-0.652089
0.372788,-0.651434
0.372363,-0.650779
0.373624,-0.651305
0.374884,-0.651831
0.376145,-0.652356
0.377406,-0.652882
0.378666,-0.653408
0.379927,-0.653934
0.381187,-0.654459
0.382448,-0.654985
0.383709,-0.655511
0.384969,-0.656036
0.38623,-0.656562
0.38749,-0.657088
0.388751,-0.657614
0.390012,-0.658139
0.391272,-0.658665
0.392533,-0.659191
0.393793,-0.659717
0.395054,-0.660242
0.396315,-0.660768
0.397575,-0.661294
0.398836,-0.661819
0.400097,-0.662345
0.401357,-0.662871
0.402618,-0.663397
0.403878,-0.663922
0.405139,-0.664448
0.4064,-0.664974
0.40766,-0.6655
0.408921,-0.666025
0.410181,-0.666551
0.411442,-0.667077
0.412703,-0.667603
0.413963,-0.668128
0.415224,-0.668654
0.416484,-0.66918
0.417745,-0.669705
0.419006,-0.670231
0.420266,-0.670757
0.421527,-0.671283
0.422787,-0.671808
0.424048,-0.672334
0.425309,-0.67286
0.426569,-0.673386
0.42783,-0.673911
0.42909,-0.674437
0.430351,-0.674963
0.431612,-0.675489
0.432872,-0.676014
0.434133,-0.67654
0.435393,-0.677066
0.436654,-0.677591
0.437915,-0.678117
0.439175,-0.678643
0.440436,-0.679169
0.441696,-0.679694
0.442957,-0.68022
0.444218,-0.680746
0.445478,-0.681272
0.446739,-0.681797
0.447999,-0.682323
0.44926,-0.682849
0.450521,-0.683375
0.451781,-0.6839
0.453042,-0.684426
0.454303,-0.684952
0.455563,-0.685477
0.456824,-0.686003
0.458084,-0.686529
0.459345,-0.687055
0.460606,-0.68758
0.461866,-0.688106
0.463127,-0.688632
0.464387,-0.689158
0.465648,-0.689683
0.466909,-0.690209
0.468169,-0.690735
0.46943,-0.69126
0.47069,-0.691786
0.471951,-0.692312
0.473212,-0.692838
0.474472,-0.693363
0.475733,-0.693889
0.476993,-0.694415
0.478254,-0.694941
0.479515,-0.695466
0.480775,-0.695992
0.482036,-0.696518
0.483296,-0.697044
0.484557,-0.697569
0.485818,-0.698095
0.487078,-0.698621
0.488339,-0.699146
0.489599,-0.699672
0.49086,-0.700198
0.492121,-0.700724
0.493381,-0.701249
0.494642,-0.701775
0.495902,-0.702301
0.497163,-0.702827
0.498424,-0.703352
0.499684,-0.703878
0.500945,-0.704404
0.502205,-0.70493
0.503466,-0.705455
0.504727,-0.705981
0.505987,-0.706507
0.507248,-0.707032
0.508508,-0.707558
0.509769,-0.708084
0.51103,-0.70861
0.51229,-0.709135
0.513551,-0.709661
0.514812,-0.710187
0.516072,-0.710713
0.517333,-0.711238
0.518593,-0.711764
0.519854,-0.71229
0.521115,-0.712816
0.522375,-0.713341
0.523636,-0.713867
0.524896,-0.714393
0.526157,-0.714918
0.527418,-0.715444
0.528678,-0.71597
0.529939,-0.716496
0.531199,-0.717021
0.53246,-0.717547
0.533721,-0.718073
0.534981,-0.718599
0.536242,-0.719124
0.537502,-0.71965
0.538763,-0.720176
0.540024,-0.720701
0.541284,-0.721227
0.542545,-0.721753
0.543805,-0.722279
0.545066,-0.722804
0.546327,-0.72333
0.547587,-0.723856
0.548848,-0.724382
0.550108,-0.724907
0.551369,-0.725433
0.55263,-0.725959
0.55389,-0.726485
0.555151,-0.72701
0.556411,-0.727536
0.557672,-0.728062
0.558933,-0.728587
0.560193,-0.729113
0.561454,-0.729639
0.562044,-0.729565
0.562634,-0.729492
0.563224,-0.729418
0.563814,-0.729345
0.564404,-0.729271
0.564994,-0.729197
0.565584,-0.729124
0.566174,-0.72905
0.566764,-0.728977
0.567354,-0.728903
0.567944,-0.72883
0.568534,-0.728756
0.569124,-0.728682
0.569714,-0.728609
0.570304,-0.728535
0.570894,-0.728462
0.571484,-0.728388
0.572074,-0.728315
0.572664,-0.728241
0.573254,-0.728167
0.573844,-0.728094
0.574434,-0.72802
0.575024,-0.727947
0.575614,-0.727873
0.576204,-0.7278
0.576794,-0.727726
0.577384,-0.727652
0.577974,-0.727579
0.578564,-0.727505
0.579154,-0.727432
0.579744,-0.727358
0.580334,-0.727285
0.580924,-0.727211
0.581514,-0.727137
0.582104,-0.727064
0.582694,-0.72699
0.583284,-0.726917
0.583874,-0.726843
0.584464,-0.72677
0.585054,-0.726696
0.585644,-0.726622
0.586234,-0.726549
0.586824,-0.726475
0.587414,-0.726402
0.588004,-0.726328
0.588594,-0.726255
0.589184,-0.726181
0.589774,-0.726107
0.590364,-0.726034
0.590954,-0.72596
0.591544,-0.725887
0.592134,-0.725813
0.592724,-0.725739
0.593314,-0.725666
0.593904,-0.725592
0.594494,-0.725519
0.595084,-0.725445
0.595674,-0.725372
0.596264,-0.725298
0.596854,-0.725224
0.597444,-0.725151
0.598034,-0.725077
0.598624,-0.725004
0.599214,-0.72493
0.599804,-0.724857
0.600394,-0.724783
0.600984,-0.724709
0.601574,-0.724636
0.602164,-0.724562
0.602754,-0.724489
0.603344,-0.724415
0.603934,-0.724342
0.604524,-0.724268
0.605114,-0.724194
0.605704,-0.724121
0.606294,-0.724047
0.606884,-0.723974
0.607474,-0.7239
0.608064,-0.723827
0.608654,-0.723753
0.609244,-0.723679
0.609834,-0.723606
0.610424,-0.723532
0.611014,-0.723459
0.611604,-0.723385
0.612194,-0.723312
0.612784,-0.723238
0.613374,-0.723164
0.613964,-0.723091
0.614554,-0.723017
0.615144,-0.722944
0.615734,-0.72287
0.616324,-0.722797
0.616914,-0.722723
0.617504,-0.722649
0.618094,-0.722576
0.618684,-0.722502
0.619274,-0.722429
0.619864,-0.722355
0.620454,-0.722282
0.621044,-0.722208
0.621634,-0.722134
0.622224,-0.722061
0.622814,-0.721987
0.623404,-0.721914
0.623994,-0.72184
0.624584,-0.721766
0.625174,-0.721693
0.625764,-0.721619
0.626354,-0.721546
0.626944,-0.721472
0.627534,-0.721399
0.628124,-0.721325
0.628714,-0.721251
0.629304,-0.721178
0.629894,-0.721104
0.630484,-0.721031
0.631074,-0.720957
0.631664,-0.720884
0.632254,-0.72081
0.632844,-0.720736
0.633434,-0.720663
0.634024,-0.720589
0.634614,-0.720516
0.635204,-0.720442
0.635794,-0.720369
0.636384,-0.720295
0.636974,-0.720221
0.637564,-0.720148
0.638154,-0.720074
0.638744,-0.720001
0.639334,-0.719927
0.639924,-0.719854
0.640514,-0.71978
0.641104,-0.719706
0.641694,-0.719633
0.642284,-0.719559
0.642874,-0.719486
0.643464,-0.719412
0.644054,-0.719339
0.644644,-0.719265
0.645234,-0.719191
0.645824,-0.719118
0.646414,-0.719044
0.647004,-0.718971
0.647594,-0.718897
0.648184,-0.718824
0.648774,-0.71875
0.649364,-0.718676
