O
20
1,0,-1,0.78,-0.5,0.75,0.0,0.0,0.0,0.3,0.4,0.02,0,0.8,False
2,0,-1,1.1,-0.5,0.93,0.0,0.0,0.0,0.02,0.4,0.2,0,0.8,False
3,0,-1,0.78,-0.5,1.11,0.0,0.0,0.0,0.3,0.4,0.02,0,0.8,False
4,0,-1,0.8,-0.92,0.93,0.0,0.0,0.0,0.32,0.02,0.2,0,0.8,False
5,0,-1,0.8,-0.08,0.93,0.0,0.0,0.0,0.32,0.02,0.2,0,0.8,False
6,0,0,0.5923614735869346,-0.2784689497775842,0.86,0.0,0.0,0.42241444250537125,0.03,0.06755189822228222,0.09,0.4449162624390513,1.0165324261736475,False
7,0,0,0.9773720658310295,-0.44284291437871626,0.86,0.0,0.0,2.1651873788698808,0.038394883201723226,0.07224410489335818,0.09,0.28428261010671474,1.0474597913509094,False
8,0,0,0.8380487475084668,-0.33360498572660924,0.8652715079226064,0.0,0.0,2.601683350474372,0.03,0.03,0.09527150792260637,0.09864615166627771,0.9818997231984378,False
9,0,0,0.7343125838081666,-0.6730202751113515,0.86,0.0,0.0,5.849782502970761,0.03,0.07100587148694987,0.09,0.19501928575875754,1.1527868849366103,False
10,2,0,0.7662200512462769,-0.44724140728392026,0.8450000000000001,0.0,0.0,5.111002687312472,0.03,0.03,0.15,0.3865888154989919,0.9707447600489351,False
11,0,1,0.9122561741773858,-0.1981008073365329,0.8685732054200875,0.0,0.0,1.734133257293436,0.04656758184812843,0.07537699548126772,0.09857320542008752,0.2655183057368458,1.125297877043836,True
12,2,1,0.9597035520379171,-0.7626100951879884,0.8450000000000001,0.0,0.0,5.843815185007348,0.06970433120068799,0.06970433120068799,0.15,0.3028288421094478,1.134740587650374,True
13,0,1,0.7163741848971533,-0.2908692170544538,0.9174207456485275,0.0,0.0,1.6245091089181738,0.07096853460279219,0.03,0.14742074564852753,0.3898111134154769,1.0718604944241261,True
14,0,1,0.5375390774304997,-0.5161305752152213,0.86,0.0,0.0,5.041529037237915,0.03,0.03,0.09,0.22781202807700812,1.0478904270317708,True
15,0,1,0.6260115901710036,-0.567237659197515,0.8643717053463829,0.0,0.0,0.08824462927056682,0.03,0.0441144778141221,0.09437170534638285,0.07536872668608513,0.9225774910191624,True
16,2,1,0.5316717043033126,-0.658697331903674,0.8572982232967727,0.0,0.0,1.2630931456081673,0.03,0.03,0.17459644659354548,0.45091794643129574,0.9625185001978238,True
17,2,1,0.6429843167126946,-0.8204383612628368,0.8589980008214717,0.0,0.0,3.107429363213727,0.03,0.03,0.17799600164294324,0.3617843603395861,1.0273507009153866,True
18,0,1,0.6622437429665559,-0.41562032618956457,0.9149603901667305,0.0,0.0,4.9904938359806,0.03,0.03,0.1449603901667305,0.12328823026726188,1.0140932699192904,True
19,2,1,0.9477220002005614,-0.5960218880833907,0.8450000000000001,0.0,0.0,5.677957526675464,0.03,0.03,0.15,0.34594270913086217,1.0296675749248227,True
20,0,1,0.7683627462514,-0.8424656172492995,0.9179740342618877,0.0,0.0,4.629305035045693,0.03,0.03,0.1479740342618877,0.37086341769518727,0.8850991114533205,True
R
0.0,0.0,0.0,0.0,0.0,0.0,1.0
S
8
torso_lift_joint,0
r_shoulder_pan_joint,-1.69017
r_shoulder_lift_joint,-0.0788625
r_upper_arm_roll_joint,-1.69017
r_elbow_flex_joint,-1.2717
r_forearm_roll_joint,-0.151824
r_wrist_flex_joint,-1.25254
r_wrist_roll_joint,0.675062
G
0.712874,-0.49996,0.845,0.77948,-0,0
ooi
10
A
599
0.310248,-0.673113
0.311127,-0.672357
0.312007,-0.671602
0.312886,-0.670846
0.313765,-0.67009
0.314644,-0.669334
0.315523,-0.668579
0.316403,-0.667823
0.317282,-0.667067
0.318161,-0.666311
0.31904,-0.665556
0.319919,-0.6648
0.320799,-0.664044
0.321678,-0.663288
0.322557,-0.662533
0.323436,-0.661777
0.324315,-0.661021
0.325195,-0.660266
0.326074,-0.65951
0.326953,-0.658754
0.327832,-0.657998
0.328711,-0.657243
0.329591,-0.656487
0.33047,-0.655731
0.331349,-0.654975
0.332228,-0.65422
0.333107,-0.653464
0.333987,-0.652708
0.334866,-0.651952
0.335745,-0.651197
0.336624,-0.650441
0.337503,-0.649685
0.338383,-0.648929
0.339262,-0.648174
0.340141,-0.647418
0.34102,-0.646662
0.341899,-0.645906
0.342779,-0.645151
0.343658,-0.644395
0.344537,-0.643639
0.345416,-0.642884
0.346295,-0.642128
0.347175,-0.641372
0.348054,-0.640616
0.348933,-0.639861
0.349812,-0.639105
0.350691,-0.638349
0.351571,-0.637593
0.35245,-0.636838
0.353329,-0.636082
0.354208,-0.635326
0.355087,-0.63457
0.355967,-0.633815
0.356846,-0.633059
0.357725,-0.632303
0.358604,-0.631547
0.359483,-0.630792
0.360363,-0.630036
0.361242,-0.62928
0.362121,-0.628525
0.363,-0.627769
0.363879,-0.627013
0.364759,-0.626257
0.365638,-0.625502
0.366517,-0.624746
0.367396,-0.62399
0.368275,-0.623234
0.369155,-0.622479
0.370034,-0.621723
0.370913,-0.620967
0.371792,-0.620211
0.372671,-0.619456
0.373551,-0.6187
0.37443,-0.617944
0.375309,-0.617188
0.376188,-0.616433
0.377067,-0.615677
0.377947,-0.614921
0.378826,-0.614165
0.379705,-0.61341
0.380584,-0.612654
0.381463,-0.611898
0.382343,-0.611143
0.383222,-0.610387
0.384101,-0.609631
0.38498,-0.608875
0.38586,-0.60812
0.386739,-0.607364
0.387618,-0.606608
0.388497,-0.605852
0.389376,-0.605097
0.390256,-0.604341
0.391135,-0.603585
0.392014,-0.602829
0.392893,-0.602074
0.393772,-0.601318
0.394652,-0.600562
0.395531,-0.599806
0.39641,-0.599051
0.397289,-0.598295
0.398168,-0.597539
0.399048,-0.596784
0.399927,-0.596028
0.400806,-0.595272
0.401685,-0.594516
0.402564,-0.593761
0.403444,-0.593005
0.404323,-0.592249
0.405202,-0.591493
0.406081,-0.590738
0.40696,-0.589982
0.40784,-0.589226
0.408719,-0.58847
0.409598,-0.587715
0.410477,-0.586959
0.411356,-0.586203
0.412236,-0.585447
0.413115,-0.584692
0.413994,-0.583936
0.414873,-0.58318
0.415752,-0.582424
0.416632,-0.581669
0.417511,-0.580913
0.41839,-0.580157
0.419269,-0.579402
0.420148,-0.578646
0.421028,-0.57789
0.421907,-0.577134
0.422786,-0.576379
0.423665,-0.575623
0.424544,-0.574867
0.425424,-0.574111
0.426303,-0.573356
0.427182,-0.5726
0.428061,-0.571844
0.42894,-0.571088
0.42982,-0.570333
0.430699,-0.569577
0.431578,-0.568821
0.432457,-0.568065
0.433336,-0.56731
0.434216,-0.566554
0.435095,-0.565798
0.435974,-0.565042
0.436853,-0.564287
0.437732,-0.563531
0.438612,-0.562775
0.439491,-0.56202
0.44037,-0.561264
0.441249,-0.560508
0.442128,-0.559752
0.443314,-0.560152
0.4445,-0.560552
0.445685,-0.560952
0.446871,-0.561352
0.448057,-0.561752
0.449243,-0.562152
0.450428,-0.562552
0.451614,-0.562952
0.4528,-0.563351
0.453985,-0.563751
0.455171,-0.564151
0.456357,-0.564551
0.457542,-0.564951
0.458728,-0.565351
0.459914,-0.565751
0.4611,-0.566151
0.462285,-0.566551
0.463471,-0.566951
0.464657,-0.56735
0.465842,-0.56775
0.467028,-0.56815
0.468214,-0.56855
0.469399,-0.56895
0.470585,-0.56935
0.471771,-0.56975
0.472956,-0.57015
0.474142,-0.57055
0.475328,-0.57095
0.476514,-0.57135
0.477699,-0.571749
0.478885,-0.572149
0.480071,-0.572549
0.481256,-0.572949
0.482442,-0.573349
0.483628,-0.573749
0.484813,-0.574149
0.485999,-0.574549
0.487185,-0.574949
0.488371,-0.575349
0.489556,-0.575748
0.490742,-0.576148
0.491928,-0.576548
0.493113,-0.576948
0.494299,-0.577348
0.495485,-0.577748
0.49667,-0.578148
0.497856,-0.578548
0.499042,-0.578948
0.500228,-0.579348
0.501413,-0.579747
0.502599,-0.580147
0.503785,-0.580547
0.50497,-0.580947
0.506156,-0.581347
0.507342,-0.581747
0.508527,-0.582147
0.509713,-0.582547
0.510899,-0.582947
0.512084,-0.583347
0.51327,-0.583747
0.514456,-0.584146
0.515642,-0.584546
0.516827,-0.584946
0.518013,-0.585346
0.519199,-0.585746
0.520384,-0.586146
0.52157,-0.586546
0.522756,-0.586946
0.523941,-0.587346
0.525127,-0.587746
0.526313,-0.588145
0.527499,-0.588545
0.528684,-0.588945
0.52987,-0.589345
0.531056,-0.589745
0.532241,-0.590145
0.533427,-0.590545
0.534613,-0.590945
0.535798,-0.591345
0.536984,-0.591745
0.53817,-0.592144
0.539355,-0.592544
0.540541,-0.592944
0.541727,-0.593344
0.542913,-0.593744
0.544098,-0.594144
0.545284,-0.594544
0.54647,-0.594944
0.547655,-0.595344
0.548841,-0.595744
0.550027,-0.596144
0.551212,-0.596543
0.552398,-0.596943
0.553584,-0.597343
0.55477,-0.597743
0.555955,-0.598143
0.557141,-0.598543
0.558327,-0.598943
0.559512,-0.599343
0.560698,-0.599743
0.561884,-0.600143
0.563069,-0.600542
0.564255,-0.600942
0.565441,-0.601342
0.566626,-0.601742
0.567812,-0.602142
0.568998,-0.602542
0.570184,-0.602942
0.571369,-0.603342
0.572555,-0.603742
0.573741,-0.604142
0.574926,-0.604541
0.576112,-0.604941
0.577298,-0.605341
0.578483,-0.605741
0.579669,-0.606141
0.580855,-0.606541
0.582041,-0.606941
0.583226,-0.607341
0.584412,-0.607741
0.585598,-0.608141
0.586783,-0.608541
0.587969,-0.60894
0.589155,-0.60934
0.59034,-0.60974
0.591526,-0.61014
0.592712,-0.61054
0.593898,-0.61094
0.595083,-0.61134
0.596269,-0.61174
0.597455,-0.61214
0.59864,-0.61254
0.599826,-0.612939
0.601012,-0.613339
0.602197,-0.613739
0.603383,-0.614139
0.604569,-0.614539
0.605754,-0.614939
0.60694,-0.615339
0.608126,-0.615739
0.609312,-0.616139
0.610497,-0.616539
0.611683,-0.616938
0.612869,-0.617338
0.614054,-0.617738
0.61524,-0.618138
0.616426,-0.618538
0.617611,-0.618938
0.618797,-0.619338
0.618121,-0.61923
0.617445,-0.619122
0.61677,-0.619015
0.616094,-0.618907
0.615418,-0.618799
0.614742,-0.618691
0.614066,-0.618584
0.613391,-0.618476
0.612715,-0.618368
0.612039,-0.61826
0.611363,-0.618153
0.610687,-0.618045
0.610011,-0.617937
0.609336,-0.617829
0.60866,-0.617722
0.607984,-0.617614
0.607308,-0.617506
0.606632,-0.617398
0.605957,-0.617291
0.605281,-0.617183
0.604605,-0.617075
0.603929,-0.616967
0.603253,-0.61686
0.602577,-0.616752
0.601902,-0.616644
0.601226,-0.616536
0.60055,-0.616429
0.599874,-0.616321
0.599198,-0.616213
0.598523,-0.616105
0.597847,-0.615998
0.597171,-0.61589
0.596495,-0.615782
0.595819,-0.615674
0.595143,-0.615567
0.594468,-0.615459
0.593792,-0.615351
0.593116,-0.615243
0.59244,-0.615136
0.591764,-0.615028
0.591089,-0.61492
0.590413,-0.614812
0.589737,-0.614705
0.589061,-0.614597
0.588385,-0.614489
0.587709,-0.614381
0.587034,-0.614274
0.586358,-0.614166
0.585682,-0.614058
0.585006,-0.61395
0.58433,-0.613843
0.583655,-0.613735
0.582979,-0.613627
0.582303,-0.613519
0.581627,-0.613412
0.580951,-0.613304
0.580275,-0.613196
0.5796,-0.613088
0.578924,-0.612981
0.578248,-0.612873
0.577572,-0.612765
0.576896,-0.612657
0.576221,-0.61255
0.575545,-0.612442
0.574869,-0.612334
0.574193,-0.612226
0.573517,-0.612119
0.572841,-0.612011
0.572166,-0.611903
0.57149,-0.611795
0.570814,-0.611688
0.570138,-0.61158
0.569462,-0.611472
0.568787,-0.611364
0.568111,-0.611257
0.567435,-0.611149
0.566759,-0.611041
0.566083,-0.610933
0.565407,-0.610826
0.564732,-0.610718
0.564056,-0.61061
0.56338,-0.610502
0.562704,-0.610395
0.562028,-0.610287
0.561353,-0.610179
0.560677,-0.610071
0.560001,-0.609964
0.559325,-0.609856
0.558649,-0.609748
0.557973,-0.60964
0.557298,-0.609533
0.556622,-0.609425
0.555946,-0.609317
0.55527,-0.609209
0.554594,-0.609102
0.553919,-0.608994
0.553243,-0.608886
0.552567,-0.608778
0.551891,-0.608671
0.551215,-0.608563
0.550539,-0.608455
0.549864,-0.608347
0.549188,-0.60824
0.548512,-0.608132
0.547836,-0.608024
0.54716,-0.607916
0.546485,-0.607809
0.545809,-0.607701
0.545133,-0.607593
0.544457,-0.607485
0.543781,-0.607378
0.543105,-0.60727
0.54243,-0.607162
0.541754,-0.607054
0.541078,-0.606947
0.540402,-0.606839
0.539726,-0.606731
0.539051,-0.606623
0.538375,-0.606516
0.537699,-0.606408
0.537023,-0.6063
0.536347,-0.606192
0.535671,-0.606085
0.534996,-0.605977
0.53432,-0.605869
0.533644,-0.605761
0.532968,-0.605654
0.532292,-0.605546
0.531617,-0.605438
0.530941,-0.60533
0.530265,-0.605223
0.529589,-0.605115
0.528913,-0.605007
0.528237,-0.604899
0.527562,-0.604792
0.526886,-0.604684
0.52621,-0.604576
0.525534,-0.604468
0.524858,-0.604361
0.524183,-0.604253
0.523507,-0.604145
0.522831,-0.604037
0.522155,-0.60393
0.521479,-0.603822
0.520803,-0.603714
0.520128,-0.603606
0.519452,-0.603499
0.518776,-0.603391
0.5181,-0.603283
0.517424,-0.603175
0.518736,-0.602483
0.520048,-0.60179
0.52136,-0.601097
0.522671,-0.600404
0.523983,-0.599712
0.525295,-0.599019
0.526607,-0.598326
0.527918,-0.597634
0.52923,-0.596941
0.530542,-0.596248
0.531854,-0.595555
0.533165,-0.594863
0.534477,-0.59417
0.535789,-0.593477
0.537101,-0.592785
0.538412,-0.592092
0.539724,-0.591399
0.541036,-0.590706
0.542348,-0.590014
0.543659,-0.589321
0.544971,-0.588628
0.546283,-0.587935
0.547594,-0.587243
0.548906,-0.58655
0.550218,-0.585857
0.55153,-0.585165
0.552841,-0.584472
0.554153,-0.583779
0.555465,-0.583086
0.556777,-0.582394
0.558088,-0.581701
0.5594,-0.581008
0.560712,-0.580316
0.562024,-0.579623
0.563335,-0.57893
0.564647,-0.578237
0.565959,-0.577545
0.567271,-0.576852
0.568582,-0.576159
0.569894,-0.575466
0.571206,-0.574774
0.572518,-0.574081
0.573829,-0.573388
0.575141,-0.572696
0.576453,-0.572003
0.577765,-0.57131
0.579076,-0.570617
0.580388,-0.569925
0.5817,-0.569232
0.583012,-0.568539
0.584323,-0.567846
0.585635,-0.567154
0.586947,-0.566461
0.588259,-0.565768
0.58957,-0.565076
0.590882,-0.564383
0.592194,-0.56369
0.593505,-0.562997
0.594817,-0.562305
0.596129,-0.561612
0.597441,-0.560919
0.598752,-0.560227
0.600064,-0.559534
0.601376,-0.558841
0.602688,-0.558148
0.603999,-0.557456
0.605311,-0.556763
0.606623,-0.55607
0.607935,-0.555377
0.609246,-0.554685
0.610558,-0.553992
0.61187,-0.553299
0.613182,-0.552607
0.614493,-0.551914
0.615805,-0.551221
0.617117,-0.550528
0.618429,-0.549836
0.61974,-0.549143
0.621052,-0.54845
0.622364,-0.547758
0.623676,-0.547065
0.624987,-0.546372
0.626299,-0.545679
0.627611,-0.544987
0.628923,-0.544294
0.630234,-0.543601
0.631546,-0.542908
0.632858,-0.542216
0.63417,-0.541523
0.635481,-0.54083
0.636793,-0.540138
0.638105,-0.539445
0.639417,-0.538752
0.640728,-0.538059
0.64204,-0.537367
0.643352,-0.536674
0.644663,-0.535981
0.645975,-0.535289
0.647287,-0.534596
0.648599,-0.533903
0.64991,-0.53321
0.651222,-0.532518
0.652534,-0.531825
0.653846,-0.531132
0.655157,-0.530439
0.656469,-0.529747
0.657781,-0.529054
0.659093,-0.528361
0.660404,-0.527669
0.661716,-0.526976
0.663028,-0.526283
0.66434,-0.52559
0.665651,-0.524898
0.666963,-0.524205
0.668275,-0.523512
0.669587,-0.522819
0.670898,-0.522127
0.67221,-0.521434
0.673522,-0.520741
0.674834,-0.520049
0.676145,-0.519356
0.677457,-0.518663
0.678769,-0.51797
0.680081,-0.517278
0.681392,-0.516585
0.682704,-0.515892
0.684016,-0.5152
0.685328,-0.514507
0.686639,-0.513814
0.687951,-0.513121
0.689263,-0.512429
0.690574,-0.511736
0.691886,-0.511043
0.693198,-0.51035
0.69451,-0.509658
0.695821,-0.508965
0.697133,-0.508272
0.698445,-0.50758
0.699757,-0.506887
0.701068,-0.506194
0.70238,-0.505501
0.703692,-0.504809
0.705004,-0.504116
0.706315,-0.503423
0.707627,-0.502731
0.708939,-0.502038
0.710251,-0.501345
0.711562,-0.500652
0.712874,-0.49996
