O
20
1,0,-1,0.78,-0.5,0.75,0.0,0.0,0.0,0.3,0.4,0.02,0,0.8,False
2,0,-1,1.1,-0.5,0.93,0.0,0.0,0.0,0.02,0.4,0.2,0,0.8,False
3,0,-1,0.78,-0.5,1.11,0.0,0.0,0.0,0.3,0.4,0.02,0,0.8,False
4,0,-1,0.8,-0.92,0.93,0.0,0.0,0.0,0.32,0.02,0.2,0,0.8,False
5,0,-1,0.8,-0.08,0.93,0.0,0.0,0.0,0.32,0.02,0.2,0,0.8,False
6,2,0,0.8905782631561365,-0.2415088656964821,0.8450000000000001,0.0,0.0,1.5314886685688591,0.04189731437791646,0.04189731437791646,0.15,0.36254428598792954,1.0686057951542391,False
7,2,0,0.7262725259207246,-0.4935613961928437,0.8450000000000001,0.0,0.0,3.929179478361322,0.03,0.03,0.15,0.28569143767125105,1.039453590217748,False
8,0,0,0.824857899850689,-0.7434686879085473,0.86,0.0,0.0,3.321325341414703,0.07488341086556537,0.03,0.09,0.2933189497388612,1.0318161158344168,False
9,0,0,0.6528874370873854,-0.7283412691624249,0.86,0.0,0.0,2.679989877378624,0.03,0.03,0.09,0.35700946997079636,1.0887766405581283,False
10,2,0,0.627923974627425,-0.6266172053408843,0.8450000000000001,0.0,0.0,4.142331919048861,0.03,0.03,0.15,0.03424870861430118,1.0682326068958572,False
11,0,1,0.6800366166166777,-0.2791914105334815,0.8805992934357818,0.0,0.0,4.858214479572829,0.06342522559349927,0.05880262459055821,0.11059929343578184,0.4807668945322584,1.0948763944020299,True
12,0,1,0.958101563761892,-0.5902749327540286,0.8868841275522725,0.0,0.0,0.3161965459638674,0.06790341131666375,0.06755262165365862,0.11688412755227247,0.47166526248625795,0.9566459423341713,True
13,2,1,0.5274029209472347,-0.5796587977518548,0.8450000000000001,0.0,0.0,4.722547671021557,0.034084706973275716,0.034084706973275716,0.15,0.06064886899889965,0.8318177986357926,True
14,2,1,0.5447893866554702,-0.45434147009175896,0.8450000000000001,0.0,0.0,1.2128018599126182,0.03,0.03,0.15,0.08237233587693038,1.112159635214079,True
15,0,1,0.8294900991342526,-0.4625791122125276,0.86,0.0,0.0,3.1114690954858903,0.046511452476376516,0.03,0.09,0.36980501932334786,0.8117432186831781,True
16,2,1,0.9193309029272717,-0.15029888221076348,0.8450000000000001,0.0,0.0,1.7600362524551436,0.03,0.03,0.15,0.06231599561304302,0.8556389125205273,True
17,0,1,0.9865555894734261,-0.7625437887214672,0.8891408454410978,0.0,0.0,0.01836715557704754,0.03,0.03,0.11914084544109785,0.20151798818920152,0.8992478782830665,True
18,0,1,0.8196395242180833,-0.3657702019110533,0.86,0.0,0.0,3.6758253586730363,0.03,0.040442980277207,0.09,0.19707146829641087,1.1486560495983353,True
19,2,1,0.9879190041820797,-0.32651944045377546,0.8450000000000001,0.0,0.0,0.060408995073554836,0.03,0.03,0.15,0.4452748918657555,0.8651603787829342,True
20,0,1,1.0146116612406328,-0.21359408160113147,0.86,0.0,0.0,4.5191691687345665,0.03868950714393594,0.030093482403093664,0.09,0.12331696700569811,0.8607840388362468,True
R
0.0,0.0,0.0,0.0,0.0,0.0,1.0
S
8
torso_lift_joint,0
r_shoulder_pan_joint,-1.69017
r_shoulder_lift_joint,-0.0788625
r_upper_arm_roll_joint,-1.69017
r_elbow_flex_joint,-1.2717
r_forearm_roll_joint,-0.151824
r_wrist_flex_joint,-1.25254
r_wrist_roll_joint,0.675062
G
0.659299,-0.459805,0.845,2.67473,-3.14159,3.14159
ooi
7
A
599
0.310248,-0.673113
0.310516,-0.67297
0.310784,-0.672828
0.311052,-0.672685
0.31132,-0.672542
0.311588,-0.672399
0.311856,-0.672257
0.312124,-0.672114
0.312392,-0.671971
0.31266,-0.671829
0.312928,-0.671686
0.313196,-0.671543
0.313464,-0.6714
0.313732,-0.671258
0.314,-0.671115
0.314267,-0.670972
0.314535,-0.67083
0.314803,-0.670687
0.315071,-0.670544
0.315339,-0.670401
0.315607,-0.670259
0.315875,-0.670116
0.316143,-0.669973
0.316411,-0.669831
0.316679,-0.669688
0.316947,-0.669545
0.317215,-0.669402
0.317483,-0.66926
0.317751,-0.669117
0.318019,-0.668974
0.318287,-0.668831
0.318555,-0.668689
0.318823,-0.668546
0.319091,-0.668403
0.319359,-0.668261
0.319627,-0.668118
0.319895,-0.667975
0.320162,-0.667832
0.32043,-0.66769
0.320698,-0.667547
0.320966,-0.667404
0.321234,-0.667262
0.321502,-0.667119
0.32177,-0.666976
0.322038,-0.666833
0.322306,-0.666691
0.322574,-0.666548
0.322842,-0.666405
0.32311,-0.666263
0.323378,-0.66612
0.323646,-0.665977
0.323914,-0.665834
0.324182,-0.665692
0.32445,-0.665549
0.324718,-0.665406
0.324986,-0.665264
0.325254,-0.665121
0.325522,-0.664978
0.32579,-0.664835
0.326057,-0.664693
0.326325,-0.66455
0.326593,-0.664407
0.326861,-0.664264
0.327129,-0.664122
0.327397,-0.663979
0.327665,-0.663836
0.327933,-0.663694
0.328201,-0.663551
0.328469,-0.663408
0.328737,-0.663265
0.329005,-0.663123
0.329273,-0.66298
0.329541,-0.662837
0.329809,-0.662695
0.330077,-0.662552
0.330345,-0.662409
0.330613,-0.662266
0.330881,-0.662124
0.331149,-0.661981
0.331417,-0.661838
0.331684,-0.661696
0.331952,-0.661553
0.33222,-0.66141
0.332488,-0.661267
0.332756,-0.661125
0.333024,-0.660982
0.333292,-0.660839
0.33356,-0.660696
0.333828,-0.660554
0.334096,-0.660411
0.334364,-0.660268
0.334632,-0.660126
0.3349,-0.659983
0.335168,-0.65984
0.335436,-0.659697
0.335704,-0.659555
0.335972,-0.659412
0.33624,-0.659269
0.336508,-0.659127
0.336776,-0.658984
0.337044,-0.658841
0.337312,-0.658698
0.337579,-0.658556
0.337847,-0.658413
0.338115,-0.65827
0.338383,-0.658128
0.338651,-0.657985
0.338919,-0.657842
0.339187,-0.657699
0.339455,-0.657557
0.339723,-0.657414
0.339991,-0.657271
0.340259,-0.657129
0.340527,-0.656986
0.340795,-0.656843
0.341063,-0.6567
0.341331,-0.656558
0.341599,-0.656415
0.341867,-0.656272
0.342135,-0.656129
0.342403,-0.655987
0.342671,-0.655844
0.342939,-0.655701
0.343207,-0.655559
0.343474,-0.655416
0.343742,-0.655273
0.34401,-0.65513
0.344278,-0.654988
0.344546,-0.654845
0.344814,-0.654702
0.345082,-0.65456
0.34535,-0.654417
0.345618,-0.654274
0.345886,-0.654131
0.346154,-0.653989
0.346422,-0.653846
0.34669,-0.653703
0.346958,-0.653561
0.347226,-0.653418
0.347494,-0.653275
0.347762,-0.653132
0.34803,-0.65299
0.348298,-0.652847
0.348566,-0.652704
0.348834,-0.652561
0.349101,-0.652419
0.349369,-0.652276
0.349637,-0.652133
0.349905,-0.651991
0.350173,-0.651848
0.350441,-0.651705
0.350671,-0.652154
0.350901,-0.652604
0.351131,-0.653053
0.351361,-0.653502
0.35159,-0.653951
0.35182,-0.654401
0.35205,-0.65485
0.35228,-0.655299
0.35251,-0.655748
0.352739,-0.656198
0.352969,-0.656647
0.353199,-0.657096
0.353429,-0.657545
0.353659,-0.657995
0.353889,-0.658444
0.354118,-0.658893
0.354348,-0.659342
0.354578,-0.659791
0.354808,-0.660241
0.355038,-0.66069
0.355267,-0.661139
0.355497,-0.661588
0.355727,-0.662038
0.355957,-0.662487
0.356187,-0.662936
0.356417,-0.663385
0.356646,-0.663835
0.356876,-0.664284
0.357106,-0.664733
0.357336,-0.665182
0.357566,-0.665632
0.357795,-0.666081
0.358025,-0.66653
0.358255,-0.666979
0.358485,-0.667429
0.358715,-0.667878
0.358945,-0.668327
0.359174,-0.668776
0.359404,-0.669225
0.359634,-0.669675
0.359864,-0.670124
0.360094,-0.670573
0.360324,-0.671022
0.360553,-0.671472
0.360783,-0.671921
0.361013,-0.67237
0.361243,-0.672819
0.361473,-0.673269
0.361702,-0.673718
0.361932,-0.674167
0.362162,-0.674616
0.362392,-0.675066
0.362622,-0.675515
0.362852,-0.675964
0.363081,-0.676413
0.363311,-0.676863
0.363541,-0.677312
0.363771,-0.677761
0.364001,-0.67821
0.36423,-0.67866
0.36446,-0.679109
0.36469,-0.679558
0.36492,-0.680007
0.36515,-0.680456
0.36538,-0.680906
0.365609,-0.681355
0.365839,-0.681804
0.366069,-0.682253
0.366299,-0.682703
0.366529,-0.683152
0.366758,-0.683601
0.366988,-0.68405
0.367218,-0.6845
0.367448,-0.684949
0.367678,-0.685398
0.367908,-0.685847
0.368137,-0.686297
0.368367,-0.686746
0.368597,-0.687195
0.368827,-0.687644
0.369057,-0.688094
0.369287,-0.688543
0.369516,-0.688992
0.369746,-0.689441
0.369976,-0.68989
0.370206,-0.69034
0.370436,-0.690789
0.370665,-0.691238
0.370895,-0.691687
0.371125,-0.692137
0.371355,-0.692586
0.371585,-0.693035
0.371815,-0.693484
0.372044,-0.693934
0.372274,-0.694383
0.372504,-0.694832
0.372734,-0.695281
0.372964,-0.695731
0.373193,-0.69618
0.373423,-0.696629
0.373653,-0.697078
0.373883,-0.697528
0.374113,-0.697977
0.374343,-0.698426
0.374572,-0.698875
0.374802,-0.699325
0.375032,-0.699774
0.375262,-0.700223
0.375492,-0.700672
0.375721,-0.701121
0.375951,-0.701571
0.376181,-0.70202
0.376411,-0.702469
0.376641,-0.702918
0.376871,-0.703368
0.3771,-0.703817
0.37733,-0.704266
0.37756,-0.704715
0.37779,-0.705165
0.37802,-0.705614
0.378249,-0.706063
0.378479,-0.706512
0.378709,-0.706962
0.378939,-0.707411
0.379169,-0.70786
0.379399,-0.708309
0.379628,-0.708759
0.379858,-0.709208
0.380088,-0.709657
0.380318,-0.710106
0.380548,-0.710555
0.380778,-0.711005
0.381007,-0.711454
0.381237,-0.711903
0.381467,-0.712352
0.381697,-0.712802
0.381927,-0.713251
0.382156,-0.7137
0.382386,-0.714149
0.382616,-0.714599
0.382846,-0.715048
0.383076,-0.715497
0.383306,-0.715946
0.383535,-0.716396
0.383765,-0.716845
0.383995,-0.717294
0.384225,-0.717743
0.384455,-0.718193
0.384684,-0.718642
0.385786,-0.717937
0.386887,-0.717232
0.387989,-0.716527
0.389091,-0.715822
0.390192,-0.715116
0.391294,-0.714411
0.392395,-0.713706
0.393497,-0.713001
0.394598,-0.712296
0.3957,-0.711591
0.396801,-0.710886
0.397903,-0.710181
0.399004,-0.709476
0.400106,-0.708771
0.401207,-0.708066
0.402309,-0.707361
0.40341,-0.706656
0.404512,-0.705951
0.405613,-0.705246
0.406715,-0.70454
0.407816,-0.703835
0.408918,-0.70313
0.410019,-0.702425
0.411121,-0.70172
0.412222,-0.701015
0.413324,-0.70031
0.414425,-0.699605
0.415527,-0.6989
0.416628,-0.698195
0.41773,-0.69749
0.418831,-0.696785
0.419933,-0.69608
0.421034,-0.695375
0.422136,-0.69467
0.423237,-0.693964
0.424339,-0.693259
0.425441,-0.692554
0.426542,-0.691849
0.427644,-0.691144
0.428745,-0.690439
0.429847,-0.689734
0.430948,-0.689029
0.43205,-0.688324
0.433151,-0.687619
0.434253,-0.686914
0.435354,-0.686209
0.436456,-0.685504
0.437557,-0.684799
0.438659,-0.684094
0.43976,-0.683388
0.440862,-0.682683
0.441963,-0.681978
0.443065,-0.681273
0.444166,-0.680568
0.445268,-0.679863
0.446369,-0.679158
0.447471,-0.678453
0.448572,-0.677748
0.449674,-0.677043
0.450775,-0.676338
0.451877,-0.675633
0.452978,-0.674928
0.45408,-0.674223
0.455181,-0.673518
0.456283,-0.672812
0.457384,-0.672107
0.458486,-0.671402
0.459588,-0.670697
0.460689,-0.669992
0.461791,-0.669287
0.462892,-0.668582
0.463994,-0.667877
0.465095,-0.667172
0.466197,-0.666467
0.467298,-0.665762
0.4684,-0.665057
0.469501,-0.664352
0.470603,-0.663647
0.471704,-0.662942
0.472806,-0.662236
0.473907,-0.661531
0.475009,-0.660826
0.47611,-0.660121
0.477212,-0.659416
0.478313,-0.658711
0.479415,-0.658006
0.480516,-0.657301
0.481618,-0.656596
0.482719,-0.655891
0.483821,-0.655186
0.484922,-0.654481
0.486024,-0.653776
0.487125,-0.653071
0.488227,-0.652366
0.489328,-0.65166
0.49043,-0.650955
0.491531,-0.65025
0.492633,-0.649545
0.493734,-0.64884
0.494836,-0.648135
0.495938,-0.64743
0.497039,-0.646725
0.498141,-0.64602
0.499242,-0.645315
0.500344,-0.64461
0.501445,-0.643905
0.502547,-0.6432
0.503648,-0.642495
0.50475,-0.64179
0.505851,-0.641084
0.506953,-0.640379
0.508054,-0.639674
0.509156,-0.638969
0.510257,-0.638264
0.511359,-0.637559
0.51246,-0.636854
0.513562,-0.636149
0.514663,-0.635444
0.515765,-0.634739
0.516866,-0.634034
0.517968,-0.633329
0.519069,-0.632624
0.520171,-0.631919
0.521272,-0.631214
0.522374,-0.630508
0.523475,-0.629803
0.524577,-0.629098
0.525678,-0.628393
0.52678,-0.627688
0.527881,-0.626983
0.528983,-0.626278
0.530085,-0.625573
0.531186,-0.624868
0.532288,-0.624163
0.533389,-0.623458
0.534491,-0.622753
0.535592,-0.622048
0.536694,-0.621343
0.537795,-0.620637
0.538897,-0.619932
0.539998,-0.619227
0.5411,-0.618522
0.542201,-0.617817
0.543303,-0.617112
0.544404,-0.616407
0.545506,-0.615702
0.546607,-0.614997
0.547709,-0.614292
0.54881,-0.613587
0.549912,-0.612882
0.550646,-0.611854
0.55138,-0.610827
0.552114,-0.6098
0.552848,-0.608772
0.553582,-0.607745
0.554317,-0.606718
0.555051,-0.60569
0.555785,-0.604663
0.556519,-0.603636
0.557253,-0.602608
0.557987,-0.601581
0.558721,-0.600553
0.559456,-0.599526
0.56019,-0.598499
0.560924,-0.597471
0.561658,-0.596444
0.562392,-0.595417
0.563126,-0.594389
0.56386,-0.593362
0.564595,-0.592335
0.565329,-0.591307
0.566063,-0.59028
0.566797,-0.589252
0.567531,-0.588225
0.568265,-0.587198
0.568999,-0.58617
0.569734,-0.585143
0.570468,-0.584116
0.571202,-0.583088
0.571936,-0.582061
0.57267,-0.581034
0.573404,-0.580006
0.574138,-0.578979
0.574873,-0.577951
0.575607,-0.576924
0.576341,-0.575897
0.577075,-0.574869
0.577809,-0.573842
0.578543,-0.572815
0.579277,-0.571787
0.580012,-0.57076
0.580746,-0.569733
0.58148,-0.568705
0.582214,-0.567678
0.582948,-0.566651
0.583682,-0.565623
0.584416,-0.564596
0.585151,-0.563568
0.585885,-0.562541
0.586619,-0.561514
0.587353,-0.560486
0.588087,-0.559459
0.588821,-0.558432
0.589555,-0.557404
0.590289,-0.556377
0.591024,-0.55535
0.591758,-0.554322
0.592492,-0.553295
0.593226,-0.552267
0.59396,-0.55124
0.594694,-0.550213
0.595428,-0.549185
0.596163,-0.548158
0.596897,-0.547131
0.597631,-0.546103
0.598365,-0.545076
0.599099,-0.544049
0.599833,-0.543021
0.600567,-0.541994
0.601302,-0.540966
0.602036,-0.539939
0.60277,-0.538912
0.603504,-0.537884
0.604238,-0.536857
0.604972,-0.53583
0.605706,-0.534802
0.606441,-0.533775
0.607175,-0.532748
0.607909,-0.53172
0.608643,-0.530693
0.609377,-0.529665
0.610111,-0.528638
0.610845,-0.527611
0.61158,-0.526583
0.612314,-0.525556
0.613048,-0.524529
0.613782,-0.523501
0.614516,-0.522474
0.61525,-0.521447
0.615984,-0.520419
0.616719,-0.519392
0.617453,-0.518365
0.618187,-0.517337
0.618921,-0.51631
0.619655,-0.515282
0.620389,-0.514255
0.621123,-0.513228
0.621858,-0.5122
0.622592,-0.511173
0.623326,-0.510146
0.62406,-0.509118
0.624794,-0.508091
0.625528,-0.507064
0.626262,-0.506036
0.626996,-0.505009
0.627731,-0.503981
0.628465,-0.502954
0.629199,-0.501927
0.629933,-0.500899
0.630667,-0.499872
0.631401,-0.498845
0.632135,-0.497817
0.63287,-0.49679
0.633604,-0.495763
0.634338,-0.494735
0.635072,-0.493708
0.635806,-0.49268
0.63654,-0.491653
0.637274,-0.490626
0.638009,-0.489598
0.638743,-0.488571
0.639477,-0.487544
0.640211,-0.486516
0.640945,-0.485489
0.641679,-0.484462
0.642413,-0.483434
0.643148,-0.482407
0.643882,-0.48138
0.644616,-0.480352
0.64535,-0.479325
0.646084,-0.478297
0.646818,-0.47727
0.647552,-0.476243
0.648287,-0.475215
0.649021,-0.474188
0.649755,-0.473161
0.650489,-0.472133
0.651223,-0.471106
0.651957,-0.470079
0.652691,-0.469051
0.653426,-0.468024
0.65416,-0.466996
0.654894,-0.465969
0.655628,-0.464942
0.656362,-0.463914
0.657096,-0.462887
0.65783,-0.46186
0.658565,-0.460832
0.659299,-0.459805
