O
20
1,0,-1,0.78,-0.5,0.75,0.0,0.0,0.0,0.3,0.4,0.02,0,0.8,False
2,0,-1,1.1,-0.5,0.93,0.0,0.0,0.0,0.02,0.4,0.2,0,0.8,False
3,0,-1,0.78,-0.5,1.11,0.0,0.0,0.0,0.3,0.4,0.02,0,0.8,False
4,0,-1,0.8,-0.92,0.93,0.0,0.0,0.0,0.32,0.02,0.2,0,0.8,False
5,0,-1,0.8,-0.08,0.93,0.0,0.0,0.0,0.32,0.02,0.2,0,0.8,False
6,2,0,0.8477506976673216,-0.48303733961141865,0.8450000000000001,0.0,0.0,0.24058363896176152,0.07118628158955585,0.07118628158955585,0.15,0.13581059848990928,0.9046891719858627,False
7,2,0,0.9126732538565271,-0.26696132490606106,0.8450000000000001,0.0,0.0,3.4647098177320075,0.03,0.03,0.15,0.24692501229792446,1.1534039862032,False
8,0,0,0.7001332319861701,-0.6701857906130704,0.9076546427754966,0.0,0.0,0.5539246194310863,0.03320445277305992,0.058027710249582476,0.1376546427754966,0.2864685763117368,1.180961054417801,False
9,2,0,0.598491803545615,-0.3975169284628792,0.8450000000000001,0.0,0.0,5.750501846953418,0.03286884122483888,0.03286884122483888,0.15,0.1062757004262484,1.0238072033709356,False
10,0,0,0.5579448508780968,-0.2532561593551269,0.86,0.0,0.0,0.38045500542346045,0.06399302106046624,0.04723499165343406,0.09,0.251796875850699,0.8851870257116907,False
11,2,1,0.5601312621716736,-0.613868501836054,0.8491257248757447,0.0,0.0,1.8089032116492298,0.058087943092335725,0.058087943092335725,0.15825144975148933,0.4293845016724952,0.8036091306682241,True
12,2,1,0.6898314096616248,-0.796515875307736,0.8450000000000001,0.0,0.0,0.5095263606391823,0.03,0.03,0.15,0.02210380883713392,1.0868947411784413,True
13,2,1,0.7054391012840964,-0.5207163649351587,0.8450000000000001,0.0,0.0,4.74521907568108,0.03,0.03,0.15,0.39086871469699286,1.1305769833090336,True
14,0,1,0.9233108518927843,-0.8406353269365794,0.8799826457369406,0.0,0.0,2.0266810953618193,0.03,0.03,0.1099826457369406,0.26137697461447995,1.142497037318971,True
15,2,1,0.5974092393572077,-0.7258817587897819,0.8450000000000001,0.0,0.0,3.090175170525685,0.03,0.03,0.15,0.01613426348350977,1.000856366975673,True
16,0,1,0.9841151668556176,-0.6843816230760499,0.86,0.0,0.0,1.5234097284618329,0.03,0.03657566971797174,0.09,0.09765411411597552,0.81656847944769,True
17,0,1,0.7882492376633033,-0.25338436587496416,0.86,0.0,0.0,4.217183962500659,0.03265873669663164,0.03,0.09,0.2790504260397084,0.914125869982569,True
18,2,1,0.8792480301186623,-0.676448826339598,0.8656118580207339,0.0,0.0,1.7495162945841967,0.03,0.03,0.19122371604146787,0.3564293502290262,1.078290428958916,True
19,0,1,1.017318041504662,-0.5838435340540231,0.86,0.0,0.0,0.5895782414484506,0.04156667537580817,0.03,0.09,0.24240486960137708,0.9707715986303541,True
20,2,1,0.8385538025863151,-0.15456020268034099,0.8450000000000001,0.0,0.0,4.268262319385769,0.03,0.03,0.15,0.32626200162106744,0.8170990710819089,True
R
0.0,0.0,0.0,0.0,0.0,0.0,1.0
S
8
torso_lift_joint,0
r_shoulder_pan_joint,-1.69017
r_shoulder_lift_joint,-0.0788625
r_upper_arm_roll_joint,-1.69017
r_elbow_flex_joint,-1.2717
r_forearm_roll_joint,-0.151824
r_wrist_flex_joint,-1.25254
r_wrist_roll_joint,0.675062
G
0.537177,-0.445518,0.845,0.664208,-0,0
ooi
9
A
599
0.310248,-0.673113
0.310031,-0.673942
0.309813,-0.674772
0.309596,-0.675601
0.309378,-0.67643
0.30916,-0.67726
0.308943,-0.678089
0.308725,-0.678918
0.308508,-0.679748
0.30829,-0.680577
0.308073,-0.681406
0.307855,-0.682236
0.307637,-0.683065
0.30742,-0.683894
0.307202,-0.684724
0.306985,-0.685553
0.306767,-0.686382
0.30655,-0.687211
0.306332,-0.688041
0.306115,-0.68887
0.305897,-0.689699
0.305679,-0.690529
0.305462,-0.691358
0.305244,-0.692187
0.305027,-0.693017
0.304809,-0.693846
0.304592,-0.694675
0.304374,-0.695505
0.304157,-0.696334
0.303939,-0.697163
0.303721,-0.697993
0.303504,-0.698822
0.303286,-0.699651
0.303069,-0.700481
0.302851,-0.70131
0.302634,-0.702139
0.302416,-0.702968
0.302199,-0.703798
0.301981,-0.704627
0.301763,-0.705456
0.301546,-0.706286
0.301328,-0.707115
0.301111,-0.707944
0.300893,-0.708774
0.300676,-0.709603
0.300458,-0.710432
0.300241,-0.711262
0.300023,-0.712091
0.299805,-0.71292
0.299588,-0.71375
0.29937,-0.714579
0.299153,-0.715408
0.298935,-0.716238
0.298718,-0.717067
0.2985,-0.717896
0.298283,-0.718725
0.298065,-0.719555
0.297847,-0.720384
0.29763,-0.721213
0.297412,-0.722043
0.297195,-0.722872
0.296977,-0.723701
0.29676,-0.724531
0.296542,-0.72536
0.296325,-0.726189
0.296107,-0.727019
0.295889,-0.727848
0.295672,-0.728677
0.295454,-0.729507
0.295237,-0.730336
0.295019,-0.731165
0.294802,-0.731995
0.294584,-0.732824
0.294366,-0.733653
0.294149,-0.734482
0.293931,-0.735312
0.293714,-0.736141
0.293496,-0.73697
0.293279,-0.7378
0.293061,-0.738629
0.292844,-0.739458
0.292626,-0.740288
0.292408,-0.741117
0.292191,-0.741946
0.291973,-0.742776
0.291756,-0.743605
0.291538,-0.744434
0.291321,-0.745264
0.291103,-0.746093
0.290886,-0.746922
0.290668,-0.747752
0.29045,-0.748581
0.290233,-0.74941
0.290015,-0.75024
0.289798,-0.751069
0.28958,-0.751898
0.289363,-0.752727
0.289145,-0.753557
0.288928,-0.754386
0.28871,-0.755215
0.288492,-0.756045
0.288275,-0.756874
0.288057,-0.757703
0.28784,-0.758533
0.287622,-0.759362
0.287405,-0.760191
0.287187,-0.761021
0.28697,-0.76185
0.286752,-0.762679
0.286534,-0.763509
0.286317,-0.764338
0.286099,-0.765167
0.285882,-0.765997
0.285664,-0.766826
0.285447,-0.767655
0.285229,-0.768484
0.285012,-0.769314
0.284794,-0.770143
0.284576,-0.770972
0.284359,-0.771802
0.284141,-0.772631
0.283924,-0.77346
0.283706,-0.77429
0.283489,-0.775119
0.283271,-0.775948
0.283053,-0.776778
0.282836,-0.777607
0.282618,-0.778436
0.282401,-0.779266
0.282183,-0.780095
0.281966,-0.780924
0.281748,-0.781754
0.281531,-0.782583
0.281313,-0.783412
0.281095,-0.784241
0.280878,-0.785071
0.28066,-0.7859
0.280443,-0.786729
0.280225,-0.787559
0.280008,-0.788388
0.27979,-0.789217
0.279573,-0.790047
0.279355,-0.790876
0.279137,-0.791705
0.27892,-0.792535
0.278702,-0.793364
0.278485,-0.794193
0.278267,-0.795023
0.27805,-0.795852
0.277832,-0.796681
0.277615,-0.797511
0.277757,-0.796344
0.277899,-0.795177
0.278041,-0.79401
0.278184,-0.792843
0.278326,-0.791676
0.278468,-0.79051
0.278611,-0.789343
0.278753,-0.788176
0.278895,-0.787009
0.279038,-0.785842
0.27918,-0.784676
0.279322,-0.783509
0.279465,-0.782342
0.279607,-0.781175
0.279749,-0.780008
0.279891,-0.778842
0.280034,-0.777675
0.280176,-0.776508
0.280318,-0.775341
0.280461,-0.774174
0.280603,-0.773008
0.280745,-0.771841
0.280888,-0.770674
0.28103,-0.769507
0.281172,-0.76834
0.281315,-0.767173
0.281457,-0.766007
0.281599,-0.76484
0.281741,-0.763673
0.281884,-0.762506
0.282026,-0.761339
0.282168,-0.760173
0.282311,-0.759006
0.282453,-0.757839
0.282595,-0.756672
0.282738,-0.755505
0.28288,-0.754339
0.283022,-0.753172
0.283164,-0.752005
0.283307,-0.750838
0.283449,-0.749671
0.283591,-0.748505
0.283734,-0.747338
0.283876,-0.746171
0.284018,-0.745004
0.284161,-0.743837
0.284303,-0.74267
0.284445,-0.741504
0.284588,-0.740337
0.28473,-0.73917
0.284872,-0.738003
0.285014,-0.736836
0.285157,-0.73567
0.285299,-0.734503
0.285441,-0.733336
0.285584,-0.732169
0.285726,-0.731002
0.285868,-0.729836
0.286011,-0.728669
0.286153,-0.727502
0.286295,-0.726335
0.286437,-0.725168
0.28658,-0.724001
0.286722,-0.722835
0.286864,-0.721668
0.287007,-0.720501
0.287149,-0.719334
0.287291,-0.718167
0.287434,-0.717001
0.287576,-0.715834
0.287718,-0.714667
0.287861,-0.7135
0.288003,-0.712333
0.288145,-0.711167
0.288287,-0.71
0.28843,-0.708833
0.288572,-0.707666
0.288714,-0.706499
0.288857,-0.705333
0.288999,-0.704166
0.289141,-0.702999
0.289284,-0.701832
0.289426,-0.700665
0.289568,-0.699498
0.289711,-0.698332
0.289853,-0.697165
0.289995,-0.695998
0.290137,-0.694831
0.29028,-0.693664
0.290422,-0.692498
0.290564,-0.691331
0.290707,-0.690164
0.290849,-0.688997
0.290991,-0.68783
0.291134,-0.686664
0.291276,-0.685497
0.291418,-0.68433
0.29156,-0.683163
0.291703,-0.681996
0.291845,-0.680829
0.291987,-0.679663
0.29213,-0.678496
0.292272,-0.677329
0.292414,-0.676162
0.292557,-0.674995
0.292699,-0.673829
0.292841,-0.672662
0.292984,-0.671495
0.293126,-0.670328
0.293268,-0.669161
0.29341,-0.667995
0.293553,-0.666828
0.293695,-0.665661
0.293837,-0.664494
0.29398,-0.663327
0.294122,-0.662161
0.294264,-0.660994
0.294407,-0.659827
0.294549,-0.65866
0.294691,-0.657493
0.294834,-0.656326
0.294976,-0.65516
0.295118,-0.653993
0.29526,-0.652826
0.295403,-0.651659
0.295545,-0.650492
0.295687,-0.649326
0.29583,-0.648159
0.295972,-0.646992
0.296114,-0.645825
0.296257,-0.644658
0.296399,-0.643492
0.296541,-0.642325
0.296683,-0.641158
0.296826,-0.639991
0.296968,-0.638824
0.29711,-0.637658
0.297253,-0.636491
0.297395,-0.635324
0.297537,-0.634157
0.29768,-0.63299
0.297822,-0.631823
0.297964,-0.630657
0.298107,-0.62949
0.298249,-0.628323
0.298391,-0.627156
0.298533,-0.625989
0.298676,-0.624823
0.298818,-0.623656
0.300185,-0.623845
0.301552,-0.624034
0.302919,-0.624224
0.304286,-0.624413
0.305653,-0.624602
0.30702,-0.624792
0.308387,-0.624981
0.309754,-0.62517
0.311121,-0.62536
0.312488,-0.625549
0.313855,-0.625738
0.315222,-0.625928
0.316589,-0.626117
0.317956,-0.626306
0.319323,-0.626496
0.32069,-0.626685
0.322057,-0.626874
0.323424,-0.627063
0.324791,-0.627253
0.326158,-0.627442
0.327525,-0.627631
0.328892,-0.627821
0.330259,-0.62801
0.331626,-0.628199
0.332993,-0.628389
0.33436,-0.628578
0.335727,-0.628767
0.337094,-0.628957
0.338461,-0.629146
0.339828,-0.629335
0.341195,-0.629525
0.342562,-0.629714
0.343929,-0.629903
0.345296,-0.630093
0.346663,-0.630282
0.34803,-0.630471
0.349397,-0.63066
0.350764,-0.63085
0.352131,-0.631039
0.353498,-0.631228
0.354865,-0.631418
0.356232,-0.631607
0.357599,-0.631796
0.358966,-0.631986
0.360333,-0.632175
0.3617,-0.632364
0.363067,-0.632554
0.364434,-0.632743
0.365801,-0.632932
0.367168,-0.633122
0.368535,-0.633311
0.369903,-0.6335
0.37127,-0.63369
0.372637,-0.633879
0.374004,-0.634068
0.375371,-0.634257
0.376738,-0.634447
0.378105,-0.634636
0.379472,-0.634825
0.380839,-0.635015
0.382206,-0.635204
0.383573,-0.635393
0.38494,-0.635583
0.386307,-0.635772
0.387674,-0.635961
0.389041,-0.636151
0.390408,-0.63634
0.391775,-0.636529
0.393142,-0.636719
0.394509,-0.636908
0.395876,-0.637097
0.397243,-0.637287
0.39861,-0.637476
0.399977,-0.637665
0.401344,-0.637854
0.402711,-0.638044
0.404078,-0.638233
0.405445,-0.638422
0.406812,-0.638612
0.408179,-0.638801
0.409546,-0.63899
0.410913,-0.63918
0.41228,-0.639369
0.413647,-0.639558
0.415014,-0.639748
0.416381,-0.639937
0.417748,-0.640126
0.419115,-0.640316
0.420482,-0.640505
0.421849,-0.640694
0.423216,-0.640884
0.424583,-0.641073
0.42595,-0.641262
0.427317,-0.641451
0.428684,-0.641641
0.430051,-0.64183
0.431418,-0.642019
0.432785,-0.642209
0.434152,-0.642398
0.435519,-0.642587
0.436886,-0.642777
0.438253,-0.642966
0.43962,-0.643155
0.440987,-0.643345
0.442354,-0.643534
0.443721,-0.643723
0.445088,-0.643913
0.446455,-0.644102
0.447822,-0.644291
0.449189,-0.644481
0.450556,-0.64467
0.451923,-0.644859
0.45329,-0.645048
0.454657,-0.645238
0.456024,-0.645427
0.457391,-0.645616
0.458758,-0.645806
0.460125,-0.645995
0.461492,-0.646184
0.462859,-0.646374
0.464226,-0.646563
0.465593,-0.646752
0.46696,-0.646942
0.468327,-0.647131
0.469694,-0.64732
0.471061,-0.64751
0.472428,-0.647699
0.473795,-0.647888
0.475162,-0.648078
0.476529,-0.648267
0.477896,-0.648456
0.479263,-0.648645
0.48063,-0.648835
0.481997,-0.649024
0.483364,-0.649213
0.484731,-0.649403
0.486098,-0.649592
0.487465,-0.649781
0.488832,-0.649971
0.490199,-0.65016
0.491566,-0.650349
0.492933,-0.650539
0.4943,-0.650728
0.495667,-0.650917
0.497034,-0.651107
0.498401,-0.651296
0.499768,-0.651485
0.501135,-0.651675
0.502502,-0.651864
0.503869,-0.652053
0.504093,-0.650667
0.504316,-0.649281
0.50454,-0.647895
0.504763,-0.646509
0.504987,-0.645122
0.505211,-0.643736
0.505434,-0.64235
0.505658,-0.640964
0.505881,-0.639578
0.506105,-0.638192
0.506328,-0.636806
0.506552,-0.635419
0.506775,-0.634033
0.506999,-0.632647
0.507222,-0.631261
0.507446,-0.629875
0.50767,-0.628489
0.507893,-0.627103
0.508117,-0.625716
0.50834,-0.62433
0.508564,-0.622944
0.508787,-0.621558
0.509011,-0.620172
0.509234,-0.618786
0.509458,-0.6174
0.509681,-0.616013
0.509905,-0.614627
0.510129,-0.613241
0.510352,-0.611855
0.510576,-0.610469
0.510799,-0.609083
0.511023,-0.607697
0.511246,-0.60631
0.51147,-0.604924
0.511693,-0.603538
0.511917,-0.602152
0.51214,-0.600766
0.512364,-0.59938
0.512588,-0.597994
0.512811,-0.596607
0.513035,-0.595221
0.513258,-0.593835
0.513482,-0.592449
0.513705,-0.591063
0.513929,-0.589677
0.514152,-0.588291
0.514376,-0.586904
0.514599,-0.585518
0.514823,-0.584132
0.515047,-0.582746
0.51527,-0.58136
0.515494,-0.579974
0.515717,-0.578588
0.515941,-0.577201
0.516164,-0.575815
0.516388,-0.574429
0.516611,-0.573043
0.516835,-0.571657
0.517058,-0.570271
0.517282,-0.568885
0.517506,-0.567499
0.517729,-0.566112
0.517953,-0.564726
0.518176,-0.56334
0.5184,-0.561954
0.518623,-0.560568
0.518847,-0.559182
0.51907,-0.557796
0.519294,-0.556409
0.519517,-0.555023
0.519741,-0.553637
0.519965,-0.552251
0.520188,-0.550865
0.520412,-0.549479
0.520635,-0.548093
0.520859,-0.546706
0.521082,-0.54532
0.521306,-0.543934
0.521529,-0.542548
0.521753,-0.541162
0.521976,-0.539776
0.5222,-0.53839
0.522424,-0.537003
0.522647,-0.535617
0.522871,-0.534231
0.523094,-0.532845
0.523318,-0.531459
0.523541,-0.530073
0.523765,-0.528687
0.523988,-0.5273
0.524212,-0.525914
0.524435,-0.524528
0.524659,-0.523142
0.524883,-0.521756
0.525106,-0.52037
0.52533,-0.518984
0.525553,-0.517597
0.525777,-0.516211
0.526,-0.514825
0.526224,-0.513439
0.526447,-0.512053
0.526671,-0.510667
0.526894,-0.509281
0.527118,-0.507894
0.527342,-0.506508
0.527565,-0.505122
0.527789,-0.503736
0.528012,-0.50235
0.528236,-0.500964
0.528459,-0.499578
0.528683,-0.498191
0.528906,-0.496805
0.52913,-0.495419
0.529353,-0.494033
0.529577,-0.492647
0.5298,-0.491261
0.530024,-0.489875
0.530248,-0.488488
0.530471,-0.487102
0.530695,-0.485716
0.530918,-0.48433
0.531142,-0.482944
0.531365,-0.481558
0.531589,-0.480172
0.531812,-0.478785
0.532036,-0.477399
0.532259,-0.476013
0.532483,-0.474627
0.532707,-0.473241
0.53293,-0.471855
0.533154,-0.470469
0.533377,-0.469082
0.533601,-0.467696
0.533824,-0.46631
0.534048,-0.464924
0.534271,-0.463538
0.534495,-0.462152
0.534718,-0.460766
0.534942,-0.459379
0.535166,-0.457993
0.535389,-0.456607
0.535613,-0.455221
0.535836,-0.453835
0.53606,-0.452449
0.536283,-0.451063
0.536507,-0.449676
0.53673,-0.44829
0.536954,-0.446904
0.537177,-0.445518
