O
20
1,0,-1,0.78,-0.5,0.75,0.0,0.0,0.0,0.3,0.4,0.02,0,0.8,False
2,0,-1,1.1,-0.5,0.93,0.0,0.0,0.0,0.02,0.4,0.2,0,0.8,False
3,0,-1,0.78,-0.5,1.11,0.0,0.0,0.0,0.3,0.4,0.02,0,0.8,False
4,0,-1,0.8,-0.92,0.93,0.0,0.0,0.0,0.32,0.02,0.2,0,0.8,False
5,0,-1,0.8,-0.08,0.93,0.0,0.0,0.0,0.32,0.02,0.2,0,0.8,False
6,0,0,0.6314756396966991,-0.7921700688905512,0.86,0.0,0.0,5.977060249291071,0.035884260017510265,0.03,0.09,0.347733721049245,0.8731250758276948,False
7,2,0,0.8091158184003329,-0.8172813680935473,0.8571144637185347,0.0,0.0,2.056479438172416,0.03,0.03,0.1742289274370694,0.16878381959560712,0.8651436679317204,False
8,0,0,0.8813786986973339,-0.4441556082563823,0.86,0.0,0.0,0.6413045617333809,0.03902923839380062,0.03,0.09,0.3488965286840231,1.064683745002385,False
9,2,0,0.519571189601698,-0.3269014749530762,0.853009095958916,0.0,0.0,4.8291867204861,0.036021829283465354,0.036021829283465354,0.16601819191783207,0.09320334388690216,0.8578694245058822,False
10,2,0,0.9846230776910347,-0.5980955771971397,0.8450000000000001,0.0,0.0,2.149669313452265,0.03,0.03,0.15,0.40724434321313774,1.1661186988456598,False
11,0,1,0.9447940574137601,-0.2761701771185999,0.86,0.0,0.0,4.027498948321371,0.07294340609807026,0.054628509234407555,0.09,0.4887752047890987,1.015019085214375,True
12,2,1,0.7392640800336474,-0.17464039448162827,0.8450000000000001,0.0,0.0,0.5305669761343785,0.04500019731994428,0.04500019731994428,0.15,0.35452143993371715,0.9038966122541684,True
13,0,1,0.6475793361450145,-0.5670689410015854,0.9132079419940246,0.0,0.0,0.5832926720036843,0.03,0.05545770954594457,0.14320794199402453,0.4153917601966024,1.1992069200704347,True
14,2,1,0.533833001154474,-0.667346866233304,0.8450000000000001,0.0,0.0,1.594958093847272,0.03,0.03,0.15,0.026962402000060393,1.0630088721376327,True
15,2,1,1.006312682051568,-0.4946410178179763,0.8450000000000001,0.0,0.0,6.116605146984518,0.03,0.03,0.15,0.06275835032453153,1.0804696578414692,True
16,2,1,0.7686414115928226,-0.6096706074438922,0.8450000000000001,0.0,0.0,1.2328800567067393,0.03,0.03,0.15,0.39848468638237367,0.8378382087599408,True
17,0,1,0.7615550605584479,-0.43257771215800195,0.9093184646345412,0.0,0.0,5.545503400782661,0.04114975876991478,0.031668196515809106,0.13931846463454126,0.48760695210965926,1.0580828118222105,True
18,0,1,0.612481151664767,-0.4207332720473218,0.86,0.0,0.0,0.9027183182894006,0.03,0.03,0.09,0.39243340692103573,0.9500741490756419,True
19,2,1,0.9327360947133732,-0.8042382055301104,0.8450000000000001,0.0,0.0,5.341187609543318,0.03,0.03,0.15,0.3267583389509386,1.1021513637761142,True
20,2,1,0.6586467182431867,-0.2903273692714706,0.8450000000000001,0.0,0.0,0.1475543900375799,0.03,0.03,0.15,0.23827656310515138,1.029946052816617,True
R
0.0,0.0,0.0,0.0,0.0,0.0,1.0
S
8
torso_lift_joint,0
r_shoulder_pan_joint,-1.69017
r_shoulder_lift_joint,-0.0788625
r_upper_arm_roll_joint,-1.69017
r_elbow_flex_joint,-1.2717
r_forearm_roll_joint,-0.151824
r_wrist_flex_joint,-1.25254
r_wrist_roll_joint,0.675062
G
0.454481,-0.375149,0.853009,0.637879,-0,0
ooi
9
A
599
0.310248,-0.673113
0.309317,-0.672359
0.308385,-0.671606
0.307454,-0.670852
0.306522,-0.670098
0.305591,-0.669344
0.304659,-0.66859
0.303728,-0.667837
0.302797,-0.667083
0.301865,-0.666329
0.300934,-0.665575
0.300002,-0.664822
0.299071,-0.664068
0.298139,-0.663314
0.297208,-0.66256
0.296276,-0.661807
0.295345,-0.661053
0.294413,-0.660299
0.293482,-0.659545
0.292551,-0.658792
0.291619,-0.658038
0.290688,-0.657284
0.289756,-0.65653
0.288825,-0.655776
0.287893,-0.655023
0.286962,-0.654269
0.28603,-0.653515
0.285099,-0.652761
0.284168,-0.652008
0.283236,-0.651254
0.282305,-0.6505
0.281373,-0.649746
0.280442,-0.648993
0.27951,-0.648239
0.278579,-0.647485
0.277647,-0.646731
0.276716,-0.645977
0.275784,-0.645224
0.274853,-0.64447
0.273922,-0.643716
0.27299,-0.642962
0.272059,-0.642209
0.271127,-0.641455
0.270196,-0.640701
0.269264,-0.639947
0.268333,-0.639194
0.267401,-0.63844
0.26647,-0.637686
0.265538,-0.636932
0.264607,-0.636179
0.263676,-0.635425
0.262744,-0.634671
0.261813,-0.633917
0.260881,-0.633163
0.25995,-0.63241
0.259018,-0.631656
0.258087,-0.630902
0.257155,-0.630148
0.256224,-0.629395
0.255293,-0.628641
0.254361,-0.627887
0.25343,-0.627133
0.252498,-0.62638
0.251567,-0.625626
0.250635,-0.624872
0.249704,-0.624118
0.248772,-0.623364
0.247841,-0.622611
0.246909,-0.621857
0.245978,-0.621103
0.245047,-0.620349
0.244115,-0.619596
0.243184,-0.618842
0.242252,-0.618088
0.241321,-0.617334
0.240389,-0.616581
0.239458,-0.615827
0.238526,-0.615073
0.237595,-0.614319
0.236663,-0.613566
0.235732,-0.612812
0.234801,-0.612058
0.233869,-0.611304
0.232938,-0.61055
0.232006,-0.609797
0.231075,-0.609043
0.230143,-0.608289
0.229212,-0.607535
0.22828,-0.606782
0.227349,-0.606028
0.226418,-0.605274
0.225486,-0.60452
0.224555,-0.603767
0.223623,-0.603013
0.222692,-0.602259
0.22176,-0.601505
0.220829,-0.600751
0.219897,-0.599998
0.218966,-0.599244
0.218034,-0.59849
0.217103,-0.597736
0.216172,-0.596983
0.21524,-0.596229
0.214309,-0.595475
0.213377,-0.594721
0.212446,-0.593968
0.211514,-0.593214
0.210583,-0.59246
0.209651,-0.591706
0.20872,-0.590953
0.207788,-0.590199
0.206857,-0.589445
0.205926,-0.588691
0.204994,-0.587937
0.204063,-0.587184
0.203131,-0.58643
0.2022,-0.585676
0.201268,-0.584922
0.200337,-0.584169
0.199405,-0.583415
0.198474,-0.582661
0.197543,-0.581907
0.196611,-0.581154
0.19568,-0.5804
0.194748,-0.579646
0.193817,-0.578892
0.192885,-0.578138
0.191954,-0.577385
0.191022,-0.576631
0.190091,-0.575877
0.189159,-0.575123
0.188228,-0.57437
0.187297,-0.573616
0.186365,-0.572862
0.185434,-0.572108
0.184502,-0.571355
0.183571,-0.570601
0.182639,-0.569847
0.181708,-0.569093
0.180776,-0.56834
0.179845,-0.567586
0.178913,-0.566832
0.177982,-0.566078
0.177051,-0.565324
0.176119,-0.564571
0.175188,-0.563817
0.174256,-0.563063
0.173325,-0.562309
0.172393,-0.561556
0.171462,-0.560802
0.17053,-0.560048
0.171872,-0.559697
0.173214,-0.559347
0.174555,-0.558996
0.175897,-0.558645
0.177238,-0.558295
0.17858,-0.557944
0.179921,-0.557593
0.181263,-0.557243
0.182604,-0.556892
0.183946,-0.556541
0.185288,-0.556191
0.186629,-0.55584
0.187971,-0.555489
0.189312,-0.555138
0.190654,-0.554788
0.191995,-0.554437
0.193337,-0.554086
0.194679,-0.553736
0.19602,-0.553385
0.197362,-0.553034
0.198703,-0.552684
0.200045,-0.552333
0.201386,-0.551982
0.202728,-0.551632
0.204069,-0.551281
0.205411,-0.55093
0.206753,-0.55058
0.208094,-0.550229
0.209436,-0.549878
0.210777,-0.549527
0.212119,-0.549177
0.21346,-0.548826
0.214802,-0.548475
0.216143,-0.548125
0.217485,-0.547774
0.218827,-0.547423
0.220168,-0.547073
0.22151,-0.546722
0.222851,-0.546371
0.224193,-0.546021
0.225534,-0.54567
0.226876,-0.545319
0.228218,-0.544969
0.229559,-0.544618
0.230901,-0.544267
0.232242,-0.543917
0.233584,-0.543566
0.234925,-0.543215
0.236267,-0.542864
0.237608,-0.542514
0.23895,-0.542163
0.240292,-0.541812
0.241633,-0.541462
0.242975,-0.541111
0.244316,-0.54076
0.245658,-0.54041
0.246999,-0.540059
0.248341,-0.539708
0.249682,-0.539358
0.251024,-0.539007
0.252366,-0.538656
0.253707,-0.538306
0.255049,-0.537955
0.25639,-0.537604
0.257732,-0.537253
0.259073,-0.536903
0.260415,-0.536552
0.261757,-0.536201
0.263098,-0.535851
0.26444,-0.5355
0.265781,-0.535149
0.267123,-0.534799
0.268464,-0.534448
0.269806,-0.534097
0.271147,-0.533747
0.272489,-0.533396
0.273831,-0.533045
0.275172,-0.532695
0.276514,-0.532344
0.277855,-0.531993
0.279197,-0.531642
0.280538,-0.531292
0.28188,-0.530941
0.283221,-0.53059
0.284563,-0.53024
0.285905,-0.529889
0.287246,-0.529538
0.288588,-0.529188
0.289929,-0.528837
0.291271,-0.528486
0.292612,-0.528136
0.293954,-0.527785
0.295296,-0.527434
0.296637,-0.527084
0.297979,-0.526733
0.29932,-0.526382
0.300662,-0.526031
0.302003,-0.525681
0.303345,-0.52533
0.304686,-0.524979
0.306028,-0.524629
0.30737,-0.524278
0.308711,-0.523927
0.310053,-0.523577
0.311394,-0.523226
0.312736,-0.522875
0.314077,-0.522525
0.315419,-0.522174
0.316761,-0.521823
0.318102,-0.521473
0.319444,-0.521122
0.320785,-0.520771
0.322127,-0.52042
0.323468,-0.52007
0.32481,-0.519719
0.326151,-0.519368
0.327493,-0.519018
0.328835,-0.518667
0.330176,-0.518316
0.331518,-0.517966
0.332859,-0.517615
0.334201,-0.517264
0.335542,-0.516914
0.336884,-0.516563
0.338225,-0.516212
0.339567,-0.515862
0.340909,-0.515511
0.34225,-0.51516
0.343592,-0.51481
0.344933,-0.514459
0.346275,-0.514108
0.347616,-0.513757
0.348958,-0.513407
0.3503,-0.513056
0.351641,-0.512705
0.352983,-0.512355
0.354324,-0.512004
0.355666,-0.511653
0.357007,-0.511303
0.358349,-0.510952
0.35969,-0.510601
0.361032,-0.510251
0.362374,-0.5099
0.363715,-0.509549
0.365057,-0.509199
0.366398,-0.508848
0.36774,-0.508497
0.369081,-0.508146
0.370423,-0.507796
0.370806,-0.507213
0.371189,-0.50663
0.371572,-0.506048
0.371955,-0.505465
0.372337,-0.504882
0.37272,-0.5043
0.373103,-0.503717
0.373486,-0.503134
0.373869,-0.502552
0.374252,-0.501969
0.374635,-0.501386
0.375018,-0.500804
0.375401,-0.500221
0.375784,-0.499638
0.376166,-0.499056
0.376549,-0.498473
0.376932,-0.49789
0.377315,-0.497308
0.377698,-0.496725
0.378081,-0.496142
0.378464,-0.49556
0.378847,-0.494977
0.37923,-0.494394
0.379613,-0.493812
0.379995,-0.493229
0.380378,-0.492646
0.380761,-0.492064
0.381144,-0.491481
0.381527,-0.490898
0.38191,-0.490316
0.382293,-0.489733
0.382676,-0.48915
0.383059,-0.488567
0.383442,-0.487985
0.383824,-0.487402
0.384207,-0.486819
0.38459,-0.486237
0.384973,-0.485654
0.385356,-0.485071
0.385739,-0.484489
0.386122,-0.483906
0.386505,-0.483323
0.386888,-0.482741
0.387271,-0.482158
0.387653,-0.481575
0.388036,-0.480993
0.388419,-0.48041
0.388802,-0.479827
0.389185,-0.479245
0.389568,-0.478662
0.389951,-0.478079
0.390334,-0.477497
0.390717,-0.476914
0.391099,-0.476331
0.391482,-0.475749
0.391865,-0.475166
0.392248,-0.474583
0.392631,-0.474001
0.393014,-0.473418
0.393397,-0.472835
0.39378,-0.472253
0.394163,-0.47167
0.394546,-0.471087
0.394928,-0.470505
0.395311,-0.469922
0.395694,-0.469339
0.396077,-0.468757
0.39646,-0.468174
0.396843,-0.467591
0.397226,-0.467009
0.397609,-0.466426
0.397992,-0.465843
0.398375,-0.46526
0.398757,-0.464678
0.39914,-0.464095
0.399523,-0.463512
0.399906,-0.46293
0.400289,-0.462347
0.400672,-0.461764
0.401055,-0.461182
0.401438,-0.460599
0.401821,-0.460016
0.402204,-0.459434
0.402586,-0.458851
0.402969,-0.458268
0.403352,-0.457686
0.403735,-0.457103
0.404118,-0.45652
0.404501,-0.455938
0.404884,-0.455355
0.405267,-0.454772
0.40565,-0.45419
0.406033,-0.453607
0.406415,-0.453024
0.406798,-0.452442
0.407181,-0.451859
0.407564,-0.451276
0.407947,-0.450694
0.40833,-0.450111
0.408713,-0.449528
0.409096,-0.448946
0.409479,-0.448363
0.409862,-0.44778
0.410244,-0.447198
0.410627,-0.446615
0.41101,-0.446032
0.411393,-0.44545
0.411776,-0.444867
0.412159,-0.444284
0.412542,-0.443702
0.412925,-0.443119
0.413308,-0.442536
0.413691,-0.441953
0.414073,-0.441371
0.414456,-0.440788
0.414839,-0.440205
0.415222,-0.439623
0.415605,-0.43904
0.415988,-0.438457
0.416371,-0.437875
0.416754,-0.437292
0.417137,-0.436709
0.41752,-0.436127
0.417902,-0.435544
0.418285,-0.434961
0.418668,-0.434379
0.419051,-0.433796
0.419434,-0.433213
0.419817,-0.432631
0.4202,-0.432048
0.420583,-0.431465
0.420966,-0.430883
0.421349,-0.4303
0.421731,-0.429717
0.422114,-0.429135
0.422497,-0.428552
0.42288,-0.427969
0.423263,-0.427387
0.423646,-0.426804
0.424029,-0.426221
0.424412,-0.425639
0.424795,-0.425056
0.425178,-0.424473
0.42556,-0.423891
0.425943,-0.423308
0.426326,-0.422725
0.426709,-0.422143
0.427092,-0.42156
0.427475,-0.420977
0.427858,-0.420395
0.428037,-0.420091
0.428215,-0.419787
0.428394,-0.419484
0.428573,-0.41918
0.428751,-0.418876
0.42893,-0.418573
0.429109,-0.418269
0.429287,-0.417965
0.429466,-0.417662
0.429645,-0.417358
0.429823,-0.417054
0.430002,-0.416751
0.430181,-0.416447
0.430359,-0.416143
0.430538,-0.41584
0.430717,-0.415536
0.430895,-0.415232
0.431074,-0.414929
0.431253,-0.414625
0.431431,-0.414321
0.43161,-0.414018
0.431789,-0.413714
0.431968,-0.41341
0.432146,-0.413107
0.432325,-0.412803
0.432504,-0.412499
0.432682,-0.412196
0.432861,-0.411892
0.43304,-0.411588
0.433218,-0.411285
0.433397,-0.410981
0.433576,-0.410677
0.433754,-0.410374
0.433933,-0.41007
0.434112,-0.409766
0.43429,-0.409463
0.434469,-0.409159
0.434648,-0.408855
0.434826,-0.408552
0.435005,-0.408248
0.435184,-0.407945
0.435362,-0.407641
0.435541,-0.407337
0.43572,-0.407034
0.435899,-0.40673
0.436077,-0.406426
0.436256,-0.406123
0.436435,-0.405819
0.436613,-0.405515
0.436792,-0.405212
0.436971,-0.404908
0.437149,-0.404604
0.437328,-0.404301
0.437507,-0.403997
0.437685,-0.403693
0.437864,-0.40339
0.438043,-0.403086
0.438221,-0.402782
0.4384,-0.402479
0.438579,-0.402175
0.438757,-0.401871
0.438936,-0.401568
0.439115,-0.401264
0.439293,-0.40096
0.439472,-0.400657
0.439651,-0.400353
0.43983,-0.400049
0.440008,-0.399746
0.440187,-0.399442
0.440366,-0.399138
0.440544,-0.398835
0.440723,-0.398531
0.440902,-0.398227
0.44108,-0.397924
0.441259,-0.39762
0.441438,-0.397316
0.441616,-0.397013
0.441795,-0.396709
0.441974,-0.396405
0.442152,-0.396102
0.442331,-0.395798
0.44251,-0.395495
0.442688,-0.395191
0.442867,-0.394887
0.443046,-0.394584
0.443224,-0.39428
0.443403,-0.393976
0.443582,-0.393673
0.443761,-0.393369
0.443939,-0.393065
0.444118,-0.392762
0.444297,-0.392458
0.444475,-0.392154
0.444654,-0.391851
0.444833,-0.391547
0.445011,-0.391243
0.44519,-0.39094
0.445369,-0.390636
0.445547,-0.390332
0.445726,-0.390029
0.445905,-0.389725
0.446083,-0.389421
0.446262,-0.389118
0.446441,-0.388814
0.446619,-0.38851
0.446798,-0.388207
0.446977,-0.387903
0.447155,-0.387599
0.447334,-0.387296
0.447513,-0.386992
0.447692,-0.386688
0.44787,-0.386385
0.448049,-0.386081
0.448228,-0.385777
0.448406,-0.385474
0.448585,-0.38517
0.448764,-0.384866
0.448942,-0.384563
0.449121,-0.384259
0.4493,-0.383955
0.449478,-0.383652
0.449657,-0.383348
0.449836,-0.383045
0.450014,-0.382741
0.450193,-0.382437
0.450372,-0.382134
0.45055,-0.38183
0.450729,-0.381526
0.450908,-0.381223
0.451086,-0.380919
0.451265,-0.380615
0.451444,-0.380312
0.451623,-0.380008
0.451801,-0.379704
0.45198,-0.379401
0.452159,-0.379097
0.452337,-0.378793
0.452516,-0.37849
0.452695,-0.378186
0.452873,-0.377882
0.453052,-0.377579
0.453231,-0.377275
0.453409,-0.376971
0.453588,-0.376668
0.453767,-0.376364
0.453945,-0.37606
0.454124,-0.375757
0.454303,-0.375453
0.454481,-0.375149
