O
20
1,0,-1,0.78,-0.5,0.75,0.0,0.0,0.0,0.3,0.4,0.02,0,0.8,False
2,0,-1,1.1,-0.5,0.93,0.0,0.0,0.0,0.02,0.4,0.2,0,0.8,False
3,0,-1,0.78,-0.5,1.11,0.0,0.0,0.0,0.3,0.4,0.02,0,0.8,False
4,0,-1,0.8,-0.92,0.93,0.0,0.0,0.0,0.32,0.02,0.2,0,0.8,False
5,0,-1,0.8,-0.08,0.93,0.0,0.0,0.0,0.32,0.02,0.2,0,0.8,False
6,0,0,0.8371789929874742,-0.31243462518187404,0.8793362743609722,0.0,0.0,5.696831738731436,0.04591940579150577,0.03658098730286273,0.10933627436097211,0.2542481933903025,0.8374369278134266,False
7,0,0,0.5496150466388819,-0.4438853297782896,0.9032757691020981,0.0,0.0,0.8460535557189207,0.03,0.03,0.13327576910209799,0.2952227228186719,0.9788274404361038,False
8,2,0,1.0215976792980825,-0.6657953799217948,0.8473808233516055,0.0,0.0,1.3712180893897719,0.03,0.03,0.15476164670321077,0.02478328484165876,1.091311604388141,False
9,2,0,0.8143277393821197,-0.627007970997655,0.8450000000000001,0.0,0.0,5.807859940111418,0.04975494013702827,0.04975494013702827,0.15,0.14439581629482484,1.0237972419764052,False
10,0,0,0.5390093099841284,-0.19361068078685362,0.900528702343716,0.0,0.0,2.305953735273886,0.03,0.03,0.13052870234371597,0.046420401090681795,0.8341296135899665,False
11,2,1,0.8287516433261022,-0.8071676168569132,0.8450000000000001,0.0,0.0,4.888116765616969,0.03,0.03,0.15,0.11812708429074043,1.063553833814332,True
12,0,1,0.6404954341727283,-0.6348387045558213,0.9127363536192125,0.0,0.0,3.6368705633920446,0.03,0.03624660571036958,0.14273635361921247,0.09268668653150475,1.0794617362553718,True
13,2,1,0.7611760962519982,-0.4201454175831662,0.8450000000000001,0.0,0.0,3.5946784965653045,0.03,0.03,0.15,0.2658717749987179,1.1550062541067485,True
14,2,1,0.7485112875026341,-0.793478194502142,0.8450000000000001,0.0,0.0,1.5185841926726755,0.03,0.03,0.15,0.2202288964025071,1.0479698016846901,True
15,0,1,0.6889970680059712,-0.25927224319297426,0.86,0.0,0.0,5.356753574010233,0.04370351941803671,0.03,0.09,0.024396165066077835,1.055724144297215,True
16,2,1,1.0113477227641594,-0.5688370723314171,0.8450000000000001,0.0,0.0,0.354094601407821,0.03,0.03,0.15,0.27928551462274553,1.1783939559067185,True
17,2,1,1.0275348379271527,-0.20964075120814807,0.8524489178482137,0.0,0.0,5.430137923439768,0.03,0.03,0.16489783569642752,0.46964876820006246,1.1269684110396756,True
18,2,1,0.7960432021047281,-0.20829799727231502,0.8587585978579768,0.0,0.0,5.974791570677858,0.03,0.03,0.17751719571595348,0.47306584960781667,0.9746652625197073,True
19,2,1,0.6004162347518666,-0.8223314330980162,0.8450000000000001,0.0,0.0,3.1276812497097928,0.03,0.03,0.15,0.17526097577072608,1.1180168598782294,True
20,2,1,0.5193937277863102,-0.31212201995709177,0.8450000000000001,0.0,0.0,3.4611443493371543,0.03,0.03,0.15,0.25297706722927865,1.1033031636262498,True
R
0.0,0.0,0.0,0.0,0.0,0.0,1.0
S
8
torso_lift_joint,0
r_shoulder_pan_joint,-1.69017
r_shoulder_lift_joint,-0.0788625
r_upper_arm_roll_joint,-1.69017
r_elbow_flex_joint,-1.2717
r_forearm_roll_joint,-0.151824
r_wrist_flex_joint,-1.25254
r_wrist_roll_joint,0.675062
G
0.499894,-0.500036,0.903276,0.846054,-0,0
ooi
7
A
599
0.310248,-0.673113
0.310014,-0.67239
0.309779,-0.671666
0.309544,-0.670943
0.30931,-0.670219
0.309075,-0.669496
0.308841,-0.668772
0.308606,-0.668048
0.308372,-0.667325
0.308137,-0.666601
0.307902,-0.665878
0.307668,-0.665154
0.307433,-0.664431
0.307199,-0.663707
0.306964,-0.662984
0.306729,-0.66226
0.306495,-0.661537
0.30626,-0.660813
0.306026,-0.66009
0.305791,-0.659366
0.305557,-0.658643
0.305322,-0.657919
0.305087,-0.657196
0.304853,-0.656472
0.304618,-0.655749
0.304384,-0.655025
0.304149,-0.654302
0.303914,-0.653578
0.30368,-0.652855
0.303445,-0.652131
0.303211,-0.651408
0.302976,-0.650684
0.302741,-0.649961
0.302507,-0.649237
0.302272,-0.648514
0.302038,-0.64779
0.301803,-0.647067
0.301569,-0.646343
0.301334,-0.64562
0.301099,-0.644896
0.300865,-0.644173
0.30063,-0.643449
0.300396,-0.642726
0.300161,-0.642002
0.299926,-0.641279
0.299692,-0.640555
0.299457,-0.639832
0.299223,-0.639108
0.298988,-0.638385
0.298754,-0.637661
0.298519,-0.636937
0.298284,-0.636214
0.29805,-0.63549
0.297815,-0.634767
0.297581,-0.634043
0.297346,-0.63332
0.297111,-0.632596
0.296877,-0.631873
0.296642,-0.631149
0.296408,-0.630426
0.296173,-0.629702
0.295939,-0.628979
0.295704,-0.628255
0.295469,-0.627532
0.295235,-0.626808
0.295,-0.626085
0.294766,-0.625361
0.294531,-0.624638
0.294296,-0.623914
0.294062,-0.623191
0.293827,-0.622467
0.293593,-0.621744
0.293358,-0.62102
0.293124,-0.620297
0.292889,-0.619573
0.292654,-0.61885
0.29242,-0.618126
0.292185,-0.617403
0.291951,-0.616679
0.291716,-0.615956
0.291481,-0.615232
0.291247,-0.614509
0.291012,-0.613785
0.290778,-0.613062
0.290543,-0.612338
0.290309,-0.611615
0.290074,-0.610891
0.289839,-0.610168
0.289605,-0.609444
0.28937,-0.608721
0.289136,-0.607997
0.288901,-0.607273
0.288666,-0.60655
0.288432,-0.605826
0.288197,-0.605103
0.287963,-0.604379
0.287728,-0.603656
0.287494,-0.602932
0.287259,-0.602209
0.287024,-0.601485
0.28679,-0.600762
0.286555,-0.600038
0.286321,-0.599315
0.286086,-0.598591
0.285851,-0.597868
0.285617,-0.597144
0.285382,-0.596421
0.285148,-0.595697
0.284913,-0.594974
0.284679,-0.59425
0.284444,-0.593527
0.284209,-0.592803
0.283975,-0.59208
0.28374,-0.591356
0.283506,-0.590633
0.283271,-0.589909
0.283036,-0.589186
0.282802,-0.588462
0.282567,-0.587739
0.282333,-0.587015
0.282098,-0.586292
0.281864,-0.585568
0.281629,-0.584845
0.281394,-0.584121
0.28116,-0.583398
0.280925,-0.582674
0.280691,-0.581951
0.280456,-0.581227
0.280221,-0.580504
0.279987,-0.57978
0.279752,-0.579057
0.279518,-0.578333
0.279283,-0.57761
0.279049,-0.576886
0.278814,-0.576162
0.278579,-0.575439
0.278345,-0.574715
0.27811,-0.573992
0.277876,-0.573268
0.277641,-0.572545
0.277406,-0.571821
0.277172,-0.571098
0.276937,-0.570374
0.276703,-0.569651
0.276468,-0.568927
0.276234,-0.568204
0.275999,-0.56748
0.275764,-0.566757
0.27553,-0.566033
0.275295,-0.56531
0.275061,-0.564586
0.275779,-0.564128
0.276497,-0.563671
0.277215,-0.563213
0.277933,-0.562755
0.278651,-0.562297
0.279369,-0.561839
0.280087,-0.561381
0.280805,-0.560924
0.281523,-0.560466
0.282241,-0.560008
0.282959,-0.55955
0.283677,-0.559092
0.284395,-0.558634
0.285113,-0.558177
0.285832,-0.557719
0.28655,-0.557261
0.287268,-0.556803
0.287986,-0.556345
0.288704,-0.555887
0.289422,-0.55543
0.29014,-0.554972
0.290858,-0.554514
0.291576,-0.554056
0.292294,-0.553598
0.293012,-0.55314
0.29373,-0.552683
0.294448,-0.552225
0.295166,-0.551767
0.295884,-0.551309
0.296602,-0.550851
0.29732,-0.550393
0.298039,-0.549936
0.298757,-0.549478
0.299475,-0.54902
0.300193,-0.548562
0.300911,-0.548104
0.301629,-0.547646
0.302347,-0.547188
0.303065,-0.546731
0.303783,-0.546273
0.304501,-0.545815
0.305219,-0.545357
0.305937,-0.544899
0.306655,-0.544441
0.307373,-0.543984
0.308091,-0.543526
0.308809,-0.543068
0.309527,-0.54261
0.310246,-0.542152
0.310964,-0.541694
0.311682,-0.541237
0.3124,-0.540779
0.313118,-0.540321
0.313836,-0.539863
0.314554,-0.539405
0.315272,-0.538947
0.31599,-0.53849
0.316708,-0.538032
0.317426,-0.537574
0.318144,-0.537116
0.318862,-0.536658
0.31958,-0.5362
0.320298,-0.535743
0.321016,-0.535285
0.321734,-0.534827
0.322453,-0.534369
0.323171,-0.533911
0.323889,-0.533453
0.324607,-0.532996
0.325325,-0.532538
0.326043,-0.53208
0.326761,-0.531622
0.327479,-0.531164
0.328197,-0.530706
0.328915,-0.530249
0.329633,-0.529791
0.330351,-0.529333
0.331069,-0.528875
0.331787,-0.528417
0.332505,-0.527959
0.333223,-0.527501
0.333941,-0.527044
0.33466,-0.526586
0.335378,-0.526128
0.336096,-0.52567
0.336814,-0.525212
0.337532,-0.524754
0.33825,-0.524297
0.338968,-0.523839
0.339686,-0.523381
0.340404,-0.522923
0.341122,-0.522465
0.34184,-0.522007
0.342558,-0.52155
0.343276,-0.521092
0.343994,-0.520634
0.344712,-0.520176
0.34543,-0.519718
0.346148,-0.51926
0.346867,-0.518803
0.347585,-0.518345
0.348303,-0.517887
0.349021,-0.517429
0.349739,-0.516971
0.350457,-0.516513
0.351175,-0.516056
0.351893,-0.515598
0.352611,-0.51514
0.353329,-0.514682
0.354047,-0.514224
0.354765,-0.513766
0.355483,-0.513309
0.356201,-0.512851
0.356919,-0.512393
0.357637,-0.511935
0.358355,-0.511477
0.359074,-0.511019
0.359792,-0.510562
0.36051,-0.510104
0.361228,-0.509646
0.361946,-0.509188
0.362664,-0.50873
0.363382,-0.508272
0.3641,-0.507814
0.364818,-0.507357
0.365536,-0.506899
0.366254,-0.506441
0.366972,-0.505983
0.36769,-0.505525
0.368408,-0.505067
0.369126,-0.50461
0.369844,-0.504152
0.370562,-0.503694
0.371281,-0.503236
0.371999,-0.502778
0.372717,-0.50232
0.373435,-0.501863
0.374153,-0.501405
0.374871,-0.500947
0.375589,-0.500489
0.376307,-0.500031
0.377025,-0.499573
0.377743,-0.499116
0.378461,-0.498658
0.379179,-0.4982
0.379897,-0.497742
0.380615,-0.497284
0.381333,-0.496826
0.382051,-0.496369
0.382155,-0.496562
0.382258,-0.496755
0.382361,-0.496949
0.382464,-0.497142
0.382568,-0.497335
0.382671,-0.497528
0.382774,-0.497722
0.382877,-0.497915
0.382981,-0.498108
0.383084,-0.498302
0.383187,-0.498495
0.38329,-0.498688
0.383394,-0.498882
0.383497,-0.499075
0.3836,-0.499268
0.383703,-0.499462
0.383807,-0.499655
0.38391,-0.499848
0.384013,-0.500042
0.384116,-0.500235
0.384219,-0.500428
0.384323,-0.500622
0.384426,-0.500815
0.384529,-0.501008
0.384632,-0.501202
0.384736,-0.501395
0.384839,-0.501588
0.384942,-0.501782
0.385045,-0.501975
0.385149,-0.502168
0.385252,-0.502362
0.385355,-0.502555
0.385458,-0.502748
0.385562,-0.502941
0.385665,-0.503135
0.385768,-0.503328
0.385871,-0.503521
0.385975,-0.503715
0.386078,-0.503908
0.386181,-0.504101
0.386284,-0.504295
0.386388,-0.504488
0.386491,-0.504681
0.386594,-0.504875
0.386697,-0.505068
0.386801,-0.505261
0.386904,-0.505455
0.387007,-0.505648
0.38711,-0.505841
0.387214,-0.506035
0.387317,-0.506228
0.38742,-0.506421
0.387523,-0.506615
0.387626,-0.506808
0.38773,-0.507001
0.387833,-0.507195
0.387936,-0.507388
0.388039,-0.507581
0.388143,-0.507775
0.388246,-0.507968
0.388349,-0.508161
0.388452,-0.508354
0.388556,-0.508548
0.388659,-0.508741
0.388762,-0.508934
0.388865,-0.509128
0.388969,-0.509321
0.389072,-0.509514
0.389175,-0.509708
0.389278,-0.509901
0.389382,-0.510094
0.389485,-0.510288
0.389588,-0.510481
0.389691,-0.510674
0.389795,-0.510868
0.389898,-0.511061
0.390001,-0.511254
0.390104,-0.511448
0.390208,-0.511641
0.390311,-0.511834
0.390414,-0.512028
0.390517,-0.512221
0.39062,-0.512414
0.390724,-0.512608
0.390827,-0.512801
0.39093,-0.512994
0.391033,-0.513187
0.391137,-0.513381
0.39124,-0.513574
0.391343,-0.513767
0.391446,-0.513961
0.39155,-0.514154
0.391653,-0.514347
0.391756,-0.514541
0.391859,-0.514734
0.391963,-0.514927
0.392066,-0.515121
0.392169,-0.515314
0.392272,-0.515507
0.392376,-0.515701
0.392479,-0.515894
0.392582,-0.516087
0.392685,-0.516281
0.392789,-0.516474
0.392892,-0.516667
0.392995,-0.516861
0.393098,-0.517054
0.393202,-0.517247
0.393305,-0.517441
0.393408,-0.517634
0.393511,-0.517827
0.393615,-0.518021
0.393718,-0.518214
0.393821,-0.518407
0.393924,-0.5186
0.394027,-0.518794
0.394131,-0.518987
0.394234,-0.51918
0.394337,-0.519374
0.39444,-0.519567
0.394544,-0.51976
0.394647,-0.519954
0.39475,-0.520147
0.394853,-0.52034
0.394957,-0.520534
0.39506,-0.520727
0.395163,-0.52092
0.395266,-0.521114
0.39537,-0.521307
0.395473,-0.5215
0.395576,-0.521694
0.395679,-0.521887
0.395783,-0.52208
0.395886,-0.522274
0.395989,-0.522467
0.396092,-0.52266
0.396196,-0.522854
0.396299,-0.523047
0.396402,-0.52324
0.396505,-0.523433
0.396609,-0.523627
0.396712,-0.52382
0.396815,-0.524013
0.396918,-0.524207
0.397022,-0.5244
0.397125,-0.524593
0.397228,-0.524787
0.397331,-0.52498
0.397434,-0.525173
0.397538,-0.525367
0.398225,-0.525197
0.398912,-0.525027
0.399599,-0.524857
0.400286,-0.524687
0.400973,-0.524517
0.401659,-0.524347
0.402346,-0.524177
0.403033,-0.524007
0.40372,-0.523837
0.404407,-0.523667
0.405094,-0.523497
0.405781,-0.523327
0.406468,-0.523157
0.407155,-0.522987
0.407842,-0.522817
0.408529,-0.522647
0.409216,-0.522477
0.409903,-0.522307
0.41059,-0.522137
0.411277,-0.521967
0.411964,-0.521797
0.412651,-0.521627
0.413338,-0.521457
0.414025,-0.521287
0.414712,-0.521117
0.415399,-0.520947
0.416086,-0.520776
0.416773,-0.520606
0.417459,-0.520436
0.418146,-0.520266
0.418833,-0.520096
0.41952,-0.519926
0.420207,-0.519756
0.420894,-0.519586
0.421581,-0.519416
0.422268,-0.519246
0.422955,-0.519076
0.423642,-0.518906
0.424329,-0.518736
0.425016,-0.518566
0.425703,-0.518396
0.42639,-0.518226
0.427077,-0.518056
0.427764,-0.517886
0.428451,-0.517716
0.429138,-0.517546
0.429825,-0.517376
0.430512,-0.517206
0.431199,-0.517036
0.431886,-0.516866
0.432573,-0.516696
0.433259,-0.516526
0.433946,-0.516356
0.434633,-0.516186
0.43532,-0.516016
0.436007,-0.515846
0.436694,-0.515676
0.437381,-0.515506
0.438068,-0.515336
0.438755,-0.515166
0.439442,-0.514996
0.440129,-0.514826
0.440816,-0.514656
0.441503,-0.514486
0.44219,-0.514316
0.442877,-0.514146
0.443564,-0.513976
0.444251,-0.513806
0.444938,-0.513636
0.445625,-0.513466
0.446312,-0.513296
0.446999,-0.513126
0.447686,-0.512956
0.448373,-0.512786
0.44906,-0.512616
0.449746,-0.512446
0.450433,-0.512276
0.45112,-0.512106
0.451807,-0.511936
0.452494,-0.511766
0.453181,-0.511596
0.453868,-0.511426
0.454555,-0.511256
0.455242,-0.511086
0.455929,-0.510916
0.456616,-0.510746
0.457303,-0.510576
0.45799,-0.510406
0.458677,-0.510236
0.459364,-0.510066
0.460051,-0.509896
0.460738,-0.509726
0.461425,-0.509556
0.462112,-0.509386
0.462799,-0.509216
0.463486,-0.509046
0.464173,-0.508876
0.46486,-0.508706
0.465546,-0.508536
0.466233,-0.508366
0.46692,-0.508196
0.467607,-0.508026
0.468294,-0.507856
0.468981,-0.507686
0.469668,-0.507516
0.470355,-0.507346
0.471042,-0.507176
0.471729,-0.507006
0.472416,-0.506836
0.473103,-0.506666
0.47379,-0.506496
0.474477,-0.506326
0.475164,-0.506156
0.475851,-0.505986
0.476538,-0.505816
0.477225,-0.505646
0.477912,-0.505476
0.478599,-0.505306
0.479286,-0.505136
0.479973,-0.504966
0.48066,-0.504796
0.481346,-0.504626
0.482033,-0.504456
0.48272,-0.504286
0.483407,-0.504116
0.484094,-0.503946
0.484781,-0.503776
0.485468,-0.503606
0.486155,-0.503436
0.486842,-0.503266
0.487529,-0.503096
0.488216,-0.502926
0.488903,-0.502756
0.48959,-0.502586
0.490277,-0.502416
0.490964,-0.502246
0.491651,-0.502076
0.492338,-0.501906
0.493025,-0.501736
0.493712,-0.501566
0.494399,-0.501396
0.495086,-0.501226
0.495773,-0.501056
0.49646,-0.500886
0.497147,-0.500716
0.497833,-0.500546
0.49852,-0.500376
0.499207,-0.500206
0.499894,-0.500036
