O
20
1,0,-1,0.78,-0.5,0.75,0.0,0.0,0.0,0.3,0.4,0.02,0,0.8,False
2,0,-1,1.1,-0.5,0.93,0.0,0.0,0.0,0.02,0.4,0.2,0,0.8,False
3,0,-1,0.78,-0.5,1.11,0.0,0.0,0.0,0.3,0.4,0.02,0,0.8,False
4,0,-1,0.8,-0.92,0.93,0.0,0.0,0.0,0.32,0.02,0.2,0,0.8,False
5,0,-1,0.8,-0.08,0.93,0.0,0.0,0.0,0.32,0.02,0.2,0,0.8,False
6,2,0,0.9047100813777413,-0.30156582133045984,0.8450000000000001,0.0,0.0,4.616223490130584,0.05091559207322887,0.05091559207322887,0.15,0.14977078116214237,1.0267343451792525,False
7,2,0,0.7028533280541903,-0.2841533030491006,0.8450000000000001,0.0,0.0,0.7956486520627013,0.039816726348464816,0.039816726348464816,0.15,0.4768665793502762,0.8111647561166614,False
8,0,0,0.7046112542385263,-0.5155423972069964,0.86,0.0,0.0,0.06292749367284538,0.05155058887531098,0.03,0.09,0.36600834992918496,1.0813441249539262,False
9,2,0,0.9790076408994546,-0.8114915054148648,0.8450000000000001,0.0,0.0,2.6294588923526034,0.05350017873904705,0.05350017873904705,0.15,0.24565612352448862,0.8175604388719651,False
10,2,0,0.9908273399541732,-0.5724118326754635,0.8450000000000001,0.0,0.0,4.105730850775734,0.05443031922304397,0.05443031922304397,0.15,0.08537990490790298,1.0538957778333393,False
11,2,1,0.833831236364819,-0.48305651883813544,0.8450000000000001,0.0,0.0,1.6314654584579609,0.03,0.03,0.15,0.06200141211829008,1.0447023183254986,True
12,2,1,0.6907108422616852,-0.670706160936499,0.8554734698109123,0.0,0.0,6.0649846865083665,0.03,0.03,0.17094693962182467,0.24010815460035467,1.1845520634352424,True
13,2,1,0.8078692384744031,-0.6564469373962952,0.8450000000000001,0.0,0.0,4.778664906156202,0.03,0.03,0.15,0.41199726306402157,0.9920101886742055,True
14,2,1,0.5215928839349603,-0.1519911465711936,0.8450000000000001,0.0,0.0,1.7367897360643434,0.03,0.03,0.15,0.16185814979401603,1.195555315017468,True
15,2,1,0.5879724587117972,-0.39325999849519144,0.8450000000000001,0.0,0.0,4.886742260774098,0.03,0.03,0.15,0.10645817892478349,0.9558266833125827,True
16,0,1,0.8303934516953093,-0.8016844058497414,0.86,0.0,0.0,1.2267199360826733,0.03,0.03,0.09,0.43013247486617384,0.8097829667582915,True
17,2,1,0.5886124882293525,-0.5194812583545029,0.8450000000000001,0.0,0.0,2.8625461013927143,0.03,0.03,0.15,0.4531211621460617,1.1848637933298392,True
18,2,1,0.5488269885319588,-0.6930351882170203,0.8450000000000001,0.0,0.0,4.821687844136899,0.03,0.03,0.15,0.02048712029593469,1.098629795608541,True
19,0,1,0.9000457144348796,-0.18133890437145517,0.8979764944205947,0.0,0.0,3.1835938281120244,0.03,0.043367697245551826,0.1279764944205947,0.16368029834350856,0.8658145504596186,True
20,0,1,0.6941875581840722,-0.7852041653599312,0.86,0.0,0.0,2.9207733081133793,0.057390994718423606,0.052676287036052864,0.09,0.18538036350151266,1.0610457927808865,True
R
0.0,0.0,0.0,0.0,0.0,0.0,1.0
S
8
torso_lift_joint,0
r_shoulder_pan_joint,-1.69017
r_shoulder_lift_joint,-0.0788625
r_upper_arm_roll_joint,-1.69017
r_elbow_flex_joint,-1.2717
r_forearm_roll_joint,-0.151824
r_wrist_flex_joint,-1.25254
r_wrist_roll_joint,0.675062
G
0.636829,-0.337395,0.845,0.678636,-0,0
ooi
7
A
599
0.310248,-0.673113
0.310379,-0.673974
0.310509,-0.674834
0.31064,-0.675695
0.310771,-0.676555
0.310901,-0.677416
0.311032,-0.678276
0.311162,-0.679137
0.311293,-0.679998
0.311424,-0.680858
0.311554,-0.681719
0.311685,-0.682579
0.311816,-0.68344
0.311946,-0.6843
0.312077,-0.685161
0.312207,-0.686021
0.312338,-0.686882
0.312469,-0.687743
0.312599,-0.688603
0.31273,-0.689464
0.31286,-0.690324
0.312991,-0.691185
0.313122,-0.692045
0.313252,-0.692906
0.313383,-0.693766
0.313513,-0.694627
0.313644,-0.695488
0.313775,-0.696348
0.313905,-0.697209
0.314036,-0.698069
0.314167,-0.69893
0.314297,-0.69979
0.314428,-0.700651
0.314558,-0.701512
0.314689,-0.702372
0.31482,-0.703233
0.31495,-0.704093
0.315081,-0.704954
0.315211,-0.705814
0.315342,-0.706675
0.315473,-0.707535
0.315603,-0.708396
0.315734,-0.709257
0.315864,-0.710117
0.315995,-0.710978
0.316126,-0.711838
0.316256,-0.712699
0.316387,-0.713559
0.316518,-0.71442
0.316648,-0.71528
0.316779,-0.716141
0.316909,-0.717002
0.31704,-0.717862
0.317171,-0.718723
0.317301,-0.719583
0.317432,-0.720444
0.317562,-0.721304
0.317693,-0.722165
0.317824,-0.723026
0.317954,-0.723886
0.318085,-0.724747
0.318215,-0.725607
0.318346,-0.726468
0.318477,-0.727328
0.318607,-0.728189
0.318738,-0.729049
0.318869,-0.72991
0.318999,-0.730771
0.31913,-0.731631
0.31926,-0.732492
0.319391,-0.733352
0.319522,-0.734213
0.319652,-0.735073
0.319783,-0.735934
0.319913,-0.736794
0.320044,-0.737655
0.320175,-0.738516
0.320305,-0.739376
0.320436,-0.740237
0.320566,-0.741097
0.320697,-0.741958
0.320828,-0.742818
0.320958,-0.743679
0.321089,-0.74454
0.32122,-0.7454
0.32135,-0.746261
0.321481,-0.747121
0.321611,-0.747982
0.321742,-0.748842
0.321873,-0.749703
0.322003,-0.750563
0.322134,-0.751424
0.322264,-0.752285
0.322395,-0.753145
0.322526,-0.754006
0.322656,-0.754866
0.322787,-0.755727
0.322918,-0.756587
0.323048,-0.757448
0.323179,-0.758308
0.323309,-0.759169
0.32344,-0.76003
0.323571,-0.76089
0.323701,-0.761751
0.323832,-0.762611
0.323962,-0.763472
0.324093,-0.764332
0.324224,-0.765193
0.324354,-0.766053
0.324485,-0.766914
0.324615,-0.767775
0.324746,-0.768635
0.324877,-0.769496
0.325007,-0.770356
0.325138,-0.771217
0.325269,-0.772077
0.325399,-0.772938
0.32553,-0.773799
0.32566,-0.774659
0.325791,-0.77552
0.325922,-0.77638
0.326052,-0.777241
0.326183,-0.778101
0.326313,-0.778962
0.326444,-0.779822
0.326575,-0.780683
0.326705,-0.781544
0.326836,-0.782404
0.326966,-0.783265
0.327097,-0.784125
0.327228,-0.784986
0.327358,-0.785846
0.327489,-0.786707
0.32762,-0.787567
0.32775,-0.788428
0.327881,-0.789289
0.328011,-0.790149
0.328142,-0.79101
0.328273,-0.79187
0.328403,-0.792731
0.328534,-0.793591
0.328664,-0.794452
0.328795,-0.795313
0.328926,-0.796173
0.329056,-0.797034
0.329187,-0.797894
0.329317,-0.798755
0.329448,-0.799615
0.329579,-0.800476
0.329709,-0.801336
0.32984,-0.802197
0.331404,-0.80122
0.332969,-0.800242
0.334533,-0.799265
0.336097,-0.798287
0.337662,-0.79731
0.339226,-0.796332
0.34079,-0.795355
0.342355,-0.794378
0.343919,-0.7934
0.345483,-0.792423
0.347048,-0.791445
0.348612,-0.790468
0.350177,-0.78949
0.351741,-0.788513
0.353305,-0.787536
0.35487,-0.786558
0.356434,-0.785581
0.357998,-0.784603
0.359563,-0.783626
0.361127,-0.782648
0.362691,-0.781671
0.364256,-0.780694
0.36582,-0.779716
0.367384,-0.778739
0.368949,-0.777761
0.370513,-0.776784
0.372077,-0.775806
0.373642,-0.774829
0.375206,-0.773852
0.376771,-0.772874
0.378335,-0.771897
0.379899,-0.770919
0.381464,-0.769942
0.383028,-0.768964
0.384592,-0.767987
0.386157,-0.76701
0.387721,-0.766032
0.389285,-0.765055
0.39085,-0.764077
0.392414,-0.7631
0.393978,-0.762122
0.395543,-0.761145
0.397107,-0.760168
0.398671,-0.75919
0.400236,-0.758213
0.4018,-0.757235
0.403365,-0.756258
0.404929,-0.75528
0.406493,-0.754303
0.408058,-0.753326
0.409622,-0.752348
0.411186,-0.751371
0.412751,-0.750393
0.414315,-0.749416
0.415879,-0.748438
0.417444,-0.747461
0.419008,-0.746484
0.420572,-0.745506
0.422137,-0.744529
0.423701,-0.743551
0.425265,-0.742574
0.42683,-0.741596
0.428394,-0.740619
0.429959,-0.739642
0.431523,-0.738664
0.433087,-0.737687
0.434652,-0.736709
0.436216,-0.735732
0.43778,-0.734754
0.439345,-0.733777
0.440909,-0.7328
0.442473,-0.731822
0.444038,-0.730845
0.445602,-0.729867
0.447166,-0.72889
0.448731,-0.727912
0.450295,-0.726935
0.451859,-0.725958
0.453424,-0.72498
0.454988,-0.724003
0.456553,-0.723025
0.458117,-0.722048
0.459681,-0.72107
0.461246,-0.720093
0.46281,-0.719116
0.464374,-0.718138
0.465939,-0.717161
0.467503,-0.716183
0.469067,-0.715206
0.470632,-0.714228
0.472196,-0.713251
0.47376,-0.712274
0.475325,-0.711296
0.476889,-0.710319
0.478453,-0.709341
0.480018,-0.708364
0.481582,-0.707386
0.483147,-0.706409
0.484711,-0.705432
0.486275,-0.704454
0.48784,-0.703477
0.489404,-0.702499
0.490968,-0.701522
0.492533,-0.700544
0.494097,-0.699567
0.495661,-0.69859
0.497226,-0.697612
0.49879,-0.696635
0.500354,-0.695657
0.501919,-0.69468
0.503483,-0.693702
0.505047,-0.692725
0.506612,-0.691748
0.508176,-0.69077
0.509741,-0.689793
0.511305,-0.688815
0.512869,-0.687838
0.514434,-0.68686
0.515998,-0.685883
0.517562,-0.684906
0.519127,-0.683928
0.520691,-0.682951
0.522255,-0.681973
0.52382,-0.680996
0.525384,-0.680018
0.526948,-0.679041
0.528513,-0.678064
0.530077,-0.677086
0.531641,-0.676109
0.533206,-0.675131
0.53477,-0.674154
0.536335,-0.673176
0.537899,-0.672199
0.539463,-0.671222
0.541028,-0.670244
0.542592,-0.669267
0.544156,-0.668289
0.545721,-0.667312
0.547285,-0.666334
0.548849,-0.665357
0.550414,-0.66438
0.551978,-0.663402
0.553542,-0.662425
0.555107,-0.661447
0.556671,-0.66047
0.558235,-0.659492
0.5598,-0.658515
0.561364,-0.657538
0.562929,-0.65656
0.562585,-0.65534
0.562242,-0.65412
0.561899,-0.652899
0.561555,-0.651679
0.561212,-0.650458
0.560869,-0.649238
0.560526,-0.648018
0.560182,-0.646797
0.559839,-0.645577
0.559496,-0.644357
0.559153,-0.643136
0.558809,-0.641916
0.558466,-0.640696
0.558123,-0.639475
0.55778,-0.638255
0.557436,-0.637035
0.557093,-0.635814
0.55675,-0.634594
0.556407,-0.633374
0.556063,-0.632153
0.55572,-0.630933
0.555377,-0.629713
0.555034,-0.628492
0.55469,-0.627272
0.554347,-0.626052
0.554004,-0.624831
0.55366,-0.623611
0.553317,-0.622391
0.552974,-0.62117
0.552631,-0.61995
0.552287,-0.61873
0.551944,-0.617509
0.551601,-0.616289
0.551258,-0.615069
0.550914,-0.613848
0.550571,-0.612628
0.550228,-0.611408
0.549885,-0.610187
0.549541,-0.608967
0.549198,-0.607747
0.548855,-0.606526
0.548512,-0.605306
0.548168,-0.604086
0.547825,-0.602865
0.547482,-0.601645
0.547139,-0.600425
0.546795,-0.599204
0.546452,-0.597984
0.546109,-0.596764
0.545765,-0.595543
0.545422,-0.594323
0.545079,-0.593103
0.544736,-0.591882
0.544392,-0.590662
0.544049,-0.589442
0.543706,-0.588221
0.543363,-0.587001
0.543019,-0.585781
0.542676,-0.58456
0.542333,-0.58334
0.54199,-0.58212
0.541646,-0.580899
0.541303,-0.579679
0.54096,-0.578459
0.540617,-0.577238
0.540273,-0.576018
0.53993,-0.574798
0.539587,-0.573577
0.539244,-0.572357
0.5389,-0.571137
0.538557,-0.569916
0.538214,-0.568696
0.53787,-0.567476
0.537527,-0.566255
0.537184,-0.565035
0.536841,-0.563815
0.536497,-0.562594
0.536154,-0.561374
0.535811,-0.560154
0.535468,-0.558933
0.535124,-0.557713
0.534781,-0.556493
0.534438,-0.555272
0.534095,-0.554052
0.533751,-0.552832
0.533408,-0.551611
0.533065,-0.550391
0.532722,-0.549171
0.532378,-0.54795
0.532035,-0.54673
0.531692,-0.545509
0.531349,-0.544289
0.531005,-0.543069
0.530662,-0.541848
0.530319,-0.540628
0.529975,-0.539408
0.529632,-0.538187
0.529289,-0.536967
0.528946,-0.535747
0.528602,-0.534526
0.528259,-0.533306
0.527916,-0.532086
0.527573,-0.530865
0.527229,-0.529645
0.526886,-0.528425
0.526543,-0.527204
0.5262,-0.525984
0.525856,-0.524764
0.525513,-0.523543
0.52517,-0.522323
0.524827,-0.521103
0.524483,-0.519882
0.52414,-0.518662
0.523797,-0.517442
0.523454,-0.516221
0.52311,-0.515001
0.522767,-0.513781
0.522424,-0.51256
0.522081,-0.51134
0.521737,-0.51012
0.521394,-0.508899
0.521051,-0.507679
0.520707,-0.506459
0.520364,-0.505238
0.520021,-0.504018
0.519678,-0.502798
0.519334,-0.501577
0.518991,-0.500357
0.518648,-0.499137
0.518305,-0.497916
0.517961,-0.496696
0.517618,-0.495476
0.517275,-0.494255
0.516932,-0.493035
0.516588,-0.491815
0.516245,-0.490594
0.515902,-0.489374
0.515559,-0.488154
0.515215,-0.486933
0.514872,-0.485713
0.514529,-0.484493
0.514186,-0.483272
0.513842,-0.482052
0.513499,-0.480832
0.513156,-0.479611
0.512812,-0.478391
0.512469,-0.477171
0.512126,-0.47595
0.511783,-0.47473
0.511439,-0.47351
0.512281,-0.472596
0.513123,-0.471683
0.513964,-0.470769
0.514806,-0.469856
0.515647,-0.468942
0.516489,-0.468028
0.51733,-0.467115
0.518172,-0.466201
0.519013,-0.465288
0.519855,-0.464374
0.520696,-0.463461
0.521538,-0.462547
0.522379,-0.461634
0.523221,-0.46072
0.524063,-0.459807
0.524904,-0.458893
0.525746,-0.45798
0.526587,-0.457066
0.527429,-0.456153
0.52827,-0.455239
0.529112,-0.454326
0.529953,-0.453412
0.530795,-0.452499
0.531636,-0.451585
0.532478,-0.450672
0.53332,-0.449758
0.534161,-0.448845
0.535003,-0.447931
0.535844,-0.447018
0.536686,-0.446104
0.537527,-0.445191
0.538369,-0.444277
0.53921,-0.443364
0.540052,-0.44245
0.540893,-0.441536
0.541735,-0.440623
0.542577,-0.439709
0.543418,-0.438796
0.54426,-0.437882
0.545101,-0.436969
0.545943,-0.436055
0.546784,-0.435142
0.547626,-0.434228
0.548467,-0.433315
0.549309,-0.432401
0.55015,-0.431488
0.550992,-0.430574
0.551834,-0.429661
0.552675,-0.428747
0.553517,-0.427834
0.554358,-0.42692
0.5552,-0.426007
0.556041,-0.425093
0.556883,-0.42418
0.557724,-0.423266
0.558566,-0.422353
0.559407,-0.421439
0.560249,-0.420526
0.561091,-0.419612
0.561932,-0.418699
0.562774,-0.417785
0.563615,-0.416871
0.564457,-0.415958
0.565298,-0.415044
0.56614,-0.414131
0.566981,-0.413217
0.567823,-0.412304
0.568664,-0.41139
0.569506,-0.410477
0.570347,-0.409563
0.571189,-0.40865
0.572031,-0.407736
0.572872,-0.406823
0.573714,-0.405909
0.574555,-0.404996
0.575397,-0.404082
0.576238,-0.403169
0.57708,-0.402255
0.577921,-0.401342
0.578763,-0.400428
0.579604,-0.399515
0.580446,-0.398601
0.581288,-0.397688
0.582129,-0.396774
0.582971,-0.395861
0.583812,-0.394947
0.584654,-0.394034
0.585495,-0.39312
0.586337,-0.392207
0.587178,-0.391293
0.58802,-0.390379
0.588861,-0.389466
0.589703,-0.388552
0.590545,-0.387639
0.591386,-0.386725
0.592228,-0.385812
0.593069,-0.384898
0.593911,-0.383985
0.594752,-0.383071
0.595594,-0.382158
0.596435,-0.381244
0.597277,-0.380331
0.598118,-0.379417
0.59896,-0.378504
0.599802,-0.37759
0.600643,-0.376677
0.601485,-0.375763
0.602326,-0.37485
0.603168,-0.373936
0.604009,-0.373023
0.604851,-0.372109
0.605692,-0.371196
0.606534,-0.370282
0.607375,-0.369369
0.608217,-0.368455
0.609059,-0.367542
0.6099,-0.366628
0.610742,-0.365714
0.611583,-0.364801
0.612425,-0.363887
0.613266,-0.362974
0.614108,-0.36206
0.614949,-0.361147
0.615791,-0.360233
0.616632,-0.35932
0.617474,-0.358406
0.618315,-0.357493
0.619157,-0.356579
0.619999,-0.355666
0.62084,-0.354752
0.621682,-0.353839
0.622523,-0.352925
0.623365,-0.352012
0.624206,-0.351098
0.625048,-0.350185
0.625889,-0.349271
0.626731,-0.348358
0.627572,-0.347444
0.628414,-0.346531
0.629256,-0.345617
0.630097,-0.344704
0.630939,-0.34379
0.63178,-0.342877
0.632622,-0.341963
0.633463,-0.34105
0.634305,-0.340136
0.635146,-0.339222
0.635988,-0.338309
0.636829,-0.337395
