O
20
1,0,-1,0.78,-0.5,0.75,0.0,0.0,0.0,0.3,0.4,0.02,0,0.8,False
2,0,-1,1.1,-0.5,0.93,0.0,0.0,0.0,0.02,0.4,0.2,0,0.8,False
3,0,-1,0.78,-0.5,1.11,0.0,0.0,0.0,0.3,0.4,0.02,0,0.8,False
4,0,-1,0.8,-0.92,0.93,0.0,0.0,0.0,0.32,0.02,0.2,0,0.8,False
5,0,-1,0.8,-0.08,0.93,0.0,0.0,0.0,0.32,0.02,0.2,0,0.8,False
6,2,0,0.7784395642607145,-0.49358030440737144,0.854144958038157,0.0,0.0,3.942408282042311,0.051069674163842324,0.051069674163842324,0.16828991607631416,0.4952418805237981,1.1729758512238613,False
7,2,0,0.8202358324137113,-0.17868739119669041,0.8469350925609734,0.0,0.0,1.165383726532905,0.03,0.03,0.15387018512194683,0.2002334924822567,1.0015903970539444,False
8,2,0,0.8457983703902079,-0.8291609701381074,0.8450000000000001,0.0,0.0,4.688843912096587,0.04545355974069794,0.04545355974069794,0.15,0.1997124487399261,1.0804314726965447,False
9,2,0,0.6810671075933775,-0.15412115829300954,0.8450000000000001,0.0,0.0,3.458392726214184,0.03,0.03,0.15,0.04490498014493349,1.13949666029285,False
10,0,0,0.6029308459995362,-0.31603958372132823,0.86,0.0,0.0,0.48924901764999734,0.06950568015962387,0.03,0.09,0.029680309525453974,1.105181228005228,False
11,2,1,0.5722246194391332,-0.8127573523948289,0.8555331175577748,0.0,0.0,3.731325407242677,0.038231750506006905,0.038231750506006905,0.1710662351155495,0.3428988442290509,1.1757705318450982,True
12,0,1,0.9871099277345269,-0.8021560494046333,0.9014746340099065,0.0,0.0,1.5677840263276444,0.03,0.06835065837728359,0.13147463400990647,0.41642257223171986,1.0965891049011218,True
13,2,1,0.5588338114444636,-0.19171458109885187,0.8450000000000001,0.0,0.0,2.689025435612092,0.03221858119997932,0.03221858119997932,0.15,0.43431477093450765,1.022774951303866,True
14,0,1,0.9438219833626829,-0.3437441158053356,0.86,0.0,0.0,2.7952813558591534,0.04344244648646461,0.06839863740837082,0.09,0.29477091154620244,1.0123728040449043,True
15,0,1,0.572177655210816,-0.45442897908063073,0.86,0.0,0.0,1.2730897105660854,0.03,0.04157086327150516,0.09,0.07002186448496833,0.9467573791667191,True
16,2,1,0.9173764886424736,-0.6396326809341752,0.8664463934233879,0.0,0.0,5.690582240117513,0.041569550689776025,0.041569550689776025,0.1928927868467758,0.3732901300206142,1.013602521647408,True
17,2,1,0.9363424023799384,-0.4847141778662172,0.8450000000000001,0.0,0.0,0.9730626765273674,0.03,0.03,0.15,0.4036137947215102,0.8411317809166041,True
18,0,1,0.5675523011129334,-0.6674959776788795,0.8780240872753569,0.0,0.0,5.253197894839542,0.07043688594735996,0.03,0.1080240872753569,0.1528342877835811,0.8509918516476602,True
19,2,1,0.5756018131800547,-0.5445523528620759,0.8450000000000001,0.0,0.0,6.018955235041843,0.03,0.03,0.15,0.02219817036808186,0.9733268869097198,True
20,2,1,1.0182504694769139,-0.18488784616863974,0.8561253425485225,0.0,0.0,3.389680918794346,0.03909394440225643,0.03909394440225643,0.17225068509704503,0.3659080719652079,0.8475971190288589,True
R
0.0,0.0,0.0,0.0,0.0,0.0,1.0
S
8
torso_lift_joint,0
r_shoulder_pan_joint,-1.69017
r_shoulder_lift_joint,-0.0788625
r_upper_arm_roll_joint,-1.69017
r_elbow_flex_joint,-1.2717
r_forearm_roll_joint,-0.151824
r_wrist_flex_joint,-1.25254
r_wrist_roll_joint,0.675062
G
0.501858,-0.369853,0.86,0.489249,-0,0
ooi
10
A
599
0.310248,-0.673113
0.311418,-0.67298
0.312588,-0.672847
0.313758,-0.672714
0.314927,-0.672581
0.316097,-0.672448
0.317267,-0.672315
0.318437,-0.672182
0.319606,-0.672049
0.320776,-0.671916
0.321946,-0.671783
0.323116,-0.67165
0.324285,-0.671517
0.325455,-0.671384
0.326625,-0.671251
0.327795,-0.671117
0.328965,-0.670984
0.330134,-0.670851
0.331304,-0.670718
0.332474,-0.670585
0.333644,-0.670452
0.334813,-0.670319
0.335983,-0.670186
0.337153,-0.670053
0.338323,-0.66992
0.339493,-0.669787
0.340662,-0.669654
0.341832,-0.669521
0.343002,-0.669388
0.344172,-0.669255
0.345341,-0.669122
0.346511,-0.668989
0.347681,-0.668856
0.348851,-0.668723
0.350021,-0.66859
0.35119,-0.668457
0.35236,-0.668324
0.35353,-0.668191
0.3547,-0.668058
0.355869,-0.667924
0.357039,-0.667791
0.358209,-0.667658
0.359379,-0.667525
0.360548,-0.667392
0.361718,-0.667259
0.362888,-0.667126
0.364058,-0.666993
0.365228,-0.66686
0.366397,-0.666727
0.367567,-0.666594
0.368737,-0.666461
0.369907,-0.666328
0.371076,-0.666195
0.372246,-0.666062
0.373416,-0.665929
0.374586,-0.665796
0.375756,-0.665663
0.376925,-0.66553
0.378095,-0.665397
0.379265,-0.665264
0.380435,-0.665131
0.381604,-0.664998
0.382774,-0.664865
0.383944,-0.664732
0.385114,-0.664598
0.386284,-0.664465
0.387453,-0.664332
0.388623,-0.664199
0.389793,-0.664066
0.390963,-0.663933
0.392132,-0.6638
0.393302,-0.663667
0.394472,-0.663534
0.395642,-0.663401
0.396812,-0.663268
0.397981,-0.663135
0.399151,-0.663002
0.400321,-0.662869
0.401491,-0.662736
0.40266,-0.662603
0.40383,-0.66247
0.405,-0.662337
0.40617,-0.662204
0.407339,-0.662071
0.408509,-0.661938
0.409679,-0.661805
0.410849,-0.661672
0.412019,-0.661539
0.413188,-0.661405
0.414358,-0.661272
0.415528,-0.661139
0.416698,-0.661006
0.417867,-0.660873
0.419037,-0.66074
0.420207,-0.660607
0.421377,-0.660474
0.422547,-0.660341
0.423716,-0.660208
0.424886,-0.660075
0.426056,-0.659942
0.427226,-0.659809
0.428395,-0.659676
0.429565,-0.659543
0.430735,-0.65941
0.431905,-0.659277
0.433075,-0.659144
0.434244,-0.659011
0.435414,-0.658878
0.436584,-0.658745
0.437754,-0.658612
0.438923,-0.658479
0.440093,-0.658346
0.441263,-0.658213
0.442433,-0.658079
0.443603,-0.657946
0.444772,-0.657813
0.445942,-0.65768
0.447112,-0.657547
0.448282,-0.657414
0.449451,-0.657281
0.450621,-0.657148
0.451791,-0.657015
0.452961,-0.656882
0.45413,-0.656749
0.4553,-0.656616
0.45647,-0.656483
0.45764,-0.65635
0.45881,-0.656217
0.459979,-0.656084
0.461149,-0.655951
0.462319,-0.655818
0.463489,-0.655685
0.464658,-0.655552
0.465828,-0.655419
0.466998,-0.655286
0.468168,-0.655153
0.469338,-0.65502
0.470507,-0.654886
0.471677,-0.654753
0.472847,-0.65462
0.474017,-0.654487
0.475186,-0.654354
0.476356,-0.654221
0.477526,-0.654088
0.478696,-0.653955
0.479866,-0.653822
0.481035,-0.653689
0.482205,-0.653556
0.483375,-0.653423
0.484545,-0.65329
0.485714,-0.653157
0.485339,-0.653189
0.484964,-0.653222
0.484589,-0.653254
0.484214,-0.653286
0.483839,-0.653319
0.483464,-0.653351
0.483089,-0.653384
0.482713,-0.653416
0.482338,-0.653448
0.481963,-0.653481
0.481588,-0.653513
0.481213,-0.653546
0.480838,-0.653578
0.480463,-0.65361
0.480088,-0.653643
0.479712,-0.653675
0.479337,-0.653707
0.478962,-0.65374
0.478587,-0.653772
0.478212,-0.653805
0.477837,-0.653837
0.477462,-0.653869
0.477087,-0.653902
0.476711,-0.653934
0.476336,-0.653966
0.475961,-0.653999
0.475586,-0.654031
0.475211,-0.654064
0.474836,-0.654096
0.474461,-0.654128
0.474086,-0.654161
0.47371,-0.654193
0.473335,-0.654225
0.47296,-0.654258
0.472585,-0.65429
0.47221,-0.654323
0.471835,-0.654355
0.47146,-0.654387
0.471085,-0.65442
0.470709,-0.654452
0.470334,-0.654484
0.469959,-0.654517
0.469584,-0.654549
0.469209,-0.654582
0.468834,-0.654614
0.468459,-0.654646
0.468084,-0.654679
0.467708,-0.654711
0.467333,-0.654744
0.466958,-0.654776
0.466583,-0.654808
0.466208,-0.654841
0.465833,-0.654873
0.465458,-0.654905
0.465083,-0.654938
0.464707,-0.65497
0.464332,-0.655003
0.463957,-0.655035
0.463582,-0.655067
0.463207,-0.6551
0.462832,-0.655132
0.462457,-0.655164
0.462082,-0.655197
0.461706,-0.655229
0.461331,-0.655262
0.460956,-0.655294
0.460581,-0.655326
0.460206,-0.655359
0.459831,-0.655391
0.459456,-0.655423
0.459081,-0.655456
0.458705,-0.655488
0.45833,-0.655521
0.457955,-0.655553
0.45758,-0.655585
0.457205,-0.655618
0.45683,-0.65565
0.456455,-0.655683
0.45608,-0.655715
0.455704,-0.655747
0.455329,-0.65578
0.454954,-0.655812
0.454579,-0.655844
0.454204,-0.655877
0.453829,-0.655909
0.453454,-0.655942
0.453079,-0.655974
0.452703,-0.656006
0.452328,-0.656039
0.451953,-0.656071
0.451578,-0.656103
0.451203,-0.656136
0.450828,-0.656168
0.450453,-0.656201
0.450078,-0.656233
0.449702,-0.656265
0.449327,-0.656298
0.448952,-0.65633
0.448577,-0.656362
0.448202,-0.656395
0.447827,-0.656427
0.447452,-0.65646
0.447077,-0.656492
0.446702,-0.656524
0.446326,-0.656557
0.445951,-0.656589
0.445576,-0.656621
0.445201,-0.656654
0.444826,-0.656686
0.444451,-0.656719
0.444076,-0.656751
0.443701,-0.656783
0.443325,-0.656816
0.44295,-0.656848
0.442575,-0.656881
0.4422,-0.656913
0.441825,-0.656945
0.44145,-0.656978
0.441075,-0.65701
0.4407,-0.657042
0.440324,-0.657075
0.439949,-0.657107
0.439574,-0.65714
0.439199,-0.657172
0.438824,-0.657204
0.438449,-0.657237
0.438074,-0.657269
0.437699,-0.657301
0.437323,-0.657334
0.436948,-0.657366
0.436573,-0.657399
0.436198,-0.657431
0.435823,-0.657463
0.435448,-0.657496
0.435073,-0.657528
0.434698,-0.65756
0.434322,-0.657593
0.433947,-0.657625
0.433572,-0.657658
0.433197,-0.65769
0.432822,-0.657722
0.432447,-0.657755
0.432072,-0.657787
0.431697,-0.657819
0.431321,-0.657852
0.430946,-0.657884
0.430571,-0.657917
0.430196,-0.657949
0.429821,-0.657981
0.43073,-0.656465
0.431638,-0.654949
0.432547,-0.653433
0.433455,-0.651917
0.434364,-0.650401
0.435272,-0.648885
0.436181,-0.647368
0.43709,-0.645852
0.437998,-0.644336
0.438907,-0.64282
0.439815,-0.641304
0.440724,-0.639788
0.441633,-0.638272
0.442541,-0.636755
0.44345,-0.635239
0.444358,-0.633723
0.445267,-0.632207
0.446176,-0.630691
0.447084,-0.629175
0.447993,-0.627659
0.448901,-0.626142
0.44981,-0.624626
0.450719,-0.62311
0.451627,-0.621594
0.452536,-0.620078
0.453444,-0.618562
0.454353,-0.617046
0.455262,-0.61553
0.45617,-0.614013
0.457079,-0.612497
0.457987,-0.610981
0.458896,-0.609465
0.459805,-0.607949
0.460713,-0.606433
0.461622,-0.604917
0.46253,-0.6034
0.463439,-0.601884
0.464347,-0.600368
0.465256,-0.598852
0.466165,-0.597336
0.467073,-0.59582
0.467982,-0.594304
0.46889,-0.592787
0.469799,-0.591271
0.470708,-0.589755
0.471616,-0.588239
0.472525,-0.586723
0.473433,-0.585207
0.474342,-0.583691
0.475251,-0.582174
0.476159,-0.580658
0.477068,-0.579142
0.477976,-0.577626
0.478885,-0.57611
0.479794,-0.574594
0.480702,-0.573078
0.481611,-0.571562
0.482519,-0.570045
0.483428,-0.568529
0.484337,-0.567013
0.485245,-0.565497
0.486154,-0.563981
0.487062,-0.562465
0.487971,-0.560949
0.488879,-0.559432
0.489788,-0.557916
0.490697,-0.5564
0.491605,-0.554884
0.492514,-0.553368
0.493422,-0.551852
0.494331,-0.550336
0.49524,-0.548819
0.496148,-0.547303
0.497057,-0.545787
0.497965,-0.544271
0.498874,-0.542755
0.499783,-0.541239
0.500691,-0.539723
0.5016,-0.538206
0.502508,-0.53669
0.503417,-0.535174
0.504326,-0.533658
0.505234,-0.532142
0.506143,-0.530626
0.507051,-0.52911
0.50796,-0.527594
0.508869,-0.526077
0.509777,-0.524561
0.510686,-0.523045
0.511594,-0.521529
0.512503,-0.520013
0.513411,-0.518497
0.51432,-0.516981
0.515229,-0.515464
0.516137,-0.513948
0.517046,-0.512432
0.517954,-0.510916
0.518863,-0.5094
0.519772,-0.507884
0.52068,-0.506368
0.521589,-0.504851
0.522497,-0.503335
0.523406,-0.501819
0.524315,-0.500303
0.525223,-0.498787
0.526132,-0.497271
0.52704,-0.495755
0.527949,-0.494238
0.528858,-0.492722
0.529766,-0.491206
0.530675,-0.48969
0.531583,-0.488174
0.532492,-0.486658
0.533401,-0.485142
0.534309,-0.483626
0.535218,-0.482109
0.536126,-0.480593
0.537035,-0.479077
0.537944,-0.477561
0.538852,-0.476045
0.539761,-0.474529
0.540669,-0.473013
0.541578,-0.471496
0.542486,-0.46998
0.543395,-0.468464
0.544304,-0.466948
0.545212,-0.465432
0.546121,-0.463916
0.547029,-0.4624
0.547938,-0.460883
0.548847,-0.459367
0.549755,-0.457851
0.550664,-0.456335
0.551572,-0.454819
0.552481,-0.453303
0.55339,-0.451787
0.554298,-0.45027
0.555207,-0.448754
0.556115,-0.447238
0.557024,-0.445722
0.557933,-0.444206
0.558841,-0.44269
0.55975,-0.441174
0.560658,-0.439657
0.561567,-0.438141
0.562476,-0.436625
0.563384,-0.435109
0.564293,-0.433593
0.565201,-0.432077
0.56611,-0.430561
0.565679,-0.430153
0.565247,-0.429746
0.564816,-0.429338
0.564385,-0.428931
0.563954,-0.428524
0.563523,-0.428116
0.563091,-0.427709
0.56266,-0.427301
0.562229,-0.426894
0.561798,-0.426486
0.561366,-0.426079
0.560935,-0.425671
0.560504,-0.425264
0.560073,-0.424857
0.559642,-0.424449
0.55921,-0.424042
0.558779,-0.423634
0.558348,-0.423227
0.557917,-0.422819
0.557486,-0.422412
0.557054,-0.422005
0.556623,-0.421597
0.556192,-0.42119
0.555761,-0.420782
0.555329,-0.420375
0.554898,-0.419967
0.554467,-0.41956
0.554036,-0.419153
0.553605,-0.418745
0.553173,-0.418338
0.552742,-0.41793
0.552311,-0.417523
0.55188,-0.417115
0.551448,-0.416708
0.551017,-0.4163
0.550586,-0.415893
0.550155,-0.415486
0.549724,-0.415078
0.549292,-0.414671
0.548861,-0.414263
0.54843,-0.413856
0.547999,-0.413448
0.547567,-0.413041
0.547136,-0.412634
0.546705,-0.412226
0.546274,-0.411819
0.545843,-0.411411
0.545411,-0.411004
0.54498,-0.410596
0.544549,-0.410189
0.544118,-0.409782
0.543687,-0.409374
0.543255,-0.408967
0.542824,-0.408559
0.542393,-0.408152
0.541962,-0.407744
0.54153,-0.407337
0.541099,-0.40693
0.540668,-0.406522
0.540237,-0.406115
0.539806,-0.405707
0.539374,-0.4053
0.538943,-0.404892
0.538512,-0.404485
0.538081,-0.404077
0.537649,-0.40367
0.537218,-0.403263
0.536787,-0.402855
0.536356,-0.402448
0.535925,-0.40204
0.535493,-0.401633
0.535062,-0.401225
0.534631,-0.400818
0.5342,-0.400411
0.533768,-0.400003
0.533337,-0.399596
0.532906,-0.399188
0.532475,-0.398781
0.532044,-0.398373
0.531612,-0.397966
0.531181,-0.397559
0.53075,-0.397151
0.530319,-0.396744
0.529888,-0.396336
0.529456,-0.395929
0.529025,-0.395521
0.528594,-0.395114
0.528163,-0.394706
0.527731,-0.394299
0.5273,-0.393892
0.526869,-0.393484
0.526438,-0.393077
0.526007,-0.392669
0.525575,-0.392262
0.525144,-0.391854
0.524713,-0.391447
0.524282,-0.39104
0.52385,-0.390632
0.523419,-0.390225
0.522988,-0.389817
0.522557,-0.38941
0.522126,-0.389002
0.521694,-0.388595
0.521263,-0.388188
0.520832,-0.38778
0.520401,-0.387373
0.519969,-0.386965
0.519538,-0.386558
0.519107,-0.38615
0.518676,-0.385743
0.518245,-0.385336
0.517813,-0.384928
0.517382,-0.384521
0.516951,-0.384113
0.51652,-0.383706
0.516089,-0.383298
0.515657,-0.382891
0.515226,-0.382483
0.514795,-0.382076
0.514364,-0.381669
0.513932,-0.381261
0.513501,-0.380854
0.51307,-0.380446
0.512639,-0.380039
0.512208,-0.379631
0.511776,-0.379224
0.511345,-0.378817
0.510914,-0.378409
0.510483,-0.378002
0.510051,-0.377594
0.50962,-0.377187
0.509189,-0.376779
0.508758,-0.376372
0.508327,-0.375965
0.507895,-0.375557
0.507464,-0.37515
0.507033,-0.374742
0.506602,-0.374335
0.50617,-0.373927
0.505739,-0.37352
0.505308,-0.373113
0.504877,-0.372705
0.504446,-0.372298
0.504014,-0.37189
0.503583,-0.371483
0.503152,-0.371075
0.502721,-0.370668
0.502289,-0.37026
0.501858,-0.369853
