O
20
1,0,-1,0.78,-0.5,0.75,0.0,0.0,0.0,0.3,0.4,0.02,0,0.8,False
2,0,-1,1.1,-0.5,0.93,0.0,0.0,0.0,0.02,0.4,0.2,0,0.8,False
3,0,-1,0.78,-0.5,1.11,0.0,0.0,0.0,0.3,0.4,0.02,0,0.8,False
4,0,-1,0.8,-0.92,0.93,0.0,0.0,0.0,0.32,0.02,0.2,0,0.8,False
5,0,-1,0.8,-0.08,0.93,0.0,0.0,0.0,0.32,0.02,0.2,0,0.8,False
6,2,0,0.5770054421305482,-0.45390885152174315,0.8450000000000001,0.0,0.0,1.9147195213884889,0.03,0.03,0.15,0.44810650267157176,1.1351472800778533,False
7,2,0,0.6529775700418725,-0.3045837373038057,0.8450000000000001,0.0,0.0,5.129623113831387,0.03,0.03,0.15,0.29761976830094045,0.8689974247558161,False
8,2,0,0.924299243444632,-0.7810521696283574,0.8450000000000001,0.0,0.0,5.10184665922754,0.03,0.03,0.15,0.2548592017653176,0.9173682728423744,False
9,2,0,0.8332843470359719,-0.5544569398237071,0.8450000000000001,0.0,0.0,2.6064476339141187,0.03,0.03,0.15,0.22219169742844946,0.9180525272451748,False
10,0,0,0.9136395086865461,-0.4035150834414179,0.8960227280342805,0.0,0.0,4.276729828745609,0.03735048064737761,0.062156627661240665,0.12602272803428055,0.2151919601644139,0.8990737504460092,False
11,0,1,0.8909956894740945,-0.15608515391783395,0.86,0.0,0.0,5.524882848772064,0.03,0.034588526705596014,0.09,0.14878253253372847,0.9972516834981753,True
12,2,1,0.6154448850334528,-0.587339695229096,0.8450000000000001,0.0,0.0,0.015369690016002371,0.03198046227385771,0.03198046227385771,0.15,0.3773408581625842,0.9141529395174434,True
13,0,1,0.6618861550016761,-0.4685947568586967,0.8778059686316497,0.0,0.0,3.3259644292831223,0.03,0.031228732004831252,0.10780596863164965,0.3734363168669177,1.1604263866445181,True
14,2,1,0.687252759592066,-0.8157758407309572,0.8450000000000001,0.0,0.0,4.8485533126828315,0.04838579207745058,0.04838579207745058,0.15,0.44483329695250157,1.0218820057787326,True
15,0,1,0.7601410724063616,-0.6810951727313859,0.86,0.0,0.0,2.937785675288544,0.0478217534590415,0.03,0.09,0.387387296487442,1.133151853670484,True
16,2,1,0.5187240878254816,-0.6040458994443376,0.855168784071094,0.0,0.0,2.1102862820714576,0.03,0.03,0.17033756814218792,0.43448954457962446,1.1143113695741031,True
17,2,1,0.7396166577670961,-0.17367615340173537,0.8594686589495757,0.0,0.0,0.6959162956937589,0.03,0.03,0.17893731789915135,0.31958328735858316,1.0472230831739893,True
18,2,1,0.523662690768618,-0.30624143364404244,0.8450000000000001,0.0,0.0,2.7026415282831695,0.03255764048627406,0.03255764048627406,0.15,0.36563477570544295,1.0077939249567551,True
19,0,1,0.9519601667806531,-0.6002016414188218,0.86,0.0,0.0,6.178619363420158,0.04558616142114772,0.0666264623466966,0.09,0.17096613921496784,0.8614334199140001,True
20,2,1,0.6281518316271839,-0.6707521267622447,0.8497922028028568,0.0,0.0,1.9309274979490791,0.03,0.03,0.1595844056057136,0.319508161933103,0.8944947304173038,True
R
0.0,0.0,0.0,0.0,0.0,0.0,1.0
S
8
torso_lift_joint,0
r_shoulder_pan_joint,-1.69017
r_shoulder_lift_joint,-0.0788625
r_upper_arm_roll_joint,-1.69017
r_elbow_flex_joint,-1.2717
r_forearm_roll_joint,-0.151824
r_wrist_flex_joint,-1.25254
r_wrist_roll_joint,0.675062
G
0.503148,-0.466953,0.845,0.17481,-0,0
ooi
6
A
599
0.310248,-0.673113
0.309893,-0.67252
0.309537,-0.671926
0.309182,-0.671333
0.308827,-0.670739
0.308471,-0.670146
0.308116,-0.669552
0.307761,-0.668959
0.307405,-0.668365
0.30705,-0.667772
0.306694,-0.667178
0.306339,-0.666585
0.305984,-0.665991
0.305628,-0.665398
0.305273,-0.664804
0.304918,-0.664211
0.304562,-0.663618
0.304207,-0.663024
0.303851,-0.662431
0.303496,-0.661837
0.303141,-0.661244
0.302785,-0.66065
0.30243,-0.660057
0.302075,-0.659463
0.301719,-0.65887
0.301364,-0.658276
0.301008,-0.657683
0.300653,-0.657089
0.300298,-0.656496
0.299942,-0.655902
0.299587,-0.655309
0.299232,-0.654716
0.298876,-0.654122
0.298521,-0.653529
0.298165,-0.652935
0.29781,-0.652342
0.297455,-0.651748
0.297099,-0.651155
0.296744,-0.650561
0.296388,-0.649968
0.296033,-0.649374
0.295678,-0.648781
0.295322,-0.648187
0.294967,-0.647594
0.294612,-0.647
0.294256,-0.646407
0.293901,-0.645813
0.293545,-0.64522
0.29319,-0.644627
0.292835,-0.644033
0.292479,-0.64344
0.292124,-0.642846
0.291769,-0.642253
0.291413,-0.641659
0.291058,-0.641066
0.290702,-0.640472
0.290347,-0.639879
0.289992,-0.639285
0.289636,-0.638692
0.289281,-0.638098
0.288926,-0.637505
0.28857,-0.636911
0.288215,-0.636318
0.287859,-0.635724
0.287504,-0.635131
0.287149,-0.634538
0.286793,-0.633944
0.286438,-0.633351
0.286083,-0.632757
0.285727,-0.632164
0.285372,-0.63157
0.285016,-0.630977
0.284661,-0.630383
0.284306,-0.62979
0.28395,-0.629196
0.283595,-0.628603
0.28324,-0.628009
0.282884,-0.627416
0.282529,-0.626822
0.282173,-0.626229
0.281818,-0.625635
0.281463,-0.625042
0.281107,-0.624449
0.280752,-0.623855
0.280397,-0.623262
0.280041,-0.622668
0.279686,-0.622075
0.27933,-0.621481
0.278975,-0.620888
0.27862,-0.620294
0.278264,-0.619701
0.277909,-0.619107
0.277554,-0.618514
0.277198,-0.61792
0.276843,-0.617327
0.276487,-0.616733
0.276132,-0.61614
0.275777,-0.615547
0.275421,-0.614953
0.275066,-0.61436
0.274711,-0.613766
0.274355,-0.613173
0.274,-0.612579
0.273644,-0.611986
0.273289,-0.611392
0.272934,-0.610799
0.272578,-0.610205
0.272223,-0.609612
0.271868,-0.609018
0.271512,-0.608425
0.271157,-0.607831
0.270801,-0.607238
0.270446,-0.606644
0.270091,-0.606051
0.269735,-0.605458
0.26938,-0.604864
0.269024,-0.604271
0.268669,-0.603677
0.268314,-0.603084
0.267958,-0.60249
0.267603,-0.601897
0.267248,-0.601303
0.266892,-0.60071
0.266537,-0.600116
0.266181,-0.599523
0.265826,-0.598929
0.265471,-0.598336
0.265115,-0.597742
0.26476,-0.597149
0.264405,-0.596555
0.264049,-0.595962
0.263694,-0.595369
0.263338,-0.594775
0.262983,-0.594182
0.262628,-0.593588
0.262272,-0.592995
0.261917,-0.592401
0.261562,-0.591808
0.261206,-0.591214
0.260851,-0.590621
0.260495,-0.590027
0.26014,-0.589434
0.259785,-0.58884
0.259429,-0.588247
0.259074,-0.587653
0.258719,-0.58706
0.258363,-0.586466
0.258008,-0.585873
0.257652,-0.58528
0.257297,-0.584686
0.256942,-0.584093
0.257004,-0.585252
0.257067,-0.586412
0.257129,-0.587571
0.257192,-0.588731
0.257255,-0.589891
0.257317,-0.59105
0.25738,-0.59221
0.257442,-0.59337
0.257505,-0.594529
0.257567,-0.595689
0.25763,-0.596848
0.257693,-0.598008
0.257755,-0.599168
0.257818,-0.600327
0.25788,-0.601487
0.257943,-0.602647
0.258006,-0.603806
0.258068,-0.604966
0.258131,-0.606125
0.258193,-0.607285
0.258256,-0.608445
0.258318,-0.609604
0.258381,-0.610764
0.258444,-0.611923
0.258506,-0.613083
0.258569,-0.614243
0.258631,-0.615402
0.258694,-0.616562
0.258757,-0.617722
0.258819,-0.618881
0.258882,-0.620041
0.258944,-0.6212
0.259007,-0.62236
0.259069,-0.62352
0.259132,-0.624679
0.259195,-0.625839
0.259257,-0.626999
0.25932,-0.628158
0.259382,-0.629318
0.259445,-0.630477
0.259508,-0.631637
0.25957,-0.632797
0.259633,-0.633956
0.259695,-0.635116
0.259758,-0.636275
0.25982,-0.637435
0.259883,-0.638595
0.259946,-0.639754
0.260008,-0.640914
0.260071,-0.642074
0.260133,-0.643233
0.260196,-0.644393
0.260258,-0.645552
0.260321,-0.646712
0.260384,-0.647872
0.260446,-0.649031
0.260509,-0.650191
0.260571,-0.651351
0.260634,-0.65251
0.260697,-0.65367
0.260759,-0.654829
0.260822,-0.655989
0.260884,-0.657149
0.260947,-0.658308
0.261009,-0.659468
0.261072,-0.660627
0.261135,-0.661787
0.261197,-0.662947
0.26126,-0.664106
0.261322,-0.665266
0.261385,-0.666426
0.261448,-0.667585
0.26151,-0.668745
0.261573,-0.669904
0.261635,-0.671064
0.261698,-0.672224
0.26176,-0.673383
0.261823,-0.674543
0.261886,-0.675703
0.261948,-0.676862
0.262011,-0.678022
0.262073,-0.679181
0.262136,-0.680341
0.262198,-0.681501
0.262261,-0.68266
0.262324,-0.68382
0.262386,-0.68498
0.262449,-0.686139
0.262511,-0.687299
0.262574,-0.688458
0.262637,-0.689618
0.262699,-0.690778
0.262762,-0.691937
0.262824,-0.693097
0.262887,-0.694256
0.262949,-0.695416
0.263012,-0.696576
0.263075,-0.697735
0.263137,-0.698895
0.2632,-0.700055
0.263262,-0.701214
0.263325,-0.702374
0.263388,-0.703533
0.26345,-0.704693
0.263513,-0.705853
0.263575,-0.707012
0.263638,-0.708172
0.2637,-0.709332
0.263763,-0.710491
0.263826,-0.711651
0.263888,-0.71281
0.263951,-0.71397
0.264013,-0.71513
0.264076,-0.716289
0.264138,-0.717449
0.264201,-0.718608
0.264264,-0.719768
0.264326,-0.720928
0.264389,-0.722087
0.264451,-0.723247
0.264514,-0.724407
0.264577,-0.725566
0.264639,-0.726726
0.264702,-0.727885
0.264764,-0.729045
0.264827,-0.730205
0.264889,-0.731364
0.264952,-0.732524
0.265015,-0.733684
0.265077,-0.734843
0.26514,-0.736003
0.265202,-0.737162
0.265265,-0.738322
0.265328,-0.739482
0.26539,-0.740641
0.265453,-0.741801
0.265515,-0.74296
0.265578,-0.74412
0.26564,-0.74528
0.265703,-0.746439
0.265766,-0.747599
0.265828,-0.748759
0.265891,-0.749918
0.265953,-0.751078
0.266016,-0.752237
0.266078,-0.753397
0.266141,-0.754557
0.266204,-0.755716
0.266266,-0.756876
0.267295,-0.75614
0.268324,-0.755404
0.269352,-0.754669
0.270381,-0.753933
0.27141,-0.753197
0.272438,-0.752461
0.273467,-0.751725
0.274496,-0.75099
0.275524,-0.750254
0.276553,-0.749518
0.277582,-0.748782
0.27861,-0.748046
0.279639,-0.747311
0.280668,-0.746575
0.281696,-0.745839
0.282725,-0.745103
0.283754,-0.744368
0.284782,-0.743632
0.285811,-0.742896
0.28684,-0.74216
0.287868,-0.741424
0.288897,-0.740689
0.289926,-0.739953
0.290954,-0.739217
0.291983,-0.738481
0.293012,-0.737745
0.29404,-0.73701
0.295069,-0.736274
0.296098,-0.735538
0.297126,-0.734802
0.298155,-0.734067
0.299184,-0.733331
0.300213,-0.732595
0.301241,-0.731859
0.30227,-0.731123
0.303299,-0.730388
0.304327,-0.729652
0.305356,-0.728916
0.306385,-0.72818
0.307413,-0.727444
0.308442,-0.726709
0.309471,-0.725973
0.310499,-0.725237
0.311528,-0.724501
0.312557,-0.723766
0.313585,-0.72303
0.314614,-0.722294
0.315643,-0.721558
0.316671,-0.720822
0.3177,-0.720087
0.318729,-0.719351
0.319757,-0.718615
0.320786,-0.717879
0.321815,-0.717144
0.322843,-0.716408
0.323872,-0.715672
0.324901,-0.714936
0.325929,-0.7142
0.326958,-0.713465
0.327987,-0.712729
0.329015,-0.711993
0.330044,-0.711257
0.331073,-0.710521
0.332101,-0.709786
0.33313,-0.70905
0.334159,-0.708314
0.335187,-0.707578
0.336216,-0.706843
0.337245,-0.706107
0.338273,-0.705371
0.339302,-0.704635
0.340331,-0.703899
0.34136,-0.703164
0.342388,-0.702428
0.343417,-0.701692
0.344446,-0.700956
0.345474,-0.70022
0.346503,-0.699485
0.347532,-0.698749
0.34856,-0.698013
0.349589,-0.697277
0.350618,-0.696542
0.351646,-0.695806
0.352675,-0.69507
0.353704,-0.694334
0.354732,-0.693598
0.355761,-0.692863
0.35679,-0.692127
0.357818,-0.691391
0.358847,-0.690655
0.359876,-0.689919
0.360904,-0.689184
0.361933,-0.688448
0.362962,-0.687712
0.36399,-0.686976
0.365019,-0.686241
0.366048,-0.685505
0.367076,-0.684769
0.368105,-0.684033
0.369134,-0.683297
0.370162,-0.682562
0.371191,-0.681826
0.37222,-0.68109
0.373248,-0.680354
0.374277,-0.679618
0.375306,-0.678883
0.376334,-0.678147
0.377363,-0.677411
0.378392,-0.676675
0.37942,-0.67594
0.380449,-0.675204
0.381478,-0.674468
0.382507,-0.673732
0.383535,-0.672996
0.384564,-0.672261
0.385593,-0.671525
0.386621,-0.670789
0.38765,-0.670053
0.388679,-0.669317
0.389707,-0.668582
0.390736,-0.667846
0.391765,-0.66711
0.392793,-0.666374
0.393822,-0.665639
0.394851,-0.664903
0.395879,-0.664167
0.396908,-0.663431
0.397937,-0.662695
0.398965,-0.66196
0.399994,-0.661224
0.401023,-0.660488
0.402051,-0.659752
0.40308,-0.659016
0.404109,-0.658281
0.405137,-0.657545
0.406166,-0.656809
0.407195,-0.656073
0.408223,-0.655338
0.409252,-0.654602
0.410281,-0.653866
0.411309,-0.65313
0.412338,-0.652394
0.413367,-0.651659
0.414395,-0.650923
0.415424,-0.650187
0.416453,-0.649451
0.417481,-0.648715
0.41851,-0.64798
0.419539,-0.647244
0.420567,-0.646508
0.421122,-0.645303
0.421676,-0.644098
0.42223,-0.642893
0.422784,-0.641688
0.423339,-0.640483
0.423893,-0.639278
0.424447,-0.638073
0.425001,-0.636868
0.425556,-0.635662
0.42611,-0.634457
0.426664,-0.633252
0.427218,-0.632047
0.427773,-0.630842
0.428327,-0.629637
0.428881,-0.628432
0.429435,-0.627227
0.429989,-0.626022
0.430544,-0.624817
0.431098,-0.623612
0.431652,-0.622407
0.432206,-0.621202
0.432761,-0.619997
0.433315,-0.618792
0.433869,-0.617586
0.434423,-0.616381
0.434978,-0.615176
0.435532,-0.613971
0.436086,-0.612766
0.43664,-0.611561
0.437195,-0.610356
0.437749,-0.609151
0.438303,-0.607946
0.438857,-0.606741
0.439411,-0.605536
0.439966,-0.604331
0.44052,-0.603126
0.441074,-0.601921
0.441628,-0.600716
0.442183,-0.59951
0.442737,-0.598305
0.443291,-0.5971
0.443845,-0.595895
0.4444,-0.59469
0.444954,-0.593485
0.445508,-0.59228
0.446062,-0.591075
0.446617,-0.58987
0.447171,-0.588665
0.447725,-0.58746
0.448279,-0.586255
0.448833,-0.58505
0.449388,-0.583845
0.449942,-0.582639
0.450496,-0.581434
0.45105,-0.580229
0.451605,-0.579024
0.452159,-0.577819
0.452713,-0.576614
0.453267,-0.575409
0.453822,-0.574204
0.454376,-0.572999
0.45493,-0.571794
0.455484,-0.570589
0.456039,-0.569384
0.456593,-0.568179
0.457147,-0.566974
0.457701,-0.565769
0.458255,-0.564563
0.45881,-0.563358
0.459364,-0.562153
0.459918,-0.560948
0.460472,-0.559743
0.461027,-0.558538
0.461581,-0.557333
0.462135,-0.556128
0.462689,-0.554923
0.463244,-0.553718
0.463798,-0.552513
0.464352,-0.551308
0.464906,-0.550103
0.465461,-0.548898
0.466015,-0.547693
0.466569,-0.546487
0.467123,-0.545282
0.467677,-0.544077
0.468232,-0.542872
0.468786,-0.541667
0.46934,-0.540462
0.469894,-0.539257
0.470449,-0.538052
0.471003,-0.536847
0.471557,-0.535642
0.472111,-0.534437
0.472666,-0.533232
0.47322,-0.532027
0.473774,-0.530822
0.474328,-0.529616
0.474883,-0.528411
0.475437,-0.527206
0.475991,-0.526001
0.476545,-0.524796
0.477099,-0.523591
0.477654,-0.522386
0.478208,-0.521181
0.478762,-0.519976
0.479316,-0.518771
0.479871,-0.517566
0.480425,-0.516361
0.480979,-0.515156
0.481533,-0.513951
0.482088,-0.512746
0.482642,-0.51154
0.483196,-0.510335
0.48375,-0.50913
0.484304,-0.507925
0.484859,-0.50672
0.485413,-0.505515
0.485967,-0.50431
0.486521,-0.503105
0.487076,-0.5019
0.48763,-0.500695
0.488184,-0.49949
0.488738,-0.498285
0.489293,-0.49708
0.489847,-0.495875
0.490401,-0.49467
0.490955,-0.493464
0.49151,-0.492259
0.492064,-0.491054
0.492618,-0.489849
0.493172,-0.488644
0.493726,-0.487439
0.494281,-0.486234
0.494835,-0.485029
0.495389,-0.483824
0.495943,-0.482619
0.496498,-0.481414
0.497052,-0.480209
0.497606,-0.479004
0.49816,-0.477799
0.498715,-0.476593
0.499269,-0.475388
0.499823,-0.474183
0.500377,-0.472978
0.500932,-0.471773
0.501486,-0.470568
0.50204,-0.469363
0.502594,-0.468158
0.503148,-0.466953
