O
20
1,0,-1,0.78,-0.5,0.75,0.0,0.0,0.0,0.3,0.4,0.02,0,0.8,False
2,0,-1,1.1,-0.5,0.93,0.0,0.0,0.0,0.02,0.4,0.2,0,0.8,False
3,0,-1,0.78,-0.5,1.11,0.0,0.0,0.0,0.3,0.4,0.02,0,0.8,False
4,0,-1,0.8,-0.92,0.93,0.0,0.0,0.0,0.32,0.02,0.2,0,0.8,False
5,0,-1,0.8,-0.08,0.93,0.0,0.0,0.0,0.32,0.02,0.2,0,0.8,False
6,0,0,0.6687003166290356,-0.4457289645211628,0.86,0.0,0.0,2.59527304706955,0.037976751051497344,0.03,0.09,0.2578566235647867,0.8240325795567741,False
7,0,0,0.8690343958124784,-0.3716538089767071,0.86,0.0,0.0,5.901727209443269,0.035431960941323254,0.04591666460399626,0.09,0.27075254446009706,0.957486418788877,False
8,0,0,0.7605197669428245,-0.20976220924639122,0.86,0.0,0.0,6.202451415841638,0.06775268723116398,0.05275294670945476,0.09,0.44947919076791615,0.9906339252916729,False
9,0,0,0.5524746992500227,-0.45518248558860674,0.9040630209050315,0.0,0.0,4.877692091962032,0.030317437109953587,0.04661556177305586,0.1340630209050315,0.05591330971801767,1.1879834357844103,False
10,0,0,0.8873687113285482,-0.8458242888691209,0.8999969281815922,0.0,0.0,1.6934343422186395,0.03,0.04929644310032913,0.12999692818159211,0.45667033610941116,1.1359957726166936,False
11,0,1,0.9786881098202493,-0.469942398208838,0.86,0.0,0.0,2.4603619729012802,0.03,0.03,0.09,0.007929820483144168,0.9719091339426316,True
12,2,1,0.8114189564096461,-0.5782060321717853,0.8450000000000001,0.0,0.0,5.581297806224059,0.03,0.03,0.15,0.4922733456474061,1.1589534450984795,True
13,2,1,0.7054951318689106,-0.7551393621272804,0.8450000000000001,0.0,0.0,4.986071483528626,0.03,0.03,0.15,0.23605670993928807,1.051201308112143,True
14,2,1,0.5613943210944228,-0.27683508207484997,0.8450000000000001,0.0,0.0,1.1198904314953317,0.062276760666267944,0.062276760666267944,0.15,0.05008165101459405,1.0905896151794268,True
15,2,1,0.570528593277453,-0.6803725583584221,0.8450000000000001,0.0,0.0,2.113901781439705,0.03,0.03,0.15,0.07408960087717015,1.0691926526511124,True
16,2,1,1.017638898015657,-0.29555732771666166,0.8450000000000001,0.0,0.0,4.160513339200926,0.03,0.03,0.15,0.18801307825026498,0.8853849386550146,True
17,2,1,0.7686030699980739,-0.8466089172290482,0.8629585899617762,0.0,0.0,5.241717568543568,0.03,0.03,0.18591717992355244,0.3167260564664672,0.8122019781928416,True
18,2,1,0.6690249122215881,-0.6107449422226834,0.8450000000000001,0.0,0.0,5.673386594281963,0.03351620450409179,0.03351620450409179,0.15,0.48502400535529827,0.9590004992944738,True
19,0,1,0.9861314389735185,-0.18590226538587584,0.9024733045616242,0.0,0.0,0.08703320711696863,0.04915404423659586,0.04433129718560627,0.13247330456162418,0.23554993398521135,0.8017584569334812,True
20,0,1,0.944466700762051,-0.5709713810910344,0.9177164261679516,0.0,0.0,2.5947807808339873,0.03,0.03,0.14771642616795153,0.25902897990656915,1.1221280130502318,True
R
0.0,0.0,0.0,0.0,0.0,0.0,1.0
S
8
torso_lift_joint,0
r_shoulder_pan_joint,-1.69017
r_shoulder_lift_joint,-0.0788625
r_upper_arm_roll_joint,-1.69017
r_elbow_flex_joint,-1.2717
r_forearm_roll_joint,-0.151824
r_wrist_flex_joint,-1.25254
r_wrist_roll_joint,0.675062
G
0.462108,-0.470258,0.904063,0.165303,-0,0
ooi
9
A
599
0.310248,-0.673113
0.310712,-0.673383
0.311177,-0.673653
0.311641,-0.673923
0.312105,-0.674194
0.312569,-0.674464
0.313034,-0.674734
0.313498,-0.675004
0.313962,-0.675274
0.314426,-0.675544
0.314891,-0.675814
0.315355,-0.676084
0.315819,-0.676354
0.316283,-0.676625
0.316748,-0.676895
0.317212,-0.677165
0.317676,-0.677435
0.31814,-0.677705
0.318605,-0.677975
0.319069,-0.678245
0.319533,-0.678515
0.319997,-0.678785
0.320462,-0.679056
0.320926,-0.679326
0.32139,-0.679596
0.321854,-0.679866
0.322319,-0.680136
0.322783,-0.680406
0.323247,-0.680676
0.323711,-0.680946
0.324176,-0.681216
0.32464,-0.681487
0.325104,-0.681757
0.325568,-0.682027
0.326032,-0.682297
0.326497,-0.682567
0.326961,-0.682837
0.327425,-0.683107
0.327889,-0.683377
0.328354,-0.683647
0.328818,-0.683918
0.329282,-0.684188
0.329746,-0.684458
0.330211,-0.684728
0.330675,-0.684998
0.331139,-0.685268
0.331603,-0.685538
0.332068,-0.685808
0.332532,-0.686078
0.332996,-0.686349
0.33346,-0.686619
0.333925,-0.686889
0.334389,-0.687159
0.334853,-0.687429
0.335317,-0.687699
0.335782,-0.687969
0.336246,-0.688239
0.33671,-0.688509
0.337174,-0.68878
0.337639,-0.68905
0.338103,-0.68932
0.338567,-0.68959
0.339031,-0.68986
0.339496,-0.69013
0.33996,-0.6904
0.340424,-0.69067
0.340888,-0.690941
0.341353,-0.691211
0.341817,-0.691481
0.342281,-0.691751
0.342745,-0.692021
0.34321,-0.692291
0.343674,-0.692561
0.344138,-0.692831
0.344602,-0.693101
0.345067,-0.693372
0.345531,-0.693642
0.345995,-0.693912
0.346459,-0.694182
0.346923,-0.694452
0.347388,-0.694722
0.347852,-0.694992
0.348316,-0.695262
0.34878,-0.695532
0.349245,-0.695803
0.349709,-0.696073
0.350173,-0.696343
0.350637,-0.696613
0.351102,-0.696883
0.351566,-0.697153
0.35203,-0.697423
0.352494,-0.697693
0.352959,-0.697963
0.353423,-0.698234
0.353887,-0.698504
0.354351,-0.698774
0.354816,-0.699044
0.35528,-0.699314
0.355744,-0.699584
0.356208,-0.699854
0.356673,-0.700124
0.357137,-0.700394
0.357601,-0.700665
0.358065,-0.700935
0.35853,-0.701205
0.358994,-0.701475
0.359458,-0.701745
0.359922,-0.702015
0.360387,-0.702285
0.360851,-0.702555
0.361315,-0.702825
0.361779,-0.703096
0.362244,-0.703366
0.362708,-0.703636
0.363172,-0.703906
0.363636,-0.704176
0.364101,-0.704446
0.364565,-0.704716
0.365029,-0.704986
0.365493,-0.705256
0.365958,-0.705527
0.366422,-0.705797
0.366886,-0.706067
0.36735,-0.706337
0.367814,-0.706607
0.368279,-0.706877
0.368743,-0.707147
0.369207,-0.707417
0.369671,-0.707687
0.370136,-0.707958
0.3706,-0.708228
0.371064,-0.708498
0.371528,-0.708768
0.371993,-0.709038
0.372457,-0.709308
0.372921,-0.709578
0.373385,-0.709848
0.37385,-0.710119
0.374314,-0.710389
0.374778,-0.710659
0.375242,-0.710929
0.375707,-0.711199
0.376171,-0.711469
0.376635,-0.711739
0.377099,-0.712009
0.377564,-0.712279
0.378028,-0.71255
0.378492,-0.71282
0.378956,-0.71309
0.379421,-0.71336
0.379885,-0.71363
0.38104,-0.713855
0.382195,-0.71408
0.38335,-0.714304
0.384505,-0.714529
0.38566,-0.714754
0.386815,-0.714979
0.38797,-0.715203
0.389125,-0.715428
0.39028,-0.715653
0.391435,-0.715878
0.39259,-0.716103
0.393745,-0.716327
0.3949,-0.716552
0.396055,-0.716777
0.397211,-0.717002
0.398366,-0.717226
0.399521,-0.717451
0.400676,-0.717676
0.401831,-0.717901
0.402986,-0.718126
0.404141,-0.71835
0.405296,-0.718575
0.406451,-0.7188
0.407606,-0.719025
0.408761,-0.719249
0.409916,-0.719474
0.411071,-0.719699
0.412226,-0.719924
0.413381,-0.720148
0.414536,-0.720373
0.415691,-0.720598
0.416846,-0.720823
0.418001,-0.721048
0.419156,-0.721272
0.420311,-0.721497
0.421467,-0.721722
0.422622,-0.721947
0.423777,-0.722171
0.424932,-0.722396
0.426087,-0.722621
0.427242,-0.722846
0.428397,-0.723071
0.429552,-0.723295
0.430707,-0.72352
0.431862,-0.723745
0.433017,-0.72397
0.434172,-0.724194
0.435327,-0.724419
0.436482,-0.724644
0.437637,-0.724869
0.438792,-0.725094
0.439947,-0.725318
0.441102,-0.725543
0.442257,-0.725768
0.443412,-0.725993
0.444567,-0.726217
0.445722,-0.726442
0.446878,-0.726667
0.448033,-0.726892
0.449188,-0.727117
0.450343,-0.727341
0.451498,-0.727566
0.452653,-0.727791
0.453808,-0.728016
0.454963,-0.72824
0.456118,-0.728465
0.457273,-0.72869
0.458428,-0.728915
0.459583,-0.72914
0.460738,-0.729364
0.461893,-0.729589
0.463048,-0.729814
0.464203,-0.730039
0.465358,-0.730263
0.466513,-0.730488
0.467668,-0.730713
0.468823,-0.730938
0.469978,-0.731163
0.471134,-0.731387
0.472289,-0.731612
0.473444,-0.731837
0.474599,-0.732062
0.475754,-0.732286
0.476909,-0.732511
0.478064,-0.732736
0.479219,-0.732961
0.480374,-0.733186
0.481529,-0.73341
0.482684,-0.733635
0.483839,-0.73386
0.484994,-0.734085
0.486149,-0.734309
0.487304,-0.734534
0.488459,-0.734759
0.489614,-0.734984
0.490769,-0.735209
0.491924,-0.735433
0.493079,-0.735658
0.494234,-0.735883
0.49539,-0.736108
0.496545,-0.736332
0.4977,-0.736557
0.498855,-0.736782
0.50001,-0.737007
0.501165,-0.737231
0.50232,-0.737456
0.503475,-0.737681
0.50463,-0.737906
0.505785,-0.738131
0.50694,-0.738355
0.508095,-0.73858
0.50925,-0.738805
0.510405,-0.73903
0.51156,-0.739254
0.512715,-0.739479
0.51387,-0.739704
0.515025,-0.739929
0.51618,-0.740154
0.517335,-0.740378
0.51849,-0.740603
0.519645,-0.740828
0.520801,-0.741053
0.521956,-0.741277
0.523111,-0.741502
0.524266,-0.741727
0.525421,-0.741952
0.526576,-0.742177
0.527731,-0.742401
0.528886,-0.742626
0.530041,-0.742851
0.531196,-0.743076
0.532351,-0.7433
0.533506,-0.743525
0.534661,-0.74375
0.535816,-0.743975
0.536971,-0.7442
0.538126,-0.744424
0.539281,-0.744649
0.540436,-0.744874
0.541591,-0.745099
0.542746,-0.745323
0.543901,-0.745548
0.545057,-0.745773
0.546212,-0.745998
0.547367,-0.746223
0.548522,-0.746447
0.549677,-0.746672
0.550832,-0.746897
0.551987,-0.747122
0.552878,-0.746396
0.553769,-0.745671
0.554659,-0.744945
0.55555,-0.74422
0.556441,-0.743494
0.557332,-0.742769
0.558223,-0.742044
0.559114,-0.741318
0.560005,-0.740593
0.560896,-0.739867
0.561787,-0.739142
0.562678,-0.738416
0.563568,-0.737691
0.564459,-0.736966
0.56535,-0.73624
0.566241,-0.735515
0.567132,-0.734789
0.568023,-0.734064
0.568914,-0.733338
0.569805,-0.732613
0.570696,-0.731888
0.571587,-0.731162
0.572477,-0.730437
0.573368,-0.729711
0.574259,-0.728986
0.57515,-0.72826
0.576041,-0.727535
0.576932,-0.72681
0.577823,-0.726084
0.578714,-0.725359
0.579605,-0.724633
0.580496,-0.723908
0.581386,-0.723182
0.582277,-0.722457
0.583168,-0.721732
0.584059,-0.721006
0.58495,-0.720281
0.585841,-0.719555
0.586732,-0.71883
0.587623,-0.718104
0.588514,-0.717379
0.589405,-0.716654
0.590295,-0.715928
0.591186,-0.715203
0.592077,-0.714477
0.592968,-0.713752
0.593859,-0.713026
0.59475,-0.712301
0.595641,-0.711576
0.596532,-0.71085
0.597423,-0.710125
0.598314,-0.709399
0.599204,-0.708674
0.600095,-0.707948
0.600986,-0.707223
0.601877,-0.706498
0.602768,-0.705772
0.603659,-0.705047
0.60455,-0.704321
0.605441,-0.703596
0.606332,-0.70287
0.607223,-0.702145
0.608113,-0.70142
0.609004,-0.700694
0.609895,-0.699969
0.610786,-0.699243
0.611677,-0.698518
0.612568,-0.697792
0.613459,-0.697067
0.61435,-0.696342
0.615241,-0.695616
0.616132,-0.694891
0.617022,-0.694165
0.617913,-0.69344
0.618804,-0.692714
0.619695,-0.691989
0.620586,-0.691264
0.621477,-0.690538
0.622368,-0.689813
0.623259,-0.689087
0.62415,-0.688362
0.625041,-0.687636
0.625931,-0.686911
0.626822,-0.686186
0.627713,-0.68546
0.628604,-0.684735
0.629495,-0.684009
0.630386,-0.683284
0.631277,-0.682558
0.632168,-0.681833
0.633059,-0.681108
0.63395,-0.680382
0.63484,-0.679657
0.635731,-0.678931
0.636622,-0.678206
0.637513,-0.67748
0.638404,-0.676755
0.639295,-0.67603
0.640186,-0.675304
0.641077,-0.674579
0.641968,-0.673853
0.642859,-0.673128
0.643749,-0.672402
0.64464,-0.671677
0.645531,-0.670951
0.646422,-0.670226
0.647313,-0.669501
0.648204,-0.668775
0.649095,-0.66805
0.649986,-0.667324
0.650877,-0.666599
0.651768,-0.665873
0.652658,-0.665148
0.653549,-0.664423
0.65444,-0.663697
0.655331,-0.662972
0.656222,-0.662246
0.657113,-0.661521
0.658004,-0.660795
0.658895,-0.66007
0.659786,-0.659345
0.660677,-0.658619
0.661567,-0.657894
0.662458,-0.657168
0.663349,-0.656443
0.66424,-0.655717
0.665131,-0.654992
0.666022,-0.654267
0.666913,-0.653541
0.667804,-0.652816
0.668695,-0.65209
0.669586,-0.651365
0.670476,-0.650639
0.671367,-0.649914
0.672258,-0.649189
0.673149,-0.648463
0.67404,-0.647738
0.674931,-0.647012
0.675822,-0.646287
0.676713,-0.645561
0.677604,-0.644836
0.678495,-0.644111
0.679385,-0.643385
0.680276,-0.64266
0.681167,-0.641934
0.682058,-0.641209
0.682949,-0.640483
0.68384,-0.639758
0.684731,-0.639033
0.685622,-0.638307
0.684122,-0.637179
0.682622,-0.636051
0.681121,-0.634924
0.679621,-0.633796
0.678121,-0.632668
0.676621,-0.63154
0.675121,-0.630412
0.673621,-0.629284
0.672121,-0.628157
0.670621,-0.627029
0.669121,-0.625901
0.667621,-0.624773
0.666121,-0.623645
0.66462,-0.622517
0.66312,-0.621389
0.66162,-0.620262
0.66012,-0.619134
0.65862,-0.618006
0.65712,-0.616878
0.65562,-0.61575
0.65412,-0.614622
0.65262,-0.613495
0.65112,-0.612367
0.649619,-0.611239
0.648119,-0.610111
0.646619,-0.608983
0.645119,-0.607855
0.643619,-0.606727
0.642119,-0.6056
0.640619,-0.604472
0.639119,-0.603344
0.637619,-0.602216
0.636119,-0.601088
0.634619,-0.59996
0.633118,-0.598832
0.631618,-0.597705
0.630118,-0.596577
0.628618,-0.595449
0.627118,-0.594321
0.625618,-0.593193
0.624118,-0.592065
0.622618,-0.590938
0.621118,-0.58981
0.619618,-0.588682
0.618118,-0.587554
0.616617,-0.586426
0.615117,-0.585298
0.613617,-0.58417
0.612117,-0.583043
0.610617,-0.581915
0.609117,-0.580787
0.607617,-0.579659
0.606117,-0.578531
0.604617,-0.577403
0.603117,-0.576276
0.601617,-0.575148
0.600116,-0.57402
0.598616,-0.572892
0.597116,-0.571764
0.595616,-0.570636
0.594116,-0.569508
0.592616,-0.568381
0.591116,-0.567253
0.589616,-0.566125
0.588116,-0.564997
0.586616,-0.563869
0.585116,-0.562741
0.583615,-0.561614
0.582115,-0.560486
0.580615,-0.559358
0.579115,-0.55823
0.577615,-0.557102
0.576115,-0.555974
0.574615,-0.554846
0.573115,-0.553719
0.571615,-0.552591
0.570115,-0.551463
0.568615,-0.550335
0.567114,-0.549207
0.565614,-0.548079
0.564114,-0.546952
0.562614,-0.545824
0.561114,-0.544696
0.559614,-0.543568
0.558114,-0.54244
0.556614,-0.541312
0.555114,-0.540184
0.553614,-0.539057
0.552114,-0.537929
0.550613,-0.536801
0.549113,-0.535673
0.547613,-0.534545
0.546113,-0.533417
0.544613,-0.53229
0.543113,-0.531162
0.541613,-0.530034
0.540113,-0.528906
0.538613,-0.527778
0.537113,-0.52665
0.535613,-0.525522
0.534112,-0.524395
0.532612,-0.523267
0.531112,-0.522139
0.529612,-0.521011
0.528112,-0.519883
0.526612,-0.518755
0.525112,-0.517628
0.523612,-0.5165
0.522112,-0.515372
0.520612,-0.514244
0.519111,-0.513116
0.517611,-0.511988
0.516111,-0.51086
0.514611,-0.509733
0.513111,-0.508605
0.511611,-0.507477
0.510111,-0.506349
0.508611,-0.505221
0.507111,-0.504093
0.505611,-0.502966
0.504111,-0.501838
0.50261,-0.50071
0.50111,-0.499582
0.49961,-0.498454
0.49811,-0.497326
0.49661,-0.496198
0.49511,-0.495071
0.49361,-0.493943
0.49211,-0.492815
0.49061,-0.491687
0.48911,-0.490559
0.48761,-0.489431
0.486109,-0.488303
0.484609,-0.487176
0.483109,-0.486048
0.481609,-0.48492
0.480109,-0.483792
0.478609,-0.482664
0.477109,-0.481536
0.475609,-0.480409
0.474109,-0.479281
0.472609,-0.478153
0.471109,-0.477025
0.469608,-0.475897
0.468108,-0.474769
0.466608,-0.473641
0.465108,-0.472514
0.463608,-0.471386
0.462108,-0.470258
