O
20
1,0,-1,0.78,-0.5,0.75,0.0,0.0,0.0,0.3,0.4,0.02,0,0.8,False
2,0,-1,1.1,-0.5,0.93,0.0,0.0,0.0,0.02,0.4,0.2,0,0.8,False
3,0,-1,0.78,-0.5,1.11,0.0,0.0,0.0,0.3,0.4,0.02,0,0.8,False
4,0,-1,0.8,-0.92,0.93,0.0,0.0,0.0,0.32,0.02,0.2,0,0.8,False
5,0,-1,0.8,-0.08,0.93,0.0,0.0,0.0,0.32,0.02,0.2,0,0.8,False
6,2,0,0.8835032900608065,-0.7346173476989057,0.8450000000000001,0.0,0.0,1.381107304435357,0.060333171390795276,0.060333171390795276,0.15,0.10287583743193723,1.178401481877296,False
7,2,0,1.0272664888535492,-0.3270058127663832,0.8450000000000001,0.0,0.0,1.8902927792586066,0.03,0.03,0.15,0.05980048171671931,1.0086628220825462,False
8,0,0,0.6591770986535375,-0.7371064115299866,0.86,0.0,0.0,0.975106888100955,0.06648691730297762,0.0722881778111035,0.09,0.39428654711755523,1.1864591864632494,False
9,2,0,0.5966512693441774,-0.42099323243040043,0.850424071639325,0.0,0.0,3.253777819913968,0.03,0.03,0.16084814327865,0.2052397197555842,0.9948406007586929,False
10,2,0,0.8400014080059983,-0.2584226156534376,0.8450000000000001,0.0,0.0,5.736647096231583,0.06763362981375452,0.06763362981375452,0.15,0.1700963986867403,0.8966490616545394,False
11,2,1,0.5653691823572246,-0.2627002329322409,0.8450000000000001,0.0,0.0,1.4076909262282107,0.04269044343647705,0.04269044343647705,0.15,0.4260877969942892,0.9034125065599165,True
12,2,1,0.8174884162928031,-0.43597712251149506,0.8450000000000001,0.0,0.0,2.682225615796035,0.03289312060546551,0.03289312060546551,0.15,0.45618511869524975,1.1190098244507125,True
13,0,1,1.0011949595327008,-0.23632647445514465,0.864360843420331,0.0,0.0,3.0305112782601324,0.03,0.03,0.09436084342033102,0.14895199438448437,0.9605200171379525,True
14,0,1,0.9888959987601389,-0.4587735696895892,0.9182020304439861,0.0,0.0,2.7143937475653988,0.03,0.07472717389026337,0.14820203044398603,0.15116695748677028,0.8920200039438783,True
15,2,1,0.6161043236544258,-0.5675790080330991,0.8450000000000001,0.0,0.0,4.223040786362718,0.041121600080775866,0.041121600080775866,0.15,0.20144937032388893,1.0868164654305668,True
16,0,1,0.6703432431071864,-0.2580132337553397,0.86,0.0,0.0,2.643652380481399,0.03,0.03,0.09,0.4151600165216459,0.86291533374566,True
17,2,1,1.026059408481004,-0.6818025785260453,0.8450000000000001,0.0,0.0,5.483817219072041,0.03,0.03,0.15,0.20669952707775652,0.9970630994151792,True
18,2,1,0.7248278674592102,-0.40516751627915754,0.8647006462823443,0.0,0.0,1.5919247743580267,0.03,0.03,0.18940129256468863,0.1459892393102818,0.8927166429356631,True
19,0,1,0.8536165953502448,-0.5493589982000402,0.9107097869269145,0.0,0.0,5.049733835234095,0.048765685487011566,0.03,0.14070978692691447,0.0064931329032899,0.9318445121111656,True
20,2,1,0.7554611630336685,-0.5448562397409691,0.8450000000000001,0.0,0.0,2.780095288236518,0.03,0.03,0.15,0.14021377685977754,1.1101743713443442,True
R
0.0,0.0,0.0,0.0,0.0,0.0,1.0
S
8
torso_lift_joint,0
r_shoulder_pan_joint,-1.69017
r_shoulder_lift_joint,-0.0788625
r_upper_arm_roll_joint,-1.69017
r_elbow_flex_joint,-1.2717
r_forearm_roll_joint,-0.151824
r_wrist_flex_joint,-1.25254
r_wrist_roll_joint,0.675062
G
0.525479,-0.444647,0.850424,0.320867,-0,0
ooi
9
A
599
0.310248,-0.673113
0.310943,-0.673795
0.311637,-0.674477
0.312332,-0.675159
0.313026,-0.675841
0.313721,-0.676522
0.314415,-0.677204
0.31511,-0.677886
0.315804,-0.678568
0.316499,-0.67925
0.317193,-0.679932
0.317888,-0.680614
0.318582,-0.681296
0.319277,-0.681977
0.319971,-0.682659
0.320666,-0.683341
0.32136,-0.684023
0.322055,-0.684705
0.322749,-0.685387
0.323444,-0.686069
0.324139,-0.686751
0.324833,-0.687432
0.325528,-0.688114
0.326222,-0.688796
0.326917,-0.689478
0.327611,-0.69016
0.328306,-0.690842
0.329,-0.691524
0.329695,-0.692206
0.330389,-0.692888
0.331084,-0.693569
0.331778,-0.694251
0.332473,-0.694933
0.333167,-0.695615
0.333862,-0.696297
0.334556,-0.696979
0.335251,-0.697661
0.335945,-0.698343
0.33664,-0.699024
0.337334,-0.699706
0.338029,-0.700388
0.338723,-0.70107
0.339418,-0.701752
0.340112,-0.702434
0.340807,-0.703116
0.341501,-0.703798
0.342196,-0.704479
0.342891,-0.705161
0.343585,-0.705843
0.34428,-0.706525
0.344974,-0.707207
0.345669,-0.707889
0.346363,-0.708571
0.347058,-0.709253
0.347752,-0.709934
0.348447,-0.710616
0.349141,-0.711298
0.349836,-0.71198
0.35053,-0.712662
0.351225,-0.713344
0.351919,-0.714026
0.352614,-0.714708
0.353308,-0.715389
0.354003,-0.716071
0.354697,-0.716753
0.355392,-0.717435
0.356086,-0.718117
0.356781,-0.718799
0.357475,-0.719481
0.35817,-0.720163
0.358864,-0.720844
0.359559,-0.721526
0.360253,-0.722208
0.360948,-0.72289
0.361642,-0.723572
0.362337,-0.724254
0.363032,-0.724936
0.363726,-0.725618
0.364421,-0.726299
0.365115,-0.726981
0.36581,-0.727663
0.366504,-0.728345
0.367199,-0.729027
0.367893,-0.729709
0.368588,-0.730391
0.369282,-0.731073
0.369977,-0.731755
0.370671,-0.732436
0.371366,-0.733118
0.37206,-0.7338
0.372755,-0.734482
0.373449,-0.735164
0.374144,-0.735846
0.374838,-0.736528
0.375533,-0.73721
0.376227,-0.737891
0.376922,-0.738573
0.377616,-0.739255
0.378311,-0.739937
0.379005,-0.740619
0.3797,-0.741301
0.380394,-0.741983
0.381089,-0.742665
0.381783,-0.743346
0.382478,-0.744028
0.383173,-0.74471
0.383867,-0.745392
0.384562,-0.746074
0.385256,-0.746756
0.385951,-0.747438
0.386645,-0.74812
0.38734,-0.748801
0.388034,-0.749483
0.388729,-0.750165
0.389423,-0.750847
0.390118,-0.751529
0.390812,-0.752211
0.391507,-0.752893
0.392201,-0.753575
0.392896,-0.754256
0.39359,-0.754938
0.394285,-0.75562
0.394979,-0.756302
0.395674,-0.756984
0.396368,-0.757666
0.397063,-0.758348
0.397757,-0.75903
0.398452,-0.759711
0.399146,-0.760393
0.399841,-0.761075
0.400535,-0.761757
0.40123,-0.762439
0.401925,-0.763121
0.402619,-0.763803
0.403314,-0.764485
0.404008,-0.765166
0.404703,-0.765848
0.405397,-0.76653
0.406092,-0.767212
0.406786,-0.767894
0.407481,-0.768576
0.408175,-0.769258
0.40887,-0.76994
0.409564,-0.770621
0.410259,-0.771303
0.410953,-0.771985
0.411648,-0.772667
0.412342,-0.773349
0.413037,-0.774031
0.413731,-0.774713
0.414426,-0.775395
0.414779,-0.774847
0.415132,-0.7743
0.415485,-0.773753
0.415838,-0.773205
0.416191,-0.772658
0.416544,-0.772111
0.416897,-0.771563
0.41725,-0.771016
0.417603,-0.770469
0.417956,-0.769922
0.418309,-0.769374
0.418662,-0.768827
0.419015,-0.76828
0.419368,-0.767732
0.419721,-0.767185
0.420074,-0.766638
0.420427,-0.76609
0.42078,-0.765543
0.421133,-0.764996
0.421486,-0.764448
0.421839,-0.763901
0.422192,-0.763354
0.422545,-0.762806
0.422898,-0.762259
0.423251,-0.761712
0.423604,-0.761165
0.423957,-0.760617
0.42431,-0.76007
0.424663,-0.759523
0.425016,-0.758975
0.425369,-0.758428
0.425722,-0.757881
0.426075,-0.757333
0.426428,-0.756786
0.426781,-0.756239
0.427134,-0.755691
0.427487,-0.755144
0.42784,-0.754597
0.428193,-0.75405
0.428546,-0.753502
0.428899,-0.752955
0.429252,-0.752408
0.429605,-0.75186
0.429958,-0.751313
0.430311,-0.750766
0.430664,-0.750218
0.431017,-0.749671
0.43137,-0.749124
0.431723,-0.748576
0.432076,-0.748029
0.432429,-0.747482
0.432782,-0.746935
0.433135,-0.746387
0.433488,-0.74584
0.433841,-0.745293
0.434194,-0.744745
0.434547,-0.744198
0.4349,-0.743651
0.435253,-0.743103
0.435606,-0.742556
0.435959,-0.742009
0.436312,-0.741461
0.436665,-0.740914
0.437018,-0.740367
0.437371,-0.739819
0.437724,-0.739272
0.438077,-0.738725
0.43843,-0.738178
0.438783,-0.73763
0.439136,-0.737083
0.439489,-0.736536
0.439842,-0.735988
0.440195,-0.735441
0.440548,-0.734894
0.440901,-0.734346
0.441254,-0.733799
0.441607,-0.733252
0.44196,-0.732704
0.442313,-0.732157
0.442666,-0.73161
0.443019,-0.731063
0.443372,-0.730515
0.443725,-0.729968
0.444078,-0.729421
0.444431,-0.728873
0.444784,-0.728326
0.445137,-0.727779
0.44549,-0.727231
0.445843,-0.726684
0.446196,-0.726137
0.446549,-0.725589
0.446902,-0.725042
0.447255,-0.724495
0.447608,-0.723947
0.447961,-0.7234
0.448314,-0.722853
0.448667,-0.722306
0.44902,-0.721758
0.449373,-0.721211
0.449726,-0.720664
0.450079,-0.720116
0.450432,-0.719569
0.450785,-0.719022
0.451138,-0.718474
0.451491,-0.717927
0.451844,-0.71738
0.452197,-0.716832
0.45255,-0.716285
0.452903,-0.715738
0.453256,-0.715191
0.453609,-0.714643
0.453962,-0.714096
0.454315,-0.713549
0.454668,-0.713001
0.455021,-0.712454
0.455374,-0.711907
0.455727,-0.711359
0.45608,-0.710812
0.456433,-0.710265
0.456786,-0.709717
0.457139,-0.70917
0.457492,-0.708623
0.457845,-0.708075
0.458198,-0.707528
0.458551,-0.706981
0.458904,-0.706434
0.459257,-0.705886
0.45961,-0.705339
0.459963,-0.704792
0.460316,-0.704244
0.460669,-0.703697
0.461022,-0.70315
0.461375,-0.702602
0.461728,-0.702055
0.462081,-0.701508
0.462434,-0.70096
0.462787,-0.700413
0.46314,-0.699866
0.463493,-0.699319
0.463846,-0.698771
0.464199,-0.698224
0.464552,-0.697677
0.464905,-0.697129
0.465258,-0.696582
0.465611,-0.696035
0.465964,-0.695487
0.466317,-0.69494
0.46667,-0.694393
0.467023,-0.693845
0.467634,-0.693241
0.468245,-0.692637
0.468857,-0.692032
0.469468,-0.691428
0.47008,-0.690823
0.470691,-0.690219
0.471303,-0.689614
0.471914,-0.68901
0.472526,-0.688405
0.473137,-0.687801
0.473749,-0.687197
0.47436,-0.686592
0.474972,-0.685988
0.475583,-0.685383
0.476195,-0.684779
0.476806,-0.684174
0.477418,-0.68357
0.478029,-0.682965
0.478641,-0.682361
0.479252,-0.681757
0.479864,-0.681152
0.480475,-0.680548
0.481087,-0.679943
0.481698,-0.679339
0.48231,-0.678734
0.482921,-0.67813
0.483533,-0.677525
0.484144,-0.676921
0.484756,-0.676317
0.485367,-0.675712
0.485979,-0.675108
0.48659,-0.674503
0.487201,-0.673899
0.487813,-0.673294
0.488424,-0.67269
0.489036,-0.672086
0.489647,-0.671481
0.490259,-0.670877
0.49087,-0.670272
0.491482,-0.669668
0.492093,-0.669063
0.492705,-0.668459
0.493316,-0.667854
0.493928,-0.66725
0.494539,-0.666646
0.495151,-0.666041
0.495762,-0.665437
0.496374,-0.664832
0.496985,-0.664228
0.497597,-0.663623
0.498208,-0.663019
0.49882,-0.662414
0.499431,-0.66181
0.500043,-0.661206
0.500654,-0.660601
0.501266,-0.659997
0.501877,-0.659392
0.502489,-0.658788
0.5031,-0.658183
0.503712,-0.657579
0.504323,-0.656974
0.504935,-0.65637
0.505546,-0.655766
0.506157,-0.655161
0.506769,-0.654557
0.50738,-0.653952
0.507992,-0.653348
0.508603,-0.652743
0.509215,-0.652139
0.509826,-0.651534
0.510438,-0.65093
0.511049,-0.650326
0.511661,-0.649721
0.512272,-0.649117
0.512884,-0.648512
0.513495,-0.647908
0.514107,-0.647303
0.514718,-0.646699
0.51533,-0.646094
0.515941,-0.64549
0.516553,-0.644886
0.517164,-0.644281
0.517776,-0.643677
0.518387,-0.643072
0.518999,-0.642468
0.51961,-0.641863
0.520222,-0.641259
0.520833,-0.640655
0.521445,-0.64005
0.522056,-0.639446
0.522668,-0.638841
0.523279,-0.638237
0.523891,-0.637632
0.524502,-0.637028
0.525113,-0.636423
0.525725,-0.635819
0.526336,-0.635215
0.526948,-0.63461
0.527559,-0.634006
0.528171,-0.633401
0.528782,-0.632797
0.529394,-0.632192
0.530005,-0.631588
0.530617,-0.630983
0.531228,-0.630379
0.53184,-0.629775
0.532451,-0.62917
0.533063,-0.628566
0.533674,-0.627961
0.534286,-0.627357
0.534897,-0.626752
0.535509,-0.626148
0.53612,-0.625543
0.536732,-0.624939
0.537343,-0.624335
0.537955,-0.62373
0.538566,-0.623126
0.539178,-0.622521
0.539789,-0.621917
0.540401,-0.621312
0.541012,-0.620708
0.541624,-0.620103
0.542235,-0.619499
0.542847,-0.618895
0.543458,-0.61829
0.544069,-0.617686
0.544681,-0.617081
0.545292,-0.616477
0.545904,-0.615872
0.546515,-0.615268
0.547127,-0.614664
0.547738,-0.614059
0.54835,-0.613455
0.548961,-0.61285
0.549573,-0.612246
0.550184,-0.611641
0.550796,-0.611037
0.551407,-0.610432
0.552019,-0.609828
0.55263,-0.609224
0.553242,-0.608619
0.553853,-0.608015
0.554465,-0.60741
0.555076,-0.606806
0.555688,-0.606201
0.556299,-0.605597
0.556911,-0.604992
0.557522,-0.604388
0.558134,-0.603784
0.558745,-0.603179
0.558522,-0.602115
0.558299,-0.601051
0.558075,-0.599987
0.557852,-0.598923
0.557629,-0.597859
0.557406,-0.596795
0.557182,-0.595731
0.556959,-0.594667
0.556736,-0.593603
0.556512,-0.592539
0.556289,-0.591475
0.556066,-0.590411
0.555843,-0.589347
0.555619,-0.588284
0.555396,-0.58722
0.555173,-0.586156
0.55495,-0.585092
0.554726,-0.584028
0.554503,-0.582964
0.55428,-0.5819
0.554057,-0.580836
0.553833,-0.579772
0.55361,-0.578708
0.553387,-0.577644
0.553164,-0.57658
0.55294,-0.575516
0.552717,-0.574452
0.552494,-0.573388
0.552271,-0.572324
0.552047,-0.57126
0.551824,-0.570196
0.551601,-0.569132
0.551377,-0.568068
0.551154,-0.567004
0.550931,-0.56594
0.550708,-0.564876
0.550484,-0.563812
0.550261,-0.562748
0.550038,-0.561684
0.549815,-0.56062
0.549591,-0.559556
0.549368,-0.558492
0.549145,-0.557428
0.548922,-0.556364
0.548698,-0.5553
0.548475,-0.554236
0.548252,-0.553172
0.548029,-0.552108
0.547805,-0.551045
0.547582,-0.549981
0.547359,-0.548917
0.547135,-0.547853
0.546912,-0.546789
0.546689,-0.545725
0.546466,-0.544661
0.546242,-0.543597
0.546019,-0.542533
0.545796,-0.541469
0.545573,-0.540405
0.545349,-0.539341
0.545126,-0.538277
0.544903,-0.537213
0.54468,-0.536149
0.544456,-0.535085
0.544233,-0.534021
0.54401,-0.532957
0.543787,-0.531893
0.543563,-0.530829
0.54334,-0.529765
0.543117,-0.528701
0.542894,-0.527637
0.54267,-0.526573
0.542447,-0.525509
0.542224,-0.524445
0.542,-0.523381
0.541777,-0.522317
0.541554,-0.521253
0.541331,-0.520189
0.541107,-0.519125
0.540884,-0.518061
0.540661,-0.516997
0.540438,-0.515933
0.540214,-0.51487
0.539991,-0.513806
0.539768,-0.512742
0.539545,-0.511678
0.539321,-0.510614
0.539098,-0.50955
0.538875,-0.508486
0.538652,-0.507422
0.538428,-0.506358
0.538205,-0.505294
0.537982,-0.50423
0.537758,-0.503166
0.537535,-0.502102
0.537312,-0.501038
0.537089,-0.499974
0.536865,-0.49891
0.536642,-0.497846
0.536419,-0.496782
0.536196,-0.495718
0.535972,-0.494654
0.535749,-0.49359
0.535526,-0.492526
0.535303,-0.491462
0.535079,-0.490398
0.534856,-0.489334
0.534633,-0.48827
0.53441,-0.487206
0.534186,-0.486142
0.533963,-0.485078
0.53374,-0.484014
0.533517,-0.48295
0.533293,-0.481886
0.53307,-0.480822
0.532847,-0.479758
0.532623,-0.478694
0.5324,-0.477631
0.532177,-0.476567
0.531954,-0.475503
0.53173,-0.474439
0.531507,-0.473375
0.531284,-0.472311
0.531061,-0.471247
0.530837,-0.470183
0.530614,-0.469119
0.530391,-0.468055
0.530168,-0.466991
0.529944,-0.465927
0.529721,-0.464863
0.529498,-0.463799
0.529275,-0.462735
0.529051,-0.461671
0.528828,-0.460607
0.528605,-0.459543
0.528381,-0.458479
0.528158,-0.457415
0.527935,-0.456351
0.527712,-0.455287
0.527488,-0.454223
0.527265,-0.453159
0.527042,-0.452095
0.526819,-0.451031
0.526595,-0.449967
0.526372,-0.448903
0.526149,-0.447839
0.525926,-0.446775
0.525702,-0.445711
0.525479,-0.444647
