O
20
1,0,-1,0.78,-0.5,0.75,0.0,0.0,0.0,0.3,0.4,0.02,0,0.8,False
2,0,-1,1.1,-0.5,0.93,0.0,0.0,0.0,0.02,0.4,0.2,0,0.8,False
3,0,-1,0.78,-0.5,1.11,0.0,0.0,0.0,0.3,0.4,0.02,0,0.8,False
4,0,-1,0.8,-0.92,0.93,0.0,0.0,0.0,0.32,0.02,0.2,0,0.8,False
5,0,-1,0.8,-0.08,0.93,0.0,0.0,0.0,0.32,0.02,0.2,0,0.8,False
6,2,0,0.7507237911380567,-0.5382832949401251,0.8450000000000001,0.0,0.0,0.6395036883589952,0.03,0.03,0.15,0.46670563019864075,1.1857603851741325,False
7,0,0,0.8332383827241587,-0.7302214708409135,0.86,0.0,0.0,0.05051730157219269,0.07206829483497164,0.05853581811553468,0.09,0.11248392241450078,0.887544214307247,False
8,0,0,0.5911098447633012,-0.23980274220286402,0.8778610066857212,0.0,0.0,5.040628610064695,0.03351608425351903,0.06114327082078573,0.10786100668572118,0.10323898219890554,0.9774449442727721,False
9,0,0,0.7836391257371312,-0.21076049297590405,0.8903478095151272,0.0,0.0,1.8953332556492593,0.061101983056286766,0.031218776023543237,0.12034780951512719,0.3151601318727129,0.9033309430478093,False
10,0,0,0.9223993963522833,-0.2463208835604911,0.8636904176261004,0.0,0.0,2.576266026847358,0.03,0.07829862077573731,0.09369041762610045,0.4415978298184593,1.0093494309702695,False
11,0,1,0.610833814118548,-0.7699525995405703,0.86,0.0,0.0,4.518997063915603,0.03,0.06971554421927151,0.09,0.4055336872979073,0.8698332237590047,True
12,0,1,0.5941229869543204,-0.6647201991839939,0.86,0.0,0.0,3.0806161994744907,0.05168253485919909,0.04196269973384085,0.09,0.09738874398219644,1.0473159889500663,True
13,0,1,0.5996477039250719,-0.48982931021292364,0.86,0.0,0.0,3.8884041153197093,0.03,0.0672028260812013,0.09,0.45404052700239583,1.0738945365830026,True
14,0,1,1.0159190218306953,-0.7332549722443867,0.86,0.0,0.0,3.5485942160085155,0.03,0.03,0.09,0.14629235466469426,1.1226675567389304,True
15,0,1,0.8220140403112726,-0.40674434834552364,0.86,0.0,0.0,0.9815289008751081,0.031682860446795275,0.07514015021648619,0.09,0.3477182511728093,1.0356037302083687,True
16,0,1,0.8929869112258442,-0.5773741916896785,0.8815593820294698,0.0,0.0,5.972551031961018,0.04911201886806692,0.06754613489750322,0.11155938202946974,0.04413656291242468,1.0489413481463123,True
17,0,1,1.0136951349446204,-0.5378043219714004,0.86,0.0,0.0,0.26816436772523367,0.03,0.03,0.09,0.4106774272379007,0.8946565768121292,True
18,0,1,0.9715071223051992,-0.42412551960263023,0.86,0.0,0.0,3.2802658221910765,0.03,0.04177339451157689,0.09,0.11472430599567263,1.1528990183740149,True
19,0,1,1.0133573599861383,-0.8202199449617589,0.86,0.0,0.0,4.588689016227776,0.03,0.03,0.09,0.20801201254360552,1.108631102654453,True
20,2,1,0.8265714790044658,-0.8499655000234403,0.8485708186271514,0.0,0.0,1.194255951959036,0.03,0.03,0.15714163725430283,0.3072982389053568,0.946893943341465,True
R
0.0,0.0,0.0,0.0,0.0,0.0,1.0
S
8
torso_lift_joint,0
r_shoulder_pan_joint,-1.69017
r_shoulder_lift_joint,-0.0788625
r_upper_arm_roll_joint,-1.69017
r_elbow_flex_joint,-1.2717
r_forearm_roll_joint,-0.151824
r_wrist_flex_joint,-1.25254
r_wrist_roll_joint,0.675062
G
0.683792,-0.572123,0.845,0.468103,-0,0
ooi
6
A
599
0.310248,-0.673113
0.310366,-0.672135
0.310485,-0.671157
0.310603,-0.67018
0.310721,-0.669202
0.310839,-0.668224
0.310957,-0.667246
0.311076,-0.666268
0.311194,-0.665291
0.311312,-0.664313
0.31143,-0.663335
0.311548,-0.662357
0.311667,-0.661379
0.311785,-0.660402
0.311903,-0.659424
0.312021,-0.658446
0.312139,-0.657468
0.312258,-0.65649
0.312376,-0.655513
0.312494,-0.654535
0.312612,-0.653557
0.31273,-0.652579
0.312849,-0.651601
0.312967,-0.650624
0.313085,-0.649646
0.313203,-0.648668
0.313321,-0.64769
0.31344,-0.646712
0.313558,-0.645735
0.313676,-0.644757
0.313794,-0.643779
0.313912,-0.642801
0.314031,-0.641823
0.314149,-0.640846
0.314267,-0.639868
0.314385,-0.63889
0.314503,-0.637912
0.314622,-0.636934
0.31474,-0.635957
0.314858,-0.634979
0.314976,-0.634001
0.315094,-0.633023
0.315213,-0.632045
0.315331,-0.631068
0.315449,-0.63009
0.315567,-0.629112
0.315685,-0.628134
0.315804,-0.627156
0.315922,-0.626179
0.31604,-0.625201
0.316158,-0.624223
0.316276,-0.623245
0.316395,-0.622267
0.316513,-0.62129
0.316631,-0.620312
0.316749,-0.619334
0.316867,-0.618356
0.316986,-0.617378
0.317104,-0.616401
0.317222,-0.615423
0.31734,-0.614445
0.317458,-0.613467
0.317577,-0.612489
0.317695,-0.611512
0.317813,-0.610534
0.317931,-0.609556
0.318049,-0.608578
0.318168,-0.6076
0.318286,-0.606623
0.318404,-0.605645
0.318522,-0.604667
0.31864,-0.603689
0.318759,-0.602711
0.318877,-0.601733
0.318995,-0.600756
0.319113,-0.599778
0.319231,-0.5988
0.31935,-0.597822
0.319468,-0.596844
0.319586,-0.595867
0.319704,-0.594889
0.319822,-0.593911
0.319941,-0.592933
0.320059,-0.591955
0.320177,-0.590978
0.320295,-0.59
0.320413,-0.589022
0.320532,-0.588044
0.32065,-0.587066
0.320768,-0.586089
0.320886,-0.585111
0.321004,-0.584133
0.321123,-0.583155
0.321241,-0.582177
0.321359,-0.5812
0.321477,-0.580222
0.321596,-0.579244
0.321714,-0.578266
0.321832,-0.577288
0.32195,-0.576311
0.322068,-0.575333
0.322187,-0.574355
0.322305,-0.573377
0.322423,-0.572399
0.322541,-0.571422
0.322659,-0.570444
0.322778,-0.569466
0.322896,-0.568488
0.323014,-0.56751
0.323132,-0.566533
0.32325,-0.565555
0.323369,-0.564577
0.323487,-0.563599
0.323605,-0.562621
0.323723,-0.561644
0.323841,-0.560666
0.32396,-0.559688
0.324078,-0.55871
0.324196,-0.557732
0.324314,-0.556755
0.324432,-0.555777
0.324551,-0.554799
0.324669,-0.553821
0.324787,-0.552843
0.324905,-0.551866
0.325023,-0.550888
0.325142,-0.54991
0.32526,-0.548932
0.325378,-0.547954
0.325496,-0.546977
0.325614,-0.545999
0.325733,-0.545021
0.325851,-0.544043
0.325969,-0.543065
0.326087,-0.542088
0.326205,-0.54111
0.326324,-0.540132
0.326442,-0.539154
0.32656,-0.538176
0.326678,-0.537199
0.326796,-0.536221
0.326915,-0.535243
0.327033,-0.534265
0.327151,-0.533287
0.327269,-0.53231
0.327387,-0.531332
0.327506,-0.530354
0.327624,-0.529376
0.327742,-0.528398
0.32786,-0.527421
0.327978,-0.526443
0.328274,-0.527224
0.328569,-0.528005
0.328864,-0.528786
0.32916,-0.529567
0.329455,-0.530348
0.329751,-0.531129
0.330046,-0.53191
0.330341,-0.532691
0.330637,-0.533472
0.330932,-0.534253
0.331227,-0.535034
0.331523,-0.535816
0.331818,-0.536597
0.332114,-0.537378
0.332409,-0.538159
0.332704,-0.53894
0.333,-0.539721
0.333295,-0.540502
0.33359,-0.541283
0.333886,-0.542064
0.334181,-0.542845
0.334476,-0.543626
0.334772,-0.544407
0.335067,-0.545188
0.335363,-0.545969
0.335658,-0.546751
0.335953,-0.547532
0.336249,-0.548313
0.336544,-0.549094
0.336839,-0.549875
0.337135,-0.550656
0.33743,-0.551437
0.337726,-0.552218
0.338021,-0.552999
0.338316,-0.55378
0.338612,-0.554561
0.338907,-0.555342
0.339202,-0.556123
0.339498,-0.556904
0.339793,-0.557686
0.340088,-0.558467
0.340384,-0.559248
0.340679,-0.560029
0.340975,-0.56081
0.34127,-0.561591
0.341565,-0.562372
0.341861,-0.563153
0.342156,-0.563934
0.342451,-0.564715
0.342747,-0.565496
0.343042,-0.566277
0.343338,-0.567058
0.343633,-0.567839
0.343928,-0.568621
0.344224,-0.569402
0.344519,-0.570183
0.344814,-0.570964
0.34511,-0.571745
0.345405,-0.572526
0.3457,-0.573307
0.345996,-0.574088
0.346291,-0.574869
0.346587,-0.57565
0.346882,-0.576431
0.347177,-0.577212
0.347473,-0.577993
0.347768,-0.578774
0.348063,-0.579556
0.348359,-0.580337
0.348654,-0.581118
0.34895,-0.581899
0.349245,-0.58268
0.34954,-0.583461
0.349836,-0.584242
0.350131,-0.585023
0.350426,-0.585804
0.350722,-0.586585
0.351017,-0.587366
0.351312,-0.588147
0.351608,-0.588928
0.351903,-0.589709
0.352199,-0.590491
0.352494,-0.591272
0.352789,-0.592053
0.353085,-0.592834
0.35338,-0.593615
0.353675,-0.594396
0.353971,-0.595177
0.354266,-0.595958
0.354562,-0.596739
0.354857,-0.59752
0.355152,-0.598301
0.355448,-0.599082
0.355743,-0.599863
0.356038,-0.600644
0.356334,-0.601426
0.356629,-0.602207
0.356925,-0.602988
0.35722,-0.603769
0.357515,-0.60455
0.357811,-0.605331
0.358106,-0.606112
0.358401,-0.606893
0.358697,-0.607674
0.358992,-0.608455
0.359287,-0.609236
0.359583,-0.610017
0.359878,-0.610798
0.360174,-0.611579
0.360469,-0.612361
0.360764,-0.613142
0.36106,-0.613923
0.361355,-0.614704
0.36165,-0.615485
0.361946,-0.616266
0.362241,-0.617047
0.362537,-0.617828
0.362832,-0.618609
0.363127,-0.61939
0.363423,-0.620171
0.363718,-0.620952
0.364013,-0.621733
0.364309,-0.622514
0.364604,-0.623296
0.364899,-0.624077
0.365195,-0.624858
0.36549,-0.625639
0.365786,-0.62642
0.366081,-0.627201
0.366376,-0.627982
0.366672,-0.628763
0.366967,-0.629544
0.367262,-0.630325
0.367558,-0.631106
0.367853,-0.631887
0.368149,-0.632668
0.368444,-0.633449
0.368739,-0.634231
0.369035,-0.635012
0.36933,-0.635793
0.369625,-0.636574
0.369921,-0.637355
0.370216,-0.638136
0.370511,-0.638917
0.370807,-0.639698
0.371102,-0.640479
0.371398,-0.64126
0.371693,-0.642041
0.371988,-0.642822
0.372956,-0.641872
0.373924,-0.640922
0.374892,-0.639971
0.37586,-0.639021
0.376828,-0.638071
0.377796,-0.63712
0.378764,-0.63617
0.379732,-0.63522
0.3807,-0.634269
0.381668,-0.633319
0.382636,-0.632369
0.383604,-0.631418
0.384572,-0.630468
0.38554,-0.629518
0.386508,-0.628568
0.387476,-0.627617
0.388444,-0.626667
0.389411,-0.625717
0.390379,-0.624766
0.391347,-0.623816
0.392315,-0.622866
0.393283,-0.621915
0.394251,-0.620965
0.395219,-0.620015
0.396187,-0.619064
0.397155,-0.618114
0.398123,-0.617164
0.399091,-0.616213
0.400059,-0.615263
0.401027,-0.614313
0.401995,-0.613362
0.402963,-0.612412
0.403931,-0.611462
0.404899,-0.610512
0.405867,-0.609561
0.406835,-0.608611
0.407803,-0.607661
0.408771,-0.60671
0.409738,-0.60576
0.410706,-0.60481
0.411674,-0.603859
0.412642,-0.602909
0.41361,-0.601959
0.414578,-0.601008
0.415546,-0.600058
0.416514,-0.599108
0.417482,-0.598157
0.41845,-0.597207
0.419418,-0.596257
0.420386,-0.595306
0.421354,-0.594356
0.422322,-0.593406
0.42329,-0.592455
0.424258,-0.591505
0.425226,-0.590555
0.426194,-0.589605
0.427162,-0.588654
0.42813,-0.587704
0.429098,-0.586754
0.430066,-0.585803
0.431033,-0.584853
0.432001,-0.583903
0.432969,-0.582952
0.433937,-0.582002
0.434905,-0.581052
0.435873,-0.580101
0.436841,-0.579151
0.437809,-0.578201
0.438777,-0.57725
0.439745,-0.5763
0.440713,-0.57535
0.441681,-0.574399
0.442649,-0.573449
0.443617,-0.572499
0.444585,-0.571548
0.445553,-0.570598
0.446521,-0.569648
0.447489,-0.568698
0.448457,-0.567747
0.449425,-0.566797
0.450393,-0.565847
0.45136,-0.564896
0.452328,-0.563946
0.453296,-0.562996
0.454264,-0.562045
0.455232,-0.561095
0.4562,-0.560145
0.457168,-0.559194
0.458136,-0.558244
0.459104,-0.557294
0.460072,-0.556343
0.46104,-0.555393
0.462008,-0.554443
0.462976,-0.553492
0.463944,-0.552542
0.464912,-0.551592
0.46588,-0.550642
0.466848,-0.549691
0.467816,-0.548741
0.468784,-0.547791
0.469752,-0.54684
0.47072,-0.54589
0.471688,-0.54494
0.472655,-0.543989
0.473623,-0.543039
0.474591,-0.542089
0.475559,-0.541138
0.476527,-0.540188
0.477495,-0.539238
0.478463,-0.538287
0.479431,-0.537337
0.480399,-0.536387
0.481367,-0.535436
0.482335,-0.534486
0.483303,-0.533536
0.484271,-0.532585
0.485239,-0.531635
0.486207,-0.530685
0.487175,-0.529735
0.488143,-0.528784
0.489111,-0.527834
0.490079,-0.526884
0.491047,-0.525933
0.492015,-0.524983
0.492983,-0.524033
0.49395,-0.523082
0.494918,-0.522132
0.495886,-0.521182
0.496854,-0.520231
0.497822,-0.519281
0.49879,-0.518331
0.499758,-0.51738
0.500726,-0.51643
0.501694,-0.51548
0.502662,-0.514529
0.50363,-0.513579
0.504598,-0.512629
0.505566,-0.511678
0.506534,-0.510728
0.507502,-0.509778
0.50847,-0.508828
0.509438,-0.507877
0.510406,-0.506927
0.511374,-0.505977
0.512342,-0.505026
0.51331,-0.504076
0.514277,-0.503126
0.515245,-0.502175
0.516213,-0.501225
0.517181,-0.500275
0.5183,-0.500757
0.519418,-0.501239
0.520536,-0.501721
0.521654,-0.502203
0.522772,-0.502686
0.52389,-0.503168
0.525009,-0.50365
0.526127,-0.504132
0.527245,-0.504614
0.528363,-0.505097
0.529481,-0.505579
0.5306,-0.506061
0.531718,-0.506543
0.532836,-0.507026
0.533954,-0.507508
0.535072,-0.50799
0.536191,-0.508472
0.537309,-0.508954
0.538427,-0.509437
0.539545,-0.509919
0.540663,-0.510401
0.541782,-0.510883
0.5429,-0.511365
0.544018,-0.511848
0.545136,-0.51233
0.546254,-0.512812
0.547373,-0.513294
0.548491,-0.513776
0.549609,-0.514259
0.550727,-0.514741
0.551845,-0.515223
0.552963,-0.515705
0.554082,-0.516187
0.5552,-0.51667
0.556318,-0.517152
0.557436,-0.517634
0.558554,-0.518116
0.559673,-0.518598
0.560791,-0.519081
0.561909,-0.519563
0.563027,-0.520045
0.564145,-0.520527
0.565264,-0.521009
0.566382,-0.521492
0.5675,-0.521974
0.568618,-0.522456
0.569736,-0.522938
0.570855,-0.52342
0.571973,-0.523903
0.573091,-0.524385
0.574209,-0.524867
0.575327,-0.525349
0.576445,-0.525831
0.577564,-0.526314
0.578682,-0.526796
0.5798,-0.527278
0.580918,-0.52776
0.582036,-0.528242
0.583155,-0.528725
0.584273,-0.529207
0.585391,-0.529689
0.586509,-0.530171
0.587627,-0.530653
0.588746,-0.531136
0.589864,-0.531618
0.590982,-0.5321
0.5921,-0.532582
0.593218,-0.533064
0.594337,-0.533547
0.595455,-0.534029
0.596573,-0.534511
0.597691,-0.534993
0.598809,-0.535475
0.599927,-0.535958
0.601046,-0.53644
0.602164,-0.536922
0.603282,-0.537404
0.6044,-0.537886
0.605518,-0.538369
0.606637,-0.538851
0.607755,-0.539333
0.608873,-0.539815
0.609991,-0.540297
0.611109,-0.54078
0.612228,-0.541262
0.613346,-0.541744
0.614464,-0.542226
0.615582,-0.542708
0.6167,-0.543191
0.617819,-0.543673
0.618937,-0.544155
0.620055,-0.544637
0.621173,-0.545119
0.622291,-0.545602
0.62341,-0.546084
0.624528,-0.546566
0.625646,-0.547048
0.626764,-0.547531
0.627882,-0.548013
0.629,-0.548495
0.630119,-0.548977
0.631237,-0.549459
0.632355,-0.549942
0.633473,-0.550424
0.634591,-0.550906
0.63571,-0.551388
0.636828,-0.55187
0.637946,-0.552353
0.639064,-0.552835
0.640182,-0.553317
0.641301,-0.553799
0.642419,-0.554281
0.643537,-0.554764
0.644655,-0.555246
0.645773,-0.555728
0.646892,-0.55621
0.64801,-0.556692
0.649128,-0.557175
0.650246,-0.557657
0.651364,-0.558139
0.652482,-0.558621
0.653601,-0.559103
0.654719,-0.559586
0.655837,-0.560068
0.656955,-0.56055
0.658073,-0.561032
0.659192,-0.561514
0.66031,-0.561997
0.661428,-0.562479
0.662546,-0.562961
0.663664,-0.563443
0.664783,-0.563925
0.665901,-0.564408
0.667019,-0.56489
0.668137,-0.565372
0.669255,-0.565854
0.670374,-0.566336
0.671492,-0.566819
0.67261,-0.567301
0.673728,-0.567783
0.674846,-0.568265
0.675965,-0.568747
0.677083,-0.56923
0.678201,-0.569712
0.679319,-0.570194
0.680437,-0.570676
0.681555,-0.571158
0.682674,-0.571641
0.683792,-0.572123
