O
20
1,0,-1,0.78,-0.5,0.75,0.0,0.0,0.0,0.3,0.4,0.02,0,0.8,False
2,0,-1,1.1,-0.5,0.93,0.0,0.0,0.0,0.02,0.4,0.2,0,0.8,False
3,0,-1,0.78,-0.5,1.11,0.0,0.0,0.0,0.3,0.4,0.02,0,0.8,False
4,0,-1,0.8,-0.92,0.93,0.0,0.0,0.0,0.32,0.02,0.2,0,0.8,False
5,0,-1,0.8,-0.08,0.93,0.0,0.0,0.0,0.32,0.02,0.2,0,0.8,False
6,0,0,0.8475815323188971,-0.5730048707636929,0.86,0.0,0.0,0.4423363327471139,0.053289954858975856,0.06749594737414286,0.09,0.2560914469254454,1.0791069959396422,False
7,2,0,0.9586919438841155,-0.8044854588204529,0.8450000000000001,0.0,0.0,4.95474856721042,0.05951921029256454,0.05951921029256454,0.15,0.019116833966068225,1.0117430524294855,False
8,0,0,0.6336476203843258,-0.4298241146930605,0.86,0.0,0.0,3.4336815203708353,0.07002996992483626,0.036542813724228095,0.09,0.07012783907009307,0.9103713381556547,False
9,0,0,0.5159259806183399,-0.16100390784854224,0.86,0.0,0.0,0.2944286931602352,0.03,0.03,0.09,0.42981240072936094,0.9674454587038215,False
10,0,0,0.6338706055676994,-0.753530741747397,0.8723060417036302,0.0,0.0,2.284137847133423,0.0757263150080872,0.03,0.10230604170363025,0.00024966629419220787,1.0121871474012587,False
11,0,1,0.8022357351045282,-0.2981745863451245,0.8710870590770521,0.0,0.0,4.535720856382252,0.03172978443006495,0.07350999831782415,0.10108705907705201,0.46305335472998516,0.8149261970772614,True
12,0,1,0.5627792802144813,-0.280742086770741,0.86,0.0,0.0,3.537348794812119,0.07788385457953192,0.03655739230464477,0.09,0.16044404619280472,0.8265522363906639,True
13,0,1,0.6014598440301478,-0.5552882186090081,0.86,0.0,0.0,3.4158828344806635,0.0756791921847683,0.03726624750828729,0.09,0.3500026965499556,0.815264452914199,True
14,2,1,1.000369832518362,-0.3588537287265774,0.8450000000000001,0.0,0.0,0.741819695709258,0.03,0.03,0.15,0.46996757909937886,1.0553563670700106,True
15,2,1,0.9767891009476775,-0.5337282123421112,0.8450000000000001,0.0,0.0,5.253353896528138,0.03,0.03,0.15,0.24076904403595734,0.8933571236546234,True
16,2,1,0.785991121393318,-0.19238064246677378,0.8450000000000001,0.0,0.0,4.556735729845408,0.044652369815612165,0.044652369815612165,0.15,0.2933651555220591,1.1690453909892395,True
17,2,1,1.0251406873693902,-0.670481993232014,0.8450000000000001,0.0,0.0,1.583776729777464,0.03,0.03,0.15,0.022248250902395295,0.9606561948390676,True
18,2,1,0.7714971497033931,-0.8384933811485619,0.8617217832551225,0.0,0.0,4.777439800653603,0.03,0.03,0.18344356651024496,0.2696844065775371,1.0727170124143537,True
19,0,1,0.970880913036474,-0.2305907503086555,0.86,0.0,0.0,1.0200898402273968,0.043405136801258334,0.03,0.09,0.11825710721417032,1.1410036087984348,True
20,2,1,0.6860918450730777,-0.16017182565029586,0.8678501612840096,0.0,0.0,3.1130852991349274,0.037143264092650174,0.037143264092650174,0.19570032256801917,0.06654947721416893,0.9826698812501939,True
R
0.0,0.0,0.0,0.0,0.0,0.0,1.0
S
8
torso_lift_joint,0
r_shoulder_pan_joint,-1.69017
r_shoulder_lift_joint,-0.0788625
r_upper_arm_roll_joint,-1.69017
r_elbow_flex_joint,-1.2717
r_forearm_roll_joint,-0.151824
r_wrist_flex_joint,-1.25254
r_wrist_roll_joint,0.675062
G
0.52349,-0.462947,0.86,0.292089,-0,0
ooi
8
A
599
0.310248,-0.673113
0.310607,-0.672525
0.310965,-0.671938
0.311323,-0.67135
0.311682,-0.670762
0.31204,-0.670175
0.312398,-0.669587
0.312757,-0.668999
0.313115,-0.668412
0.313473,-0.667824
0.313832,-0.667236
0.31419,-0.666648
0.314548,-0.666061
0.314907,-0.665473
0.315265,-0.664885
0.315623,-0.664298
0.315982,-0.66371
0.31634,-0.663122
0.316698,-0.662535
0.317057,-0.661947
0.317415,-0.661359
0.317773,-0.660772
0.318132,-0.660184
0.31849,-0.659596
0.318848,-0.659009
0.319207,-0.658421
0.319565,-0.657833
0.319923,-0.657245
0.320282,-0.656658
0.32064,-0.65607
0.320998,-0.655482
0.321357,-0.654895
0.321715,-0.654307
0.322073,-0.653719
0.322432,-0.653132
0.32279,-0.652544
0.323148,-0.651956
0.323507,-0.651369
0.323865,-0.650781
0.324223,-0.650193
0.324582,-0.649606
0.32494,-0.649018
0.325299,-0.64843
0.325657,-0.647842
0.326015,-0.647255
0.326374,-0.646667
0.326732,-0.646079
0.32709,-0.645492
0.327449,-0.644904
0.327807,-0.644316
0.328165,-0.643729
0.328524,-0.643141
0.328882,-0.642553
0.32924,-0.641966
0.329599,-0.641378
0.329957,-0.64079
0.330315,-0.640202
0.330674,-0.639615
0.331032,-0.639027
0.33139,-0.638439
0.331749,-0.637852
0.332107,-0.637264
0.332465,-0.636676
0.332824,-0.636089
0.333182,-0.635501
0.33354,-0.634913
0.333899,-0.634326
0.334257,-0.633738
0.334615,-0.63315
0.334974,-0.632563
0.335332,-0.631975
0.33569,-0.631387
0.336049,-0.630799
0.336407,-0.630212
0.336765,-0.629624
0.337124,-0.629036
0.337482,-0.628449
0.33784,-0.627861
0.338199,-0.627273
0.338557,-0.626686
0.338915,-0.626098
0.339274,-0.62551
0.339632,-0.624923
0.33999,-0.624335
0.340349,-0.623747
0.340707,-0.623159
0.341066,-0.622572
0.341424,-0.621984
0.341782,-0.621396
0.342141,-0.620809
0.342499,-0.620221
0.342857,-0.619633
0.343216,-0.619046
0.343574,-0.618458
0.343932,-0.61787
0.344291,-0.617283
0.344649,-0.616695
0.345007,-0.616107
0.345366,-0.61552
0.345724,-0.614932
0.346082,-0.614344
0.346441,-0.613756
0.346799,-0.613169
0.347157,-0.612581
0.347516,-0.611993
0.347874,-0.611406
0.348232,-0.610818
0.348591,-0.61023
0.348949,-0.609643
0.349307,-0.609055
0.349666,-0.608467
0.350024,-0.60788
0.350382,-0.607292
0.350741,-0.606704
0.351099,-0.606117
0.351457,-0.605529
0.351816,-0.604941
0.352174,-0.604353
0.352532,-0.603766
0.352891,-0.603178
0.353249,-0.60259
0.353607,-0.602003
0.353966,-0.601415
0.354324,-0.600827
0.354682,-0.60024
0.355041,-0.599652
0.355399,-0.599064
0.355757,-0.598477
0.356116,-0.597889
0.356474,-0.597301
0.356833,-0.596713
0.357191,-0.596126
0.357549,-0.595538
0.357908,-0.59495
0.358266,-0.594363
0.358624,-0.593775
0.358983,-0.593187
0.359341,-0.5926
0.359699,-0.592012
0.360058,-0.591424
0.360416,-0.590837
0.360774,-0.590249
0.361133,-0.589661
0.361491,-0.589074
0.361849,-0.588486
0.362208,-0.587898
0.362566,-0.58731
0.362924,-0.586723
0.363283,-0.586135
0.363641,-0.585547
0.363999,-0.58496
0.363939,-0.584667
0.36388,-0.584374
0.36382,-0.584081
0.36376,-0.583788
0.3637,-0.583495
0.36364,-0.583201
0.36358,-0.582908
0.36352,-0.582615
0.363461,-0.582322
0.363401,-0.582029
0.363341,-0.581736
0.363281,-0.581443
0.363221,-0.58115
0.363161,-0.580857
0.363101,-0.580564
0.363041,-0.580271
0.362982,-0.579978
0.362922,-0.579685
0.362862,-0.579392
0.362802,-0.579099
0.362742,-0.578806
0.362682,-0.578513
0.362622,-0.57822
0.362563,-0.577927
0.362503,-0.577634
0.362443,-0.577341
0.362383,-0.577048
0.362323,-0.576755
0.362263,-0.576462
0.362203,-0.576169
0.362143,-0.575876
0.362084,-0.575583
0.362024,-0.57529
0.361964,-0.574997
0.361904,-0.574703
0.361844,-0.57441
0.361784,-0.574117
0.361724,-0.573824
0.361665,-0.573531
0.361605,-0.573238
0.361545,-0.572945
0.361485,-0.572652
0.361425,-0.572359
0.361365,-0.572066
0.361305,-0.571773
0.361245,-0.57148
0.361186,-0.571187
0.361126,-0.570894
0.361066,-0.570601
0.361006,-0.570308
0.360946,-0.570015
0.360886,-0.569722
0.360826,-0.569429
0.360767,-0.569136
0.360707,-0.568843
0.360647,-0.56855
0.360587,-0.568257
0.360527,-0.567964
0.360467,-0.567671
0.360407,-0.567378
0.360347,-0.567085
0.360288,-0.566792
0.360228,-0.566499
0.360168,-0.566205
0.360108,-0.565912
0.360048,-0.565619
0.359988,-0.565326
0.359928,-0.565033
0.359869,-0.56474
0.359809,-0.564447
0.359749,-0.564154
0.359689,-0.563861
0.359629,-0.563568
0.359569,-0.563275
0.359509,-0.562982
0.35945,-0.562689
0.35939,-0.562396
0.35933,-0.562103
0.35927,-0.56181
0.35921,-0.561517
0.35915,-0.561224
0.35909,-0.560931
0.35903,-0.560638
0.358971,-0.560345
0.358911,-0.560052
0.358851,-0.559759
0.358791,-0.559466
0.358731,-0.559173
0.358671,-0.55888
0.358611,-0.558587
0.358552,-0.558294
0.358492,-0.558
0.358432,-0.557707
0.358372,-0.557414
0.358312,-0.557121
0.358252,-0.556828
0.358192,-0.556535
0.358132,-0.556242
0.358073,-0.555949
0.358013,-0.555656
0.357953,-0.555363
0.357893,-0.55507
0.357833,-0.554777
0.357773,-0.554484
0.357713,-0.554191
0.357654,-0.553898
0.357594,-0.553605
0.357534,-0.553312
0.357474,-0.553019
0.357414,-0.552726
0.357354,-0.552433
0.357294,-0.55214
0.357234,-0.551847
0.357175,-0.551554
0.357115,-0.551261
0.357055,-0.550968
0.356995,-0.550675
0.356935,-0.550382
0.356875,-0.550089
0.356815,-0.549796
0.356756,-0.549502
0.356696,-0.549209
0.356636,-0.548916
0.356576,-0.548623
0.356516,-0.54833
0.356456,-0.548037
0.356396,-0.547744
0.356336,-0.547451
0.356277,-0.547158
0.356217,-0.546865
0.356157,-0.546572
0.356097,-0.546279
0.356037,-0.545986
0.355977,-0.545693
0.355917,-0.5454
0.355858,-0.545107
0.355798,-0.544814
0.355738,-0.544521
0.355678,-0.544228
0.355618,-0.543935
0.355558,-0.543642
0.355498,-0.543349
0.355438,-0.543056
0.355379,-0.542763
0.355319,-0.54247
0.355259,-0.542177
0.355199,-0.541884
0.355139,-0.541591
0.355079,-0.541298
0.355726,-0.541342
0.356372,-0.541387
0.357018,-0.541432
0.357664,-0.541477
0.358311,-0.541522
0.358957,-0.541566
0.359603,-0.541611
0.36025,-0.541656
0.360896,-0.541701
0.361542,-0.541746
0.362188,-0.541791
0.362835,-0.541835
0.363481,-0.54188
0.364127,-0.541925
0.364773,-0.54197
0.36542,-0.542015
0.366066,-0.54206
0.366712,-0.542104
0.367359,-0.542149
0.368005,-0.542194
0.368651,-0.542239
0.369297,-0.542284
0.369944,-0.542328
0.37059,-0.542373
0.371236,-0.542418
0.371883,-0.542463
0.372529,-0.542508
0.373175,-0.542553
0.373821,-0.542597
0.374468,-0.542642
0.375114,-0.542687
0.37576,-0.542732
0.376407,-0.542777
0.377053,-0.542822
0.377699,-0.542866
0.378345,-0.542911
0.378992,-0.542956
0.379638,-0.543001
0.380284,-0.543046
0.380931,-0.543091
0.381577,-0.543135
0.382223,-0.54318
0.382869,-0.543225
0.383516,-0.54327
0.384162,-0.543315
0.384808,-0.543359
0.385455,-0.543404
0.386101,-0.543449
0.386747,-0.543494
0.387393,-0.543539
0.38804,-0.543584
0.388686,-0.543628
0.389332,-0.543673
0.389979,-0.543718
0.390625,-0.543763
0.391271,-0.543808
0.391917,-0.543853
0.392564,-0.543897
0.39321,-0.543942
0.393856,-0.543987
0.394503,-0.544032
0.395149,-0.544077
0.395795,-0.544122
0.396441,-0.544166
0.397088,-0.544211
0.397734,-0.544256
0.39838,-0.544301
0.399026,-0.544346
0.399673,-0.54439
0.400319,-0.544435
0.400965,-0.54448
0.401612,-0.544525
0.402258,-0.54457
0.402904,-0.544615
0.40355,-0.544659
0.404197,-0.544704
0.404843,-0.544749
0.405489,-0.544794
0.406136,-0.544839
0.406782,-0.544884
0.407428,-0.544928
0.408074,-0.544973
0.408721,-0.545018
0.409367,-0.545063
0.410013,-0.545108
0.41066,-0.545152
0.411306,-0.545197
0.411952,-0.545242
0.412598,-0.545287
0.413245,-0.545332
0.413891,-0.545377
0.414537,-0.545421
0.415184,-0.545466
0.41583,-0.545511
0.416476,-0.545556
0.417122,-0.545601
0.417769,-0.545646
0.418415,-0.54569
0.419061,-0.545735
0.419708,-0.54578
0.420354,-0.545825
0.421,-0.54587
0.421646,-0.545915
0.422293,-0.545959
0.422939,-0.546004
0.423585,-0.546049
0.424232,-0.546094
0.424878,-0.546139
0.425524,-0.546183
0.42617,-0.546228
0.426817,-0.546273
0.427463,-0.546318
0.428109,-0.546363
0.428755,-0.546408
0.429402,-0.546452
0.430048,-0.546497
0.430694,-0.546542
0.431341,-0.546587
0.431987,-0.546632
0.432633,-0.546677
0.433279,-0.546721
0.433926,-0.546766
0.434572,-0.546811
0.435218,-0.546856
0.435865,-0.546901
0.436511,-0.546946
0.437157,-0.54699
0.437803,-0.547035
0.43845,-0.54708
0.439096,-0.547125
0.439742,-0.54717
0.440389,-0.547214
0.441035,-0.547259
0.441681,-0.547304
0.442327,-0.547349
0.442974,-0.547394
0.44362,-0.547439
0.444266,-0.547483
0.444913,-0.547528
0.445559,-0.547573
0.446205,-0.547618
0.446851,-0.547663
0.447498,-0.547708
0.448144,-0.547752
0.44879,-0.547797
0.449437,-0.547842
0.450083,-0.547887
0.450729,-0.547932
0.451375,-0.547977
0.452022,-0.548021
0.452501,-0.54745
0.452981,-0.546879
0.453461,-0.546308
0.45394,-0.545737
0.45442,-0.545166
0.4549,-0.544596
0.455379,-0.544025
0.455859,-0.543454
0.456339,-0.542883
0.456818,-0.542312
0.457298,-0.541741
0.457777,-0.54117
0.458257,-0.540599
0.458737,-0.540028
0.459216,-0.539457
0.459696,-0.538886
0.460176,-0.538315
0.460655,-0.537744
0.461135,-0.537173
0.461615,-0.536602
0.462094,-0.536031
0.462574,-0.53546
0.463054,-0.534889
0.463533,-0.534318
0.464013,-0.533747
0.464493,-0.533176
0.464972,-0.532605
0.465452,-0.532034
0.465932,-0.531463
0.466411,-0.530892
0.466891,-0.530321
0.467371,-0.52975
0.46785,-0.529179
0.46833,-0.528608
0.468809,-0.528038
0.469289,-0.527467
0.469769,-0.526896
0.470248,-0.526325
0.470728,-0.525754
0.471208,-0.525183
0.471687,-0.524612
0.472167,-0.524041
0.472647,-0.52347
0.473126,-0.522899
0.473606,-0.522328
0.474086,-0.521757
0.474565,-0.521186
0.475045,-0.520615
0.475525,-0.520044
0.476004,-0.519473
0.476484,-0.518902
0.476964,-0.518331
0.477443,-0.51776
0.477923,-0.517189
0.478403,-0.516618
0.478882,-0.516047
0.479362,-0.515476
0.479841,-0.514905
0.480321,-0.514334
0.480801,-0.513763
0.48128,-0.513192
0.48176,-0.512621
0.48224,-0.51205
0.482719,-0.511479
0.483199,-0.510909
0.483679,-0.510338
0.484158,-0.509767
0.484638,-0.509196
0.485118,-0.508625
0.485597,-0.508054
0.486077,-0.507483
0.486557,-0.506912
0.487036,-0.506341
0.487516,-0.50577
0.487996,-0.505199
0.488475,-0.504628
0.488955,-0.504057
0.489435,-0.503486
0.489914,-0.502915
0.490394,-0.502344
0.490873,-0.501773
0.491353,-0.501202
0.491833,-0.500631
0.492312,-0.50006
0.492792,-0.499489
0.493272,-0.498918
0.493751,-0.498347
0.494231,-0.497776
0.494711,-0.497205
0.49519,-0.496634
0.49567,-0.496063
0.49615,-0.495492
0.496629,-0.494921
0.497109,-0.494351
0.497589,-0.49378
0.498068,-0.493209
0.498548,-0.492638
0.499028,-0.492067
0.499507,-0.491496
0.499987,-0.490925
0.500467,-0.490354
0.500946,-0.489783
0.501426,-0.489212
0.501905,-0.488641
0.502385,-0.48807
0.502865,-0.487499
0.503344,-0.486928
0.503824,-0.486357
0.504304,-0.485786
0.504783,-0.485215
0.505263,-0.484644
0.505743,-0.484073
0.506222,-0.483502
0.506702,-0.482931
0.507182,-0.48236
0.507661,-0.481789
0.508141,-0.481218
0.508621,-0.480647
0.5091,-0.480076
0.50958,-0.479505
0.51006,-0.478934
0.510539,-0.478363
0.511019,-0.477792
0.511499,-0.477222
0.511978,-0.476651
0.512458,-0.47608
0.512937,-0.475509
0.513417,-0.474938
0.513897,-0.474367
0.514376,-0.473796
0.514856,-0.473225
0.515336,-0.472654
0.515815,-0.472083
0.516295,-0.471512
0.516775,-0.470941
0.517254,-0.47037
0.517734,-0.469799
0.518214,-0.469228
0.518693,-0.468657
0.519173,-0.468086
0.519653,-0.467515
0.520132,-0.466944
0.520612,-0.466373
0.521092,-0.465802
0.521571,-0.465231
0.522051,-0.46466
0.522531,-0.464089
0.52301,-0.463518
0.52349,-0.462947
