O
20
1,0,-1,0.78,-0.5,0.75,0.0,0.0,0.0,0.3,0.4,0.02,0,0.8,False
2,0,-1,1.1,-0.5,0.93,0.0,0.0,0.0,0.02,0.4,0.2,0,0.8,False
3,0,-1,0.78,-0.5,1.11,0.0,0.0,0.0,0.3,0.4,0.02,0,0.8,False
4,0,-1,0.8,-0.92,0.93,0.0,0.0,0.0,0.32,0.02,0.2,0,0.8,False
5,0,-1,0.8,-0.08,0.93,0.0,0.0,0.0,0.32,0.02,0.2,0,0.8,False
6,2,0,0.8495847886877702,-0.454075408289658,0.861161575893436,0.0,0.0,3.295518423404122,0.039684591385394506,0.039684591385394506,0.18232315178687183,0.15127668808190087,1.1981393307543484,False
7,0,0,0.5709092339704447,-0.6490469241752209,0.86,0.0,0.0,4.6321905248349164,0.03,0.03,0.09,0.06585634574437971,0.9375990518047571,False
8,2,0,0.9884589275075404,-0.535152091462183,0.8450000000000001,0.0,0.0,2.307518239226345,0.05739849887465305,0.05739849887465305,0.15,0.020845850959129997,1.1332976132832822,False
9,0,0,0.8439926667426825,-0.6967612380416985,0.86,0.0,0.0,0.32845553855516274,0.03,0.03,0.09,0.2730758149350435,1.0647927569505482,False
10,2,0,0.7720281953751504,-0.18939294752731706,0.8450000000000001,0.0,0.0,2.5891015948649403,0.03,0.03,0.15,0.13548830930118955,1.1595051322317058,False
11,0,1,0.5635617233589042,-0.17358123375281864,0.86,0.0,0.0,4.0613905403316455,0.03,0.049587971364774795,0.09,0.3711185934332425,0.8627845649883257,True
12,2,1,0.5540723893425689,-0.8469636630009874,0.8450000000000001,0.0,0.0,1.4107214587766308,0.031490441914090124,0.031490441914090124,0.15,0.012286667309092947,1.173742908610407,True
13,2,1,0.705199953344951,-0.7263236825856151,0.8450000000000001,0.0,0.0,3.5765168154035303,0.05841673370892674,0.05841673370892674,0.15,0.07426506998069671,0.8200547690670529,True
14,0,1,0.5943721337482288,-0.355138512474056,0.86,0.0,0.0,0.8070552835189145,0.07473484081764782,0.06873673332526903,0.09,0.02047126972650548,1.0777796566672788,True
15,0,1,0.94739916268151,-0.16555602927959667,0.9046743938939011,0.0,0.0,0.08481014549205017,0.07242076611180433,0.035593294087588115,0.1346743938939011,0.2569202514055856,1.1338171185298294,True
16,0,1,0.9864930223565832,-0.31286159726163054,0.86,0.0,0.0,2.005093557585042,0.04819159026465756,0.06960218812378059,0.09,0.004349580346736437,1.1716224538626547,True
17,2,1,0.5743101494348406,-0.5506270248254224,0.8450000000000001,0.0,0.0,3.1266464729954655,0.03,0.03,0.15,0.20493233757526874,0.9742745196665088,True
18,2,1,0.7995336554321428,-0.2974514438522713,0.8450000000000001,0.0,0.0,1.3508179071727027,0.03161936753813723,0.03161936753813723,0.15,0.32269465827254307,1.1369458740832896,True
19,0,1,0.9233010194140123,-0.8070284075514562,0.86,0.0,0.0,0.40500489421645963,0.050261871090422475,0.030154271597550776,0.09,0.4233681248587474,1.04292652938157,True
20,2,1,0.8434806846330981,-0.593207872191325,0.8637671092667742,0.0,0.0,0.22701621673739175,0.035897824859382296,0.035897824859382296,0.18753421853354857,0.3123992257374117,1.093427612218688,True
R
0.0,0.0,0.0,0.0,0.0,0.0,1.0
S
8
torso_lift_joint,0
r_shoulder_pan_joint,-1.69017
r_shoulder_lift_joint,-0.0788625
r_upper_arm_roll_joint,-1.69017
r_elbow_flex_joint,-1.2717
r_forearm_roll_joint,-0.151824
r_wrist_flex_joint,-1.25254
r_wrist_roll_joint,0.675062
G
0.768233,-0.43055,0.861162,2.86009,-3.14159,3.14159
ooi
6
A
599
0.310248,-0.673113
0.311512,-0.672206
0.312775,-0.6713
0.314039,-0.670393
0.315303,-0.669486
0.316566,-0.668579
0.31783,-0.667673
0.319094,-0.666766
0.320357,-0.665859
0.321621,-0.664952
0.322885,-0.664046
0.324148,-0.663139
0.325412,-0.662232
0.326676,-0.661326
0.327939,-0.660419
0.329203,-0.659512
0.330466,-0.658605
0.33173,-0.657699
0.332994,-0.656792
0.334257,-0.655885
0.335521,-0.654978
0.336785,-0.654072
0.338048,-0.653165
0.339312,-0.652258
0.340576,-0.651351
0.341839,-0.650445
0.343103,-0.649538
0.344367,-0.648631
0.34563,-0.647725
0.346894,-0.646818
0.348158,-0.645911
0.349421,-0.645004
0.350685,-0.644098
0.351948,-0.643191
0.353212,-0.642284
0.354476,-0.641377
0.355739,-0.640471
0.357003,-0.639564
0.358267,-0.638657
0.35953,-0.637751
0.360794,-0.636844
0.362058,-0.635937
0.363321,-0.63503
0.364585,-0.634124
0.365849,-0.633217
0.367112,-0.63231
0.368376,-0.631403
0.369639,-0.630497
0.370903,-0.62959
0.372167,-0.628683
0.37343,-0.627776
0.374694,-0.62687
0.375958,-0.625963
0.377221,-0.625056
0.378485,-0.62415
0.379749,-0.623243
0.381012,-0.622336
0.382276,-0.621429
0.38354,-0.620523
0.384803,-0.619616
0.386067,-0.618709
0.387331,-0.617802
0.388594,-0.616896
0.389858,-0.615989
0.391121,-0.615082
0.392385,-0.614175
0.393649,-0.613269
0.394912,-0.612362
0.396176,-0.611455
0.39744,-0.610549
0.398703,-0.609642
0.399967,-0.608735
0.401231,-0.607828
0.402494,-0.606922
0.403758,-0.606015
0.405022,-0.605108
0.406285,-0.604201
0.407549,-0.603295
0.408812,-0.602388
0.410076,-0.601481
0.41134,-0.600574
0.412603,-0.599668
0.413867,-0.598761
0.415131,-0.597854
0.416394,-0.596948
0.417658,-0.596041
0.418922,-0.595134
0.420185,-0.594227
0.421449,-0.593321
0.422713,-0.592414
0.423976,-0.591507
0.42524,-0.5906
0.426503,-0.589694
0.427767,-0.588787
0.429031,-0.58788
0.430294,-0.586973
0.431558,-0.586067
0.432822,-0.58516
0.434085,-0.584253
0.435349,-0.583347
0.436613,-0.58244
0.437876,-0.581533
0.43914,-0.580626
0.440404,-0.57972
0.441667,-0.578813
0.442931,-0.577906
0.444195,-0.576999
0.445458,-0.576093
0.446722,-0.575186
0.447985,-0.574279
0.449249,-0.573372
0.450513,-0.572466
0.451776,-0.571559
0.45304,-0.570652
0.454304,-0.569746
0.455567,-0.568839
0.456831,-0.567932
0.458095,-0.567025
0.459358,-0.566119
0.460622,-0.565212
0.461886,-0.564305
0.463149,-0.563398
0.464413,-0.562492
0.465676,-0.561585
0.46694,-0.560678
0.468204,-0.559772
0.469467,-0.558865
0.470731,-0.557958
0.471995,-0.557051
0.473258,-0.556145
0.474522,-0.555238
0.475786,-0.554331
0.477049,-0.553424
0.478313,-0.552518
0.479577,-0.551611
0.48084,-0.550704
0.482104,-0.549797
0.483368,-0.548891
0.484631,-0.547984
0.485895,-0.547077
0.487158,-0.546171
0.488422,-0.545264
0.489686,-0.544357
0.490949,-0.54345
0.492213,-0.542544
0.493477,-0.541637
0.49474,-0.54073
0.496004,-0.539823
0.497268,-0.538917
0.498531,-0.53801
0.499795,-0.537103
0.500974,-0.537203
0.502154,-0.537303
0.503333,-0.537403
0.504513,-0.537502
0.505692,-0.537602
0.506872,-0.537702
0.508051,-0.537802
0.509231,-0.537901
0.51041,-0.538001
0.51159,-0.538101
0.512769,-0.538201
0.513949,-0.538301
0.515128,-0.5384
0.516308,-0.5385
0.517487,-0.5386
0.518667,-0.5387
0.519846,-0.5388
0.521026,-0.538899
0.522205,-0.538999
0.523385,-0.539099
0.524564,-0.539199
0.525744,-0.539298
0.526923,-0.539398
0.528103,-0.539498
0.529282,-0.539598
0.530462,-0.539698
0.531641,-0.539797
0.532821,-0.539897
0.534001,-0.539997
0.53518,-0.540097
0.53636,-0.540196
0.537539,-0.540296
0.538719,-0.540396
0.539898,-0.540496
0.541078,-0.540596
0.542257,-0.540695
0.543437,-0.540795
0.544616,-0.540895
0.545796,-0.540995
0.546975,-0.541095
0.548155,-0.541194
0.549334,-0.541294
0.550514,-0.541394
0.551693,-0.541494
0.552873,-0.541593
0.554052,-0.541693
0.555232,-0.541793
0.556411,-0.541893
0.557591,-0.541993
0.55877,-0.542092
0.55995,-0.542192
0.561129,-0.542292
0.562309,-0.542392
0.563488,-0.542492
0.564668,-0.542591
0.565847,-0.542691
0.567027,-0.542791
0.568206,-0.542891
0.569386,-0.54299
0.570565,-0.54309
0.571745,-0.54319
0.572924,-0.54329
0.574104,-0.54339
0.575283,-0.543489
0.576463,-0.543589
0.577642,-0.543689
0.578822,-0.543789
0.580001,-0.543888
0.581181,-0.543988
0.58236,-0.544088
0.58354,-0.544188
0.584719,-0.544288
0.585899,-0.544387
0.587078,-0.544487
0.588258,-0.544587
0.589437,-0.544687
0.590617,-0.544787
0.591796,-0.544886
0.592976,-0.544986
0.594155,-0.545086
0.595335,-0.545186
0.596514,-0.545285
0.597694,-0.545385
0.598873,-0.545485
0.600053,-0.545585
0.601232,-0.545685
0.602412,-0.545784
0.603591,-0.545884
0.604771,-0.545984
0.60595,-0.546084
0.60713,-0.546184
0.608309,-0.546283
0.609489,-0.546383
0.610668,-0.546483
0.611848,-0.546583
0.613027,-0.546682
0.614207,-0.546782
0.615386,-0.546882
0.616566,-0.546982
0.617745,-0.547082
0.618925,-0.547181
0.620104,-0.547281
0.621284,-0.547381
0.622463,-0.547481
0.623643,-0.54758
0.624822,-0.54768
0.626002,-0.54778
0.627181,-0.54788
0.628361,-0.54798
0.62954,-0.548079
0.63072,-0.548179
0.631899,-0.548279
0.633079,-0.548379
0.634258,-0.548479
0.635438,-0.548578
0.636617,-0.548678
0.637797,-0.548778
0.638976,-0.548878
0.640156,-0.548977
0.641335,-0.549077
0.642515,-0.549177
0.643694,-0.549277
0.644874,-0.549377
0.646053,-0.549476
0.647233,-0.549576
0.648412,-0.549676
0.649592,-0.549776
0.650771,-0.549876
0.651951,-0.549975
0.65313,-0.550075
0.65431,-0.550175
0.655489,-0.550275
0.656669,-0.550374
0.657848,-0.550474
0.659028,-0.550574
0.660207,-0.550674
0.661387,-0.550774
0.662566,-0.550873
0.663746,-0.550973
0.664925,-0.551073
0.666105,-0.551173
0.667284,-0.551273
0.668464,-0.551372
0.669643,-0.551472
0.670823,-0.551572
0.672002,-0.551672
0.673182,-0.551771
0.674361,-0.551871
0.675541,-0.551971
0.675622,-0.550969
0.675702,-0.549967
0.675783,-0.548965
0.675863,-0.547962
0.675944,-0.54696
0.676025,-0.545958
0.676105,-0.544956
0.676186,-0.543954
0.676266,-0.542952
0.676347,-0.541949
0.676428,-0.540947
0.676508,-0.539945
0.676589,-0.538943
0.67667,-0.537941
0.67675,-0.536939
0.676831,-0.535936
0.676911,-0.534934
0.676992,-0.533932
0.677073,-0.53293
0.677153,-0.531928
0.677234,-0.530926
0.677314,-0.529923
0.677395,-0.528921
0.677476,-0.527919
0.677556,-0.526917
0.677637,-0.525915
0.677718,-0.524913
0.677798,-0.52391
0.677879,-0.522908
0.677959,-0.521906
0.67804,-0.520904
0.678121,-0.519902
0.678201,-0.5189
0.678282,-0.517897
0.678362,-0.516895
0.678443,-0.515893
0.678524,-0.514891
0.678604,-0.513889
0.678685,-0.512887
0.678765,-0.511885
0.678846,-0.510882
0.678927,-0.50988
0.679007,-0.508878
0.679088,-0.507876
0.679169,-0.506874
0.679249,-0.505872
0.67933,-0.504869
0.67941,-0.503867
0.679491,-0.502865
0.679572,-0.501863
0.679652,-0.500861
0.679733,-0.499859
0.679813,-0.498856
0.679894,-0.497854
0.679975,-0.496852
0.680055,-0.49585
0.680136,-0.494848
0.680217,-0.493846
0.680297,-0.492843
0.680378,-0.491841
0.680458,-0.490839
0.680539,-0.489837
0.68062,-0.488835
0.6807,-0.487833
0.680781,-0.48683
0.680861,-0.485828
0.680942,-0.484826
0.681023,-0.483824
0.681103,-0.482822
0.681184,-0.48182
0.681265,-0.480817
0.681345,-0.479815
0.681426,-0.478813
0.681506,-0.477811
0.681587,-0.476809
0.681668,-0.475807
0.681748,-0.474805
0.681829,-0.473802
0.681909,-0.4728
0.68199,-0.471798
0.682071,-0.470796
0.682151,-0.469794
0.682232,-0.468792
0.682313,-0.467789
0.682393,-0.466787
0.682474,-0.465785
0.682554,-0.464783
0.682635,-0.463781
0.682716,-0.462779
0.682796,-0.461776
0.682877,-0.460774
0.682957,-0.459772
0.683038,-0.45877
0.683119,-0.457768
0.683199,-0.456766
0.68328,-0.455763
0.683361,-0.454761
0.683441,-0.453759
0.683522,-0.452757
0.683602,-0.451755
0.683683,-0.450753
0.683764,-0.44975
0.683844,-0.448748
0.683925,-0.447746
0.684005,-0.446744
0.684086,-0.445742
0.684167,-0.44474
0.684247,-0.443737
0.684328,-0.442735
0.684408,-0.441733
0.684489,-0.440731
0.68457,-0.439729
0.68465,-0.438727
0.684731,-0.437725
0.684812,-0.436722
0.684892,-0.43572
0.684973,-0.434718
0.685053,-0.433716
0.685134,-0.432714
0.685215,-0.431712
0.685295,-0.430709
0.685376,-0.429707
0.685456,-0.428705
0.685537,-0.427703
0.685618,-0.426701
0.685698,-0.425699
0.685779,-0.424696
0.68586,-0.423694
0.68594,-0.422692
0.686021,-0.42169
0.686101,-0.420688
0.686182,-0.419686
0.686263,-0.418683
0.686343,-0.417681
0.686424,-0.416679
0.686504,-0.415677
0.686585,-0.414675
0.686666,-0.413673
0.686746,-0.41267
0.686827,-0.411668
0.686908,-0.410666
0.686988,-0.409664
0.687069,-0.408662
0.687149,-0.40766
0.68723,-0.406658
0.687311,-0.405655
0.687391,-0.404653
0.687472,-0.403651
0.687552,-0.402649
0.687633,-0.401647
0.688174,-0.401841
0.688715,-0.402035
0.689256,-0.402229
0.689797,-0.402423
0.690338,-0.402617
0.690879,-0.402811
0.69142,-0.403005
0.691961,-0.403199
0.692502,-0.403393
0.693042,-0.403587
0.693583,-0.40378
0.694124,-0.403974
0.694665,-0.404168
0.695206,-0.404362
0.695747,-0.404556
0.696288,-0.40475
0.696829,-0.404944
0.69737,-0.405138
0.697911,-0.405332
0.698452,-0.405526
0.698993,-0.40572
0.699534,-0.405914
0.700075,-0.406108
0.700616,-0.406302
0.701157,-0.406496
0.701698,-0.40669
0.702238,-0.406884
0.702779,-0.407078
0.70332,-0.407272
0.703861,-0.407466
0.704402,-0.40766
0.704943,-0.407854
0.705484,-0.408048
0.706025,-0.408242
0.706566,-0.408436
0.707107,-0.40863
0.707648,-0.408824
0.708189,-0.409018
0.70873,-0.409212
0.709271,-0.409406
0.709812,-0.4096
0.710353,-0.409794
0.710894,-0.409988
0.711435,-0.410182
0.711975,-0.410376
0.712516,-0.41057
0.713057,-0.410764
0.713598,-0.410958
0.714139,-0.411152
0.71468,-0.411346
0.715221,-0.41154
0.715762,-0.411734
0.716303,-0.411928
0.716844,-0.412122
0.717385,-0.412316
0.717926,-0.41251
0.718467,-0.412704
0.719008,-0.412898
0.719549,-0.413092
0.72009,-0.413286
0.720631,-0.41348
0.721171,-0.413674
0.721712,-0.413868
0.722253,-0.414062
0.722794,-0.414256
0.723335,-0.41445
0.723876,-0.414643
0.724417,-0.414837
0.724958,-0.415031
0.725499,-0.415225
0.72604,-0.415419
0.726581,-0.415613
0.727122,-0.415807
0.727663,-0.416001
0.728204,-0.416195
0.728745,-0.416389
0.729286,-0.416583
0.729827,-0.416777
0.730368,-0.416971
0.730908,-0.417165
0.731449,-0.417359
0.73199,-0.417553
0.732531,-0.417747
0.733072,-0.417941
0.733613,-0.418135
0.734154,-0.418329
0.734695,-0.418523
0.735236,-0.418717
0.735777,-0.418911
0.736318,-0.419105
0.736859,-0.419299
0.7374,-0.419493
0.737941,-0.419687
0.738482,-0.419881
0.739023,-0.420075
0.739564,-0.420269
0.740104,-0.420463
0.740645,-0.420657
0.741186,-0.420851
0.741727,-0.421045
0.742268,-0.421239
0.742809,-0.421433
0.74335,-0.421627
0.743891,-0.421821
0.744432,-0.422015
0.744973,-0.422209
0.745514,-0.422403
0.746055,-0.422597
0.746596,-0.422791
0.747137,-0.422985
0.747678,-0.423179
0.748219,-0.423373
0.74876,-0.423567
0.7493,-0.423761
0.749841,-0.423955
0.750382,-0.424149
0.750923,-0.424343
0.751464,-0.424537
0.752005,-0.424731
0.752546,-0.424925
0.753087,-0.425119
0.753628,-0.425313
0.754169,-0.425506
0.75471,-0.4257
0.755251,-0.425894
0.755792,-0.426088
0.756333,-0.426282
0.756874,-0.426476
0.757415,-0.42667
0.757956,-0.426864
0.758497,-0.427058
0.759037,-0.427252
0.759578,-0.427446
0.760119,-0.42764
0.76066,-0.427834
0.761201,-0.428028
0.761742,-0.428222
0.762283,-0.428416
0.762824,-0.42861
0.763365,-0.428804
0.763906,-0.428998
0.764447,-0.429192
0.764988,-0.429386
0.765529,-0.42958
0.76607,-0.429774
0.766611,-0.429968
0.767152,-0.430162
0.767693,-0.430356
0.768233,-0.43055
