O
20
1,0,-1,0.78,-0.5,0.75,0.0,0.0,0.0,0.3,0.4,0.02,0,0.8,False
2,0,-1,1.1,-0.5,0.93,0.0,0.0,0.0,0.02,0.4,0.2,0,0.8,False
3,0,-1,0.78,-0.5,1.11,0.0,0.0,0.0,0.3,0.4,0.02,0,0.8,False
4,0,-1,0.8,-0.92,0.93,0.0,0.0,0.0,0.32,0.02,0.2,0,0.8,False
5,0,-1,0.8,-0.08,0.93,0.0,0.0,0.0,0.32,0.02,0.2,0,0.8,False
6,2,0,1.0000562310856045,-0.8153571316323596,0.8450000000000001,0.0,0.0,1.904443695130031,0.04599324033497004,0.04599324033497004,0.15,0.08394071340998593,0.8357596341366198,False
7,2,0,0.5928461075247785,-0.20821023841329522,0.8450000000000001,0.0,0.0,0.8147180481909924,0.03,0.03,0.15,0.008710644164606762,0.960591615669491,False
8,0,0,0.6589388762236873,-0.7628906025358605,0.8998921092061968,0.0,0.0,2.1795896524604648,0.050421825987506726,0.05339611822478691,0.12989210920619673,0.4872747339259823,1.0358182525873654,False
9,0,0,0.9066712120456586,-0.6707826284572755,0.9244215455509834,0.0,0.0,0.3870342923754112,0.06379971638403611,0.03,0.15442154555098336,0.20905879949351308,0.9089128355650349,False
10,0,0,0.7793589066395333,-0.3362971991463951,0.86,0.0,0.0,0.816442097206183,0.03,0.03,0.09,0.35000706694911143,0.8819483433780045,False
11,0,1,0.5696074166339151,-0.5712209045162733,0.912482516203315,0.0,0.0,6.276511626228948,0.06463885022987581,0.03,0.14248251620331495,0.3207475302833907,0.9295420548578346,True
12,2,1,0.7135803063151129,-0.15141639593094114,0.8453888535649612,0.0,0.0,4.1777551144292895,0.03,0.03,0.15077770712992236,0.20846768657119835,1.118754238153231,True
13,0,1,0.9165993587635293,-0.4169384631613065,0.86,0.0,0.0,5.549387353280032,0.05883884093624045,0.04668154180560746,0.09,0.3912866639543627,0.8165214920104833,True
14,2,1,0.5708359489193385,-0.44439408829939525,0.8450000000000001,0.0,0.0,1.9640409705049964,0.040371103762644765,0.040371103762644765,0.15,0.2530466568968367,1.0548178634125884,True
15,2,1,0.8871338754880291,-0.28047858528043734,0.8450000000000001,0.0,0.0,4.926683866591193,0.03333770630244044,0.03333770630244044,0.15,0.12779733537990418,0.9759065196488549,True
16,2,1,0.6387062848230974,-0.3004332212518127,0.8450000000000001,0.0,0.0,4.420854221687763,0.03,0.03,0.15,0.17445034649965635,0.8822330530818787,True
17,2,1,0.9756315711569737,-0.1725940907954009,0.8450000000000001,0.0,0.0,1.516797955624463,0.03,0.03,0.15,0.40571092161442784,0.8618824243161145,True
18,2,1,0.8509402842036067,-0.1597085646681966,0.8450000000000001,0.0,0.0,4.862105874762962,0.03,0.03,0.15,0.08607804827601306,0.9087922902630715,True
19,2,1,0.9787028243774625,-0.5559032990290502,0.8450000000000001,0.0,0.0,2.6755800214054357,0.03,0.03,0.15,0.0031135515816174686,1.134708368451482,True
20,2,1,0.6778332529739725,-0.5554834418475574,0.8469721022956603,0.0,0.0,4.78573242944082,0.03,0.03,0.15394420459132058,0.030518324152983223,1.0960705292916542,True
R
0.0,0.0,0.0,0.0,0.0,0.0,1.0
S
8
torso_lift_joint,0
r_shoulder_pan_joint,-1.69017
r_shoulder_lift_joint,-0.0788625
r_upper_arm_roll_joint,-1.69017
r_elbow_flex_joint,-1.2717
r_forearm_roll_joint,-0.151824
r_wrist_flex_joint,-1.25254
r_wrist_roll_joint,0.675062
G
0.535927,-0.257049,0.845,0.709137,-0,0
ooi
7
A
599
0.310248,-0.673113
0.310462,-0.672856
0.310676,-0.6726
0.31089,-0.672343
0.311103,-0.672086
0.311317,-0.67183
0.311531,-0.671573
0.311745,-0.671316
0.311959,-0.67106
0.312172,-0.670803
0.312386,-0.670546
0.3126,-0.670289
0.312814,-0.670033
0.313028,-0.669776
0.313242,-0.669519
0.313455,-0.669263
0.313669,-0.669006
0.313883,-0.668749
0.314097,-0.668493
0.314311,-0.668236
0.314524,-0.667979
0.314738,-0.667723
0.314952,-0.667466
0.315166,-0.667209
0.31538,-0.666953
0.315593,-0.666696
0.315807,-0.666439
0.316021,-0.666182
0.316235,-0.665926
0.316449,-0.665669
0.316662,-0.665412
0.316876,-0.665156
0.31709,-0.664899
0.317304,-0.664642
0.317518,-0.664386
0.317732,-0.664129
0.317945,-0.663872
0.318159,-0.663616
0.318373,-0.663359
0.318587,-0.663102
0.318801,-0.662845
0.319014,-0.662589
0.319228,-0.662332
0.319442,-0.662075
0.319656,-0.661819
0.31987,-0.661562
0.320083,-0.661305
0.320297,-0.661049
0.320511,-0.660792
0.320725,-0.660535
0.320939,-0.660279
0.321152,-0.660022
0.321366,-0.659765
0.32158,-0.659509
0.321794,-0.659252
0.322008,-0.658995
0.322221,-0.658738
0.322435,-0.658482
0.322649,-0.658225
0.322863,-0.657968
0.323077,-0.657712
0.323291,-0.657455
0.323504,-0.657198
0.323718,-0.656942
0.323932,-0.656685
0.324146,-0.656428
0.32436,-0.656172
0.324573,-0.655915
0.324787,-0.655658
0.325001,-0.655401
0.325215,-0.655145
0.325429,-0.654888
0.325642,-0.654631
0.325856,-0.654375
0.32607,-0.654118
0.326284,-0.653861
0.326498,-0.653605
0.326711,-0.653348
0.326925,-0.653091
0.327139,-0.652835
0.327353,-0.652578
0.327567,-0.652321
0.327781,-0.652064
0.327994,-0.651808
0.328208,-0.651551
0.328422,-0.651294
0.328636,-0.651038
0.32885,-0.650781
0.329063,-0.650524
0.329277,-0.650268
0.329491,-0.650011
0.329705,-0.649754
0.329919,-0.649498
0.330132,-0.649241
0.330346,-0.648984
0.33056,-0.648728
0.330774,-0.648471
0.330988,-0.648214
0.331201,-0.647957
0.331415,-0.647701
0.331629,-0.647444
0.331843,-0.647187
0.332057,-0.646931
0.332271,-0.646674
0.332484,-0.646417
0.332698,-0.646161
0.332912,-0.645904
0.333126,-0.645647
0.33334,-0.645391
0.333553,-0.645134
0.333767,-0.644877
0.333981,-0.64462
0.334195,-0.644364
0.334409,-0.644107
0.334622,-0.64385
0.334836,-0.643594
0.33505,-0.643337
0.335264,-0.64308
0.335478,-0.642824
0.335691,-0.642567
0.335905,-0.64231
0.336119,-0.642054
0.336333,-0.641797
0.336547,-0.64154
0.336761,-0.641284
0.336974,-0.641027
0.337188,-0.64077
0.337402,-0.640513
0.337616,-0.640257
0.33783,-0.64
0.338043,-0.639743
0.338257,-0.639487
0.338471,-0.63923
0.338685,-0.638973
0.338899,-0.638717
0.339112,-0.63846
0.339326,-0.638203
0.33954,-0.637947
0.339754,-0.63769
0.339968,-0.637433
0.340181,-0.637176
0.340395,-0.63692
0.340609,-0.636663
0.340823,-0.636406
0.341037,-0.63615
0.341251,-0.635893
0.341464,-0.635636
0.341678,-0.63538
0.341892,-0.635123
0.342106,-0.634866
0.34232,-0.63461
0.342528,-0.634386
0.342736,-0.634162
0.342945,-0.633938
0.343153,-0.633714
0.343362,-0.63349
0.34357,-0.633266
0.343779,-0.633042
0.343987,-0.632818
0.344196,-0.632594
0.344404,-0.63237
0.344613,-0.632147
0.344821,-0.631923
0.345029,-0.631699
0.345238,-0.631475
0.345446,-0.631251
0.345655,-0.631027
0.345863,-0.630803
0.346072,-0.630579
0.34628,-0.630355
0.346489,-0.630131
0.346697,-0.629907
0.346906,-0.629684
0.347114,-0.62946
0.347322,-0.629236
0.347531,-0.629012
0.347739,-0.628788
0.347948,-0.628564
0.348156,-0.62834
0.348365,-0.628116
0.348573,-0.627892
0.348782,-0.627668
0.34899,-0.627444
0.349198,-0.627221
0.349407,-0.626997
0.349615,-0.626773
0.349824,-0.626549
0.350032,-0.626325
0.350241,-0.626101
0.350449,-0.625877
0.350658,-0.625653
0.350866,-0.625429
0.351075,-0.625205
0.351283,-0.624981
0.351491,-0.624758
0.3517,-0.624534
0.351908,-0.62431
0.352117,-0.624086
0.352325,-0.623862
0.352534,-0.623638
0.352742,-0.623414
0.352951,-0.62319
0.353159,-0.622966
0.353368,-0.622742
0.353576,-0.622518
0.353784,-0.622295
0.353993,-0.622071
0.354201,-0.621847
0.35441,-0.621623
0.354618,-0.621399
0.354827,-0.621175
0.355035,-0.620951
0.355244,-0.620727
0.355452,-0.620503
0.35566,-0.620279
0.355869,-0.620055
0.356077,-0.619832
0.356286,-0.619608
0.356494,-0.619384
0.356703,-0.61916
0.356911,-0.618936
0.35712,-0.618712
0.357328,-0.618488
0.357537,-0.618264
0.357745,-0.61804
0.357953,-0.617816
0.358162,-0.617592
0.35837,-0.617369
0.358579,-0.617145
0.358787,-0.616921
0.358996,-0.616697
0.359204,-0.616473
0.359413,-0.616249
0.359621,-0.616025
0.35983,-0.615801
0.360038,-0.615577
0.360246,-0.615353
0.360455,-0.615129
0.360663,-0.614906
0.360872,-0.614682
0.36108,-0.614458
0.361289,-0.614234
0.361497,-0.61401
0.361706,-0.613786
0.361914,-0.613562
0.362122,-0.613338
0.362331,-0.613114
0.362539,-0.61289
0.362748,-0.612666
0.362956,-0.612443
0.363165,-0.612219
0.363373,-0.611995
0.363582,-0.611771
0.36379,-0.611547
0.363999,-0.611323
0.364207,-0.611099
0.364415,-0.610875
0.364624,-0.610651
0.364832,-0.610427
0.365041,-0.610203
0.365249,-0.609979
0.365458,-0.609756
0.365666,-0.609532
0.365875,-0.609308
0.366083,-0.609084
0.366292,-0.60886
0.3665,-0.608636
0.366708,-0.608412
0.366917,-0.608188
0.367125,-0.607964
0.367334,-0.60774
0.367542,-0.607516
0.367751,-0.607293
0.367959,-0.607069
0.368168,-0.606845
0.368376,-0.606621
0.368585,-0.606397
0.368793,-0.606173
0.369001,-0.605949
0.36921,-0.605725
0.369418,-0.605501
0.369627,-0.605277
0.369835,-0.605053
0.370044,-0.60483
0.370252,-0.604606
0.370461,-0.604382
0.370669,-0.604158
0.370877,-0.603934
0.371086,-0.60371
0.371294,-0.603486
0.371503,-0.603262
0.371711,-0.603038
0.37192,-0.602814
0.372128,-0.60259
0.372337,-0.602367
0.372545,-0.602143
0.372754,-0.601919
0.372962,-0.601695
0.37317,-0.601471
0.373379,-0.601247
0.373553,-0.59996
0.373727,-0.598674
0.3739,-0.597387
0.374074,-0.596101
0.374248,-0.594814
0.374422,-0.593527
0.374596,-0.592241
0.37477,-0.590954
0.374944,-0.589667
0.375118,-0.588381
0.375291,-0.587094
0.375465,-0.585808
0.375639,-0.584521
0.375813,-0.583234
0.375987,-0.581948
0.376161,-0.580661
0.376335,-0.579374
0.376508,-0.578088
0.376682,-0.576801
0.376856,-0.575515
0.37703,-0.574228
0.377204,-0.572941
0.377378,-0.571655
0.377552,-0.570368
0.377725,-0.569082
0.377899,-0.567795
0.378073,-0.566508
0.378247,-0.565222
0.378421,-0.563935
0.378595,-0.562648
0.378769,-0.561362
0.378942,-0.560075
0.379116,-0.558789
0.37929,-0.557502
0.379464,-0.556215
0.379638,-0.554929
0.379812,-0.553642
0.379986,-0.552355
0.38016,-0.551069
0.380333,-0.549782
0.380507,-0.548496
0.380681,-0.547209
0.380855,-0.545922
0.381029,-0.544636
0.381203,-0.543349
0.381377,-0.542062
0.38155,-0.540776
0.381724,-0.539489
0.381898,-0.538203
0.382072,-0.536916
0.382246,-0.535629
0.38242,-0.534343
0.382594,-0.533056
0.382767,-0.53177
0.382941,-0.530483
0.383115,-0.529196
0.383289,-0.52791
0.383463,-0.526623
0.383637,-0.525336
0.383811,-0.52405
0.383984,-0.522763
0.384158,-0.521477
0.384332,-0.52019
0.384506,-0.518903
0.38468,-0.517617
0.384854,-0.51633
0.385028,-0.515043
0.385202,-0.513757
0.385375,-0.51247
0.385549,-0.511184
0.385723,-0.509897
0.385897,-0.50861
0.386071,-0.507324
0.386245,-0.506037
0.386419,-0.50475
0.386592,-0.503464
0.386766,-0.502177
0.38694,-0.500891
0.387114,-0.499604
0.387288,-0.498317
0.387462,-0.497031
0.387636,-0.495744
0.387809,-0.494458
0.387983,-0.493171
0.388157,-0.491884
0.388331,-0.490598
0.388505,-0.489311
0.388679,-0.488024
0.388853,-0.486738
0.389027,-0.485451
0.3892,-0.484165
0.389374,-0.482878
0.389548,-0.481591
0.389722,-0.480305
0.389896,-0.479018
0.39007,-0.477731
0.390244,-0.476445
0.390417,-0.475158
0.390591,-0.473872
0.390765,-0.472585
0.390939,-0.471298
0.391113,-0.470012
0.391287,-0.468725
0.391461,-0.467439
0.391634,-0.466152
0.391808,-0.464865
0.391982,-0.463579
0.392156,-0.462292
0.39233,-0.461005
0.392504,-0.459719
0.392678,-0.458432
0.392851,-0.457146
0.393025,-0.455859
0.393199,-0.454572
0.393373,-0.453286
0.393547,-0.451999
0.393721,-0.450712
0.393895,-0.449426
0.394069,-0.448139
0.394242,-0.446853
0.394416,-0.445566
0.39459,-0.444279
0.394764,-0.442993
0.394938,-0.441706
0.395112,-0.440419
0.395286,-0.439133
0.395459,-0.437846
0.395633,-0.43656
0.395807,-0.435273
0.395981,-0.433986
0.396155,-0.4327
0.396329,-0.431413
0.396503,-0.430127
0.396676,-0.42884
0.39685,-0.427553
0.397024,-0.426267
0.397198,-0.42498
0.397372,-0.423693
0.397546,-0.422407
0.39772,-0.42112
0.397893,-0.419834
0.398067,-0.418547
0.398241,-0.41726
0.398415,-0.415974
0.398589,-0.414687
0.398763,-0.4134
0.398937,-0.412114
0.399111,-0.410827
0.399284,-0.409541
0.399458,-0.408254
0.400374,-0.407239
0.40129,-0.406224
0.402206,-0.40521
0.403122,-0.404195
0.404038,-0.40318
0.404954,-0.402165
0.40587,-0.40115
0.406785,-0.400136
0.407701,-0.399121
0.408617,-0.398106
0.409533,-0.397091
0.410449,-0.396076
0.411365,-0.395062
0.412281,-0.394047
0.413197,-0.393032
0.414113,-0.392017
0.415028,-0.391002
0.415944,-0.389988
0.41686,-0.388973
0.417776,-0.387958
0.418692,-0.386943
0.419608,-0.385928
0.420524,-0.384914
0.42144,-0.383899
0.422356,-0.382884
0.423272,-0.381869
0.424187,-0.380854
0.425103,-0.37984
0.426019,-0.378825
0.426935,-0.37781
0.427851,-0.376795
0.428767,-0.37578
0.429683,-0.374766
0.430599,-0.373751
0.431515,-0.372736
0.432431,-0.371721
0.433346,-0.370706
0.434262,-0.369692
0.435178,-0.368677
0.436094,-0.367662
0.43701,-0.366647
0.437926,-0.365632
0.438842,-0.364618
0.439758,-0.363603
0.440674,-0.362588
0.441589,-0.361573
0.442505,-0.360558
0.443421,-0.359544
0.444337,-0.358529
0.445253,-0.357514
0.446169,-0.356499
0.447085,-0.355484
0.448001,-0.35447
0.448917,-0.353455
0.449833,-0.35244
0.450748,-0.351425
0.451664,-0.35041
0.45258,-0.349396
0.453496,-0.348381
0.454412,-0.347366
0.455328,-0.346351
0.456244,-0.345336
0.45716,-0.344322
0.458076,-0.343307
0.458991,-0.342292
0.459907,-0.341277
0.460823,-0.340262
0.461739,-0.339248
0.462655,-0.338233
0.463571,-0.337218
0.464487,-0.336203
0.465403,-0.335188
0.466319,-0.334174
0.467235,-0.333159
0.46815,-0.332144
0.469066,-0.331129
0.469982,-0.330114
0.470898,-0.3291
0.471814,-0.328085
0.47273,-0.32707
0.473646,-0.326055
0.474562,-0.32504
0.475478,-0.324026
0.476394,-0.323011
0.477309,-0.321996
0.478225,-0.320981
0.479141,-0.319966
0.480057,-0.318952
0.480973,-0.317937
0.481889,-0.316922
0.482805,-0.315907
0.483721,-0.314892
0.484637,-0.313877
0.485552,-0.312863
0.486468,-0.311848
0.487384,-0.310833
0.4883,-0.309818
0.489216,-0.308803
0.490132,-0.307789
0.491048,-0.306774
0.491964,-0.305759
0.49288,-0.304744
0.493796,-0.303729
0.494711,-0.302715
0.495627,-0.3017
0.496543,-0.300685
0.497459,-0.29967
0.498375,-0.298655
0.499291,-0.297641
0.500207,-0.296626
0.501123,-0.295611
0.502039,-0.294596
0.502955,-0.293581
0.50387,-0.292567
0.504786,-0.291552
0.505702,-0.290537
0.506618,-0.289522
0.507534,-0.288507
0.50845,-0.287493
0.509366,-0.286478
0.510282,-0.285463
0.511198,-0.284448
0.512113,-0.283433
0.513029,-0.282419
0.513945,-0.281404
0.514861,-0.280389
0.515777,-0.279374
0.516693,-0.278359
0.517609,-0.277345
0.518525,-0.27633
0.519441,-0.275315
0.520357,-0.2743
0.521272,-0.273285
0.522188,-0.272271
0.523104,-0.271256
0.52402,-0.270241
0.524936,-0.269226
0.525852,-0.268211
0.526768,-0.267197
0.527684,-0.266182
0.5286,-0.265167
0.529516,-0.264152
0.530431,-0.263137
0.531347,-0.262123
0.532263,-0.261108
0.533179,-0.260093
0.534095,-0.259078
0.535011,-0.258063
0.535927,-0.257049
