O
20
1,0,-1,0.78,-0.5,0.75,0.0,0.0,0.0,0.3,0.4,0.02,0,0.8,False
2,0,-1,1.1,-0.5,0.93,0.0,0.0,0.0,0.02,0.4,0.2,0,0.8,False
3,0,-1,0.78,-0.5,1.11,0.0,0.0,0.0,0.3,0.4,0.02,0,0.8,False
4,0,-1,0.8,-0.92,0.93,0.0,0.0,0.0,0.32,0.02,0.2,0,0.8,False
5,0,-1,0.8,-0.08,0.93,0.0,0.0,0.0,0.32,0.02,0.2,0,0.8,False
6,2,0,0.7991551516774246,-0.7783661703143786,0.8450000000000001,0.0,0.0,2.7113114001971965,0.03,0.03,0.15,0.0728627462909967,1.1341379821158795,False
7,0,0,0.8218481395191056,-0.20933386027109457,0.86,0.0,0.0,4.556967729288241,0.048438029759846034,0.03,0.09,0.006768463034400207,1.1676512894345388,False
8,2,0,0.547268012146437,-0.3258733536496562,0.8450000000000001,0.0,0.0,1.8292454782239418,0.03713993521454601,0.03713993521454601,0.15,0.17696946532136626,1.0091071329237178,False
9,2,0,0.8059034384533723,-0.40585707844497415,0.8490603029850573,0.0,0.0,5.9964283018892965,0.06874904784199411,0.06874904784199411,0.1581206059701146,0.10226791922358452,1.0590130399038666,False
10,0,0,0.9734773813058748,-0.27597741483050886,0.8981274483253613,0.0,0.0,2.9393872865825728,0.03,0.05571299666456372,0.12812744832536127,0.051219536532981336,0.8903247660744502,False
11,2,1,0.7443556846948443,-0.6654612611837717,0.8450000000000001,0.0,0.0,5.231094238577054,0.03,0.03,0.15,0.2317206251354862,1.1265695750443947,True
12,2,1,0.5208182655675774,-0.6747642698060754,0.8450000000000001,0.0,0.0,1.4053397639354213,0.03,0.03,0.15,0.2767518327191275,1.173050853229083,True
13,2,1,1.02745582020157,-0.41410567117733255,0.8450000000000001,0.0,0.0,2.524537667880812,0.03,0.03,0.15,0.3179897752325831,0.9621872305061291,True
14,2,1,0.9581540559140311,-0.6127713858395056,0.8480360394899809,0.0,0.0,4.638986437310774,0.05272459033793084,0.05272459033793084,0.15607207897996178,0.17773912169343176,0.9151378799668343,True
15,2,1,0.6647378146480433,-0.3150446650919031,0.8450000000000001,0.0,0.0,0.9397074595977601,0.03,0.03,0.15,0.41763414807718857,1.1985142806511928,True
16,2,1,0.5784861618270828,-0.5690916627440156,0.8450000000000001,0.0,0.0,2.8412314742665092,0.04276021741279557,0.04276021741279557,0.15,0.44797298651087614,0.8670204531780483,True
17,0,1,0.9229638364566211,-0.8192215094630455,0.86,0.0,0.0,5.15496145302676,0.03,0.03,0.09,0.4820001387246197,1.0411166972195123,True
18,2,1,0.6866372307719084,-0.14576125263838358,0.8450000000000001,0.0,0.0,1.6441204920297527,0.03,0.03,0.15,0.3836323843000659,1.0454589240698944,True
19,0,1,0.6558326556247969,-0.41537946260530045,0.86,0.0,0.0,0.4090779482291067,0.043609767146018184,0.03,0.09,0.40176630538405933,1.052559301422134,True
20,2,1,0.6510345998499818,-0.6813170238270763,0.8450000000000001,0.0,0.0,4.458662634630329,0.034659066057164754,0.034659066057164754,0.15,0.07318613591926892,1.1085324949983781,True
R
0.0,0.0,0.0,0.0,0.0,0.0,1.0
S
8
torso_lift_joint,0
r_shoulder_pan_joint,-1.69017
r_shoulder_lift_joint,-0.0788625
r_upper_arm_roll_joint,-1.69017
r_elbow_flex_joint,-1.2717
r_forearm_roll_joint,-0.151824
r_wrist_flex_joint,-1.25254
r_wrist_roll_joint,0.675062
G
0.486936,-0.381614,0.845,0.745859,-0,0
ooi
8
A
599
0.310248,-0.673113
0.310631,-0.67243
0.311014,-0.671747
0.311397,-0.671063
0.31178,-0.67038
0.312163,-0.669697
0.312546,-0.669014
0.312929,-0.668331
0.313312,-0.667647
0.313695,-0.666964
0.314078,-0.666281
0.314461,-0.665598
0.314844,-0.664914
0.315227,-0.664231
0.31561,-0.663548
0.315994,-0.662865
0.316377,-0.662181
0.31676,-0.661498
0.317143,-0.660815
0.317526,-0.660132
0.317909,-0.659449
0.318292,-0.658765
0.318675,-0.658082
0.319058,-0.657399
0.319441,-0.656716
0.319824,-0.656032
0.320207,-0.655349
0.32059,-0.654666
0.320973,-0.653983
0.321356,-0.6533
0.321739,-0.652616
0.322122,-0.651933
0.322505,-0.65125
0.322888,-0.650567
0.323271,-0.649883
0.323654,-0.6492
0.324037,-0.648517
0.32442,-0.647834
0.324803,-0.647151
0.325186,-0.646467
0.325569,-0.645784
0.325952,-0.645101
0.326335,-0.644418
0.326718,-0.643734
0.327101,-0.643051
0.327484,-0.642368
0.327867,-0.641685
0.32825,-0.641002
0.328633,-0.640318
0.329016,-0.639635
0.329399,-0.638952
0.329782,-0.638269
0.330165,-0.637585
0.330548,-0.636902
0.330931,-0.636219
0.331314,-0.635536
0.331697,-0.634853
0.33208,-0.634169
0.332463,-0.633486
0.332846,-0.632803
0.333229,-0.63212
0.333613,-0.631436
0.333996,-0.630753
0.334379,-0.63007
0.334762,-0.629387
0.335145,-0.628704
0.335528,-0.62802
0.335911,-0.627337
0.336294,-0.626654
0.336677,-0.625971
0.33706,-0.625287
0.337443,-0.624604
0.337826,-0.623921
0.338209,-0.623238
0.338592,-0.622555
0.338975,-0.621871
0.339358,-0.621188
0.339741,-0.620505
0.340124,-0.619822
0.340507,-0.619138
0.34089,-0.618455
0.341273,-0.617772
0.341656,-0.617089
0.342039,-0.616406
0.342422,-0.615722
0.342805,-0.615039
0.343188,-0.614356
0.343571,-0.613673
0.343954,-0.612989
0.344337,-0.612306
0.34472,-0.611623
0.345103,-0.61094
0.345486,-0.610257
0.345869,-0.609573
0.346252,-0.60889
0.346635,-0.608207
0.347018,-0.607524
0.347401,-0.60684
0.347784,-0.606157
0.348167,-0.605474
0.34855,-0.604791
0.348933,-0.604107
0.349316,-0.603424
0.349699,-0.602741
0.350082,-0.602058
0.350465,-0.601375
0.350848,-0.600691
0.351232,-0.600008
0.351615,-0.599325
0.351998,-0.598642
0.352381,-0.597958
0.352764,-0.597275
0.353147,-0.596592
0.35353,-0.595909
0.353913,-0.595226
0.354296,-0.594542
0.354679,-0.593859
0.355062,-0.593176
0.355445,-0.592493
0.355828,-0.591809
0.356211,-0.591126
0.356594,-0.590443
0.356977,-0.58976
0.35736,-0.589077
0.357743,-0.588393
0.358126,-0.58771
0.358509,-0.587027
0.358892,-0.586344
0.359275,-0.58566
0.359658,-0.584977
0.360041,-0.584294
0.360424,-0.583611
0.360807,-0.582928
0.36119,-0.582244
0.361573,-0.581561
0.361956,-0.580878
0.362339,-0.580195
0.362722,-0.579511
0.363105,-0.578828
0.363488,-0.578145
0.363871,-0.577462
0.364254,-0.576779
0.364637,-0.576095
0.36502,-0.575412
0.365403,-0.574729
0.365786,-0.574046
0.366169,-0.573362
0.366552,-0.572679
0.366935,-0.571996
0.367318,-0.571313
0.367701,-0.57063
0.367978,-0.571356
0.368255,-0.572083
0.368532,-0.57281
0.368808,-0.573537
0.369085,-0.574264
0.369362,-0.574991
0.369638,-0.575718
0.369915,-0.576445
0.370192,-0.577172
0.370469,-0.577899
0.370745,-0.578626
0.371022,-0.579353
0.371299,-0.58008
0.371575,-0.580807
0.371852,-0.581533
0.372129,-0.58226
0.372406,-0.582987
0.372682,-0.583714
0.372959,-0.584441
0.373236,-0.585168
0.373512,-0.585895
0.373789,-0.586622
0.374066,-0.587349
0.374343,-0.588076
0.374619,-0.588803
0.374896,-0.58953
0.375173,-0.590257
0.375449,-0.590984
0.375726,-0.59171
0.376003,-0.592437
0.37628,-0.593164
0.376556,-0.593891
0.376833,-0.594618
0.37711,-0.595345
0.377386,-0.596072
0.377663,-0.596799
0.37794,-0.597526
0.378217,-0.598253
0.378493,-0.59898
0.37877,-0.599707
0.379047,-0.600434
0.379323,-0.60116
0.3796,-0.601887
0.379877,-0.602614
0.380154,-0.603341
0.38043,-0.604068
0.380707,-0.604795
0.380984,-0.605522
0.38126,-0.606249
0.381537,-0.606976
0.381814,-0.607703
0.382091,-0.60843
0.382367,-0.609157
0.382644,-0.609884
0.382921,-0.610611
0.383197,-0.611337
0.383474,-0.612064
0.383751,-0.612791
0.384028,-0.613518
0.384304,-0.614245
0.384581,-0.614972
0.384858,-0.615699
0.385134,-0.616426
0.385411,-0.617153
0.385688,-0.61788
0.385964,-0.618607
0.386241,-0.619334
0.386518,-0.620061
0.386795,-0.620788
0.387071,-0.621514
0.387348,-0.622241
0.387625,-0.622968
0.387901,-0.623695
0.388178,-0.624422
0.388455,-0.625149
0.388732,-0.625876
0.389008,-0.626603
0.389285,-0.62733
0.389562,-0.628057
0.389838,-0.628784
0.390115,-0.629511
0.390392,-0.630238
0.390669,-0.630965
0.390945,-0.631691
0.391222,-0.632418
0.391499,-0.633145
0.391775,-0.633872
0.392052,-0.634599
0.392329,-0.635326
0.392606,-0.636053
0.392882,-0.63678
0.393159,-0.637507
0.393436,-0.638234
0.393712,-0.638961
0.393989,-0.639688
0.394266,-0.640415
0.394543,-0.641141
0.394819,-0.641868
0.395096,-0.642595
0.395373,-0.643322
0.395649,-0.644049
0.395926,-0.644776
0.396203,-0.645503
0.39648,-0.64623
0.396756,-0.646957
0.397033,-0.647684
0.39731,-0.648411
0.397586,-0.649138
0.397863,-0.649865
0.39814,-0.650592
0.398417,-0.651318
0.398693,-0.652045
0.39897,-0.652772
0.399247,-0.653499
0.399523,-0.654226
0.3998,-0.654953
0.400077,-0.65568
0.400354,-0.656407
0.40063,-0.657134
0.400907,-0.657861
0.401184,-0.658588
0.40146,-0.659315
0.401737,-0.660042
0.402014,-0.660769
0.402291,-0.661495
0.402567,-0.662222
0.402844,-0.662949
0.403121,-0.663676
0.403397,-0.664403
0.403674,-0.66513
0.403951,-0.665857
0.404228,-0.666584
0.404504,-0.667311
0.404781,-0.668038
0.405058,-0.668765
0.405334,-0.669492
0.405611,-0.670219
0.405888,-0.670946
0.406165,-0.671672
0.406441,-0.672399
0.406718,-0.673126
0.406995,-0.673853
0.407271,-0.67458
0.407548,-0.675307
0.407825,-0.676034
0.408102,-0.676761
0.408378,-0.677488
0.408655,-0.678215
0.408932,-0.678942
0.4088,-0.677401
0.408669,-0.675861
0.408538,-0.67432
0.408406,-0.67278
0.408275,-0.671239
0.408144,-0.669699
0.408012,-0.668158
0.407881,-0.666618
0.40775,-0.665077
0.407618,-0.663537
0.407487,-0.661996
0.407356,-0.660456
0.407224,-0.658915
0.407093,-0.657375
0.406962,-0.655834
0.406831,-0.654294
0.406699,-0.652753
0.406568,-0.651213
0.406437,-0.649672
0.406305,-0.648132
0.406174,-0.646591
0.406043,-0.645051
0.405911,-0.64351
0.40578,-0.64197
0.405649,-0.640429
0.405517,-0.638888
0.405386,-0.637348
0.405255,-0.635807
0.405123,-0.634267
0.404992,-0.632726
0.404861,-0.631186
0.404729,-0.629645
0.404598,-0.628105
0.404467,-0.626564
0.404335,-0.625024
0.404204,-0.623483
0.404073,-0.621943
0.403941,-0.620402
0.40381,-0.618862
0.403679,-0.617321
0.403548,-0.615781
0.403416,-0.61424
0.403285,-0.6127
0.403154,-0.611159
0.403022,-0.609619
0.402891,-0.608078
0.40276,-0.606538
0.402628,-0.604997
0.402497,-0.603457
0.402366,-0.601916
0.402234,-0.600376
0.402103,-0.598835
0.401972,-0.597295
0.40184,-0.595754
0.401709,-0.594214
0.401578,-0.592673
0.401446,-0.591133
0.401315,-0.589592
0.401184,-0.588052
0.401052,-0.586511
0.400921,-0.584971
0.40079,-0.58343
0.400658,-0.58189
0.400527,-0.580349
0.400396,-0.578809
0.400265,-0.577268
0.400133,-0.575728
0.400002,-0.574187
0.399871,-0.572647
0.399739,-0.571106
0.399608,-0.569566
0.399477,-0.568025
0.399345,-0.566485
0.399214,-0.564944
0.399083,-0.563404
0.398951,-0.561863
0.39882,-0.560323
0.398689,-0.558782
0.398557,-0.557242
0.398426,-0.555701
0.398295,-0.554161
0.398163,-0.55262
0.398032,-0.551079
0.397901,-0.549539
0.397769,-0.547998
0.397638,-0.546458
0.397507,-0.544917
0.397375,-0.543377
0.397244,-0.541836
0.397113,-0.540296
0.396982,-0.538755
0.39685,-0.537215
0.396719,-0.535674
0.396588,-0.534134
0.396456,-0.532593
0.396325,-0.531053
0.396194,-0.529512
0.396062,-0.527972
0.395931,-0.526431
0.3958,-0.524891
0.395668,-0.52335
0.395537,-0.52181
0.395406,-0.520269
0.395274,-0.518729
0.395143,-0.517188
0.395012,-0.515648
0.39488,-0.514107
0.394749,-0.512567
0.394618,-0.511026
0.394486,-0.509486
0.394355,-0.507945
0.394224,-0.506405
0.394092,-0.504864
0.393961,-0.503324
0.39383,-0.501783
0.393699,-0.500243
0.393567,-0.498702
0.393436,-0.497162
0.393305,-0.495621
0.393173,-0.494081
0.393042,-0.49254
0.392911,-0.491
0.392779,-0.489459
0.392648,-0.487919
0.392517,-0.486378
0.392385,-0.484838
0.392254,-0.483297
0.392123,-0.481757
0.391991,-0.480216
0.39186,-0.478676
0.391729,-0.477135
0.391597,-0.475595
0.391466,-0.474054
0.391335,-0.472514
0.391203,-0.470973
0.391072,-0.469433
0.390941,-0.467892
0.390809,-0.466352
0.390678,-0.464811
0.390547,-0.463271
0.390416,-0.46173
0.390284,-0.460189
0.390153,-0.458649
0.390022,-0.457108
0.38989,-0.455568
0.389759,-0.454027
0.389628,-0.452487
0.389496,-0.450946
0.389365,-0.449406
0.389234,-0.447865
0.389889,-0.447421
0.390545,-0.446976
0.391201,-0.446531
0.391857,-0.446087
0.392512,-0.445642
0.393168,-0.445198
0.393824,-0.444753
0.394479,-0.444308
0.395135,-0.443864
0.395791,-0.443419
0.396447,-0.442974
0.397102,-0.44253
0.397758,-0.442085
0.398414,-0.44164
0.399069,-0.441196
0.399725,-0.440751
0.400381,-0.440307
0.401037,-0.439862
0.401692,-0.439417
0.402348,-0.438973
0.403004,-0.438528
0.403659,-0.438083
0.404315,-0.437639
0.404971,-0.437194
0.405627,-0.436749
0.406282,-0.436305
0.406938,-0.43586
0.407594,-0.435415
0.40825,-0.434971
0.408905,-0.434526
0.409561,-0.434082
0.410217,-0.433637
0.410872,-0.433192
0.411528,-0.432748
0.412184,-0.432303
0.41284,-0.431858
0.413495,-0.431414
0.414151,-0.430969
0.414807,-0.430524
0.415462,-0.43008
0.416118,-0.429635
0.416774,-0.42919
0.41743,-0.428746
0.418085,-0.428301
0.418741,-0.427857
0.419397,-0.427412
0.420052,-0.426967
0.420708,-0.426523
0.421364,-0.426078
0.42202,-0.425633
0.422675,-0.425189
0.423331,-0.424744
0.423987,-0.424299
0.424642,-0.423855
0.425298,-0.42341
0.425954,-0.422965
0.42661,-0.422521
0.427265,-0.422076
0.427921,-0.421632
0.428577,-0.421187
0.429233,-0.420742
0.429888,-0.420298
0.430544,-0.419853
0.4312,-0.419408
0.431855,-0.418964
0.432511,-0.418519
0.433167,-0.418074
0.433823,-0.41763
0.434478,-0.417185
0.435134,-0.41674
0.43579,-0.416296
0.436445,-0.415851
0.437101,-0.415407
0.437757,-0.414962
0.438413,-0.414517
0.439068,-0.414073
0.439724,-0.413628
0.44038,-0.413183
0.441035,-0.412739
0.441691,-0.412294
0.442347,-0.411849
0.443003,-0.411405
0.443658,-0.41096
0.444314,-0.410515
0.44497,-0.410071
0.445625,-0.409626
0.446281,-0.409182
0.446937,-0.408737
0.447593,-0.408292
0.448248,-0.407848
0.448904,-0.407403
0.44956,-0.406958
0.450216,-0.406514
0.450871,-0.406069
0.451527,-0.405624
0.452183,-0.40518
0.452838,-0.404735
0.453494,-0.404291
0.45415,-0.403846
0.454806,-0.403401
0.455461,-0.402957
0.456117,-0.402512
0.456773,-0.402067
0.457428,-0.401623
0.458084,-0.401178
0.45874,-0.400733
0.459396,-0.400289
0.460051,-0.399844
0.460707,-0.399399
0.461363,-0.398955
0.462018,-0.39851
0.462674,-0.398066
0.46333,-0.397621
0.463986,-0.397176
0.464641,-0.396732
0.465297,-0.396287
0.465953,-0.395842
0.466609,-0.395398
0.467264,-0.394953
0.46792,-0.394508
0.468576,-0.394064
0.469231,-0.393619
0.469887,-0.393174
0.470543,-0.39273
0.471199,-0.392285
0.471854,-0.391841
0.47251,-0.391396
0.473166,-0.390951
0.473821,-0.390507
0.474477,-0.390062
0.475133,-0.389617
0.475789,-0.389173
0.476444,-0.388728
0.4771,-0.388283
0.477756,-0.387839
0.478411,-0.387394
0.479067,-0.386949
0.479723,-0.386505
0.480379,-0.38606
0.481034,-0.385616
0.48169,-0.385171
0.482346,-0.384726
0.483001,-0.384282
0.483657,-0.383837
0.484313,-0.383392
0.484969,-0.382948
0.485624,-0.382503
0.48628,-0.382058
0.486936,-0.381614
