O
25
1,0,-1,0.78,-0.5,0.75,0.0,0.0,0.0,0.3,0.4,0.02,0,0.8,False
2,0,-1,1.1,-0.5,0.93,0.0,0.0,0.0,0.02,0.4,0.2,0,0.8,False
3,0,-1,0.78,-0.5,1.11,0.0,0.0,0.0,0.3,0.4,0.02,0,0.8,False
4,0,-1,0.8,-0.92,0.93,0.0,0.0,0.0,0.32,0.02,0.2,0,0.8,False
5,0,-1,0.8,-0.08,0.93,0.0,0.0,0.0,0.32,0.02,0.2,0,0.8,False
6,2,0,0.6586880714778942,-0.420492243033706,0.8450000000000001,0.0,0.0,1.5087304803762893,0.0701218655878842,0.0701218655878842,0.15,0.03633733436273645,1.0663709398488725,False
7,2,0,0.7632838724157769,-0.8015720186665064,0.8450000000000001,0.0,0.0,1.5390415483645181,0.03,0.03,0.15,0.3629921264769307,0.9489929517799656,False
8,0,0,0.8711247805947894,-0.49059743284091406,0.86,0.0,0.0,0.39017632007189074,0.03,0.07078837258080795,0.09,0.02118926139286781,1.0622919717488366,False
9,2,0,0.865309672988877,-0.7798538363639029,0.8450000000000001,0.0,0.0,3.6543251534779277,0.03,0.03,0.15,0.46558633337601113,1.0405967644918712,False
10,0,0,0.5694015578655324,-0.24547300341577027,0.86,0.0,0.0,4.079525711410918,0.049002452615031146,0.03,0.09,0.12032465446355162,1.1373839291616046,False
11,0,1,0.915934438430966,-0.2848411206323411,0.86,0.0,0.0,2.1007719132746945,0.0541694012795081,0.054720703563861835,0.09,0.1393128381311493,1.1147634129190205,True
12,2,1,1.0358271717903853,-0.7419071456442694,0.8674915717928917,0.0,0.0,3.1125824571110825,0.033097861442546304,0.033097861442546304,0.1949831435857834,0.3074571658077631,1.174218513573356,True
13,0,1,1.0085327556699015,-0.5491976680793939,0.8953329108229255,0.0,0.0,5.056805684267982,0.03084854062780819,0.03,0.12533291082292558,0.3747834322451674,0.9027472609250364,True
14,2,1,0.6376963812506666,-0.6349324257625693,0.8594401982242115,0.0,0.0,1.8276081078010953,0.03,0.03,0.17888039644842302,0.4365654640464663,1.1270927027376876,True
15,2,1,0.5716510465125535,-0.8184068043649806,0.8450000000000001,0.0,0.0,4.615125813255939,0.03,0.03,0.15,0.13282568285495355,0.803371249544349,True
16,2,1,0.8702257055907375,-0.6245437764877472,0.8450000000000001,0.0,0.0,3.2160741929411127,0.03,0.03,0.15,0.2911588503814613,1.0685541096489573,True
17,2,1,0.5164897972404277,-0.5069381187868611,0.8450000000000001,0.0,0.0,6.012728583676394,0.03,0.03,0.15,0.11937563171805865,1.1236207488727303,True
18,2,1,0.719654417358106,-0.22754566700355017,0.8450000000000001,0.0,0.0,2.690547010480734,0.03,0.03,0.15,0.1315933384133285,1.1986874044910703,True
19,2,1,0.6639676427925174,-0.8281477544642836,0.8450000000000001,0.0,0.0,3.0762355777077506,0.03,0.03,0.15,0.008795411935651198,1.1295349460851773,True
20,2,1,0.5168926609696107,-0.5939760281301155,0.8450000000000001,0.0,0.0,1.7340263594146728,0.03,0.03,0.15,0.167319749959572,0.8766451662373065,True
21,0,1,0.7530394411463658,-0.5639330869721726,0.9117320073332666,0.0,0.0,4.652122630298216,0.047809753526451566,0.03,0.14173200733326657,0.298724798895926,1.034856591589468,True
22,0,1,0.9853887723577714,-0.4409222968345482,0.8753407878137129,0.0,0.0,1.3890844946358343,0.03,0.03,0.10534078781371298,0.3544556118775316,1.0256202359789401,True
23,2,1,0.7409167798459922,-0.6738742184936009,0.8555929156534747,0.0,0.0,6.14721753978475,0.03,0.03,0.17118583130694937,0.05973623031982456,0.8904112365178483,True
24,2,1,1.0010463875687798,-0.6390720354000314,0.8450000000000001,0.0,0.0,4.447482358584932,0.03141632016093554,0.03141632016093554,0.15,0.2843239381452608,1.013556347499531,True
25,2,1,1.0250431313352126,-0.8549592904756046,0.8450000000000001,0.0,0.0,4.893385279049743,0.03,0.03,0.15,0.22943901894365681,1.0829825156518686,True
R
0.0,0.0,0.0,0.0,0.0,0.0,1.0
S
8
torso_lift_joint,0
r_shoulder_pan_joint,-1.69017
r_shoulder_lift_joint,-0.0788625
r_upper_arm_roll_joint,-1.69017
r_elbow_flex_joint,-1.2717
r_forearm_roll_joint,-0.151824
r_wrist_flex_joint,-1.25254
r_wrist_roll_joint,0.675062
G
0.513803,-0.321271,0.86,0.937933,-0,0
ooi
10
A
599
0.310248,-0.673113
0.310776,-0.672966
0.311304,-0.672818
0.311832,-0.672671
0.31236,-0.672524
0.312888,-0.672377
0.313415,-0.672229
0.313943,-0.672082
0.314471,-0.671935
0.314999,-0.671787
0.315527,-0.67164
0.316055,-0.671493
0.316583,-0.671346
0.317111,-0.671198
0.317639,-0.671051
0.318166,-0.670904
0.318694,-0.670756
0.319222,-0.670609
0.31975,-0.670462
0.320278,-0.670314
0.320806,-0.670167
0.321334,-0.67002
0.321862,-0.669873
0.32239,-0.669725
0.322917,-0.669578
0.323445,-0.669431
0.323973,-0.669283
0.324501,-0.669136
0.325029,-0.668989
0.325557,-0.668841
0.326085,-0.668694
0.326613,-0.668547
0.327141,-0.6684
0.327668,-0.668252
0.328196,-0.668105
0.328724,-0.667958
0.329252,-0.66781
0.32978,-0.667663
0.330308,-0.667516
0.330836,-0.667369
0.331364,-0.667221
0.331892,-0.667074
0.332419,-0.666927
0.332947,-0.666779
0.333475,-0.666632
0.334003,-0.666485
0.334531,-0.666337
0.335059,-0.66619
0.335587,-0.666043
0.336115,-0.665896
0.336642,-0.665748
0.33717,-0.665601
0.337698,-0.665454
0.338226,-0.665306
0.338754,-0.665159
0.339282,-0.665012
0.33981,-0.664864
0.340338,-0.664717
0.340866,-0.66457
0.341393,-0.664423
0.341921,-0.664275
0.342449,-0.664128
0.342977,-0.663981
0.343505,-0.663833
0.344033,-0.663686
0.344561,-0.663539
0.345089,-0.663392
0.345617,-0.663244
0.346144,-0.663097
0.346672,-0.66295
0.3472,-0.662802
0.347728,-0.662655
0.348256,-0.662508
0.348784,-0.66236
0.349312,-0.662213
0.34984,-0.662066
0.350368,-0.661919
0.350895,-0.661771
0.351423,-0.661624
0.351951,-0.661477
0.352479,-0.661329
0.353007,-0.661182
0.353535,-0.661035
0.354063,-0.660887
0.354591,-0.66074
0.355119,-0.660593
0.355646,-0.660446
0.356174,-0.660298
0.356702,-0.660151
0.35723,-0.660004
0.357758,-0.659856
0.358286,-0.659709
0.358814,-0.659562
0.359342,-0.659415
0.359869,-0.659267
0.360397,-0.65912
0.360925,-0.658973
0.361453,-0.658825
0.361981,-0.658678
0.362509,-0.658531
0.363037,-0.658383
0.363565,-0.658236
0.364093,-0.658089
0.36462,-0.657942
0.365148,-0.657794
0.365676,-0.657647
0.366204,-0.6575
0.366732,-0.657352
0.36726,-0.657205
0.367788,-0.657058
0.368316,-0.65691
0.368844,-0.656763
0.369371,-0.656616
0.369899,-0.656469
0.370427,-0.656321
0.370955,-0.656174
0.371483,-0.656027
0.372011,-0.655879
0.372539,-0.655732
0.373067,-0.655585
0.373595,-0.655438
0.374122,-0.65529
0.37465,-0.655143
0.375178,-0.654996
0.375706,-0.654848
0.376234,-0.654701
0.376762,-0.654554
0.37729,-0.654406
0.377818,-0.654259
0.378346,-0.654112
0.378873,-0.653965
0.379401,-0.653817
0.379929,-0.65367
0.380457,-0.653523
0.380985,-0.653375
0.381513,-0.653228
0.382041,-0.653081
0.382569,-0.652933
0.383096,-0.652786
0.383624,-0.652639
0.384152,-0.652492
0.38468,-0.652344
0.385208,-0.652197
0.385736,-0.65205
0.386264,-0.651902
0.386792,-0.651755
0.38732,-0.651608
0.387847,-0.651461
0.388375,-0.651313
0.388903,-0.651166
0.389431,-0.651019
0.388893,-0.649723
0.388356,-0.648428
0.387818,-0.647132
0.38728,-0.645837
0.386743,-0.644541
0.386205,-0.643246
0.385667,-0.64195
0.38513,-0.640655
0.384592,-0.639359
0.384054,-0.638064
0.383517,-0.636768
0.382979,-0.635473
0.382441,-0.634177
0.381904,-0.632882
0.381366,-0.631586
0.380828,-0.630291
0.380291,-0.628995
0.379753,-0.6277
0.379215,-0.626404
0.378677,-0.625109
0.37814,-0.623813
0.377602,-0.622518
0.377064,-0.621222
0.376527,-0.619927
0.375989,-0.618631
0.375451,-0.617335
0.374914,-0.61604
0.374376,-0.614744
0.373838,-0.613449
0.373301,-0.612153
0.372763,-0.610858
0.372225,-0.609562
0.371688,-0.608267
0.37115,-0.606971
0.370612,-0.605676
0.370075,-0.60438
0.369537,-0.603085
0.368999,-0.601789
0.368462,-0.600494
0.367924,-0.599198
0.367386,-0.597903
0.366848,-0.596607
0.366311,-0.595312
0.365773,-0.594016
0.365235,-0.592721
0.364698,-0.591425
0.36416,-0.59013
0.363622,-0.588834
0.363085,-0.587539
0.362547,-0.586243
0.362009,-0.584948
0.361472,-0.583652
0.360934,-0.582357
0.360396,-0.581061
0.359859,-0.579766
0.359321,-0.57847
0.358783,-0.577175
0.358246,-0.575879
0.357708,-0.574584
0.35717,-0.573288
0.356633,-0.571993
0.356095,-0.570697
0.355557,-0.569402
0.355019,-0.568106
0.354482,-0.566811
0.353944,-0.565515
0.353406,-0.56422
0.352869,-0.562924
0.352331,-0.561629
0.351793,-0.560333
0.351256,-0.559038
0.350718,-0.557742
0.35018,-0.556447
0.349643,-0.555151
0.349105,-0.553856
0.348567,-0.55256
0.34803,-0.551265
0.347492,-0.549969
0.346954,-0.548674
0.346417,-0.547378
0.345879,-0.546083
0.345341,-0.544787
0.344804,-0.543492
0.344266,-0.542196
0.343728,-0.540901
0.34319,-0.539605
0.342653,-0.53831
0.342115,-0.537014
0.341577,-0.535719
0.34104,-0.534423
0.340502,-0.533128
0.339964,-0.531832
0.339427,-0.530537
0.338889,-0.529241
0.338351,-0.527946
0.337814,-0.52665
0.337276,-0.525355
0.336738,-0.524059
0.336201,-0.522764
0.335663,-0.521468
0.335125,-0.520173
0.334588,-0.518877
0.33405,-0.517582
0.333512,-0.516286
0.332975,-0.514991
0.332437,-0.513695
0.331899,-0.5124
0.331361,-0.511104
0.330824,-0.509809
0.330286,-0.508513
0.329748,-0.507218
0.329211,-0.505922
0.328673,-0.504627
0.328135,-0.503331
0.327598,-0.502036
0.32706,-0.50074
0.326522,-0.499445
0.325985,-0.498149
0.325447,-0.496854
0.324909,-0.495558
0.324372,-0.494263
0.323834,-0.492967
0.323296,-0.491672
0.322759,-0.490376
0.322221,-0.489081
0.321683,-0.487785
0.321146,-0.48649
0.320608,-0.485194
0.32007,-0.483899
0.319532,-0.482603
0.318995,-0.481307
0.318457,-0.480012
0.317919,-0.478716
0.317382,-0.477421
0.316844,-0.476125
0.316306,-0.47483
0.315769,-0.473534
0.315231,-0.472239
0.314693,-0.470943
0.314156,-0.469648
0.313618,-0.468352
0.31308,-0.467057
0.312543,-0.465761
0.312005,-0.464466
0.311467,-0.46317
0.31093,-0.461875
0.310392,-0.460579
0.309854,-0.459284
0.309317,-0.457988
0.309632,-0.458066
0.309948,-0.458143
0.310263,-0.458221
0.310578,-0.458298
0.310894,-0.458376
0.311209,-0.458453
0.311525,-0.458531
0.31184,-0.458608
0.312156,-0.458685
0.312471,-0.458763
0.312787,-0.45884
0.313102,-0.458918
0.313418,-0.458995
0.313733,-0.459073
0.314049,-0.45915
0.314364,-0.459228
0.31468,-0.459305
0.314995,-0.459383
0.315311,-0.45946
0.315626,-0.459538
0.315942,-0.459615
0.316257,-0.459692
0.316573,-0.45977
0.316888,-0.459847
0.317204,-0.459925
0.317519,-0.460002
0.317835,-0.46008
0.31815,-0.460157
0.318466,-0.460235
0.318781,-0.460312
0.319096,-0.46039
0.319412,-0.460467
0.319727,-0.460544
0.320043,-0.460622
0.320358,-0.460699
0.320674,-0.460777
0.320989,-0.460854
0.321305,-0.460932
0.32162,-0.461009
0.321936,-0.461087
0.322251,-0.461164
0.322567,-0.461242
0.322882,-0.461319
0.323198,-0.461396
0.323513,-0.461474
0.323829,-0.461551
0.324144,-0.461629
0.32446,-0.461706
0.324775,-0.461784
0.325091,-0.461861
0.325406,-0.461939
0.325722,-0.462016
0.326037,-0.462094
0.326353,-0.462171
0.326668,-0.462248
0.326984,-0.462326
0.327299,-0.462403
0.327614,-0.462481
0.32793,-0.462558
0.328245,-0.462636
0.328561,-0.462713
0.328876,-0.462791
0.329192,-0.462868
0.329507,-0.462946
0.329823,-0.463023
0.330138,-0.4631
0.330454,-0.463178
0.330769,-0.463255
0.331085,-0.463333
0.3314,-0.46341
0.331716,-0.463488
0.332031,-0.463565
0.332347,-0.463643
0.332662,-0.46372
0.332978,-0.463798
0.333293,-0.463875
0.333609,-0.463952
0.333924,-0.46403
0.33424,-0.464107
0.334555,-0.464185
0.334871,-0.464262
0.335186,-0.46434
0.335502,-0.464417
0.335817,-0.464495
0.336133,-0.464572
0.336448,-0.46465
0.336763,-0.464727
0.337079,-0.464804
0.337394,-0.464882
0.33771,-0.464959
0.338025,-0.465037
0.338341,-0.465114
0.338656,-0.465192
0.338972,-0.465269
0.339287,-0.465347
0.339603,-0.465424
0.339918,-0.465502
0.340234,-0.465579
0.340549,-0.465656
0.340865,-0.465734
0.34118,-0.465811
0.341496,-0.465889
0.341811,-0.465966
0.342127,-0.466044
0.342442,-0.466121
0.342758,-0.466199
0.343073,-0.466276
0.343389,-0.466354
0.343704,-0.466431
0.34402,-0.466508
0.344335,-0.466586
0.344651,-0.466663
0.344966,-0.466741
0.345281,-0.466818
0.345597,-0.466896
0.345912,-0.466973
0.346228,-0.467051
0.346543,-0.467128
0.346859,-0.467206
0.347174,-0.467283
0.34749,-0.46736
0.347805,-0.467438
0.348121,-0.467515
0.348436,-0.467593
0.348752,-0.46767
0.349067,-0.467748
0.349383,-0.467825
0.349698,-0.467903
0.350014,-0.46798
0.350329,-0.468058
0.350645,-0.468135
0.35096,-0.468212
0.351276,-0.46829
0.351591,-0.468367
0.351907,-0.468445
0.352222,-0.468522
0.352538,-0.4686
0.352853,-0.468677
0.353169,-0.468755
0.353484,-0.468832
0.3538,-0.46891
0.354115,-0.468987
0.35443,-0.469064
0.354746,-0.469142
0.355061,-0.469219
0.355377,-0.469297
0.355692,-0.469374
0.356008,-0.469452
0.356323,-0.469529
0.356639,-0.469607
0.357694,-0.468611
0.358748,-0.467616
0.359803,-0.46662
0.360858,-0.465624
0.361913,-0.464629
0.362968,-0.463633
0.364022,-0.462638
0.365077,-0.461642
0.366132,-0.460647
0.367187,-0.459651
0.368242,-0.458656
0.369296,-0.45766
0.370351,-0.456665
0.371406,-0.455669
0.372461,-0.454673
0.373516,-0.453678
0.37457,-0.452682
0.375625,-0.451687
0.37668,-0.450691
0.377735,-0.449696
0.37879,-0.4487
0.379844,-0.447705
0.380899,-0.446709
0.381954,-0.445714
0.383009,-0.444718
0.384064,-0.443722
0.385118,-0.442727
0.386173,-0.441731
0.387228,-0.440736
0.388283,-0.43974
0.389337,-0.438745
0.390392,-0.437749
0.391447,-0.436754
0.392502,-0.435758
0.393557,-0.434763
0.394611,-0.433767
0.395666,-0.432772
0.396721,-0.431776
0.397776,-0.43078
0.398831,-0.429785
0.399885,-0.428789
0.40094,-0.427794
0.401995,-0.426798
0.40305,-0.425803
0.404105,-0.424807
0.405159,-0.423812
0.406214,-0.422816
0.407269,-0.421821
0.408324,-0.420825
0.409379,-0.419829
0.410433,-0.418834
0.411488,-0.417838
0.412543,-0.416843
0.413598,-0.415847
0.414653,-0.414852
0.415707,-0.413856
0.416762,-0.412861
0.417817,-0.411865
0.418872,-0.41087
0.419927,-0.409874
0.420981,-0.408878
0.422036,-0.407883
0.423091,-0.406887
0.424146,-0.405892
0.4252,-0.404896
0.426255,-0.403901
0.42731,-0.402905
0.428365,-0.40191
0.42942,-0.400914
0.430474,-0.399919
0.431529,-0.398923
0.432584,-0.397928
0.433639,-0.396932
0.434694,-0.395936
0.435748,-0.394941
0.436803,-0.393945
0.437858,-0.39295
0.438913,-0.391954
0.439968,-0.390959
0.441022,-0.389963
0.442077,-0.388968
0.443132,-0.387972
0.444187,-0.386977
0.445242,-0.385981
0.446296,-0.384985
0.447351,-0.38399
0.448406,-0.382994
0.449461,-0.381999
0.450516,-0.381003
0.45157,-0.380008
0.452625,-0.379012
0.45368,-0.378017
0.454735,-0.377021
0.45579,-0.376026
0.456844,-0.37503
0.457899,-0.374034
0.458954,-0.373039
0.460009,-0.372043
0.461064,-0.371048
0.462118,-0.370052
0.463173,-0.369057
0.464228,-0.368061
0.465283,-0.367066
0.466337,-0.36607
0.467392,-0.365075
0.468447,-0.364079
0.469502,-0.363084
0.470557,-0.362088
0.471611,-0.361092
0.472666,-0.360097
0.473721,-0.359101
0.474776,-0.358106
0.475831,-0.35711
0.476885,-0.356115
0.47794,-0.355119
0.478995,-0.354124
0.48005,-0.353128
0.481105,-0.352133
0.482159,-0.351137
0.483214,-0.350141
0.484269,-0.349146
0.485324,-0.34815
0.486379,-0.347155
0.487433,-0.346159
0.488488,-0.345164
0.489543,-0.344168
0.490598,-0.343173
0.491653,-0.342177
0.492707,-0.341182
0.493762,-0.340186
0.494817,-0.33919
0.495872,-0.338195
0.496927,-0.337199
0.497981,-0.336204
0.499036,-0.335208
0.500091,-0.334213
0.501146,-0.333217
0.502201,-0.332222
0.503255,-0.331226
0.50431,-0.330231
0.505365,-0.329235
0.50642,-0.328239
0.507474,-0.327244
0.508529,-0.326248
0.509584,-0.325253
0.510639,-0.324257
0.511694,-0.323262
0.512748,-0.322266
0.513803,-0.321271
