O
25
1,0,-1,0.78,-0.5,0.75,0.0,0.0,0.0,0.3,0.4,0.02,0,0.8,False
2,0,-1,1.1,-0.5,0.93,0.0,0.0,0.0,0.02,0.4,0.2,0,0.8,False
3,0,-1,0.78,-0.5,1.11,0.0,0.0,0.0,0.3,0.4,0.02,0,0.8,False
4,0,-1,0.8,-0.92,0.93,0.0,0.0,0.0,0.32,0.02,0.2,0,0.8,False
5,0,-1,0.8,-0.08,0.93,0.0,0.0,0.0,0.32,0.02,0.2,0,0.8,False
6,2,0,0.7725183678995343,-0.707432523040241,0.8450000000000001,0.0,0.0,1.1308038676953736,0.05672620593284625,0.05672620593284625,0.15,0.492888168750814,1.156936878505802,False
7,0,0,0.5547287663002224,-0.3614037662965762,0.9111059699410924,0.0,0.0,5.116532064581579,0.03,0.03,0.14110596994109237,0.46314480440708666,0.8993084196369757,False
8,0,0,0.7422674380830958,-0.2711833427227449,0.8950420181276563,0.0,0.0,4.421585302265157,0.03,0.04466789726039511,0.12504201812765628,0.09752228018981218,0.9312664777601398,False
9,2,0,0.8865829453616354,-0.22700699474582753,0.8450000000000001,0.0,0.0,3.069291180740029,0.0338807614390989,0.0338807614390989,0.15,0.14501417306746073,1.0134593563440843,False
10,2,0,0.9422808676502896,-0.45747110650923517,0.8450000000000001,0.0,0.0,4.114270038186719,0.03535765932558215,0.03535765932558215,0.15,0.2750128455490992,0.828644676230397,False
11,2,1,0.7042028582839259,-0.44186936187963216,0.8450000000000001,0.0,0.0,4.8623220808001655,0.03,0.03,0.15,0.12571793817928556,0.8390717032345505,True
12,0,1,0.5959055912189072,-0.15044226785268344,0.86,0.0,0.0,1.4442634419315432,0.03,0.04828990270914478,0.09,0.2267522231703255,1.1808136135340201,True
13,2,1,0.5303322220779947,-0.7683324045401471,0.8457184016433005,0.0,0.0,2.8359655284520775,0.03,0.03,0.15143680328660086,0.2923487507780751,1.005196189524221,True
14,2,1,0.5992625890215736,-0.5261688767833953,0.86291341317573,0.0,0.0,0.39682633772687104,0.03,0.03,0.18582682635145997,0.3165815312483851,1.1683043681441752,True
15,2,1,0.8361144359029411,-0.5654853093534313,0.8450000000000001,0.0,0.0,4.14981787683971,0.03,0.03,0.15,0.10083602128706187,0.9484628772463658,True
16,2,1,1.019265644845881,-0.6529872104303467,0.8450000000000001,0.0,0.0,2.011277837613517,0.03,0.03,0.15,0.28663029374902493,0.8059720669801292,True
17,2,1,0.5706515611932028,-0.2552596072805453,0.8450000000000001,0.0,0.0,3.9422928247951,0.03,0.03,0.15,0.3364452915316572,0.9467948869166656,True
18,0,1,0.6280173129577704,-0.8059864740754892,0.86,0.0,0.0,5.271415328580664,0.03,0.03,0.09,0.2543634923988156,0.9517401857538293,True
19,2,1,0.7551965877946974,-0.1518495126825148,0.8502322493168434,0.0,0.0,5.007453941312822,0.03,0.03,0.16046449863368675,0.3542645699222847,1.0291927306369641,True
20,0,1,0.9223755366892701,-0.761864793552063,0.86,0.0,0.0,1.5855855625847683,0.03,0.05240138256894811,0.09,0.31241845123825607,0.9381739436943703,True
21,2,1,0.9995585307909578,-0.2706365766716662,0.8450000000000001,0.0,0.0,6.273294661052497,0.03,0.03,0.15,0.15090801740124204,0.9959296000049308,True
22,2,1,1.0320052261540316,-0.8266319297155088,0.8450000000000001,0.0,0.0,4.769800946737567,0.03,0.03,0.15,0.010963746949645248,0.9522860137825687,True
23,2,1,0.8053159881484391,-0.41368786303475386,0.8450000000000001,0.0,0.0,4.7864768321119975,0.03,0.03,0.15,0.11634699250181774,0.8761418614124014,True
24,2,1,0.9940013749453898,-0.18037502656633742,0.8660283027320397,0.0,0.0,4.634041688158343,0.03,0.03,0.19205660546407918,0.24862590440636934,0.899271637953308,True
25,2,1,0.6203310483004185,-0.6488538268403841,0.8450000000000001,0.0,0.0,1.7802260443778437,0.041663798201611264,0.041663798201611264,0.15,0.4882998749736284,1.0748582819000199,True
R
0.0,0.0,0.0,0.0,0.0,0.0,1.0
S
8
torso_lift_joint,0
r_shoulder_pan_joint,-1.69017
r_shoulder_lift_joint,-0.0788625
r_upper_arm_roll_joint,-1.69017
r_elbow_flex_joint,-1.2717
r_forearm_roll_joint,-0.151824
r_wrist_flex_joint,-1.25254
r_wrist_roll_joint,0.675062
G
0.485771,-0.390896,0.911106,0.404143,-0,0
ooi
7
A
599
0.310248,-0.673113
0.311186,-0.673312
0.312123,-0.673511
0.31306,-0.673709
0.313998,-0.673908
0.314935,-0.674107
0.315873,-0.674306
0.31681,-0.674505
0.317747,-0.674703
0.318685,-0.674902
0.319622,-0.675101
0.320559,-0.6753
0.321497,-0.675498
0.322434,-0.675697
0.323372,-0.675896
0.324309,-0.676095
0.325246,-0.676294
0.326184,-0.676492
0.327121,-0.676691
0.328059,-0.67689
0.328996,-0.677089
0.329933,-0.677288
0.330871,-0.677486
0.331808,-0.677685
0.332746,-0.677884
0.333683,-0.678083
0.33462,-0.678281
0.335558,-0.67848
0.336495,-0.678679
0.337433,-0.678878
0.33837,-0.679077
0.339307,-0.679275
0.340245,-0.679474
0.341182,-0.679673
0.34212,-0.679872
0.343057,-0.680071
0.343994,-0.680269
0.344932,-0.680468
0.345869,-0.680667
0.346806,-0.680866
0.347744,-0.681064
0.348681,-0.681263
0.349619,-0.681462
0.350556,-0.681661
0.351493,-0.68186
0.352431,-0.682058
0.353368,-0.682257
0.354306,-0.682456
0.355243,-0.682655
0.35618,-0.682854
0.357118,-0.683052
0.358055,-0.683251
0.358993,-0.68345
0.35993,-0.683649
0.360867,-0.683847
0.361805,-0.684046
0.362742,-0.684245
0.36368,-0.684444
0.364617,-0.684643
0.365554,-0.684841
0.366492,-0.68504
0.367429,-0.685239
0.368367,-0.685438
0.369304,-0.685636
0.370241,-0.685835
0.371179,-0.686034
0.372116,-0.686233
0.373053,-0.686432
0.373991,-0.68663
0.374928,-0.686829
0.375866,-0.687028
0.376803,-0.687227
0.37774,-0.687426
0.378678,-0.687624
0.379615,-0.687823
0.380553,-0.688022
0.38149,-0.688221
0.382427,-0.688419
0.383365,-0.688618
0.384302,-0.688817
0.38524,-0.689016
0.386177,-0.689215
0.387114,-0.689413
0.388052,-0.689612
0.388989,-0.689811
0.389927,-0.69001
0.390864,-0.690209
0.391801,-0.690407
0.392739,-0.690606
0.393676,-0.690805
0.394614,-0.691004
0.395551,-0.691202
0.396488,-0.691401
0.397426,-0.6916
0.398363,-0.691799
0.3993,-0.691998
0.400238,-0.692196
0.401175,-0.692395
0.402113,-0.692594
0.40305,-0.692793
0.403987,-0.692992
0.404925,-0.69319
0.405862,-0.693389
0.4068,-0.693588
0.407737,-0.693787
0.408674,-0.693985
0.409612,-0.694184
0.410549,-0.694383
0.411487,-0.694582
0.412424,-0.694781
0.413361,-0.694979
0.414299,-0.695178
0.415236,-0.695377
0.416174,-0.695576
0.417111,-0.695774
0.418048,-0.695973
0.418986,-0.696172
0.419923,-0.696371
0.420861,-0.69657
0.421798,-0.696768
0.422735,-0.696967
0.423673,-0.697166
0.42461,-0.697365
0.425547,-0.697564
0.426485,-0.697762
0.427422,-0.697961
0.42836,-0.69816
0.429297,-0.698359
0.430234,-0.698557
0.431172,-0.698756
0.432109,-0.698955
0.433047,-0.699154
0.433984,-0.699353
0.434921,-0.699551
0.435859,-0.69975
0.436796,-0.699949
0.437734,-0.700148
0.438671,-0.700347
0.439608,-0.700545
0.440546,-0.700744
0.441483,-0.700943
0.442421,-0.701142
0.443358,-0.70134
0.444295,-0.701539
0.445233,-0.701738
0.44617,-0.701937
0.447108,-0.702136
0.448045,-0.702334
0.448982,-0.702533
0.44992,-0.702732
0.450857,-0.702931
0.450254,-0.701646
0.449652,-0.700362
0.449049,-0.699078
0.448447,-0.697793
0.447844,-0.696509
0.447241,-0.695225
0.446639,-0.69394
0.446036,-0.692656
0.445433,-0.691371
0.444831,-0.690087
0.444228,-0.688803
0.443626,-0.687518
0.443023,-0.686234
0.44242,-0.68495
0.441818,-0.683665
0.441215,-0.682381
0.440612,-0.681097
0.44001,-0.679812
0.439407,-0.678528
0.438805,-0.677243
0.438202,-0.675959
0.437599,-0.674675
0.436997,-0.67339
0.436394,-0.672106
0.435792,-0.670822
0.435189,-0.669537
0.434586,-0.668253
0.433984,-0.666969
0.433381,-0.665684
0.432778,-0.6644
0.432176,-0.663115
0.431573,-0.661831
0.430971,-0.660547
0.430368,-0.659262
0.429765,-0.657978
0.429163,-0.656694
0.42856,-0.655409
0.427957,-0.654125
0.427355,-0.652841
0.426752,-0.651556
0.42615,-0.650272
0.425547,-0.648987
0.424944,-0.647703
0.424342,-0.646419
0.423739,-0.645134
0.423136,-0.64385
0.422534,-0.642566
0.421931,-0.641281
0.421329,-0.639997
0.420726,-0.638713
0.420123,-0.637428
0.419521,-0.636144
0.418918,-0.634859
0.418315,-0.633575
0.417713,-0.632291
0.41711,-0.631006
0.416508,-0.629722
0.415905,-0.628438
0.415302,-0.627153
0.4147,-0.625869
0.414097,-0.624585
0.413494,-0.6233
0.412892,-0.622016
0.412289,-0.620731
0.411687,-0.619447
0.411084,-0.618163
0.410481,-0.616878
0.409879,-0.615594
0.409276,-0.61431
0.408673,-0.613025
0.408071,-0.611741
0.407468,-0.610457
0.406866,-0.609172
0.406263,-0.607888
0.40566,-0.606603
0.405058,-0.605319
0.404455,-0.604035
0.403852,-0.60275
0.40325,-0.601466
0.402647,-0.600182
0.402045,-0.598897
0.401442,-0.597613
0.400839,-0.596329
0.400237,-0.595044
0.399634,-0.59376
0.399031,-0.592475
0.398429,-0.591191
0.397826,-0.589907
0.397224,-0.588622
0.396621,-0.587338
0.396018,-0.586054
0.395416,-0.584769
0.394813,-0.583485
0.39421,-0.582201
0.393608,-0.580916
0.393005,-0.579632
0.392403,-0.578347
0.3918,-0.577063
0.391197,-0.575779
0.390595,-0.574494
0.389992,-0.57321
0.389389,-0.571926
0.388787,-0.570641
0.388184,-0.569357
0.387582,-0.568073
0.386979,-0.566788
0.386376,-0.565504
0.385774,-0.564219
0.385171,-0.562935
0.384568,-0.561651
0.383966,-0.560366
0.383363,-0.559082
0.382761,-0.557798
0.382158,-0.556513
0.381555,-0.555229
0.380953,-0.553945
0.38035,-0.55266
0.379747,-0.551376
0.379145,-0.550091
0.378542,-0.548807
0.37794,-0.547523
0.377337,-0.546238
0.376734,-0.544954
0.376132,-0.54367
0.375529,-0.542385
0.374926,-0.541101
0.374324,-0.539817
0.373721,-0.538532
0.373119,-0.537248
0.372516,-0.535963
0.371913,-0.534679
0.371311,-0.533395
0.370708,-0.53211
0.370105,-0.530826
0.369503,-0.529542
0.3689,-0.528257
0.368298,-0.526973
0.367695,-0.525689
0.367092,-0.524404
0.36649,-0.52312
0.365887,-0.521835
0.365285,-0.520551
0.364682,-0.519267
0.364079,-0.517982
0.363477,-0.516698
0.362874,-0.515414
0.362271,-0.514129
0.361669,-0.512845
0.361066,-0.511561
0.36226,-0.511904
0.363455,-0.512247
0.364649,-0.51259
0.365843,-0.512933
0.367038,-0.513277
0.368232,-0.51362
0.369426,-0.513963
0.37062,-0.514306
0.371815,-0.51465
0.373009,-0.514993
0.374203,-0.515336
0.375398,-0.515679
0.376592,-0.516023
0.377786,-0.516366
0.378981,-0.516709
0.380175,-0.517052
0.381369,-0.517395
0.382563,-0.517739
0.383758,-0.518082
0.384952,-0.518425
0.386146,-0.518768
0.387341,-0.519112
0.388535,-0.519455
0.389729,-0.519798
0.390923,-0.520141
0.392118,-0.520485
0.393312,-0.520828
0.394506,-0.521171
0.395701,-0.521514
0.396895,-0.521857
0.398089,-0.522201
0.399284,-0.522544
0.400478,-0.522887
0.401672,-0.52323
0.402866,-0.523574
0.404061,-0.523917
0.405255,-0.52426
0.406449,-0.524603
0.407644,-0.524947
0.408838,-0.52529
0.410032,-0.525633
0.411226,-0.525976
0.412421,-0.526319
0.413615,-0.526663
0.414809,-0.527006
0.416004,-0.527349
0.417198,-0.527692
0.418392,-0.528036
0.419587,-0.528379
0.420781,-0.528722
0.421975,-0.529065
0.423169,-0.529409
0.424364,-0.529752
0.425558,-0.530095
0.426752,-0.530438
0.427947,-0.530781
0.429141,-0.531125
0.430335,-0.531468
0.431529,-0.531811
0.432724,-0.532154
0.433918,-0.532498
0.435112,-0.532841
0.436307,-0.533184
0.437501,-0.533527
0.438695,-0.53387
0.439889,-0.534214
0.441084,-0.534557
0.442278,-0.5349
0.443472,-0.535243
0.444667,-0.535587
0.445861,-0.53593
0.447055,-0.536273
0.44825,-0.536616
0.449444,-0.53696
0.450638,-0.537303
0.451832,-0.537646
0.453027,-0.537989
0.454221,-0.538332
0.455415,-0.538676
0.45661,-0.539019
0.457804,-0.539362
0.458998,-0.539705
0.460192,-0.540049
0.461387,-0.540392
0.462581,-0.540735
0.463775,-0.541078
0.46497,-0.541422
0.466164,-0.541765
0.467358,-0.542108
0.468553,-0.542451
0.469747,-0.542794
0.470941,-0.543138
0.472135,-0.543481
0.47333,-0.543824
0.474524,-0.544167
0.475718,-0.544511
0.476913,-0.544854
0.478107,-0.545197
0.479301,-0.54554
0.480495,-0.545884
0.48169,-0.546227
0.482884,-0.54657
0.484078,-0.546913
0.485273,-0.547256
0.486467,-0.5476
0.487661,-0.547943
0.488856,-0.548286
0.49005,-0.548629
0.491244,-0.548973
0.492438,-0.549316
0.493633,-0.549659
0.494827,-0.550002
0.496021,-0.550346
0.497216,-0.550689
0.49841,-0.551032
0.499604,-0.551375
0.500798,-0.551718
0.501993,-0.552062
0.503187,-0.552405
0.504381,-0.552748
0.505576,-0.553091
0.50677,-0.553435
0.507964,-0.553778
0.509158,-0.554121
0.510353,-0.554464
0.511547,-0.554807
0.512741,-0.555151
0.513936,-0.555494
0.51513,-0.555837
0.516324,-0.55618
0.517519,-0.556524
0.518713,-0.556867
0.519907,-0.55721
0.521101,-0.557553
0.522296,-0.557897
0.52349,-0.55824
0.524684,-0.558583
0.525879,-0.558926
0.527073,-0.559269
0.528267,-0.559613
0.529461,-0.559956
0.530656,-0.560299
0.53185,-0.560642
0.533044,-0.560986
0.534239,-0.561329
0.535433,-0.561672
0.536627,-0.562015
0.537822,-0.562359
0.539016,-0.562702
0.54021,-0.563045
0.539845,-0.56189
0.539479,-0.560734
0.539114,-0.559579
0.538749,-0.558424
0.538383,-0.557268
0.538018,-0.556113
0.537653,-0.554957
0.537287,-0.553802
0.536922,-0.552647
0.536556,-0.551491
0.536191,-0.550336
0.535826,-0.549181
0.53546,-0.548025
0.535095,-0.54687
0.53473,-0.545715
0.534364,-0.544559
0.533999,-0.543404
0.533634,-0.542248
0.533268,-0.541093
0.532903,-0.539938
0.532537,-0.538782
0.532172,-0.537627
0.531807,-0.536472
0.531441,-0.535316
0.531076,-0.534161
0.530711,-0.533006
0.530345,-0.53185
0.52998,-0.530695
0.529615,-0.529539
0.529249,-0.528384
0.528884,-0.527229
0.528518,-0.526073
0.528153,-0.524918
0.527788,-0.523763
0.527422,-0.522607
0.527057,-0.521452
0.526692,-0.520297
0.526326,-0.519141
0.525961,-0.517986
0.525596,-0.516831
0.52523,-0.515675
0.524865,-0.51452
0.524499,-0.513364
0.524134,-0.512209
0.523769,-0.511054
0.523403,-0.509898
0.523038,-0.508743
0.522673,-0.507588
0.522307,-0.506432
0.521942,-0.505277
0.521577,-0.504122
0.521211,-0.502966
0.520846,-0.501811
0.52048,-0.500655
0.520115,-0.4995
0.51975,-0.498345
0.519384,-0.497189
0.519019,-0.496034
0.518654,-0.494879
0.518288,-0.493723
0.517923,-0.492568
0.517558,-0.491413
0.517192,-0.490257
0.516827,-0.489102
0.516461,-0.487946
0.516096,-0.486791
0.515731,-0.485636
0.515365,-0.48448
0.515,-0.483325
0.514635,-0.48217
0.514269,-0.481014
0.513904,-0.479859
0.513539,-0.478704
0.513173,-0.477548
0.512808,-0.476393
0.512442,-0.475237
0.512077,-0.474082
0.511712,-0.472927
0.511346,-0.471771
0.510981,-0.470616
0.510616,-0.469461
0.51025,-0.468305
0.509885,-0.46715
0.509519,-0.465995
0.509154,-0.464839
0.508789,-0.463684
0.508423,-0.462529
0.508058,-0.461373
0.507693,-0.460218
0.507327,-0.459062
0.506962,-0.457907
0.506597,-0.456752
0.506231,-0.455596
0.505866,-0.454441
0.5055,-0.453286
0.505135,-0.45213
0.50477,-0.450975
0.504404,-0.44982
0.504039,-0.448664
0.503674,-0.447509
0.503308,-0.446353
0.502943,-0.445198
0.502578,-0.444043
0.502212,-0.442887
0.501847,-0.441732
0.501481,-0.440577
0.501116,-0.439421
0.500751,-0.438266
0.500385,-0.437111
0.50002,-0.435955
0.499655,-0.4348
0.499289,-0.433644
0.498924,-0.432489
0.498559,-0.431334
0.498193,-0.430178
0.497828,-0.429023
0.497462,-0.427868
0.497097,-0.426712
0.496732,-0.425557
0.496366,-0.424402
0.496001,-0.423246
0.495636,-0.422091
0.49527,-0.420935
0.494905,-0.41978
0.49454,-0.418625
0.494174,-0.417469
0.493809,-0.416314
0.493443,-0.415159
0.493078,-0.414003
0.492713,-0.412848
0.492347,-0.411693
0.491982,-0.410537
0.491617,-0.409382
0.491251,-0.408227
0.490886,-0.407071
0.490521,-0.405916
0.490155,-0.40476
0.48979,-0.403605
0.489424,-0.40245
0.489059,-0.401294
0.488694,-0.400139
0.488328,-0.398984
0.487963,-0.397828
0.487598,-0.396673
0.487232,-0.395518
0.486867,-0.394362
0.486502,-0.393207
0.486136,-0.392051
0.485771,-0.390896
