O
25
1,0,-1,0.78,-0.5,0.75,0.0,0.0,0.0,0.3,0.4,0.02,0,0.8,False
2,0,-1,1.1,-0.5,0.93,0.0,0.0,0.0,0.02,0.4,0.2,0,0.8,False
3,0,-1,0.78,-0.5,1.11,0.0,0.0,0.0,0.3,0.4,0.02,0,0.8,False
4,0,-1,0.8,-0.92,0.93,0.0,0.0,0.0,0.32,0.02,0.2,0,0.8,False
5,0,-1,0.8,-0.08,0.93,0.0,0.0,0.0,0.32,0.02,0.2,0,0.8,False
6,2,0,0.9217967978437434,-0.44119969071300946,0.8450000000000001,0.0,0.0,4.363814436241057,0.03,0.03,0.15,0.22138446331087214,0.8311835933579458,False
7,2,0,0.6455053766777243,-0.4762100264890502,0.8450000000000001,0.0,0.0,1.2732080293554109,0.03597227213750253,0.03597227213750253,0.15,0.22911498859303503,0.905006675440775,False
8,0,0,0.6894407809081977,-0.7522666560799883,0.86,0.0,0.0,4.111146319643946,0.03,0.03,0.09,0.020146073945695564,1.0148203684120587,False
9,2,0,0.9343401381695374,-0.20421897605953576,0.8534103553361428,0.0,0.0,5.676208637849174,0.03,0.03,0.1668207106722858,0.14644178867665347,0.850962732890512,False
10,0,0,0.6816275488324536,-0.1946825310840541,0.86,0.0,0.0,5.0027139199671415,0.03,0.06342887973317879,0.09,0.3719309347935177,1.1082720248184748,False
11,2,1,0.6527557816460838,-0.36555073728251686,0.8475944367039413,0.0,0.0,4.712335835636375,0.03,0.03,0.15518887340788254,0.014584148673063235,0.9472259724494264,True
12,2,1,0.8592637816874669,-0.7912345280473916,0.8450000000000001,0.0,0.0,2.511266813125626,0.03,0.03,0.15,0.09465561240161935,0.9931900845950685,True
13,2,1,0.5462600386023104,-0.7470078283233313,0.8450000000000001,0.0,0.0,1.2016655332399437,0.03,0.03,0.15,0.41778766871444867,0.860452824050201,True
14,2,1,0.5505535326616309,-0.15883714410718375,0.8450000000000001,0.0,0.0,4.617051437012393,0.030370080034900104,0.030370080034900104,0.15,0.24337738659422975,0.9506877569330892,True
15,0,1,1.0145280564620158,-0.6001750539390319,0.8653450233008508,0.0,0.0,2.27564718978177,0.03667505870037631,0.04066635818561078,0.09534502330085079,0.29595245037032114,1.140168046899062,True
16,2,1,0.9824704547431287,-0.7774082984188079,0.8548493436815094,0.0,0.0,2.233697031838517,0.03,0.03,0.16969868736301888,0.01686177958584706,0.9264552297460347,True
17,0,1,0.6744276903855042,-0.6155317737622992,0.86,0.0,0.0,4.5286175589181,0.0439184181298167,0.05091013396981956,0.09,0.33811519106915927,1.037667542981749,True
18,0,1,0.8358674785970324,-0.5756263327975609,0.8911586135347894,0.0,0.0,6.072322391980197,0.06965716347131767,0.032478470993721135,0.12115861353478943,0.4341346179348434,0.900238868796674,True
19,2,1,0.8944624929770625,-0.3511891975784631,0.8557981629598568,0.0,0.0,0.029687857001571043,0.03,0.03,0.17159632591971363,0.49937682710981246,1.1165306329917697,True
20,0,1,0.7364672125231176,-0.32446192123982087,0.86,0.0,0.0,6.196092627879075,0.03,0.03,0.09,0.08037276027123236,0.9923444548613678,True
21,0,1,0.5511174314551897,-0.35677427848798016,0.86,0.0,0.0,3.0409989223775384,0.058360892874902634,0.03,0.09,0.4988136043621421,1.157895536487425,True
22,0,1,0.5405932404602962,-0.5349562853505294,0.86,0.0,0.0,0.006161134546629378,0.042673794441749034,0.03204452583129225,0.09,0.22474829805690666,0.982353608438312,True
23,0,1,0.8227751714736203,-0.685700030253613,0.86,0.0,0.0,4.001170145831617,0.03,0.03,0.09,0.2126696000344671,0.832575723609682,True
24,0,1,0.8122881889234366,-0.20008418805787653,0.8719406541606584,0.0,0.0,1.4330647160896648,0.04890694002243933,0.040467262829947136,0.10194065416065833,0.4387049624706408,1.1182192202906787,True
25,2,1,0.5444272669088688,-0.26914079607147756,0.8450000000000001,0.0,0.0,0.3291742119967664,0.03,0.03,0.15,0.43302209053942686,0.9817476051128036,True
R
0.0,0.0,0.0,0.0,0.0,0.0,1.0
S
8
torso_lift_joint,0
r_shoulder_pan_joint,-1.69017
r_shoulder_lift_joint,-0.0788625
r_upper_arm_roll_joint,-1.69017
r_elbow_flex_joint,-1.2717
r_forearm_roll_joint,-0.151824
r_wrist_flex_joint,-1.25254
r_wrist_roll_joint,0.675062
G
0.56649,-0.493903,0.845,0.220285,-0,0
ooi
7
A
599
0.310248,-0.673113
0.310525,-0.673131
0.310803,-0.673149
0.31108,-0.673167
0.311357,-0.673185
0.311634,-0.673204
0.311912,-0.673222
0.312189,-0.67324
0.312466,-0.673258
0.312743,-0.673276
0.31302,-0.673294
0.313298,-0.673312
0.313575,-0.67333
0.313852,-0.673348
0.314129,-0.673366
0.314407,-0.673384
0.314684,-0.673402
0.314961,-0.673421
0.315238,-0.673439
0.315516,-0.673457
0.315793,-0.673475
0.31607,-0.673493
0.316347,-0.673511
0.316625,-0.673529
0.316902,-0.673547
0.317179,-0.673565
0.317456,-0.673583
0.317733,-0.673601
0.318011,-0.67362
0.318288,-0.673638
0.318565,-0.673656
0.318842,-0.673674
0.31912,-0.673692
0.319397,-0.67371
0.319674,-0.673728
0.319951,-0.673746
0.320229,-0.673764
0.320506,-0.673782
0.320783,-0.6738
0.32106,-0.673819
0.321337,-0.673837
0.321615,-0.673855
0.321892,-0.673873
0.322169,-0.673891
0.322446,-0.673909
0.322724,-0.673927
0.323001,-0.673945
0.323278,-0.673963
0.323555,-0.673981
0.323833,-0.673999
0.32411,-0.674017
0.324387,-0.674036
0.324664,-0.674054
0.324941,-0.674072
0.325219,-0.67409
0.325496,-0.674108
0.325773,-0.674126
0.32605,-0.674144
0.326328,-0.674162
0.326605,-0.67418
0.326882,-0.674198
0.327159,-0.674216
0.327437,-0.674235
0.327714,-0.674253
0.327991,-0.674271
0.328268,-0.674289
0.328545,-0.674307
0.328823,-0.674325
0.3291,-0.674343
0.329377,-0.674361
0.329654,-0.674379
0.329932,-0.674397
0.330209,-0.674415
0.330486,-0.674434
0.330763,-0.674452
0.331041,-0.67447
0.331318,-0.674488
0.331595,-0.674506
0.331872,-0.674524
0.332149,-0.674542
0.332427,-0.67456
0.332704,-0.674578
0.332981,-0.674596
0.333258,-0.674614
0.333536,-0.674632
0.333813,-0.674651
0.33409,-0.674669
0.334367,-0.674687
0.334645,-0.674705
0.334922,-0.674723
0.335199,-0.674741
0.335476,-0.674759
0.335753,-0.674777
0.336031,-0.674795
0.336308,-0.674813
0.336585,-0.674831
0.336862,-0.67485
0.33714,-0.674868
0.337417,-0.674886
0.337694,-0.674904
0.337971,-0.674922
0.338249,-0.67494
0.338526,-0.674958
0.338803,-0.674976
0.33908,-0.674994
0.339357,-0.675012
0.339635,-0.67503
0.339912,-0.675049
0.340189,-0.675067
0.340466,-0.675085
0.340744,-0.675103
0.341021,-0.675121
0.341298,-0.675139
0.341575,-0.675157
0.341853,-0.675175
0.34213,-0.675193
0.342407,-0.675211
0.342684,-0.675229
0.342961,-0.675247
0.343239,-0.675266
0.343516,-0.675284
0.343793,-0.675302
0.34407,-0.67532
0.344348,-0.675338
0.344625,-0.675356
0.344902,-0.675374
0.345179,-0.675392
0.345457,-0.67541
0.345734,-0.675428
0.346011,-0.675446
0.346288,-0.675465
0.346566,-0.675483
0.346843,-0.675501
0.34712,-0.675519
0.347397,-0.675537
0.347674,-0.675555
0.347952,-0.675573
0.348229,-0.675591
0.348506,-0.675609
0.348783,-0.675627
0.349061,-0.675645
0.349338,-0.675664
0.349615,-0.675682
0.349892,-0.6757
0.35017,-0.675718
0.350447,-0.675736
0.350724,-0.675754
0.351001,-0.675772
0.351278,-0.67579
0.351556,-0.675808
0.351833,-0.675826
0.352078,-0.676142
0.352323,-0.676457
0.352568,-0.676773
0.352813,-0.677088
0.353058,-0.677403
0.353302,-0.677719
0.353547,-0.678034
0.353792,-0.67835
0.354037,-0.678665
0.354282,-0.67898
0.354527,-0.679296
0.354772,-0.679611
0.355017,-0.679927
0.355262,-0.680242
0.355507,-0.680557
0.355752,-0.680873
0.355997,-0.681188
0.356241,-0.681504
0.356486,-0.681819
0.356731,-0.682134
0.356976,-0.68245
0.357221,-0.682765
0.357466,-0.683081
0.357711,-0.683396
0.357956,-0.683711
0.358201,-0.684027
0.358446,-0.684342
0.358691,-0.684658
0.358936,-0.684973
0.359181,-0.685289
0.359425,-0.685604
0.35967,-0.685919
0.359915,-0.686235
0.36016,-0.68655
0.360405,-0.686866
0.36065,-0.687181
0.360895,-0.687496
0.36114,-0.687812
0.361385,-0.688127
0.36163,-0.688443
0.361875,-0.688758
0.36212,-0.689073
0.362365,-0.689389
0.362609,-0.689704
0.362854,-0.69002
0.363099,-0.690335
0.363344,-0.69065
0.363589,-0.690966
0.363834,-0.691281
0.364079,-0.691597
0.364324,-0.691912
0.364569,-0.692227
0.364814,-0.692543
0.365059,-0.692858
0.365304,-0.693174
0.365549,-0.693489
0.365793,-0.693805
0.366038,-0.69412
0.366283,-0.694435
0.366528,-0.694751
0.366773,-0.695066
0.367018,-0.695382
0.367263,-0.695697
0.367508,-0.696012
0.367753,-0.696328
0.367998,-0.696643
0.368243,-0.696959
0.368488,-0.697274
0.368732,-0.697589
0.368977,-0.697905
0.369222,-0.69822
0.369467,-0.698536
0.369712,-0.698851
0.369957,-0.699166
0.370202,-0.699482
0.370447,-0.699797
0.370692,-0.700113
0.370937,-0.700428
0.371182,-0.700743
0.371427,-0.701059
0.371672,-0.701374
0.371916,-0.70169
0.372161,-0.702005
0.372406,-0.702321
0.372651,-0.702636
0.372896,-0.702951
0.373141,-0.703267
0.373386,-0.703582
0.373631,-0.703898
0.373876,-0.704213
0.374121,-0.704528
0.374366,-0.704844
0.374611,-0.705159
0.374856,-0.705475
0.3751,-0.70579
0.375345,-0.706105
0.37559,-0.706421
0.375835,-0.706736
0.37608,-0.707052
0.376325,-0.707367
0.37657,-0.707682
0.376815,-0.707998
0.37706,-0.708313
0.377305,-0.708629
0.37755,-0.708944
0.377795,-0.709259
0.37804,-0.709575
0.378284,-0.70989
0.378529,-0.710206
0.378774,-0.710521
0.379019,-0.710837
0.379264,-0.711152
0.379509,-0.711467
0.379754,-0.711783
0.379999,-0.712098
0.380244,-0.712414
0.380489,-0.712729
0.380734,-0.713044
0.380979,-0.71336
0.381224,-0.713675
0.381468,-0.713991
0.381713,-0.714306
0.381958,-0.714621
0.382203,-0.714937
0.382448,-0.715252
0.382693,-0.715568
0.382938,-0.715883
0.383183,-0.716198
0.383428,-0.716514
0.383673,-0.716829
0.383918,-0.717145
0.384163,-0.71746
0.384407,-0.717775
0.384652,-0.718091
0.384897,-0.718406
0.385142,-0.718722
0.385387,-0.719037
0.385632,-0.719353
0.385877,-0.719668
0.386122,-0.719983
0.386367,-0.720299
0.386612,-0.720614
0.386857,-0.72093
0.387102,-0.721245
0.387347,-0.72156
0.387591,-0.721876
0.387836,-0.722191
0.388081,-0.722507
0.388326,-0.722822
0.389403,-0.722397
0.390479,-0.721973
0.391556,-0.721548
0.392632,-0.721124
0.393708,-0.720699
0.394785,-0.720275
0.395861,-0.71985
0.396938,-0.719425
0.398014,-0.719001
0.399091,-0.718576
0.400167,-0.718152
0.401243,-0.717727
0.40232,-0.717302
0.403396,-0.716878
0.404473,-0.716453
0.405549,-0.716029
0.406626,-0.715604
0.407702,-0.71518
0.408779,-0.714755
0.409855,-0.71433
0.410931,-0.713906
0.412008,-0.713481
0.413084,-0.713057
0.414161,-0.712632
0.415237,-0.712208
0.416314,-0.711783
0.41739,-0.711358
0.418467,-0.710934
0.419543,-0.710509
0.420619,-0.710085
0.421696,-0.70966
0.422772,-0.709235
0.423849,-0.708811
0.424925,-0.708386
0.426002,-0.707962
0.427078,-0.707537
0.428154,-0.707113
0.429231,-0.706688
0.430307,-0.706263
0.431384,-0.705839
0.43246,-0.705414
0.433537,-0.70499
0.434613,-0.704565
0.43569,-0.704141
0.436766,-0.703716
0.437842,-0.703291
0.438919,-0.702867
0.439995,-0.702442
0.441072,-0.702018
0.442148,-0.701593
0.443225,-0.701168
0.444301,-0.700744
0.445377,-0.700319
0.446454,-0.699895
0.44753,-0.69947
0.448607,-0.699046
0.449683,-0.698621
0.45076,-0.698196
0.451836,-0.697772
0.452913,-0.697347
0.453989,-0.696923
0.455065,-0.696498
0.456142,-0.696074
0.457218,-0.695649
0.458295,-0.695224
0.459371,-0.6948
0.460448,-0.694375
0.461524,-0.693951
0.4626,-0.693526
0.463677,-0.693101
0.464753,-0.692677
0.46583,-0.692252
0.466906,-0.691828
0.467983,-0.691403
0.469059,-0.690979
0.470136,-0.690554
0.471212,-0.690129
0.472288,-0.689705
0.473365,-0.68928
0.474441,-0.688856
0.475518,-0.688431
0.476594,-0.688007
0.477671,-0.687582
0.478747,-0.687157
0.479823,-0.686733
0.4809,-0.686308
0.481976,-0.685884
0.483053,-0.685459
0.484129,-0.685034
0.485206,-0.68461
0.486282,-0.684185
0.487359,-0.683761
0.488435,-0.683336
0.489511,-0.682912
0.490588,-0.682487
0.491664,-0.682062
0.492741,-0.681638
0.493817,-0.681213
0.494894,-0.680789
0.49597,-0.680364
0.497046,-0.67994
0.498123,-0.679515
0.499199,-0.67909
0.500276,-0.678666
0.501352,-0.678241
0.502429,-0.677817
0.503505,-0.677392
0.504582,-0.676968
0.505658,-0.676543
0.506734,-0.676118
0.507811,-0.675694
0.508887,-0.675269
0.509964,-0.674845
0.51104,-0.67442
0.512117,-0.673995
0.513193,-0.673571
0.51427,-0.673146
0.515346,-0.672722
0.516422,-0.672297
0.517499,-0.671873
0.518575,-0.671448
0.519652,-0.671023
0.520728,-0.670599
0.521805,-0.670174
0.522881,-0.66975
0.523957,-0.669325
0.525034,-0.668901
0.52611,-0.668476
0.527187,-0.668051
0.528263,-0.667627
0.52934,-0.667202
0.530416,-0.666778
0.531493,-0.666353
0.532569,-0.665928
0.533645,-0.665504
0.534722,-0.665079
0.535798,-0.664655
0.536875,-0.66423
0.537951,-0.663806
0.539028,-0.663381
0.540104,-0.662956
0.54118,-0.662532
0.542257,-0.662107
0.543333,-0.661683
0.54441,-0.661258
0.545486,-0.660834
0.546563,-0.660409
0.547639,-0.659984
0.548716,-0.65956
0.549792,-0.659135
0.549904,-0.658026
0.550016,-0.656917
0.550128,-0.655808
0.55024,-0.654699
0.550352,-0.65359
0.550464,-0.652482
0.550576,-0.651373
0.550688,-0.650264
0.550801,-0.649155
0.550913,-0.648046
0.551025,-0.646937
0.551137,-0.645828
0.551249,-0.644719
0.551361,-0.64361
0.551473,-0.642501
0.551585,-0.641392
0.551697,-0.640283
0.551809,-0.639174
0.551921,-0.638065
0.552033,-0.636956
0.552145,-0.635847
0.552257,-0.634739
0.552369,-0.63363
0.552482,-0.632521
0.552594,-0.631412
0.552706,-0.630303
0.552818,-0.629194
0.55293,-0.628085
0.553042,-0.626976
0.553154,-0.625867
0.553266,-0.624758
0.553378,-0.623649
0.55349,-0.62254
0.553602,-0.621431
0.553714,-0.620322
0.553826,-0.619213
0.553938,-0.618104
0.55405,-0.616995
0.554163,-0.615887
0.554275,-0.614778
0.554387,-0.613669
0.554499,-0.61256
0.554611,-0.611451
0.554723,-0.610342
0.554835,-0.609233
0.554947,-0.608124
0.555059,-0.607015
0.555171,-0.605906
0.555283,-0.604797
0.555395,-0.603688
0.555507,-0.602579
0.555619,-0.60147
0.555731,-0.600361
0.555844,-0.599252
0.555956,-0.598143
0.556068,-0.597035
0.55618,-0.595926
0.556292,-0.594817
0.556404,-0.593708
0.556516,-0.592599
0.556628,-0.59149
0.55674,-0.590381
0.556852,-0.589272
0.556964,-0.588163
0.557076,-0.587054
0.557188,-0.585945
0.5573,-0.584836
0.557412,-0.583727
0.557525,-0.582618
0.557637,-0.581509
0.557749,-0.5804
0.557861,-0.579291
0.557973,-0.578183
0.558085,-0.577074
0.558197,-0.575965
0.558309,-0.574856
0.558421,-0.573747
0.558533,-0.572638
0.558645,-0.571529
0.558757,-0.57042
0.558869,-0.569311
0.558981,-0.568202
0.559093,-0.567093
0.559206,-0.565984
0.559318,-0.564875
0.55943,-0.563766
0.559542,-0.562657
0.559654,-0.561548
0.559766,-0.56044
0.559878,-0.559331
0.55999,-0.558222
0.560102,-0.557113
0.560214,-0.556004
0.560326,-0.554895
0.560438,-0.553786
0.56055,-0.552677
0.560662,-0.551568
0.560774,-0.550459
0.560886,-0.54935
0.560999,-0.548241
0.561111,-0.547132
0.561223,-0.546023
0.561335,-0.544914
0.561447,-0.543805
0.561559,-0.542696
0.561671,-0.541588
0.561783,-0.540479
0.561895,-0.53937
0.562007,-0.538261
0.562119,-0.537152
0.562231,-0.536043
0.562343,-0.534934
0.562455,-0.533825
0.562567,-0.532716
0.56268,-0.531607
0.562792,-0.530498
0.562904,-0.529389
0.563016,-0.52828
0.563128,-0.527171
0.56324,-0.526062
0.563352,-0.524953
0.563464,-0.523844
0.563576,-0.522736
0.563688,-0.521627
0.5638,-0.520518
0.563912,-0.519409
0.564024,-0.5183
0.564136,-0.517191
0.564248,-0.516082
0.564361,-0.514973
0.564473,-0.513864
0.564585,-0.512755
0.564697,-0.511646
0.564809,-0.510537
0.564921,-0.509428
0.565033,-0.508319
0.565145,-0.50721
0.565257,-0.506101
0.565369,-0.504992
0.565481,-0.503884
0.565593,-0.502775
0.565705,-0.501666
0.565817,-0.500557
0.565929,-0.499448
0.566042,-0.498339
0.566154,-0.49723
0.566266,-0.496121
0.566378,-0.495012
0.56649,-0.493903
