O
25
1,0,-1,0.78,-0.5,0.75,0.0,0.0,0.0,0.3,0.4,0.02,0,0.8,False
2,0,-1,1.1,-0.5,0.93,0.0,0.0,0.0,0.02,0.4,0.2,0,0.8,False
3,0,-1,0.78,-0.5,1.11,0.0,0.0,0.0,0.3,0.4,0.02,0,0.8,False
4,0,-1,0.8,-0.92,0.93,0.0,0.0,0.0,0.32,0.02,0.2,0,0.8,False
5,0,-1,0.8,-0.08,0.93,0.0,0.0,0.0,0.32,0.02,0.2,0,0.8,False
6,2,0,0.5289785508474769,-0.2566343187692144,0.8450000000000001,0.0,0.0,0.7492315775943492,0.03,0.03,0.15,0.02730589804064748,1.1652311516353249,False
7,2,0,0.6677191455810487,-0.28222548435226325,0.8643652236619286,0.0,0.0,4.627998287664086,0.03,0.03,0.1887304473238571,0.1382002158959446,1.1934286591191041,False
8,2,0,0.7529151551313807,-0.4753508157575703,0.8450000000000001,0.0,0.0,4.161158108875758,0.058247092690242454,0.058247092690242454,0.15,0.18116498207619008,1.1603825338745355,False
9,2,0,1.0125372719522083,-0.3608070083381748,0.8450000000000001,0.0,0.0,0.9893085990508738,0.03,0.03,0.15,0.09640636606401953,1.166889152314453,False
10,0,0,0.691460887838536,-0.620355753103759,0.8708186165285686,0.0,0.0,4.5683933106183385,0.03,0.03,0.10081861652856859,0.4334774660813603,1.0124982261530413,False
11,2,1,0.5471749448663261,-0.5504395245505829,0.8450000000000001,0.0,0.0,0.18002425166253794,0.0434470317307244,0.0434470317307244,0.15,0.4123864953508386,1.1293794087156823,True
12,2,1,1.0043476627984154,-0.7097973142929164,0.8450000000000001,0.0,0.0,4.45938656431891,0.05218249656767252,0.05218249656767252,0.15,0.4187475583730489,0.8922118128501982,True
13,0,1,0.8174198336597369,-0.2954398592879989,0.86,0.0,0.0,4.174939971490379,0.03,0.03,0.09,0.22789498537008324,0.8921292652162284,True
14,2,1,0.9510983923224454,-0.248715585319347,0.8450000000000001,0.0,0.0,2.3813191438105044,0.03,0.03,0.15,0.060262563389560264,1.1234399619234883,True
15,2,1,0.810619126255328,-0.7403137678323094,0.8504205275935351,0.0,0.0,3.266891985815533,0.06727817588390689,0.06727817588390689,0.16084105518707023,0.08316130695960955,1.0128699903187823,True
16,0,1,0.6472187275801848,-0.7188109529127737,0.86,0.0,0.0,2.7374190839011674,0.03,0.031216389231385564,0.09,0.16914345676351017,0.8649932503428144,True
17,2,1,0.8385328477082448,-0.19468537239562622,0.8450000000000001,0.0,0.0,3.761991269929722,0.03,0.03,0.15,0.08509825219189737,0.9345709025260174,True
18,0,1,1.0073715670301036,-0.4934363624997149,0.86,0.0,0.0,5.644964274718067,0.03,0.03,0.09,0.19313950150427545,1.1976043917576886,True
19,2,1,0.6724549356982227,-0.8304022376843115,0.8450000000000001,0.0,0.0,0.7506319051847479,0.03546877531313272,0.03546877531313272,0.15,0.30354784566944537,1.0779436574114039,True
20,0,1,0.5798006440767974,-0.3928685904618415,0.86,0.0,0.0,4.085633676390301,0.04688566451491455,0.03,0.09,0.025100642262626316,0.8909472994065016,True
21,0,1,0.5514689622388513,-0.8161881310746446,0.86,0.0,0.0,1.7285297174248397,0.03,0.03,0.09,0.16572800575445634,0.9143334923537226,True
22,2,1,0.6301674186874808,-0.1677626113994799,0.8493662900118819,0.0,0.0,4.411868356640712,0.03,0.03,0.15873258002376367,0.37751324951538145,1.1673001958474178,True
23,0,1,0.9813196245986308,-0.16000729296093474,0.86,0.0,0.0,3.240437532127493,0.03,0.03,0.09,0.3086546292586828,1.1569917750512175,True
24,2,1,1.0038915376453903,-0.8296695840361917,0.8450000000000001,0.0,0.0,1.6927372319313696,0.03,0.03,0.15,0.32060211778140996,0.9668610671645987,True
25,2,1,0.8924587033667627,-0.4647621694152827,0.8450000000000001,0.0,0.0,1.8790917297069345,0.03,0.03,0.15,0.3428860592245776,1.0869530491069015,True
R
0.0,0.0,0.0,0.0,0.0,0.0,1.0
S
8
torso_lift_joint,0
r_shoulder_pan_joint,-1.69017
r_shoulder_lift_joint,-0.0788625
r_upper_arm_roll_joint,-1.69017
r_elbow_flex_joint,-1.2717
r_forearm_roll_joint,-0.151824
r_wrist_flex_joint,-1.25254
r_wrist_roll_joint,0.675062
G
0.617237,-0.609593,0.870819,2.9976,-3.14159,3.14159
ooi
10
A
599
0.310248,-0.673113
0.311119,-0.673274
0.31199,-0.673434
0.312861,-0.673595
0.313732,-0.673755
0.314603,-0.673916
0.315474,-0.674076
0.316345,-0.674237
0.317216,-0.674398
0.318087,-0.674558
0.318958,-0.674719
0.319829,-0.674879
0.3207,-0.67504
0.321571,-0.6752
0.322442,-0.675361
0.323313,-0.675521
0.324184,-0.675682
0.325055,-0.675843
0.325926,-0.676003
0.326797,-0.676164
0.327668,-0.676324
0.328539,-0.676485
0.32941,-0.676645
0.330281,-0.676806
0.331152,-0.676967
0.332023,-0.677127
0.332894,-0.677288
0.333765,-0.677448
0.334636,-0.677609
0.335507,-0.677769
0.336378,-0.67793
0.337249,-0.67809
0.33812,-0.678251
0.338991,-0.678412
0.339862,-0.678572
0.340733,-0.678733
0.341604,-0.678893
0.342475,-0.679054
0.343346,-0.679214
0.344217,-0.679375
0.345087,-0.679535
0.345958,-0.679696
0.346829,-0.679857
0.3477,-0.680017
0.348571,-0.680178
0.349442,-0.680338
0.350313,-0.680499
0.351184,-0.680659
0.352055,-0.68082
0.352926,-0.680981
0.353797,-0.681141
0.354668,-0.681302
0.355539,-0.681462
0.35641,-0.681623
0.357281,-0.681783
0.358152,-0.681944
0.359023,-0.682104
0.359894,-0.682265
0.360765,-0.682426
0.361636,-0.682586
0.362507,-0.682747
0.363378,-0.682907
0.364249,-0.683068
0.36512,-0.683228
0.365991,-0.683389
0.366862,-0.683549
0.367733,-0.68371
0.368604,-0.683871
0.369475,-0.684031
0.370346,-0.684192
0.371217,-0.684352
0.372088,-0.684513
0.372959,-0.684673
0.37383,-0.684834
0.374701,-0.684995
0.375572,-0.685155
0.376443,-0.685316
0.377314,-0.685476
0.378185,-0.685637
0.379056,-0.685797
0.379927,-0.685958
0.380798,-0.686118
0.381669,-0.686279
0.38254,-0.68644
0.383411,-0.6866
0.384282,-0.686761
0.385153,-0.686921
0.386024,-0.687082
0.386895,-0.687242
0.387766,-0.687403
0.388637,-0.687563
0.389508,-0.687724
0.390379,-0.687885
0.39125,-0.688045
0.392121,-0.688206
0.392992,-0.688366
0.393863,-0.688527
0.394734,-0.688687
0.395604,-0.688848
0.396475,-0.689009
0.397346,-0.689169
0.398217,-0.68933
0.399088,-0.68949
0.399959,-0.689651
0.40083,-0.689811
0.401701,-0.689972
0.402572,-0.690132
0.403443,-0.690293
0.404314,-0.690454
0.405185,-0.690614
0.406056,-0.690775
0.406927,-0.690935
0.407798,-0.691096
0.408669,-0.691256
0.40954,-0.691417
0.410411,-0.691577
0.411282,-0.691738
0.412153,-0.691899
0.413024,-0.692059
0.413895,-0.69222
0.414766,-0.69238
0.415637,-0.692541
0.416508,-0.692701
0.417379,-0.692862
0.41825,-0.693023
0.419121,-0.693183
0.419992,-0.693344
0.420863,-0.693504
0.421734,-0.693665
0.422605,-0.693825
0.423476,-0.693986
0.424347,-0.694146
0.425218,-0.694307
0.426089,-0.694468
0.42696,-0.694628
0.427831,-0.694789
0.428702,-0.694949
0.429573,-0.69511
0.430444,-0.69527
0.431315,-0.695431
0.432186,-0.695591
0.433057,-0.695752
0.433928,-0.695913
0.434799,-0.696073
0.43567,-0.696234
0.436541,-0.696394
0.437412,-0.696555
0.438283,-0.696715
0.439154,-0.696876
0.440025,-0.697037
0.440896,-0.697197
0.441241,-0.696027
0.441586,-0.694856
0.441931,-0.693685
0.442276,-0.692515
0.442621,-0.691344
0.442966,-0.690174
0.443311,-0.689003
0.443657,-0.687833
0.444002,-0.686662
0.444347,-0.685491
0.444692,-0.684321
0.445037,-0.68315
0.445382,-0.68198
0.445727,-0.680809
0.446072,-0.679639
0.446418,-0.678468
0.446763,-0.677298
0.447108,-0.676127
0.447453,-0.674956
0.447798,-0.673786
0.448143,-0.672615
0.448488,-0.671445
0.448833,-0.670274
0.449178,-0.669104
0.449524,-0.667933
0.449869,-0.666762
0.450214,-0.665592
0.450559,-0.664421
0.450904,-0.663251
0.451249,-0.66208
0.451594,-0.66091
0.451939,-0.659739
0.452285,-0.658568
0.45263,-0.657398
0.452975,-0.656227
0.45332,-0.655057
0.453665,-0.653886
0.45401,-0.652716
0.454355,-0.651545
0.4547,-0.650375
0.455046,-0.649204
0.455391,-0.648033
0.455736,-0.646863
0.456081,-0.645692
0.456426,-0.644522
0.456771,-0.643351
0.457116,-0.642181
0.457461,-0.64101
0.457806,-0.639839
0.458152,-0.638669
0.458497,-0.637498
0.458842,-0.636328
0.459187,-0.635157
0.459532,-0.633987
0.459877,-0.632816
0.460222,-0.631646
0.460567,-0.630475
0.460913,-0.629304
0.461258,-0.628134
0.461603,-0.626963
0.461948,-0.625793
0.462293,-0.624622
0.462638,-0.623452
0.462983,-0.622281
0.463328,-0.62111
0.463673,-0.61994
0.464019,-0.618769
0.464364,-0.617599
0.464709,-0.616428
0.465054,-0.615258
0.465399,-0.614087
0.465744,-0.612916
0.466089,-0.611746
0.466434,-0.610575
0.46678,-0.609405
0.467125,-0.608234
0.46747,-0.607064
0.467815,-0.605893
0.46816,-0.604723
0.468505,-0.603552
0.46885,-0.602381
0.469195,-0.601211
0.469541,-0.60004
0.469886,-0.59887
0.470231,-0.597699
0.470576,-0.596529
0.470921,-0.595358
0.471266,-0.594187
0.471611,-0.593017
0.471956,-0.591846
0.472301,-0.590676
0.472647,-0.589505
0.472992,-0.588335
0.473337,-0.587164
0.473682,-0.585994
0.474027,-0.584823
0.474372,-0.583652
0.474717,-0.582482
0.475062,-0.581311
0.475408,-0.580141
0.475753,-0.57897
0.476098,-0.5778
0.476443,-0.576629
0.476788,-0.575458
0.477133,-0.574288
0.477478,-0.573117
0.477823,-0.571947
0.478169,-0.570776
0.478514,-0.569606
0.478859,-0.568435
0.479204,-0.567264
0.479549,-0.566094
0.479894,-0.564923
0.480239,-0.563753
0.480584,-0.562582
0.480929,-0.561412
0.481275,-0.560241
0.48162,-0.559071
0.481965,-0.5579
0.48231,-0.556729
0.482655,-0.555559
0.483,-0.554388
0.483345,-0.553218
0.48369,-0.552047
0.484036,-0.550877
0.484381,-0.549706
0.484726,-0.548535
0.485071,-0.547365
0.485416,-0.546194
0.485761,-0.545024
0.486106,-0.543853
0.486451,-0.542683
0.486797,-0.541512
0.487142,-0.540342
0.487487,-0.539171
0.487832,-0.538
0.488177,-0.53683
0.488522,-0.535659
0.488867,-0.534489
0.489212,-0.533318
0.489557,-0.532148
0.489903,-0.530977
0.490248,-0.529806
0.490593,-0.528636
0.490938,-0.527465
0.491283,-0.526295
0.491628,-0.525124
0.491973,-0.523954
0.492318,-0.522783
0.491997,-0.523883
0.491676,-0.524984
0.491354,-0.526084
0.491033,-0.527184
0.490712,-0.528285
0.49039,-0.529385
0.490069,-0.530485
0.489748,-0.531585
0.489426,-0.532686
0.489105,-0.533786
0.488784,-0.534886
0.488463,-0.535987
0.488141,-0.537087
0.48782,-0.538187
0.487499,-0.539287
0.487177,-0.540388
0.486856,-0.541488
0.486535,-0.542588
0.486213,-0.543689
0.485892,-0.544789
0.485571,-0.545889
0.485249,-0.546989
0.484928,-0.54809
0.484607,-0.54919
0.484285,-0.55029
0.483964,-0.551391
0.483643,-0.552491
0.483321,-0.553591
0.483,-0.554692
0.482679,-0.555792
0.482357,-0.556892
0.482036,-0.557992
0.481715,-0.559093
0.481393,-0.560193
0.481072,-0.561293
0.480751,-0.562394
0.480429,-0.563494
0.480108,-0.564594
0.479787,-0.565694
0.479465,-0.566795
0.479144,-0.567895
0.478823,-0.568995
0.478501,-0.570096
0.47818,-0.571196
0.477859,-0.572296
0.477537,-0.573396
0.477216,-0.574497
0.476895,-0.575597
0.476573,-0.576697
0.476252,-0.577798
0.475931,-0.578898
0.475609,-0.579998
0.475288,-0.581098
0.474967,-0.582199
0.474645,-0.583299
0.474324,-0.584399
0.474003,-0.5855
0.473681,-0.5866
0.47336,-0.5877
0.473039,-0.588801
0.472718,-0.589901
0.472396,-0.591001
0.472075,-0.592101
0.471754,-0.593202
0.471432,-0.594302
0.471111,-0.595402
0.47079,-0.596503
0.470468,-0.597603
0.470147,-0.598703
0.469826,-0.599803
0.469504,-0.600904
0.469183,-0.602004
0.468862,-0.603104
0.46854,-0.604205
0.468219,-0.605305
0.467898,-0.606405
0.467576,-0.607505
0.467255,-0.608606
0.466934,-0.609706
0.466612,-0.610806
0.466291,-0.611907
0.46597,-0.613007
0.465648,-0.614107
0.465327,-0.615208
0.465006,-0.616308
0.464684,-0.617408
0.464363,-0.618508
0.464042,-0.619609
0.46372,-0.620709
0.463399,-0.621809
0.463078,-0.62291
0.462756,-0.62401
0.462435,-0.62511
0.462114,-0.62621
0.461792,-0.627311
0.461471,-0.628411
0.46115,-0.629511
0.460828,-0.630612
0.460507,-0.631712
0.460186,-0.632812
0.459864,-0.633912
0.459543,-0.635013
0.459222,-0.636113
0.4589,-0.637213
0.458579,-0.638314
0.458258,-0.639414
0.457936,-0.640514
0.457615,-0.641615
0.457294,-0.642715
0.456972,-0.643815
0.456651,-0.644915
0.45633,-0.646016
0.456009,-0.647116
0.455687,-0.648216
0.455366,-0.649317
0.455045,-0.650417
0.454723,-0.651517
0.454402,-0.652617
0.454081,-0.653718
0.453759,-0.654818
0.453438,-0.655918
0.453117,-0.657019
0.452795,-0.658119
0.452474,-0.659219
0.452153,-0.660319
0.451831,-0.66142
0.45151,-0.66252
0.451189,-0.66362
0.450867,-0.664721
0.450546,-0.665821
0.450225,-0.666921
0.449903,-0.668022
0.449582,-0.669122
0.449261,-0.670222
0.448939,-0.671322
0.448618,-0.672423
0.448297,-0.673523
0.447975,-0.674623
0.447654,-0.675724
0.447333,-0.676824
0.447011,-0.677924
0.44669,-0.679024
0.446369,-0.680125
0.446047,-0.681225
0.445726,-0.682325
0.445405,-0.683426
0.445083,-0.684526
0.444762,-0.685626
0.444441,-0.686726
0.444119,-0.687827
0.445281,-0.687302
0.446443,-0.686777
0.447605,-0.686252
0.448767,-0.685727
0.449929,-0.685201
0.451091,-0.684676
0.452252,-0.684151
0.453414,-0.683626
0.454576,-0.683101
0.455738,-0.682576
0.4569,-0.682051
0.458062,-0.681526
0.459224,-0.681001
0.460386,-0.680476
0.461547,-0.679951
0.462709,-0.679426
0.463871,-0.678901
0.465033,-0.678376
0.466195,-0.677851
0.467357,-0.677326
0.468519,-0.676801
0.46968,-0.676276
0.470842,-0.67575
0.472004,-0.675225
0.473166,-0.6747
0.474328,-0.674175
0.47549,-0.67365
0.476652,-0.673125
0.477813,-0.6726
0.478975,-0.672075
0.480137,-0.67155
0.481299,-0.671025
0.482461,-0.6705
0.483623,-0.669975
0.484785,-0.66945
0.485947,-0.668925
0.487108,-0.6684
0.48827,-0.667875
0.489432,-0.66735
0.490594,-0.666824
0.491756,-0.666299
0.492918,-0.665774
0.49408,-0.665249
0.495241,-0.664724
0.496403,-0.664199
0.497565,-0.663674
0.498727,-0.663149
0.499889,-0.662624
0.501051,-0.662099
0.502213,-0.661574
0.503374,-0.661049
0.504536,-0.660524
0.505698,-0.659999
0.50686,-0.659474
0.508022,-0.658949
0.509184,-0.658424
0.510346,-0.657899
0.511508,-0.657373
0.512669,-0.656848
0.513831,-0.656323
0.514993,-0.655798
0.516155,-0.655273
0.517317,-0.654748
0.518479,-0.654223
0.519641,-0.653698
0.520802,-0.653173
0.521964,-0.652648
0.523126,-0.652123
0.524288,-0.651598
0.52545,-0.651073
0.526612,-0.650548
0.527774,-0.650023
0.528935,-0.649498
0.530097,-0.648973
0.531259,-0.648448
0.532421,-0.647922
0.533583,-0.647397
0.534745,-0.646872
0.535907,-0.646347
0.537069,-0.645822
0.53823,-0.645297
0.539392,-0.644772
0.540554,-0.644247
0.541716,-0.643722
0.542878,-0.643197
0.54404,-0.642672
0.545202,-0.642147
0.546363,-0.641622
0.547525,-0.641097
0.548687,-0.640572
0.549849,-0.640047
0.551011,-0.639522
0.552173,-0.638997
0.553335,-0.638471
0.554496,-0.637946
0.555658,-0.637421
0.55682,-0.636896
0.557982,-0.636371
0.559144,-0.635846
0.560306,-0.635321
0.561468,-0.634796
0.56263,-0.634271
0.563791,-0.633746
0.564953,-0.633221
0.566115,-0.632696
0.567277,-0.632171
0.568439,-0.631646
0.569601,-0.631121
0.570763,-0.630596
0.571924,-0.630071
0.573086,-0.629546
0.574248,-0.62902
0.57541,-0.628495
0.576572,-0.62797
0.577734,-0.627445
0.578896,-0.62692
0.580057,-0.626395
0.581219,-0.62587
0.582381,-0.625345
0.583543,-0.62482
0.584705,-0.624295
0.585867,-0.62377
0.587029,-0.623245
0.588191,-0.62272
0.589352,-0.622195
0.590514,-0.62167
0.591676,-0.621145
0.592838,-0.62062
0.594,-0.620094
0.595162,-0.619569
0.596324,-0.619044
0.597485,-0.618519
0.598647,-0.617994
0.599809,-0.617469
0.600971,-0.616944
0.602133,-0.616419
0.603295,-0.615894
0.604457,-0.615369
0.605618,-0.614844
0.60678,-0.614319
0.607942,-0.613794
0.609104,-0.613269
0.610266,-0.612744
0.611428,-0.612219
0.61259,-0.611694
0.613752,-0.611169
0.614913,-0.610643
0.616075,-0.610118
0.617237,-0.609593
