O
25
1,0,-1,0.78,-0.5,0.75,0.0,0.0,0.0,0.3,0.4,0.02,0,0.8,False
2,0,-1,1.1,-0.5,0.93,0.0,0.0,0.0,0.02,0.4,0.2,0,0.8,False
3,0,-1,0.78,-0.5,1.11,0.0,0.0,0.0,0.3,0.4,0.02,0,0.8,False
4,0,-1,0.8,-0.92,0.93,0.0,0.0,0.0,0.32,0.02,0.2,0,0.8,False
5,0,-1,0.8,-0.08,0.93,0.0,0.0,0.0,0.32,0.02,0.2,0,0.8,False
6,0,0,0.801978574638931,-0.48749233131559433,0.9198353169627321,0.0,0.0,1.59977052804251,0.05923902019201537,0.04218863232247301,0.14983531696273208,0.12838204672518394,1.0485852144009662,False
7,2,0,0.977561193959037,-0.5232670478831329,0.8509153827147654,0.0,0.0,2.940731312542965,0.05153841857678088,0.05153841857678088,0.16183076542953082,0.28819365664006036,0.8147645745785543,False
8,2,0,0.7373518609200351,-0.2165406381613738,0.8450000000000001,0.0,0.0,1.5494144129585623,0.0600390234047833,0.0600390234047833,0.15,0.061930847041255455,0.8425049561891672,False
9,2,0,0.6566122154193889,-0.4398745856931813,0.8471832940425889,0.0,0.0,5.30018281158685,0.03206552042854221,0.03206552042854221,0.15436658808517773,0.3998480066860261,1.0524109333043243,False
10,2,0,0.6248463219954702,-0.6426215289249777,0.8450000000000001,0.0,0.0,2.058318536480425,0.04403430582291232,0.04403430582291232,0.15,0.2294774618393599,0.842234821167802,False
11,2,1,1.0282824413546565,-0.666296918074516,0.8493711458440958,0.0,0.0,5.254105238673551,0.03,0.03,0.1587422916881916,0.23365192226061482,0.962540676273008,True
12,0,1,0.7946030772837545,-0.36100582179694407,0.86,0.0,0.0,0.7496267911246548,0.03022249361709374,0.03,0.09,0.4459760742744412,1.081533811673086,True
13,2,1,0.8610378409469561,-0.7676369381285664,0.8589858524713677,0.0,0.0,5.1802209806730755,0.06117353783332534,0.06117353783332534,0.17797170494273554,0.2902613065118498,1.1457649626339532,True
14,0,1,0.5883422442934423,-0.2639696308505062,0.86,0.0,0.0,2.7044219530954003,0.03,0.03,0.09,0.15130278282987247,0.995379898845407,True
15,2,1,0.9013433684703807,-0.29659631618556714,0.8450000000000001,0.0,0.0,2.3201210833154167,0.03,0.03,0.15,0.03378250364640906,1.1528591368931995,True
16,2,1,0.5177083738636484,-0.16565941809952123,0.8450000000000001,0.0,0.0,3.779937953210369,0.03,0.03,0.15,0.0032249969405824808,0.928847623315122,True
17,2,1,1.011476281714923,-0.20219357252074477,0.8450000000000001,0.0,0.0,1.1324994178204701,0.03,0.03,0.15,0.21436915570247567,0.8112712193339703,True
18,2,1,0.5222928484839396,-0.3833821670065092,0.8450000000000001,0.0,0.0,5.475038004115802,0.03,0.03,0.15,0.12876477117309204,0.8667684897795508,True
19,2,1,1.0013680806389365,-0.35688120837628146,0.8450000000000001,0.0,0.0,0.6831156543288724,0.03,0.03,0.15,0.3960949522430925,0.8555851218288058,True
20,0,1,0.5982306245870063,-0.7916734190313257,0.8731320807620648,0.0,0.0,4.271492399964391,0.05927783802940885,0.05574122596638465,0.10313208076206487,0.004025302463837421,1.1433126565846214,True
21,0,1,0.796637862714545,-0.6409668716698448,0.8758672666319259,0.0,0.0,6.206845375968138,0.05557800611724896,0.03,0.10586726663192592,0.18512662620345066,0.8547461356097641,True
22,2,1,0.904980108748598,-0.18804591881605226,0.8450000000000001,0.0,0.0,2.670235973307205,0.03,0.03,0.15,0.23562111258694646,0.8066666862276035,True
23,2,1,0.5485159090833266,-0.5095734405309139,0.8450000000000001,0.0,0.0,6.175908530020516,0.0444371876494764,0.0444371876494764,0.15,0.20847264114633873,0.8968529091526899,True
24,0,1,0.6208439831190942,-0.15388758192886354,0.86,0.0,0.0,4.184458242445353,0.03193215218253644,0.03,0.09,0.21869970919162413,1.1682514665563337,True
25,2,1,0.698064151266504,-0.3516304503763169,0.8450000000000001,0.0,0.0,4.589410699267944,0.03,0.03,0.15,0.45689760423862996,1.0749005272822396,True
R
0.0,0.0,0.0,0.0,0.0,0.0,1.0
S
8
torso_lift_joint,0
r_shoulder_pan_joint,-1.69017
r_shoulder_lift_joint,-0.0788625
r_upper_arm_roll_joint,-1.69017
r_elbow_flex_joint,-1.2717
r_forearm_roll_joint,-0.151824
r_wrist_flex_joint,-1.25254
r_wrist_roll_joint,0.675062
G
0.588161,-0.475279,0.847183,0.477325,-0,0
ooi
9
A
300
0.310248,-0.673113
0.311232,-0.673272
0.312216,-0.67343
0.3132,-0.673589
0.314184,-0.673748
0.315167,-0.673906
0.316151,-0.674065
0.317135,-0.674224
0.318119,-0.674382
0.319103,-0.674541
0.320087,-0.6747
0.32107,-0.674858
0.322054,-0.675017
0.323038,-0.675176
0.324022,-0.675334
0.325006,-0.675493
0.32599,-0.675652
0.326974,-0.67581
0.327957,-0.675969
0.328941,-0.676128
0.329925,-0.676286
0.330909,-0.676445
0.331893,-0.676604
0.332877,-0.676762
0.33386,-0.676921
0.334844,-0.67708
0.335828,-0.677238
0.336812,-0.677397
0.337796,-0.677556
0.33878,-0.677714
0.339764,-0.677873
0.340747,-0.678032
0.341731,-0.67819
0.342715,-0.678349
0.343699,-0.678508
0.344683,-0.678666
0.345667,-0.678825
0.34665,-0.678984
0.347634,-0.679142
0.348618,-0.679301
0.349602,-0.67946
0.350586,-0.679618
0.35157,-0.679777
0.352553,-0.679936
0.353537,-0.680094
0.354521,-0.680253
0.355505,-0.680412
0.356489,-0.68057
0.357473,-0.680729
0.358457,-0.680888
0.35944,-0.681046
0.360424,-0.681205
0.361408,-0.681364
0.362392,-0.681522
0.363376,-0.681681
0.36436,-0.68184
0.365343,-0.681998
0.366327,-0.682157
0.367311,-0.682316
0.368295,-0.682474
0.369279,-0.682633
0.370263,-0.682792
0.371247,-0.68295
0.37223,-0.683109
0.373214,-0.683268
0.374198,-0.683426
0.375182,-0.683585
0.376166,-0.683744
0.37715,-0.683902
0.378133,-0.684061
0.379117,-0.68422
0.380101,-0.684378
0.381085,-0.684537
0.382069,-0.684696
0.383053,-0.684854
0.384037,-0.685013
0.38502,-0.685171
0.386004,-0.68533
0.386988,-0.685489
0.387972,-0.685647
0.388956,-0.685806
0.38994,-0.685965
0.390923,-0.686123
0.391907,-0.686282
0.392891,-0.686441
0.393875,-0.686599
0.394859,-0.686758
0.395843,-0.686917
0.396827,-0.687075
0.39781,-0.687234
0.398794,-0.687393
0.399778,-0.687551
0.400762,-0.68771
0.401746,-0.687869
0.40273,-0.688027
0.403713,-0.688186
0.404697,-0.688345
0.405681,-0.688503
0.406665,-0.688662
0.407649,-0.688821
0.408633,-0.688979
0.409616,-0.689138
0.4106,-0.689297
0.411584,-0.689455
0.412568,-0.689614
0.413552,-0.689773
0.414536,-0.689931
0.41552,-0.69009
0.416503,-0.690249
0.417487,-0.690407
0.418471,-0.690566
0.419455,-0.690725
0.420439,-0.690883
0.421423,-0.691042
0.422406,-0.691201
0.42339,-0.691359
0.424374,-0.691518
0.425358,-0.691677
0.426342,-0.691835
0.427326,-0.691994
0.42831,-0.692153
0.429293,-0.692311
0.430277,-0.69247
0.431261,-0.692629
0.432245,-0.692787
0.433229,-0.692946
0.434213,-0.693105
0.435196,-0.693263
0.43618,-0.693422
0.437164,-0.693581
0.438148,-0.693739
0.439132,-0.693898
0.440116,-0.694057
0.4411,-0.694215
0.442083,-0.694374
0.443067,-0.694533
0.444051,-0.694691
0.445035,-0.69485
0.446019,-0.695009
0.447003,-0.695167
0.447986,-0.695326
0.44897,-0.695485
0.449954,-0.695643
0.450938,-0.695802
0.451922,-0.695961
0.452906,-0.696119
0.453889,-0.696278
0.454873,-0.696437
0.455857,-0.696595
0.456841,-0.696754
0.457825,-0.696913
0.4587,-0.695425
0.459574,-0.693938
0.460449,-0.69245
0.461324,-0.690963
0.462199,-0.689475
0.463073,-0.687988
0.463948,-0.6865
0.464823,-0.685013
0.465697,-0.683525
0.466572,-0.682038
0.467447,-0.68055
0.468322,-0.679063
0.469196,-0.677575
0.470071,-0.676088
0.470946,-0.6746
0.471821,-0.673113
0.472695,-0.671626
0.47357,-0.670138
0.474445,-0.668651
0.47532,-0.667163
0.476194,-0.665676
0.477069,-0.664188
0.477944,-0.662701
0.478819,-0.661213
0.479693,-0.659726
0.480568,-0.658238
0.481443,-0.656751
0.482317,-0.655263
0.483192,-0.653776
0.484067,-0.652288
0.484942,-0.650801
0.485816,-0.649313
0.486691,-0.647826
0.487566,-0.646338
0.488441,-0.644851
0.489315,-0.643363
0.49019,-0.641876
0.491065,-0.640389
0.49194,-0.638901
0.492814,-0.637414
0.493689,-0.635926
0.494564,-0.634439
0.495439,-0.632951
0.496313,-0.631464
0.497188,-0.629976
0.498063,-0.628489
0.498937,-0.627001
0.499812,-0.625514
0.500687,-0.624026
0.501562,-0.622539
0.502436,-0.621051
0.503311,-0.619564
0.504186,-0.618076
0.505061,-0.616589
0.505935,-0.615101
0.50681,-0.613614
0.507685,-0.612127
0.50856,-0.610639
0.509434,-0.609152
0.510309,-0.607664
0.511184,-0.606177
0.512058,-0.604689
0.512933,-0.603202
0.513808,-0.601714
0.514683,-0.600227
0.515557,-0.598739
0.516432,-0.597252
0.517307,-0.595764
0.518182,-0.594277
0.519056,-0.592789
0.519931,-0.591302
0.520806,-0.589814
0.521681,-0.588327
0.522555,-0.586839
0.52343,-0.585352
0.524305,-0.583865
0.52518,-0.582377
0.526054,-0.58089
0.526929,-0.579402
0.527804,-0.577915
0.528678,-0.576427
0.529553,-0.57494
0.530428,-0.573452
0.531303,-0.571965
0.532177,-0.570477
0.533052,-0.56899
0.533927,-0.567502
0.534802,-0.566015
0.535676,-0.564527
0.536551,-0.56304
0.537426,-0.561552
0.538301,-0.560065
0.539175,-0.558577
0.54005,-0.55709
0.540925,-0.555602
0.5418,-0.554115
0.542674,-0.552628
0.543549,-0.55114
0.544424,-0.549653
0.545298,-0.548165
0.546173,-0.546678
0.547048,-0.54519
0.547923,-0.543703
0.548797,-0.542215
0.549672,-0.540728
0.550547,-0.53924
0.551422,-0.537753
0.552296,-0.536265
0.553171,-0.534778
0.554046,-0.53329
0.554921,-0.531803
0.555795,-0.530315
0.55667,-0.528828
0.557545,-0.52734
0.55842,-0.525853
0.559294,-0.524366
0.560169,-0.522878
0.561044,-0.521391
0.561918,-0.519903
0.562793,-0.518416
0.563668,-0.516928
0.564543,-0.515441
0.565417,-0.513953
0.566292,-0.512466
0.567167,-0.510978
0.568042,-0.509491
0.568916,-0.508003
0.569791,-0.506516
0.570666,-0.505028
0.571541,-0.503541
0.572415,-0.502053
0.57329,-0.500566
0.574165,-0.499078
0.575039,-0.497591
0.575914,-0.496103
0.576789,-0.494616
0.577664,-0.493129
0.578538,-0.491641
0.579413,-0.490154
0.580288,-0.488666
0.581163,-0.487179
0.582037,-0.485691
0.582912,-0.484204
0.583787,-0.482716
0.584662,-0.481229
0.585536,-0.479741
0.586411,-0.478254
0.587286,-0.476766
0.588161,-0.475279
