O
25
1,0,-1,0.78,-0.5,0.75,0.0,0.0,0.0,0.3,0.4,0.02,0,0.8,False
2,0,-1,1.1,-0.5,0.93,0.0,0.0,0.0,0.02,0.4,0.2,0,0.8,False
3,0,-1,0.78,-0.5,1.11,0.0,0.0,0.0,0.3,0.4,0.02,0,0.8,False
4,0,-1,0.8,-0.92,0.93,0.0,0.0,0.0,0.32,0.02,0.2,0,0.8,False
5,0,-1,0.8,-0.08,0.93,0.0,0.0,0.0,0.32,0.02,0.2,0,0.8,False
6,0,0,0.7173273351506559,-0.8204796890712622,0.9073540679508661,0.0,0.0,1.9153451021137973,0.03,0.03921550174181259,0.1373540679508661,0.18913126358737375,0.9004802330121056,False
7,0,0,0.6063095949691703,-0.37115348951564514,0.9114551195628547,0.0,0.0,0.5145339769138341,0.037953522410249366,0.03819589294069669,0.1414551195628547,0.3805275149393961,1.1497820145184883,False
8,2,0,0.9014696740897463,-0.8273867251608904,0.8450000000000001,0.0,0.0,5.572169160207757,0.030377916338677965,0.030377916338677965,0.15,0.23300323353558666,1.082574445346625,False
9,0,0,0.6227749164942078,-0.17397532364912738,0.86,0.0,0.0,5.337434185597029,0.05542456349439411,0.03,0.09,0.20785936968453494,0.8140053811290742,False
10,0,0,0.7220965339769597,-0.6870960244033657,0.86,0.0,0.0,0.5459066616742261,0.06780824197584769,0.03,0.09,0.06479526736474311,1.172454834550408,False
11,0,1,0.7389936133655847,-0.5195039270354982,0.8919943545859537,0.0,0.0,2.0357947941245307,0.03,0.03,0.1219943545859536,0.4084168213044525,1.1185803617513954,True
12,0,1,0.9273609080309875,-0.653024122961261,0.86,0.0,0.0,0.11981873168626302,0.03,0.03,0.09,0.4497895125488025,1.084241172361664,True
13,2,1,0.9378134864926287,-0.4509869804464527,0.8450000000000001,0.0,0.0,0.37224322974501345,0.05397942426904736,0.05397942426904736,0.15,0.08456231252207175,1.1674146024980963,True
14,2,1,0.5902925435454884,-0.8471372007231566,0.8450000000000001,0.0,0.0,5.425779063935297,0.03,0.03,0.15,0.21767857827503534,1.0892863445964298,True
15,0,1,0.981422482850274,-0.2299624921546386,0.8974726952976012,0.0,0.0,5.450690345288486,0.03,0.03,0.1274726952976012,0.15131776648935896,1.0203763535308201,True
16,2,1,0.8440548087893188,-0.1584184203877682,0.8699326891161918,0.0,0.0,3.3357194914576755,0.03,0.03,0.19986537823238373,0.257418638943906,0.8690646593304628,True
17,2,1,0.5910580916971149,-0.5296615227314626,0.8450000000000001,0.0,0.0,1.7000030598986673,0.03,0.03,0.15,0.03974582137692767,0.8117429663862055,True
18,0,1,0.8204235879456997,-0.28744765591370824,0.86,0.0,0.0,5.029052797312572,0.03,0.051320773359896904,0.09,0.23471800261215203,0.9929751848760533,True
19,2,1,0.5135392161282853,-0.6489691592305478,0.8450000000000001,0.0,0.0,0.7511805435119542,0.03,0.03,0.15,0.3497189907542661,0.9450088065129862,True
20,2,1,1.0290292233672753,-0.6611608906998723,0.8450000000000001,0.0,0.0,3.4682946442559395,0.03,0.03,0.15,0.2667479079691558,1.0829765715501511,True
21,0,1,1.0030486191600865,-0.8030263423279214,0.86,0.0,0.0,0.5420226685484753,0.03,0.04079430982438413,0.09,0.007383570072429457,1.1710554159389297,True
22,2,1,0.7087701805477853,-0.33702817304984667,0.8450000000000001,0.0,0.0,0.1261120093844275,0.03,0.03,0.15,0.3625881810112921,0.9678709617979041,True
23,2,1,0.8410326363328584,-0.6232671456891039,0.8450000000000001,0.0,0.0,6.254473015960708,0.03,0.03,0.15,0.43125477245384725,0.8541451159223428,True
24,2,1,0.9077067051943903,-0.73930286320225,0.8450000000000001,0.0,0.0,2.948949959881413,0.03,0.03,0.15,0.3976476847197534,0.9768880310967007,True
25,2,1,0.8106632146310757,-0.40971479240439795,0.8450000000000001,0.0,0.0,2.655107999441769,0.03,0.03,0.15,0.28669945421794524,1.1397960788645214,True
R
0.0,0.0,0.0,0.0,0.0,0.0,1.0
S
8
torso_lift_joint,0
r_shoulder_pan_joint,-1.69017
r_shoulder_lift_joint,-0.0788625
r_upper_arm_roll_joint,-1.69017
r_elbow_flex_joint,-1.2717
r_forearm_roll_joint,-0.151824
r_wrist_flex_joint,-1.25254
r_wrist_roll_joint,0.675062
G
0.533886,-0.412097,0.911455,0.514534,-0,0
ooi
7
A
599
0.310248,-0.673113
0.311554,-0.672432
0.312859,-0.671752
0.314165,-0.671071
0.315471,-0.67039
0.316776,-0.669709
0.318082,-0.669029
0.319388,-0.668348
0.320693,-0.667667
0.321999,-0.666987
0.323304,-0.666306
0.32461,-0.665625
0.325916,-0.664944
0.327221,-0.664264
0.328527,-0.663583
0.329833,-0.662902
0.331138,-0.662221
0.332444,-0.661541
0.333749,-0.66086
0.335055,-0.660179
0.336361,-0.659498
0.337666,-0.658818
0.338972,-0.658137
0.340278,-0.657456
0.341583,-0.656776
0.342889,-0.656095
0.344194,-0.655414
0.3455,-0.654733
0.346806,-0.654053
0.348111,-0.653372
0.349417,-0.652691
0.350723,-0.65201
0.352028,-0.65133
0.353334,-0.650649
0.354639,-0.649968
0.355945,-0.649288
0.357251,-0.648607
0.358556,-0.647926
0.359862,-0.647245
0.361168,-0.646565
0.362473,-0.645884
0.363779,-0.645203
0.365084,-0.644522
0.36639,-0.643842
0.367696,-0.643161
0.369001,-0.64248
0.370307,-0.641799
0.371613,-0.641119
0.372918,-0.640438
0.374224,-0.639757
0.375529,-0.639077
0.376835,-0.638396
0.378141,-0.637715
0.379446,-0.637034
0.380752,-0.636354
0.382058,-0.635673
0.383363,-0.634992
0.384669,-0.634311
0.385974,-0.633631
0.38728,-0.63295
0.388586,-0.632269
0.389891,-0.631589
0.391197,-0.630908
0.392503,-0.630227
0.393808,-0.629546
0.395114,-0.628866
0.396419,-0.628185
0.397725,-0.627504
0.399031,-0.626823
0.400336,-0.626143
0.401642,-0.625462
0.402948,-0.624781
0.404253,-0.6241
0.405559,-0.62342
0.406864,-0.622739
0.40817,-0.622058
0.409476,-0.621378
0.410781,-0.620697
0.412087,-0.620016
0.413393,-0.619335
0.414698,-0.618655
0.416004,-0.617974
0.417309,-0.617293
0.418615,-0.616612
0.419921,-0.615932
0.421226,-0.615251
0.422532,-0.61457
0.423837,-0.61389
0.425143,-0.613209
0.426449,-0.612528
0.427754,-0.611847
0.42906,-0.611167
0.430366,-0.610486
0.431671,-0.609805
0.432977,-0.609124
0.434282,-0.608444
0.435588,-0.607763
0.436894,-0.607082
0.438199,-0.606401
0.439505,-0.605721
0.440811,-0.60504
0.442116,-0.604359
0.443422,-0.603679
0.444727,-0.602998
0.446033,-0.602317
0.447339,-0.601636
0.448644,-0.600956
0.44995,-0.600275
0.451256,-0.599594
0.452561,-0.598913
0.453867,-0.598233
0.455172,-0.597552
0.456478,-0.596871
0.457784,-0.596191
0.459089,-0.59551
0.460395,-0.594829
0.461701,-0.594148
0.463006,-0.593468
0.464312,-0.592787
0.465617,-0.592106
0.466923,-0.591425
0.468229,-0.590745
0.469534,-0.590064
0.47084,-0.589383
0.472146,-0.588703
0.473451,-0.588022
0.474757,-0.587341
0.476062,-0.58666
0.477368,-0.58598
0.478674,-0.585299
0.479979,-0.584618
0.481285,-0.583937
0.482591,-0.583257
0.483896,-0.582576
0.485202,-0.581895
0.486507,-0.581214
0.487813,-0.580534
0.489119,-0.579853
0.490424,-0.579172
0.49173,-0.578492
0.493036,-0.577811
0.494341,-0.57713
0.495647,-0.576449
0.496952,-0.575769
0.498258,-0.575088
0.499564,-0.574407
0.500869,-0.573726
0.502175,-0.573046
0.503481,-0.572365
0.504786,-0.571684
0.506092,-0.571004
0.505518,-0.570651
0.504945,-0.570299
0.504371,-0.569947
0.503797,-0.569594
0.503224,-0.569242
0.50265,-0.56889
0.502077,-0.568537
0.501503,-0.568185
0.500929,-0.567832
0.500356,-0.56748
0.499782,-0.567128
0.499208,-0.566775
0.498635,-0.566423
0.498061,-0.566071
0.497488,-0.565718
0.496914,-0.565366
0.49634,-0.565014
0.495767,-0.564661
0.495193,-0.564309
0.49462,-0.563957
0.494046,-0.563604
0.493472,-0.563252
0.492899,-0.5629
0.492325,-0.562547
0.491751,-0.562195
0.491178,-0.561843
0.490604,-0.56149
0.490031,-0.561138
0.489457,-0.560786
0.488883,-0.560433
0.48831,-0.560081
0.487736,-0.559729
0.487163,-0.559376
0.486589,-0.559024
0.486015,-0.558672
0.485442,-0.558319
0.484868,-0.557967
0.484295,-0.557615
0.483721,-0.557262
0.483147,-0.55691
0.482574,-0.556558
0.482,-0.556205
0.481426,-0.555853
0.480853,-0.555501
0.480279,-0.555148
0.479706,-0.554796
0.479132,-0.554444
0.478558,-0.554091
0.477985,-0.553739
0.477411,-0.553387
0.476838,-0.553034
0.476264,-0.552682
0.47569,-0.55233
0.475117,-0.551977
0.474543,-0.551625
0.473969,-0.551273
0.473396,-0.55092
0.472822,-0.550568
0.472249,-0.550216
0.471675,-0.549863
0.471101,-0.549511
0.470528,-0.549159
0.469954,-0.548806
0.469381,-0.548454
0.468807,-0.548102
0.468233,-0.547749
0.46766,-0.547397
0.467086,-0.547045
0.466512,-0.546692
0.465939,-0.54634
0.465365,-0.545988
0.464792,-0.545635
0.464218,-0.545283
0.463644,-0.544931
0.463071,-0.544578
0.462497,-0.544226
0.461924,-0.543874
0.46135,-0.543521
0.460776,-0.543169
0.460203,-0.542817
0.459629,-0.542464
0.459056,-0.542112
0.458482,-0.54176
0.457908,-0.541407
0.457335,-0.541055
0.456761,-0.540703
0.456187,-0.54035
0.455614,-0.539998
0.45504,-0.539646
0.454467,-0.539293
0.453893,-0.538941
0.453319,-0.538589
0.452746,-0.538236
0.452172,-0.537884
0.451599,-0.537532
0.451025,-0.537179
0.450451,-0.536827
0.449878,-0.536475
0.449304,-0.536122
0.44873,-0.53577
0.448157,-0.535418
0.447583,-0.535065
0.44701,-0.534713
0.446436,-0.534361
0.445862,-0.534008
0.445289,-0.533656
0.444715,-0.533304
0.444142,-0.532951
0.443568,-0.532599
0.442994,-0.532247
0.442421,-0.531894
0.441847,-0.531542
0.441273,-0.53119
0.4407,-0.530837
0.440126,-0.530485
0.439553,-0.530133
0.438979,-0.52978
0.438405,-0.529428
0.437832,-0.529076
0.437258,-0.528723
0.436685,-0.528371
0.436111,-0.528019
0.435537,-0.527666
0.434964,-0.527314
0.43439,-0.526962
0.433817,-0.526609
0.433243,-0.526257
0.432669,-0.525905
0.432096,-0.525552
0.431522,-0.5252
0.430948,-0.524848
0.430375,-0.524495
0.429801,-0.524143
0.429228,-0.523791
0.428654,-0.523438
0.42808,-0.523086
0.427507,-0.522734
0.426933,-0.522381
0.42636,-0.522029
0.425786,-0.521677
0.425212,-0.521324
0.424639,-0.520972
0.424065,-0.52062
0.423491,-0.520267
0.422918,-0.519915
0.422344,-0.519563
0.421771,-0.51921
0.421197,-0.518858
0.420623,-0.518506
0.421546,-0.517682
0.422469,-0.516858
0.423392,-0.516034
0.424315,-0.51521
0.425238,-0.514386
0.426161,-0.513562
0.427084,-0.512738
0.428007,-0.511914
0.42893,-0.51109
0.429853,-0.510266
0.430776,-0.509442
0.431699,-0.508618
0.432622,-0.507794
0.433545,-0.50697
0.434468,-0.506146
0.435391,-0.505322
0.436314,-0.504498
0.437237,-0.503674
0.43816,-0.50285
0.439083,-0.502027
0.440006,-0.501203
0.440929,-0.500379
0.441852,-0.499555
0.442775,-0.498731
0.443698,-0.497907
0.444621,-0.497083
0.445544,-0.496259
0.446467,-0.495435
0.44739,-0.494611
0.448313,-0.493787
0.449236,-0.492963
0.450159,-0.492139
0.451082,-0.491315
0.452004,-0.490491
0.452927,-0.489667
0.45385,-0.488843
0.454773,-0.488019
0.455696,-0.487195
0.456619,-0.486371
0.457542,-0.485547
0.458465,-0.484723
0.459388,-0.4839
0.460311,-0.483076
0.461234,-0.482252
0.462157,-0.481428
0.46308,-0.480604
0.464003,-0.47978
0.464926,-0.478956
0.465849,-0.478132
0.466772,-0.477308
0.467695,-0.476484
0.468618,-0.47566
0.469541,-0.474836
0.470464,-0.474012
0.471387,-0.473188
0.47231,-0.472364
0.473233,-0.47154
0.474156,-0.470716
0.475079,-0.469892
0.476002,-0.469068
0.476925,-0.468244
0.477848,-0.46742
0.478771,-0.466596
0.479694,-0.465772
0.480617,-0.464949
0.48154,-0.464125
0.482463,-0.463301
0.483386,-0.462477
0.484309,-0.461653
0.485232,-0.460829
0.486155,-0.460005
0.487077,-0.459181
0.488,-0.458357
0.488923,-0.457533
0.489846,-0.456709
0.490769,-0.455885
0.491692,-0.455061
0.492615,-0.454237
0.493538,-0.453413
0.494461,-0.452589
0.495384,-0.451765
0.496307,-0.450941
0.49723,-0.450117
0.498153,-0.449293
0.499076,-0.448469
0.499999,-0.447645
0.500922,-0.446821
0.501845,-0.445998
0.502768,-0.445174
0.503691,-0.44435
0.504614,-0.443526
0.505537,-0.442702
0.50646,-0.441878
0.507383,-0.441054
0.508306,-0.44023
0.509229,-0.439406
0.510152,-0.438582
0.511075,-0.437758
0.511998,-0.436934
0.512921,-0.43611
0.513844,-0.435286
0.514767,-0.434462
0.51569,-0.433638
0.516613,-0.432814
0.517536,-0.43199
0.518459,-0.431166
0.519382,-0.430342
0.520305,-0.429518
0.521228,-0.428694
0.52215,-0.427871
0.523073,-0.427047
0.523996,-0.426223
0.524919,-0.425399
0.525842,-0.424575
0.526765,-0.423751
0.527688,-0.422927
0.528611,-0.422103
0.529534,-0.421279
0.530457,-0.420455
0.53138,-0.419631
0.532303,-0.418807
0.533226,-0.417983
0.534149,-0.417159
0.535072,-0.416335
0.535995,-0.415511
0.536918,-0.414687
0.537841,-0.413863
0.538764,-0.413039
0.539687,-0.412215
0.54061,-0.411391
0.541533,-0.410567
0.542456,-0.409743
0.543379,-0.40892
0.544302,-0.408096
0.545225,-0.407272
0.546148,-0.406448
0.547071,-0.405624
0.547994,-0.4048
0.548917,-0.403976
0.54984,-0.403152
0.550763,-0.402328
0.551686,-0.401504
0.552609,-0.40068
0.553532,-0.399856
0.554455,-0.399032
0.555378,-0.398208
0.5563,-0.397384
0.557223,-0.39656
0.558146,-0.395736
0.559069,-0.394912
0.5589,-0.395028
0.558731,-0.395143
0.558562,-0.395258
0.558393,-0.395374
0.558224,-0.395489
0.558055,-0.395604
0.557886,-0.39572
0.557717,-0.395835
0.557548,-0.39595
0.557379,-0.396066
0.55721,-0.396181
0.557041,-0.396296
0.556872,-0.396412
0.556703,-0.396527
0.556534,-0.396642
0.556365,-0.396758
0.556196,-0.396873
0.556027,-0.396988
0.555858,-0.397104
0.555689,-0.397219
0.55552,-0.397334
0.555351,-0.39745
0.555182,-0.397565
0.555013,-0.39768
0.554844,-0.397796
0.554675,-0.397911
0.554506,-0.398026
0.554337,-0.398142
0.554168,-0.398257
0.553999,-0.398372
0.55383,-0.398488
0.553661,-0.398603
0.553492,-0.398718
0.553323,-0.398834
0.553154,-0.398949
0.552985,-0.399064
0.552816,-0.39918
0.552647,-0.399295
0.552478,-0.39941
0.552309,-0.399526
0.55214,-0.399641
0.551971,-0.399756
0.551802,-0.399872
0.551633,-0.399987
0.551464,-0.400102
0.551295,-0.400218
0.551126,-0.400333
0.550957,-0.400448
0.550788,-0.400564
0.550619,-0.400679
0.550449,-0.400794
0.55028,-0.400909
0.550111,-0.401025
0.549942,-0.40114
0.549773,-0.401255
0.549604,-0.401371
0.549435,-0.401486
0.549266,-0.401601
0.549097,-0.401717
0.548928,-0.401832
0.548759,-0.401947
0.54859,-0.402063
0.548421,-0.402178
0.548252,-0.402293
0.548083,-0.402409
0.547914,-0.402524
0.547745,-0.402639
0.547576,-0.402755
0.547407,-0.40287
0.547238,-0.402985
0.547069,-0.403101
0.5469,-0.403216
0.546731,-0.403331
0.546562,-0.403447
0.546393,-0.403562
0.546224,-0.403677
0.546055,-0.403793
0.545886,-0.403908
0.545717,-0.404023
0.545548,-0.404139
0.545379,-0.404254
0.54521,-0.404369
0.545041,-0.404485
0.544872,-0.4046
0.544703,-0.404715
0.544534,-0.404831
0.544365,-0.404946
0.544196,-0.405061
0.544027,-0.405177
0.543858,-0.405292
0.543689,-0.405407
0.54352,-0.405523
0.543351,-0.405638
0.543182,-0.405753
0.543013,-0.405869
0.542844,-0.405984
0.542675,-0.406099
0.542506,-0.406215
0.542337,-0.40633
0.542168,-0.406445
0.541999,-0.406561
0.54183,-0.406676
0.541661,-0.406791
0.541492,-0.406907
0.541323,-0.407022
0.541154,-0.407137
0.540984,-0.407253
0.540815,-0.407368
0.540646,-0.407483
0.540477,-0.407599
0.540308,-0.407714
0.540139,-0.407829
0.53997,-0.407945
0.539801,-0.40806
0.539632,-0.408175
0.539463,-0.408291
0.539294,-0.408406
0.539125,-0.408521
0.538956,-0.408637
0.538787,-0.408752
0.538618,-0.408867
0.538449,-0.408983
0.53828,-0.409098
0.538111,-0.409213
0.537942,-0.409329
0.537773,-0.409444
0.537604,-0.409559
0.537435,-0.409675
0.537266,-0.40979
0.537097,-0.409905
0.536928,-0.410021
0.536759,-0.410136
0.53659,-0.410251
0.536421,-0.410367
0.536252,-0.410482
0.536083,-0.410597
0.535914,-0.410713
0.535745,-0.410828
0.535576,-0.410943
0.535407,-0.411059
0.535238,-0.411174
0.535069,-0.411289
0.5349,-0.411405
0.534731,-0.41152
0.534562,-0.411635
0.534393,-0.411751
0.534224,-0.411866
0.534055,-0.411981
0.533886,-0.412097
