O
25
1,0,-1,0.78,-0.5,0.75,0.0,0.0,0.0,0.3,0.4,0.02,0,0.8,False
2,0,-1,1.1,-0.5,0.93,0.0,0.0,0.0,0.02,0.4,0.2,0,0.8,False
3,0,-1,0.78,-0.5,1.11,0.0,0.0,0.0,0.3,0.4,0.02,0,0.8,False
4,0,-1,0.8,-0.92,0.93,0.0,0.0,0.0,0.32,0.02,0.2,0,0.8,False
5,0,-1,0.8,-0.08,0.93,0.0,0.0,0.0,0.32,0.02,0.2,0,0.8,False
6,2,0,0.7593426313597835,-0.48693119922238887,0.8450000000000001,0.0,0.0,0.9073864467503776,0.03,0.03,0.15,0.06450979044278848,1.1369763285145955,False
7,2,0,0.6995236422452238,-0.34063030246206183,0.8450000000000001,0.0,0.0,5.565302483714233,0.03,0.03,0.15,0.03777264623393084,1.1596490287280887,False
8,2,0,1.0069820989341731,-0.29642689249446175,0.8450000000000001,0.0,0.0,5.318530353790825,0.03381522146946331,0.03381522146946331,0.15,0.2675338440004153,1.1648945020488644,False
9,2,0,0.5880126377787103,-0.21282049916592827,0.8450000000000001,0.0,0.0,0.5928133347782437,0.0488606536754367,0.0488606536754367,0.15,0.25148722402371143,1.0232664195837793,False
10,0,0,0.8071298460828173,-0.7078969331005576,0.9129369846210014,0.0,0.0,1.1860894737009846,0.06486316541599896,0.04081642008767604,0.1429369846210014,0.03771699220792957,1.1187702516510916,False
11,2,1,0.901879286024669,-0.5365665808654175,0.8450000000000001,0.0,0.0,4.903083672853213,0.03,0.03,0.15,0.24450178332557598,0.9209257749019619,True
12,0,1,0.9721556237105162,-0.6617672923337503,0.86,0.0,0.0,0.536099561502756,0.03,0.0429723036486938,0.09,0.4601220464880582,1.0537350639630683,True
13,2,1,0.5598919324883999,-0.766580667047495,0.8450000000000001,0.0,0.0,1.463467995525488,0.07805263944774539,0.07805263944774539,0.15,0.17432510102075255,1.1206030473932926,True
14,0,1,0.7755274620648325,-0.16719325026066278,0.86,0.0,0.0,5.99999231874736,0.03,0.042845291281138946,0.09,0.21510898147486202,1.0102782447563028,True
15,2,1,0.7389545088694989,-0.845282297861572,0.8450000000000001,0.0,0.0,1.8074365411478217,0.03481717903164435,0.03481717903164435,0.15,0.4431242075504074,1.0514548739639709,True
16,2,1,0.8483981467083501,-0.8353988530896211,0.8450000000000001,0.0,0.0,0.2907115746706341,0.03,0.03,0.15,0.18944410057532612,0.8488097238677621,True
17,2,1,0.8598771849413931,-0.3726087656914453,0.8450000000000001,0.0,0.0,4.677272967905355,0.03,0.03,0.15,0.2582926742415452,0.967320635938147,True
18,0,1,0.56217938467688,-0.45746879711062644,0.8841345932252611,0.0,0.0,0.11941390981462939,0.03,0.03,0.11413459322526105,0.19217895306925226,0.8568077957418745,True
19,0,1,0.5281272217948642,-0.6235457079388618,0.86,0.0,0.0,0.12098397070773495,0.03,0.03,0.09,0.19596152789216914,0.8386812533865236,True
20,2,1,0.8797452374244333,-0.2685970523082464,0.8450000000000001,0.0,0.0,0.40528951709782685,0.03,0.03,0.15,0.04183479259795875,0.9517676828836198,True
21,2,1,1.0209456199135465,-0.1755103692552069,0.8450000000000001,0.0,0.0,0.810578922712427,0.03,0.03,0.15,0.25868053088924997,1.1585655020328964,True
22,0,1,0.626475575022525,-0.5786608908540326,0.86,0.0,0.0,1.8379666946882827,0.03,0.03,0.09,0.016253791789812233,1.060860592602339,True
23,2,1,0.9281460387814968,-0.17823036636818113,0.8450000000000001,0.0,0.0,5.959167891351985,0.03,0.03,0.15,0.19251238938529058,1.0838105304621901,True
24,0,1,1.0131138485154367,-0.8028485978582381,0.86,0.0,0.0,3.9651645509276707,0.03,0.03,0.09,0.05392658040596665,0.8198398810634826,True
25,2,1,0.658738006555396,-0.46265816849851643,0.8450000000000001,0.0,0.0,2.666294179725587,0.03,0.03,0.15,0.16781727715030748,0.8036767852245048,True
R
0.0,0.0,0.0,0.0,0.0,0.0,1.0
S
8
torso_lift_joint,0
r_shoulder_pan_joint,-1.69017
r_shoulder_lift_joint,-0.0788625
r_upper_arm_roll_joint,-1.69017
r_elbow_flex_joint,-1.2717
r_forearm_roll_joint,-0.151824
r_wrist_flex_joint,-1.25254
r_wrist_roll_joint,0.675062
G
0.701646,-0.534849,0.845,0.693075,-0,0
ooi
6
A
599
0.310248,-0.673113
0.311337,-0.672428
0.312427,-0.671743
0.313516,-0.671058
0.314605,-0.670373
0.315694,-0.669688
0.316783,-0.669003
0.317873,-0.668318
0.318962,-0.667634
0.320051,-0.666949
0.32114,-0.666264
0.322229,-0.665579
0.323319,-0.664894
0.324408,-0.664209
0.325497,-0.663524
0.326586,-0.662839
0.327675,-0.662154
0.328765,-0.661469
0.329854,-0.660784
0.330943,-0.660099
0.332032,-0.659414
0.333122,-0.658729
0.334211,-0.658044
0.3353,-0.657359
0.336389,-0.656674
0.337478,-0.65599
0.338568,-0.655305
0.339657,-0.65462
0.340746,-0.653935
0.341835,-0.65325
0.342924,-0.652565
0.344014,-0.65188
0.345103,-0.651195
0.346192,-0.65051
0.347281,-0.649825
0.34837,-0.64914
0.34946,-0.648455
0.350549,-0.64777
0.351638,-0.647085
0.352727,-0.6464
0.353816,-0.645715
0.354906,-0.64503
0.355995,-0.644345
0.357084,-0.643661
0.358173,-0.642976
0.359262,-0.642291
0.360352,-0.641606
0.361441,-0.640921
0.36253,-0.640236
0.363619,-0.639551
0.364708,-0.638866
0.365798,-0.638181
0.366887,-0.637496
0.367976,-0.636811
0.369065,-0.636126
0.370155,-0.635441
0.371244,-0.634756
0.372333,-0.634071
0.373422,-0.633386
0.374511,-0.632701
0.375601,-0.632017
0.37669,-0.631332
0.377779,-0.630647
0.378868,-0.629962
0.379957,-0.629277
0.381047,-0.628592
0.382136,-0.627907
0.383225,-0.627222
0.384314,-0.626537
0.385403,-0.625852
0.386493,-0.625167
0.387582,-0.624482
0.388671,-0.623797
0.38976,-0.623112
0.390849,-0.622427
0.391939,-0.621742
0.393028,-0.621057
0.394117,-0.620372
0.395206,-0.619688
0.396295,-0.619003
0.397385,-0.618318
0.398474,-0.617633
0.399563,-0.616948
0.400652,-0.616263
0.401741,-0.615578
0.402831,-0.614893
0.40392,-0.614208
0.405009,-0.613523
0.406098,-0.612838
0.407188,-0.612153
0.408277,-0.611468
0.409366,-0.610783
0.410455,-0.610098
0.411544,-0.609413
0.412634,-0.608728
0.413723,-0.608044
0.414812,-0.607359
0.415901,-0.606674
0.41699,-0.605989
0.41808,-0.605304
0.419169,-0.604619
0.420258,-0.603934
0.421347,-0.603249
0.422436,-0.602564
0.423526,-0.601879
0.424615,-0.601194
0.425704,-0.600509
0.426793,-0.599824
0.427882,-0.599139
0.428972,-0.598454
0.430061,-0.597769
0.43115,-0.597084
0.432239,-0.596399
0.433328,-0.595715
0.434418,-0.59503
0.435507,-0.594345
0.436596,-0.59366
0.437685,-0.592975
0.438774,-0.59229
0.439864,-0.591605
0.440953,-0.59092
0.442042,-0.590235
0.443131,-0.58955
0.444221,-0.588865
0.44531,-0.58818
0.446399,-0.587495
0.447488,-0.58681
0.448577,-0.586125
0.449667,-0.58544
0.450756,-0.584755
0.451845,-0.584071
0.452934,-0.583386
0.454023,-0.582701
0.455113,-0.582016
0.456202,-0.581331
0.457291,-0.580646
0.45838,-0.579961
0.459469,-0.579276
0.460559,-0.578591
0.461648,-0.577906
0.462737,-0.577221
0.463826,-0.576536
0.464915,-0.575851
0.466005,-0.575166
0.467094,-0.574481
0.468183,-0.573796
0.469272,-0.573111
0.470361,-0.572426
0.471451,-0.571742
0.47254,-0.571057
0.473629,-0.570372
0.473899,-0.571473
0.47417,-0.572574
0.47444,-0.573675
0.474711,-0.574776
0.474981,-0.575877
0.475252,-0.576978
0.475522,-0.578079
0.475792,-0.57918
0.476063,-0.580281
0.476333,-0.581382
0.476604,-0.582483
0.476874,-0.583584
0.477144,-0.584685
0.477415,-0.585786
0.477685,-0.586887
0.477956,-0.587988
0.478226,-0.589089
0.478496,-0.59019
0.478767,-0.591292
0.479037,-0.592393
0.479308,-0.593494
0.479578,-0.594595
0.479848,-0.595696
0.480119,-0.596797
0.480389,-0.597898
0.48066,-0.598999
0.48093,-0.6001
0.4812,-0.601201
0.481471,-0.602302
0.481741,-0.603403
0.482012,-0.604504
0.482282,-0.605605
0.482552,-0.606706
0.482823,-0.607807
0.483093,-0.608908
0.483364,-0.610009
0.483634,-0.61111
0.483904,-0.612211
0.484175,-0.613312
0.484445,-0.614413
0.484716,-0.615515
0.484986,-0.616616
0.485257,-0.617717
0.485527,-0.618818
0.485797,-0.619919
0.486068,-0.62102
0.486338,-0.622121
0.486609,-0.623222
0.486879,-0.624323
0.487149,-0.625424
0.48742,-0.626525
0.48769,-0.627626
0.487961,-0.628727
0.488231,-0.629828
0.488501,-0.630929
0.488772,-0.63203
0.489042,-0.633131
0.489313,-0.634232
0.489583,-0.635333
0.489853,-0.636434
0.490124,-0.637535
0.490394,-0.638636
0.490665,-0.639738
0.490935,-0.640839
0.491205,-0.64194
0.491476,-0.643041
0.491746,-0.644142
0.492017,-0.645243
0.492287,-0.646344
0.492557,-0.647445
0.492828,-0.648546
0.493098,-0.649647
0.493369,-0.650748
0.493639,-0.651849
0.493909,-0.65295
0.49418,-0.654051
0.49445,-0.655152
0.494721,-0.656253
0.494991,-0.657354
0.495262,-0.658455
0.495532,-0.659556
0.495802,-0.660657
0.496073,-0.661758
0.496343,-0.662859
0.496614,-0.663961
0.496884,-0.665062
0.497154,-0.666163
0.497425,-0.667264
0.497695,-0.668365
0.497966,-0.669466
0.498236,-0.670567
0.498506,-0.671668
0.498777,-0.672769
0.499047,-0.67387
0.499318,-0.674971
0.499588,-0.676072
0.499858,-0.677173
0.500129,-0.678274
0.500399,-0.679375
0.50067,-0.680476
0.50094,-0.681577
0.50121,-0.682678
0.501481,-0.683779
0.501751,-0.68488
0.502022,-0.685981
0.502292,-0.687082
0.502562,-0.688184
0.502833,-0.689285
0.503103,-0.690386
0.503374,-0.691487
0.503644,-0.692588
0.503914,-0.693689
0.504185,-0.69479
0.504455,-0.695891
0.504726,-0.696992
0.504996,-0.698093
0.505267,-0.699194
0.505537,-0.700295
0.505807,-0.701396
0.506078,-0.702497
0.506348,-0.703598
0.506619,-0.704699
0.506889,-0.7058
0.507159,-0.706901
0.50743,-0.708002
0.5077,-0.709103
0.507971,-0.710204
0.508241,-0.711306
0.508511,-0.712407
0.508782,-0.713508
0.509052,-0.714609
0.509323,-0.71571
0.509593,-0.716811
0.509863,-0.717912
0.510134,-0.719013
0.510404,-0.720114
0.510675,-0.721215
0.510945,-0.722316
0.511215,-0.723417
0.511486,-0.724518
0.511756,-0.725619
0.512027,-0.72672
0.512297,-0.727821
0.512567,-0.728922
0.512838,-0.730023
0.513108,-0.731124
0.513379,-0.732225
0.513649,-0.733326
0.51392,-0.734427
0.514186,-0.734306
0.514452,-0.734184
0.514718,-0.734063
0.514984,-0.733941
0.51525,-0.733819
0.515516,-0.733698
0.515783,-0.733576
0.516049,-0.733455
0.516315,-0.733333
0.516581,-0.733211
0.516847,-0.73309
0.517113,-0.732968
0.51738,-0.732846
0.517646,-0.732725
0.517912,-0.732603
0.518178,-0.732482
0.518444,-0.73236
0.51871,-0.732238
0.518977,-0.732117
0.519243,-0.731995
0.519509,-0.731873
0.519775,-0.731752
0.520041,-0.73163
0.520307,-0.731509
0.520574,-0.731387
0.52084,-0.731265
0.521106,-0.731144
0.521372,-0.731022
0.521638,-0.730901
0.521904,-0.730779
0.52217,-0.730657
0.522437,-0.730536
0.522703,-0.730414
0.522969,-0.730292
0.523235,-0.730171
0.523501,-0.730049
0.523767,-0.729928
0.524034,-0.729806
0.5243,-0.729684
0.524566,-0.729563
0.524832,-0.729441
0.525098,-0.729319
0.525364,-0.729198
0.525631,-0.729076
0.525897,-0.728955
0.526163,-0.728833
0.526429,-0.728711
0.526695,-0.72859
0.526961,-0.728468
0.527228,-0.728347
0.527494,-0.728225
0.52776,-0.728103
0.528026,-0.727982
0.528292,-0.72786
0.528558,-0.727738
0.528825,-0.727617
0.529091,-0.727495
0.529357,-0.727374
0.529623,-0.727252
0.529889,-0.72713
0.530155,-0.727009
0.530421,-0.726887
0.530688,-0.726765
0.530954,-0.726644
0.53122,-0.726522
0.531486,-0.726401
0.531752,-0.726279
0.532018,-0.726157
0.532285,-0.726036
0.532551,-0.725914
0.532817,-0.725793
0.533083,-0.725671
0.533349,-0.725549
0.533615,-0.725428
0.533882,-0.725306
0.534148,-0.725184
0.534414,-0.725063
0.53468,-0.724941
0.534946,-0.72482
0.535212,-0.724698
0.535479,-0.724576
0.535745,-0.724455
0.536011,-0.724333
0.536277,-0.724212
0.536543,-0.72409
0.536809,-0.723968
0.537076,-0.723847
0.537342,-0.723725
0.537608,-0.723603
0.537874,-0.723482
0.53814,-0.72336
0.538406,-0.723239
0.538672,-0.723117
0.538939,-0.722995
0.539205,-0.722874
0.539471,-0.722752
0.539737,-0.72263
0.540003,-0.722509
0.540269,-0.722387
0.540536,-0.722266
0.540802,-0.722144
0.541068,-0.722022
0.541334,-0.721901
0.5416,-0.721779
0.541866,-0.721658
0.542133,-0.721536
0.542399,-0.721414
0.542665,-0.721293
0.542931,-0.721171
0.543197,-0.721049
0.543463,-0.720928
0.54373,-0.720806
0.543996,-0.720685
0.544262,-0.720563
0.544528,-0.720441
0.544794,-0.72032
0.54506,-0.720198
0.545327,-0.720076
0.545593,-0.719955
0.545859,-0.719833
0.546125,-0.719712
0.546391,-0.71959
0.546657,-0.719468
0.546923,-0.719347
0.54719,-0.719225
0.547456,-0.719104
0.547722,-0.718982
0.547988,-0.71886
0.548254,-0.718739
0.54852,-0.718617
0.548787,-0.718495
0.549053,-0.718374
0.549319,-0.718252
0.549585,-0.718131
0.549851,-0.718009
0.550117,-0.717887
0.550384,-0.717766
0.55065,-0.717644
0.550916,-0.717522
0.551182,-0.717401
0.551448,-0.717279
0.551714,-0.717158
0.551981,-0.717036
0.552247,-0.716914
0.552513,-0.716793
0.552779,-0.716671
0.553045,-0.71655
0.553311,-0.716428
0.553578,-0.716306
0.553844,-0.716185
0.554836,-0.714968
0.555828,-0.713751
0.55682,-0.712534
0.557812,-0.711317
0.558803,-0.7101
0.559795,-0.708883
0.560787,-0.707666
0.561779,-0.706449
0.562771,-0.705232
0.563763,-0.704015
0.564755,-0.702797
0.565747,-0.70158
0.566739,-0.700363
0.567731,-0.699146
0.568723,-0.697929
0.569715,-0.696712
0.570707,-0.695495
0.571699,-0.694278
0.572691,-0.693061
0.573683,-0.691844
0.574675,-0.690627
0.575667,-0.68941
0.576659,-0.688193
0.577651,-0.686976
0.578643,-0.685759
0.579635,-0.684542
0.580627,-0.683325
0.581619,-0.682108
0.582611,-0.680891
0.583603,-0.679674
0.584595,-0.678457
0.585587,-0.67724
0.586578,-0.676023
0.58757,-0.674806
0.588562,-0.673589
0.589554,-0.672372
0.590546,-0.671155
0.591538,-0.669938
0.59253,-0.668721
0.593522,-0.667504
0.594514,-0.666287
0.595506,-0.66507
0.596498,-0.663853
0.59749,-0.662636
0.598482,-0.661419
0.599474,-0.660202
0.600466,-0.658985
0.601458,-0.657768
0.60245,-0.656551
0.603442,-0.655334
0.604434,-0.654117
0.605426,-0.6529
0.606418,-0.651683
0.60741,-0.650466
0.608402,-0.649249
0.609394,-0.648032
0.610386,-0.646815
0.611378,-0.645598
0.61237,-0.644381
0.613361,-0.643164
0.614353,-0.641947
0.615345,-0.64073
0.616337,-0.639513
0.617329,-0.638296
0.618321,-0.637079
0.619313,-0.635862
0.620305,-0.634645
0.621297,-0.633428
0.622289,-0.632211
0.623281,-0.630993
0.624273,-0.629776
0.625265,-0.628559
0.626257,-0.627342
0.627249,-0.626125
0.628241,-0.624908
0.629233,-0.623691
0.630225,-0.622474
0.631217,-0.621257
0.632209,-0.62004
0.633201,-0.618823
0.634193,-0.617606
0.635185,-0.616389
0.636177,-0.615172
0.637169,-0.613955
0.638161,-0.612738
0.639153,-0.611521
0.640145,-0.610304
0.641136,-0.609087
0.642128,-0.60787
0.64312,-0.606653
0.644112,-0.605436
0.645104,-0.604219
0.646096,-0.603002
0.647088,-0.601785
0.64808,-0.600568
0.649072,-0.599351
0.650064,-0.598134
0.651056,-0.596917
0.652048,-0.5957
0.65304,-0.594483
0.654032,-0.593266
0.655024,-0.592049
0.656016,-0.590832
0.657008,-0.589615
0.658,-0.588398
0.658992,-0.587181
0.659984,-0.585964
0.660976,-0.584747
0.661968,-0.58353
0.66296,-0.582313
0.663952,-0.581096
0.664944,-0.579879
0.665936,-0.578662
0.666928,-0.577445
0.66792,-0.576228
0.668911,-0.575011
0.669903,-0.573794
0.670895,-0.572577
0.671887,-0.57136
0.672879,-0.570143
0.673871,-0.568926
0.674863,-0.567709
0.675855,-0.566492
0.676847,-0.565275
0.677839,-0.564058
0.678831,-0.562841
0.679823,-0.561624
0.680815,-0.560407
0.681807,-0.559189
0.682799,-0.557972
0.683791,-0.556755
0.684783,-0.555538
0.685775,-0.554321
0.686767,-0.553104
0.687759,-0.551887
0.688751,-0.55067
0.689743,-0.549453
0.690735,-0.548236
0.691727,-0.547019
0.692719,-0.545802
0.693711,-0.544585
0.694703,-0.543368
0.695694,-0.542151
0.696686,-0.540934
0.697678,-0.539717
0.69867,-0.5385
0.699662,-0.537283
0.700654,-0.536066
0.701646,-0.534849
