O
25
1,0,-1,0.78,-0.5,0.75,0.0,0.0,0.0,0.3,0.4,0.02,0,0.8,False
2,0,-1,1.1,-0.5,0.93,0.0,0.0,0.0,0.02,0.4,0.2,0,0.8,False
3,0,-1,0.78,-0.5,1.11,0.0,0.0,0.0,0.3,0.4,0.02,0,0.8,False
4,0,-1,0.8,-0.92,0.93,0.0,0.0,0.0,0.32,0.02,0.2,0,0.8,False
5,0,-1,0.8,-0.08,0.93,0.0,0.0,0.0,0.32,0.02,0.2,0,0.8,False
6,0,0,0.5494310675687406,-0.23515227837257324,0.86,0.0,0.0,4.642428096854394,0.03,0.05605400064682041,0.09,0.04590078073653142,1.0266008117659084,False
7,2,0,0.5547916917829386,-0.3609121473827992,0.8571358148039095,0.0,0.0,5.92739487744936,0.03587422008404469,0.03587422008404469,0.1742716296078191,0.42169149786384025,0.8467191050714007,False
8,2,0,0.8930023418140465,-0.794753298710213,0.8450000000000001,0.0,0.0,5.802144839416172,0.03,0.03,0.15,0.2661630088725052,1.0716765624572875,False
9,2,0,0.6223456804804085,-0.7819979778365886,0.8450000000000001,0.0,0.0,6.000227027893827,0.03,0.03,0.15,0.20510346173179594,0.9383725858092824,False
10,0,0,0.8008261245624786,-0.6758838342450808,0.8910339966806272,0.0,0.0,0.4608896645543845,0.03,0.03,0.12103399668062718,0.47357193317312,0.8499635408616948,False
11,0,1,0.7903798679565669,-0.41234553199289764,0.8706442618006704,0.0,0.0,4.34354581721866,0.07866868549929215,0.06225925886338999,0.10064426180067038,0.4993296280474364,0.8732722490002054,True
12,2,1,0.9342296497648876,-0.6669056455522301,0.8450000000000001,0.0,0.0,3.2838035440153415,0.03,0.03,0.15,0.36017054695196754,0.8957423836425454,True
13,2,1,0.6907391221367152,-0.19474022245016154,0.8450000000000001,0.0,0.0,6.14250276754271,0.03,0.03,0.15,0.1706124817117433,0.9340450907219829,True
14,2,1,0.5418363570064901,-0.5908406936328723,0.8506361119157622,0.0,0.0,1.8364098302636367,0.04171607646683234,0.04171607646683234,0.1612722238315244,0.31333584030456074,0.924848106831228,True
15,2,1,0.6899037610029152,-0.5733382626216069,0.8450000000000001,0.0,0.0,6.1269928324660965,0.03,0.03,0.15,0.41713368055100175,0.941595732749435,True
16,0,1,0.8718429410824512,-0.22024764836136856,0.86,0.0,0.0,2.369505311226571,0.03,0.03,0.09,0.42501748351028296,0.9633795177649954,True
17,0,1,0.9764090263689255,-0.30716227930343054,0.86,0.0,0.0,2.8797438379596074,0.03,0.03,0.09,0.11402815994680127,1.128833322927146,True
18,0,1,1.0178434910017722,-0.6534288981126343,0.86,0.0,0.0,4.53907819735843,0.03,0.03,0.09,0.10540352992984459,1.039503399371981,True
19,2,1,1.0111720585472515,-0.18441338226227566,0.8450000000000001,0.0,0.0,0.35736178648912215,0.03,0.03,0.15,0.007735742934303458,0.9870618706629692,True
20,0,1,0.9678378332465516,-0.45559959115049414,0.8918687663477795,0.0,0.0,1.245068592151987,0.07097048593288176,0.03,0.12186876634777943,0.14617512355490303,0.8779046813937289,True
21,0,1,1.005581130135013,-0.797662847047726,0.86,0.0,0.0,4.2732909891038995,0.03,0.03,0.09,0.2691883239534784,0.8900434865651845,True
22,0,1,0.7913353607788423,-0.7946861183591654,0.9036092860208933,0.0,0.0,4.482137129426274,0.03,0.037126741872016394,0.13360928602089328,0.16313239807982244,1.126026713379135,True
23,2,1,0.5213940697301183,-0.7477039868815294,0.8450000000000001,0.0,0.0,0.7141101030522999,0.03,0.03,0.15,0.43402960365388515,0.8933505015573064,True
24,0,1,0.849306980859867,-0.5621608638103646,0.8618066039426899,0.0,0.0,2.4109055606337724,0.03,0.03,0.09180660394268997,0.3219510564627362,1.1352171260075414,True
25,0,1,0.7784933915331212,-0.2553066470343631,0.86,0.0,0.0,3.221348400262075,0.03,0.04118545804429965,0.09,0.325041899659737,0.9662525707792716,True
R
0.0,0.0,0.0,0.0,0.0,0.0,1.0
S
8
torso_lift_joint,0
r_shoulder_pan_joint,-1.69017
r_shoulder_lift_joint,-0.0788625
r_upper_arm_roll_joint,-1.69017
r_elbow_flex_joint,-1.2717
r_forearm_roll_joint,-0.151824
r_wrist_flex_joint,-1.25254
r_wrist_roll_joint,0.675062
G
0.492162,-0.41208,0.857136,0.685015,-0,0
ooi
7
A
599
0.310248,-0.673113
0.310755,-0.672637
0.311262,-0.67216
0.311769,-0.671684
0.312276,-0.671207
0.312783,-0.670731
0.31329,-0.670254
0.313797,-0.669778
0.314304,-0.669302
0.314811,-0.668825
0.315318,-0.668349
0.315825,-0.667872
0.316332,-0.667396
0.316839,-0.666919
0.317346,-0.666443
0.317853,-0.665966
0.31836,-0.66549
0.318867,-0.665014
0.319374,-0.664537
0.319881,-0.664061
0.320388,-0.663584
0.320895,-0.663108
0.321402,-0.662631
0.321909,-0.662155
0.322416,-0.661678
0.322923,-0.661202
0.32343,-0.660726
0.323937,-0.660249
0.324444,-0.659773
0.324951,-0.659296
0.325458,-0.65882
0.325965,-0.658343
0.326472,-0.657867
0.326979,-0.65739
0.327486,-0.656914
0.327993,-0.656438
0.3285,-0.655961
0.329007,-0.655485
0.329514,-0.655008
0.330021,-0.654532
0.330528,-0.654055
0.331035,-0.653579
0.331542,-0.653103
0.332049,-0.652626
0.332556,-0.65215
0.333063,-0.651673
0.33357,-0.651197
0.334077,-0.65072
0.334584,-0.650244
0.335091,-0.649767
0.335598,-0.649291
0.336105,-0.648815
0.336612,-0.648338
0.337119,-0.647862
0.337626,-0.647385
0.338133,-0.646909
0.33864,-0.646432
0.339147,-0.645956
0.339654,-0.645479
0.340161,-0.645003
0.340668,-0.644527
0.341175,-0.64405
0.341682,-0.643574
0.342189,-0.643097
0.342696,-0.642621
0.343203,-0.642144
0.34371,-0.641668
0.344217,-0.641191
0.344724,-0.640715
0.345231,-0.640239
0.345738,-0.639762
0.346245,-0.639286
0.346752,-0.638809
0.347259,-0.638333
0.347766,-0.637856
0.348273,-0.63738
0.34878,-0.636903
0.349287,-0.636427
0.349794,-0.635951
0.350301,-0.635474
0.350808,-0.634998
0.351315,-0.634521
0.351822,-0.634045
0.352329,-0.633568
0.352836,-0.633092
0.353343,-0.632616
0.35385,-0.632139
0.354357,-0.631663
0.354864,-0.631186
0.355371,-0.63071
0.355878,-0.630233
0.356385,-0.629757
0.356892,-0.62928
0.357399,-0.628804
0.357906,-0.628328
0.358413,-0.627851
0.35892,-0.627375
0.359427,-0.626898
0.359934,-0.626422
0.360441,-0.625945
0.360948,-0.625469
0.361455,-0.624992
0.361962,-0.624516
0.362469,-0.62404
0.362976,-0.623563
0.363483,-0.623087
0.36399,-0.62261
0.364497,-0.622134
0.365004,-0.621657
0.365511,-0.621181
0.366018,-0.620704
0.366525,-0.620228
0.367032,-0.619752
0.367539,-0.619275
0.368046,-0.618799
0.368553,-0.618322
0.36906,-0.617846
0.369567,-0.617369
0.370074,-0.616893
0.370581,-0.616416
0.371088,-0.61594
0.371595,-0.615464
0.372102,-0.614987
0.372609,-0.614511
0.373116,-0.614034
0.373623,-0.613558
0.37413,-0.613081
0.374637,-0.612605
0.375144,-0.612129
0.375651,-0.611652
0.376158,-0.611176
0.376665,-0.610699
0.377172,-0.610223
0.377679,-0.609746
0.378186,-0.60927
0.378693,-0.608793
0.3792,-0.608317
0.379707,-0.607841
0.380214,-0.607364
0.380721,-0.606888
0.381228,-0.606411
0.381735,-0.605935
0.382242,-0.605458
0.382749,-0.604982
0.383256,-0.604505
0.383763,-0.604029
0.38427,-0.603553
0.384777,-0.603076
0.385284,-0.6026
0.385791,-0.602123
0.386298,-0.601647
0.385712,-0.602144
0.385125,-0.602642
0.384538,-0.603139
0.383952,-0.603637
0.383365,-0.604134
0.382778,-0.604632
0.382192,-0.605129
0.381605,-0.605627
0.381019,-0.606124
0.380432,-0.606622
0.379845,-0.607119
0.379259,-0.607617
0.378672,-0.608114
0.378086,-0.608612
0.377499,-0.609109
0.376912,-0.609607
0.376326,-0.610104
0.375739,-0.610602
0.375153,-0.611099
0.374566,-0.611597
0.373979,-0.612094
0.373393,-0.612592
0.372806,-0.613089
0.37222,-0.613587
0.371633,-0.614084
0.371046,-0.614582
0.37046,-0.615079
0.369873,-0.615577
0.369287,-0.616074
0.3687,-0.616572
0.368113,-0.617069
0.367527,-0.617567
0.36694,-0.618064
0.366353,-0.618562
0.365767,-0.619059
0.36518,-0.619557
0.364594,-0.620054
0.364007,-0.620552
0.36342,-0.621049
0.362834,-0.621547
0.362247,-0.622044
0.361661,-0.622542
0.361074,-0.623039
0.360487,-0.623537
0.359901,-0.624034
0.359314,-0.624532
0.358728,-0.625029
0.358141,-0.625527
0.357554,-0.626024
0.356968,-0.626522
0.356381,-0.627019
0.355795,-0.627517
0.355208,-0.628014
0.354621,-0.628512
0.354035,-0.629009
0.353448,-0.629507
0.352861,-0.630004
0.352275,-0.630502
0.351688,-0.630999
0.351102,-0.631497
0.350515,-0.631994
0.349928,-0.632492
0.349342,-0.632989
0.348755,-0.633487
0.348169,-0.633984
0.347582,-0.634482
0.346995,-0.634979
0.346409,-0.635477
0.345822,-0.635974
0.345236,-0.636472
0.344649,-0.636969
0.344062,-0.637467
0.343476,-0.637964
0.342889,-0.638462
0.342303,-0.638959
0.341716,-0.639457
0.341129,-0.639954
0.340543,-0.640452
0.339956,-0.640949
0.339369,-0.641447
0.338783,-0.641944
0.338196,-0.642442
0.33761,-0.642939
0.337023,-0.643437
0.336436,-0.643934
0.33585,-0.644432
0.335263,-0.644929
0.334677,-0.645427
0.33409,-0.645924
0.333503,-0.646422
0.332917,-0.646919
0.33233,-0.647417
0.331744,-0.647914
0.331157,-0.648412
0.33057,-0.648909
0.329984,-0.649407
0.329397,-0.649904
0.328811,-0.650402
0.328224,-0.650899
0.327637,-0.651397
0.327051,-0.651894
0.326464,-0.652392
0.325878,-0.652889
0.325291,-0.653387
0.324704,-0.653884
0.324118,-0.654382
0.323531,-0.654879
0.322944,-0.655376
0.322358,-0.655874
0.321771,-0.656371
0.321185,-0.656869
0.320598,-0.657366
0.320011,-0.657864
0.319425,-0.658361
0.318838,-0.658859
0.318252,-0.659356
0.317665,-0.659854
0.317078,-0.660351
0.316492,-0.660849
0.315905,-0.661346
0.315319,-0.661844
0.314732,-0.662341
0.314145,-0.662839
0.313559,-0.663336
0.312972,-0.663834
0.312386,-0.664331
0.311799,-0.664829
0.311212,-0.665326
0.310626,-0.665824
0.310039,-0.666321
0.309452,-0.666819
0.308866,-0.667316
0.308279,-0.667814
0.307693,-0.668311
0.307106,-0.668809
0.306519,-0.669306
0.305933,-0.669804
0.305346,-0.670301
0.30476,-0.670799
0.304173,-0.671296
0.303586,-0.671794
0.303,-0.672291
0.302413,-0.672789
0.301827,-0.673286
0.30124,-0.673784
0.300653,-0.674281
0.300067,-0.674779
0.29948,-0.675276
0.298894,-0.675774
0.299388,-0.674153
0.299882,-0.672532
0.300377,-0.670911
0.300871,-0.66929
0.301366,-0.667669
0.30186,-0.666048
0.302355,-0.664427
0.302849,-0.662806
0.303344,-0.661185
0.303838,-0.659564
0.304333,-0.657943
0.304827,-0.656322
0.305321,-0.654701
0.305816,-0.65308
0.30631,-0.651459
0.306805,-0.649838
0.307299,-0.648217
0.307794,-0.646595
0.308288,-0.644974
0.308783,-0.643353
0.309277,-0.641732
0.309772,-0.640111
0.310266,-0.63849
0.310761,-0.636869
0.311255,-0.635248
0.311749,-0.633627
0.312244,-0.632006
0.312738,-0.630385
0.313233,-0.628764
0.313727,-0.627143
0.314222,-0.625522
0.314716,-0.623901
0.315211,-0.62228
0.315705,-0.620659
0.3162,-0.619038
0.316694,-0.617417
0.317189,-0.615796
0.317683,-0.614175
0.318177,-0.612554
0.318672,-0.610933
0.319166,-0.609312
0.319661,-0.607691
0.320155,-0.60607
0.32065,-0.604449
0.321144,-0.602828
0.321639,-0.601207
0.322133,-0.599586
0.322628,-0.597965
0.323122,-0.596344
0.323616,-0.594723
0.324111,-0.593102
0.324605,-0.591481
0.3251,-0.58986
0.325594,-0.588239
0.326089,-0.586618
0.326583,-0.584997
0.327078,-0.583376
0.327572,-0.581755
0.328067,-0.580134
0.328561,-0.578513
0.329056,-0.576892
0.32955,-0.575271
0.330044,-0.573649
0.330539,-0.572028
0.331033,-0.570407
0.331528,-0.568786
0.332022,-0.567165
0.332517,-0.565544
0.333011,-0.563923
0.333506,-0.562302
0.334,-0.560681
0.334495,-0.55906
0.334989,-0.557439
0.335483,-0.555818
0.335978,-0.554197
0.336472,-0.552576
0.336967,-0.550955
0.337461,-0.549334
0.337956,-0.547713
0.33845,-0.546092
0.338945,-0.544471
0.339439,-0.54285
0.339934,-0.541229
0.340428,-0.539608
0.340923,-0.537987
0.341417,-0.536366
0.341911,-0.534745
0.342406,-0.533124
0.3429,-0.531503
0.343395,-0.529882
0.343889,-0.528261
0.344384,-0.52664
0.344878,-0.525019
0.345373,-0.523398
0.345867,-0.521777
0.346362,-0.520156
0.346856,-0.518535
0.347351,-0.516914
0.347845,-0.515293
0.348339,-0.513672
0.348834,-0.512051
0.349328,-0.51043
0.349823,-0.508809
0.350317,-0.507188
0.350812,-0.505567
0.351306,-0.503946
0.351801,-0.502325
0.352295,-0.500703
0.35279,-0.499082
0.353284,-0.497461
0.353778,-0.49584
0.354273,-0.494219
0.354767,-0.492598
0.355262,-0.490977
0.355756,-0.489356
0.356251,-0.487735
0.356745,-0.486114
0.35724,-0.484493
0.357734,-0.482872
0.358229,-0.481251
0.358723,-0.47963
0.359218,-0.478009
0.359712,-0.476388
0.360206,-0.474767
0.360701,-0.473146
0.361195,-0.471525
0.36169,-0.469904
0.362184,-0.468283
0.362679,-0.466662
0.363173,-0.465041
0.363668,-0.46342
0.364162,-0.461799
0.364657,-0.460178
0.365151,-0.458557
0.365645,-0.456936
0.36614,-0.455315
0.366634,-0.453694
0.367129,-0.452073
0.367623,-0.450452
0.368118,-0.448831
0.368612,-0.44721
0.369107,-0.445589
0.369601,-0.443968
0.370096,-0.442347
0.37059,-0.440726
0.371085,-0.439105
0.371579,-0.437484
0.372073,-0.435863
0.372568,-0.434242
0.373062,-0.432621
0.373862,-0.432483
0.374661,-0.432345
0.37546,-0.432207
0.37626,-0.432069
0.377059,-0.431931
0.377858,-0.431793
0.378658,-0.431656
0.379457,-0.431518
0.380256,-0.43138
0.381056,-0.431242
0.381855,-0.431104
0.382654,-0.430966
0.383454,-0.430828
0.384253,-0.430691
0.385052,-0.430553
0.385852,-0.430415
0.386651,-0.430277
0.38745,-0.430139
0.38825,-0.430001
0.389049,-0.429863
0.389848,-0.429726
0.390648,-0.429588
0.391447,-0.42945
0.392246,-0.429312
0.393046,-0.429174
0.393845,-0.429036
0.394644,-0.428898
0.395444,-0.428761
0.396243,-0.428623
0.397042,-0.428485
0.397841,-0.428347
0.398641,-0.428209
0.39944,-0.428071
0.400239,-0.427933
0.401039,-0.427796
0.401838,-0.427658
0.402637,-0.42752
0.403437,-0.427382
0.404236,-0.427244
0.405035,-0.427106
0.405835,-0.426968
0.406634,-0.426831
0.407433,-0.426693
0.408233,-0.426555
0.409032,-0.426417
0.409831,-0.426279
0.410631,-0.426141
0.41143,-0.426003
0.412229,-0.425866
0.413029,-0.425728
0.413828,-0.42559
0.414627,-0.425452
0.415427,-0.425314
0.416226,-0.425176
0.417025,-0.425038
0.417825,-0.424901
0.418624,-0.424763
0.419423,-0.424625
0.420223,-0.424487
0.421022,-0.424349
0.421821,-0.424211
0.422621,-0.424073
0.42342,-0.423936
0.424219,-0.423798
0.425019,-0.42366
0.425818,-0.423522
0.426617,-0.423384
0.427417,-0.423246
0.428216,-0.423108
0.429015,-0.422971
0.429815,-0.422833
0.430614,-0.422695
0.431413,-0.422557
0.432212,-0.422419
0.433012,-0.422281
0.433811,-0.422143
0.43461,-0.422006
0.43541,-0.421868
0.436209,-0.42173
0.437008,-0.421592
0.437808,-0.421454
0.438607,-0.421316
0.439406,-0.421179
0.440206,-0.421041
0.441005,-0.420903
0.441804,-0.420765
0.442604,-0.420627
0.443403,-0.420489
0.444202,-0.420351
0.445002,-0.420214
0.445801,-0.420076
0.4466,-0.419938
0.4474,-0.4198
0.448199,-0.419662
0.448998,-0.419524
0.449798,-0.419386
0.450597,-0.419249
0.451396,-0.419111
0.452196,-0.418973
0.452995,-0.418835
0.453794,-0.418697
0.454594,-0.418559
0.455393,-0.418421
0.456192,-0.418284
0.456992,-0.418146
0.457791,-0.418008
0.45859,-0.41787
0.45939,-0.417732
0.460189,-0.417594
0.460988,-0.417456
0.461788,-0.417319
0.462587,-0.417181
0.463386,-0.417043
0.464186,-0.416905
0.464985,-0.416767
0.465784,-0.416629
0.466583,-0.416491
0.467383,-0.416354
0.468182,-0.416216
0.468981,-0.416078
0.469781,-0.41594
0.47058,-0.415802
0.471379,-0.415664
0.472179,-0.415526
0.472978,-0.415389
0.473777,-0.415251
0.474577,-0.415113
0.475376,-0.414975
0.476175,-0.414837
0.476975,-0.414699
0.477774,-0.414561
0.478573,-0.414424
0.479373,-0.414286
0.480172,-0.414148
0.480971,-0.41401
0.481771,-0.413872
0.48257,-0.413734
0.483369,-0.413596
0.484169,-0.413459
0.484968,-0.413321
0.485767,-0.413183
0.486567,-0.413045
0.487366,-0.412907
0.488165,-0.412769
0.488965,-0.412631
0.489764,-0.412494
0.490563,-0.412356
0.491363,-0.412218
0.492162,-0.41208
