O
25
1,0,-1,0.78,-0.5,0.75,0.0,0.0,0.0,0.3,0.4,0.02,0,0.8,False
2,0,-1,1.1,-0.5,0.93,0.0,0.0,0.0,0.02,0.4,0.2,0,0.8,False
3,0,-1,0.78,-0.5,1.11,0.0,0.0,0.0,0.3,0.4,0.02,0,0.8,False
4,0,-1,0.8,-0.92,0.93,0.0,0.0,0.0,0.32,0.02,0.2,0,0.8,False
5,0,-1,0.8,-0.08,0.93,0.0,0.0,0.0,0.32,0.02,0.2,0,0.8,False
6,2,0,0.5614635944913902,-0.23807023710462738,0.8638911698281535,0.0,0.0,3.5670975978690134,0.03,0.03,0.18778233965630686,0.05371272222159923,0.8813284052091949,False
7,2,0,0.8856415580032201,-0.46333357265725583,0.8503409342972243,0.0,0.0,1.528052788957602,0.03,0.03,0.16068186859444877,0.47797398076610875,0.940021837567074,False
8,0,0,0.5641238162694497,-0.41871173989992283,0.9243128794949232,0.0,0.0,1.103323155619904,0.03,0.037527312290601855,0.1543128794949232,0.03010765541631233,1.0464060400270083,False
9,0,0,0.8242580449549024,-0.30757273221184944,0.86,0.0,0.0,4.271667510711627,0.03,0.074647610138723,0.09,0.1048694612009054,0.9503386949972209,False
10,2,0,0.9469473247899354,-0.7577453364591935,0.8450000000000001,0.0,0.0,4.436351321586655,0.04233244831440177,0.04233244831440177,0.15,0.05275210925087076,0.8405208502170627,False
11,0,1,0.6005986678072122,-0.6590102038078893,0.86,0.0,0.0,5.268888108552333,0.036733485907098094,0.03,0.09,0.02654628811048093,1.1755022374863588,True
12,2,1,0.6295823036838966,-0.8277078973797879,0.8450000000000001,0.0,0.0,4.6069218686599624,0.046597574471046295,0.046597574471046295,0.15,0.06097281435807844,0.9137516986017805,True
13,2,1,0.7268882551129052,-0.46073554385579574,0.8450000000000001,0.0,0.0,2.674009903414978,0.03004405974970198,0.03004405974970198,0.15,0.01075443184659608,1.00501566889287,True
14,2,1,0.8161163788623872,-0.5984142161349696,0.8450000000000001,0.0,0.0,1.4540779042211789,0.047620317921498644,0.047620317921498644,0.15,0.28707174126306617,1.1769817161182072,True
15,0,1,0.9943055937410568,-0.1947902436310447,0.86291851158394,0.0,0.0,4.620792923516456,0.03,0.04626193259306753,0.09291851158393999,0.34012707402114767,1.0117947203746112,True
16,0,1,0.9983813535830438,-0.4089785321656642,0.8999429949486213,0.0,0.0,4.689793878715829,0.048860405074084894,0.03,0.12994299494862124,0.27468447374230653,0.8908872071592427,True
17,0,1,0.5484090729657962,-0.5222125719403765,0.9245025942535731,0.0,0.0,5.611707113072166,0.03,0.03,0.15450259425357307,0.4593239870293537,0.8104064853224697,True
18,2,1,0.79263802325845,-0.7817289616323225,0.8487690258063005,0.0,0.0,4.636356527834223,0.03299936241642803,0.03299936241642803,0.15753805161260118,0.08898479990965535,0.8016262155329472,True
19,2,1,0.6638818869932689,-0.17832360997835528,0.8450000000000001,0.0,0.0,0.2432865580808157,0.03,0.03,0.15,0.01685262013938621,1.0748606079059875,True
20,0,1,0.7646031584682954,-0.1558761031376279,0.8913090326904589,0.0,0.0,6.128973846342014,0.031245938038484855,0.03,0.12130903269045884,0.1875371088027591,0.9075449964068614,True
21,2,1,1.009440035914559,-0.551881383096444,0.8588580317436028,0.0,0.0,6.233978630529784,0.0391170201867948,0.0391170201867948,0.17771606348720534,0.1626815510863044,0.9728643887168515,True
22,2,1,0.6493321175114805,-0.29789466573402756,0.8450000000000001,0.0,0.0,0.2075255928771792,0.03,0.03,0.15,0.14525047207471703,1.0961904129685343,True
23,2,1,0.7785821759100788,-0.7019479932070567,0.8450000000000001,0.0,0.0,4.868275097176378,0.03,0.03,0.15,0.4021140405123757,1.048354858320317,True
24,2,1,0.8680320051204145,-0.14938342348602085,0.8450000000000001,0.0,0.0,0.39489761839455223,0.03,0.03,0.15,0.03880003944387672,1.1935112934847623,True
25,2,1,0.6430489602602539,-0.5473419974332214,0.8450000000000001,0.0,0.0,6.248753497837372,0.03,0.03,0.15,0.06355061329718081,1.0698815609535701,True
R
0.0,0.0,0.0,0.0,0.0,0.0,1.0
S
8
torso_lift_joint,0
r_shoulder_pan_joint,-1.69017
r_shoulder_lift_joint,-0.0788625
r_upper_arm_roll_joint,-1.69017
r_elbow_flex_joint,-1.2717
r_forearm_roll_joint,-0.151824
r_wrist_flex_joint,-1.25254
r_wrist_roll_joint,0.675062
G
0.503887,-0.286132,0.863891,0.695563,-0,0
ooi
6
A
599
0.310248,-0.673113
0.310675,-0.672636
0.311103,-0.672159
0.31153,-0.671681
0.311957,-0.671204
0.312385,-0.670727
0.312812,-0.67025
0.313239,-0.669773
0.313667,-0.669295
0.314094,-0.668818
0.314521,-0.668341
0.314948,-0.667864
0.315376,-0.667386
0.315803,-0.666909
0.31623,-0.666432
0.316658,-0.665955
0.317085,-0.665478
0.317512,-0.665
0.317939,-0.664523
0.318367,-0.664046
0.318794,-0.663569
0.319221,-0.663092
0.319649,-0.662614
0.320076,-0.662137
0.320503,-0.66166
0.320931,-0.661183
0.321358,-0.660705
0.321785,-0.660228
0.322212,-0.659751
0.32264,-0.659274
0.323067,-0.658797
0.323494,-0.658319
0.323922,-0.657842
0.324349,-0.657365
0.324776,-0.656888
0.325204,-0.65641
0.325631,-0.655933
0.326058,-0.655456
0.326485,-0.654979
0.326913,-0.654502
0.32734,-0.654024
0.327767,-0.653547
0.328195,-0.65307
0.328622,-0.652593
0.329049,-0.652116
0.329476,-0.651638
0.329904,-0.651161
0.330331,-0.650684
0.330758,-0.650207
0.331186,-0.649729
0.331613,-0.649252
0.33204,-0.648775
0.332468,-0.648298
0.332895,-0.647821
0.333322,-0.647343
0.333749,-0.646866
0.334177,-0.646389
0.334604,-0.645912
0.335031,-0.645434
0.335459,-0.644957
0.335886,-0.64448
0.336313,-0.644003
0.336741,-0.643526
0.337168,-0.643048
0.337595,-0.642571
0.338022,-0.642094
0.33845,-0.641617
0.338877,-0.64114
0.339304,-0.640662
0.339732,-0.640185
0.340159,-0.639708
0.340586,-0.639231
0.341013,-0.638753
0.341441,-0.638276
0.341868,-0.637799
0.342295,-0.637322
0.342723,-0.636845
0.34315,-0.636367
0.343577,-0.63589
0.344005,-0.635413
0.344432,-0.634936
0.344859,-0.634458
0.345286,-0.633981
0.345714,-0.633504
0.346141,-0.633027
0.346568,-0.63255
0.346996,-0.632072
0.347423,-0.631595
0.34785,-0.631118
0.348277,-0.630641
0.348705,-0.630164
0.349132,-0.629686
0.349559,-0.629209
0.349987,-0.628732
0.350414,-0.628255
0.350841,-0.627777
0.351269,-0.6273
0.351696,-0.626823
0.352123,-0.626346
0.35255,-0.625869
0.352978,-0.625391
0.353405,-0.624914
0.353832,-0.624437
0.35426,-0.62396
0.354687,-0.623482
0.355114,-0.623005
0.355542,-0.622528
0.355969,-0.622051
0.356396,-0.621574
0.356823,-0.621096
0.357251,-0.620619
0.357678,-0.620142
0.358105,-0.619665
0.358533,-0.619188
0.35896,-0.61871
0.359387,-0.618233
0.359814,-0.617756
0.360242,-0.617279
0.360669,-0.616801
0.361096,-0.616324
0.361524,-0.615847
0.361951,-0.61537
0.362378,-0.614893
0.362806,-0.614415
0.363233,-0.613938
0.36366,-0.613461
0.364087,-0.612984
0.364515,-0.612506
0.364942,-0.612029
0.365369,-0.611552
0.365797,-0.611075
0.366224,-0.610598
0.366651,-0.61012
0.367078,-0.609643
0.367506,-0.609166
0.367933,-0.608689
0.36836,-0.608212
0.368788,-0.607734
0.369215,-0.607257
0.369642,-0.60678
0.37007,-0.606303
0.370497,-0.605825
0.370924,-0.605348
0.371351,-0.604871
0.371779,-0.604394
0.372206,-0.603917
0.372633,-0.603439
0.373061,-0.602962
0.373488,-0.602485
0.373915,-0.602008
0.374343,-0.60153
0.375641,-0.602091
0.376939,-0.602652
0.378237,-0.603212
0.379535,-0.603773
0.380834,-0.604333
0.382132,-0.604894
0.38343,-0.605454
0.384728,-0.606015
0.386026,-0.606575
0.387325,-0.607136
0.388623,-0.607696
0.389921,-0.608257
0.391219,-0.608817
0.392517,-0.609378
0.393816,-0.609938
0.395114,-0.610499
0.396412,-0.611059
0.39771,-0.61162
0.399008,-0.61218
0.400306,-0.612741
0.401605,-0.613301
0.402903,-0.613862
0.404201,-0.614422
0.405499,-0.614983
0.406797,-0.615543
0.408096,-0.616104
0.409394,-0.616665
0.410692,-0.617225
0.41199,-0.617786
0.413288,-0.618346
0.414587,-0.618907
0.415885,-0.619467
0.417183,-0.620028
0.418481,-0.620588
0.419779,-0.621149
0.421078,-0.621709
0.422376,-0.62227
0.423674,-0.62283
0.424972,-0.623391
0.42627,-0.623951
0.427569,-0.624512
0.428867,-0.625072
0.430165,-0.625633
0.431463,-0.626193
0.432761,-0.626754
0.43406,-0.627314
0.435358,-0.627875
0.436656,-0.628435
0.437954,-0.628996
0.439252,-0.629557
0.440551,-0.630117
0.441849,-0.630678
0.443147,-0.631238
0.444445,-0.631799
0.445743,-0.632359
0.447042,-0.63292
0.44834,-0.63348
0.449638,-0.634041
0.450936,-0.634601
0.452234,-0.635162
0.453533,-0.635722
0.454831,-0.636283
0.456129,-0.636843
0.457427,-0.637404
0.458725,-0.637964
0.460024,-0.638525
0.461322,-0.639085
0.46262,-0.639646
0.463918,-0.640206
0.465216,-0.640767
0.466515,-0.641327
0.467813,-0.641888
0.469111,-0.642448
0.470409,-0.643009
0.471707,-0.64357
0.473006,-0.64413
0.474304,-0.644691
0.475602,-0.645251
0.4769,-0.645812
0.478198,-0.646372
0.479497,-0.646933
0.480795,-0.647493
0.482093,-0.648054
0.483391,-0.648614
0.484689,-0.649175
0.485988,-0.649735
0.487286,-0.650296
0.488584,-0.650856
0.489882,-0.651417
0.49118,-0.651977
0.492479,-0.652538
0.493777,-0.653098
0.495075,-0.653659
0.496373,-0.654219
0.497671,-0.65478
0.49897,-0.65534
0.500268,-0.655901
0.501566,-0.656461
0.502864,-0.657022
0.504162,-0.657583
0.505461,-0.658143
0.506759,-0.658704
0.508057,-0.659264
0.509355,-0.659825
0.510653,-0.660385
0.511952,-0.660946
0.51325,-0.661506
0.514548,-0.662067
0.515846,-0.662627
0.517144,-0.663188
0.518443,-0.663748
0.519741,-0.664309
0.521039,-0.664869
0.522337,-0.66543
0.523635,-0.66599
0.524934,-0.666551
0.526232,-0.667111
0.52753,-0.667672
0.528828,-0.668232
0.530126,-0.668793
0.531425,-0.669353
0.532723,-0.669914
0.534021,-0.670474
0.535319,-0.671035
0.536617,-0.671596
0.537916,-0.672156
0.539214,-0.672717
0.540512,-0.673277
0.54181,-0.673838
0.543108,-0.674398
0.544407,-0.674959
0.545705,-0.675519
0.547003,-0.67608
0.548301,-0.67664
0.549599,-0.677201
0.550898,-0.677761
0.552196,-0.678322
0.553494,-0.678882
0.554792,-0.679443
0.55609,-0.680003
0.557389,-0.680564
0.558687,-0.681124
0.559985,-0.681685
0.561283,-0.682245
0.562581,-0.682806
0.56388,-0.683366
0.565178,-0.683927
0.566476,-0.684488
0.567774,-0.685048
0.566438,-0.683856
0.565101,-0.682664
0.563765,-0.681473
0.562429,-0.680281
0.561092,-0.679089
0.559756,-0.677897
0.55842,-0.676706
0.557083,-0.675514
0.555747,-0.674322
0.554411,-0.67313
0.553074,-0.671939
0.551738,-0.670747
0.550402,-0.669555
0.549065,-0.668363
0.547729,-0.667171
0.546393,-0.66598
0.545056,-0.664788
0.54372,-0.663596
0.542384,-0.662404
0.541047,-0.661213
0.539711,-0.660021
0.538375,-0.658829
0.537038,-0.657637
0.535702,-0.656446
0.534365,-0.655254
0.533029,-0.654062
0.531693,-0.65287
0.530356,-0.651678
0.52902,-0.650487
0.527684,-0.649295
0.526347,-0.648103
0.525011,-0.646911
0.523675,-0.64572
0.522338,-0.644528
0.521002,-0.643336
0.519666,-0.642144
0.518329,-0.640953
0.516993,-0.639761
0.515657,-0.638569
0.51432,-0.637377
0.512984,-0.636185
0.511648,-0.634994
0.510311,-0.633802
0.508975,-0.63261
0.507639,-0.631418
0.506302,-0.630227
0.504966,-0.629035
0.50363,-0.627843
0.502293,-0.626651
0.500957,-0.62546
0.49962,-0.624268
0.498284,-0.623076
0.496948,-0.621884
0.495611,-0.620692
0.494275,-0.619501
0.492939,-0.618309
0.491602,-0.617117
0.490266,-0.615925
0.48893,-0.614734
0.487593,-0.613542
0.486257,-0.61235
0.484921,-0.611158
0.483584,-0.609967
0.482248,-0.608775
0.480912,-0.607583
0.479575,-0.606391
0.478239,-0.605199
0.476903,-0.604008
0.475566,-0.602816
0.47423,-0.601624
0.472894,-0.600432
0.471557,-0.599241
0.470221,-0.598049
0.468885,-0.596857
0.467548,-0.595665
0.466212,-0.594474
0.464875,-0.593282
0.463539,-0.59209
0.462203,-0.590898
0.460866,-0.589706
0.45953,-0.588515
0.458194,-0.587323
0.456857,-0.586131
0.455521,-0.584939
0.454185,-0.583748
0.452848,-0.582556
0.451512,-0.581364
0.450176,-0.580172
0.448839,-0.578981
0.447503,-0.577789
0.446167,-0.576597
0.44483,-0.575405
0.443494,-0.574213
0.442158,-0.573022
0.440821,-0.57183
0.439485,-0.570638
0.438149,-0.569446
0.436812,-0.568255
0.435476,-0.567063
0.434139,-0.565871
0.432803,-0.564679
0.431467,-0.563488
0.43013,-0.562296
0.428794,-0.561104
0.427458,-0.559912
0.426121,-0.55872
0.424785,-0.557529
0.423449,-0.556337
0.422112,-0.555145
0.420776,-0.553953
0.41944,-0.552762
0.418103,-0.55157
0.416767,-0.550378
0.415431,-0.549186
0.414094,-0.547995
0.412758,-0.546803
0.411422,-0.545611
0.410085,-0.544419
0.408749,-0.543227
0.407413,-0.542036
0.406076,-0.540844
0.40474,-0.539652
0.403404,-0.53846
0.402067,-0.537269
0.400731,-0.536077
0.399394,-0.534885
0.398058,-0.533693
0.396722,-0.532502
0.395385,-0.53131
0.394049,-0.530118
0.392713,-0.528926
0.391376,-0.527734
0.39004,-0.526543
0.388704,-0.525351
0.387367,-0.524159
0.386031,-0.522967
0.384695,-0.521776
0.383358,-0.520584
0.382022,-0.519392
0.380686,-0.5182
0.379349,-0.517009
0.378013,-0.515817
0.376677,-0.514625
0.37534,-0.513433
0.374004,-0.512241
0.372668,-0.51105
0.371331,-0.509858
0.369995,-0.508666
0.368659,-0.507474
0.367322,-0.506283
0.368239,-0.504805
0.369155,-0.503328
0.370072,-0.50185
0.370988,-0.500372
0.371905,-0.498895
0.372821,-0.497417
0.373738,-0.49594
0.374654,-0.494462
0.375571,-0.492985
0.376488,-0.491507
0.377404,-0.49003
0.378321,-0.488552
0.379237,-0.487075
0.380154,-0.485597
0.38107,-0.48412
0.381987,-0.482642
0.382903,-0.481165
0.38382,-0.479687
0.384736,-0.47821
0.385653,-0.476732
0.386569,-0.475255
0.387486,-0.473777
0.388403,-0.4723
0.389319,-0.470822
0.390236,-0.469344
0.391152,-0.467867
0.392069,-0.466389
0.392985,-0.464912
0.393902,-0.463434
0.394818,-0.461957
0.395735,-0.460479
0.396651,-0.459002
0.397568,-0.457524
0.398485,-0.456047
0.399401,-0.454569
0.400318,-0.453092
0.401234,-0.451614
0.402151,-0.450137
0.403067,-0.448659
0.403984,-0.447182
0.4049,-0.445704
0.405817,-0.444227
0.406733,-0.442749
0.40765,-0.441272
0.408566,-0.439794
0.409483,-0.438316
0.4104,-0.436839
0.411316,-0.435361
0.412233,-0.433884
0.413149,-0.432406
0.414066,-0.430929
0.414982,-0.429451
0.415899,-0.427974
0.416815,-0.426496
0.417732,-0.425019
0.418648,-0.423541
0.419565,-0.422064
0.420481,-0.420586
0.421398,-0.419109
0.422315,-0.417631
0.423231,-0.416154
0.424148,-0.414676
0.425064,-0.413199
0.425981,-0.411721
0.426897,-0.410244
0.427814,-0.408766
0.42873,-0.407288
0.429647,-0.405811
0.430563,-0.404333
0.43148,-0.402856
0.432396,-0.401378
0.433313,-0.399901
0.43423,-0.398423
0.435146,-0.396946
0.436063,-0.395468
0.436979,-0.393991
0.437896,-0.392513
0.438812,-0.391036
0.439729,-0.389558
0.440645,-0.388081
0.441562,-0.386603
0.442478,-0.385126
0.443395,-0.383648
0.444312,-0.382171
0.445228,-0.380693
0.446145,-0.379216
0.447061,-0.377738
0.447978,-0.376261
0.448894,-0.374783
0.449811,-0.373305
0.450727,-0.371828
0.451644,-0.37035
0.45256,-0.368873
0.453477,-0.367395
0.454393,-0.365918
0.45531,-0.36444
0.456227,-0.362963
0.457143,-0.361485
0.45806,-0.360008
0.458976,-0.35853
0.459893,-0.357053
0.460809,-0.355575
0.461726,-0.354098
0.462642,-0.35262
0.463559,-0.351143
0.464475,-0.349665
0.465392,-0.348188
0.466308,-0.34671
0.467225,-0.345233
0.468142,-0.343755
0.469058,-0.342277
0.469975,-0.3408
0.470891,-0.339322
0.471808,-0.337845
0.472724,-0.336367
0.473641,-0.33489
0.474557,-0.333412
0.475474,-0.331935
0.47639,-0.330457
0.477307,-0.32898
0.478223,-0.327502
0.47914,-0.326025
0.480057,-0.324547
0.480973,-0.32307
0.48189,-0.321592
0.482806,-0.320115
0.483723,-0.318637
0.484639,-0.31716
0.485556,-0.315682
0.486472,-0.314205
0.487389,-0.312727
0.488305,-0.311249
0.489222,-0.309772
0.490139,-0.308294
0.491055,-0.306817
0.491972,-0.305339
0.492888,-0.303862
0.493805,-0.302384
0.494721,-0.300907
0.495638,-0.299429
0.496554,-0.297952
0.497471,-0.296474
0.498387,-0.294997
0.499304,-0.293519
0.50022,-0.292042
0.501137,-0.290564
0.502054,-0.289087
0.50297,-0.287609
0.503887,-0.286132
