O
25
1,0,-1,0.78,-0.5,0.75,0.0,0.0,0.0,0.3,0.4,0.02,0,0.8,False
2,0,-1,1.1,-0.5,0.93,0.0,0.0,0.0,0.02,0.4,0.2,0,0.8,False
3,0,-1,0.78,-0.5,1.11,0.0,0.0,0.0,0.3,0.4,0.02,0,0.8,False
4,0,-1,0.8,-0.92,0.93,0.0,0.0,0.0,0.32,0.02,0.2,0,0.8,False
5,0,-1,0.8,-0.08,0.93,0.0,0.0,0.0,0.32,0.02,0.2,0,0.8,False
6,0,0,0.8947876759089066,-0.3610134186126871,0.9139525804784129,0.0,0.0,0.5261965357416796,0.03,0.03987033896221664,0.14395258047841283,0.44961965071165,1.0844424790653764,False
7,0,0,0.8987926741063139,-0.7960961336538929,0.86,0.0,0.0,5.133088860099745,0.03,0.03,0.09,0.4340696262806611,0.9347077085435127,False
8,2,0,0.7040113732729065,-0.41440481391974315,0.8450000000000001,0.0,0.0,1.878130256265079,0.049387296417454936,0.049387296417454936,0.15,0.3129788848648728,1.1649450962891357,False
9,2,0,0.5789477025731375,-0.33182476589354915,0.8450000000000001,0.0,0.0,3.872519272107318,0.03,0.03,0.15,0.14477968233747385,1.1687618704279719,False
10,2,0,0.521051479198204,-0.6152612437860528,0.8450000000000001,0.0,0.0,3.9740911853172687,0.03,0.03,0.15,0.4482954790067174,0.8934415828940926,False
11,0,1,0.7923301671791119,-0.17880674952138176,0.86,0.0,0.0,2.374943343254469,0.055657730018649015,0.03,0.09,0.19852408008463562,1.0032798947897068,True
12,2,1,0.9599726524935763,-0.483151291409282,0.8450000000000001,0.0,0.0,3.0229908054563652,0.04248398498181555,0.04248398498181555,0.15,0.2763719746197979,0.9796566770932107,True
13,2,1,0.5795616817625294,-0.21296017981788173,0.8450000000000001,0.0,0.0,3.0877967603060528,0.03,0.03,0.15,0.21979375609891322,0.8948560970153662,True
14,2,1,0.6747900085151016,-0.6209485180055588,0.8450000000000001,0.0,0.0,1.40053338791295,0.03,0.03,0.15,0.32500975715872643,1.1050594450312583,True
15,2,1,0.7374303923146122,-0.7849860087043966,0.8450000000000001,0.0,0.0,0.030046755748318676,0.069656289418156,0.069656289418156,0.15,0.09619067173633322,0.9674118205056479,True
16,0,1,0.8941170744410858,-0.6736492340352346,0.8860578294143271,0.0,0.0,1.482481300853872,0.03593980975782124,0.034331346939573425,0.11605782941432706,0.14941231482559114,0.9222245427234165,True
17,0,1,0.5669962806927702,-0.7294672931031412,0.9115753234810929,0.0,0.0,2.51045427482577,0.03,0.03,0.14157532348109295,0.29594407735207656,0.8289006873513524,True
18,0,1,0.9565190822780776,-0.22160627214122175,0.86,0.0,0.0,4.209061142359818,0.046841744758686174,0.07275099568287154,0.09,0.22119610897067465,1.0666367001663657,True
19,2,1,0.9946967551475924,-0.7770127593868194,0.8450000000000001,0.0,0.0,2.2423855770906207,0.03166102607489271,0.03166102607489271,0.15,0.4214550205332846,0.9574973275667904,True
20,2,1,0.7943673308695146,-0.541373249322569,0.8450000000000001,0.0,0.0,5.040258280782651,0.03,0.03,0.15,0.383472368578305,0.8110172113116102,True
21,2,1,0.6772135750385816,-0.5271081983028487,0.8450000000000001,0.0,0.0,2.70202671347218,0.03,0.03,0.15,0.14534839392832205,0.8852514151881687,True
22,0,1,0.5440329985072964,-0.4903886361778916,0.8990582772799423,0.0,0.0,5.539314129566268,0.04326165539166493,0.03,0.1290582772799422,0.05463231979260297,0.9031814714330638,True
23,2,1,0.7442608386456511,-0.29838678902258575,0.8450000000000001,0.0,0.0,3.6195905833566933,0.03,0.03,0.15,0.23885887944567175,1.044531348433257,True
24,2,1,0.9893614033678446,-0.6483537962081568,0.8562695442973433,0.0,0.0,1.1671640231265248,0.03,0.03,0.17253908859468647,0.2296979221214251,1.0140266012764325,True
25,0,1,1.011608600083027,-0.3716733829502695,0.86,0.0,0.0,5.517755549814448,0.03,0.03,0.09,0.4877760575404869,1.0885737078701956,True
R
0.0,0.0,0.0,0.0,0.0,0.0,1.0
S
8
torso_lift_joint,0
r_shoulder_pan_joint,-1.69017
r_shoulder_lift_joint,-0.0788625
r_upper_arm_roll_joint,-1.69017
r_elbow_flex_joint,-1.2717
r_forearm_roll_joint,-0.151824
r_wrist_flex_joint,-1.25254
r_wrist_roll_joint,0.675062
G
0.514715,-0.370544,0.845,0.542469,-0,0
ooi
9
A
599
0.310248,-0.673113
0.310664,-0.672928
0.311081,-0.672744
0.311497,-0.672559
0.311913,-0.672374
0.31233,-0.672189
0.312746,-0.672004
0.313162,-0.67182
0.313578,-0.671635
0.313995,-0.67145
0.314411,-0.671265
0.314827,-0.67108
0.315244,-0.670896
0.31566,-0.670711
0.316076,-0.670526
0.316492,-0.670341
0.316909,-0.670157
0.317325,-0.669972
0.317741,-0.669787
0.318158,-0.669602
0.318574,-0.669417
0.31899,-0.669233
0.319407,-0.669048
0.319823,-0.668863
0.320239,-0.668678
0.320655,-0.668494
0.321072,-0.668309
0.321488,-0.668124
0.321904,-0.667939
0.322321,-0.667754
0.322737,-0.66757
0.323153,-0.667385
0.323569,-0.6672
0.323986,-0.667015
0.324402,-0.666831
0.324818,-0.666646
0.325235,-0.666461
0.325651,-0.666276
0.326067,-0.666091
0.326483,-0.665907
0.3269,-0.665722
0.327316,-0.665537
0.327732,-0.665352
0.328149,-0.665168
0.328565,-0.664983
0.328981,-0.664798
0.329397,-0.664613
0.329814,-0.664428
0.33023,-0.664244
0.330646,-0.664059
0.331063,-0.663874
0.331479,-0.663689
0.331895,-0.663505
0.332311,-0.66332
0.332728,-0.663135
0.333144,-0.66295
0.33356,-0.662765
0.333977,-0.662581
0.334393,-0.662396
0.334809,-0.662211
0.335225,-0.662026
0.335642,-0.661841
0.336058,-0.661657
0.336474,-0.661472
0.336891,-0.661287
0.337307,-0.661102
0.337723,-0.660918
0.338139,-0.660733
0.338556,-0.660548
0.338972,-0.660363
0.339388,-0.660178
0.339805,-0.659994
0.340221,-0.659809
0.340637,-0.659624
0.341053,-0.659439
0.34147,-0.659255
0.341886,-0.65907
0.342302,-0.658885
0.342719,-0.6587
0.343135,-0.658515
0.343551,-0.658331
0.343967,-0.658146
0.344384,-0.657961
0.3448,-0.657776
0.345216,-0.657592
0.345633,-0.657407
0.346049,-0.657222
0.346465,-0.657037
0.346881,-0.656852
0.347298,-0.656668
0.347714,-0.656483
0.34813,-0.656298
0.348547,-0.656113
0.348963,-0.655929
0.349379,-0.655744
0.349796,-0.655559
0.350212,-0.655374
0.350628,-0.655189
0.351044,-0.655005
0.351461,-0.65482
0.351877,-0.654635
0.352293,-0.65445
0.35271,-0.654265
0.353126,-0.654081
0.353542,-0.653896
0.353958,-0.653711
0.354375,-0.653526
0.354791,-0.653342
0.355207,-0.653157
0.355624,-0.652972
0.35604,-0.652787
0.356456,-0.652602
0.356872,-0.652418
0.357289,-0.652233
0.357705,-0.652048
0.358121,-0.651863
0.358538,-0.651679
0.358954,-0.651494
0.35937,-0.651309
0.359786,-0.651124
0.360203,-0.650939
0.360619,-0.650755
0.361035,-0.65057
0.361452,-0.650385
0.361868,-0.6502
0.362284,-0.650016
0.3627,-0.649831
0.363117,-0.649646
0.363533,-0.649461
0.363949,-0.649276
0.364366,-0.649092
0.364782,-0.648907
0.365198,-0.648722
0.365614,-0.648537
0.366031,-0.648353
0.366447,-0.648168
0.366863,-0.647983
0.36728,-0.647798
0.367696,-0.647613
0.368112,-0.647429
0.368528,-0.647244
0.368945,-0.647059
0.369361,-0.646874
0.369777,-0.64669
0.370194,-0.646505
0.37061,-0.64632
0.371026,-0.646135
0.371442,-0.64595
0.371859,-0.645766
0.372275,-0.645581
0.372691,-0.645396
0.372661,-0.6441
0.37263,-0.642803
0.3726,-0.641507
0.372569,-0.64021
0.372538,-0.638914
0.372508,-0.637617
0.372477,-0.636321
0.372447,-0.635024
0.372416,-0.633728
0.372386,-0.632431
0.372355,-0.631135
0.372324,-0.629838
0.372294,-0.628542
0.372263,-0.627245
0.372233,-0.625949
0.372202,-0.624652
0.372171,-0.623356
0.372141,-0.622059
0.37211,-0.620763
0.37208,-0.619466
0.372049,-0.61817
0.372019,-0.616873
0.371988,-0.615577
0.371957,-0.61428
0.371927,-0.612984
0.371896,-0.611687
0.371866,-0.610391
0.371835,-0.609094
0.371804,-0.607798
0.371774,-0.606501
0.371743,-0.605205
0.371713,-0.603908
0.371682,-0.602612
0.371652,-0.601315
0.371621,-0.600019
0.37159,-0.598722
0.37156,-0.597426
0.371529,-0.59613
0.371499,-0.594833
0.371468,-0.593537
0.371437,-0.59224
0.371407,-0.590944
0.371376,-0.589647
0.371346,-0.588351
0.371315,-0.587054
0.371285,-0.585758
0.371254,-0.584461
0.371223,-0.583165
0.371193,-0.581868
0.371162,-0.580572
0.371132,-0.579275
0.371101,-0.577979
0.371071,-0.576682
0.37104,-0.575386
0.371009,-0.574089
0.370979,-0.572793
0.370948,-0.571496
0.370918,-0.5702
0.370887,-0.568903
0.370856,-0.567607
0.370826,-0.56631
0.370795,-0.565014
0.370765,-0.563717
0.370734,-0.562421
0.370704,-0.561124
0.370673,-0.559828
0.370642,-0.558531
0.370612,-0.557235
0.370581,-0.555938
0.370551,-0.554642
0.37052,-0.553345
0.370489,-0.552049
0.370459,-0.550752
0.370428,-0.549456
0.370398,-0.548159
0.370367,-0.546863
0.370337,-0.545566
0.370306,-0.54427
0.370275,-0.542974
0.370245,-0.541677
0.370214,-0.540381
0.370184,-0.539084
0.370153,-0.537788
0.370123,-0.536491
0.370092,-0.535195
0.370061,-0.533898
0.370031,-0.532602
0.37,-0.531305
0.36997,-0.530009
0.369939,-0.528712
0.369908,-0.527416
0.369878,-0.526119
0.369847,-0.524823
0.369817,-0.523526
0.369786,-0.52223
0.369756,-0.520933
0.369725,-0.519637
0.369694,-0.51834
0.369664,-0.517044
0.369633,-0.515747
0.369603,-0.514451
0.369572,-0.513154
0.369541,-0.511858
0.369511,-0.510561
0.36948,-0.509265
0.36945,-0.507968
0.369419,-0.506672
0.369389,-0.505375
0.369358,-0.504079
0.369327,-0.502782
0.369297,-0.501486
0.369266,-0.500189
0.369236,-0.498893
0.369205,-0.497596
0.369174,-0.4963
0.369144,-0.495003
0.369113,-0.493707
0.369083,-0.49241
0.369052,-0.491114
0.369022,-0.489818
0.368991,-0.488521
0.36896,-0.487225
0.36893,-0.485928
0.368899,-0.484632
0.368869,-0.483335
0.368838,-0.482039
0.368808,-0.480742
0.368777,-0.479446
0.368746,-0.478149
0.368716,-0.476853
0.368685,-0.475556
0.368655,-0.47426
0.368624,-0.472963
0.368593,-0.471667
0.368563,-0.47037
0.368532,-0.469074
0.368502,-0.467777
0.368471,-0.466481
0.368441,-0.465184
0.36841,-0.463888
0.368379,-0.462591
0.368349,-0.461295
0.368318,-0.459998
0.368288,-0.458702
0.368257,-0.457405
0.368226,-0.456109
0.368196,-0.454812
0.368165,-0.453516
0.368135,-0.452219
0.369109,-0.452384
0.370084,-0.452549
0.371058,-0.452714
0.372032,-0.452879
0.373007,-0.453044
0.373981,-0.453209
0.374956,-0.453374
0.37593,-0.453539
0.376904,-0.453704
0.377879,-0.453869
0.378853,-0.454034
0.379828,-0.454199
0.380802,-0.454364
0.381777,-0.454529
0.382751,-0.454694
0.383725,-0.454859
0.3847,-0.455024
0.385674,-0.455189
0.386649,-0.455354
0.387623,-0.455519
0.388598,-0.455684
0.389572,-0.455849
0.390546,-0.456014
0.391521,-0.456179
0.392495,-0.456344
0.39347,-0.456508
0.394444,-0.456673
0.395418,-0.456838
0.396393,-0.457003
0.397367,-0.457168
0.398342,-0.457333
0.399316,-0.457498
0.400291,-0.457663
0.401265,-0.457828
0.402239,-0.457993
0.403214,-0.458158
0.404188,-0.458323
0.405163,-0.458488
0.406137,-0.458653
0.407111,-0.458818
0.408086,-0.458983
0.40906,-0.459148
0.410035,-0.459313
0.411009,-0.459478
0.411984,-0.459643
0.412958,-0.459808
0.413932,-0.459973
0.414907,-0.460138
0.415881,-0.460303
0.416856,-0.460468
0.41783,-0.460633
0.418805,-0.460798
0.419779,-0.460963
0.420753,-0.461128
0.421728,-0.461292
0.422702,-0.461457
0.423677,-0.461622
0.424651,-0.461787
0.425625,-0.461952
0.4266,-0.462117
0.427574,-0.462282
0.428549,-0.462447
0.429523,-0.462612
0.430498,-0.462777
0.431472,-0.462942
0.432446,-0.463107
0.433421,-0.463272
0.434395,-0.463437
0.43537,-0.463602
0.436344,-0.463767
0.437318,-0.463932
0.438293,-0.464097
0.439267,-0.464262
0.440242,-0.464427
0.441216,-0.464592
0.442191,-0.464757
0.443165,-0.464922
0.444139,-0.465087
0.445114,-0.465252
0.446088,-0.465417
0.447063,-0.465582
0.448037,-0.465747
0.449012,-0.465911
0.449986,-0.466076
0.45096,-0.466241
0.451935,-0.466406
0.452909,-0.466571
0.453884,-0.466736
0.454858,-0.466901
0.455832,-0.467066
0.456807,-0.467231
0.457781,-0.467396
0.458756,-0.467561
0.45973,-0.467726
0.460705,-0.467891
0.461679,-0.468056
0.462653,-0.468221
0.463628,-0.468386
0.464602,-0.468551
0.465577,-0.468716
0.466551,-0.468881
0.467525,-0.469046
0.4685,-0.469211
0.469474,-0.469376
0.470449,-0.469541
0.471423,-0.469706
0.472398,-0.469871
0.473372,-0.470036
0.474346,-0.470201
0.475321,-0.470366
0.476295,-0.470531
0.47727,-0.470695
0.478244,-0.47086
0.479219,-0.471025
0.480193,-0.47119
0.481167,-0.471355
0.482142,-0.47152
0.483116,-0.471685
0.484091,-0.47185
0.485065,-0.472015
0.486039,-0.47218
0.487014,-0.472345
0.487988,-0.47251
0.488963,-0.472675
0.489937,-0.47284
0.490912,-0.473005
0.491886,-0.47317
0.49286,-0.473335
0.493835,-0.4735
0.494809,-0.473665
0.495784,-0.47383
0.496758,-0.473995
0.497732,-0.47416
0.498707,-0.474325
0.499681,-0.47449
0.500656,-0.474655
0.50163,-0.47482
0.502605,-0.474985
0.503579,-0.47515
0.504553,-0.475315
0.505528,-0.475479
0.506502,-0.475644
0.507477,-0.475809
0.508451,-0.475974
0.509426,-0.476139
0.5104,-0.476304
0.511374,-0.476469
0.512349,-0.476634
0.513323,-0.476799
0.514298,-0.476964
0.5143,-0.47625
0.514303,-0.475536
0.514306,-0.474821
0.514309,-0.474107
0.514312,-0.473393
0.514314,-0.472679
0.514317,-0.471965
0.51432,-0.47125
0.514323,-0.470536
0.514326,-0.469822
0.514328,-0.469108
0.514331,-0.468393
0.514334,-0.467679
0.514337,-0.466965
0.51434,-0.466251
0.514342,-0.465536
0.514345,-0.464822
0.514348,-0.464108
0.514351,-0.463394
0.514354,-0.46268
0.514356,-0.461965
0.514359,-0.461251
0.514362,-0.460537
0.514365,-0.459823
0.514368,-0.459108
0.51437,-0.458394
0.514373,-0.45768
0.514376,-0.456966
0.514379,-0.456251
0.514382,-0.455537
0.514384,-0.454823
0.514387,-0.454109
0.51439,-0.453395
0.514393,-0.45268
0.514396,-0.451966
0.514398,-0.451252
0.514401,-0.450538
0.514404,-0.449823
0.514407,-0.449109
0.51441,-0.448395
0.514412,-0.447681
0.514415,-0.446966
0.514418,-0.446252
0.514421,-0.445538
0.514424,-0.444824
0.514426,-0.44411
0.514429,-0.443395
0.514432,-0.442681
0.514435,-0.441967
0.514438,-0.441253
0.51444,-0.440538
0.514443,-0.439824
0.514446,-0.43911
0.514449,-0.438396
0.514452,-0.437681
0.514454,-0.436967
0.514457,-0.436253
0.51446,-0.435539
0.514463,-0.434825
0.514466,-0.43411
0.514468,-0.433396
0.514471,-0.432682
0.514474,-0.431968
0.514477,-0.431253
0.51448,-0.430539
0.514482,-0.429825
0.514485,-0.429111
0.514488,-0.428396
0.514491,-0.427682
0.514494,-0.426968
0.514496,-0.426254
0.514499,-0.42554
0.514502,-0.424825
0.514505,-0.424111
0.514508,-0.423397
0.51451,-0.422683
0.514513,-0.421968
0.514516,-0.421254
0.514519,-0.42054
0.514522,-0.419826
0.514524,-0.419111
0.514527,-0.418397
0.51453,-0.417683
0.514533,-0.416969
0.514536,-0.416255
0.514539,-0.41554
0.514541,-0.414826
0.514544,-0.414112
0.514547,-0.413398
0.51455,-0.412683
0.514553,-0.411969
0.514555,-0.411255
0.514558,-0.410541
0.514561,-0.409826
0.514564,-0.409112
0.514567,-0.408398
0.514569,-0.407684
0.514572,-0.406969
0.514575,-0.406255
0.514578,-0.405541
0.514581,-0.404827
0.514583,-0.404113
0.514586,-0.403398
0.514589,-0.402684
0.514592,-0.40197
0.514595,-0.401256
0.514597,-0.400541
0.5146,-0.399827
0.514603,-0.399113
0.514606,-0.398399
0.514609,-0.397684
0.514611,-0.39697
0.514614,-0.396256
0.514617,-0.395542
0.51462,-0.394828
0.514623,-0.394113
0.514625,-0.393399
0.514628,-0.392685
0.514631,-0.391971
0.514634,-0.391256
0.514637,-0.390542
0.514639,-0.389828
0.514642,-0.389114
0.514645,-0.388399
0.514648,-0.387685
0.514651,-0.386971
0.514653,-0.386257
0.514656,-0.385543
0.514659,-0.384828
0.514662,-0.384114
0.514665,-0.3834
0.514667,-0.382686
0.51467,-0.381971
0.514673,-0.381257
0.514676,-0.380543
0.514679,-0.379829
0.514681,-0.379114
0.514684,-0.3784
0.514687,-0.377686
0.51469,-0.376972
0.514693,-0.376258
0.514695,-0.375543
0.514698,-0.374829
0.514701,-0.374115
0.514704,-0.373401
0.514707,-0.372686
0.514709,-0.371972
0.514712,-0.371258
0.514715,-0.370544
