O
25
1,0,-1,0.78,-0.5,0.75,0.0,0.0,0.0,0.3,0.4,0.02,0,0.8,False
2,0,-1,1.1,-0.5,0.93,0.0,0.0,0.0,0.02,0.4,0.2,0,0.8,False
3,0,-1,0.78,-0.5,1.11,0.0,0.0,0.0,0.3,0.4,0.02,0,0.8,False
4,0,-1,0.8,-0.92,0.93,0.0,0.0,0.0,0.32,0.02,0.2,0,0.8,False
5,0,-1,0.8,-0.08,0.93,0.0,0.0,0.0,0.32,0.02,0.2,0,0.8,False
6,0,0,0.6888976854149719,-0.5358668983941652,0.903052627285356,0.0,0.0,5.086878214832835,0.04129075685126159,0.03,0.1330526272853559,0.4505842893187681,1.0527273967999422,False
7,2,0,0.7916485039497756,-0.6692809088210525,0.869998107031018,0.0,0.0,4.066248888649091,0.03,0.03,0.19999621406203597,0.11260482210894868,0.864669298124049,False
8,0,0,0.8585713169348312,-0.7651061552454237,0.8611001417134588,0.0,0.0,3.2196872625188386,0.037648070720640456,0.03267817545757149,0.09110014171345877,0.39703656858290787,0.8152882833300648,False
9,2,0,0.9937118316898219,-0.6683345343498248,0.8559788231748906,0.0,0.0,3.2685981387141387,0.06672414082932507,0.06672414082932507,0.17195764634978106,0.37931770838556644,1.1820898631283963,False
10,2,0,0.9829341566377603,-0.19341887931145085,0.8450000000000001,0.0,0.0,2.2230077390555727,0.0487010294177086,0.0487010294177086,0.15,0.3528770970000314,1.1155548416265146,False
11,0,1,0.7913487591770788,-0.5156740201532743,0.8955389761842086,0.0,0.0,0.3459051295035476,0.03,0.03,0.12553897618420862,0.3544084596266177,0.8488482981571259,True
12,2,1,0.6162251659796235,-0.20188911656352204,0.8450000000000001,0.0,0.0,3.8085417530009393,0.06380055733105654,0.06380055733105654,0.15,0.17343298049567518,0.8137208518069738,True
13,0,1,0.7996955712453724,-0.25007103130159103,0.86,0.0,0.0,5.7922009449160585,0.03,0.048438455397629206,0.09,0.06935262364499462,0.8189085215774147,True
14,0,1,0.5595506928719292,-0.5352963823468028,0.8880694167689345,0.0,0.0,0.5640873202383317,0.06393520994848371,0.03,0.11806941676893448,0.2581671191785866,0.9577287617677753,True
15,0,1,0.9386834187310282,-0.3640994432325706,0.86,0.0,0.0,0.3315193366318183,0.03,0.03,0.09,0.1763881409242583,1.1574802049915005,True
16,0,1,0.5790489309679614,-0.8071812428892975,0.86,0.0,0.0,5.172541248979376,0.04504887997764245,0.04429572436322486,0.09,0.36479915969744026,1.1511728052104333,True
17,0,1,0.6837828712176839,-0.680956955531489,0.9063549099713708,0.0,0.0,2.220101183112825,0.03348459203411023,0.03,0.13635490997137076,0.01573802767776955,0.944686246889255,True
18,2,1,1.0344701864867547,-0.33098535949287444,0.8450000000000001,0.0,0.0,0.05790101111710633,0.030239115789316724,0.030239115789316724,0.15,0.06822670329093189,0.9860746557518211,True
19,2,1,0.6924504025576081,-0.3717238428569849,0.8554502890796044,0.0,0.0,3.7442204041972222,0.03,0.03,0.17090057815920875,0.14656414932898254,1.1615846396281757,True
20,2,1,0.574891184956781,-0.6892666537878334,0.8450000000000001,0.0,0.0,4.457434765842387,0.03168707868554868,0.03168707868554868,0.15,0.22501257125206814,0.8803916377202471,True
21,0,1,0.980005502376017,-0.50915560280891,0.8730087752097737,0.0,0.0,4.494614438065893,0.03,0.03101415521496154,0.10300877520977368,0.49476799935067944,1.0158124918951599,True
22,0,1,0.8841152896254438,-0.513738060899078,0.8764992521869178,0.0,0.0,6.2618287141453965,0.035137992689465936,0.03,0.10649925218691776,0.001293688397612902,1.0149058288800898,True
23,2,1,0.5940199071472053,-0.42521580866671693,0.8450000000000001,0.0,0.0,1.805327261396502,0.03,0.03,0.15,0.12091588250093521,0.9478187719409749,True
24,0,1,0.9977218160229157,-0.8511774226590098,0.86,0.0,0.0,4.368924606579898,0.03,0.03,0.09,0.08036996796386192,1.1250305616469773,True
25,2,1,0.8475559296966961,-0.388325891421136,0.8450000000000001,0.0,0.0,5.554465028768765,0.03,0.03,0.15,0.291434734460016,0.9378396344638413,True
R
0.0,0.0,0.0,0.0,0.0,0.0,1.0
S
8
torso_lift_joint,0
r_shoulder_pan_joint,-1.69017
r_shoulder_lift_joint,-0.0788625
r_upper_arm_roll_joint,-1.69017
r_elbow_flex_joint,-1.2717
r_forearm_roll_joint,-0.151824
r_wrist_flex_joint,-1.25254
r_wrist_roll_joint,0.675062
G
0.657333,-0.455557,0.903053,1.94529,-3.14159,3.14159
ooi
6
A
599
0.310248,-0.673113
0.310603,-0.673731
0.310958,-0.674348
0.311313,-0.674966
0.311668,-0.675583
0.312023,-0.676201
0.312378,-0.676818
0.312733,-0.677436
0.313088,-0.678053
0.313443,-0.678671
0.313798,-0.679288
0.314153,-0.679906
0.314507,-0.680523
0.314862,-0.681141
0.315217,-0.681758
0.315572,-0.682376
0.315927,-0.682993
0.316282,-0.683611
0.316637,-0.684228
0.316992,-0.684846
0.317347,-0.685463
0.317702,-0.686081
0.318057,-0.686698
0.318412,-0.687316
0.318767,-0.687933
0.319122,-0.688551
0.319477,-0.689169
0.319832,-0.689786
0.320187,-0.690404
0.320541,-0.691021
0.320896,-0.691639
0.321251,-0.692256
0.321606,-0.692874
0.321961,-0.693491
0.322316,-0.694109
0.322671,-0.694726
0.323026,-0.695344
0.323381,-0.695961
0.323736,-0.696579
0.324091,-0.697196
0.324446,-0.697814
0.324801,-0.698431
0.325156,-0.699049
0.325511,-0.699666
0.325866,-0.700284
0.326221,-0.700901
0.326576,-0.701519
0.32693,-0.702136
0.327285,-0.702754
0.32764,-0.703371
0.327995,-0.703989
0.32835,-0.704606
0.328705,-0.705224
0.32906,-0.705841
0.329415,-0.706459
0.32977,-0.707076
0.330125,-0.707694
0.33048,-0.708312
0.330835,-0.708929
0.33119,-0.709547
0.331545,-0.710164
0.3319,-0.710782
0.332255,-0.711399
0.33261,-0.712017
0.332964,-0.712634
0.333319,-0.713252
0.333674,-0.713869
0.334029,-0.714487
0.334384,-0.715104
0.334739,-0.715722
0.335094,-0.716339
0.335449,-0.716957
0.335804,-0.717574
0.336159,-0.718192
0.336514,-0.718809
0.336869,-0.719427
0.337224,-0.720044
0.337579,-0.720662
0.337934,-0.721279
0.338289,-0.721897
0.338644,-0.722514
0.338998,-0.723132
0.339353,-0.723749
0.339708,-0.724367
0.340063,-0.724984
0.340418,-0.725602
0.340773,-0.726219
0.341128,-0.726837
0.341483,-0.727455
0.341838,-0.728072
0.342193,-0.72869
0.342548,-0.729307
0.342903,-0.729925
0.343258,-0.730542
0.343613,-0.73116
0.343968,-0.731777
0.344323,-0.732395
0.344678,-0.733012
0.345033,-0.73363
0.345387,-0.734247
0.345742,-0.734865
0.346097,-0.735482
0.346452,-0.7361
0.346807,-0.736717
0.347162,-0.737335
0.347517,-0.737952
0.347872,-0.73857
0.348227,-0.739187
0.348582,-0.739805
0.348937,-0.740422
0.349292,-0.74104
0.349647,-0.741657
0.350002,-0.742275
0.350357,-0.742892
0.350712,-0.74351
0.351067,-0.744127
0.351421,-0.744745
0.351776,-0.745363
0.352131,-0.74598
0.352486,-0.746598
0.352841,-0.747215
0.353196,-0.747833
0.353551,-0.74845
0.353906,-0.749068
0.354261,-0.749685
0.354616,-0.750303
0.354971,-0.75092
0.355326,-0.751538
0.355681,-0.752155
0.356036,-0.752773
0.356391,-0.75339
0.356746,-0.754008
0.357101,-0.754625
0.357455,-0.755243
0.35781,-0.75586
0.358165,-0.756478
0.35852,-0.757095
0.358875,-0.757713
0.35923,-0.75833
0.359585,-0.758948
0.35994,-0.759565
0.360295,-0.760183
0.36065,-0.7608
0.361005,-0.761418
0.36136,-0.762035
0.361715,-0.762653
0.36207,-0.76327
0.362425,-0.763888
0.36278,-0.764506
0.363135,-0.765123
0.363489,-0.765741
0.363084,-0.765472
0.362679,-0.765203
0.362274,-0.764934
0.361869,-0.764665
0.361463,-0.764395
0.361058,-0.764126
0.360653,-0.763857
0.360248,-0.763588
0.359843,-0.763319
0.359437,-0.76305
0.359032,-0.762781
0.358627,-0.762512
0.358222,-0.762243
0.357817,-0.761974
0.357411,-0.761705
0.357006,-0.761436
0.356601,-0.761167
0.356196,-0.760898
0.355791,-0.760629
0.355385,-0.76036
0.35498,-0.760091
0.354575,-0.759822
0.35417,-0.759553
0.353765,-0.759284
0.353359,-0.759015
0.352954,-0.758746
0.352549,-0.758477
0.352144,-0.758208
0.351738,-0.757939
0.351333,-0.75767
0.350928,-0.757401
0.350523,-0.757132
0.350118,-0.756863
0.349712,-0.756594
0.349307,-0.756325
0.348902,-0.756056
0.348497,-0.755787
0.348092,-0.755518
0.347686,-0.755249
0.347281,-0.75498
0.346876,-0.754711
0.346471,-0.754442
0.346066,-0.754173
0.34566,-0.753904
0.345255,-0.753635
0.34485,-0.753366
0.344445,-0.753097
0.34404,-0.752828
0.343634,-0.752559
0.343229,-0.75229
0.342824,-0.752021
0.342419,-0.751752
0.342013,-0.751483
0.341608,-0.751214
0.341203,-0.750945
0.340798,-0.750676
0.340393,-0.750407
0.339987,-0.750138
0.339582,-0.749869
0.339177,-0.7496
0.338772,-0.749331
0.338367,-0.749062
0.337961,-0.748793
0.337556,-0.748524
0.337151,-0.748255
0.336746,-0.747986
0.336341,-0.747717
0.335935,-0.747448
0.33553,-0.747179
0.335125,-0.74691
0.33472,-0.746641
0.334315,-0.746372
0.333909,-0.746103
0.333504,-0.745834
0.333099,-0.745565
0.332694,-0.745296
0.332289,-0.745027
0.331883,-0.744758
0.331478,-0.744489
0.331073,-0.74422
0.330668,-0.743951
0.330262,-0.743682
0.329857,-0.743413
0.329452,-0.743144
0.329047,-0.742875
0.328642,-0.742606
0.328236,-0.742337
0.327831,-0.742068
0.327426,-0.741799
0.327021,-0.74153
0.326616,-0.741261
0.32621,-0.740992
0.325805,-0.740723
0.3254,-0.740454
0.324995,-0.740185
0.32459,-0.739916
0.324184,-0.739647
0.323779,-0.739378
0.323374,-0.739109
0.322969,-0.73884
0.322564,-0.738571
0.322158,-0.738302
0.321753,-0.738033
0.321348,-0.737764
0.320943,-0.737494
0.320537,-0.737225
0.320132,-0.736956
0.319727,-0.736687
0.319322,-0.736418
0.318917,-0.736149
0.318511,-0.73588
0.318106,-0.735611
0.317701,-0.735342
0.317296,-0.735073
0.316891,-0.734804
0.316485,-0.734535
0.31608,-0.734266
0.315675,-0.733997
0.31527,-0.733728
0.314865,-0.733459
0.314459,-0.73319
0.314054,-0.732921
0.313649,-0.732652
0.313244,-0.732383
0.312839,-0.732114
0.312433,-0.731845
0.312028,-0.731576
0.311623,-0.731307
0.311218,-0.731038
0.310812,-0.730769
0.310407,-0.7305
0.310002,-0.730231
0.309597,-0.729962
0.309192,-0.729693
0.308786,-0.729424
0.308381,-0.729155
0.307976,-0.728886
0.307571,-0.728617
0.307166,-0.728348
0.30676,-0.728079
0.306355,-0.72781
0.30595,-0.727541
0.305545,-0.727272
0.30514,-0.727003
0.304734,-0.726734
0.304329,-0.726465
0.303924,-0.726196
0.303519,-0.725927
0.303114,-0.725658
0.304574,-0.725214
0.306034,-0.724769
0.307494,-0.724325
0.308955,-0.72388
0.310415,-0.723436
0.311875,-0.722991
0.313335,-0.722547
0.314796,-0.722102
0.316256,-0.721658
0.317716,-0.721213
0.319177,-0.720769
0.320637,-0.720324
0.322097,-0.71988
0.323557,-0.719435
0.325018,-0.71899
0.326478,-0.718546
0.327938,-0.718101
0.329398,-0.717657
0.330859,-0.717212
0.332319,-0.716768
0.333779,-0.716323
0.33524,-0.715879
0.3367,-0.715434
0.33816,-0.71499
0.33962,-0.714545
0.341081,-0.714101
0.342541,-0.713656
0.344001,-0.713212
0.345461,-0.712767
0.346922,-0.712323
0.348382,-0.711878
0.349842,-0.711434
0.351303,-0.710989
0.352763,-0.710545
0.354223,-0.7101
0.355683,-0.709656
0.357144,-0.709211
0.358604,-0.708767
0.360064,-0.708322
0.361524,-0.707878
0.362985,-0.707433
0.364445,-0.706989
0.365905,-0.706544
0.367366,-0.7061
0.368826,-0.705655
0.370286,-0.705211
0.371746,-0.704766
0.373207,-0.704322
0.374667,-0.703877
0.376127,-0.703433
0.377587,-0.702988
0.379048,-0.702544
0.380508,-0.702099
0.381968,-0.701655
0.383429,-0.70121
0.384889,-0.700766
0.386349,-0.700321
0.387809,-0.699877
0.38927,-0.699432
0.39073,-0.698988
0.39219,-0.698543
0.39365,-0.698099
0.395111,-0.697654
0.396571,-0.69721
0.398031,-0.696765
0.399492,-0.696321
0.400952,-0.695876
0.402412,-0.695432
0.403872,-0.694987
0.405333,-0.694543
0.406793,-0.694098
0.408253,-0.693654
0.409713,-0.693209
0.411174,-0.692765
0.412634,-0.69232
0.414094,-0.691876
0.415555,-0.691431
0.417015,-0.690987
0.418475,-0.690542
0.419935,-0.690098
0.421396,-0.689653
0.422856,-0.689209
0.424316,-0.688764
0.425776,-0.68832
0.427237,-0.687875
0.428697,-0.687431
0.430157,-0.686986
0.431618,-0.686542
0.433078,-0.686097
0.434538,-0.685653
0.435998,-0.685208
0.437459,-0.684764
0.438919,-0.684319
0.440379,-0.683875
0.441839,-0.68343
0.4433,-0.682986
0.44476,-0.682541
0.44622,-0.682097
0.447681,-0.681652
0.449141,-0.681208
0.450601,-0.680763
0.452061,-0.680319
0.453522,-0.679874
0.454982,-0.67943
0.456442,-0.678985
0.457902,-0.678541
0.459363,-0.678096
0.460823,-0.677652
0.462283,-0.677207
0.463744,-0.676763
0.465204,-0.676318
0.466664,-0.675874
0.468124,-0.675429
0.469585,-0.674985
0.471045,-0.67454
0.472505,-0.674096
0.473965,-0.673651
0.475426,-0.673207
0.476886,-0.672762
0.478346,-0.672318
0.479807,-0.671873
0.481267,-0.671429
0.482727,-0.670984
0.484187,-0.67054
0.485648,-0.670095
0.487108,-0.669651
0.488568,-0.669206
0.490028,-0.668762
0.491489,-0.668317
0.492949,-0.667873
0.494409,-0.667428
0.49587,-0.666984
0.49733,-0.666539
0.49879,-0.666095
0.50025,-0.66565
0.501711,-0.665205
0.503171,-0.664761
0.504631,-0.664316
0.506091,-0.663872
0.507552,-0.663427
0.509012,-0.662983
0.510472,-0.662538
0.511933,-0.662094
0.513393,-0.661649
0.514853,-0.661205
0.516313,-0.66076
0.517774,-0.660316
0.519234,-0.659871
0.520694,-0.659427
0.522154,-0.658982
0.523062,-0.657617
0.523969,-0.656252
0.524876,-0.654887
0.525783,-0.653521
0.526691,-0.652156
0.527598,-0.650791
0.528505,-0.649426
0.529412,-0.64806
0.53032,-0.646695
0.531227,-0.64533
0.532134,-0.643964
0.533041,-0.642599
0.533949,-0.641234
0.534856,-0.639869
0.535763,-0.638503
0.53667,-0.637138
0.537578,-0.635773
0.538485,-0.634408
0.539392,-0.633042
0.540299,-0.631677
0.541206,-0.630312
0.542114,-0.628946
0.543021,-0.627581
0.543928,-0.626216
0.544835,-0.624851
0.545743,-0.623485
0.54665,-0.62212
0.547557,-0.620755
0.548464,-0.619389
0.549372,-0.618024
0.550279,-0.616659
0.551186,-0.615294
0.552093,-0.613928
0.553001,-0.612563
0.553908,-0.611198
0.554815,-0.609833
0.555722,-0.608467
0.556629,-0.607102
0.557537,-0.605737
0.558444,-0.604371
0.559351,-0.603006
0.560258,-0.601641
0.561166,-0.600276
0.562073,-0.59891
0.56298,-0.597545
0.563887,-0.59618
0.564795,-0.594815
0.565702,-0.593449
0.566609,-0.592084
0.567516,-0.590719
0.568424,-0.589353
0.569331,-0.587988
0.570238,-0.586623
0.571145,-0.585258
0.572053,-0.583892
0.57296,-0.582527
0.573867,-0.581162
0.574774,-0.579797
0.575681,-0.578431
0.576589,-0.577066
0.577496,-0.575701
0.578403,-0.574335
0.57931,-0.57297
0.580218,-0.571605
0.581125,-0.57024
0.582032,-0.568874
0.582939,-0.567509
0.583847,-0.566144
0.584754,-0.564779
0.585661,-0.563413
0.586568,-0.562048
0.587476,-0.560683
0.588383,-0.559317
0.58929,-0.557952
0.590197,-0.556587
0.591104,-0.555222
0.592012,-0.553856
0.592919,-0.552491
0.593826,-0.551126
0.594733,-0.54976
0.595641,-0.548395
0.596548,-0.54703
0.597455,-0.545665
0.598362,-0.544299
0.59927,-0.542934
0.600177,-0.541569
0.601084,-0.540204
0.601991,-0.538838
0.602899,-0.537473
0.603806,-0.536108
0.604713,-0.534742
0.60562,-0.533377
0.606528,-0.532012
0.607435,-0.530647
0.608342,-0.529281
0.609249,-0.527916
0.610156,-0.526551
0.611064,-0.525186
0.611971,-0.52382
0.612878,-0.522455
0.613785,-0.52109
0.614693,-0.519724
0.6156,-0.518359
0.616507,-0.516994
0.617414,-0.515629
0.618322,-0.514263
0.619229,-0.512898
0.620136,-0.511533
0.621043,-0.510168
0.621951,-0.508802
0.622858,-0.507437
0.623765,-0.506072
0.624672,-0.504706
0.625579,-0.503341
0.626487,-0.501976
0.627394,-0.500611
0.628301,-0.499245
0.629208,-0.49788
0.630116,-0.496515
0.631023,-0.49515
0.63193,-0.493784
0.632837,-0.492419
0.633745,-0.491054
0.634652,-0.489688
0.635559,-0.488323
0.636466,-0.486958
0.637374,-0.485593
0.638281,-0.484227
0.639188,-0.482862
0.640095,-0.481497
0.641003,-0.480131
0.64191,-0.478766
0.642817,-0.477401
0.643724,-0.476036
0.644631,-0.47467
0.645539,-0.473305
0.646446,-0.47194
0.647353,-0.470575
0.64826,-0.469209
0.649168,-0.467844
0.650075,-0.466479
0.650982,-0.465113
0.651889,-0.463748
0.652797,-0.462383
0.653704,-0.461018
0.654611,-0.459652
0.655518,-0.458287
0.656426,-0.456922
0.657333,-0.455557
