O
25
1,0,-1,0.78,-0.5,0.75,0.0,0.0,0.0,0.3,0.4,0.02,0,0.8,False
2,0,-1,1.1,-0.5,0.93,0.0,0.0,0.0,0.02,0.4,0.2,0,0.8,False
3,0,-1,0.78,-0.5,1.11,0.0,0.0,0.0,0.3,0.4,0.02,0,0.8,False
4,0,-1,0.8,-0.92,0.93,0.0,0.0,0.0,0.32,0.02,0.2,0,0.8,False
5,0,-1,0.8,-0.08,0.93,0.0,0.0,0.0,0.32,0.02,0.2,0,0.8,False
6,0,0,0.7220547297036366,-0.23610122320707416,0.86,0.0,0.0,3.002778084832447,0.030391209839886982,0.06975238961506067,0.09,0.009250956245550557,0.8260998241784594,False
7,0,0,0.5683743690407637,-0.31946238793567605,0.9235272602255796,0.0,0.0,0.5413631965826047,0.03938337133953255,0.03,0.15352726022557964,0.13838918530784633,0.9793401890468703,False
8,0,0,0.8613257359844476,-0.7263342326340595,0.8655325722071889,0.0,0.0,2.4256874632833125,0.03,0.03,0.09553257220718897,0.4430210337788594,0.949061539014044,False
9,2,0,0.877148614801811,-0.35319408641994376,0.8492357741062065,0.0,0.0,1.5403540431359084,0.07595443001360866,0.07595443001360866,0.15847154821241305,0.10451899516851004,1.1121428466632226,False
10,2,0,0.6224021929342187,-0.5939517400086487,0.8450000000000001,0.0,0.0,3.7579288625662137,0.03,0.03,0.15,0.2740339001579186,1.0877842851103523,False
11,2,1,0.5626401386058568,-0.8287016815388584,0.8450000000000001,0.0,0.0,5.377371192978554,0.036254178911524444,0.036254178911524444,0.15,0.34865453069614544,0.8775929510525315,True
12,2,1,0.7455267037391409,-0.7794137684687188,0.8450000000000001,0.0,0.0,3.0102145670190947,0.03,0.03,0.15,0.2181682811917337,0.8803095578064362,True
13,2,1,0.9564679224950616,-0.5317607918684579,0.8518171715239176,0.0,0.0,5.947050151502615,0.05862762732557934,0.05862762732557934,0.16363434304783503,0.16671027855713288,0.8174010649597245,True
14,2,1,0.7227780152741188,-0.413196078928942,0.8506201133173199,0.0,0.0,1.192969747071802,0.03,0.03,0.16124022663463972,0.2564343831215178,1.0140860907436653,True
15,2,1,0.9899259377297878,-0.6846280278414801,0.8665092506559954,0.0,0.0,1.9448990426413695,0.040511249575808636,0.040511249575808636,0.19301850131199075,0.13131029924908916,0.827988597452183,True
16,2,1,0.5982673385046076,-0.41714966396434483,0.8588233190096957,0.0,0.0,3.673321364159898,0.03,0.03,0.1776466380193914,0.37985413077682817,1.0835027439100549,True
17,2,1,0.9238304482000153,-0.8523396320276416,0.8450000000000001,0.0,0.0,0.01621836292766699,0.03214206886191642,0.03214206886191642,0.15,0.09659465927227723,1.1233537274070229,True
18,0,1,0.8511038849343897,-0.1756142032987139,0.86,0.0,0.0,4.9555628624291534,0.047611005781521464,0.03654550664481629,0.09,0.41210821095987177,1.0264283626585424,True
19,2,1,0.6296695419200757,-0.18534997023644562,0.8553092587586404,0.0,0.0,3.3950549512051955,0.03,0.03,0.1706185175172808,0.13725957717147463,1.103964123889145,True
20,0,1,0.8026581082575264,-0.5242186143050244,0.8764551951140797,0.0,0.0,0.005291279787861423,0.05128946471439593,0.03,0.10645519511407966,0.3716200816446173,1.0559228695701721,True
21,0,1,0.9876454862245623,-0.2074679072259079,0.86,0.0,0.0,0.20864029582067195,0.03,0.03,0.09,0.26827331071729565,0.9788006017824833,True
22,0,1,0.5392093190778805,-0.6824069034779584,0.86,0.0,0.0,4.751338145890753,0.03,0.05669628960058818,0.09,0.2339820534238063,0.8871472429907314,True
23,2,1,0.7498403270101105,-0.6481009946164967,0.8450000000000001,0.0,0.0,1.665962353066328,0.04380781392329425,0.04380781392329425,0.15,0.10286815370606966,0.8371952359550741,True
24,2,1,0.835950488441592,-0.836868207618366,0.8450000000000001,0.0,0.0,6.082922877391297,0.03325920706739145,0.03325920706739145,0.15,0.014389215948027723,1.1107501524461774,True
25,2,1,1.0124443212185608,-0.8121399239492744,0.8667112993975202,0.0,0.0,1.805687407630513,0.03,0.03,0.1934225987950404,0.13258191856513818,1.1908551990253096,True
R
0.0,0.0,0.0,0.0,0.0,0.0,1.0
S
8
torso_lift_joint,0
r_shoulder_pan_joint,-1.69017
r_shoulder_lift_joint,-0.0788625
r_upper_arm_roll_joint,-1.69017
r_elbow_flex_joint,-1.2717
r_forearm_roll_joint,-0.151824
r_wrist_flex_joint,-1.25254
r_wrist_roll_joint,0.675062
G
0.496057,-0.362946,0.923527,0.541363,-0,0
ooi
7
A
599
0.310248,-0.673113
0.310141,-0.671876
0.310033,-0.670639
0.309925,-0.669402
0.309818,-0.668165
0.30971,-0.666928
0.309603,-0.665691
0.309495,-0.664455
0.309387,-0.663218
0.30928,-0.661981
0.309172,-0.660744
0.309065,-0.659507
0.308957,-0.65827
0.308849,-0.657033
0.308742,-0.655796
0.308634,-0.654559
0.308527,-0.653322
0.308419,-0.652085
0.308311,-0.650848
0.308204,-0.649611
0.308096,-0.648374
0.307989,-0.647137
0.307881,-0.645901
0.307773,-0.644664
0.307666,-0.643427
0.307558,-0.64219
0.307451,-0.640953
0.307343,-0.639716
0.307235,-0.638479
0.307128,-0.637242
0.30702,-0.636005
0.306913,-0.634768
0.306805,-0.633531
0.306697,-0.632294
0.30659,-0.631057
0.306482,-0.62982
0.306374,-0.628583
0.306267,-0.627347
0.306159,-0.62611
0.306052,-0.624873
0.305944,-0.623636
0.305836,-0.622399
0.305729,-0.621162
0.305621,-0.619925
0.305514,-0.618688
0.305406,-0.617451
0.305298,-0.616214
0.305191,-0.614977
0.305083,-0.61374
0.304976,-0.612503
0.304868,-0.611266
0.30476,-0.610029
0.304653,-0.608792
0.304545,-0.607556
0.304438,-0.606319
0.30433,-0.605082
0.304222,-0.603845
0.304115,-0.602608
0.304007,-0.601371
0.3039,-0.600134
0.303792,-0.598897
0.303684,-0.59766
0.303577,-0.596423
0.303469,-0.595186
0.303362,-0.593949
0.303254,-0.592712
0.303146,-0.591475
0.303039,-0.590238
0.302931,-0.589002
0.302824,-0.587765
0.302716,-0.586528
0.302608,-0.585291
0.302501,-0.584054
0.302393,-0.582817
0.302286,-0.58158
0.302178,-0.580343
0.30207,-0.579106
0.301963,-0.577869
0.301855,-0.576632
0.301748,-0.575395
0.30164,-0.574158
0.301532,-0.572921
0.301425,-0.571684
0.301317,-0.570448
0.30121,-0.569211
0.301102,-0.567974
0.300994,-0.566737
0.300887,-0.5655
0.300779,-0.564263
0.300672,-0.563026
0.300564,-0.561789
0.300456,-0.560552
0.300349,-0.559315
0.300241,-0.558078
0.300134,-0.556841
0.300026,-0.555604
0.299918,-0.554367
0.299811,-0.55313
0.299703,-0.551894
0.299596,-0.550657
0.299488,-0.54942
0.29938,-0.548183
0.299273,-0.546946
0.299165,-0.545709
0.299058,-0.544472
0.29895,-0.543235
0.298842,-0.541998
0.298735,-0.540761
0.298627,-0.539524
0.29852,-0.538287
0.298412,-0.53705
0.298304,-0.535813
0.298197,-0.534576
0.298089,-0.533339
0.297982,-0.532103
0.297874,-0.530866
0.297766,-0.529629
0.297659,-0.528392
0.297551,-0.527155
0.297443,-0.525918
0.297336,-0.524681
0.297228,-0.523444
0.297121,-0.522207
0.297013,-0.52097
0.296905,-0.519733
0.296798,-0.518496
0.29669,-0.517259
0.296583,-0.516022
0.296475,-0.514785
0.296367,-0.513549
0.29626,-0.512312
0.296152,-0.511075
0.296045,-0.509838
0.295937,-0.508601
0.295829,-0.507364
0.295722,-0.506127
0.295614,-0.50489
0.295507,-0.503653
0.295399,-0.502416
0.295291,-0.501179
0.295184,-0.499942
0.295076,-0.498705
0.294969,-0.497468
0.294861,-0.496231
0.294753,-0.494995
0.294646,-0.493758
0.294538,-0.492521
0.294431,-0.491284
0.294323,-0.490047
0.294215,-0.48881
0.294108,-0.487573
0.295401,-0.488355
0.296694,-0.489138
0.297987,-0.48992
0.299281,-0.490703
0.300574,-0.491485
0.301867,-0.492268
0.30316,-0.49305
0.304453,-0.493832
0.305747,-0.494615
0.30704,-0.495397
0.308333,-0.49618
0.309626,-0.496962
0.310919,-0.497745
0.312213,-0.498527
0.313506,-0.499309
0.314799,-0.500092
0.316092,-0.500874
0.317385,-0.501657
0.318679,-0.502439
0.319972,-0.503222
0.321265,-0.504004
0.322558,-0.504786
0.323851,-0.505569
0.325145,-0.506351
0.326438,-0.507134
0.327731,-0.507916
0.329024,-0.508699
0.330317,-0.509481
0.331611,-0.510264
0.332904,-0.511046
0.334197,-0.511828
0.33549,-0.512611
0.336783,-0.513393
0.338077,-0.514176
0.33937,-0.514958
0.340663,-0.515741
0.341956,-0.516523
0.343249,-0.517305
0.344543,-0.518088
0.345836,-0.51887
0.347129,-0.519653
0.348422,-0.520435
0.349715,-0.521218
0.351009,-0.522
0.352302,-0.522782
0.353595,-0.523565
0.354888,-0.524347
0.356181,-0.52513
0.357475,-0.525912
0.358768,-0.526695
0.360061,-0.527477
0.361354,-0.52826
0.362647,-0.529042
0.363941,-0.529824
0.365234,-0.530607
0.366527,-0.531389
0.36782,-0.532172
0.369113,-0.532954
0.370407,-0.533737
0.3717,-0.534519
0.372993,-0.535301
0.374286,-0.536084
0.375579,-0.536866
0.376873,-0.537649
0.378166,-0.538431
0.379459,-0.539214
0.380752,-0.539996
0.382045,-0.540778
0.383339,-0.541561
0.384632,-0.542343
0.385925,-0.543126
0.387218,-0.543908
0.388511,-0.544691
0.389804,-0.545473
0.391098,-0.546255
0.392391,-0.547038
0.393684,-0.54782
0.394977,-0.548603
0.39627,-0.549385
0.397564,-0.550168
0.398857,-0.55095
0.40015,-0.551733
0.401443,-0.552515
0.402736,-0.553297
0.40403,-0.55408
0.405323,-0.554862
0.406616,-0.555645
0.407909,-0.556427
0.409202,-0.55721
0.410496,-0.557992
0.411789,-0.558774
0.413082,-0.559557
0.414375,-0.560339
0.415668,-0.561122
0.416962,-0.561904
0.418255,-0.562687
0.419548,-0.563469
0.420841,-0.564251
0.422134,-0.565034
0.423428,-0.565816
0.424721,-0.566599
0.426014,-0.567381
0.427307,-0.568164
0.4286,-0.568946
0.429894,-0.569729
0.431187,-0.570511
0.43248,-0.571293
0.433773,-0.572076
0.435066,-0.572858
0.43636,-0.573641
0.437653,-0.574423
0.438946,-0.575206
0.440239,-0.575988
0.441532,-0.57677
0.442826,-0.577553
0.444119,-0.578335
0.445412,-0.579118
0.446705,-0.5799
0.447998,-0.580683
0.449292,-0.581465
0.450585,-0.582247
0.451878,-0.58303
0.453171,-0.583812
0.454464,-0.584595
0.455758,-0.585377
0.457051,-0.58616
0.458344,-0.586942
0.459637,-0.587725
0.46093,-0.588507
0.462224,-0.589289
0.463517,-0.590072
0.46481,-0.590854
0.466103,-0.591637
0.467396,-0.592419
0.46869,-0.593202
0.469983,-0.593984
0.471276,-0.594766
0.472569,-0.595549
0.473862,-0.596331
0.475156,-0.597114
0.476449,-0.597896
0.477742,-0.598679
0.479035,-0.599461
0.480328,-0.600243
0.481622,-0.601026
0.482915,-0.601808
0.484208,-0.602591
0.485501,-0.603373
0.486794,-0.604156
0.486902,-0.603646
0.487009,-0.603136
0.487116,-0.602626
0.487223,-0.602117
0.487331,-0.601607
0.487438,-0.601097
0.487545,-0.600588
0.487653,-0.600078
0.48776,-0.599568
0.487867,-0.599058
0.487974,-0.598549
0.488082,-0.598039
0.488189,-0.597529
0.488296,-0.59702
0.488404,-0.59651
0.488511,-0.596
0.488618,-0.59549
0.488725,-0.594981
0.488833,-0.594471
0.48894,-0.593961
0.489047,-0.593452
0.489154,-0.592942
0.489262,-0.592432
0.489369,-0.591922
0.489476,-0.591413
0.489584,-0.590903
0.489691,-0.590393
0.489798,-0.589884
0.489905,-0.589374
0.490013,-0.588864
0.49012,-0.588354
0.490227,-0.587845
0.490334,-0.587335
0.490442,-0.586825
0.490549,-0.586316
0.490656,-0.585806
0.490764,-0.585296
0.490871,-0.584786
0.490978,-0.584277
0.491085,-0.583767
0.491193,-0.583257
0.4913,-0.582748
0.491407,-0.582238
0.491515,-0.581728
0.491622,-0.581218
0.491729,-0.580709
0.491836,-0.580199
0.491944,-0.579689
0.492051,-0.57918
0.492158,-0.57867
0.492265,-0.57816
0.492373,-0.57765
0.49248,-0.577141
0.492587,-0.576631
0.492695,-0.576121
0.492802,-0.575612
0.492909,-0.575102
0.493016,-0.574592
0.493124,-0.574082
0.493231,-0.573573
0.493338,-0.573063
0.493445,-0.572553
0.493553,-0.572044
0.49366,-0.571534
0.493767,-0.571024
0.493875,-0.570514
0.493982,-0.570005
0.494089,-0.569495
0.494196,-0.568985
0.494304,-0.568476
0.494411,-0.567966
0.494518,-0.567456
0.494625,-0.566946
0.494733,-0.566437
0.49484,-0.565927
0.494947,-0.565417
0.495055,-0.564908
0.495162,-0.564398
0.495269,-0.563888
0.495376,-0.563378
0.495484,-0.562869
0.495591,-0.562359
0.495698,-0.561849
0.495806,-0.56134
0.495913,-0.56083
0.49602,-0.56032
0.496127,-0.55981
0.496235,-0.559301
0.496342,-0.558791
0.496449,-0.558281
0.496556,-0.557772
0.496664,-0.557262
0.496771,-0.556752
0.496878,-0.556242
0.496986,-0.555733
0.497093,-0.555223
0.4972,-0.554713
0.497307,-0.554204
0.497415,-0.553694
0.497522,-0.553184
0.497629,-0.552674
0.497736,-0.552165
0.497844,-0.551655
0.497951,-0.551145
0.498058,-0.550636
0.498166,-0.550126
0.498273,-0.549616
0.49838,-0.549106
0.498487,-0.548597
0.498595,-0.548087
0.498702,-0.547577
0.498809,-0.547068
0.498917,-0.546558
0.499024,-0.546048
0.499131,-0.545538
0.499238,-0.545029
0.499346,-0.544519
0.499453,-0.544009
0.49956,-0.5435
0.499667,-0.54299
0.499775,-0.54248
0.499882,-0.54197
0.499989,-0.541461
0.500097,-0.540951
0.500204,-0.540441
0.500311,-0.539932
0.500418,-0.539422
0.500526,-0.538912
0.500633,-0.538402
0.50074,-0.537893
0.500847,-0.537383
0.500955,-0.536873
0.501062,-0.536364
0.501169,-0.535854
0.501277,-0.535344
0.501384,-0.534834
0.501491,-0.534325
0.501598,-0.533815
0.501706,-0.533305
0.501813,-0.532796
0.50192,-0.532286
0.502028,-0.531776
0.502135,-0.531266
0.502242,-0.530757
0.502349,-0.530247
0.502457,-0.529737
0.502564,-0.529228
0.502671,-0.528718
0.502778,-0.528208
0.502886,-0.527698
0.50284,-0.526593
0.502794,-0.525487
0.502748,-0.524381
0.502702,-0.523276
0.502657,-0.52217
0.502611,-0.521064
0.502565,-0.519958
0.502519,-0.518853
0.502473,-0.517747
0.502427,-0.516641
0.502382,-0.515535
0.502336,-0.51443
0.50229,-0.513324
0.502244,-0.512218
0.502198,-0.511113
0.502152,-0.510007
0.502107,-0.508901
0.502061,-0.507795
0.502015,-0.50669
0.501969,-0.505584
0.501923,-0.504478
0.501877,-0.503373
0.501832,-0.502267
0.501786,-0.501161
0.50174,-0.500055
0.501694,-0.49895
0.501648,-0.497844
0.501603,-0.496738
0.501557,-0.495632
0.501511,-0.494527
0.501465,-0.493421
0.501419,-0.492315
0.501373,-0.49121
0.501328,-0.490104
0.501282,-0.488998
0.501236,-0.487892
0.50119,-0.486787
0.501144,-0.485681
0.501098,-0.484575
0.501053,-0.483469
0.501007,-0.482364
0.500961,-0.481258
0.500915,-0.480152
0.500869,-0.479047
0.500823,-0.477941
0.500778,-0.476835
0.500732,-0.475729
0.500686,-0.474624
0.50064,-0.473518
0.500594,-0.472412
0.500548,-0.471307
0.500503,-0.470201
0.500457,-0.469095
0.500411,-0.467989
0.500365,-0.466884
0.500319,-0.465778
0.500273,-0.464672
0.500228,-0.463566
0.500182,-0.462461
0.500136,-0.461355
0.50009,-0.460249
0.500044,-0.459144
0.499999,-0.458038
0.499953,-0.456932
0.499907,-0.455826
0.499861,-0.454721
0.499815,-0.453615
0.499769,-0.452509
0.499724,-0.451403
0.499678,-0.450298
0.499632,-0.449192
0.499586,-0.448086
0.49954,-0.446981
0.499494,-0.445875
0.499449,-0.444769
0.499403,-0.443663
0.499357,-0.442558
0.499311,-0.441452
0.499265,-0.440346
0.499219,-0.439241
0.499174,-0.438135
0.499128,-0.437029
0.499082,-0.435923
0.499036,-0.434818
0.49899,-0.433712
0.498944,-0.432606
0.498899,-0.4315
0.498853,-0.430395
0.498807,-0.429289
0.498761,-0.428183
0.498715,-0.427078
0.498669,-0.425972
0.498624,-0.424866
0.498578,-0.42376
0.498532,-0.422655
0.498486,-0.421549
0.49844,-0.420443
0.498394,-0.419337
0.498349,-0.418232
0.498303,-0.417126
0.498257,-0.41602
0.498211,-0.414915
0.498165,-0.413809
0.49812,-0.412703
0.498074,-0.411597
0.498028,-0.410492
0.497982,-0.409386
0.497936,-0.40828
0.49789,-0.407175
0.497845,-0.406069
0.497799,-0.404963
0.497753,-0.403857
0.497707,-0.402752
0.497661,-0.401646
0.497615,-0.40054
0.49757,-0.399434
0.497524,-0.398329
0.497478,-0.397223
0.497432,-0.396117
0.497386,-0.395012
0.49734,-0.393906
0.497295,-0.3928
0.497249,-0.391694
0.497203,-0.390589
0.497157,-0.389483
0.497111,-0.388377
0.497065,-0.387271
0.49702,-0.386166
0.496974,-0.38506
0.496928,-0.383954
0.496882,-0.382849
0.496836,-0.381743
0.49679,-0.380637
0.496745,-0.379531
0.496699,-0.378426
0.496653,-0.37732
0.496607,-0.376214
0.496561,-0.375109
0.496516,-0.374003
0.49647,-0.372897
0.496424,-0.371791
0.496378,-0.370686
0.496332,-0.36958
0.496286,-0.368474
0.496241,-0.367368
0.496195,-0.366263
0.496149,-0.365157
0.496103,-0.364051
0.496057,-0.362946
