O
25
1,0,-1,0.78,-0.5,0.75,0.0,0.0,0.0,0.3,0.4,0.02,0,0.8,False
2,0,-1,1.1,-0.5,0.93,0.0,0.0,0.0,0.02,0.4,0.2,0,0.8,False
3,0,-1,0.78,-0.5,1.11,0.0,0.0,0.0,0.3,0.4,0.02,0,0.8,False
4,0,-1,0.8,-0.92,0.93,0.0,0.0,0.0,0.32,0.02,0.2,0,0.8,False
5,0,-1,0.8,-0.08,0.93,0.0,0.0,0.0,0.32,0.02,0.2,0,0.8,False
6,0,0,0.9133518133997119,-0.560996934527092,0.86,0.0,0.0,4.90843137139204,0.03,0.07233448399914784,0.09,0.35167646983467055,0.863655124987029,False
7,2,0,0.5713406930953836,-0.35963777067980907,0.8450000000000001,0.0,0.0,0.6628210675300347,0.03,0.03,0.15,0.19915042630172486,1.099434857344565,False
8,0,0,0.6194397538515427,-0.7697877379813488,0.86,0.0,0.0,0.6950017883010033,0.03,0.046147830411291925,0.09,0.21415664980531246,0.9547356678150933,False
9,0,0,0.9426426352272577,-0.28129258798179313,0.86,0.0,0.0,4.536865041204937,0.03,0.07625508844597209,0.09,0.4294981214137367,1.0650817024034867,False
10,0,0,0.7451599246731856,-0.8198640847482325,0.865462422565728,0.0,0.0,3.0646350539057394,0.030860562014987814,0.03,0.095462422565728,0.08977340256752553,0.9267174806470876,False
11,0,1,0.7604438405698768,-0.3663043500307782,0.86,0.0,0.0,6.10732953274744,0.03884102436482822,0.03155745144688663,0.09,0.2666955390440239,0.9008887634291673,True
12,0,1,0.742366107841928,-0.5144421378571411,0.86,0.0,0.0,3.998439319135127,0.042918402933890605,0.03,0.09,0.351448142452097,0.944262694994219,True
13,0,1,0.8963664759208692,-0.4299567363928337,0.86,0.0,0.0,2.3612016070552753,0.04185501493631201,0.03,0.09,0.2504550065053233,0.8246372001673102,True
14,2,1,0.9310160449769083,-0.7408052343663362,0.8450000000000001,0.0,0.0,4.697446004191528,0.07739150251058054,0.07739150251058054,0.15,0.3762179120004997,0.9582357916494861,True
15,0,1,0.6013919134972628,-0.199088421301726,0.86,0.0,0.0,3.2861668240781263,0.03024758376854877,0.03,0.09,0.21197333607093594,1.0518331333579947,True
16,2,1,0.5157693309000401,-0.7874743569228663,0.8450000000000001,0.0,0.0,0.24669727664959493,0.03,0.03,0.15,0.29396435390327713,0.9208465555013718,True
17,0,1,0.997331950204281,-0.1688235686933236,0.86,0.0,0.0,4.120292366762264,0.03,0.04457910168173907,0.09,0.10186753040061253,0.8738831705015215,True
18,0,1,0.5352387767453982,-0.6365016037972482,0.86,0.0,0.0,3.119856083332592,0.052509868099891534,0.038151373062627406,0.09,0.17304720055734313,0.9873776142569812,True
19,0,1,0.8662209410709022,-0.1587801349651834,0.86,0.0,0.0,3.0226246338662617,0.03,0.03,0.09,0.14972666039180482,0.8529932530560183,True
20,0,1,0.6171502993251555,-0.4654803325441023,0.86,0.0,0.0,3.1702272120048556,0.0393711216162809,0.03,0.09,0.22354431177295464,1.0723084858887164,True
21,2,1,0.7938958503475942,-0.7044220611965254,0.8589345974998883,0.0,0.0,3.586068583916403,0.03,0.03,0.17786919499977671,0.38055053657352006,1.120369262593218,True
22,0,1,0.7669414761953559,-0.19681360503169754,0.86,0.0,0.0,0.41440927876881534,0.03,0.051993158027819,0.09,0.12355817312742151,1.1359059683512334,True
23,0,1,1.0068693781840892,-0.39855719341410284,0.86,0.0,0.0,2.080941245597323,0.03,0.03,0.09,0.04503409196884567,0.8415805557997897,True
24,0,1,0.6596185802831644,-0.649378439157475,0.86,0.0,0.0,0.8318843660767805,0.03,0.03186361210585879,0.09,0.24125418258923942,1.1200838912451632,True
25,0,1,0.5480905723741655,-0.5493080887930488,0.86,0.0,0.0,1.3755656170694257,0.03,0.042220530698170944,0.09,0.44448085953804295,1.1324892361040224,True
R
0.0,0.0,0.0,0.0,0.0,0.0,1.0
S
8
torso_lift_joint,0
r_shoulder_pan_joint,-1.69017
r_shoulder_lift_joint,-0.0788625
r_upper_arm_roll_joint,-1.69017
r_elbow_flex_joint,-1.2717
r_forearm_roll_joint,-0.151824
r_wrist_flex_joint,-1.25254
r_wrist_roll_joint,0.675062
G
0.505179,-0.394959,0.845,0.490372,-0,0
ooi
7
A
599
0.310248,-0.673113
0.310721,-0.672451
0.311194,-0.671789
0.311666,-0.671128
0.312139,-0.670466
0.312612,-0.669804
0.313084,-0.669142
0.313557,-0.66848
0.31403,-0.667818
0.314503,-0.667156
0.314975,-0.666495
0.315448,-0.665833
0.315921,-0.665171
0.316393,-0.664509
0.316866,-0.663847
0.317339,-0.663185
0.317812,-0.662523
0.318284,-0.661862
0.318757,-0.6612
0.31923,-0.660538
0.319702,-0.659876
0.320175,-0.659214
0.320648,-0.658552
0.321121,-0.657891
0.321593,-0.657229
0.322066,-0.656567
0.322539,-0.655905
0.323012,-0.655243
0.323484,-0.654581
0.323957,-0.653919
0.32443,-0.653258
0.324902,-0.652596
0.325375,-0.651934
0.325848,-0.651272
0.326321,-0.65061
0.326793,-0.649948
0.327266,-0.649286
0.327739,-0.648625
0.328211,-0.647963
0.328684,-0.647301
0.329157,-0.646639
0.32963,-0.645977
0.330102,-0.645315
0.330575,-0.644653
0.331048,-0.643992
0.33152,-0.64333
0.331993,-0.642668
0.332466,-0.642006
0.332939,-0.641344
0.333411,-0.640682
0.333884,-0.640021
0.334357,-0.639359
0.334829,-0.638697
0.335302,-0.638035
0.335775,-0.637373
0.336248,-0.636711
0.33672,-0.636049
0.337193,-0.635388
0.337666,-0.634726
0.338138,-0.634064
0.338611,-0.633402
0.339084,-0.63274
0.339557,-0.632078
0.340029,-0.631416
0.340502,-0.630755
0.340975,-0.630093
0.341447,-0.629431
0.34192,-0.628769
0.342393,-0.628107
0.342866,-0.627445
0.343338,-0.626784
0.343811,-0.626122
0.344284,-0.62546
0.344756,-0.624798
0.345229,-0.624136
0.345702,-0.623474
0.346175,-0.622812
0.346647,-0.622151
0.34712,-0.621489
0.347593,-0.620827
0.348065,-0.620165
0.348538,-0.619503
0.349011,-0.618841
0.349484,-0.618179
0.349956,-0.617518
0.350429,-0.616856
0.350902,-0.616194
0.351374,-0.615532
0.351847,-0.61487
0.35232,-0.614208
0.352793,-0.613546
0.353265,-0.612885
0.353738,-0.612223
0.354211,-0.611561
0.354683,-0.610899
0.355156,-0.610237
0.355629,-0.609575
0.356102,-0.608914
0.356574,-0.608252
0.357047,-0.60759
0.35752,-0.606928
0.357992,-0.606266
0.358465,-0.605604
0.358938,-0.604942
0.359411,-0.604281
0.359883,-0.603619
0.360356,-0.602957
0.360829,-0.602295
0.361301,-0.601633
0.361774,-0.600971
0.362247,-0.600309
0.36272,-0.599648
0.363192,-0.598986
0.363665,-0.598324
0.364138,-0.597662
0.36461,-0.597
0.365083,-0.596338
0.365556,-0.595677
0.366029,-0.595015
0.366501,-0.594353
0.366974,-0.593691
0.367447,-0.593029
0.367919,-0.592367
0.368392,-0.591705
0.368865,-0.591044
0.369338,-0.590382
0.36981,-0.58972
0.370283,-0.589058
0.370756,-0.588396
0.371229,-0.587734
0.371701,-0.587072
0.372174,-0.586411
0.372647,-0.585749
0.373119,-0.585087
0.373592,-0.584425
0.374065,-0.583763
0.374538,-0.583101
0.37501,-0.582439
0.375483,-0.581778
0.375956,-0.581116
0.376428,-0.580454
0.376901,-0.579792
0.377374,-0.57913
0.377847,-0.578468
0.378319,-0.577807
0.378792,-0.577145
0.379265,-0.576483
0.379737,-0.575821
0.38021,-0.575159
0.380683,-0.574497
0.381156,-0.573835
0.381918,-0.573913
0.382681,-0.57399
0.383443,-0.574067
0.384206,-0.574144
0.384969,-0.574222
0.385731,-0.574299
0.386494,-0.574376
0.387256,-0.574453
0.388019,-0.574531
0.388782,-0.574608
0.389544,-0.574685
0.390307,-0.574762
0.391069,-0.57484
0.391832,-0.574917
0.392595,-0.574994
0.393357,-0.575071
0.39412,-0.575149
0.394882,-0.575226
0.395645,-0.575303
0.396408,-0.57538
0.39717,-0.575458
0.397933,-0.575535
0.398695,-0.575612
0.399458,-0.575689
0.400221,-0.575767
0.400983,-0.575844
0.401746,-0.575921
0.402508,-0.575998
0.403271,-0.576076
0.404034,-0.576153
0.404796,-0.57623
0.405559,-0.576307
0.406322,-0.576385
0.407084,-0.576462
0.407847,-0.576539
0.408609,-0.576616
0.409372,-0.576694
0.410135,-0.576771
0.410897,-0.576848
0.41166,-0.576925
0.412422,-0.577003
0.413185,-0.57708
0.413948,-0.577157
0.41471,-0.577234
0.415473,-0.577312
0.416235,-0.577389
0.416998,-0.577466
0.417761,-0.577543
0.418523,-0.577621
0.419286,-0.577698
0.420048,-0.577775
0.420811,-0.577852
0.421574,-0.57793
0.422336,-0.578007
0.423099,-0.578084
0.423861,-0.578161
0.424624,-0.578239
0.425387,-0.578316
0.426149,-0.578393
0.426912,-0.57847
0.427674,-0.578548
0.428437,-0.578625
0.4292,-0.578702
0.429962,-0.578779
0.430725,-0.578857
0.431487,-0.578934
0.43225,-0.579011
0.433013,-0.579088
0.433775,-0.579166
0.434538,-0.579243
0.435301,-0.57932
0.436063,-0.579397
0.436826,-0.579475
0.437588,-0.579552
0.438351,-0.579629
0.439114,-0.579706
0.439876,-0.579784
0.440639,-0.579861
0.441401,-0.579938
0.442164,-0.580015
0.442927,-0.580093
0.443689,-0.58017
0.444452,-0.580247
0.445214,-0.580324
0.445977,-0.580402
0.44674,-0.580479
0.447502,-0.580556
0.448265,-0.580633
0.449027,-0.580711
0.44979,-0.580788
0.450553,-0.580865
0.451315,-0.580942
0.452078,-0.581019
0.45284,-0.581097
0.453603,-0.581174
0.454366,-0.581251
0.455128,-0.581328
0.455891,-0.581406
0.456653,-0.581483
0.457416,-0.58156
0.458179,-0.581637
0.458941,-0.581715
0.459704,-0.581792
0.460466,-0.581869
0.461229,-0.581946
0.461992,-0.582024
0.462754,-0.582101
0.463517,-0.582178
0.46428,-0.582255
0.465042,-0.582333
0.465805,-0.58241
0.466567,-0.582487
0.46733,-0.582564
0.468093,-0.582642
0.468855,-0.582719
0.469618,-0.582796
0.47038,-0.582873
0.471143,-0.582951
0.471906,-0.583028
0.472668,-0.583105
0.473431,-0.583182
0.474193,-0.58326
0.474956,-0.583337
0.475719,-0.583414
0.476481,-0.583491
0.477244,-0.583569
0.478006,-0.583646
0.478769,-0.583723
0.479532,-0.5838
0.480294,-0.583878
0.481057,-0.583955
0.481819,-0.584032
0.482582,-0.584109
0.483345,-0.584187
0.484107,-0.584264
0.48487,-0.584341
0.485632,-0.584418
0.486395,-0.584496
0.487158,-0.584573
0.48792,-0.58465
0.488683,-0.584727
0.489445,-0.584805
0.490208,-0.584882
0.490971,-0.584959
0.491733,-0.585036
0.492496,-0.585114
0.493259,-0.585191
0.494021,-0.585268
0.494784,-0.585345
0.494744,-0.584925
0.494705,-0.584504
0.494665,-0.584084
0.494626,-0.583663
0.494587,-0.583242
0.494547,-0.582822
0.494508,-0.582401
0.494468,-0.581981
0.494429,-0.58156
0.494389,-0.581139
0.49435,-0.580719
0.49431,-0.580298
0.494271,-0.579878
0.494232,-0.579457
0.494192,-0.579036
0.494153,-0.578616
0.494113,-0.578195
0.494074,-0.577775
0.494034,-0.577354
0.493995,-0.576934
0.493956,-0.576513
0.493916,-0.576092
0.493877,-0.575672
0.493837,-0.575251
0.493798,-0.574831
0.493758,-0.57441
0.493719,-0.573989
0.493679,-0.573569
0.49364,-0.573148
0.493601,-0.572728
0.493561,-0.572307
0.493522,-0.571886
0.493482,-0.571466
0.493443,-0.571045
0.493403,-0.570625
0.493364,-0.570204
0.493324,-0.569783
0.493285,-0.569363
0.493246,-0.568942
0.493206,-0.568522
0.493167,-0.568101
0.493127,-0.567681
0.493088,-0.56726
0.493048,-0.566839
0.493009,-0.566419
0.49297,-0.565998
0.49293,-0.565578
0.492891,-0.565157
0.492851,-0.564736
0.492812,-0.564316
0.492772,-0.563895
0.492733,-0.563475
0.492693,-0.563054
0.492654,-0.562633
0.492615,-0.562213
0.492575,-0.561792
0.492536,-0.561372
0.492496,-0.560951
0.492457,-0.56053
0.492417,-0.56011
0.492378,-0.559689
0.492339,-0.559269
0.492299,-0.558848
0.49226,-0.558427
0.49222,-0.558007
0.492181,-0.557586
0.492141,-0.557166
0.492102,-0.556745
0.492062,-0.556325
0.492023,-0.555904
0.491984,-0.555483
0.491944,-0.555063
0.491905,-0.554642
0.491865,-0.554222
0.491826,-0.553801
0.491786,-0.55338
0.491747,-0.55296
0.491708,-0.552539
0.491668,-0.552119
0.491629,-0.551698
0.491589,-0.551277
0.49155,-0.550857
0.49151,-0.550436
0.491471,-0.550016
0.491431,-0.549595
0.491392,-0.549174
0.491353,-0.548754
0.491313,-0.548333
0.491274,-0.547913
0.491234,-0.547492
0.491195,-0.547071
0.491155,-0.546651
0.491116,-0.54623
0.491077,-0.54581
0.491037,-0.545389
0.490998,-0.544969
0.490958,-0.544548
0.490919,-0.544127
0.490879,-0.543707
0.49084,-0.543286
0.4908,-0.542866
0.490761,-0.542445
0.490722,-0.542024
0.490682,-0.541604
0.490643,-0.541183
0.490603,-0.540763
0.490564,-0.540342
0.490524,-0.539921
0.490485,-0.539501
0.490445,-0.53908
0.490406,-0.53866
0.490367,-0.538239
0.490327,-0.537818
0.490288,-0.537398
0.490248,-0.536977
0.490209,-0.536557
0.490169,-0.536136
0.49013,-0.535715
0.490091,-0.535295
0.490051,-0.534874
0.490012,-0.534454
0.489972,-0.534033
0.489933,-0.533613
0.489893,-0.533192
0.489854,-0.532771
0.489814,-0.532351
0.489775,-0.53193
0.489736,-0.53151
0.489696,-0.531089
0.489657,-0.530668
0.489617,-0.530248
0.489578,-0.529827
0.489538,-0.529407
0.489499,-0.528986
0.48946,-0.528565
0.48942,-0.528145
0.489381,-0.527724
0.489341,-0.527304
0.489302,-0.526883
0.489262,-0.526462
0.489223,-0.526042
0.489183,-0.525621
0.489144,-0.525201
0.489105,-0.52478
0.489065,-0.524359
0.489026,-0.523939
0.488986,-0.523518
0.488947,-0.523098
0.488907,-0.522677
0.488868,-0.522257
0.488977,-0.521402
0.489087,-0.520548
0.489196,-0.519693
0.489306,-0.518839
0.489415,-0.517985
0.489525,-0.51713
0.489634,-0.516276
0.489744,-0.515422
0.489853,-0.514567
0.489963,-0.513713
0.490072,-0.512859
0.490182,-0.512004
0.490291,-0.51115
0.490401,-0.510296
0.49051,-0.509441
0.490619,-0.508587
0.490729,-0.507733
0.490838,-0.506878
0.490948,-0.506024
0.491057,-0.50517
0.491167,-0.504315
0.491276,-0.503461
0.491386,-0.502607
0.491495,-0.501752
0.491605,-0.500898
0.491714,-0.500044
0.491824,-0.499189
0.491933,-0.498335
0.492043,-0.497481
0.492152,-0.496626
0.492262,-0.495772
0.492371,-0.494918
0.49248,-0.494063
0.49259,-0.493209
0.492699,-0.492354
0.492809,-0.4915
0.492918,-0.490646
0.493028,-0.489791
0.493137,-0.488937
0.493247,-0.488083
0.493356,-0.487228
0.493466,-0.486374
0.493575,-0.48552
0.493685,-0.484665
0.493794,-0.483811
0.493904,-0.482957
0.494013,-0.482102
0.494122,-0.481248
0.494232,-0.480394
0.494341,-0.479539
0.494451,-0.478685
0.49456,-0.477831
0.49467,-0.476976
0.494779,-0.476122
0.494889,-0.475268
0.494998,-0.474413
0.495108,-0.473559
0.495217,-0.472705
0.495327,-0.47185
0.495436,-0.470996
0.495546,-0.470142
0.495655,-0.469287
0.495765,-0.468433
0.495874,-0.467579
0.495983,-0.466724
0.496093,-0.46587
0.496202,-0.465015
0.496312,-0.464161
0.496421,-0.463307
0.496531,-0.462452
0.49664,-0.461598
0.49675,-0.460744
0.496859,-0.459889
0.496969,-0.459035
0.497078,-0.458181
0.497188,-0.457326
0.497297,-0.456472
0.497407,-0.455618
0.497516,-0.454763
0.497625,-0.453909
0.497735,-0.453055
0.497844,-0.4522
0.497954,-0.451346
0.498063,-0.450492
0.498173,-0.449637
0.498282,-0.448783
0.498392,-0.447929
0.498501,-0.447074
0.498611,-0.44622
0.49872,-0.445366
0.49883,-0.444511
0.498939,-0.443657
0.499049,-0.442803
0.499158,-0.441948
0.499268,-0.441094
0.499377,-0.44024
0.499486,-0.439385
0.499596,-0.438531
0.499705,-0.437677
0.499815,-0.436822
0.499924,-0.435968
0.500034,-0.435113
0.500143,-0.434259
0.500253,-0.433405
0.500362,-0.43255
0.500472,-0.431696
0.500581,-0.430842
0.500691,-0.429987
0.5008,-0.429133
0.50091,-0.428279
0.501019,-0.427424
0.501129,-0.42657
0.501238,-0.425716
0.501347,-0.424861
0.501457,-0.424007
0.501566,-0.423153
0.501676,-0.422298
0.501785,-0.421444
0.501895,-0.42059
0.502004,-0.419735
0.502114,-0.418881
0.502223,-0.418027
0.502333,-0.417172
0.502442,-0.416318
0.502552,-0.415464
0.502661,-0.414609
0.502771,-0.413755
0.50288,-0.412901
0.502989,-0.412046
0.503099,-0.411192
0.503208,-0.410338
0.503318,-0.409483
0.503427,-0.408629
0.503537,-0.407774
0.503646,-0.40692
0.503756,-0.406066
0.503865,-0.405211
0.503975,-0.404357
0.504084,-0.403503
0.504194,-0.402648
0.504303,-0.401794
0.504413,-0.40094
0.504522,-0.400085
0.504632,-0.399231
0.504741,-0.398377
0.50485,-0.397522
0.50496,-0.396668
0.505069,-0.395814
0.505179,-0.394959
