O
25
1,0,-1,0.78,-0.5,0.75,0.0,0.0,0.0,0.3,0.4,0.02,0,0.8,False
2,0,-1,1.1,-0.5,0.93,0.0,0.0,0.0,0.02,0.4,0.2,0,0.8,False
3,0,-1,0.78,-0.5,1.11,0.0,0.0,0.0,0.3,0.4,0.02,0,0.8,False
4,0,-1,0.8,-0.92,0.93,0.0,0.0,0.0,0.32,0.02,0.2,0,0.8,False
5,0,-1,0.8,-0.08,0.93,0.0,0.0,0.0,0.32,0.02,0.2,0,0.8,False
6,2,0,0.982957830925874,-0.45371837264048165,0.8650272500023443,0.0,0.0,4.3388830105912515,0.0384986666259085,0.0384986666259085,0.19005450000468851,0.41720831266552477,0.9597571923748988,False
7,0,0,0.5933779207827075,-0.3497178933698115,0.8837606699307272,0.0,0.0,3.5181454380219828,0.03,0.04962542822949366,0.11376066993072716,0.27053749755047357,0.8455310340408185,False
8,0,0,0.7354475006459633,-0.6166965244521513,0.86,0.0,0.0,3.564179783132307,0.040752671574760806,0.04381394606703279,0.09,0.20166548034186976,1.0141441578040076,False
9,0,0,0.8276190197306059,-0.7920300453982224,0.86,0.0,0.0,3.5887253763234046,0.05915244947710798,0.06606107775453285,0.09,0.12979651168973028,1.0446186048436952,False
10,0,0,0.827101392238125,-0.3436450168589916,0.9063919614606247,0.0,0.0,3.353473158669693,0.07077552320199705,0.05276902965035017,0.1363919614606247,0.3482529071265034,1.0590664713467954,False
11,2,1,0.6497201246262906,-0.19738310299767803,0.8450000000000001,0.0,0.0,5.561585216155738,0.03,0.03,0.15,0.006882333823585385,0.86059584109228,True
12,0,1,1.0219066913339288,-0.5664477764639084,0.9212388978712969,0.0,0.0,4.6159707081539345,0.03355110121598139,0.03,0.1512388978712968,0.23216352270316387,1.1143628347638292,True
13,2,1,0.5218876635510816,-0.5012563250779637,0.8450000000000001,0.0,0.0,3.126698426747971,0.03780335710068486,0.03780335710068486,0.15,0.12664283842437418,0.8293100788530045,True
14,0,1,0.5462436808212291,-0.6186639203730714,0.8943453826597473,0.0,0.0,5.463359483028362,0.03,0.03,0.12434538265974729,0.08461332979958325,1.036299407360564,True
15,2,1,0.9538966519681241,-0.2603052384816461,0.866302737411133,0.0,0.0,0.17207846899098284,0.03,0.03,0.19260547482226575,0.29286549490257363,0.8655711436970805,True
16,0,1,0.6035068296751588,-0.787170212550474,0.8953145617871632,0.0,0.0,0.10212444473278652,0.04999497034142869,0.0788524946926416,0.12531456178716321,0.37514856872845964,0.9688073713845595,True
17,2,1,0.7827399521234178,-0.17677628611655583,0.8450000000000001,0.0,0.0,1.863754161996313,0.03,0.03,0.15,0.17218359297798042,1.0571122382959537,True
18,0,1,0.8870599631426446,-0.6303422003103236,0.86888350186837,0.0,0.0,0.2709550646930203,0.04771121905787032,0.03,0.09888350186837004,0.2946823859189244,1.0035575539673405,True
19,2,1,1.014479263871444,-0.823935107031858,0.8450000000000001,0.0,0.0,2.1768202912066554,0.03,0.03,0.15,0.460881847382488,0.847923038630849,True
20,2,1,0.69970960906965,-0.39737379112942395,0.8608318360791495,0.0,0.0,3.403943506352144,0.03,0.03,0.1816636721582988,0.10107335567464554,1.052463484765682,True
21,2,1,1.015078959390589,-0.16443318518705186,0.8450000000000001,0.0,0.0,3.9610233265214165,0.03,0.03,0.15,0.3204548414284611,0.906074143402034,True
22,2,1,0.7171632128262846,-0.47978278146758213,0.8633640562138802,0.0,0.0,0.17579317594865695,0.03,0.03,0.1867281124277603,0.29267951484371946,1.0034044728143046,True
23,0,1,0.8412788551249935,-0.4660625096911411,0.86,0.0,0.0,2.5655159379087245,0.03,0.03,0.09,0.25212276540577355,1.1876320731357217,True
24,2,1,1.0096508378557845,-0.6923635811901595,0.8450000000000001,0.0,0.0,2.216150166352712,0.03,0.03,0.15,0.1370411396385574,0.9593769332681896,True
25,0,1,0.9209142936579066,-0.16409883612379828,0.86,0.0,0.0,6.059493723596254,0.03,0.035821521322488926,0.09,0.36444749625350087,1.046988309119529,True
R
0.0,0.0,0.0,0.0,0.0,0.0,1.0
S
8
torso_lift_joint,0
r_shoulder_pan_joint,-1.69017
r_shoulder_lift_joint,-0.0788625
r_upper_arm_roll_joint,-1.69017
r_elbow_flex_joint,-1.2717
r_forearm_roll_joint,-0.151824
r_wrist_flex_joint,-1.25254
r_wrist_roll_joint,0.675062
G
0.654446,-0.653121,0.86,0.422587,-0,0
ooi
8
A
599
0.310248,-0.673113
0.310875,-0.673922
0.311502,-0.674731
0.312128,-0.67554
0.312755,-0.676349
0.313382,-0.677158
0.314008,-0.677967
0.314635,-0.678776
0.315262,-0.679585
0.315888,-0.680393
0.316515,-0.681202
0.317142,-0.682011
0.317768,-0.68282
0.318395,-0.683629
0.319022,-0.684438
0.319648,-0.685247
0.320275,-0.686056
0.320902,-0.686865
0.321528,-0.687674
0.322155,-0.688483
0.322782,-0.689292
0.323408,-0.690101
0.324035,-0.69091
0.324662,-0.691719
0.325288,-0.692527
0.325915,-0.693336
0.326542,-0.694145
0.327168,-0.694954
0.327795,-0.695763
0.328422,-0.696572
0.329048,-0.697381
0.329675,-0.69819
0.330302,-0.698999
0.330928,-0.699808
0.331555,-0.700617
0.332182,-0.701426
0.332809,-0.702235
0.333435,-0.703044
0.334062,-0.703852
0.334689,-0.704661
0.335315,-0.70547
0.335942,-0.706279
0.336569,-0.707088
0.337195,-0.707897
0.337822,-0.708706
0.338449,-0.709515
0.339075,-0.710324
0.339702,-0.711133
0.340329,-0.711942
0.340955,-0.712751
0.341582,-0.71356
0.342209,-0.714369
0.342835,-0.715178
0.343462,-0.715986
0.344089,-0.716795
0.344715,-0.717604
0.345342,-0.718413
0.345969,-0.719222
0.346595,-0.720031
0.347222,-0.72084
0.347849,-0.721649
0.348475,-0.722458
0.349102,-0.723267
0.349729,-0.724076
0.350355,-0.724885
0.350982,-0.725694
0.351609,-0.726503
0.352235,-0.727312
0.352862,-0.72812
0.353489,-0.728929
0.354116,-0.729738
0.354742,-0.730547
0.355369,-0.731356
0.355996,-0.732165
0.356622,-0.732974
0.357249,-0.733783
0.357876,-0.734592
0.358502,-0.735401
0.359129,-0.73621
0.359756,-0.737019
0.360382,-0.737828
0.361009,-0.738637
0.361636,-0.739445
0.362262,-0.740254
0.362889,-0.741063
0.363516,-0.741872
0.364142,-0.742681
0.364769,-0.74349
0.365396,-0.744299
0.366022,-0.745108
0.366649,-0.745917
0.367276,-0.746726
0.367902,-0.747535
0.368529,-0.748344
0.369156,-0.749153
0.369782,-0.749962
0.370409,-0.750771
0.371036,-0.751579
0.371662,-0.752388
0.372289,-0.753197
0.372916,-0.754006
0.373542,-0.754815
0.374169,-0.755624
0.374796,-0.756433
0.375423,-0.757242
0.376049,-0.758051
0.376676,-0.75886
0.377303,-0.759669
0.377929,-0.760478
0.378556,-0.761287
0.379183,-0.762096
0.379809,-0.762904
0.380436,-0.763713
0.381063,-0.764522
0.381689,-0.765331
0.382316,-0.76614
0.382943,-0.766949
0.383569,-0.767758
0.384196,-0.768567
0.384823,-0.769376
0.385449,-0.770185
0.386076,-0.770994
0.386703,-0.771803
0.387329,-0.772612
0.387956,-0.773421
0.388583,-0.77423
0.389209,-0.775038
0.389836,-0.775847
0.390463,-0.776656
0.391089,-0.777465
0.391716,-0.778274
0.392343,-0.779083
0.392969,-0.779892
0.393596,-0.780701
0.394223,-0.78151
0.394849,-0.782319
0.395476,-0.783128
0.396103,-0.783937
0.39673,-0.784746
0.397356,-0.785555
0.397983,-0.786364
0.39861,-0.787172
0.399236,-0.787981
0.399863,-0.78879
0.40049,-0.789599
0.401116,-0.790408
0.401743,-0.791217
0.40237,-0.792026
0.402996,-0.792835
0.403623,-0.793644
0.40425,-0.794453
0.405287,-0.794179
0.406325,-0.793906
0.407363,-0.793632
0.4084,-0.793358
0.409438,-0.793085
0.410475,-0.792811
0.411513,-0.792538
0.412551,-0.792264
0.413588,-0.79199
0.414626,-0.791717
0.415664,-0.791443
0.416701,-0.79117
0.417739,-0.790896
0.418776,-0.790622
0.419814,-0.790349
0.420852,-0.790075
0.421889,-0.789802
0.422927,-0.789528
0.423965,-0.789254
0.425002,-0.788981
0.42604,-0.788707
0.427078,-0.788434
0.428115,-0.78816
0.429153,-0.787886
0.43019,-0.787613
0.431228,-0.787339
0.432266,-0.787066
0.433303,-0.786792
0.434341,-0.786518
0.435379,-0.786245
0.436416,-0.785971
0.437454,-0.785698
0.438491,-0.785424
0.439529,-0.78515
0.440567,-0.784877
0.441604,-0.784603
0.442642,-0.78433
0.44368,-0.784056
0.444717,-0.783782
0.445755,-0.783509
0.446793,-0.783235
0.44783,-0.782962
0.448868,-0.782688
0.449905,-0.782414
0.450943,-0.782141
0.451981,-0.781867
0.453018,-0.781594
0.454056,-0.78132
0.455094,-0.781047
0.456131,-0.780773
0.457169,-0.780499
0.458206,-0.780226
0.459244,-0.779952
0.460282,-0.779679
0.461319,-0.779405
0.462357,-0.779131
0.463395,-0.778858
0.464432,-0.778584
0.46547,-0.778311
0.466508,-0.778037
0.467545,-0.777763
0.468583,-0.77749
0.46962,-0.777216
0.470658,-0.776943
0.471696,-0.776669
0.472733,-0.776395
0.473771,-0.776122
0.474809,-0.775848
0.475846,-0.775575
0.476884,-0.775301
0.477921,-0.775027
0.478959,-0.774754
0.479997,-0.77448
0.481034,-0.774207
0.482072,-0.773933
0.48311,-0.773659
0.484147,-0.773386
0.485185,-0.773112
0.486223,-0.772839
0.48726,-0.772565
0.488298,-0.772291
0.489335,-0.772018
0.490373,-0.771744
0.491411,-0.771471
0.492448,-0.771197
0.493486,-0.770923
0.494524,-0.77065
0.495561,-0.770376
0.496599,-0.770103
0.497636,-0.769829
0.498674,-0.769555
0.499712,-0.769282
0.500749,-0.769008
0.501787,-0.768735
0.502825,-0.768461
0.503862,-0.768187
0.5049,-0.767914
0.505938,-0.76764
0.506975,-0.767367
0.508013,-0.767093
0.50905,-0.766819
0.510088,-0.766546
0.511126,-0.766272
0.512163,-0.765999
0.513201,-0.765725
0.514239,-0.765451
0.515276,-0.765178
0.516314,-0.764904
0.517351,-0.764631
0.518389,-0.764357
0.519427,-0.764083
0.520464,-0.76381
0.521502,-0.763536
0.52254,-0.763263
0.523577,-0.762989
0.524615,-0.762715
0.525653,-0.762442
0.52669,-0.762168
0.527728,-0.761895
0.528765,-0.761621
0.529803,-0.761347
0.530841,-0.761074
0.531878,-0.7608
0.532916,-0.760527
0.533954,-0.760253
0.534991,-0.759979
0.536029,-0.759706
0.537066,-0.759432
0.538104,-0.759159
0.539142,-0.758885
0.540179,-0.758611
0.541217,-0.758338
0.542255,-0.758064
0.543292,-0.757791
0.54433,-0.757517
0.545368,-0.757243
0.546405,-0.75697
0.547443,-0.756696
0.54848,-0.756423
0.549518,-0.756149
0.550556,-0.755875
0.551593,-0.755602
0.552631,-0.755328
0.553669,-0.755055
0.554706,-0.754781
0.555744,-0.754507
0.556781,-0.754234
0.557819,-0.75396
0.558857,-0.753687
0.559096,-0.75333
0.559335,-0.752974
0.559574,-0.752617
0.559814,-0.752261
0.560053,-0.751904
0.560292,-0.751548
0.560531,-0.751191
0.560771,-0.750835
0.56101,-0.750478
0.561249,-0.750122
0.561488,-0.749765
0.561728,-0.749409
0.561967,-0.749052
0.562206,-0.748696
0.562445,-0.748339
0.562684,-0.747983
0.562924,-0.747626
0.563163,-0.74727
0.563402,-0.746913
0.563641,-0.746557
0.563881,-0.7462
0.56412,-0.745844
0.564359,-0.745487
0.564598,-0.745131
0.564838,-0.744774
0.565077,-0.744418
0.565316,-0.744061
0.565555,-0.743705
0.565795,-0.743348
0.566034,-0.742992
0.566273,-0.742635
0.566512,-0.742279
0.566751,-0.741922
0.566991,-0.741566
0.56723,-0.741209
0.567469,-0.740853
0.567708,-0.740496
0.567948,-0.74014
0.568187,-0.739783
0.568426,-0.739427
0.568665,-0.73907
0.568905,-0.738714
0.569144,-0.738357
0.569383,-0.738001
0.569622,-0.737644
0.569861,-0.737288
0.570101,-0.736931
0.57034,-0.736575
0.570579,-0.736218
0.570818,-0.735862
0.571058,-0.735505
0.571297,-0.735149
0.571536,-0.734792
0.571775,-0.734435
0.572015,-0.734079
0.572254,-0.733722
0.572493,-0.733366
0.572732,-0.733009
0.572972,-0.732653
0.573211,-0.732296
0.57345,-0.73194
0.573689,-0.731583
0.573928,-0.731227
0.574168,-0.73087
0.574407,-0.730514
0.574646,-0.730157
0.574885,-0.729801
0.575125,-0.729444
0.575364,-0.729088
0.575603,-0.728731
0.575842,-0.728375
0.576082,-0.728018
0.576321,-0.727662
0.57656,-0.727305
0.576799,-0.726949
0.577038,-0.726592
0.577278,-0.726236
0.577517,-0.725879
0.577756,-0.725523
0.577995,-0.725166
0.578235,-0.72481
0.578474,-0.724453
0.578713,-0.724097
0.578952,-0.72374
0.579192,-0.723384
0.579431,-0.723027
0.57967,-0.722671
0.579909,-0.722314
0.580149,-0.721958
0.580388,-0.721601
0.580627,-0.721245
0.580866,-0.720888
0.581105,-0.720532
0.581345,-0.720175
0.581584,-0.719819
0.581823,-0.719462
0.582062,-0.719106
0.582302,-0.718749
0.582541,-0.718393
0.58278,-0.718036
0.583019,-0.71768
0.583259,-0.717323
0.583498,-0.716967
0.583737,-0.71661
0.583976,-0.716254
0.584215,-0.715897
0.584455,-0.715541
0.584694,-0.715184
0.584933,-0.714828
0.585172,-0.714471
0.585412,-0.714115
0.585651,-0.713758
0.58589,-0.713402
0.586129,-0.713045
0.586369,-0.712689
0.586608,-0.712332
0.586847,-0.711976
0.587086,-0.711619
0.587326,-0.711263
0.587565,-0.710906
0.587804,-0.71055
0.588043,-0.710193
0.588282,-0.709837
0.588522,-0.70948
0.588761,-0.709124
0.589,-0.708767
0.589239,-0.708411
0.589479,-0.708054
0.589718,-0.707698
0.589957,-0.707341
0.590196,-0.706985
0.590436,-0.706628
0.590675,-0.706272
0.590914,-0.705915
0.591153,-0.705559
0.591392,-0.705202
0.591632,-0.704846
0.591871,-0.704489
0.59211,-0.704133
0.592349,-0.703776
0.592589,-0.70342
0.592828,-0.703063
0.593067,-0.702707
0.593306,-0.70235
0.593546,-0.701994
0.593785,-0.701637
0.594024,-0.701281
0.594263,-0.700924
0.594503,-0.700568
0.594742,-0.700211
0.595142,-0.699895
0.595543,-0.699579
0.595944,-0.699263
0.596345,-0.698947
0.596745,-0.698631
0.597146,-0.698315
0.597547,-0.697999
0.597947,-0.697683
0.598348,-0.697367
0.598749,-0.697051
0.599149,-0.696735
0.59955,-0.696419
0.599951,-0.696103
0.600352,-0.695787
0.600752,-0.695471
0.601153,-0.695155
0.601554,-0.694839
0.601954,-0.694523
0.602355,-0.694206
0.602756,-0.69389
0.603157,-0.693574
0.603557,-0.693258
0.603958,-0.692942
0.604359,-0.692626
0.604759,-0.69231
0.60516,-0.691994
0.605561,-0.691678
0.605961,-0.691362
0.606362,-0.691046
0.606763,-0.69073
0.607164,-0.690414
0.607564,-0.690098
0.607965,-0.689782
0.608366,-0.689466
0.608766,-0.68915
0.609167,-0.688834
0.609568,-0.688518
0.609968,-0.688202
0.610369,-0.687886
0.61077,-0.68757
0.611171,-0.687254
0.611571,-0.686938
0.611972,-0.686621
0.612373,-0.686305
0.612773,-0.685989
0.613174,-0.685673
0.613575,-0.685357
0.613975,-0.685041
0.614376,-0.684725
0.614777,-0.684409
0.615178,-0.684093
0.615578,-0.683777
0.615979,-0.683461
0.61638,-0.683145
0.61678,-0.682829
0.617181,-0.682513
0.617582,-0.682197
0.617983,-0.681881
0.618383,-0.681565
0.618784,-0.681249
0.619185,-0.680933
0.619585,-0.680617
0.619986,-0.680301
0.620387,-0.679985
0.620787,-0.679669
0.621188,-0.679352
0.621589,-0.679036
0.62199,-0.67872
0.62239,-0.678404
0.622791,-0.678088
0.623192,-0.677772
0.623592,-0.677456
0.623993,-0.67714
0.624394,-0.676824
0.624794,-0.676508
0.625195,-0.676192
0.625596,-0.675876
0.625997,-0.67556
0.626397,-0.675244
0.626798,-0.674928
0.627199,-0.674612
0.627599,-0.674296
0.628,-0.67398
0.628401,-0.673664
0.628801,-0.673348
0.629202,-0.673032
0.629603,-0.672716
0.630004,-0.6724
0.630404,-0.672084
0.630805,-0.671767
0.631206,-0.671451
0.631606,-0.671135
0.632007,-0.670819
0.632408,-0.670503
0.632808,-0.670187
0.633209,-0.669871
0.63361,-0.669555
0.634011,-0.669239
0.634411,-0.668923
0.634812,-0.668607
0.635213,-0.668291
0.635613,-0.667975
0.636014,-0.667659
0.636415,-0.667343
0.636816,-0.667027
0.637216,-0.666711
0.637617,-0.666395
0.638018,-0.666079
0.638418,-0.665763
0.638819,-0.665447
0.63922,-0.665131
0.63962,-0.664815
0.640021,-0.664499
0.640422,-0.664182
0.640823,-0.663866
0.641223,-0.66355
0.641624,-0.663234
0.642025,-0.662918
0.642425,-0.662602
0.642826,-0.662286
0.643227,-0.66197
0.643627,-0.661654
0.644028,-0.661338
0.644429,-0.661022
0.64483,-0.660706
0.64523,-0.66039
0.645631,-0.660074
0.646032,-0.659758
0.646432,-0.659442
0.646833,-0.659126
0.647234,-0.65881
0.647634,-0.658494
0.648035,-0.658178
0.648436,-0.657862
0.648837,-0.657546
0.649237,-0.65723
0.649638,-0.656914
0.650039,-0.656597
0.650439,-0.656281
0.65084,-0.655965
0.651241,-0.655649
0.651642,-0.655333
0.652042,-0.655017
0.652443,-0.654701
0.652844,-0.654385
0.653244,-0.654069
0.653645,-0.653753
0.654046,-0.653437
0.654446,-0.653121
