O
25
1,0,-1,0.78,-0.5,0.75,0.0,0.0,0.0,0.3,0.4,0.02,0,0.8,False
2,0,-1,1.1,-0.5,0.93,0.0,0.0,0.0,0.02,0.4,0.2,0,0.8,False
3,0,-1,0.78,-0.5,1.11,0.0,0.0,0.0,0.3,0.4,0.02,0,0.8,False
4,0,-1,0.8,-0.92,0.93,0.0,0.0,0.0,0.32,0.02,0.2,0,0.8,False
5,0,-1,0.8,-0.08,0.93,0.0,0.0,0.0,0.32,0.02,0.2,0,0.8,False
6,2,0,0.7030807110137854,-0.48937069019466684,0.8450000000000001,0.0,0.0,0.3977801469540859,0.03,0.03,0.15,0.20673431006767012,1.0960466666026596,False
7,2,0,0.6846547003242802,-0.2792966408652202,0.8548389221712033,0.0,0.0,3.340637981542749,0.061289504246535405,0.061289504246535405,0.16967784434240638,0.44454583171106704,1.0662791534461131,False
8,2,0,0.5911092101555742,-0.7113947198954441,0.8450000000000001,0.0,0.0,2.7623773455576703,0.0476334306401166,0.0476334306401166,0.15,0.3753735642987634,1.046173356248973,False
9,2,0,0.7488619808888382,-0.8233345167386891,0.8450000000000001,0.0,0.0,5.948870854247677,0.03,0.03,0.15,0.2097413880229761,0.89760602299023,False
10,2,0,0.9688898512219195,-0.4522613547061077,0.8450000000000001,0.0,0.0,0.40987930562587976,0.03,0.03,0.15,0.18501484977530502,1.0086415237977624,False
11,2,1,0.8787799363701315,-0.7711340822453104,0.8450000000000001,0.0,0.0,5.631749036325009,0.03,0.03,0.15,0.29739501237920907,1.1863069133696786,True
12,0,1,0.8135096127656799,-0.5765221226157039,0.86,0.0,0.0,6.108583302880018,0.03,0.0717558414644996,0.09,0.43009960896100513,1.175144304825336,True
13,2,1,0.9622063340833189,-0.6733423401051637,0.8450000000000001,0.0,0.0,1.8785588156204953,0.03,0.03,0.15,0.4642961950768576,1.098905985743883,True
14,2,1,0.9758222510464758,-0.8180165365708011,0.8450000000000001,0.0,0.0,0.6647282252244797,0.03,0.03,0.15,0.2579606459873045,0.862547155536424,True
15,2,1,0.8749259340193722,-0.43030746064186526,0.8546243471699243,0.0,0.0,0.6830528518142077,0.03,0.03,0.16924869433984852,0.2501283550036404,1.108632670640514,True
16,2,1,0.557618004516922,-0.5707741672843806,0.8529377731748298,0.0,0.0,2.1625701299678606,0.04231354249595199,0.04231354249595199,0.1658755463496595,0.3520172281062447,0.8412898442305851,True
17,0,1,0.5368600487650095,-0.4130249198664594,0.86,0.0,0.0,0.8236581187916483,0.047420513778831865,0.037453205329677046,0.09,0.14952884788109994,1.002356968591097,True
18,2,1,1.0077098761375969,-0.5748123434492309,0.8450000000000001,0.0,0.0,3.202416663686505,0.03,0.03,0.15,0.2971612776016704,1.123321553098295,True
19,0,1,0.8993808146760345,-0.24861045173460028,0.86,0.0,0.0,4.654863012048425,0.05933020201028961,0.053454582366153164,0.09,0.2348260839051472,0.9785907045060247,True
20,0,1,1.020482783308077,-0.23697749001652257,0.8743464444277866,0.0,0.0,3.3008812273521926,0.04064189723424921,0.03,0.10434644442778658,0.266384562024977,1.11556404465731,True
21,2,1,0.5435496995896041,-0.163651083347799,0.8450000000000001,0.0,0.0,5.7023286063562155,0.03643029489141904,0.03643029489141904,0.15,0.17661266788336272,1.0597286644424884,True
22,0,1,0.766474390633229,-0.14419410351140072,0.86,0.0,0.0,1.6418764119948681,0.03,0.03,0.09,0.3094378744652304,0.9946975300137506,True
23,0,1,0.530503665188202,-0.2897083443988915,0.8766379502370827,0.0,0.0,1.5268602643057563,0.03,0.06037013731623771,0.10663795023708265,0.16414096148055907,0.9970798604795622,True
24,0,1,0.7900178933871521,-0.723172221285113,0.8618141696361479,0.0,0.0,4.809622152342689,0.03,0.03,0.09181416963614787,0.3629131643988017,1.0487081308356212,True
25,2,1,0.5563595419227453,-0.8412046994517421,0.8450000000000001,0.0,0.0,1.6157968848721478,0.037466085404332806,0.037466085404332806,0.15,0.31506648049358404,1.1989018164822594,True
R
0.0,0.0,0.0,0.0,0.0,0.0,1.0
S
8
torso_lift_joint,0
r_shoulder_pan_joint,-1.69017
r_shoulder_lift_joint,-0.0788625
r_upper_arm_roll_joint,-1.69017
r_elbow_flex_joint,-1.2717
r_forearm_roll_joint,-0.151824
r_wrist_flex_joint,-1.25254
r_wrist_roll_joint,0.675062
G
0.631121,-0.510507,0.845,0.285687,-0,0
ooi
6
A
599
0.310248,-0.673113
0.311059,-0.672944
0.311871,-0.672774
0.312682,-0.672605
0.313493,-0.672436
0.314305,-0.672266
0.315116,-0.672097
0.315927,-0.671928
0.316738,-0.671758
0.31755,-0.671589
0.318361,-0.67142
0.319172,-0.67125
0.319984,-0.671081
0.320795,-0.670912
0.321606,-0.670742
0.322417,-0.670573
0.323229,-0.670404
0.32404,-0.670234
0.324851,-0.670065
0.325663,-0.669896
0.326474,-0.669726
0.327285,-0.669557
0.328096,-0.669388
0.328908,-0.669218
0.329719,-0.669049
0.33053,-0.66888
0.331342,-0.66871
0.332153,-0.668541
0.332964,-0.668372
0.333776,-0.668202
0.334587,-0.668033
0.335398,-0.667864
0.336209,-0.667694
0.337021,-0.667525
0.337832,-0.667356
0.338643,-0.667186
0.339455,-0.667017
0.340266,-0.666848
0.341077,-0.666678
0.341888,-0.666509
0.3427,-0.66634
0.343511,-0.66617
0.344322,-0.666001
0.345134,-0.665832
0.345945,-0.665662
0.346756,-0.665493
0.347567,-0.665324
0.348379,-0.665154
0.34919,-0.664985
0.350001,-0.664816
0.350813,-0.664646
0.351624,-0.664477
0.352435,-0.664308
0.353246,-0.664138
0.354058,-0.663969
0.354869,-0.6638
0.35568,-0.66363
0.356492,-0.663461
0.357303,-0.663292
0.358114,-0.663122
0.358925,-0.662953
0.359737,-0.662784
0.360548,-0.662614
0.361359,-0.662445
0.362171,-0.662276
0.362982,-0.662106
0.363793,-0.661937
0.364604,-0.661768
0.365416,-0.661598
0.366227,-0.661429
0.367038,-0.661259
0.36785,-0.66109
0.368661,-0.660921
0.369472,-0.660751
0.370283,-0.660582
0.371095,-0.660413
0.371906,-0.660243
0.372717,-0.660074
0.373529,-0.659905
0.37434,-0.659735
0.375151,-0.659566
0.375962,-0.659397
0.376774,-0.659227
0.377585,-0.659058
0.378396,-0.658889
0.379208,-0.658719
0.380019,-0.65855
0.38083,-0.658381
0.381641,-0.658211
0.382453,-0.658042
0.383264,-0.657873
0.384075,-0.657703
0.384887,-0.657534
0.385698,-0.657365
0.386509,-0.657195
0.38732,-0.657026
0.388132,-0.656857
0.388943,-0.656687
0.389754,-0.656518
0.390566,-0.656349
0.391377,-0.656179
0.392188,-0.65601
0.392999,-0.655841
0.393811,-0.655671
0.394622,-0.655502
0.395433,-0.655333
0.396245,-0.655163
0.397056,-0.654994
0.397867,-0.654825
0.398678,-0.654655
0.39949,-0.654486
0.400301,-0.654317
0.401112,-0.654147
0.401924,-0.653978
0.402735,-0.653809
0.403546,-0.653639
0.404357,-0.65347
0.405169,-0.653301
0.40598,-0.653131
0.406791,-0.652962
0.407603,-0.652793
0.408414,-0.652623
0.409225,-0.652454
0.410037,-0.652285
0.410848,-0.652115
0.411659,-0.651946
0.41247,-0.651777
0.413282,-0.651607
0.414093,-0.651438
0.414904,-0.651269
0.415716,-0.651099
0.416527,-0.65093
0.417338,-0.650761
0.418149,-0.650591
0.418961,-0.650422
0.419772,-0.650253
0.420583,-0.650083
0.421395,-0.649914
0.422206,-0.649745
0.423017,-0.649575
0.423828,-0.649406
0.42464,-0.649237
0.425451,-0.649067
0.426262,-0.648898
0.427074,-0.648729
0.427885,-0.648559
0.428696,-0.64839
0.429507,-0.648221
0.430319,-0.648051
0.43113,-0.647882
0.431941,-0.647713
0.432458,-0.64808
0.432975,-0.648448
0.433492,-0.648816
0.434009,-0.649184
0.434526,-0.649552
0.435043,-0.64992
0.43556,-0.650288
0.436077,-0.650656
0.436595,-0.651024
0.437112,-0.651391
0.437629,-0.651759
0.438146,-0.652127
0.438663,-0.652495
0.43918,-0.652863
0.439697,-0.653231
0.440214,-0.653599
0.440731,-0.653967
0.441248,-0.654335
0.441765,-0.654702
0.442282,-0.65507
0.442799,-0.655438
0.443316,-0.655806
0.443833,-0.656174
0.44435,-0.656542
0.444867,-0.65691
0.445384,-0.657278
0.445901,-0.657646
0.446418,-0.658013
0.446935,-0.658381
0.447452,-0.658749
0.447969,-0.659117
0.448486,-0.659485
0.449003,-0.659853
0.44952,-0.660221
0.450037,-0.660589
0.450554,-0.660957
0.451071,-0.661324
0.451588,-0.661692
0.452105,-0.66206
0.452622,-0.662428
0.453139,-0.662796
0.453656,-0.663164
0.454173,-0.663532
0.454691,-0.6639
0.455208,-0.664268
0.455725,-0.664635
0.456242,-0.665003
0.456759,-0.665371
0.457276,-0.665739
0.457793,-0.666107
0.45831,-0.666475
0.458827,-0.666843
0.459344,-0.667211
0.459861,-0.667579
0.460378,-0.667946
0.460895,-0.668314
0.461412,-0.668682
0.461929,-0.66905
0.462446,-0.669418
0.462963,-0.669786
0.46348,-0.670154
0.463997,-0.670522
0.464514,-0.67089
0.465031,-0.671257
0.465548,-0.671625
0.466065,-0.671993
0.466582,-0.672361
0.467099,-0.672729
0.467616,-0.673097
0.468133,-0.673465
0.46865,-0.673833
0.469167,-0.674201
0.469684,-0.674568
0.470201,-0.674936
0.470718,-0.675304
0.471235,-0.675672
0.471752,-0.67604
0.472269,-0.676408
0.472787,-0.676776
0.473304,-0.677144
0.473821,-0.677512
0.474338,-0.677879
0.474855,-0.678247
0.475372,-0.678615
0.475889,-0.678983
0.476406,-0.679351
0.476923,-0.679719
0.47744,-0.680087
0.477957,-0.680455
0.478474,-0.680823
0.478991,-0.68119
0.479508,-0.681558
0.480025,-0.681926
0.480542,-0.682294
0.481059,-0.682662
0.481576,-0.68303
0.482093,-0.683398
0.48261,-0.683766
0.483127,-0.684134
0.483644,-0.684501
0.484161,-0.684869
0.484678,-0.685237
0.485195,-0.685605
0.485712,-0.685973
0.486229,-0.686341
0.486746,-0.686709
0.487263,-0.687077
0.48778,-0.687445
0.488297,-0.687812
0.488814,-0.68818
0.489331,-0.688548
0.489848,-0.688916
0.490365,-0.689284
0.490883,-0.689652
0.4914,-0.69002
0.491917,-0.690388
0.492434,-0.690756
0.492951,-0.691123
0.493468,-0.691491
0.493985,-0.691859
0.494502,-0.692227
0.495019,-0.692595
0.495536,-0.692963
0.496053,-0.693331
0.49657,-0.693699
0.497087,-0.694067
0.497604,-0.694434
0.498121,-0.694802
0.498638,-0.69517
0.499155,-0.695538
0.499672,-0.695906
0.500189,-0.696274
0.500706,-0.696642
0.501223,-0.69701
0.50174,-0.697378
0.502257,-0.697745
0.502774,-0.698113
0.503291,-0.698481
0.503808,-0.698849
0.504325,-0.699217
0.504842,-0.699585
0.505359,-0.699953
0.505876,-0.700321
0.506393,-0.700689
0.50691,-0.701056
0.507427,-0.701424
0.507944,-0.701792
0.508461,-0.70216
0.508979,-0.702528
0.508418,-0.702211
0.507857,-0.701894
0.507297,-0.701577
0.506736,-0.70126
0.506176,-0.700943
0.505615,-0.700625
0.505055,-0.700308
0.504494,-0.699991
0.503934,-0.699674
0.503373,-0.699357
0.502813,-0.69904
0.502252,-0.698723
0.501692,-0.698406
0.501131,-0.698089
0.50057,-0.697772
0.50001,-0.697454
0.499449,-0.697137
0.498889,-0.69682
0.498328,-0.696503
0.497768,-0.696186
0.497207,-0.695869
0.496647,-0.695552
0.496086,-0.695235
0.495526,-0.694918
0.494965,-0.694601
0.494405,-0.694284
0.493844,-0.693966
0.493284,-0.693649
0.492723,-0.693332
0.492162,-0.693015
0.491602,-0.692698
0.491041,-0.692381
0.490481,-0.692064
0.48992,-0.691747
0.48936,-0.69143
0.488799,-0.691113
0.488239,-0.690795
0.487678,-0.690478
0.487118,-0.690161
0.486557,-0.689844
0.485997,-0.689527
0.485436,-0.68921
0.484875,-0.688893
0.484315,-0.688576
0.483754,-0.688259
0.483194,-0.687942
0.482633,-0.687624
0.482073,-0.687307
0.481512,-0.68699
0.480952,-0.686673
0.480391,-0.686356
0.479831,-0.686039
0.47927,-0.685722
0.47871,-0.685405
0.478149,-0.685088
0.477588,-0.684771
0.477028,-0.684454
0.476467,-0.684136
0.475907,-0.683819
0.475346,-0.683502
0.474786,-0.683185
0.474225,-0.682868
0.473665,-0.682551
0.473104,-0.682234
0.472544,-0.681917
0.471983,-0.6816
0.471423,-0.681283
0.470862,-0.680965
0.470302,-0.680648
0.469741,-0.680331
0.46918,-0.680014
0.46862,-0.679697
0.468059,-0.67938
0.467499,-0.679063
0.466938,-0.678746
0.466378,-0.678429
0.465817,-0.678112
0.465257,-0.677794
0.464696,-0.677477
0.464136,-0.67716
0.463575,-0.676843
0.463015,-0.676526
0.462454,-0.676209
0.461893,-0.675892
0.461333,-0.675575
0.460772,-0.675258
0.460212,-0.674941
0.459651,-0.674624
0.459091,-0.674306
0.45853,-0.673989
0.45797,-0.673672
0.457409,-0.673355
0.456849,-0.673038
0.456288,-0.672721
0.455728,-0.672404
0.455167,-0.672087
0.454606,-0.67177
0.454046,-0.671453
0.453485,-0.671135
0.452925,-0.670818
0.452364,-0.670501
0.451804,-0.670184
0.451243,-0.669867
0.450683,-0.66955
0.450122,-0.669233
0.449562,-0.668916
0.449001,-0.668599
0.448441,-0.668282
0.44788,-0.667964
0.44732,-0.667647
0.446759,-0.66733
0.446198,-0.667013
0.445638,-0.666696
0.445077,-0.666379
0.444517,-0.666062
0.443956,-0.665745
0.443396,-0.665428
0.442835,-0.665111
0.442275,-0.664794
0.441714,-0.664476
0.441154,-0.664159
0.440593,-0.663842
0.440033,-0.663525
0.439472,-0.663208
0.438911,-0.662891
0.438351,-0.662574
0.43779,-0.662257
0.43723,-0.66194
0.436669,-0.661623
0.436109,-0.661305
0.435548,-0.660988
0.434988,-0.660671
0.434427,-0.660354
0.433867,-0.660037
0.433306,-0.65972
0.432746,-0.659403
0.432185,-0.659086
0.431625,-0.658769
0.431064,-0.658452
0.430503,-0.658134
0.429943,-0.657817
0.429382,-0.6575
0.428822,-0.657183
0.428261,-0.656866
0.427701,-0.656549
0.42714,-0.656232
0.42658,-0.655915
0.426019,-0.655598
0.425459,-0.655281
0.424898,-0.654964
0.426282,-0.653994
0.427666,-0.653025
0.42905,-0.652055
0.430434,-0.651085
0.431818,-0.650116
0.433202,-0.649146
0.434586,-0.648177
0.43597,-0.647207
0.437354,-0.646238
0.438739,-0.645268
0.440123,-0.644299
0.441507,-0.643329
0.442891,-0.64236
0.444275,-0.64139
0.445659,-0.640421
0.447043,-0.639451
0.448427,-0.638482
0.449811,-0.637512
0.451195,-0.636543
0.452579,-0.635573
0.453963,-0.634604
0.455347,-0.633634
0.456731,-0.632665
0.458115,-0.631695
0.459499,-0.630726
0.460883,-0.629756
0.462267,-0.628787
0.463651,-0.627817
0.465035,-0.626848
0.466419,-0.625878
0.467803,-0.624909
0.469187,-0.623939
0.470572,-0.62297
0.471956,-0.622
0.47334,-0.621031
0.474724,-0.620061
0.476108,-0.619092
0.477492,-0.618122
0.478876,-0.617153
0.48026,-0.616183
0.481644,-0.615214
0.483028,-0.614244
0.484412,-0.613275
0.485796,-0.612305
0.48718,-0.611336
0.488564,-0.610366
0.489948,-0.609397
0.491332,-0.608427
0.492716,-0.607458
0.4941,-0.606488
0.495484,-0.605519
0.496868,-0.604549
0.498252,-0.60358
0.499636,-0.60261
0.50102,-0.601641
0.502405,-0.600671
0.503789,-0.599702
0.505173,-0.598732
0.506557,-0.597763
0.507941,-0.596793
0.509325,-0.595824
0.510709,-0.594854
0.512093,-0.593885
0.513477,-0.592915
0.514861,-0.591946
0.516245,-0.590976
0.517629,-0.590007
0.519013,-0.589037
0.520397,-0.588068
0.521781,-0.587098
0.523165,-0.586128
0.524549,-0.585159
0.525933,-0.584189
0.527317,-0.58322
0.528701,-0.58225
0.530085,-0.581281
0.531469,-0.580311
0.532853,-0.579342
0.534238,-0.578372
0.535622,-0.577403
0.537006,-0.576433
0.53839,-0.575464
0.539774,-0.574494
0.541158,-0.573525
0.542542,-0.572555
0.543926,-0.571586
0.54531,-0.570616
0.546694,-0.569647
0.548078,-0.568677
0.549462,-0.567708
0.550846,-0.566738
0.55223,-0.565769
0.553614,-0.564799
0.554998,-0.56383
0.556382,-0.56286
0.557766,-0.561891
0.55915,-0.560921
0.560534,-0.559952
0.561918,-0.558982
0.563302,-0.558013
0.564686,-0.557043
0.566071,-0.556074
0.567455,-0.555104
0.568839,-0.554135
0.570223,-0.553165
0.571607,-0.552196
0.572991,-0.551226
0.574375,-0.550257
0.575759,-0.549287
0.577143,-0.548318
0.578527,-0.547348
0.579911,-0.546379
0.581295,-0.545409
0.582679,-0.54444
0.584063,-0.54347
0.585447,-0.542501
0.586831,-0.541531
0.588215,-0.540562
0.589599,-0.539592
0.590983,-0.538623
0.592367,-0.537653
0.593751,-0.536684
0.595135,-0.535714
0.596519,-0.534745
0.597904,-0.533775
0.599288,-0.532806
0.600672,-0.531836
0.602056,-0.530867
0.60344,-0.529897
0.604824,-0.528928
0.606208,-0.527958
0.607592,-0.526989
0.608976,-0.526019
0.61036,-0.52505
0.611744,-0.52408
0.613128,-0.523111
0.614512,-0.522141
0.615896,-0.521172
0.61728,-0.520202
0.618664,-0.519232
0.620048,-0.518263
0.621432,-0.517293
0.622816,-0.516324
0.6242,-0.515354
0.625584,-0.514385
0.626968,-0.513415
0.628352,-0.512446
0.629737,-0.511476
0.631121,-0.510507
