O
25
1,0,-1,0.78,-0.5,0.75,0.0,0.0,0.0,0.3,0.4,0.02,0,0.8,False
2,0,-1,1.1,-0.5,0.93,0.0,0.0,0.0,0.02,0.4,0.2,0,0.8,False
3,0,-1,0.78,-0.5,1.11,0.0,0.0,0.0,0.3,0.4,0.02,0,0.8,False
4,0,-1,0.8,-0.92,0.93,0.0,0.0,0.0,0.32,0.02,0.2,0,0.8,False
5,0,-1,0.8,-0.08,0.93,0.0,0.0,0.0,0.32,0.02,0.2,0,0.8,False
6,2,0,0.9163905612213417,-0.4194540116316677,0.8450000000000001,0.0,0.0,1.28413289557462,0.07287834723070664,0.07287834723070664,0.15,0.16834202345968036,1.1101514623943358,False
7,0,0,0.6628777904687884,-0.2590371982824333,0.86,0.0,0.0,4.166606709917449,0.03,0.06420320738562647,0.09,0.03601234502732514,0.9596435530882887,False
8,0,0,0.6729794013931827,-0.8035249009824836,0.8703015678250501,0.0,0.0,3.157768437737559,0.07116442002665951,0.04467837529316568,0.10030156782505006,0.49329742688149614,1.1123568694792068,False
9,2,0,0.8262838768068488,-0.623804728076132,0.8635284781956359,0.0,0.0,0.5621826352377722,0.03,0.03,0.18705695639127187,0.34345836682571773,1.0465495936028995,False
10,2,0,0.8171513453622008,-0.7478814099997676,0.8450000000000001,0.0,0.0,5.544152351498483,0.03,0.03,0.15,0.3947078737042346,1.1983023401742199,False
11,0,1,0.9649820896722776,-0.6393802853505655,0.86,0.0,0.0,4.963499707405294,0.05059649881609626,0.03,0.09,0.46377360900540143,1.1641256910960174,True
12,0,1,0.5579453170835404,-0.6599623658563329,0.86,0.0,0.0,6.1390122678139285,0.03,0.05247010669145155,0.09,0.4314452873691027,0.908520910007021,True
13,0,1,0.7368764919428206,-0.48312947925107125,0.9038932123782265,0.0,0.0,2.1950580305408383,0.03883848300290726,0.05322506100538072,0.1338932123782265,0.11539516283805512,1.1602561662326687,True
14,0,1,0.9797572874667844,-0.783581713724569,0.8748873562621975,0.0,0.0,0.25692220551003486,0.03,0.03983439577598414,0.10488735626219753,0.32068288525611444,1.128005265239566,True
15,2,1,0.6174534512001655,-0.5117572107257207,0.8489674669565621,0.0,0.0,5.905243411088269,0.03,0.03,0.15793493391312408,0.4842391898214519,1.1604538361934824,True
16,2,1,0.815644158521905,-0.14777650760462835,0.8450000000000001,0.0,0.0,4.807102854566918,0.03,0.03,0.15,0.03644530288245568,0.8408876768130887,True
17,2,1,0.6527907285836297,-0.6267905624661492,0.8450000000000001,0.0,0.0,1.0229219936599054,0.03,0.03,0.15,0.12859386581868615,0.8960675540181009,True
18,2,1,0.6096225314490438,-0.38778823012612845,0.8450000000000001,0.0,0.0,0.42426752531646633,0.03,0.03,0.15,0.22448693646833884,1.0805516369916148,True
19,2,1,0.5295904682918747,-0.8288480095734557,0.8678072882615172,0.0,0.0,2.300819287201745,0.03,0.03,0.19561457652303443,0.11855731691260335,1.018908382217207,True
20,0,1,0.8374441850637132,-0.24303602395433876,0.86,0.0,0.0,3.521249480986433,0.03,0.03,0.09,0.2005585940116616,0.9322743090626494,True
21,0,1,0.526750367647435,-0.18428118858863163,0.8959643262913486,0.0,0.0,1.5232805280504633,0.03,0.03,0.12596432629134863,0.39109860321896084,1.0967236555992326,True
22,0,1,0.9666285526496846,-0.2597489849840333,0.86,0.0,0.0,3.3699671972234477,0.03,0.0454890929254168,0.09,0.15528191306250744,1.1926989772677712,True
23,2,1,0.5146603544052505,-0.28745330147971637,0.8450000000000001,0.0,0.0,3.2612224929910654,0.03,0.03,0.15,0.3368892919433418,0.9170662292249474,True
24,0,1,0.7265739292139313,-0.3691466464723566,0.899933168347274,0.0,0.0,3.608974304936606,0.03,0.03,0.12993316834727398,0.18358855927890005,0.9227919930124364,True
25,2,1,0.7886250416444665,-0.8448619460627594,0.8450000000000001,0.0,0.0,3.226449789892062,0.03,0.03,0.15,0.015628988857652515,1.0900683516768985,True
R
0.0,0.0,0.0,0.0,0.0,0.0,1.0
S
8
torso_lift_joint,0
r_shoulder_pan_joint,-1.69017
r_shoulder_lift_joint,-0.0788625
r_upper_arm_roll_joint,-1.69017
r_elbow_flex_joint,-1.2717
r_forearm_roll_joint,-0.151824
r_wrist_flex_joint,-1.25254
r_wrist_roll_joint,0.675062
G
0.55683,-0.805404,0.870302,0.0161758,-0,0
ooi
8
A
599
0.310248,-0.673113
0.310839,-0.673532
0.31143,-0.673951
0.31202,-0.674371
0.312611,-0.67479
0.313202,-0.675209
0.313792,-0.675628
0.314383,-0.676047
0.314974,-0.676467
0.315564,-0.676886
0.316155,-0.677305
0.316746,-0.677724
0.317336,-0.678143
0.317927,-0.678562
0.318518,-0.678982
0.319108,-0.679401
0.319699,-0.67982
0.32029,-0.680239
0.32088,-0.680658
0.321471,-0.681078
0.322062,-0.681497
0.322653,-0.681916
0.323243,-0.682335
0.323834,-0.682754
0.324425,-0.683174
0.325015,-0.683593
0.325606,-0.684012
0.326197,-0.684431
0.326787,-0.68485
0.327378,-0.685269
0.327969,-0.685689
0.328559,-0.686108
0.32915,-0.686527
0.329741,-0.686946
0.330331,-0.687365
0.330922,-0.687785
0.331513,-0.688204
0.332103,-0.688623
0.332694,-0.689042
0.333285,-0.689461
0.333876,-0.68988
0.334466,-0.6903
0.335057,-0.690719
0.335648,-0.691138
0.336238,-0.691557
0.336829,-0.691976
0.33742,-0.692396
0.33801,-0.692815
0.338601,-0.693234
0.339192,-0.693653
0.339782,-0.694072
0.340373,-0.694492
0.340964,-0.694911
0.341554,-0.69533
0.342145,-0.695749
0.342736,-0.696168
0.343326,-0.696587
0.343917,-0.697007
0.344508,-0.697426
0.345099,-0.697845
0.345689,-0.698264
0.34628,-0.698683
0.346871,-0.699103
0.347461,-0.699522
0.348052,-0.699941
0.348643,-0.70036
0.349233,-0.700779
0.349824,-0.701198
0.350415,-0.701618
0.351005,-0.702037
0.351596,-0.702456
0.352187,-0.702875
0.352777,-0.703294
0.353368,-0.703714
0.353959,-0.704133
0.354549,-0.704552
0.35514,-0.704971
0.355731,-0.70539
0.356322,-0.70581
0.356912,-0.706229
0.357503,-0.706648
0.358094,-0.707067
0.358684,-0.707486
0.359275,-0.707905
0.359866,-0.708325
0.360456,-0.708744
0.361047,-0.709163
0.361638,-0.709582
0.362228,-0.710001
0.362819,-0.710421
0.36341,-0.71084
0.364,-0.711259
0.364591,-0.711678
0.365182,-0.712097
0.365772,-0.712517
0.366363,-0.712936
0.366954,-0.713355
0.367544,-0.713774
0.368135,-0.714193
0.368726,-0.714612
0.369317,-0.715032
0.369907,-0.715451
0.370498,-0.71587
0.371089,-0.716289
0.371679,-0.716708
0.37227,-0.717128
0.372861,-0.717547
0.373451,-0.717966
0.374042,-0.718385
0.374633,-0.718804
0.375223,-0.719223
0.375814,-0.719643
0.376405,-0.720062
0.376995,-0.720481
0.377586,-0.7209
0.378177,-0.721319
0.378767,-0.721739
0.379358,-0.722158
0.379949,-0.722577
0.38054,-0.722996
0.38113,-0.723415
0.381721,-0.723835
0.382312,-0.724254
0.382902,-0.724673
0.383493,-0.725092
0.384084,-0.725511
0.384674,-0.72593
0.385265,-0.72635
0.385856,-0.726769
0.386446,-0.727188
0.387037,-0.727607
0.387628,-0.728026
0.388218,-0.728446
0.388809,-0.728865
0.3894,-0.729284
0.38999,-0.729703
0.390581,-0.730122
0.391172,-0.730541
0.391763,-0.730961
0.392353,-0.73138
0.392944,-0.731799
0.393535,-0.732218
0.394125,-0.732637
0.394716,-0.733057
0.395307,-0.733476
0.395897,-0.733895
0.396488,-0.734314
0.397079,-0.734733
0.397669,-0.735153
0.39826,-0.735572
0.398851,-0.735991
0.398969,-0.73629
0.399086,-0.736589
0.399204,-0.736888
0.399322,-0.737187
0.39944,-0.737485
0.399558,-0.737784
0.399675,-0.738083
0.399793,-0.738382
0.399911,-0.738681
0.400029,-0.73898
0.400147,-0.739279
0.400264,-0.739578
0.400382,-0.739877
0.4005,-0.740176
0.400618,-0.740475
0.400736,-0.740774
0.400854,-0.741072
0.400971,-0.741371
0.401089,-0.74167
0.401207,-0.741969
0.401325,-0.742268
0.401443,-0.742567
0.40156,-0.742866
0.401678,-0.743165
0.401796,-0.743464
0.401914,-0.743763
0.402032,-0.744062
0.402149,-0.744361
0.402267,-0.744659
0.402385,-0.744958
0.402503,-0.745257
0.402621,-0.745556
0.402738,-0.745855
0.402856,-0.746154
0.402974,-0.746453
0.403092,-0.746752
0.40321,-0.747051
0.403328,-0.74735
0.403445,-0.747649
0.403563,-0.747948
0.403681,-0.748246
0.403799,-0.748545
0.403917,-0.748844
0.404034,-0.749143
0.404152,-0.749442
0.40427,-0.749741
0.404388,-0.75004
0.404506,-0.750339
0.404623,-0.750638
0.404741,-0.750937
0.404859,-0.751236
0.404977,-0.751535
0.405095,-0.751833
0.405213,-0.752132
0.40533,-0.752431
0.405448,-0.75273
0.405566,-0.753029
0.405684,-0.753328
0.405802,-0.753627
0.405919,-0.753926
0.406037,-0.754225
0.406155,-0.754524
0.406273,-0.754823
0.406391,-0.755122
0.406508,-0.75542
0.406626,-0.755719
0.406744,-0.756018
0.406862,-0.756317
0.40698,-0.756616
0.407097,-0.756915
0.407215,-0.757214
0.407333,-0.757513
0.407451,-0.757812
0.407569,-0.758111
0.407687,-0.75841
0.407804,-0.758708
0.407922,-0.759007
0.40804,-0.759306
0.408158,-0.759605
0.408276,-0.759904
0.408393,-0.760203
0.408511,-0.760502
0.408629,-0.760801
0.408747,-0.7611
0.408865,-0.761399
0.408982,-0.761698
0.4091,-0.761997
0.409218,-0.762295
0.409336,-0.762594
0.409454,-0.762893
0.409572,-0.763192
0.409689,-0.763491
0.409807,-0.76379
0.409925,-0.764089
0.410043,-0.764388
0.410161,-0.764687
0.410278,-0.764986
0.410396,-0.765285
0.410514,-0.765584
0.410632,-0.765882
0.41075,-0.766181
0.410867,-0.76648
0.410985,-0.766779
0.411103,-0.767078
0.411221,-0.767377
0.411339,-0.767676
0.411456,-0.767975
0.411574,-0.768274
0.411692,-0.768573
0.41181,-0.768872
0.411928,-0.769171
0.412046,-0.769469
0.412163,-0.769768
0.412281,-0.770067
0.412399,-0.770366
0.412517,-0.770665
0.412635,-0.770964
0.412752,-0.771263
0.41287,-0.771562
0.412988,-0.771861
0.413106,-0.77216
0.413224,-0.772459
0.413341,-0.772758
0.413459,-0.773056
0.413577,-0.773355
0.413695,-0.773654
0.413813,-0.773953
0.41393,-0.774252
0.414048,-0.774551
0.414166,-0.77485
0.414284,-0.775149
0.414402,-0.775448
0.41452,-0.775747
0.414637,-0.776046
0.414755,-0.776345
0.414873,-0.776643
0.414991,-0.776942
0.415109,-0.777241
0.415226,-0.77754
0.415344,-0.777839
0.415462,-0.778138
0.41558,-0.778437
0.415698,-0.778736
0.415815,-0.779035
0.415933,-0.779334
0.416051,-0.779633
0.416169,-0.779932
0.416287,-0.78023
0.416405,-0.780529
0.416478,-0.780438
0.416551,-0.780346
0.416624,-0.780254
0.416697,-0.780162
0.41677,-0.780071
0.416843,-0.779979
0.416917,-0.779887
0.41699,-0.779795
0.417063,-0.779704
0.417136,-0.779612
0.417209,-0.77952
0.417282,-0.779428
0.417356,-0.779337
0.417429,-0.779245
0.417502,-0.779153
0.417575,-0.779061
0.417648,-0.77897
0.417721,-0.778878
0.417795,-0.778786
0.417868,-0.778694
0.417941,-0.778603
0.418014,-0.778511
0.418087,-0.778419
0.41816,-0.778327
0.418233,-0.778236
0.418307,-0.778144
0.41838,-0.778052
0.418453,-0.777961
0.418526,-0.777869
0.418599,-0.777777
0.418672,-0.777685
0.418746,-0.777594
0.418819,-0.777502
0.418892,-0.77741
0.418965,-0.777318
0.419038,-0.777227
0.419111,-0.777135
0.419184,-0.777043
0.419258,-0.776951
0.419331,-0.77686
0.419404,-0.776768
0.419477,-0.776676
0.41955,-0.776584
0.419623,-0.776493
0.419697,-0.776401
0.41977,-0.776309
0.419843,-0.776217
0.419916,-0.776126
0.419989,-0.776034
0.420062,-0.775942
0.420136,-0.77585
0.420209,-0.775759
0.420282,-0.775667
0.420355,-0.775575
0.420428,-0.775483
0.420501,-0.775392
0.420574,-0.7753
0.420648,-0.775208
0.420721,-0.775116
0.420794,-0.775025
0.420867,-0.774933
0.42094,-0.774841
0.421013,-0.774749
0.421087,-0.774658
0.42116,-0.774566
0.421233,-0.774474
0.421306,-0.774382
0.421379,-0.774291
0.421452,-0.774199
0.421526,-0.774107
0.421599,-0.774016
0.421672,-0.773924
0.421745,-0.773832
0.421818,-0.77374
0.421891,-0.773649
0.421964,-0.773557
0.422038,-0.773465
0.422111,-0.773373
0.422184,-0.773282
0.422257,-0.77319
0.42233,-0.773098
0.422403,-0.773006
0.422477,-0.772915
0.42255,-0.772823
0.422623,-0.772731
0.422696,-0.772639
0.422769,-0.772548
0.422842,-0.772456
0.422916,-0.772364
0.422989,-0.772272
0.423062,-0.772181
0.423135,-0.772089
0.423208,-0.771997
0.423281,-0.771905
0.423354,-0.771814
0.423428,-0.771722
0.423501,-0.77163
0.423574,-0.771538
0.423647,-0.771447
0.42372,-0.771355
0.423793,-0.771263
0.423867,-0.771171
0.42394,-0.77108
0.424013,-0.770988
0.424086,-0.770896
0.424159,-0.770804
0.424232,-0.770713
0.424305,-0.770621
0.424379,-0.770529
0.424452,-0.770437
0.424525,-0.770346
0.424598,-0.770254
0.424671,-0.770162
0.424744,-0.770071
0.424818,-0.769979
0.424891,-0.769887
0.424964,-0.769795
0.425037,-0.769704
0.42511,-0.769612
0.425183,-0.76952
0.425257,-0.769428
0.42533,-0.769337
0.425403,-0.769245
0.425476,-0.769153
0.425549,-0.769061
0.425622,-0.76897
0.425695,-0.768878
0.425769,-0.768786
0.425842,-0.768694
0.425915,-0.768603
0.425988,-0.768511
0.426061,-0.768419
0.426134,-0.768327
0.426208,-0.768236
0.426281,-0.768144
0.426354,-0.768052
0.426427,-0.76796
0.4265,-0.767869
0.426573,-0.767777
0.426647,-0.767685
0.42672,-0.767593
0.426793,-0.767502
0.426866,-0.76741
0.426939,-0.767318
0.427012,-0.767226
0.427085,-0.767135
0.427159,-0.767043
0.427232,-0.766951
0.427305,-0.766859
0.427378,-0.766768
0.428247,-0.767027
0.429116,-0.767286
0.429985,-0.767546
0.430853,-0.767805
0.431722,-0.768064
0.432591,-0.768324
0.43346,-0.768583
0.434329,-0.768842
0.435197,-0.769101
0.436066,-0.769361
0.436935,-0.76962
0.437804,-0.769879
0.438673,-0.770139
0.439541,-0.770398
0.44041,-0.770657
0.441279,-0.770917
0.442148,-0.771176
0.443017,-0.771435
0.443885,-0.771694
0.444754,-0.771954
0.445623,-0.772213
0.446492,-0.772472
0.447361,-0.772732
0.448229,-0.772991
0.449098,-0.77325
0.449967,-0.77351
0.450836,-0.773769
0.451705,-0.774028
0.452573,-0.774287
0.453442,-0.774547
0.454311,-0.774806
0.45518,-0.775065
0.456049,-0.775325
0.456917,-0.775584
0.457786,-0.775843
0.458655,-0.776103
0.459524,-0.776362
0.460393,-0.776621
0.461262,-0.776881
0.46213,-0.77714
0.462999,-0.777399
0.463868,-0.777658
0.464737,-0.777918
0.465606,-0.778177
0.466474,-0.778436
0.467343,-0.778696
0.468212,-0.778955
0.469081,-0.779214
0.46995,-0.779474
0.470818,-0.779733
0.471687,-0.779992
0.472556,-0.780251
0.473425,-0.780511
0.474294,-0.78077
0.475162,-0.781029
0.476031,-0.781289
0.4769,-0.781548
0.477769,-0.781807
0.478638,-0.782067
0.479506,-0.782326
0.480375,-0.782585
0.481244,-0.782844
0.482113,-0.783104
0.482982,-0.783363
0.48385,-0.783622
0.484719,-0.783882
0.485588,-0.784141
0.486457,-0.7844
0.487326,-0.78466
0.488195,-0.784919
0.489063,-0.785178
0.489932,-0.785438
0.490801,-0.785697
0.49167,-0.785956
0.492539,-0.786215
0.493407,-0.786475
0.494276,-0.786734
0.495145,-0.786993
0.496014,-0.787253
0.496883,-0.787512
0.497751,-0.787771
0.49862,-0.788031
0.499489,-0.78829
0.500358,-0.788549
0.501227,-0.788808
0.502095,-0.789068
0.502964,-0.789327
0.503833,-0.789586
0.504702,-0.789846
0.505571,-0.790105
0.506439,-0.790364
0.507308,-0.790624
0.508177,-0.790883
0.509046,-0.791142
0.509915,-0.791402
0.510783,-0.791661
0.511652,-0.79192
0.512521,-0.792179
0.51339,-0.792439
0.514259,-0.792698
0.515127,-0.792957
0.515996,-0.793217
0.516865,-0.793476
0.517734,-0.793735
0.518603,-0.793995
0.519472,-0.794254
0.52034,-0.794513
0.521209,-0.794772
0.522078,-0.795032
0.522947,-0.795291
0.523816,-0.79555
0.524684,-0.79581
0.525553,-0.796069
0.526422,-0.796328
0.527291,-0.796588
0.52816,-0.796847
0.529028,-0.797106
0.529897,-0.797365
0.530766,-0.797625
0.531635,-0.797884
0.532504,-0.798143
0.533372,-0.798403
0.534241,-0.798662
0.53511,-0.798921
0.535979,-0.799181
0.536848,-0.79944
0.537716,-0.799699
0.538585,-0.799959
0.539454,-0.800218
0.540323,-0.800477
0.541192,-0.800736
0.54206,-0.800996
0.542929,-0.801255
0.543798,-0.801514
0.544667,-0.801774
0.545536,-0.802033
0.546405,-0.802292
0.547273,-0.802552
0.548142,-0.802811
0.549011,-0.80307
0.54988,-0.803329
0.550749,-0.803589
0.551617,-0.803848
0.552486,-0.804107
0.553355,-0.804367
0.554224,-0.804626
0.555093,-0.804885
0.555961,-0.805145
0.55683,-0.805404
