O
25
1,0,-1,0.78,-0.5,0.75,0.0,0.0,0.0,0.3,0.4,0.02,0,0.8,False
2,0,-1,1.1,-0.5,0.93,0.0,0.0,0.0,0.02,0.4,0.2,0,0.8,False
3,0,-1,0.78,-0.5,1.11,0.0,0.0,0.0,0.3,0.4,0.02,0,0.8,False
4,0,-1,0.8,-0.92,0.93,0.0,0.0,0.0,0.32,0.02,0.2,0,0.8,False
5,0,-1,0.8,-0.08,0.93,0.0,0.0,0.0,0.32,0.02,0.2,0,0.8,False
6,2,0,0.8809374863983863,-0.413572868728094,0.8450000000000001,0.0,0.0,5.254726885193521,0.03,0.03,0.15,0.029079537896941454,0.8173248040653496,False
7,2,0,0.6814901760141899,-0.45965846473036753,0.8450000000000001,0.0,0.0,3.0455468673048163,0.03,0.03,0.15,0.44110742028943734,1.0383422714097583,False
8,2,0,0.5491844030699666,-0.7151588974932066,0.8450000000000001,0.0,0.0,5.7182468003507125,0.03,0.03,0.15,0.1813216616868491,1.1990378729980993,False
9,0,0,0.8382989109595802,-0.724603389943499,0.86,0.0,0.0,1.1791461848150504,0.07586421090804082,0.05686205777464886,0.09,0.21803093739675777,1.167915682260298,False
10,2,0,0.992928020539769,-0.22134232988293912,0.8450000000000001,0.0,0.0,3.2323388795733616,0.03,0.03,0.15,0.4748122327878867,0.9564268919156008,False
11,2,1,0.6579029087345014,-0.6008968167063455,0.8450000000000001,0.0,0.0,5.585243531828125,0.03,0.03,0.15,0.16586471316900803,0.9149501759539835,True
12,2,1,0.6734416473899019,-0.17676764473119455,0.849288419398108,0.0,0.0,4.2783525351100025,0.04088428361407778,0.04088428361407778,0.15857683879621584,0.12510338143709643,0.8134686000985297,True
13,0,1,1.011082512316805,-0.5767637573855458,0.9202244832168971,0.0,0.0,5.4145426867861,0.041220377038028264,0.03262795806025551,0.1502244832168971,0.25912098620983115,1.002105877962689,True
14,0,1,0.8715146325466787,-0.5523257743130818,0.86,0.0,0.0,3.973243568786293,0.03,0.03364883469270451,0.09,0.07734875402992991,1.152426282920388,True
15,0,1,0.7387107195667325,-0.3096747181919264,0.9128851162200926,0.0,0.0,3.9043480744037407,0.03341142637010404,0.053922876938854676,0.1428851162200926,0.42546544814362613,0.9244190407897622,True
16,2,1,0.667515695416853,-0.6977625182463095,0.8450000000000001,0.0,0.0,5.5895617417592955,0.03,0.03,0.15,0.4596775920616439,1.139569756305797,True
17,2,1,0.8666310496119553,-0.21938230955983473,0.8450000000000001,0.0,0.0,5.97494909618992,0.03,0.03,0.15,0.25905069009918863,1.0155181059770555,True
18,0,1,0.6495814859174527,-0.8197473884546678,0.86,0.0,0.0,0.4778601375019101,0.03,0.0417967587374725,0.09,0.0669577890115785,0.8700654336883925,True
19,0,1,0.5450150126141173,-0.3484294289571652,0.8963734768431887,0.0,0.0,1.755908343649441,0.03,0.04653001445159354,0.12637347684318864,0.18657498237322878,1.056352995556877,True
20,2,1,1.0218230872823062,-0.7521567477971313,0.8450000000000001,0.0,0.0,4.27026472215179,0.03,0.03,0.15,0.17651917652002574,1.0054995056220828,True
21,2,1,1.00734769469525,-0.32908851891515245,0.8616675289335164,0.0,0.0,4.9550102235125815,0.03,0.03,0.1833350578670326,0.19555827072638604,0.8618792979960699,True
22,2,1,0.8857951388094818,-0.30968831603019953,0.8450000000000001,0.0,0.0,0.6801892295523471,0.03,0.03,0.15,0.15711360660480345,0.8573685956109529,True
23,2,1,0.5133077588469261,-0.26473118122074024,0.8450000000000001,0.0,0.0,6.160837002152961,0.03,0.03,0.15,0.18479171927001486,0.976888863269958,True
24,0,1,0.5646716584017341,-0.48348134441238855,0.86,0.0,0.0,5.648245824340478,0.040143467202147926,0.03485169257810891,0.09,0.10194688012063535,1.1936051019209457,True
25,2,1,0.5509623751741055,-0.6196304357392535,0.8450000000000001,0.0,0.0,5.225502764009037,0.03,0.03,0.15,0.30990324963151106,0.856510000243471,True
R
0.0,0.0,0.0,0.0,0.0,0.0,1.0
S
8
torso_lift_joint,0
r_shoulder_pan_joint,-1.69017
r_shoulder_lift_joint,-0.0788625
r_upper_arm_roll_joint,-1.69017
r_elbow_flex_joint,-1.2717
r_forearm_roll_joint,-0.151824
r_wrist_flex_joint,-1.25254
r_wrist_roll_joint,0.675062
G
0.612749,-0.489653,0.845,0.411439,-0,0
ooi
7
A
599
0.310248,-0.673113
0.31071,-0.672127
0.311172,-0.671141
0.311635,-0.670155
0.312097,-0.669169
0.312559,-0.668182
0.313021,-0.667196
0.313483,-0.66621
0.313945,-0.665224
0.314408,-0.664238
0.31487,-0.663252
0.315332,-0.662266
0.315794,-0.661279
0.316256,-0.660293
0.316718,-0.659307
0.31718,-0.658321
0.317643,-0.657335
0.318105,-0.656349
0.318567,-0.655363
0.319029,-0.654376
0.319491,-0.65339
0.319953,-0.652404
0.320416,-0.651418
0.320878,-0.650432
0.32134,-0.649446
0.321802,-0.64846
0.322264,-0.647473
0.322726,-0.646487
0.323189,-0.645501
0.323651,-0.644515
0.324113,-0.643529
0.324575,-0.642543
0.325037,-0.641557
0.325499,-0.64057
0.325961,-0.639584
0.326424,-0.638598
0.326886,-0.637612
0.327348,-0.636626
0.32781,-0.63564
0.328272,-0.634654
0.328734,-0.633667
0.329197,-0.632681
0.329659,-0.631695
0.330121,-0.630709
0.330583,-0.629723
0.331045,-0.628737
0.331507,-0.627751
0.331969,-0.626764
0.332432,-0.625778
0.332894,-0.624792
0.333356,-0.623806
0.333818,-0.62282
0.33428,-0.621834
0.334742,-0.620848
0.335205,-0.619861
0.335667,-0.618875
0.336129,-0.617889
0.336591,-0.616903
0.337053,-0.615917
0.337515,-0.614931
0.337977,-0.613945
0.33844,-0.612958
0.338902,-0.611972
0.339364,-0.610986
0.339826,-0.61
0.340288,-0.609014
0.34075,-0.608028
0.341213,-0.607042
0.341675,-0.606055
0.342137,-0.605069
0.342599,-0.604083
0.343061,-0.603097
0.343523,-0.602111
0.343985,-0.601125
0.344448,-0.600139
0.34491,-0.599152
0.345372,-0.598166
0.345834,-0.59718
0.346296,-0.596194
0.346758,-0.595208
0.347221,-0.594222
0.347683,-0.593236
0.348145,-0.592249
0.348607,-0.591263
0.349069,-0.590277
0.349531,-0.589291
0.349993,-0.588305
0.350456,-0.587319
0.350918,-0.586333
0.35138,-0.585346
0.351842,-0.58436
0.352304,-0.583374
0.352766,-0.582388
0.353229,-0.581402
0.353691,-0.580416
0.354153,-0.57943
0.354615,-0.578443
0.355077,-0.577457
0.355539,-0.576471
0.356001,-0.575485
0.356464,-0.574499
0.356926,-0.573513
0.357388,-0.572527
0.35785,-0.57154
0.358312,-0.570554
0.358774,-0.569568
0.359237,-0.568582
0.359699,-0.567596
0.360161,-0.56661
0.360623,-0.565624
0.361085,-0.564637
0.361547,-0.563651
0.362009,-0.562665
0.362472,-0.561679
0.362934,-0.560693
0.363396,-0.559707
0.363858,-0.558721
0.36432,-0.557734
0.364782,-0.556748
0.365245,-0.555762
0.365707,-0.554776
0.366169,-0.55379
0.366631,-0.552804
0.367093,-0.551818
0.367555,-0.550831
0.368017,-0.549845
0.36848,-0.548859
0.368942,-0.547873
0.369404,-0.546887
0.369866,-0.545901
0.370328,-0.544915
0.37079,-0.543928
0.371253,-0.542942
0.371715,-0.541956
0.372177,-0.54097
0.372639,-0.539984
0.373101,-0.538998
0.373563,-0.538012
0.374026,-0.537025
0.374488,-0.536039
0.37495,-0.535053
0.375412,-0.534067
0.375874,-0.533081
0.376336,-0.532095
0.376798,-0.531109
0.377261,-0.530122
0.377723,-0.529136
0.378185,-0.52815
0.378647,-0.527164
0.379109,-0.526178
0.379571,-0.525192
0.379518,-0.525304
0.379465,-0.525417
0.379411,-0.525529
0.379358,-0.525641
0.379305,-0.525754
0.379251,-0.525866
0.379198,-0.525979
0.379144,-0.526091
0.379091,-0.526203
0.379038,-0.526316
0.378984,-0.526428
0.378931,-0.526541
0.378878,-0.526653
0.378824,-0.526765
0.378771,-0.526878
0.378718,-0.52699
0.378664,-0.527103
0.378611,-0.527215
0.378557,-0.527327
0.378504,-0.52744
0.378451,-0.527552
0.378397,-0.527665
0.378344,-0.527777
0.378291,-0.527889
0.378237,-0.528002
0.378184,-0.528114
0.378131,-0.528227
0.378077,-0.528339
0.378024,-0.528451
0.37797,-0.528564
0.377917,-0.528676
0.377864,-0.528789
0.37781,-0.528901
0.377757,-0.529013
0.377704,-0.529126
0.37765,-0.529238
0.377597,-0.529351
0.377544,-0.529463
0.37749,-0.529575
0.377437,-0.529688
0.377384,-0.5298
0.37733,-0.529913
0.377277,-0.530025
0.377223,-0.530137
0.37717,-0.53025
0.377117,-0.530362
0.377063,-0.530475
0.37701,-0.530587
0.376957,-0.530699
0.376903,-0.530812
0.37685,-0.530924
0.376797,-0.531037
0.376743,-0.531149
0.37669,-0.531261
0.376636,-0.531374
0.376583,-0.531486
0.37653,-0.531599
0.376476,-0.531711
0.376423,-0.531824
0.37637,-0.531936
0.376316,-0.532048
0.376263,-0.532161
0.37621,-0.532273
0.376156,-0.532386
0.376103,-0.532498
0.376049,-0.53261
0.375996,-0.532723
0.375943,-0.532835
0.375889,-0.532948
0.375836,-0.53306
0.375783,-0.533172
0.375729,-0.533285
0.375676,-0.533397
0.375623,-0.53351
0.375569,-0.533622
0.375516,-0.533734
0.375462,-0.533847
0.375409,-0.533959
0.375356,-0.534072
0.375302,-0.534184
0.375249,-0.534296
0.375196,-0.534409
0.375142,-0.534521
0.375089,-0.534634
0.375036,-0.534746
0.374982,-0.534858
0.374929,-0.534971
0.374875,-0.535083
0.374822,-0.535196
0.374769,-0.535308
0.374715,-0.53542
0.374662,-0.535533
0.374609,-0.535645
0.374555,-0.535758
0.374502,-0.53587
0.374449,-0.535982
0.374395,-0.536095
0.374342,-0.536207
0.374288,-0.53632
0.374235,-0.536432
0.374182,-0.536544
0.374128,-0.536657
0.374075,-0.536769
0.374022,-0.536882
0.373968,-0.536994
0.373915,-0.537106
0.373862,-0.537219
0.373808,-0.537331
0.373755,-0.537444
0.373702,-0.537556
0.373648,-0.537668
0.373595,-0.537781
0.373541,-0.537893
0.373488,-0.538006
0.373435,-0.538118
0.373381,-0.53823
0.373328,-0.538343
0.373275,-0.538455
0.373221,-0.538568
0.373168,-0.53868
0.373115,-0.538792
0.373061,-0.538905
0.373008,-0.539017
0.372954,-0.53913
0.372901,-0.539242
0.372848,-0.539355
0.372794,-0.539467
0.372741,-0.539579
0.372688,-0.539692
0.372634,-0.539804
0.372581,-0.539917
0.372528,-0.540029
0.372474,-0.540141
0.372421,-0.540254
0.372367,-0.540366
0.372314,-0.540479
0.372261,-0.540591
0.372207,-0.540703
0.372154,-0.540816
0.372101,-0.540928
0.372047,-0.541041
0.371994,-0.541153
0.371941,-0.541265
0.371887,-0.541378
0.371834,-0.54149
0.37178,-0.541603
0.371727,-0.541715
0.371674,-0.541827
0.37162,-0.54194
0.372203,-0.542413
0.372786,-0.542887
0.373369,-0.543361
0.373952,-0.543834
0.374535,-0.544308
0.375118,-0.544781
0.3757,-0.545255
0.376283,-0.545729
0.376866,-0.546202
0.377449,-0.546676
0.378032,-0.547149
0.378615,-0.547623
0.379198,-0.548097
0.37978,-0.54857
0.380363,-0.549044
0.380946,-0.549517
0.381529,-0.549991
0.382112,-0.550465
0.382695,-0.550938
0.383278,-0.551412
0.38386,-0.551885
0.384443,-0.552359
0.385026,-0.552833
0.385609,-0.553306
0.386192,-0.55378
0.386775,-0.554253
0.387358,-0.554727
0.38794,-0.5552
0.388523,-0.555674
0.389106,-0.556148
0.389689,-0.556621
0.390272,-0.557095
0.390855,-0.557568
0.391438,-0.558042
0.392021,-0.558516
0.392603,-0.558989
0.393186,-0.559463
0.393769,-0.559936
0.394352,-0.56041
0.394935,-0.560884
0.395518,-0.561357
0.396101,-0.561831
0.396683,-0.562304
0.397266,-0.562778
0.397849,-0.563252
0.398432,-0.563725
0.399015,-0.564199
0.399598,-0.564672
0.400181,-0.565146
0.400763,-0.56562
0.401346,-0.566093
0.401929,-0.566567
0.402512,-0.56704
0.403095,-0.567514
0.403678,-0.567988
0.404261,-0.568461
0.404843,-0.568935
0.405426,-0.569408
0.406009,-0.569882
0.406592,-0.570356
0.407175,-0.570829
0.407758,-0.571303
0.408341,-0.571776
0.408923,-0.57225
0.409506,-0.572724
0.410089,-0.573197
0.410672,-0.573671
0.411255,-0.574144
0.411838,-0.574618
0.412421,-0.575092
0.413004,-0.575565
0.413586,-0.576039
0.414169,-0.576512
0.414752,-0.576986
0.415335,-0.57746
0.415918,-0.577933
0.416501,-0.578407
0.417084,-0.57888
0.417666,-0.579354
0.418249,-0.579828
0.418832,-0.580301
0.419415,-0.580775
0.419998,-0.581248
0.420581,-0.581722
0.421164,-0.582196
0.421746,-0.582669
0.422329,-0.583143
0.422912,-0.583616
0.423495,-0.58409
0.424078,-0.584564
0.424661,-0.585037
0.425244,-0.585511
0.425826,-0.585984
0.426409,-0.586458
0.426992,-0.586931
0.427575,-0.587405
0.428158,-0.587879
0.428741,-0.588352
0.429324,-0.588826
0.429906,-0.589299
0.430489,-0.589773
0.431072,-0.590247
0.431655,-0.59072
0.432238,-0.591194
0.432821,-0.591667
0.433404,-0.592141
0.433987,-0.592615
0.434569,-0.593088
0.435152,-0.593562
0.435735,-0.594035
0.436318,-0.594509
0.436901,-0.594983
0.437484,-0.595456
0.438067,-0.59593
0.438649,-0.596403
0.439232,-0.596877
0.439815,-0.597351
0.440398,-0.597824
0.440981,-0.598298
0.441564,-0.598771
0.442147,-0.599245
0.442729,-0.599719
0.443312,-0.600192
0.443895,-0.600666
0.444478,-0.601139
0.445061,-0.601613
0.445644,-0.602087
0.446227,-0.60256
0.446809,-0.603034
0.447392,-0.603507
0.447975,-0.603981
0.448558,-0.604455
0.449141,-0.604928
0.449724,-0.605402
0.450307,-0.605875
0.450889,-0.606349
0.451472,-0.606823
0.452055,-0.607296
0.452638,-0.60777
0.453221,-0.608243
0.453804,-0.608717
0.454387,-0.609191
0.45497,-0.609664
0.455552,-0.610138
0.456135,-0.610611
0.456718,-0.611085
0.457301,-0.611559
0.457884,-0.612032
0.458467,-0.612506
0.45905,-0.612979
0.460081,-0.612152
0.461113,-0.611324
0.462144,-0.610496
0.463176,-0.609669
0.464207,-0.608841
0.465239,-0.608013
0.46627,-0.607185
0.467302,-0.606358
0.468333,-0.60553
0.469365,-0.604702
0.470396,-0.603875
0.471428,-0.603047
0.47246,-0.602219
0.473491,-0.601392
0.474523,-0.600564
0.475554,-0.599736
0.476586,-0.598909
0.477617,-0.598081
0.478649,-0.597253
0.47968,-0.596425
0.480712,-0.595598
0.481743,-0.59477
0.482775,-0.593942
0.483807,-0.593115
0.484838,-0.592287
0.48587,-0.591459
0.486901,-0.590632
0.487933,-0.589804
0.488964,-0.588976
0.489996,-0.588149
0.491027,-0.587321
0.492059,-0.586493
0.49309,-0.585665
0.494122,-0.584838
0.495153,-0.58401
0.496185,-0.583182
0.497217,-0.582355
0.498248,-0.581527
0.49928,-0.580699
0.500311,-0.579872
0.501343,-0.579044
0.502374,-0.578216
0.503406,-0.577389
0.504437,-0.576561
0.505469,-0.575733
0.5065,-0.574905
0.507532,-0.574078
0.508564,-0.57325
0.509595,-0.572422
0.510627,-0.571595
0.511658,-0.570767
0.51269,-0.569939
0.513721,-0.569112
0.514753,-0.568284
0.515784,-0.567456
0.516816,-0.566629
0.517847,-0.565801
0.518879,-0.564973
0.51991,-0.564145
0.520942,-0.563318
0.521974,-0.56249
0.523005,-0.561662
0.524037,-0.560835
0.525068,-0.560007
0.5261,-0.559179
0.527131,-0.558352
0.528163,-0.557524
0.529194,-0.556696
0.530226,-0.555869
0.531257,-0.555041
0.532289,-0.554213
0.533321,-0.553385
0.534352,-0.552558
0.535384,-0.55173
0.536415,-0.550902
0.537447,-0.550075
0.538478,-0.549247
0.53951,-0.548419
0.540541,-0.547592
0.541573,-0.546764
0.542604,-0.545936
0.543636,-0.545109
0.544667,-0.544281
0.545699,-0.543453
0.546731,-0.542625
0.547762,-0.541798
0.548794,-0.54097
0.549825,-0.540142
0.550857,-0.539315
0.551888,-0.538487
0.55292,-0.537659
0.553951,-0.536832
0.554983,-0.536004
0.556014,-0.535176
0.557046,-0.534349
0.558078,-0.533521
0.559109,-0.532693
0.560141,-0.531865
0.561172,-0.531038
0.562204,-0.53021
0.563235,-0.529382
0.564267,-0.528555
0.565298,-0.527727
0.56633,-0.526899
0.567361,-0.526072
0.568393,-0.525244
0.569424,-0.524416
0.570456,-0.523589
0.571488,-0.522761
0.572519,-0.521933
0.573551,-0.521105
0.574582,-0.520278
0.575614,-0.51945
0.576645,-0.518622
0.577677,-0.517795
0.578708,-0.516967
0.57974,-0.516139
0.580771,-0.515312
0.581803,-0.514484
0.582835,-0.513656
0.583866,-0.512829
0.584898,-0.512001
0.585929,-0.511173
0.586961,-0.510345
0.587992,-0.509518
0.589024,-0.50869
0.590055,-0.507862
0.591087,-0.507035
0.592118,-0.506207
0.59315,-0.505379
0.594181,-0.504552
0.595213,-0.503724
0.596245,-0.502896
0.597276,-0.502069
0.598308,-0.501241
0.599339,-0.500413
0.600371,-0.499585
0.601402,-0.498758
0.602434,-0.49793
0.603465,-0.497102
0.604497,-0.496275
0.605528,-0.495447
0.60656,-0.494619
0.607592,-0.493792
0.608623,-0.492964
0.609655,-0.492136
0.610686,-0.491309
0.611718,-0.490481
0.612749,-0.489653
