O
25
1,0,-1,0.78,-0.5,0.75,0.0,0.0,0.0,0.3,0.4,0.02,0,0.8,False
2,0,-1,1.1,-0.5,0.93,0.0,0.0,0.0,0.02,0.4,0.2,0,0.8,False
3,0,-1,0.78,-0.5,1.11,0.0,0.0,0.0,0.3,0.4,0.02,0,0.8,False
4,0,-1,0.8,-0.92,0.93,0.0,0.0,0.0,0.32,0.02,0.2,0,0.8,False
5,0,-1,0.8,-0.08,0.93,0.0,0.0,0.0,0.32,0.02,0.2,0,0.8,False
6,2,0,0.9286085912392934,-0.5568973596383414,0.8465756719863742,0.0,0.0,0.23243015044812693,0.07757043872658025,0.07757043872658025,0.15315134397274846,0.30290281260243795,1.1339076081942334,False
7,2,0,0.7340847956892476,-0.8149675663462718,0.8450000000000001,0.0,0.0,0.32319453052029046,0.03,0.03,0.15,0.1972622984484811,1.140215870662027,False
8,2,0,0.8171390264185361,-0.7187153636314471,0.8450000000000001,0.0,0.0,1.7474383648821452,0.039360087900053416,0.039360087900053416,0.15,0.3176867416619352,1.1178070282778816,False
9,0,0,0.6546616582557678,-0.367322480520042,0.86,0.0,0.0,0.7907266965961239,0.03117017959240593,0.03,0.09,0.42214864046662026,0.9332116462354054,False
10,0,0,0.6702146329891767,-0.6532012020687609,0.9141208239332255,0.0,0.0,4.807838400462707,0.07287323131483248,0.05621468671543731,0.14412082393322542,0.13587594388482743,1.0671178497505767,False
11,0,1,0.8628060955901738,-0.3354641467839867,0.9073119556110594,0.0,0.0,0.7508946301709513,0.057670194186064484,0.054594601892151456,0.13731195561105933,0.015587306892816344,0.8803945719909962,True
12,0,1,0.991636057998847,-0.825021608625304,0.86,0.0,0.0,1.8149961350067887,0.03,0.03,0.09,0.1291987004757737,1.0425932198410621,True
13,0,1,0.7371905596565824,-0.4874193545883154,0.86,0.0,0.0,5.358839013834544,0.03,0.047989735435566304,0.09,0.0881265122172123,0.8592010390576619,True
14,0,1,0.7688362169277276,-0.18523327152855795,0.86,0.0,0.0,0.37903489289669634,0.03499008364469909,0.040822210965837796,0.09,0.352608142052698,1.046420062856613,True
15,0,1,0.6237244359407959,-0.19229046417595053,0.86,0.0,0.0,4.69048634298846,0.06892489324649179,0.03,0.09,0.3230853097889035,1.052570270583633,True
16,2,1,0.5461103638355693,-0.18401255598141986,0.8450000000000001,0.0,0.0,3.0571314600781765,0.03,0.03,0.15,0.1764761260427002,1.081103367439907,True
17,2,1,0.5265327674008684,-0.6872153053891228,0.8450000000000001,0.0,0.0,4.86342591833245,0.03,0.03,0.15,0.2587434279401241,1.012554869646419,True
18,0,1,0.5353442305524645,-0.8204898186802715,0.86,0.0,0.0,1.8922715352559354,0.03930781729072754,0.03,0.09,0.05159534411925504,0.9971649453235117,True
19,0,1,0.5293102245756423,-0.28819727586877997,0.86,0.0,0.0,4.908337018815713,0.0363199680940151,0.03,0.09,0.44260810194072997,0.8314257928492642,True
20,2,1,0.5138671397723353,-0.3878403247748076,0.8450000000000001,0.0,0.0,5.449406898897732,0.03,0.03,0.15,0.3883083063642967,0.8859830242830349,True
21,2,1,1.0274749879956264,-0.7383434685279497,0.8450000000000001,0.0,0.0,1.3579512509928906,0.0315053900330009,0.0315053900330009,0.15,0.29510508575487776,0.8056258737768364,True
22,2,1,0.9498666944386018,-0.15748370891850316,0.8450000000000001,0.0,0.0,4.646726144621334,0.03,0.03,0.15,0.303271080263806,1.0485413133675814,True
23,2,1,1.0064020021036946,-0.3934215614391948,0.8450000000000001,0.0,0.0,6.02617003758604,0.03,0.03,0.15,0.4482941701606642,1.0707269543982063,True
24,2,1,0.5664373986512596,-0.5955446181261489,0.8450000000000001,0.0,0.0,4.70091459007952,0.03,0.03,0.15,0.22513139717629227,1.1562076430498767,True
25,2,1,0.555404750532917,-0.5078267015855452,0.8450000000000001,0.0,0.0,4.939341900263337,0.03,0.03,0.15,0.4247412081078726,0.800686496681627,True
R
0.0,0.0,0.0,0.0,0.0,0.0,1.0
S
8
torso_lift_joint,0
r_shoulder_pan_joint,-1.69017
r_shoulder_lift_joint,-0.0788625
r_upper_arm_roll_joint,-1.69017
r_elbow_flex_joint,-1.2717
r_forearm_roll_joint,-0.151824
r_wrist_flex_joint,-1.25254
r_wrist_roll_joint,0.675062
G
0.601089,-0.421469,0.86,0.790727,-0,0
ooi
9
A
599
0.310248,-0.673113
0.310304,-0.671484
0.31036,-0.669854
0.310417,-0.668225
0.310473,-0.666595
0.310529,-0.664966
0.310585,-0.663336
0.310641,-0.661707
0.310697,-0.660077
0.310753,-0.658448
0.31081,-0.656818
0.310866,-0.655189
0.310922,-0.65356
0.310978,-0.65193
0.311034,-0.650301
0.31109,-0.648671
0.311146,-0.647042
0.311203,-0.645412
0.311259,-0.643783
0.311315,-0.642153
0.311371,-0.640524
0.311427,-0.638894
0.311483,-0.637265
0.311539,-0.635636
0.311596,-0.634006
0.311652,-0.632377
0.311708,-0.630747
0.311764,-0.629118
0.31182,-0.627488
0.311876,-0.625859
0.311932,-0.624229
0.311989,-0.6226
0.312045,-0.62097
0.312101,-0.619341
0.312157,-0.617711
0.312213,-0.616082
0.312269,-0.614453
0.312325,-0.612823
0.312382,-0.611194
0.312438,-0.609564
0.312494,-0.607935
0.31255,-0.606305
0.312606,-0.604676
0.312662,-0.603046
0.312718,-0.601417
0.312775,-0.599787
0.312831,-0.598158
0.312887,-0.596529
0.312943,-0.594899
0.312999,-0.59327
0.313055,-0.59164
0.313111,-0.590011
0.313168,-0.588381
0.313224,-0.586752
0.31328,-0.585122
0.313336,-0.583493
0.313392,-0.581863
0.313448,-0.580234
0.313504,-0.578604
0.313561,-0.576975
0.313617,-0.575346
0.313673,-0.573716
0.313729,-0.572087
0.313785,-0.570457
0.313841,-0.568828
0.313897,-0.567198
0.313954,-0.565569
0.31401,-0.563939
0.314066,-0.56231
0.314122,-0.56068
0.314178,-0.559051
0.314234,-0.557422
0.31429,-0.555792
0.314347,-0.554163
0.314403,-0.552533
0.314459,-0.550904
0.314515,-0.549274
0.314571,-0.547645
0.314627,-0.546015
0.314683,-0.544386
0.31474,-0.542756
0.314796,-0.541127
0.314852,-0.539497
0.314908,-0.537868
0.314964,-0.536239
0.31502,-0.534609
0.315076,-0.53298
0.315133,-0.53135
0.315189,-0.529721
0.315245,-0.528091
0.315301,-0.526462
0.315357,-0.524832
0.315413,-0.523203
0.315469,-0.521573
0.315526,-0.519944
0.315582,-0.518315
0.315638,-0.516685
0.315694,-0.515056
0.31575,-0.513426
0.315806,-0.511797
0.315862,-0.510167
0.315919,-0.508538
0.315975,-0.506908
0.316031,-0.505279
0.316087,-0.503649
0.316143,-0.50202
0.316199,-0.50039
0.316255,-0.498761
0.316312,-0.497132
0.316368,-0.495502
0.316424,-0.493873
0.31648,-0.492243
0.316536,-0.490614
0.316592,-0.488984
0.316648,-0.487355
0.316705,-0.485725
0.316761,-0.484096
0.316817,-0.482466
0.316873,-0.480837
0.316929,-0.479208
0.316985,-0.477578
0.317041,-0.475949
0.317098,-0.474319
0.317154,-0.47269
0.31721,-0.47106
0.317266,-0.469431
0.317322,-0.467801
0.317378,-0.466172
0.317434,-0.464542
0.317491,-0.462913
0.317547,-0.461283
0.317603,-0.459654
0.317659,-0.458025
0.317715,-0.456395
0.317771,-0.454766
0.317827,-0.453136
0.317884,-0.451507
0.31794,-0.449877
0.317996,-0.448248
0.318052,-0.446618
0.318108,-0.444989
0.318164,-0.443359
0.31822,-0.44173
0.318277,-0.440101
0.318333,-0.438471
0.318389,-0.436842
0.318445,-0.435212
0.318501,-0.433583
0.318557,-0.431953
0.318613,-0.430324
0.31867,-0.428694
0.320148,-0.428208
0.321626,-0.427722
0.323104,-0.427236
0.324582,-0.426749
0.32606,-0.426263
0.327538,-0.425777
0.329016,-0.425291
0.330494,-0.424805
0.331973,-0.424318
0.333451,-0.423832
0.334929,-0.423346
0.336407,-0.42286
0.337885,-0.422374
0.339363,-0.421887
0.340841,-0.421401
0.342319,-0.420915
0.343797,-0.420429
0.345275,-0.419943
0.346754,-0.419456
0.348232,-0.41897
0.34971,-0.418484
0.351188,-0.417998
0.352666,-0.417512
0.354144,-0.417025
0.355622,-0.416539
0.3571,-0.416053
0.358578,-0.415567
0.360056,-0.41508
0.361535,-0.414594
0.363013,-0.414108
0.364491,-0.413622
0.365969,-0.413136
0.367447,-0.412649
0.368925,-0.412163
0.370403,-0.411677
0.371881,-0.411191
0.373359,-0.410705
0.374838,-0.410218
0.376316,-0.409732
0.377794,-0.409246
0.379272,-0.40876
0.38075,-0.408274
0.382228,-0.407787
0.383706,-0.407301
0.385184,-0.406815
0.386662,-0.406329
0.38814,-0.405842
0.389619,-0.405356
0.391097,-0.40487
0.392575,-0.404384
0.394053,-0.403898
0.395531,-0.403411
0.397009,-0.402925
0.398487,-0.402439
0.399965,-0.401953
0.401443,-0.401467
0.402921,-0.40098
0.4044,-0.400494
0.405878,-0.400008
0.407356,-0.399522
0.408834,-0.399036
0.410312,-0.398549
0.41179,-0.398063
0.413268,-0.397577
0.414746,-0.397091
0.416224,-0.396604
0.417702,-0.396118
0.419181,-0.395632
0.420659,-0.395146
0.422137,-0.39466
0.423615,-0.394173
0.425093,-0.393687
0.426571,-0.393201
0.428049,-0.392715
0.429527,-0.392229
0.431005,-0.391742
0.432484,-0.391256
0.433962,-0.39077
0.43544,-0.390284
0.436918,-0.389798
0.438396,-0.389311
0.439874,-0.388825
0.441352,-0.388339
0.44283,-0.387853
0.444308,-0.387367
0.445786,-0.38688
0.447265,-0.386394
0.448743,-0.385908
0.450221,-0.385422
0.451699,-0.384935
0.453177,-0.384449
0.454655,-0.383963
0.456133,-0.383477
0.457611,-0.382991
0.459089,-0.382504
0.460567,-0.382018
0.462046,-0.381532
0.463524,-0.381046
0.465002,-0.38056
0.46648,-0.380073
0.467958,-0.379587
0.469436,-0.379101
0.470914,-0.378615
0.472392,-0.378129
0.47387,-0.377642
0.475349,-0.377156
0.476827,-0.37667
0.478305,-0.376184
0.479783,-0.375697
0.481261,-0.375211
0.482739,-0.374725
0.484217,-0.374239
0.485695,-0.373753
0.487173,-0.373266
0.488651,-0.37278
0.49013,-0.372294
0.491608,-0.371808
0.493086,-0.371322
0.494564,-0.370835
0.496042,-0.370349
0.49752,-0.369863
0.498998,-0.369377
0.500476,-0.368891
0.501954,-0.368404
0.503432,-0.367918
0.504911,-0.367432
0.506389,-0.366946
0.507867,-0.36646
0.509345,-0.365973
0.510823,-0.365487
0.512301,-0.365001
0.513779,-0.364515
0.515257,-0.364028
0.516735,-0.363542
0.518213,-0.363056
0.519692,-0.36257
0.52117,-0.362084
0.522648,-0.361597
0.524126,-0.361111
0.525604,-0.360625
0.527082,-0.360139
0.52856,-0.359653
0.530038,-0.359166
0.531516,-0.35868
0.532995,-0.358194
0.534473,-0.357708
0.535951,-0.357222
0.537429,-0.356735
0.538907,-0.356249
0.538954,-0.356399
0.539002,-0.356549
0.539049,-0.356699
0.539096,-0.356849
0.539143,-0.356998
0.539191,-0.357148
0.539238,-0.357298
0.539285,-0.357448
0.539333,-0.357598
0.53938,-0.357748
0.539427,-0.357898
0.539474,-0.358047
0.539522,-0.358197
0.539569,-0.358347
0.539616,-0.358497
0.539664,-0.358647
0.539711,-0.358797
0.539758,-0.358947
0.539805,-0.359097
0.539853,-0.359246
0.5399,-0.359396
0.539947,-0.359546
0.539995,-0.359696
0.540042,-0.359846
0.540089,-0.359996
0.540136,-0.360146
0.540184,-0.360295
0.540231,-0.360445
0.540278,-0.360595
0.540326,-0.360745
0.540373,-0.360895
0.54042,-0.361045
0.540467,-0.361195
0.540515,-0.361344
0.540562,-0.361494
0.540609,-0.361644
0.540657,-0.361794
0.540704,-0.361944
0.540751,-0.362094
0.540798,-0.362244
0.540846,-0.362394
0.540893,-0.362543
0.54094,-0.362693
0.540988,-0.362843
0.541035,-0.362993
0.541082,-0.363143
0.54113,-0.363293
0.541177,-0.363443
0.541224,-0.363592
0.541271,-0.363742
0.541319,-0.363892
0.541366,-0.364042
0.541413,-0.364192
0.541461,-0.364342
0.541508,-0.364492
0.541555,-0.364642
0.541602,-0.364791
0.54165,-0.364941
0.541697,-0.365091
0.541744,-0.365241
0.541792,-0.365391
0.541839,-0.365541
0.541886,-0.365691
0.541933,-0.36584
0.541981,-0.36599
0.542028,-0.36614
0.542075,-0.36629
0.542123,-0.36644
0.54217,-0.36659
0.542217,-0.36674
0.542264,-0.366889
0.542312,-0.367039
0.542359,-0.367189
0.542406,-0.367339
0.542454,-0.367489
0.542501,-0.367639
0.542548,-0.367789
0.542595,-0.367939
0.542643,-0.368088
0.54269,-0.368238
0.542737,-0.368388
0.542785,-0.368538
0.542832,-0.368688
0.542879,-0.368838
0.542927,-0.368988
0.542974,-0.369137
0.543021,-0.369287
0.543068,-0.369437
0.543116,-0.369587
0.543163,-0.369737
0.54321,-0.369887
0.543258,-0.370037
0.543305,-0.370186
0.543352,-0.370336
0.543399,-0.370486
0.543447,-0.370636
0.543494,-0.370786
0.543541,-0.370936
0.543589,-0.371086
0.543636,-0.371236
0.543683,-0.371385
0.54373,-0.371535
0.543778,-0.371685
0.543825,-0.371835
0.543872,-0.371985
0.54392,-0.372135
0.543967,-0.372285
0.544014,-0.372434
0.544061,-0.372584
0.544109,-0.372734
0.544156,-0.372884
0.544203,-0.373034
0.544251,-0.373184
0.544298,-0.373334
0.544345,-0.373484
0.544392,-0.373633
0.54444,-0.373783
0.544487,-0.373933
0.544534,-0.374083
0.544582,-0.374233
0.544629,-0.374383
0.544676,-0.374533
0.544723,-0.374682
0.544771,-0.374832
0.544818,-0.374982
0.544865,-0.375132
0.544913,-0.375282
0.54496,-0.375432
0.545007,-0.375582
0.545055,-0.375731
0.545102,-0.375881
0.545149,-0.376031
0.545196,-0.376181
0.545244,-0.376331
0.545291,-0.376481
0.545338,-0.376631
0.545386,-0.376781
0.545433,-0.37693
0.54548,-0.37708
0.545527,-0.37723
0.545575,-0.37738
0.545622,-0.37753
0.545669,-0.37768
0.545717,-0.37783
0.545764,-0.377979
0.545811,-0.378129
0.545858,-0.378279
0.545906,-0.378429
0.545953,-0.378579
0.546,-0.378729
0.54637,-0.379016
0.54674,-0.379302
0.547109,-0.379589
0.547479,-0.379876
0.547849,-0.380163
0.548219,-0.38045
0.548588,-0.380737
0.548958,-0.381024
0.549328,-0.38131
0.549698,-0.381597
0.550067,-0.381884
0.550437,-0.382171
0.550807,-0.382458
0.551176,-0.382745
0.551546,-0.383031
0.551916,-0.383318
0.552286,-0.383605
0.552655,-0.383892
0.553025,-0.384179
0.553395,-0.384466
0.553764,-0.384753
0.554134,-0.385039
0.554504,-0.385326
0.554874,-0.385613
0.555243,-0.3859
0.555613,-0.386187
0.555983,-0.386474
0.556353,-0.386761
0.556722,-0.387047
0.557092,-0.387334
0.557462,-0.387621
0.557831,-0.387908
0.558201,-0.388195
0.558571,-0.388482
0.558941,-0.388768
0.55931,-0.389055
0.55968,-0.389342
0.56005,-0.389629
0.560419,-0.389916
0.560789,-0.390203
0.561159,-0.39049
0.561529,-0.390776
0.561898,-0.391063
0.562268,-0.39135
0.562638,-0.391637
0.563008,-0.391924
0.563377,-0.392211
0.563747,-0.392497
0.564117,-0.392784
0.564486,-0.393071
0.564856,-0.393358
0.565226,-0.393645
0.565596,-0.393932
0.565965,-0.394219
0.566335,-0.394505
0.566705,-0.394792
0.567074,-0.395079
0.567444,-0.395366
0.567814,-0.395653
0.568184,-0.39594
0.568553,-0.396227
0.568923,-0.396513
0.569293,-0.3968
0.569663,-0.397087
0.570032,-0.397374
0.570402,-0.397661
0.570772,-0.397948
0.571141,-0.398234
0.571511,-0.398521
0.571881,-0.398808
0.572251,-0.399095
0.57262,-0.399382
0.57299,-0.399669
0.57336,-0.399956
0.573729,-0.400242
0.574099,-0.400529
0.574469,-0.400816
0.574839,-0.401103
0.575208,-0.40139
0.575578,-0.401677
0.575948,-0.401963
0.576318,-0.40225
0.576687,-0.402537
0.577057,-0.402824
0.577427,-0.403111
0.577796,-0.403398
0.578166,-0.403685
0.578536,-0.403971
0.578906,-0.404258
0.579275,-0.404545
0.579645,-0.404832
0.580015,-0.405119
0.580384,-0.405406
0.580754,-0.405693
0.581124,-0.405979
0.581494,-0.406266
0.581863,-0.406553
0.582233,-0.40684
0.582603,-0.407127
0.582973,-0.407414
0.583342,-0.4077
0.583712,-0.407987
0.584082,-0.408274
0.584451,-0.408561
0.584821,-0.408848
0.585191,-0.409135
0.585561,-0.409422
0.58593,-0.409708
0.5863,-0.409995
0.58667,-0.410282
0.58704,-0.410569
0.587409,-0.410856
0.587779,-0.411143
0.588149,-0.411429
0.588518,-0.411716
0.588888,-0.412003
0.589258,-0.41229
0.589628,-0.412577
0.589997,-0.412864
0.590367,-0.413151
0.590737,-0.413437
0.591106,-0.413724
0.591476,-0.414011
0.591846,-0.414298
0.592216,-0.414585
0.592585,-0.414872
0.592955,-0.415159
0.593325,-0.415445
0.593695,-0.415732
0.594064,-0.416019
0.594434,-0.416306
0.594804,-0.416593
0.595173,-0.41688
0.595543,-0.417166
0.595913,-0.417453
0.596283,-0.41774
0.596652,-0.418027
0.597022,-0.418314
0.597392,-0.418601
0.597761,-0.418888
0.598131,-0.419174
0.598501,-0.419461
0.598871,-0.419748
0.59924,-0.420035
0.59961,-0.420322
0.59998,-0.420609
0.60035,-0.420895
0.600719,-0.421182
0.601089,-0.421469
