O
25
1,0,-1,0.78,-0.5,0.75,0.0,0.0,0.0,0.3,0.4,0.02,0,0.8,False
2,0,-1,1.1,-0.5,0.93,0.0,0.0,0.0,0.02,0.4,0.2,0,0.8,False
3,0,-1,0.78,-0.5,1.11,0.0,0.0,0.0,0.3,0.4,0.02,0,0.8,False
4,0,-1,0.8,-0.92,0.93,0.0,0.0,0.0,0.32,0.02,0.2,0,0.8,False
5,0,-1,0.8,-0.08,0.93,0.0,0.0,0.0,0.32,0.02,0.2,0,0.8,False
6,0,0,1.0049590885382849,-0.7586844992399464,0.9203048359684457,0.0,0.0,1.0265386765028457,0.03,0.03,0.15030483596844565,0.07613311953202861,1.035700371542797,False
7,0,0,0.7256420818439437,-0.6542804025004723,0.8876162799217392,0.0,0.0,4.751195749324163,0.03,0.041154635827209525,0.11761627992173918,0.21759129883931938,0.9734549252536467,False
8,0,0,0.9728700708329077,-0.4342001217127766,0.86,0.0,0.0,5.435677702500948,0.03,0.03,0.09,0.034284640005635914,1.0425893952282927,False
9,2,0,0.6117733869806175,-0.44941635949199493,0.8450000000000001,0.0,0.0,2.5944440523792207,0.05575429028733278,0.05575429028733278,0.15,0.1565870906787331,1.084522911901434,False
10,0,0,0.8942980317208249,-0.17985322503615409,0.86,0.0,0.0,4.262493332620888,0.03183281327723407,0.03,0.09,0.06874502540866123,0.8039798978249925,False
11,0,1,0.6573680102034593,-0.18206412658825533,0.86,0.0,0.0,6.188204794482562,0.07934493306650783,0.04973029382131098,0.09,0.09489350892579484,0.8858268084119634,True
12,2,1,0.8824341200578653,-0.6922583538739858,0.8618195858725585,0.0,0.0,5.325876570408169,0.041354955297606466,0.041354955297606466,0.18363917174511704,0.4429817910385636,1.1011313943424468,True
13,0,1,0.8577903762416306,-0.4027051827188549,0.86,0.0,0.0,6.1573135218904165,0.03,0.03,0.09,0.31801469747958144,0.9417845299497969,True
14,2,1,0.8569335567353582,-0.2994444738244829,0.8450000000000001,0.0,0.0,0.6796298323874992,0.03435140927406503,0.03435140927406503,0.15,0.28858940494248214,0.9135382130727352,True
15,2,1,0.795348749428476,-0.19494410604326395,0.8450000000000001,0.0,0.0,2.9389519030907993,0.03,0.03,0.15,0.24026980562065775,0.8146443504287803,True
16,2,1,1.004864667635295,-0.2581016706812944,0.8499891787896404,0.0,0.0,2.4396196123428338,0.04118323926930167,0.04118323926930167,0.15997835757928067,0.4146578785312993,1.0710121227285136,True
17,0,1,0.5450117143126778,-0.7570565612111756,0.86,0.0,0.0,0.016641957172432824,0.0453352741624214,0.03,0.09,0.43672204556277433,0.8173284739296945,True
18,2,1,0.8876012748802871,-0.522268580771044,0.8450000000000001,0.0,0.0,1.4869674834155817,0.03,0.03,0.15,0.35239335872070326,1.1133013107054897,True
19,2,1,1.0385666726373377,-0.5418437672229739,0.8450000000000001,0.0,0.0,3.101016750419841,0.03,0.03,0.15,0.21685647799846708,0.812291479796899,True
20,2,1,0.7188434533637081,-0.8291391052720234,0.8450000000000001,0.0,0.0,5.9352753977948804,0.032994688991362306,0.032994688991362306,0.15,0.39318042645313606,0.9817062993511605,True
21,2,1,0.9370547329495733,-0.8512356885710353,0.8450000000000001,0.0,0.0,2.7829592548131443,0.03,0.03,0.15,0.10973176989907535,1.063448729158931,True
22,0,1,0.5606465024302321,-0.6776648902207011,0.86,0.0,0.0,4.969808664673056,0.03,0.03,0.09,0.2285200518410883,0.9144867239983552,True
23,0,1,0.5259967109055506,-0.26485965317473614,0.9144411383813297,0.0,0.0,3.3880997418692758,0.03,0.03,0.14444113838132963,0.3302968034192569,1.1976385049138831,True
24,0,1,0.7514254177844931,-0.5433296918278616,0.86,0.0,0.0,0.2764116033759944,0.03,0.03,0.09,0.05671415336916941,1.0565871580923338,True
25,2,1,0.6719190982306966,-0.2976004588954205,0.846384222373144,0.0,0.0,1.2254235240603837,0.03,0.03,0.15276844474628803,0.43800963290784506,1.0952576327279497,True
R
0.0,0.0,0.0,0.0,0.0,0.0,1.0
S
8
torso_lift_joint,0
r_shoulder_pan_joint,-1.69017
r_shoulder_lift_joint,-0.0788625
r_upper_arm_roll_joint,-1.69017
r_elbow_flex_joint,-1.2717
r_forearm_roll_joint,-0.151824
r_wrist_flex_joint,-1.25254
r_wrist_roll_joint,0.675062
G
0.639552,-0.657623,0.887616,0.0388068,-0,0
ooi
7
A
599
0.310248,-0.673113
0.310288,-0.672639
0.310328,-0.672164
0.310369,-0.67169
0.310409,-0.671215
0.310449,-0.670741
0.310489,-0.670266
0.310529,-0.669792
0.310569,-0.669317
0.310609,-0.668843
0.310649,-0.668368
0.310689,-0.667894
0.31073,-0.66742
0.31077,-0.666945
0.31081,-0.666471
0.31085,-0.665996
0.31089,-0.665522
0.31093,-0.665047
0.31097,-0.664573
0.31101,-0.664098
0.311051,-0.663624
0.311091,-0.663149
0.311131,-0.662675
0.311171,-0.6622
0.311211,-0.661726
0.311251,-0.661251
0.311291,-0.660777
0.311331,-0.660303
0.311372,-0.659828
0.311412,-0.659354
0.311452,-0.658879
0.311492,-0.658405
0.311532,-0.65793
0.311572,-0.657456
0.311612,-0.656981
0.311652,-0.656507
0.311692,-0.656032
0.311733,-0.655558
0.311773,-0.655083
0.311813,-0.654609
0.311853,-0.654135
0.311893,-0.65366
0.311933,-0.653186
0.311973,-0.652711
0.312013,-0.652237
0.312054,-0.651762
0.312094,-0.651288
0.312134,-0.650813
0.312174,-0.650339
0.312214,-0.649864
0.312254,-0.64939
0.312294,-0.648915
0.312334,-0.648441
0.312374,-0.647966
0.312415,-0.647492
0.312455,-0.647018
0.312495,-0.646543
0.312535,-0.646069
0.312575,-0.645594
0.312615,-0.64512
0.312655,-0.644645
0.312695,-0.644171
0.312736,-0.643696
0.312776,-0.643222
0.312816,-0.642747
0.312856,-0.642273
0.312896,-0.641798
0.312936,-0.641324
0.312976,-0.64085
0.313016,-0.640375
0.313057,-0.639901
0.313097,-0.639426
0.313137,-0.638952
0.313177,-0.638477
0.313217,-0.638003
0.313257,-0.637528
0.313297,-0.637054
0.313337,-0.636579
0.313377,-0.636105
0.313418,-0.63563
0.313458,-0.635156
0.313498,-0.634681
0.313538,-0.634207
0.313578,-0.633733
0.313618,-0.633258
0.313658,-0.632784
0.313698,-0.632309
0.313739,-0.631835
0.313779,-0.63136
0.313819,-0.630886
0.313859,-0.630411
0.313899,-0.629937
0.313939,-0.629462
0.313979,-0.628988
0.314019,-0.628513
0.314059,-0.628039
0.3141,-0.627565
0.31414,-0.62709
0.31418,-0.626616
0.31422,-0.626141
0.31426,-0.625667
0.3143,-0.625192
0.31434,-0.624718
0.31438,-0.624243
0.314421,-0.623769
0.314461,-0.623294
0.314501,-0.62282
0.314541,-0.622345
0.314581,-0.621871
0.314621,-0.621397
0.314661,-0.620922
0.314701,-0.620448
0.314742,-0.619973
0.314782,-0.619499
0.314822,-0.619024
0.314862,-0.61855
0.314902,-0.618075
0.314942,-0.617601
0.314982,-0.617126
0.315022,-0.616652
0.315062,-0.616177
0.315103,-0.615703
0.315143,-0.615228
0.315183,-0.614754
0.315223,-0.61428
0.315263,-0.613805
0.315303,-0.613331
0.315343,-0.612856
0.315383,-0.612382
0.315424,-0.611907
0.315464,-0.611433
0.315504,-0.610958
0.315544,-0.610484
0.315584,-0.610009
0.315624,-0.609535
0.315664,-0.60906
0.315704,-0.608586
0.315744,-0.608112
0.315785,-0.607637
0.315825,-0.607163
0.315865,-0.606688
0.315905,-0.606214
0.315945,-0.605739
0.315985,-0.605265
0.316025,-0.60479
0.316065,-0.604316
0.316106,-0.603841
0.316146,-0.603367
0.316186,-0.602892
0.316226,-0.602418
0.316266,-0.601943
0.315419,-0.602854
0.314572,-0.603765
0.313725,-0.604675
0.312878,-0.605586
0.312031,-0.606497
0.311184,-0.607407
0.310337,-0.608318
0.309491,-0.609229
0.308644,-0.610139
0.307797,-0.61105
0.30695,-0.61196
0.306103,-0.612871
0.305256,-0.613782
0.304409,-0.614692
0.303562,-0.615603
0.302715,-0.616514
0.301868,-0.617424
0.301021,-0.618335
0.300174,-0.619246
0.299327,-0.620156
0.29848,-0.621067
0.297633,-0.621977
0.296786,-0.622888
0.29594,-0.623799
0.295093,-0.624709
0.294246,-0.62562
0.293399,-0.626531
0.292552,-0.627441
0.291705,-0.628352
0.290858,-0.629263
0.290011,-0.630173
0.289164,-0.631084
0.288317,-0.631994
0.28747,-0.632905
0.286623,-0.633816
0.285776,-0.634726
0.284929,-0.635637
0.284082,-0.636548
0.283235,-0.637458
0.282389,-0.638369
0.281542,-0.639279
0.280695,-0.64019
0.279848,-0.641101
0.279001,-0.642011
0.278154,-0.642922
0.277307,-0.643833
0.27646,-0.644743
0.275613,-0.645654
0.274766,-0.646565
0.273919,-0.647475
0.273072,-0.648386
0.272225,-0.649296
0.271378,-0.650207
0.270531,-0.651118
0.269684,-0.652028
0.268838,-0.652939
0.267991,-0.65385
0.267144,-0.65476
0.266297,-0.655671
0.26545,-0.656582
0.264603,-0.657492
0.263756,-0.658403
0.262909,-0.659313
0.262062,-0.660224
0.261215,-0.661135
0.260368,-0.662045
0.259521,-0.662956
0.258674,-0.663867
0.257827,-0.664777
0.25698,-0.665688
0.256133,-0.666598
0.255287,-0.667509
0.25444,-0.66842
0.253593,-0.66933
0.252746,-0.670241
0.251899,-0.671152
0.251052,-0.672062
0.250205,-0.672973
0.249358,-0.673884
0.248511,-0.674794
0.247664,-0.675705
0.246817,-0.676615
0.24597,-0.677526
0.245123,-0.678437
0.244276,-0.679347
0.243429,-0.680258
0.242582,-0.681169
0.241736,-0.682079
0.240889,-0.68299
0.240042,-0.683901
0.239195,-0.684811
0.238348,-0.685722
0.237501,-0.686632
0.236654,-0.687543
0.235807,-0.688454
0.23496,-0.689364
0.234113,-0.690275
0.233266,-0.691186
0.232419,-0.692096
0.231572,-0.693007
0.230725,-0.693918
0.229878,-0.694828
0.229031,-0.695739
0.228185,-0.696649
0.227338,-0.69756
0.226491,-0.698471
0.225644,-0.699381
0.224797,-0.700292
0.22395,-0.701203
0.223103,-0.702113
0.222256,-0.703024
0.221409,-0.703934
0.220562,-0.704845
0.219715,-0.705756
0.218868,-0.706666
0.218021,-0.707577
0.217174,-0.708488
0.216327,-0.709398
0.21548,-0.710309
0.214634,-0.71122
0.213787,-0.71213
0.21294,-0.713041
0.212093,-0.713951
0.211246,-0.714862
0.210399,-0.715773
0.209552,-0.716683
0.208705,-0.717594
0.207858,-0.718505
0.207011,-0.719415
0.206164,-0.720326
0.205317,-0.721237
0.20447,-0.722147
0.203623,-0.723058
0.202776,-0.723968
0.201929,-0.724879
0.201083,-0.72579
0.200236,-0.7267
0.199389,-0.727611
0.198542,-0.728522
0.197695,-0.729432
0.196848,-0.730343
0.196001,-0.731254
0.195154,-0.732164
0.194307,-0.733075
0.19346,-0.733985
0.192613,-0.734896
0.191766,-0.735807
0.190919,-0.736717
0.190072,-0.737628
0.191365,-0.736691
0.192658,-0.735753
0.193951,-0.734816
0.195244,-0.733879
0.196537,-0.732941
0.19783,-0.732004
0.199123,-0.731067
0.200416,-0.730129
0.201709,-0.729192
0.203002,-0.728255
0.204295,-0.727317
0.205588,-0.72638
0.206881,-0.725443
0.208174,-0.724505
0.209467,-0.723568
0.21076,-0.722631
0.212053,-0.721693
0.213346,-0.720756
0.214639,-0.719819
0.215932,-0.718881
0.217225,-0.717944
0.218518,-0.717007
0.219811,-0.716069
0.221104,-0.715132
0.222397,-0.714195
0.22369,-0.713257
0.224983,-0.71232
0.226276,-0.711383
0.227569,-0.710445
0.228862,-0.709508
0.230155,-0.708571
0.231448,-0.707633
0.232741,-0.706696
0.234034,-0.705759
0.235327,-0.704821
0.23662,-0.703884
0.237913,-0.702947
0.239206,-0.702009
0.240499,-0.701072
0.241792,-0.700135
0.243085,-0.699197
0.244378,-0.69826
0.245671,-0.697323
0.246964,-0.696385
0.248257,-0.695448
0.24955,-0.694511
0.250843,-0.693573
0.252136,-0.692636
0.253429,-0.691699
0.254722,-0.690761
0.256015,-0.689824
0.257308,-0.688887
0.258601,-0.687949
0.259894,-0.687012
0.261187,-0.686075
0.26248,-0.685137
0.263773,-0.6842
0.265066,-0.683263
0.266359,-0.682325
0.267652,-0.681388
0.268945,-0.680451
0.270238,-0.679513
0.271531,-0.678576
0.272824,-0.677639
0.274117,-0.676701
0.27541,-0.675764
0.276703,-0.674827
0.277996,-0.673889
0.279289,-0.672952
0.280582,-0.672014
0.281875,-0.671077
0.283168,-0.67014
0.284461,-0.669202
0.285754,-0.668265
0.287047,-0.667328
0.28834,-0.66639
0.289633,-0.665453
0.290926,-0.664516
0.292219,-0.663578
0.293512,-0.662641
0.294805,-0.661704
0.296098,-0.660766
0.297391,-0.659829
0.298684,-0.658892
0.299977,-0.657954
0.30127,-0.657017
0.302563,-0.65608
0.303856,-0.655142
0.305149,-0.654205
0.306442,-0.653268
0.307735,-0.65233
0.309029,-0.651393
0.310322,-0.650456
0.311615,-0.649518
0.312908,-0.648581
0.314201,-0.647644
0.315494,-0.646706
0.316787,-0.645769
0.31808,-0.644832
0.319373,-0.643894
0.320666,-0.642957
0.321959,-0.64202
0.323252,-0.641082
0.324545,-0.640145
0.325838,-0.639208
0.327131,-0.63827
0.328424,-0.637333
0.329717,-0.636396
0.33101,-0.635458
0.332303,-0.634521
0.333596,-0.633584
0.334889,-0.632646
0.336182,-0.631709
0.337475,-0.630772
0.338768,-0.629834
0.340061,-0.628897
0.341354,-0.62796
0.342647,-0.627022
0.34394,-0.626085
0.345233,-0.625148
0.346526,-0.62421
0.347819,-0.623273
0.349112,-0.622336
0.350405,-0.621398
0.351698,-0.620461
0.352991,-0.619524
0.354284,-0.618586
0.355577,-0.617649
0.35687,-0.616712
0.358163,-0.615774
0.359456,-0.614837
0.360749,-0.6139
0.362042,-0.612962
0.363335,-0.612025
0.364628,-0.611088
0.365921,-0.61015
0.367214,-0.609213
0.368507,-0.608276
0.3698,-0.607338
0.371093,-0.606401
0.372386,-0.605464
0.373679,-0.604526
0.374972,-0.603589
0.376265,-0.602652
0.377558,-0.601714
0.378851,-0.600777
0.380144,-0.59984
0.381437,-0.598902
0.38273,-0.597965
0.384023,-0.597028
0.385738,-0.597434
0.387453,-0.597841
0.389168,-0.598248
0.390882,-0.598654
0.392597,-0.599061
0.394312,-0.599468
0.396027,-0.599874
0.397742,-0.600281
0.399457,-0.600688
0.401172,-0.601094
0.402887,-0.601501
0.404602,-0.601908
0.406317,-0.602315
0.408032,-0.602721
0.409747,-0.603128
0.411462,-0.603535
0.413177,-0.603941
0.414892,-0.604348
0.416607,-0.604755
0.418322,-0.605161
0.420037,-0.605568
0.421752,-0.605975
0.423467,-0.606381
0.425182,-0.606788
0.426897,-0.607195
0.428612,-0.607601
0.430327,-0.608008
0.432042,-0.608415
0.433757,-0.608821
0.435472,-0.609228
0.437187,-0.609635
0.438901,-0.610041
0.440616,-0.610448
0.442331,-0.610855
0.444046,-0.611261
0.445761,-0.611668
0.447476,-0.612075
0.449191,-0.612482
0.450906,-0.612888
0.452621,-0.613295
0.454336,-0.613702
0.456051,-0.614108
0.457766,-0.614515
0.459481,-0.614922
0.461196,-0.615328
0.462911,-0.615735
0.464626,-0.616142
0.466341,-0.616548
0.468056,-0.616955
0.469771,-0.617362
0.471486,-0.617768
0.473201,-0.618175
0.474916,-0.618582
0.476631,-0.618988
0.478346,-0.619395
0.480061,-0.619802
0.481776,-0.620208
0.483491,-0.620615
0.485206,-0.621022
0.48692,-0.621428
0.488635,-0.621835
0.49035,-0.622242
0.492065,-0.622649
0.49378,-0.623055
0.495495,-0.623462
0.49721,-0.623869
0.498925,-0.624275
0.50064,-0.624682
0.502355,-0.625089
0.50407,-0.625495
0.505785,-0.625902
0.5075,-0.626309
0.509215,-0.626715
0.51093,-0.627122
0.512645,-0.627529
0.51436,-0.627935
0.516075,-0.628342
0.51779,-0.628749
0.519505,-0.629155
0.52122,-0.629562
0.522935,-0.629969
0.52465,-0.630375
0.526365,-0.630782
0.52808,-0.631189
0.529795,-0.631595
0.53151,-0.632002
0.533225,-0.632409
0.534939,-0.632815
0.536654,-0.633222
0.538369,-0.633629
0.540084,-0.634036
0.541799,-0.634442
0.543514,-0.634849
0.545229,-0.635256
0.546944,-0.635662
0.548659,-0.636069
0.550374,-0.636476
0.552089,-0.636882
0.553804,-0.637289
0.555519,-0.637696
0.557234,-0.638102
0.558949,-0.638509
0.560664,-0.638916
0.562379,-0.639322
0.564094,-0.639729
0.565809,-0.640136
0.567524,-0.640542
0.569239,-0.640949
0.570954,-0.641356
0.572669,-0.641762
0.574384,-0.642169
0.576099,-0.642576
0.577814,-0.642982
0.579529,-0.643389
0.581244,-0.643796
0.582958,-0.644203
0.584673,-0.644609
0.586388,-0.645016
0.588103,-0.645423
0.589818,-0.645829
0.591533,-0.646236
0.593248,-0.646643
0.594963,-0.647049
0.596678,-0.647456
0.598393,-0.647863
0.600108,-0.648269
0.601823,-0.648676
0.603538,-0.649083
0.605253,-0.649489
0.606968,-0.649896
0.608683,-0.650303
0.610398,-0.650709
0.612113,-0.651116
0.613828,-0.651523
0.615543,-0.651929
0.617258,-0.652336
0.618973,-0.652743
0.620688,-0.653149
0.622403,-0.653556
0.624118,-0.653963
0.625833,-0.65437
0.627548,-0.654776
0.629263,-0.655183
0.630977,-0.65559
0.632692,-0.655996
0.634407,-0.656403
0.636122,-0.65681
0.637837,-0.657216
0.639552,-0.657623
