O
25
1,0,-1,0.78,-0.5,0.75,0.0,0.0,0.0,0.3,0.4,0.02,0,0.8,False
2,0,-1,1.1,-0.5,0.93,0.0,0.0,0.0,0.02,0.4,0.2,0,0.8,False
3,0,-1,0.78,-0.5,1.11,0.0,0.0,0.0,0.3,0.4,0.02,0,0.8,False
4,0,-1,0.8,-0.92,0.93,0.0,0.0,0.0,0.32,0.02,0.2,0,0.8,False
5,0,-1,0.8,-0.08,0.93,0.0,0.0,0.0,0.32,0.02,0.2,0,0.8,False
6,2,0,0.6209503149394653,-0.6518926565092735,0.8450000000000001,0.0,0.0,5.467575720587215,0.06951464965558071,0.06951464965558071,0.15,0.18881484272111843,0.985159816766116,False
7,0,0,0.8294320934826298,-0.6945628020904877,0.86,0.0,0.0,3.877504539512955,0.07756011548890113,0.036894127970800626,0.09,0.45154350253135417,1.1320953153066362,False
8,0,0,0.8879088789207167,-0.4201815348157154,0.889311022310765,0.0,0.0,2.516907624036053,0.03,0.06681546225336182,0.1193110223107649,0.18157445760626278,1.073156838029787,False
9,2,0,0.844299670029697,-0.24378408149966824,0.8450000000000001,0.0,0.0,1.1403439887847182,0.03399206097454311,0.03399206097454311,0.15,0.2622010519322748,1.1922970100241428,False
10,2,0,0.6728961215784618,-0.4404015520159365,0.8450000000000001,0.0,0.0,0.31352712169175884,0.03,0.03,0.15,0.4213934172733188,1.0967781978034177,False
11,2,1,0.6710230486690014,-0.200208963250598,0.8450000000000001,0.0,0.0,3.9462780584951185,0.06077967491927013,0.06077967491927013,0.15,0.2883384386778485,0.9489516095365143,True
12,2,1,0.5266712860475443,-0.31350342589666513,0.8450000000000001,0.0,0.0,4.422476289290061,0.03,0.03,0.15,0.3931177719114024,0.9755052585852512,True
13,2,1,0.5520952253891656,-0.5038213195105568,0.8450000000000001,0.0,0.0,3.554940117022106,0.03,0.03,0.15,0.23082276517730915,1.19382831613119,True
14,2,1,0.8708724319143057,-0.8410044036097315,0.8554582153453398,0.0,0.0,4.954958068422233,0.03,0.03,0.17091643069067958,0.19479302900785456,1.0287617224187995,True
15,0,1,1.0308502357513167,-0.49892322631624547,0.86,0.0,0.0,3.03651984635399,0.03,0.03,0.09,0.39400389849391537,1.09214172564754,True
16,0,1,0.9714594957015654,-0.6593833821688864,0.8703508218881604,0.0,0.0,3.2229699125937135,0.031432323066717546,0.04105137970299918,0.10035082188816036,0.47183763949850555,0.9731392936637042,True
17,2,1,1.0118886152921898,-0.18838884941050715,0.8450000000000001,0.0,0.0,0.06733145132162276,0.05308764408937696,0.05308764408937696,0.15,0.2825992933513132,1.0081943940055813,True
18,2,1,0.6815640532114309,-0.34782411961602877,0.8477095867576766,0.0,0.0,0.6452079925016784,0.03,0.03,0.15541917351535314,0.23741903423790484,0.9861724618069716,True
19,0,1,0.9580376389604011,-0.8364843007946997,0.8786905421645231,0.0,0.0,3.3489262839122653,0.031055425193830612,0.03,0.10869054216452315,0.2574391713638766,0.9333206251771651,True
20,0,1,0.6485395109353902,-0.8416278057727609,0.86,0.0,0.0,3.3255173270798166,0.03,0.03,0.09,0.2698432609720914,0.9297220684205652,True
21,2,1,0.7715333726051855,-0.5245663594609391,0.8658458566033919,0.0,0.0,0.9347240145031884,0.03,0.03,0.19169171320678383,0.262867388869804,1.0255729566720861,True
22,0,1,0.5180933366216373,-0.8385807244591006,0.86,0.0,0.0,1.55481578455219,0.03,0.03247098241125692,0.09,0.003083282408990695,0.9435450861423436,True
23,2,1,0.8784547409542306,-0.1468838924471253,0.8586345332158174,0.0,0.0,3.3236259867697906,0.03,0.03,0.17726906643163473,0.2398028635776019,1.0993071333676467,True
24,0,1,1.0174245648853386,-0.3317876362457167,0.9114557265137304,0.0,0.0,4.376149568305662,0.03,0.031368928116537485,0.14145572651373037,0.16988953000503398,1.1203970499025016,True
25,2,1,0.7779525035278791,-0.8442680587298064,0.8620971015391383,0.0,0.0,5.613178999221908,0.03176791767726831,0.03176791767726831,0.18419420307827672,0.22002439707158422,1.1554505325965099,True
R
0.0,0.0,0.0,0.0,0.0,0.0,1.0
S
8
torso_lift_joint,0
r_shoulder_pan_joint,-1.69017
r_shoulder_lift_joint,-0.0788625
r_upper_arm_roll_joint,-1.69017
r_elbow_flex_joint,-1.2717
r_forearm_roll_joint,-0.151824
r_wrist_flex_joint,-1.25254
r_wrist_roll_joint,0.675062
G
0.60415,-0.470383,0.845,0.411253,-0,0
ooi
10
A
599
0.310248,-0.673113
0.31067,-0.673858
0.311093,-0.674604
0.311515,-0.675349
0.311937,-0.676094
0.312359,-0.67684
0.312781,-0.677585
0.313204,-0.678331
0.313626,-0.679076
0.314048,-0.679821
0.31447,-0.680567
0.314892,-0.681312
0.315314,-0.682057
0.315737,-0.682803
0.316159,-0.683548
0.316581,-0.684293
0.317003,-0.685039
0.317425,-0.685784
0.317848,-0.686529
0.31827,-0.687275
0.318692,-0.68802
0.319114,-0.688766
0.319536,-0.689511
0.319959,-0.690256
0.320381,-0.691002
0.320803,-0.691747
0.321225,-0.692492
0.321647,-0.693238
0.322069,-0.693983
0.322492,-0.694728
0.322914,-0.695474
0.323336,-0.696219
0.323758,-0.696964
0.32418,-0.69771
0.324603,-0.698455
0.325025,-0.699201
0.325447,-0.699946
0.325869,-0.700691
0.326291,-0.701437
0.326714,-0.702182
0.327136,-0.702927
0.327558,-0.703673
0.32798,-0.704418
0.328402,-0.705163
0.328825,-0.705909
0.329247,-0.706654
0.329669,-0.707399
0.330091,-0.708145
0.330513,-0.70889
0.330935,-0.709635
0.331358,-0.710381
0.33178,-0.711126
0.332202,-0.711872
0.332624,-0.712617
0.333046,-0.713362
0.333469,-0.714108
0.333891,-0.714853
0.334313,-0.715598
0.334735,-0.716344
0.335157,-0.717089
0.33558,-0.717834
0.336002,-0.71858
0.336424,-0.719325
0.336846,-0.72007
0.337268,-0.720816
0.337691,-0.721561
0.338113,-0.722307
0.338535,-0.723052
0.338957,-0.723797
0.339379,-0.724543
0.339801,-0.725288
0.340224,-0.726033
0.340646,-0.726779
0.341068,-0.727524
0.34149,-0.728269
0.341912,-0.729015
0.342335,-0.72976
0.342757,-0.730505
0.343179,-0.731251
0.343601,-0.731996
0.344023,-0.732741
0.344446,-0.733487
0.344868,-0.734232
0.34529,-0.734978
0.345712,-0.735723
0.346134,-0.736468
0.346557,-0.737214
0.346979,-0.737959
0.347401,-0.738704
0.347823,-0.73945
0.348245,-0.740195
0.348667,-0.74094
0.34909,-0.741686
0.349512,-0.742431
0.349934,-0.743176
0.350356,-0.743922
0.350778,-0.744667
0.351201,-0.745413
0.351623,-0.746158
0.352045,-0.746903
0.352467,-0.747649
0.352889,-0.748394
0.353312,-0.749139
0.353734,-0.749885
0.354156,-0.75063
0.354578,-0.751375
0.355,-0.752121
0.355422,-0.752866
0.355845,-0.753611
0.356267,-0.754357
0.356689,-0.755102
0.357111,-0.755847
0.357533,-0.756593
0.357956,-0.757338
0.358378,-0.758084
0.3588,-0.758829
0.359222,-0.759574
0.359644,-0.76032
0.360067,-0.761065
0.360489,-0.76181
0.360911,-0.762556
0.361333,-0.763301
0.361755,-0.764046
0.362178,-0.764792
0.3626,-0.765537
0.363022,-0.766282
0.363444,-0.767028
0.363866,-0.767773
0.364288,-0.768519
0.364711,-0.769264
0.365133,-0.770009
0.365555,-0.770755
0.365977,-0.7715
0.366399,-0.772245
0.366822,-0.772991
0.367244,-0.773736
0.367666,-0.774481
0.368088,-0.775227
0.36851,-0.775972
0.368933,-0.776717
0.369355,-0.777463
0.369777,-0.778208
0.370199,-0.778953
0.370621,-0.779699
0.371044,-0.780444
0.371466,-0.78119
0.371888,-0.781935
0.37231,-0.78268
0.372732,-0.783426
0.373154,-0.784171
0.373577,-0.784916
0.373762,-0.783358
0.373948,-0.7818
0.374134,-0.780241
0.374319,-0.778683
0.374505,-0.777124
0.37469,-0.775566
0.374876,-0.774008
0.375062,-0.772449
0.375247,-0.770891
0.375433,-0.769333
0.375618,-0.767774
0.375804,-0.766216
0.37599,-0.764657
0.376175,-0.763099
0.376361,-0.761541
0.376547,-0.759982
0.376732,-0.758424
0.376918,-0.756866
0.377103,-0.755307
0.377289,-0.753749
0.377475,-0.75219
0.37766,-0.750632
0.377846,-0.749074
0.378032,-0.747515
0.378217,-0.745957
0.378403,-0.744399
0.378588,-0.74284
0.378774,-0.741282
0.37896,-0.739723
0.379145,-0.738165
0.379331,-0.736607
0.379517,-0.735048
0.379702,-0.73349
0.379888,-0.731932
0.380073,-0.730373
0.380259,-0.728815
0.380445,-0.727256
0.38063,-0.725698
0.380816,-0.72414
0.381002,-0.722581
0.381187,-0.721023
0.381373,-0.719465
0.381558,-0.717906
0.381744,-0.716348
0.38193,-0.714789
0.382115,-0.713231
0.382301,-0.711673
0.382486,-0.710114
0.382672,-0.708556
0.382858,-0.706998
0.383043,-0.705439
0.383229,-0.703881
0.383415,-0.702322
0.3836,-0.700764
0.383786,-0.699206
0.383971,-0.697647
0.384157,-0.696089
0.384343,-0.694531
0.384528,-0.692972
0.384714,-0.691414
0.3849,-0.689855
0.385085,-0.688297
0.385271,-0.686739
0.385456,-0.68518
0.385642,-0.683622
0.385828,-0.682064
0.386013,-0.680505
0.386199,-0.678947
0.386385,-0.677388
0.38657,-0.67583
0.386756,-0.674272
0.386941,-0.672713
0.387127,-0.671155
0.387313,-0.669597
0.387498,-0.668038
0.387684,-0.66648
0.387869,-0.664921
0.388055,-0.663363
0.388241,-0.661805
0.388426,-0.660246
0.388612,-0.658688
0.388798,-0.65713
0.388983,-0.655571
0.389169,-0.654013
0.389354,-0.652454
0.38954,-0.650896
0.389726,-0.649338
0.389911,-0.647779
0.390097,-0.646221
0.390283,-0.644663
0.390468,-0.643104
0.390654,-0.641546
0.390839,-0.639987
0.391025,-0.638429
0.391211,-0.636871
0.391396,-0.635312
0.391582,-0.633754
0.391768,-0.632196
0.391953,-0.630637
0.392139,-0.629079
0.392324,-0.62752
0.39251,-0.625962
0.392696,-0.624404
0.392881,-0.622845
0.393067,-0.621287
0.393253,-0.619729
0.393438,-0.61817
0.393624,-0.616612
0.393809,-0.615053
0.393995,-0.613495
0.394181,-0.611937
0.394366,-0.610378
0.394552,-0.60882
0.394737,-0.607262
0.394923,-0.605703
0.395109,-0.604145
0.395294,-0.602586
0.39548,-0.601028
0.395666,-0.59947
0.395851,-0.597911
0.396037,-0.596353
0.396222,-0.594795
0.396408,-0.593236
0.396594,-0.591678
0.396779,-0.590119
0.396965,-0.588561
0.397151,-0.587003
0.397336,-0.585444
0.397522,-0.583886
0.397707,-0.582327
0.397893,-0.580769
0.398079,-0.579211
0.398264,-0.577652
0.39845,-0.576094
0.398636,-0.574536
0.398821,-0.572977
0.399007,-0.571419
0.399192,-0.56986
0.399378,-0.568302
0.399564,-0.566744
0.399749,-0.565185
0.399935,-0.563627
0.400121,-0.562069
0.400306,-0.56051
0.400492,-0.558952
0.400677,-0.557393
0.400863,-0.555835
0.401049,-0.554277
0.401234,-0.552718
0.401345,-0.55254
0.401455,-0.552361
0.401566,-0.552183
0.401676,-0.552004
0.401787,-0.551826
0.401897,-0.551647
0.402008,-0.551469
0.402118,-0.55129
0.402229,-0.551111
0.402339,-0.550933
0.40245,-0.550754
0.40256,-0.550576
0.402671,-0.550397
0.402782,-0.550219
0.402892,-0.55004
0.403003,-0.549862
0.403113,-0.549683
0.403224,-0.549505
0.403334,-0.549326
0.403445,-0.549147
0.403555,-0.548969
0.403666,-0.54879
0.403776,-0.548612
0.403887,-0.548433
0.403997,-0.548255
0.404108,-0.548076
0.404218,-0.547898
0.404329,-0.547719
0.404439,-0.547541
0.40455,-0.547362
0.40466,-0.547184
0.404771,-0.547005
0.404881,-0.546826
0.404992,-0.546648
0.405102,-0.546469
0.405213,-0.546291
0.405323,-0.546112
0.405434,-0.545934
0.405545,-0.545755
0.405655,-0.545577
0.405766,-0.545398
0.405876,-0.54522
0.405987,-0.545041
0.406097,-0.544862
0.406208,-0.544684
0.406318,-0.544505
0.406429,-0.544327
0.406539,-0.544148
0.40665,-0.54397
0.40676,-0.543791
0.406871,-0.543613
0.406981,-0.543434
0.407092,-0.543256
0.407202,-0.543077
0.407313,-0.542898
0.407423,-0.54272
0.407534,-0.542541
0.407644,-0.542363
0.407755,-0.542184
0.407865,-0.542006
0.407976,-0.541827
0.408086,-0.541649
0.408197,-0.54147
0.408308,-0.541292
0.408418,-0.541113
0.408529,-0.540934
0.408639,-0.540756
0.40875,-0.540577
0.40886,-0.540399
0.408971,-0.54022
0.409081,-0.540042
0.409192,-0.539863
0.409302,-0.539685
0.409413,-0.539506
0.409523,-0.539328
0.409634,-0.539149
0.409744,-0.53897
0.409855,-0.538792
0.409965,-0.538613
0.410076,-0.538435
0.410186,-0.538256
0.410297,-0.538078
0.410407,-0.537899
0.410518,-0.537721
0.410628,-0.537542
0.410739,-0.537364
0.410849,-0.537185
0.41096,-0.537007
0.411071,-0.536828
0.411181,-0.536649
0.411292,-0.536471
0.411402,-0.536292
0.411513,-0.536114
0.411623,-0.535935
0.411734,-0.535757
0.411844,-0.535578
0.411955,-0.5354
0.412065,-0.535221
0.412176,-0.535043
0.412286,-0.534864
0.412397,-0.534685
0.412507,-0.534507
0.412618,-0.534328
0.412728,-0.53415
0.412839,-0.533971
0.412949,-0.533793
0.41306,-0.533614
0.41317,-0.533436
0.413281,-0.533257
0.413391,-0.533079
0.413502,-0.5329
0.413612,-0.532721
0.413723,-0.532543
0.413834,-0.532364
0.413944,-0.532186
0.414055,-0.532007
0.414165,-0.531829
0.414276,-0.53165
0.414386,-0.531472
0.414497,-0.531293
0.414607,-0.531115
0.414718,-0.530936
0.414828,-0.530757
0.414939,-0.530579
0.415049,-0.5304
0.41516,-0.530222
0.41527,-0.530043
0.415381,-0.529865
0.415491,-0.529686
0.415602,-0.529508
0.415712,-0.529329
0.415823,-0.529151
0.415933,-0.528972
0.416044,-0.528793
0.416154,-0.528615
0.416265,-0.528436
0.416375,-0.528258
0.416486,-0.528079
0.416597,-0.527901
0.416707,-0.527722
0.416818,-0.527544
0.416928,-0.527365
0.417039,-0.527187
0.417149,-0.527008
0.41726,-0.52683
0.41737,-0.526651
0.417481,-0.526472
0.417591,-0.526294
0.417702,-0.526115
0.417812,-0.525937
0.419063,-0.525564
0.420313,-0.525191
0.421564,-0.524818
0.422815,-0.524445
0.424065,-0.524073
0.425316,-0.5237
0.426566,-0.523327
0.427817,-0.522954
0.429068,-0.522581
0.430318,-0.522208
0.431569,-0.521836
0.432819,-0.521463
0.43407,-0.52109
0.43532,-0.520717
0.436571,-0.520344
0.437822,-0.519971
0.439072,-0.519598
0.440323,-0.519226
0.441573,-0.518853
0.442824,-0.51848
0.444075,-0.518107
0.445325,-0.517734
0.446576,-0.517361
0.447826,-0.516989
0.449077,-0.516616
0.450327,-0.516243
0.451578,-0.51587
0.452829,-0.515497
0.454079,-0.515124
0.45533,-0.514752
0.45658,-0.514379
0.457831,-0.514006
0.459082,-0.513633
0.460332,-0.51326
0.461583,-0.512887
0.462833,-0.512515
0.464084,-0.512142
0.465335,-0.511769
0.466585,-0.511396
0.467836,-0.511023
0.469086,-0.51065
0.470337,-0.510277
0.471587,-0.509905
0.472838,-0.509532
0.474089,-0.509159
0.475339,-0.508786
0.47659,-0.508413
0.47784,-0.50804
0.479091,-0.507668
0.480342,-0.507295
0.481592,-0.506922
0.482843,-0.506549
0.484093,-0.506176
0.485344,-0.505803
0.486594,-0.505431
0.487845,-0.505058
0.489096,-0.504685
0.490346,-0.504312
0.491597,-0.503939
0.492847,-0.503566
0.494098,-0.503193
0.495349,-0.502821
0.496599,-0.502448
0.49785,-0.502075
0.4991,-0.501702
0.500351,-0.501329
0.501602,-0.500956
0.502852,-0.500584
0.504103,-0.500211
0.505353,-0.499838
0.506604,-0.499465
0.507854,-0.499092
0.509105,-0.498719
0.510356,-0.498347
0.511606,-0.497974
0.512857,-0.497601
0.514107,-0.497228
0.515358,-0.496855
0.516609,-0.496482
0.517859,-0.496109
0.51911,-0.495737
0.52036,-0.495364
0.521611,-0.494991
0.522861,-0.494618
0.524112,-0.494245
0.525363,-0.493872
0.526613,-0.4935
0.527864,-0.493127
0.529114,-0.492754
0.530365,-0.492381
0.531616,-0.492008
0.532866,-0.491635
0.534117,-0.491263
0.535367,-0.49089
0.536618,-0.490517
0.537869,-0.490144
0.539119,-0.489771
0.54037,-0.489398
0.54162,-0.489025
0.542871,-0.488653
0.544121,-0.48828
0.545372,-0.487907
0.546623,-0.487534
0.547873,-0.487161
0.549124,-0.486788
0.550374,-0.486416
0.551625,-0.486043
0.552876,-0.48567
0.554126,-0.485297
0.555377,-0.484924
0.556627,-0.484551
0.557878,-0.484179
0.559128,-0.483806
0.560379,-0.483433
0.56163,-0.48306
0.56288,-0.482687
0.564131,-0.482314
0.565381,-0.481942
0.566632,-0.481569
0.567883,-0.481196
0.569133,-0.480823
0.570384,-0.48045
0.571634,-0.480077
0.572885,-0.479704
0.574136,-0.479332
0.575386,-0.478959
0.576637,-0.478586
0.577887,-0.478213
0.579138,-0.47784
0.580388,-0.477467
0.581639,-0.477095
0.58289,-0.476722
0.58414,-0.476349
0.585391,-0.475976
0.586641,-0.475603
0.587892,-0.47523
0.589143,-0.474858
0.590393,-0.474485
0.591644,-0.474112
0.592894,-0.473739
0.594145,-0.473366
0.595395,-0.472993
0.596646,-0.47262
0.597897,-0.472248
0.599147,-0.471875
0.600398,-0.471502
0.601648,-0.471129
0.602899,-0.470756
0.60415,-0.470383
