O
25
1,0,-1,0.78,-0.5,0.75,0.0,0.0,0.0,0.3,0.4,0.02,0,0.8,False
2,0,-1,1.1,-0.5,0.93,0.0,0.0,0.0,0.02,0.4,0.2,0,0.8,False
3,0,-1,0.78,-0.5,1.11,0.0,0.0,0.0,0.3,0.4,0.02,0,0.8,False
4,0,-1,0.8,-0.92,0.93,0.0,0.0,0.0,0.32,0.02,0.2,0,0.8,False
5,0,-1,0.8,-0.08,0.93,0.0,0.0,0.0,0.32,0.02,0.2,0,0.8,False
6,0,0,0.8178142273106805,-0.753231187375209,0.8627980996732346,0.0,0.0,5.970334944446568,0.034273668114662106,0.03,0.09279809967323456,0.3705263576836829,0.8418981108724929,False
7,0,0,0.572306610487545,-0.43575019651338914,0.9087200571983658,0.0,0.0,0.3028423151514431,0.041513832700941354,0.03,0.13872005719836575,0.168596444285942,1.0677372385718669,False
8,2,0,0.6240848341960998,-0.31674430506188145,0.8572224970011966,0.0,0.0,3.6997307482418886,0.03,0.03,0.174444994002393,0.32319561658690593,1.1928640949345495,False
9,2,0,0.9758051747267552,-0.24437491754600704,0.8450000000000001,0.0,0.0,0.7591624006153295,0.06447346261177424,0.06447346261177424,0.15,0.3597262541889939,0.9199976143978319,False
10,2,0,0.6488504075643295,-0.7409335003379899,0.8450000000000001,0.0,0.0,5.800472420891942,0.03,0.03,0.15,0.02415134978611283,1.1608404383491562,False
11,0,1,0.7517966566902476,-0.4407515547227972,0.8836955180629322,0.0,0.0,4.324181686580643,0.04543299918315273,0.03295322430966291,0.11369551806293217,0.40235422963997636,0.9733636083575661,True
12,2,1,0.686726795419982,-0.1835082682015844,0.8450000000000001,0.0,0.0,6.062749831757706,0.0613028675122802,0.0613028675122802,0.15,0.2850771504976985,1.001973825938078,True
13,0,1,0.891581237045479,-0.4441236011599481,0.8787368208425048,0.0,0.0,6.0340883906659455,0.03,0.0425324230633084,0.1087368208425048,0.17908314164634154,0.9369654651985031,True
14,2,1,0.7073349079637645,-0.854911211583352,0.8536990200456115,0.0,0.0,3.2076585316338435,0.03,0.03,0.16739804009122297,0.3182060003123048,0.9360735330881114,True
15,0,1,0.941325710952669,-0.5926868392681577,0.86,0.0,0.0,4.386864905118794,0.03,0.03,0.09,0.2914566989661488,0.8979606524804209,True
16,0,1,0.9764740164693055,-0.7356727057782823,0.86,0.0,0.0,4.760355527491541,0.06272590206099868,0.03,0.09,0.2664879983174998,0.8034614965455319,True
17,2,1,0.7693280595736358,-0.5665105497233743,0.8450000000000001,0.0,0.0,5.8938122676048375,0.03,0.03,0.15,0.112487241628213,1.1835898232862974,True
18,2,1,0.6277804109196714,-0.537714771290789,0.8450000000000001,0.0,0.0,6.120944909723157,0.03,0.03,0.15,0.2137565554955443,0.8915664393825721,True
19,0,1,0.5414159386234065,-0.6584298617124882,0.908919693144348,0.0,0.0,1.9859098287999977,0.04602816029516533,0.034022560218221184,0.138919693144348,0.36696165895227284,1.1942315695560357,True
20,2,1,0.5442383192530899,-0.18825357181332392,0.8694225856363771,0.0,0.0,3.2072071528872574,0.03,0.03,0.19884517127275428,0.20932612777852921,0.8254039097233009,True
21,0,1,0.8204039720763198,-0.27362901438581266,0.8796112836041774,0.0,0.0,2.2469515987244915,0.038963873711258146,0.03,0.10961128360417736,0.1995079338116445,1.1327962209489395,True
22,0,1,0.5304032323980509,-0.2893374338117889,0.86,0.0,0.0,4.446131753889651,0.04286311284095012,0.03,0.09,0.3412223165969041,0.9665645008601288,True
23,2,1,0.5180591784601156,-0.8410870556421217,0.8450000000000001,0.0,0.0,1.3124508016364445,0.03,0.03,0.15,0.3091705392656317,0.9375144933541562,True
24,2,1,0.8735557752226931,-0.8457006782730616,0.8450000000000001,0.0,0.0,2.0124417602390627,0.03,0.03,0.15,0.038069012051954565,0.915276887255961,True
25,0,1,0.9719383260622114,-0.4714931280429254,0.8857701939962441,0.0,0.0,0.00528211773482695,0.03,0.032015586453959737,0.11577019399624416,0.16874257640903767,0.8672987954998722,True
R
0.0,0.0,0.0,0.0,0.0,0.0,1.0
S
8
torso_lift_joint,0
r_shoulder_pan_joint,-1.69017
r_shoulder_lift_joint,-0.0788625
r_upper_arm_roll_joint,-1.69017
r_elbow_flex_joint,-1.2717
r_forearm_roll_joint,-0.151824
r_wrist_flex_joint,-1.25254
r_wrist_roll_joint,0.675062
G
0.48973,-0.461552,0.90872,0.302842,-0,0
ooi
7
A
599
0.310248,-0.673113
0.309985,-0.673915
0.309721,-0.674718
0.309458,-0.67552
0.309195,-0.676322
0.308931,-0.677125
0.308668,-0.677927
0.308405,-0.67873
0.308141,-0.679532
0.307878,-0.680334
0.307615,-0.681137
0.307351,-0.681939
0.307088,-0.682741
0.306825,-0.683544
0.306561,-0.684346
0.306298,-0.685148
0.306035,-0.685951
0.305771,-0.686753
0.305508,-0.687555
0.305245,-0.688358
0.304981,-0.68916
0.304718,-0.689962
0.304455,-0.690765
0.304191,-0.691567
0.303928,-0.69237
0.303665,-0.693172
0.303401,-0.693974
0.303138,-0.694777
0.302875,-0.695579
0.302611,-0.696381
0.302348,-0.697184
0.302085,-0.697986
0.301821,-0.698788
0.301558,-0.699591
0.301295,-0.700393
0.301031,-0.701195
0.300768,-0.701998
0.300505,-0.7028
0.300241,-0.703602
0.299978,-0.704405
0.299715,-0.705207
0.299451,-0.70601
0.299188,-0.706812
0.298925,-0.707614
0.298661,-0.708417
0.298398,-0.709219
0.298135,-0.710021
0.297871,-0.710824
0.297608,-0.711626
0.297345,-0.712428
0.297081,-0.713231
0.296818,-0.714033
0.296555,-0.714835
0.296291,-0.715638
0.296028,-0.71644
0.295765,-0.717242
0.295501,-0.718045
0.295238,-0.718847
0.294975,-0.71965
0.294711,-0.720452
0.294448,-0.721254
0.294184,-0.722057
0.293921,-0.722859
0.293658,-0.723661
0.293394,-0.724464
0.293131,-0.725266
0.292868,-0.726068
0.292604,-0.726871
0.292341,-0.727673
0.292078,-0.728475
0.291814,-0.729278
0.291551,-0.73008
0.291288,-0.730882
0.291024,-0.731685
0.290761,-0.732487
0.290498,-0.73329
0.290234,-0.734092
0.289971,-0.734894
0.289708,-0.735697
0.289444,-0.736499
0.289181,-0.737301
0.288918,-0.738104
0.288654,-0.738906
0.288391,-0.739708
0.288128,-0.740511
0.287864,-0.741313
0.287601,-0.742115
0.287338,-0.742918
0.287074,-0.74372
0.286811,-0.744522
0.286548,-0.745325
0.286284,-0.746127
0.286021,-0.74693
0.285758,-0.747732
0.285494,-0.748534
0.285231,-0.749337
0.284968,-0.750139
0.284704,-0.750941
0.284441,-0.751744
0.284178,-0.752546
0.283914,-0.753348
0.283651,-0.754151
0.283388,-0.754953
0.283124,-0.755755
0.282861,-0.756558
0.282598,-0.75736
0.282334,-0.758162
0.282071,-0.758965
0.281808,-0.759767
0.281544,-0.760569
0.281281,-0.761372
0.281018,-0.762174
0.280754,-0.762977
0.280491,-0.763779
0.280228,-0.764581
0.279964,-0.765384
0.279701,-0.766186
0.279437,-0.766988
0.279174,-0.767791
0.278911,-0.768593
0.278647,-0.769395
0.278384,-0.770198
0.278121,-0.771
0.277857,-0.771802
0.277594,-0.772605
0.277331,-0.773407
0.277067,-0.774209
0.276804,-0.775012
0.276541,-0.775814
0.276277,-0.776617
0.276014,-0.777419
0.275751,-0.778221
0.275487,-0.779024
0.275224,-0.779826
0.274961,-0.780628
0.274697,-0.781431
0.274434,-0.782233
0.274171,-0.783035
0.273907,-0.783838
0.273644,-0.78464
0.273381,-0.785442
0.273117,-0.786245
0.272854,-0.787047
0.272591,-0.787849
0.272327,-0.788652
0.272064,-0.789454
0.271801,-0.790257
0.271537,-0.791059
0.271274,-0.791861
0.271011,-0.792664
0.270747,-0.793466
0.27214,-0.792211
0.273534,-0.790956
0.274927,-0.789701
0.27632,-0.788446
0.277713,-0.787191
0.279106,-0.785936
0.280499,-0.784681
0.281893,-0.783426
0.283286,-0.782171
0.284679,-0.780916
0.286072,-0.779661
0.287465,-0.778406
0.288858,-0.777151
0.290251,-0.775896
0.291645,-0.774641
0.293038,-0.773387
0.294431,-0.772132
0.295824,-0.770877
0.297217,-0.769622
0.29861,-0.768367
0.300003,-0.767112
0.301397,-0.765857
0.30279,-0.764602
0.304183,-0.763347
0.305576,-0.762092
0.306969,-0.760837
0.308362,-0.759582
0.309756,-0.758327
0.311149,-0.757072
0.312542,-0.755817
0.313935,-0.754562
0.315328,-0.753307
0.316721,-0.752052
0.318114,-0.750797
0.319508,-0.749542
0.320901,-0.748287
0.322294,-0.747032
0.323687,-0.745777
0.32508,-0.744522
0.326473,-0.743267
0.327866,-0.742012
0.32926,-0.740757
0.330653,-0.739502
0.332046,-0.738248
0.333439,-0.736993
0.334832,-0.735738
0.336225,-0.734483
0.337619,-0.733228
0.339012,-0.731973
0.340405,-0.730718
0.341798,-0.729463
0.343191,-0.728208
0.344584,-0.726953
0.345977,-0.725698
0.347371,-0.724443
0.348764,-0.723188
0.350157,-0.721933
0.35155,-0.720678
0.352943,-0.719423
0.354336,-0.718168
0.35573,-0.716913
0.357123,-0.715658
0.358516,-0.714403
0.359909,-0.713148
0.361302,-0.711893
0.362695,-0.710638
0.364088,-0.709383
0.365482,-0.708128
0.366875,-0.706873
0.368268,-0.705618
0.369661,-0.704363
0.371054,-0.703109
0.372447,-0.701854
0.37384,-0.700599
0.375234,-0.699344
0.376627,-0.698089
0.37802,-0.696834
0.379413,-0.695579
0.380806,-0.694324
0.382199,-0.693069
0.383593,-0.691814
0.384986,-0.690559
0.386379,-0.689304
0.387772,-0.688049
0.389165,-0.686794
0.390558,-0.685539
0.391951,-0.684284
0.393345,-0.683029
0.394738,-0.681774
0.396131,-0.680519
0.397524,-0.679264
0.398917,-0.678009
0.40031,-0.676754
0.401704,-0.675499
0.403097,-0.674244
0.40449,-0.672989
0.405883,-0.671734
0.407276,-0.670479
0.408669,-0.669224
0.410062,-0.66797
0.411456,-0.666715
0.412849,-0.66546
0.414242,-0.664205
0.415635,-0.66295
0.417028,-0.661695
0.418421,-0.66044
0.419814,-0.659185
0.421208,-0.65793
0.422601,-0.656675
0.423994,-0.65542
0.425387,-0.654165
0.42678,-0.65291
0.428173,-0.651655
0.429567,-0.6504
0.43096,-0.649145
0.432353,-0.64789
0.433746,-0.646635
0.435139,-0.64538
0.436532,-0.644125
0.437925,-0.64287
0.439319,-0.641615
0.440712,-0.64036
0.442105,-0.639105
0.443498,-0.63785
0.444891,-0.636595
0.446284,-0.63534
0.447678,-0.634085
0.449071,-0.632831
0.450464,-0.631576
0.451857,-0.630321
0.45325,-0.629066
0.454643,-0.627811
0.456036,-0.626556
0.45743,-0.625301
0.458823,-0.624046
0.460216,-0.622791
0.461609,-0.621536
0.463002,-0.620281
0.464395,-0.619026
0.465788,-0.617771
0.467182,-0.616516
0.468575,-0.615261
0.469968,-0.614006
0.471361,-0.612751
0.472754,-0.611496
0.474147,-0.610241
0.475541,-0.608986
0.476934,-0.607731
0.478327,-0.606476
0.47816,-0.605796
0.477994,-0.605115
0.477828,-0.604435
0.477661,-0.603754
0.477495,-0.603074
0.477328,-0.602393
0.477162,-0.601713
0.476996,-0.601032
0.476829,-0.600352
0.476663,-0.599672
0.476497,-0.598991
0.47633,-0.598311
0.476164,-0.59763
0.475997,-0.59695
0.475831,-0.596269
0.475665,-0.595589
0.475498,-0.594908
0.475332,-0.594228
0.475165,-0.593547
0.474999,-0.592867
0.474833,-0.592186
0.474666,-0.591506
0.4745,-0.590825
0.474333,-0.590145
0.474167,-0.589464
0.474001,-0.588784
0.473834,-0.588103
0.473668,-0.587423
0.473501,-0.586742
0.473335,-0.586062
0.473169,-0.585382
0.473002,-0.584701
0.472836,-0.584021
0.472669,-0.58334
0.472503,-0.58266
0.472337,-0.581979
0.47217,-0.581299
0.472004,-0.580618
0.471837,-0.579938
0.471671,-0.579257
0.471505,-0.578577
0.471338,-0.577896
0.471172,-0.577216
0.471006,-0.576535
0.470839,-0.575855
0.470673,-0.575174
0.470506,-0.574494
0.47034,-0.573813
0.470174,-0.573133
0.470007,-0.572452
0.469841,-0.571772
0.469674,-0.571092
0.469508,-0.570411
0.469342,-0.569731
0.469175,-0.56905
0.469009,-0.56837
0.468842,-0.567689
0.468676,-0.567009
0.46851,-0.566328
0.468343,-0.565648
0.468177,-0.564967
0.46801,-0.564287
0.467844,-0.563606
0.467678,-0.562926
0.467511,-0.562245
0.467345,-0.561565
0.467178,-0.560884
0.467012,-0.560204
0.466846,-0.559523
0.466679,-0.558843
0.466513,-0.558162
0.466346,-0.557482
0.46618,-0.556802
0.466014,-0.556121
0.465847,-0.555441
0.465681,-0.55476
0.465515,-0.55408
0.465348,-0.553399
0.465182,-0.552719
0.465015,-0.552038
0.464849,-0.551358
0.464683,-0.550677
0.464516,-0.549997
0.46435,-0.549316
0.464183,-0.548636
0.464017,-0.547955
0.463851,-0.547275
0.463684,-0.546594
0.463518,-0.545914
0.463351,-0.545233
0.463185,-0.544553
0.463019,-0.543872
0.462852,-0.543192
0.462686,-0.542512
0.462519,-0.541831
0.462353,-0.541151
0.462187,-0.54047
0.46202,-0.53979
0.461854,-0.539109
0.461687,-0.538429
0.461521,-0.537748
0.461355,-0.537068
0.461188,-0.536387
0.461022,-0.535707
0.460856,-0.535026
0.460689,-0.534346
0.460523,-0.533665
0.460356,-0.532985
0.46019,-0.532304
0.460024,-0.531624
0.459857,-0.530943
0.459691,-0.530263
0.459524,-0.529582
0.459358,-0.528902
0.459192,-0.528222
0.459025,-0.527541
0.458859,-0.526861
0.458692,-0.52618
0.458526,-0.5255
0.45836,-0.524819
0.458193,-0.524139
0.458027,-0.523458
0.45786,-0.522778
0.457694,-0.522097
0.457528,-0.521417
0.457361,-0.520736
0.457195,-0.520056
0.457028,-0.519375
0.456862,-0.518695
0.456696,-0.518014
0.456529,-0.517334
0.456363,-0.516653
0.456196,-0.515973
0.45603,-0.515292
0.455864,-0.514612
0.455697,-0.513932
0.455531,-0.513251
0.455365,-0.512571
0.455198,-0.51189
0.455032,-0.51121
0.454865,-0.510529
0.454699,-0.509849
0.454533,-0.509168
0.454366,-0.508488
0.4542,-0.507807
0.454033,-0.507127
0.453867,-0.506446
0.453701,-0.505766
0.453534,-0.505085
0.453368,-0.504405
0.453612,-0.504117
0.453856,-0.50383
0.4541,-0.503542
0.454344,-0.503254
0.454588,-0.502967
0.454832,-0.502679
0.455076,-0.502392
0.45532,-0.502104
0.455564,-0.501816
0.455808,-0.501529
0.456052,-0.501241
0.456296,-0.500954
0.45654,-0.500666
0.456784,-0.500378
0.457028,-0.500091
0.457272,-0.499803
0.457516,-0.499516
0.457761,-0.499228
0.458005,-0.49894
0.458249,-0.498653
0.458493,-0.498365
0.458737,-0.498078
0.458981,-0.49779
0.459225,-0.497502
0.459469,-0.497215
0.459713,-0.496927
0.459957,-0.496639
0.460201,-0.496352
0.460445,-0.496064
0.460689,-0.495777
0.460933,-0.495489
0.461177,-0.495201
0.461421,-0.494914
0.461665,-0.494626
0.461909,-0.494339
0.462153,-0.494051
0.462397,-0.493763
0.462641,-0.493476
0.462885,-0.493188
0.463129,-0.492901
0.463373,-0.492613
0.463617,-0.492325
0.463862,-0.492038
0.464106,-0.49175
0.46435,-0.491463
0.464594,-0.491175
0.464838,-0.490887
0.465082,-0.4906
0.465326,-0.490312
0.46557,-0.490025
0.465814,-0.489737
0.466058,-0.489449
0.466302,-0.489162
0.466546,-0.488874
0.46679,-0.488587
0.467034,-0.488299
0.467278,-0.488011
0.467522,-0.487724
0.467766,-0.487436
0.46801,-0.487149
0.468254,-0.486861
0.468498,-0.486573
0.468742,-0.486286
0.468986,-0.485998
0.46923,-0.48571
0.469474,-0.485423
0.469718,-0.485135
0.469963,-0.484848
0.470207,-0.48456
0.470451,-0.484272
0.470695,-0.483985
0.470939,-0.483697
0.471183,-0.48341
0.471427,-0.483122
0.471671,-0.482834
0.471915,-0.482547
0.472159,-0.482259
0.472403,-0.481972
0.472647,-0.481684
0.472891,-0.481396
0.473135,-0.481109
0.473379,-0.480821
0.473623,-0.480534
0.473867,-0.480246
0.474111,-0.479958
0.474355,-0.479671
0.474599,-0.479383
0.474843,-0.479096
0.475087,-0.478808
0.475331,-0.47852
0.475575,-0.478233
0.475819,-0.477945
0.476064,-0.477658
0.476308,-0.47737
0.476552,-0.477082
0.476796,-0.476795
0.47704,-0.476507
0.477284,-0.476219
0.477528,-0.475932
0.477772,-0.475644
0.478016,-0.475357
0.47826,-0.475069
0.478504,-0.474781
0.478748,-0.474494
0.478992,-0.474206
0.479236,-0.473919
0.47948,-0.473631
0.479724,-0.473343
0.479968,-0.473056
0.480212,-0.472768
0.480456,-0.472481
0.4807,-0.472193
0.480944,-0.471905
0.481188,-0.471618
0.481432,-0.47133
0.481676,-0.471043
0.481921,-0.470755
0.482165,-0.470467
0.482409,-0.47018
0.482653,-0.469892
0.482897,-0.469605
0.483141,-0.469317
0.483385,-0.469029
0.483629,-0.468742
0.483873,-0.468454
0.484117,-0.468167
0.484361,-0.467879
0.484605,-0.467591
0.484849,-0.467304
0.485093,-0.467016
0.485337,-0.466728
0.485581,-0.466441
0.485825,-0.466153
0.486069,-0.465866
0.486313,-0.465578
0.486557,-0.46529
0.486801,-0.465003
0.487045,-0.464715
0.487289,-0.464428
0.487533,-0.46414
0.487777,-0.463852
0.488022,-0.463565
0.488266,-0.463277
0.48851,-0.46299
0.488754,-0.462702
0.488998,-0.462414
0.489242,-0.462127
0.489486,-0.461839
0.48973,-0.461552
