O
25
1,0,-1,0.78,-0.5,0.75,0.0,0.0,0.0,0.3,0.4,0.02,0,0.8,False
2,0,-1,1.1,-0.5,0.93,0.0,0.0,0.0,0.02,0.4,0.2,0,0.8,False
3,0,-1,0.78,-0.5,1.11,0.0,0.0,0.0,0.3,0.4,0.02,0,0.8,False
4,0,-1,0.8,-0.92,0.93,0.0,0.0,0.0,0.32,0.02,0.2,0,0.8,False
5,0,-1,0.8,-0.08,0.93,0.0,0.0,0.0,0.32,0.02,0.2,0,0.8,False
6,2,0,0.7963191204604501,-0.6392583893626261,0.8602458319792664,0.0,0.0,2.011421866540968,0.07626700606281876,0.07626700606281876,0.1804916639585328,0.08130913802944145,1.1484865438565302,False
7,2,0,0.6428671957117349,-0.5058764918125151,0.848827010843411,0.0,0.0,0.23495828250349082,0.03,0.03,0.15765402168682185,0.33740672098207736,1.1257460090601539,False
8,0,0,0.8604431747891893,-0.44917148269318435,0.86,0.0,0.0,5.2270683855098214,0.03737772425545724,0.038096941004219974,0.09,0.015218745634826725,0.9675739477799336,False
9,2,0,0.9749407873681193,-0.5424015818145881,0.8450000000000001,0.0,0.0,2.552977932822212,0.03,0.03,0.15,0.24641062013821996,1.0087450672615892,False
10,0,0,0.8127038941157954,-0.302020994297462,0.9122764989821827,0.0,0.0,0.5282215361972439,0.06420507327663695,0.031129171296629,0.14227649898218261,0.26457791845937995,1.124065128939097,False
11,0,1,0.9704129440203968,-0.23542926212967386,0.8933882822417807,0.0,0.0,6.131056191384785,0.03,0.041349957759370025,0.12338828224178065,0.15944840440875802,0.8062951901378343,True
12,2,1,0.7365581599946327,-0.848672741440443,0.8450000000000001,0.0,0.0,3.2303761875673875,0.03,0.03,0.15,0.4394347279762944,0.9743520952480504,True
13,2,1,0.5775728314893867,-0.2814165320002471,0.8450000000000001,0.0,0.0,3.026419291749367,0.03,0.03,0.15,0.3581933650478359,0.8261017967496552,True
14,0,1,0.9938721002420319,-0.7899676650861459,0.86,0.0,0.0,0.0873206882085258,0.052882266300436645,0.07903046366040642,0.09,0.3000215266260831,1.0965577118087635,True
15,2,1,0.5887465318518534,-0.6420744204617806,0.8450000000000001,0.0,0.0,0.6902352239208842,0.03,0.03,0.15,0.1632145531295579,1.0849902743697868,True
16,2,1,0.6766011444234235,-0.3991599137693217,0.8450000000000001,0.0,0.0,0.36992591677968406,0.03,0.03,0.15,0.25059138616900445,0.9016513051453624,True
17,0,1,0.6057371234093378,-0.16072988781121667,0.86,0.0,0.0,3.838046294624152,0.038390698460023284,0.03,0.09,0.12264959292544542,0.9964274866671659,True
18,0,1,1.0032511779136073,-0.3581061102736798,0.9102572764023729,0.0,0.0,1.8215535463955057,0.03,0.0362904736750881,0.14025727640237284,0.2650062782554877,1.142247817804732,True
19,2,1,0.5676835016132165,-0.771368765268717,0.8450000000000001,0.0,0.0,1.407660026162887,0.03,0.03,0.15,0.22922242545450944,1.1207831532268722,True
20,0,1,0.5427715614839222,-0.4449581032649694,0.86,0.0,0.0,3.4659485902210347,0.03,0.06913861782461003,0.09,0.04438442898154532,1.00482896311851,True
21,0,1,0.7692851751601766,-0.1732660848783607,0.86,0.0,0.0,3.156762331831708,0.03,0.05049754888372595,0.09,0.3955740747406029,1.0090302317888795,True
22,2,1,0.829073103948808,-0.8063649608361847,0.8450000000000001,0.0,0.0,4.775187124059942,0.03,0.03,0.15,0.37387385043093485,1.1775660440566722,True
23,2,1,0.8564696246061703,-0.164136950836129,0.8639275792017819,0.0,0.0,2.2371740254543364,0.03,0.03,0.1878551584035637,0.2922842677464047,0.8148778000872164,True
24,0,1,0.9496708958730206,-0.6494294446927801,0.86,0.0,0.0,4.249969978288766,0.03,0.03,0.09,0.2665823446285454,1.061915487303883,True
25,2,1,0.759710353356034,-0.4060935952384619,0.8450000000000001,0.0,0.0,1.6015944794363535,0.03,0.03,0.15,0.38044003474259847,0.828108015786331,True
R
0.0,0.0,0.0,0.0,0.0,0.0,1.0
S
8
torso_lift_joint,0
r_shoulder_pan_joint,-1.69017
r_shoulder_lift_joint,-0.0788625
r_upper_arm_roll_joint,-1.69017
r_elbow_flex_joint,-1.2717
r_forearm_roll_joint,-0.151824
r_wrist_flex_joint,-1.25254
r_wrist_roll_joint,0.675062
G
0.578777,-0.544831,0.848827,0.546149,-0,0
ooi
7
A
599
0.310248,-0.673113
0.310447,-0.67261
0.310646,-0.672108
0.310844,-0.671605
0.311043,-0.671102
0.311242,-0.6706
0.311441,-0.670097
0.311639,-0.669594
0.311838,-0.669092
0.312037,-0.668589
0.312235,-0.668086
0.312434,-0.667584
0.312633,-0.667081
0.312832,-0.666578
0.31303,-0.666076
0.313229,-0.665573
0.313428,-0.66507
0.313626,-0.664568
0.313825,-0.664065
0.314024,-0.663562
0.314223,-0.66306
0.314421,-0.662557
0.31462,-0.662054
0.314819,-0.661552
0.315018,-0.661049
0.315216,-0.660546
0.315415,-0.660044
0.315614,-0.659541
0.315812,-0.659038
0.316011,-0.658536
0.31621,-0.658033
0.316409,-0.65753
0.316607,-0.657028
0.316806,-0.656525
0.317005,-0.656022
0.317203,-0.65552
0.317402,-0.655017
0.317601,-0.654514
0.3178,-0.654012
0.317998,-0.653509
0.318197,-0.653006
0.318396,-0.652504
0.318594,-0.652001
0.318793,-0.651498
0.318992,-0.650996
0.319191,-0.650493
0.319389,-0.64999
0.319588,-0.649488
0.319787,-0.648985
0.319986,-0.648482
0.320184,-0.64798
0.320383,-0.647477
0.320582,-0.646974
0.32078,-0.646472
0.320979,-0.645969
0.321178,-0.645466
0.321377,-0.644964
0.321575,-0.644461
0.321774,-0.643958
0.321973,-0.643456
0.322171,-0.642953
0.32237,-0.64245
0.322569,-0.641948
0.322768,-0.641445
0.322966,-0.640942
0.323165,-0.64044
0.323364,-0.639937
0.323563,-0.639434
0.323761,-0.638932
0.32396,-0.638429
0.324159,-0.637926
0.324357,-0.637424
0.324556,-0.636921
0.324755,-0.636418
0.324954,-0.635916
0.325152,-0.635413
0.325351,-0.63491
0.32555,-0.634408
0.325748,-0.633905
0.325947,-0.633402
0.326146,-0.6329
0.326345,-0.632397
0.326543,-0.631894
0.326742,-0.631392
0.326941,-0.630889
0.32714,-0.630386
0.327338,-0.629884
0.327537,-0.629381
0.327736,-0.628878
0.327934,-0.628376
0.328133,-0.627873
0.328332,-0.62737
0.328531,-0.626868
0.328729,-0.626365
0.328928,-0.625862
0.329127,-0.62536
0.329325,-0.624857
0.329524,-0.624354
0.329723,-0.623852
0.329922,-0.623349
0.33012,-0.622846
0.330319,-0.622344
0.330518,-0.621841
0.330717,-0.621338
0.330915,-0.620836
0.331114,-0.620333
0.331313,-0.61983
0.331511,-0.619328
0.33171,-0.618825
0.331909,-0.618322
0.332108,-0.61782
0.332306,-0.617317
0.332505,-0.616814
0.332704,-0.616312
0.332902,-0.615809
0.333101,-0.615306
0.3333,-0.614804
0.333499,-0.614301
0.333697,-0.613798
0.333896,-0.613296
0.334095,-0.612793
0.334294,-0.61229
0.334492,-0.611788
0.334691,-0.611285
0.33489,-0.610782
0.335088,-0.61028
0.335287,-0.609777
0.335486,-0.609274
0.335685,-0.608772
0.335883,-0.608269
0.336082,-0.607766
0.336281,-0.607264
0.336479,-0.606761
0.336678,-0.606258
0.336877,-0.605756
0.337076,-0.605253
0.337274,-0.60475
0.337473,-0.604248
0.337672,-0.603745
0.337871,-0.603242
0.338069,-0.60274
0.338268,-0.602237
0.338467,-0.601734
0.338665,-0.601232
0.338864,-0.600729
0.339063,-0.600226
0.339262,-0.599724
0.33946,-0.599221
0.339659,-0.598718
0.339858,-0.598216
0.340056,-0.597713
0.339993,-0.598378
0.339929,-0.599042
0.339865,-0.599707
0.339801,-0.600372
0.339737,-0.601037
0.339673,-0.601701
0.33961,-0.602366
0.339546,-0.603031
0.339482,-0.603695
0.339418,-0.60436
0.339354,-0.605025
0.33929,-0.60569
0.339227,-0.606354
0.339163,-0.607019
0.339099,-0.607684
0.339035,-0.608349
0.338971,-0.609013
0.338907,-0.609678
0.338844,-0.610343
0.33878,-0.611007
0.338716,-0.611672
0.338652,-0.612337
0.338588,-0.613002
0.338524,-0.613666
0.338461,-0.614331
0.338397,-0.614996
0.338333,-0.615661
0.338269,-0.616325
0.338205,-0.61699
0.338141,-0.617655
0.338078,-0.618319
0.338014,-0.618984
0.33795,-0.619649
0.337886,-0.620314
0.337822,-0.620978
0.337758,-0.621643
0.337695,-0.622308
0.337631,-0.622973
0.337567,-0.623637
0.337503,-0.624302
0.337439,-0.624967
0.337375,-0.625632
0.337312,-0.626296
0.337248,-0.626961
0.337184,-0.627626
0.33712,-0.62829
0.337056,-0.628955
0.336992,-0.62962
0.336928,-0.630285
0.336865,-0.630949
0.336801,-0.631614
0.336737,-0.632279
0.336673,-0.632944
0.336609,-0.633608
0.336545,-0.634273
0.336482,-0.634938
0.336418,-0.635602
0.336354,-0.636267
0.33629,-0.636932
0.336226,-0.637597
0.336162,-0.638261
0.336099,-0.638926
0.336035,-0.639591
0.335971,-0.640256
0.335907,-0.64092
0.335843,-0.641585
0.335779,-0.64225
0.335716,-0.642914
0.335652,-0.643579
0.335588,-0.644244
0.335524,-0.644909
0.33546,-0.645573
0.335396,-0.646238
0.335333,-0.646903
0.335269,-0.647568
0.335205,-0.648232
0.335141,-0.648897
0.335077,-0.649562
0.335013,-0.650226
0.33495,-0.650891
0.334886,-0.651556
0.334822,-0.652221
0.334758,-0.652885
0.334694,-0.65355
0.33463,-0.654215
0.334567,-0.65488
0.334503,-0.655544
0.334439,-0.656209
0.334375,-0.656874
0.334311,-0.657538
0.334247,-0.658203
0.334184,-0.658868
0.33412,-0.659533
0.334056,-0.660197
0.333992,-0.660862
0.333928,-0.661527
0.333864,-0.662192
0.333801,-0.662856
0.333737,-0.663521
0.333673,-0.664186
0.333609,-0.66485
0.333545,-0.665515
0.333481,-0.66618
0.333418,-0.666845
0.333354,-0.667509
0.33329,-0.668174
0.333226,-0.668839
0.333162,-0.669504
0.333098,-0.670168
0.333034,-0.670833
0.332971,-0.671498
0.332907,-0.672162
0.332843,-0.672827
0.332779,-0.673492
0.332715,-0.674157
0.332651,-0.674821
0.332588,-0.675486
0.332524,-0.676151
0.33246,-0.676816
0.332396,-0.67748
0.332332,-0.678145
0.332268,-0.67881
0.332205,-0.679475
0.332141,-0.680139
0.332077,-0.680804
0.332013,-0.681469
0.331949,-0.682133
0.331885,-0.682798
0.331822,-0.683463
0.331758,-0.684128
0.331694,-0.684792
0.33163,-0.685457
0.331566,-0.686122
0.331502,-0.686787
0.331439,-0.687451
0.331375,-0.688116
0.331311,-0.688781
0.331247,-0.689445
0.331183,-0.69011
0.331119,-0.690775
0.331056,-0.69144
0.330992,-0.692104
0.330928,-0.692769
0.330864,-0.693434
0.3308,-0.694099
0.330736,-0.694763
0.330673,-0.695428
0.330609,-0.696093
0.330545,-0.696757
0.331648,-0.697237
0.33275,-0.697717
0.333853,-0.698197
0.334956,-0.698677
0.336058,-0.699157
0.337161,-0.699636
0.338264,-0.700116
0.339367,-0.700596
0.340469,-0.701076
0.341572,-0.701556
0.342675,-0.702035
0.343777,-0.702515
0.34488,-0.702995
0.345983,-0.703475
0.347086,-0.703955
0.348188,-0.704434
0.349291,-0.704914
0.350394,-0.705394
0.351496,-0.705874
0.352599,-0.706354
0.353702,-0.706833
0.354805,-0.707313
0.355907,-0.707793
0.35701,-0.708273
0.358113,-0.708753
0.359215,-0.709233
0.360318,-0.709712
0.361421,-0.710192
0.362524,-0.710672
0.363626,-0.711152
0.364729,-0.711632
0.365832,-0.712111
0.366934,-0.712591
0.368037,-0.713071
0.36914,-0.713551
0.370243,-0.714031
0.371345,-0.71451
0.372448,-0.71499
0.373551,-0.71547
0.374653,-0.71595
0.375756,-0.71643
0.376859,-0.716909
0.377962,-0.717389
0.379064,-0.717869
0.380167,-0.718349
0.38127,-0.718829
0.382373,-0.719309
0.383475,-0.719788
0.384578,-0.720268
0.385681,-0.720748
0.386783,-0.721228
0.387886,-0.721708
0.388989,-0.722187
0.390092,-0.722667
0.391194,-0.723147
0.392297,-0.723627
0.3934,-0.724107
0.394502,-0.724586
0.395605,-0.725066
0.396708,-0.725546
0.397811,-0.726026
0.398913,-0.726506
0.400016,-0.726986
0.401119,-0.727465
0.402221,-0.727945
0.403324,-0.728425
0.404427,-0.728905
0.40553,-0.729385
0.406632,-0.729864
0.407735,-0.730344
0.408838,-0.730824
0.40994,-0.731304
0.411043,-0.731784
0.412146,-0.732263
0.413249,-0.732743
0.414351,-0.733223
0.415454,-0.733703
0.416557,-0.734183
0.417659,-0.734662
0.418762,-0.735142
0.419865,-0.735622
0.420968,-0.736102
0.42207,-0.736582
0.423173,-0.737062
0.424276,-0.737541
0.425378,-0.738021
0.426481,-0.738501
0.427584,-0.738981
0.428687,-0.739461
0.429789,-0.73994
0.430892,-0.74042
0.431995,-0.7409
0.433097,-0.74138
0.4342,-0.74186
0.435303,-0.742339
0.436406,-0.742819
0.437508,-0.743299
0.438611,-0.743779
0.439714,-0.744259
0.440816,-0.744739
0.441919,-0.745218
0.443022,-0.745698
0.444125,-0.746178
0.445227,-0.746658
0.44633,-0.747138
0.447433,-0.747617
0.448535,-0.748097
0.449638,-0.748577
0.450741,-0.749057
0.451844,-0.749537
0.452946,-0.750016
0.454049,-0.750496
0.455152,-0.750976
0.456254,-0.751456
0.457357,-0.751936
0.45846,-0.752415
0.459563,-0.752895
0.460665,-0.753375
0.461768,-0.753855
0.462871,-0.754335
0.463973,-0.754815
0.465076,-0.755294
0.466179,-0.755774
0.467282,-0.756254
0.468384,-0.756734
0.469487,-0.757214
0.47059,-0.757693
0.471692,-0.758173
0.472795,-0.758653
0.473898,-0.759133
0.475001,-0.759613
0.476103,-0.760092
0.477206,-0.760572
0.478309,-0.761052
0.479411,-0.761532
0.480514,-0.762012
0.481617,-0.762492
0.48272,-0.762971
0.483822,-0.763451
0.484925,-0.763931
0.486028,-0.764411
0.48713,-0.764891
0.488233,-0.76537
0.489336,-0.76585
0.490439,-0.76633
0.491541,-0.76681
0.492644,-0.76729
0.493747,-0.767769
0.494849,-0.768249
0.495952,-0.768729
0.496508,-0.767226
0.497064,-0.765724
0.49762,-0.764221
0.498176,-0.762718
0.498732,-0.761216
0.499287,-0.759713
0.499843,-0.75821
0.500399,-0.756708
0.500955,-0.755205
0.501511,-0.753702
0.502067,-0.7522
0.502623,-0.750697
0.503179,-0.749194
0.503734,-0.747692
0.50429,-0.746189
0.504846,-0.744686
0.505402,-0.743184
0.505958,-0.741681
0.506514,-0.740178
0.50707,-0.738676
0.507626,-0.737173
0.508181,-0.73567
0.508737,-0.734168
0.509293,-0.732665
0.509849,-0.731162
0.510405,-0.72966
0.510961,-0.728157
0.511517,-0.726654
0.512073,-0.725152
0.512628,-0.723649
0.513184,-0.722146
0.51374,-0.720644
0.514296,-0.719141
0.514852,-0.717638
0.515408,-0.716136
0.515964,-0.714633
0.51652,-0.71313
0.517075,-0.711628
0.517631,-0.710125
0.518187,-0.708622
0.518743,-0.70712
0.519299,-0.705617
0.519855,-0.704114
0.520411,-0.702612
0.520967,-0.701109
0.521522,-0.699606
0.522078,-0.698104
0.522634,-0.696601
0.52319,-0.695098
0.523746,-0.693596
0.524302,-0.692093
0.524858,-0.69059
0.525413,-0.689088
0.525969,-0.687585
0.526525,-0.686082
0.527081,-0.68458
0.527637,-0.683077
0.528193,-0.681574
0.528749,-0.680072
0.529305,-0.678569
0.52986,-0.677066
0.530416,-0.675564
0.530972,-0.674061
0.531528,-0.672558
0.532084,-0.671056
0.53264,-0.669553
0.533196,-0.66805
0.533752,-0.666548
0.534307,-0.665045
0.534863,-0.663542
0.535419,-0.66204
0.535975,-0.660537
0.536531,-0.659034
0.537087,-0.657532
0.537643,-0.656029
0.538199,-0.654526
0.538754,-0.653024
0.53931,-0.651521
0.539866,-0.650018
0.540422,-0.648516
0.540978,-0.647013
0.541534,-0.64551
0.54209,-0.644008
0.542646,-0.642505
0.543201,-0.641002
0.543757,-0.6395
0.544313,-0.637997
0.544869,-0.636494
0.545425,-0.634992
0.545981,-0.633489
0.546537,-0.631986
0.547093,-0.630484
0.547648,-0.628981
0.548204,-0.627478
0.54876,-0.625976
0.549316,-0.624473
0.549872,-0.62297
0.550428,-0.621468
0.550984,-0.619965
0.55154,-0.618462
0.552095,-0.61696
0.552651,-0.615457
0.553207,-0.613954
0.553763,-0.612452
0.554319,-0.610949
0.554875,-0.609446
0.555431,-0.607944
0.555987,-0.606441
0.556542,-0.604938
0.557098,-0.603436
0.557654,-0.601933
0.55821,-0.60043
0.558766,-0.598928
0.559322,-0.597425
0.559878,-0.595922
0.560434,-0.59442
0.560989,-0.592917
0.561545,-0.591414
0.562101,-0.589912
0.562657,-0.588409
0.563213,-0.586906
0.563769,-0.585404
0.564325,-0.583901
0.564881,-0.582398
0.565436,-0.580896
0.565992,-0.579393
0.566548,-0.57789
0.567104,-0.576388
0.56766,-0.574885
0.568216,-0.573382
0.568772,-0.57188
0.569328,-0.570377
0.569883,-0.568874
0.570439,-0.567372
0.570995,-0.565869
0.571551,-0.564366
0.572107,-0.562864
0.572663,-0.561361
0.573219,-0.559858
0.573774,-0.558356
0.57433,-0.556853
0.574886,-0.55535
0.575442,-0.553847
0.575998,-0.552345
0.576554,-0.550842
0.57711,-0.549339
0.577666,-0.547837
0.578221,-0.546334
0.578777,-0.544831
