O
25
1,0,-1,0.78,-0.5,0.75,0.0,0.0,0.0,0.3,0.4,0.02,0,0.8,False
2,0,-1,1.1,-0.5,0.93,0.0,0.0,0.0,0.02,0.4,0.2,0,0.8,False
3,0,-1,0.78,-0.5,1.11,0.0,0.0,0.0,0.3,0.4,0.02,0,0.8,False
4,0,-1,0.8,-0.92,0.93,0.0,0.0,0.0,0.32,0.02,0.2,0,0.8,False
5,0,-1,0.8,-0.08,0.93,0.0,0.0,0.0,0.32,0.02,0.2,0,0.8,False
6,2,0,0.7516588378330005,-0.26978620358081484,0.8450000000000001,0.0,0.0,1.9567418775413343,0.06958175772123758,0.06958175772123758,0.15,0.007128026355262385,0.9641716583655257,False
7,2,0,0.582833554893893,-0.37075525631649175,0.8450000000000001,0.0,0.0,3.8370223881462717,0.03,0.03,0.15,0.4896943770191674,1.0150330250587836,False
8,2,0,0.6204409822084087,-0.8140419530471368,0.8450000000000001,0.0,0.0,5.985282345881818,0.03,0.03,0.15,0.11795087857856851,0.8212450397646411,False
9,0,0,1.0108719171020522,-0.42860510820598996,0.8854702000896864,0.0,0.0,1.036810040757746,0.03,0.03,0.1154702000896863,0.4705582966237094,1.0902635223171,False
10,2,0,0.8939428033234378,-0.23608654826056252,0.8450000000000001,0.0,0.0,6.124942191454984,0.03,0.03,0.15,0.23947335848377882,1.0976729144524353,False
11,2,1,0.9967343096162642,-0.1910215205356266,0.8450000000000001,0.0,0.0,1.8295038926064575,0.03,0.03,0.15,0.061906495364465686,0.8149727291896423,True
12,0,1,0.8873878673375886,-0.47812970691453316,0.86,0.0,0.0,1.315984099235404,0.07404889214541087,0.047315036762732084,0.09,0.10274608478004382,1.0317974499227704,True
13,0,1,0.7217083849734957,-0.714041146487087,0.86,0.0,0.0,5.1741731066639725,0.03,0.05336070451709867,0.09,0.1972414445800308,1.0061122039198644,True
14,0,1,0.8550209330195905,-0.7922570627176415,0.86,0.0,0.0,1.9920090307587806,0.03,0.04419962659103576,0.09,0.19865151166008693,0.9546293906411323,True
15,0,1,0.5657520994470717,-0.2498060961888663,0.9110777462896327,0.0,0.0,0.5621574841518651,0.03,0.03,0.1410777462896327,0.43907607958225375,1.1766837064241773,True
16,0,1,0.7288785781175959,-0.4411965754975587,0.86,0.0,0.0,5.704019634307767,0.03870246140664275,0.04252009703675806,0.09,0.11679231094215275,1.0510383224125945,True
17,2,1,0.5725353470589487,-0.6629034473186151,0.8534752325722749,0.0,0.0,2.402799762701772,0.03,0.03,0.16695046514454973,0.2596729508428355,0.8259126441632094,True
18,2,1,0.8700886418212712,-0.6483328693485196,0.8450000000000001,0.0,0.0,2.3434519247612395,0.03,0.03,0.15,0.2531549201243295,1.0937164644833568,True
19,2,1,0.6157300405446686,-0.49519689362981634,0.8574686046483199,0.0,0.0,4.616948337665902,0.03,0.03,0.17493720929663964,0.1492002750586483,1.067549739325517,True
20,2,1,0.9517883869324762,-0.34183612838860045,0.8639669830538598,0.0,0.0,1.4333489328497562,0.03,0.03,0.18793396610771965,0.029893776323244636,0.8385843722228,True
21,2,1,1.016139986781917,-0.522713438728253,0.8450000000000001,0.0,0.0,5.6647473747849935,0.03,0.03,0.15,0.16791148377616416,1.0505913017092792,True
22,0,1,0.5253059974484046,-0.8114155726818423,0.8811587359893425,0.0,0.0,3.2003358384492775,0.03,0.0581793990614502,0.11115873598934245,0.4677401987727576,1.1515950710591372,True
23,2,1,1.0096845804595223,-0.7401258897325672,0.8450000000000001,0.0,0.0,5.925457325817222,0.03,0.03,0.15,0.2727357828027278,0.8814582622180288,True
24,2,1,1.0017540633275348,-0.6430335062649813,0.8450000000000001,0.0,0.0,5.611041672372317,0.03,0.03,0.15,0.14081717029406288,0.8961040586869775,True
25,0,1,0.7242472703097005,-0.5898642681770394,0.8718571284336821,0.0,0.0,0.01045211210173634,0.03,0.034209105343239496,0.10185712843368214,0.3976859418114855,0.9889382958697404,True
R
0.0,0.0,0.0,0.0,0.0,0.0,1.0
S
8
torso_lift_joint,0
r_shoulder_pan_joint,-1.69017
r_shoulder_lift_joint,-0.0788625
r_upper_arm_roll_joint,-1.69017
r_elbow_flex_joint,-1.2717
r_forearm_roll_joint,-0.151824
r_wrist_flex_joint,-1.25254
r_wrist_roll_joint,0.675062
G
0.524276,-0.417617,0.845,0.674906,-0,0
ooi
7
A
599
0.310248,-0.673113
0.311304,-0.672769
0.31236,-0.672426
0.313416,-0.672082
0.314473,-0.671739
0.315529,-0.671395
0.316585,-0.671051
0.317641,-0.670708
0.318697,-0.670364
0.319753,-0.670021
0.320809,-0.669677
0.321865,-0.669333
0.322921,-0.66899
0.323977,-0.668646
0.325033,-0.668303
0.32609,-0.667959
0.327146,-0.667615
0.328202,-0.667272
0.329258,-0.666928
0.330314,-0.666585
0.33137,-0.666241
0.332426,-0.665897
0.333482,-0.665554
0.334538,-0.66521
0.335594,-0.664866
0.33665,-0.664523
0.337707,-0.664179
0.338763,-0.663836
0.339819,-0.663492
0.340875,-0.663148
0.341931,-0.662805
0.342987,-0.662461
0.344043,-0.662118
0.345099,-0.661774
0.346155,-0.66143
0.347211,-0.661087
0.348267,-0.660743
0.349324,-0.6604
0.35038,-0.660056
0.351436,-0.659712
0.352492,-0.659369
0.353548,-0.659025
0.354604,-0.658681
0.35566,-0.658338
0.356716,-0.657994
0.357772,-0.657651
0.358828,-0.657307
0.359884,-0.656963
0.36094,-0.65662
0.361997,-0.656276
0.363053,-0.655933
0.364109,-0.655589
0.365165,-0.655245
0.366221,-0.654902
0.367277,-0.654558
0.368333,-0.654215
0.369389,-0.653871
0.370445,-0.653527
0.371501,-0.653184
0.372557,-0.65284
0.373614,-0.652497
0.37467,-0.652153
0.375726,-0.651809
0.376782,-0.651466
0.377838,-0.651122
0.378894,-0.650778
0.37995,-0.650435
0.381006,-0.650091
0.382062,-0.649748
0.383118,-0.649404
0.384174,-0.64906
0.385231,-0.648717
0.386287,-0.648373
0.387343,-0.64803
0.388399,-0.647686
0.389455,-0.647342
0.390511,-0.646999
0.391567,-0.646655
0.392623,-0.646312
0.393679,-0.645968
0.394735,-0.645624
0.395791,-0.645281
0.396848,-0.644937
0.397904,-0.644594
0.39896,-0.64425
0.400016,-0.643906
0.401072,-0.643563
0.402128,-0.643219
0.403184,-0.642875
0.40424,-0.642532
0.405296,-0.642188
0.406352,-0.641845
0.407408,-0.641501
0.408465,-0.641157
0.409521,-0.640814
0.410577,-0.64047
0.411633,-0.640127
0.412689,-0.639783
0.413745,-0.639439
0.414801,-0.639096
0.415857,-0.638752
0.416913,-0.638409
0.417969,-0.638065
0.419025,-0.637721
0.420082,-0.637378
0.421138,-0.637034
0.422194,-0.636691
0.42325,-0.636347
0.424306,-0.636003
0.425362,-0.63566
0.426418,-0.635316
0.427474,-0.634972
0.42853,-0.634629
0.429586,-0.634285
0.430642,-0.633942
0.431699,-0.633598
0.432755,-0.633254
0.433811,-0.632911
0.434867,-0.632567
0.435923,-0.632224
0.436979,-0.63188
0.438035,-0.631536
0.439091,-0.631193
0.440147,-0.630849
0.441203,-0.630506
0.442259,-0.630162
0.443316,-0.629818
0.444372,-0.629475
0.445428,-0.629131
0.446484,-0.628788
0.44754,-0.628444
0.448596,-0.6281
0.449652,-0.627757
0.450708,-0.627413
0.451764,-0.627069
0.45282,-0.626726
0.453876,-0.626382
0.454933,-0.626039
0.455989,-0.625695
0.457045,-0.625351
0.458101,-0.625008
0.459157,-0.624664
0.460213,-0.624321
0.461269,-0.623977
0.462325,-0.623633
0.463381,-0.62329
0.464437,-0.622946
0.465493,-0.622603
0.46655,-0.622259
0.467606,-0.621915
0.468662,-0.621572
0.468414,-0.622018
0.468167,-0.622465
0.467919,-0.622912
0.467672,-0.623359
0.467424,-0.623805
0.467177,-0.624252
0.466929,-0.624699
0.466682,-0.625146
0.466434,-0.625592
0.466187,-0.626039
0.465939,-0.626486
0.465692,-0.626933
0.465444,-0.627379
0.465197,-0.627826
0.464949,-0.628273
0.464702,-0.628719
0.464454,-0.629166
0.464207,-0.629613
0.46396,-0.63006
0.463712,-0.630506
0.463465,-0.630953
0.463217,-0.6314
0.46297,-0.631847
0.462722,-0.632293
0.462475,-0.63274
0.462227,-0.633187
0.46198,-0.633634
0.461732,-0.63408
0.461485,-0.634527
0.461237,-0.634974
0.46099,-0.63542
0.460742,-0.635867
0.460495,-0.636314
0.460247,-0.636761
0.46,-0.637207
0.459752,-0.637654
0.459505,-0.638101
0.459257,-0.638548
0.45901,-0.638994
0.458762,-0.639441
0.458515,-0.639888
0.458267,-0.640335
0.45802,-0.640781
0.457772,-0.641228
0.457525,-0.641675
0.457277,-0.642121
0.45703,-0.642568
0.456783,-0.643015
0.456535,-0.643462
0.456288,-0.643908
0.45604,-0.644355
0.455793,-0.644802
0.455545,-0.645249
0.455298,-0.645695
0.45505,-0.646142
0.454803,-0.646589
0.454555,-0.647036
0.454308,-0.647482
0.45406,-0.647929
0.453813,-0.648376
0.453565,-0.648822
0.453318,-0.649269
0.45307,-0.649716
0.452823,-0.650163
0.452575,-0.650609
0.452328,-0.651056
0.45208,-0.651503
0.451833,-0.65195
0.451585,-0.652396
0.451338,-0.652843
0.45109,-0.65329
0.450843,-0.653736
0.450595,-0.654183
0.450348,-0.65463
0.4501,-0.655077
0.449853,-0.655523
0.449606,-0.65597
0.449358,-0.656417
0.449111,-0.656864
0.448863,-0.65731
0.448616,-0.657757
0.448368,-0.658204
0.448121,-0.658651
0.447873,-0.659097
0.447626,-0.659544
0.447378,-0.659991
0.447131,-0.660437
0.446883,-0.660884
0.446636,-0.661331
0.446388,-0.661778
0.446141,-0.662224
0.445893,-0.662671
0.445646,-0.663118
0.445398,-0.663565
0.445151,-0.664011
0.444903,-0.664458
0.444656,-0.664905
0.444408,-0.665352
0.444161,-0.665798
0.443913,-0.666245
0.443666,-0.666692
0.443418,-0.667138
0.443171,-0.667585
0.442923,-0.668032
0.442676,-0.668479
0.442429,-0.668925
0.442181,-0.669372
0.441934,-0.669819
0.441686,-0.670266
0.441439,-0.670712
0.441191,-0.671159
0.440944,-0.671606
0.440696,-0.672053
0.440449,-0.672499
0.440201,-0.672946
0.439954,-0.673393
0.439706,-0.673839
0.439459,-0.674286
0.439211,-0.674733
0.438964,-0.67518
0.438716,-0.675626
0.438469,-0.676073
0.438221,-0.67652
0.437974,-0.676967
0.437726,-0.677413
0.437479,-0.67786
0.437231,-0.678307
0.436984,-0.678754
0.436736,-0.6792
0.436489,-0.679647
0.436241,-0.680094
0.435994,-0.68054
0.435746,-0.680987
0.435499,-0.681434
0.435252,-0.681881
0.435004,-0.682327
0.434757,-0.682774
0.434509,-0.683221
0.434262,-0.683668
0.434014,-0.684114
0.433767,-0.684561
0.433519,-0.685008
0.433272,-0.685455
0.433024,-0.685901
0.432777,-0.686348
0.432529,-0.686795
0.432282,-0.687241
0.432034,-0.687688
0.431787,-0.688135
0.431294,-0.6874
0.4308,-0.686665
0.430307,-0.68593
0.429814,-0.685196
0.429321,-0.684461
0.428828,-0.683726
0.428335,-0.682991
0.427842,-0.682256
0.427348,-0.681521
0.426855,-0.680787
0.426362,-0.680052
0.425869,-0.679317
0.425376,-0.678582
0.424883,-0.677847
0.42439,-0.677112
0.423896,-0.676378
0.423403,-0.675643
0.42291,-0.674908
0.422417,-0.674173
0.421924,-0.673438
0.421431,-0.672704
0.420938,-0.671969
0.420444,-0.671234
0.419951,-0.670499
0.419458,-0.669764
0.418965,-0.669029
0.418472,-0.668295
0.417979,-0.66756
0.417486,-0.666825
0.416992,-0.66609
0.416499,-0.665355
0.416006,-0.66462
0.415513,-0.663886
0.41502,-0.663151
0.414527,-0.662416
0.414034,-0.661681
0.41354,-0.660946
0.413047,-0.660211
0.412554,-0.659477
0.412061,-0.658742
0.411568,-0.658007
0.411075,-0.657272
0.410582,-0.656537
0.410088,-0.655802
0.409595,-0.655068
0.409102,-0.654333
0.408609,-0.653598
0.408116,-0.652863
0.407623,-0.652128
0.40713,-0.651393
0.406636,-0.650659
0.406143,-0.649924
0.40565,-0.649189
0.405157,-0.648454
0.404664,-0.647719
0.404171,-0.646984
0.403678,-0.64625
0.403184,-0.645515
0.402691,-0.64478
0.402198,-0.644045
0.401705,-0.64331
0.401212,-0.642576
0.400719,-0.641841
0.400226,-0.641106
0.399732,-0.640371
0.399239,-0.639636
0.398746,-0.638901
0.398253,-0.638167
0.39776,-0.637432
0.397267,-0.636697
0.396774,-0.635962
0.39628,-0.635227
0.395787,-0.634492
0.395294,-0.633758
0.394801,-0.633023
0.394308,-0.632288
0.393815,-0.631553
0.393322,-0.630818
0.392828,-0.630083
0.392335,-0.629349
0.391842,-0.628614
0.391349,-0.627879
0.390856,-0.627144
0.390363,-0.626409
0.38987,-0.625674
0.389376,-0.62494
0.388883,-0.624205
0.38839,-0.62347
0.387897,-0.622735
0.387404,-0.622
0.386911,-0.621265
0.386418,-0.620531
0.385924,-0.619796
0.385431,-0.619061
0.384938,-0.618326
0.384445,-0.617591
0.383952,-0.616856
0.383459,-0.616122
0.382966,-0.615387
0.382472,-0.614652
0.381979,-0.613917
0.381486,-0.613182
0.380993,-0.612448
0.3805,-0.611713
0.380007,-0.610978
0.379514,-0.610243
0.37902,-0.609508
0.378527,-0.608773
0.378034,-0.608039
0.377541,-0.607304
0.377048,-0.606569
0.376555,-0.605834
0.376062,-0.605099
0.375568,-0.604364
0.375075,-0.60363
0.374582,-0.602895
0.374089,-0.60216
0.373596,-0.601425
0.373103,-0.60069
0.37261,-0.599955
0.372116,-0.599221
0.371623,-0.598486
0.37113,-0.597751
0.370637,-0.597016
0.370144,-0.596281
0.369651,-0.595546
0.369158,-0.594812
0.368664,-0.594077
0.368171,-0.593342
0.367678,-0.592607
0.367185,-0.591872
0.366692,-0.591137
0.366199,-0.590403
0.365706,-0.589668
0.365212,-0.588933
0.364719,-0.588198
0.364226,-0.587463
0.363733,-0.586729
0.36324,-0.585994
0.362747,-0.585259
0.362254,-0.584524
0.36176,-0.583789
0.361267,-0.583054
0.360774,-0.58232
0.360281,-0.581585
0.359788,-0.58085
0.359295,-0.580115
0.358802,-0.57938
0.358308,-0.578645
0.357815,-0.577911
0.358933,-0.576835
0.36005,-0.575759
0.361167,-0.574683
0.362284,-0.573607
0.363401,-0.572532
0.364518,-0.571456
0.365636,-0.57038
0.366753,-0.569304
0.36787,-0.568228
0.368987,-0.567153
0.370104,-0.566077
0.371222,-0.565001
0.372339,-0.563925
0.373456,-0.562849
0.374573,-0.561774
0.37569,-0.560698
0.376808,-0.559622
0.377925,-0.558546
0.379042,-0.55747
0.380159,-0.556395
0.381276,-0.555319
0.382393,-0.554243
0.383511,-0.553167
0.384628,-0.552091
0.385745,-0.551016
0.386862,-0.54994
0.387979,-0.548864
0.389097,-0.547788
0.390214,-0.546712
0.391331,-0.545637
0.392448,-0.544561
0.393565,-0.543485
0.394682,-0.542409
0.3958,-0.541334
0.396917,-0.540258
0.398034,-0.539182
0.399151,-0.538106
0.400268,-0.53703
0.401386,-0.535955
0.402503,-0.534879
0.40362,-0.533803
0.404737,-0.532727
0.405854,-0.531651
0.406972,-0.530576
0.408089,-0.5295
0.409206,-0.528424
0.410323,-0.527348
0.41144,-0.526272
0.412557,-0.525197
0.413675,-0.524121
0.414792,-0.523045
0.415909,-0.521969
0.417026,-0.520893
0.418143,-0.519818
0.419261,-0.518742
0.420378,-0.517666
0.421495,-0.51659
0.422612,-0.515514
0.423729,-0.514439
0.424847,-0.513363
0.425964,-0.512287
0.427081,-0.511211
0.428198,-0.510135
0.429315,-0.50906
0.430432,-0.507984
0.43155,-0.506908
0.432667,-0.505832
0.433784,-0.504756
0.434901,-0.503681
0.436018,-0.502605
0.437136,-0.501529
0.438253,-0.500453
0.43937,-0.499377
0.440487,-0.498302
0.441604,-0.497226
0.442722,-0.49615
0.443839,-0.495074
0.444956,-0.493999
0.446073,-0.492923
0.44719,-0.491847
0.448307,-0.490771
0.449425,-0.489695
0.450542,-0.48862
0.451659,-0.487544
0.452776,-0.486468
0.453893,-0.485392
0.455011,-0.484316
0.456128,-0.483241
0.457245,-0.482165
0.458362,-0.481089
0.459479,-0.480013
0.460596,-0.478937
0.461714,-0.477862
0.462831,-0.476786
0.463948,-0.47571
0.465065,-0.474634
0.466182,-0.473558
0.4673,-0.472483
0.468417,-0.471407
0.469534,-0.470331
0.470651,-0.469255
0.471768,-0.468179
0.472886,-0.467104
0.474003,-0.466028
0.47512,-0.464952
0.476237,-0.463876
0.477354,-0.4628
0.478471,-0.461725
0.479589,-0.460649
0.480706,-0.459573
0.481823,-0.458497
0.48294,-0.457421
0.484057,-0.456346
0.485175,-0.45527
0.486292,-0.454194
0.487409,-0.453118
0.488526,-0.452042
0.489643,-0.450967
0.490761,-0.449891
0.491878,-0.448815
0.492995,-0.447739
0.494112,-0.446664
0.495229,-0.445588
0.496346,-0.444512
0.497464,-0.443436
0.498581,-0.44236
0.499698,-0.441285
0.500815,-0.440209
0.501932,-0.439133
0.50305,-0.438057
0.504167,-0.436981
0.505284,-0.435906
0.506401,-0.43483
0.507518,-0.433754
0.508636,-0.432678
0.509753,-0.431602
0.51087,-0.430527
0.511987,-0.429451
0.513104,-0.428375
0.514221,-0.427299
0.515339,-0.426223
0.516456,-0.425148
0.517573,-0.424072
0.51869,-0.422996
0.519807,-0.42192
0.520925,-0.420844
0.522042,-0.419769
0.523159,-0.418693
0.524276,-0.417617
