O
25
1,0,-1,0.78,-0.5,0.75,0.0,0.0,0.0,0.3,0.4,0.02,0,0.8,False
2,0,-1,1.1,-0.5,0.93,0.0,0.0,0.0,0.02,0.4,0.2,0,0.8,False
3,0,-1,0.78,-0.5,1.11,0.0,0.0,0.0,0.3,0.4,0.02,0,0.8,False
4,0,-1,0.8,-0.92,0.93,0.0,0.0,0.0,0.32,0.02,0.2,0,0.8,False
5,0,-1,0.8,-0.08,0.93,0.0,0.0,0.0,0.32,0.02,0.2,0,0.8,False
6,2,0,0.7176385368651531,-0.7029730803927119,0.8450000000000001,0.0,0.0,3.9214807395921203,0.04043624877215499,0.04043624877215499,0.15,0.027312883795913345,0.9895967496338303,False
7,2,0,0.5467182678943656,-0.24274851935467445,0.8450000000000001,0.0,0.0,5.443805534182601,0.045891666778745066,0.045891666778745066,0.15,0.029520169186535994,1.0670477921163193,False
8,0,0,0.9114279397722648,-0.44076157969973756,0.86,0.0,0.0,5.568735858508811,0.03,0.04613749530367293,0.09,0.2566832528867772,0.8441434243080083,False
9,2,0,0.5490062790755129,-0.7775234498260555,0.8450000000000001,0.0,0.0,1.4068779108309326,0.03,0.03,0.15,0.4411424207730362,1.0187907464087944,False
10,2,0,0.7148193309769824,-0.36420490384763515,0.8450000000000001,0.0,0.0,4.05991649218186,0.0389506450567468,0.0389506450567468,0.15,0.2119853216194203,1.1572082881000392,False
11,2,1,0.7686714808389274,-0.5221864720560971,0.8450000000000001,0.0,0.0,5.984947050699785,0.0634746487033932,0.0634746487033932,0.15,0.2372173542914653,1.066512531367901,True
12,0,1,0.9906051614505486,-0.24745806208272914,0.86,0.0,0.0,4.652408692958866,0.0764975527947829,0.04188112784459669,0.09,0.30808515310132417,0.9508166236583049,True
13,2,1,0.9778795393790422,-0.6826924131619436,0.8450000000000001,0.0,0.0,4.75935780527926,0.03737980152855989,0.03737980152855989,0.15,0.349730722422966,1.1405459960423006,True
14,2,1,0.9657735354892141,-0.5752427421028117,0.8450000000000001,0.0,0.0,5.2709901232275325,0.03699752011378645,0.03699752011378645,0.15,0.4312152225522793,1.1086954669746425,True
15,0,1,0.713356815771291,-0.21484976330449723,0.8631301609498503,0.0,0.0,1.801600257382626,0.03,0.037254748437571504,0.09313016094985027,0.07794261172838929,1.0768842213353222,True
16,2,1,0.8379020539391355,-0.7504575232940284,0.8450000000000001,0.0,0.0,2.169517053333658,0.03,0.03,0.15,0.22994017540475747,1.0338297979342883,True
17,2,1,0.5731685055492161,-0.47993569243265205,0.8559382984609858,0.0,0.0,1.6759681797767376,0.04368895778035468,0.04368895778035468,0.17187659692197166,0.2618324470093825,1.1704040078498754,True
18,2,1,1.005088020194833,-0.8141806217294874,0.8450000000000001,0.0,0.0,6.210087197748386,0.03,0.03,0.15,0.2602025665256225,0.8326792750546231,True
19,2,1,0.5270261662957294,-0.3774344058505352,0.8450000000000001,0.0,0.0,4.986385800915125,0.03,0.03,0.15,0.1556706163781163,1.1810732411500873,True
20,2,1,0.8562784576462873,-0.17670254958721665,0.8450000000000001,0.0,0.0,1.3427537751203564,0.05115719651803335,0.05115719651803335,0.15,0.06659227636258552,0.8018016111433894,True
21,2,1,0.8440839869079639,-0.6507138719796578,0.8487931723206104,0.0,0.0,1.536576654336406,0.03,0.03,0.1575863446412208,0.37495373663333953,0.9940465220344148,True
22,0,1,0.5680941311296276,-0.6446756390048407,0.86,0.0,0.0,4.073201061714484,0.05683826719621935,0.03,0.09,0.23230876619901802,1.0393625665431205,True
23,2,1,0.8861342919071433,-0.3153230907501504,0.8450000000000001,0.0,0.0,4.811076430977635,0.03,0.03,0.15,0.20041144428791324,0.8166455093500103,True
24,0,1,0.735000823481001,-0.8489661581732025,0.86,0.0,0.0,4.984925194295681,0.03,0.03,0.09,0.2696867237663372,0.8335022442321076,True
25,2,1,1.024519784527375,-0.4053186033022126,0.8450000000000001,0.0,0.0,1.2602867272284481,0.03,0.03,0.15,0.15028247943372974,1.0625025090045979,True
R
0.0,0.0,0.0,0.0,0.0,0.0,1.0
S
8
torso_lift_joint,0
r_shoulder_pan_joint,-1.69017
r_shoulder_lift_joint,-0.0788625
r_upper_arm_roll_joint,-1.69017
r_elbow_flex_joint,-1.2717
r_forearm_roll_joint,-0.151824
r_wrist_flex_joint,-1.25254
r_wrist_roll_joint,0.675062
G
0.648604,-0.652638,0.845,2.51158,-3.14159,3.14159
ooi
6
A
599
0.310248,-0.673113
0.31154,-0.672956
0.312831,-0.672798
0.314122,-0.67264
0.315414,-0.672483
0.316705,-0.672325
0.317996,-0.672168
0.319288,-0.67201
0.320579,-0.671853
0.321871,-0.671695
0.323162,-0.671538
0.324453,-0.67138
0.325745,-0.671223
0.327036,-0.671065
0.328328,-0.670907
0.329619,-0.67075
0.33091,-0.670592
0.332202,-0.670435
0.333493,-0.670277
0.334784,-0.67012
0.336076,-0.669962
0.337367,-0.669805
0.338659,-0.669647
0.33995,-0.66949
0.341241,-0.669332
0.342533,-0.669174
0.343824,-0.669017
0.345116,-0.668859
0.346407,-0.668702
0.347698,-0.668544
0.34899,-0.668387
0.350281,-0.668229
0.351572,-0.668072
0.352864,-0.667914
0.354155,-0.667757
0.355447,-0.667599
0.356738,-0.667442
0.358029,-0.667284
0.359321,-0.667126
0.360612,-0.666969
0.361904,-0.666811
0.363195,-0.666654
0.364486,-0.666496
0.365778,-0.666339
0.367069,-0.666181
0.36836,-0.666024
0.369652,-0.665866
0.370943,-0.665709
0.372235,-0.665551
0.373526,-0.665393
0.374817,-0.665236
0.376109,-0.665078
0.3774,-0.664921
0.378691,-0.664763
0.379983,-0.664606
0.381274,-0.664448
0.382566,-0.664291
0.383857,-0.664133
0.385148,-0.663976
0.38644,-0.663818
0.387731,-0.66366
0.389023,-0.663503
0.390314,-0.663345
0.391605,-0.663188
0.392897,-0.66303
0.394188,-0.662873
0.395479,-0.662715
0.396771,-0.662558
0.398062,-0.6624
0.399354,-0.662243
0.400645,-0.662085
0.401936,-0.661927
0.403228,-0.66177
0.404519,-0.661612
0.405811,-0.661455
0.407102,-0.661297
0.408393,-0.66114
0.409685,-0.660982
0.410976,-0.660825
0.412267,-0.660667
0.413559,-0.66051
0.41485,-0.660352
0.416142,-0.660194
0.417433,-0.660037
0.418724,-0.659879
0.420016,-0.659722
0.421307,-0.659564
0.422599,-0.659407
0.42389,-0.659249
0.425181,-0.659092
0.426473,-0.658934
0.427764,-0.658777
0.429055,-0.658619
0.430347,-0.658462
0.431638,-0.658304
0.43293,-0.658146
0.434221,-0.657989
0.435512,-0.657831
0.436804,-0.657674
0.438095,-0.657516
0.439387,-0.657359
0.440678,-0.657201
0.441969,-0.657044
0.443261,-0.656886
0.444552,-0.656729
0.445843,-0.656571
0.447135,-0.656413
0.448426,-0.656256
0.449718,-0.656098
0.451009,-0.655941
0.4523,-0.655783
0.453592,-0.655626
0.454883,-0.655468
0.456175,-0.655311
0.457466,-0.655153
0.458757,-0.654996
0.460049,-0.654838
0.46134,-0.65468
0.462631,-0.654523
0.463923,-0.654365
0.465214,-0.654208
0.466506,-0.65405
0.467797,-0.653893
0.469088,-0.653735
0.47038,-0.653578
0.471671,-0.65342
0.472962,-0.653263
0.474254,-0.653105
0.475545,-0.652947
0.476837,-0.65279
0.478128,-0.652632
0.479419,-0.652475
0.480711,-0.652317
0.482002,-0.65216
0.483294,-0.652002
0.484585,-0.651845
0.485876,-0.651687
0.487168,-0.65153
0.488459,-0.651372
0.48975,-0.651215
0.491042,-0.651057
0.492333,-0.650899
0.493625,-0.650742
0.494916,-0.650584
0.496207,-0.650427
0.497499,-0.650269
0.49879,-0.650112
0.500082,-0.649954
0.501373,-0.649797
0.502664,-0.649639
0.503956,-0.649482
0.504178,-0.6499
0.5044,-0.650318
0.504621,-0.650736
0.504843,-0.651154
0.505065,-0.651573
0.505287,-0.651991
0.505509,-0.652409
0.505731,-0.652827
0.505953,-0.653245
0.506175,-0.653664
0.506397,-0.654082
0.506619,-0.6545
0.506841,-0.654918
0.507063,-0.655336
0.507285,-0.655755
0.507506,-0.656173
0.507728,-0.656591
0.50795,-0.657009
0.508172,-0.657427
0.508394,-0.657846
0.508616,-0.658264
0.508838,-0.658682
0.50906,-0.6591
0.509282,-0.659518
0.509504,-0.659937
0.509726,-0.660355
0.509948,-0.660773
0.51017,-0.661191
0.510391,-0.661609
0.510613,-0.662028
0.510835,-0.662446
0.511057,-0.662864
0.511279,-0.663282
0.511501,-0.663701
0.511723,-0.664119
0.511945,-0.664537
0.512167,-0.664955
0.512389,-0.665373
0.512611,-0.665792
0.512833,-0.66621
0.513055,-0.666628
0.513276,-0.667046
0.513498,-0.667464
0.51372,-0.667883
0.513942,-0.668301
0.514164,-0.668719
0.514386,-0.669137
0.514608,-0.669555
0.51483,-0.669974
0.515052,-0.670392
0.515274,-0.67081
0.515496,-0.671228
0.515718,-0.671646
0.515939,-0.672065
0.516161,-0.672483
0.516383,-0.672901
0.516605,-0.673319
0.516827,-0.673737
0.517049,-0.674156
0.517271,-0.674574
0.517493,-0.674992
0.517715,-0.67541
0.517937,-0.675828
0.518159,-0.676247
0.518381,-0.676665
0.518603,-0.677083
0.518824,-0.677501
0.519046,-0.67792
0.519268,-0.678338
0.51949,-0.678756
0.519712,-0.679174
0.519934,-0.679592
0.520156,-0.680011
0.520378,-0.680429
0.5206,-0.680847
0.520822,-0.681265
0.521044,-0.681683
0.521266,-0.682102
0.521488,-0.68252
0.521709,-0.682938
0.521931,-0.683356
0.522153,-0.683774
0.522375,-0.684193
0.522597,-0.684611
0.522819,-0.685029
0.523041,-0.685447
0.523263,-0.685865
0.523485,-0.686284
0.523707,-0.686702
0.523929,-0.68712
0.524151,-0.687538
0.524373,-0.687956
0.524594,-0.688375
0.524816,-0.688793
0.525038,-0.689211
0.52526,-0.689629
0.525482,-0.690047
0.525704,-0.690466
0.525926,-0.690884
0.526148,-0.691302
0.52637,-0.69172
0.526592,-0.692139
0.526814,-0.692557
0.527036,-0.692975
0.527258,-0.693393
0.527479,-0.693811
0.527701,-0.69423
0.527923,-0.694648
0.528145,-0.695066
0.528367,-0.695484
0.528589,-0.695902
0.528811,-0.696321
0.529033,-0.696739
0.529255,-0.697157
0.529477,-0.697575
0.529699,-0.697993
0.529921,-0.698412
0.530143,-0.69883
0.530364,-0.699248
0.530586,-0.699666
0.530808,-0.700084
0.53103,-0.700503
0.531252,-0.700921
0.531474,-0.701339
0.531696,-0.701757
0.531918,-0.702175
0.53214,-0.702594
0.532362,-0.703012
0.532584,-0.70343
0.532806,-0.703848
0.533028,-0.704266
0.533249,-0.704685
0.533471,-0.705103
0.533693,-0.705521
0.533915,-0.705939
0.534137,-0.706358
0.534359,-0.706776
0.534581,-0.707194
0.534803,-0.707612
0.535025,-0.70803
0.535247,-0.708449
0.535469,-0.708867
0.535691,-0.709285
0.535913,-0.709703
0.536134,-0.710121
0.536356,-0.71054
0.536578,-0.710958
0.5368,-0.711376
0.537022,-0.711794
0.536956,-0.710557
0.536889,-0.709321
0.536823,-0.708084
0.536756,-0.706847
0.53669,-0.705611
0.536623,-0.704374
0.536557,-0.703137
0.53649,-0.7019
0.536424,-0.700664
0.536358,-0.699427
0.536291,-0.69819
0.536225,-0.696953
0.536158,-0.695717
0.536092,-0.69448
0.536025,-0.693243
0.535959,-0.692007
0.535892,-0.69077
0.535826,-0.689533
0.535759,-0.688296
0.535693,-0.68706
0.535626,-0.685823
0.53556,-0.684586
0.535494,-0.683349
0.535427,-0.682113
0.535361,-0.680876
0.535294,-0.679639
0.535228,-0.678403
0.535161,-0.677166
0.535095,-0.675929
0.535028,-0.674692
0.534962,-0.673456
0.534895,-0.672219
0.534829,-0.670982
0.534762,-0.669746
0.534696,-0.668509
0.53463,-0.667272
0.534563,-0.666035
0.534497,-0.664799
0.53443,-0.663562
0.534364,-0.662325
0.534297,-0.661088
0.534231,-0.659852
0.534164,-0.658615
0.534098,-0.657378
0.534031,-0.656142
0.533965,-0.654905
0.533898,-0.653668
0.533832,-0.652431
0.533766,-0.651195
0.533699,-0.649958
0.533633,-0.648721
0.533566,-0.647484
0.5335,-0.646248
0.533433,-0.645011
0.533367,-0.643774
0.5333,-0.642538
0.533234,-0.641301
0.533167,-0.640064
0.533101,-0.638827
0.533034,-0.637591
0.532968,-0.636354
0.532902,-0.635117
0.532835,-0.63388
0.532769,-0.632644
0.532702,-0.631407
0.532636,-0.63017
0.532569,-0.628934
0.532503,-0.627697
0.532436,-0.62646
0.53237,-0.625223
0.532303,-0.623987
0.532237,-0.62275
0.53217,-0.621513
0.532104,-0.620276
0.532038,-0.61904
0.531971,-0.617803
0.531905,-0.616566
0.531838,-0.61533
0.531772,-0.614093
0.531705,-0.612856
0.531639,-0.611619
0.531572,-0.610383
0.531506,-0.609146
0.531439,-0.607909
0.531373,-0.606672
0.531307,-0.605436
0.53124,-0.604199
0.531174,-0.602962
0.531107,-0.601726
0.531041,-0.600489
0.530974,-0.599252
0.530908,-0.598015
0.530841,-0.596779
0.530775,-0.595542
0.530708,-0.594305
0.530642,-0.593069
0.530575,-0.591832
0.530509,-0.590595
0.530443,-0.589358
0.530376,-0.588122
0.53031,-0.586885
0.530243,-0.585648
0.530177,-0.584411
0.53011,-0.583175
0.530044,-0.581938
0.529977,-0.580701
0.529911,-0.579465
0.529844,-0.578228
0.529778,-0.576991
0.529711,-0.575754
0.529645,-0.574518
0.529579,-0.573281
0.529512,-0.572044
0.529446,-0.570807
0.529379,-0.569571
0.529313,-0.568334
0.529246,-0.567097
0.52918,-0.565861
0.529113,-0.564624
0.529047,-0.563387
0.52898,-0.56215
0.528914,-0.560914
0.528847,-0.559677
0.528781,-0.55844
0.528715,-0.557203
0.528648,-0.555967
0.528582,-0.55473
0.528515,-0.553493
0.528449,-0.552257
0.528382,-0.55102
0.528316,-0.549783
0.528249,-0.548546
0.528183,-0.54731
0.528116,-0.546073
0.52805,-0.544836
0.527983,-0.543599
0.527917,-0.542363
0.527851,-0.541126
0.527784,-0.539889
0.527718,-0.538653
0.527651,-0.537416
0.527585,-0.536179
0.527518,-0.534942
0.527452,-0.533706
0.527385,-0.532469
0.527319,-0.531232
0.527252,-0.529995
0.527186,-0.528759
0.527119,-0.527522
0.527053,-0.526285
0.527869,-0.527133
0.528685,-0.527981
0.5295,-0.528829
0.530316,-0.529677
0.531132,-0.530525
0.531948,-0.531373
0.532763,-0.532221
0.533579,-0.533069
0.534395,-0.533917
0.535211,-0.534765
0.536027,-0.535613
0.536842,-0.536461
0.537658,-0.537309
0.538474,-0.538157
0.53929,-0.539005
0.540105,-0.539853
0.540921,-0.540701
0.541737,-0.541549
0.542553,-0.542397
0.543369,-0.543245
0.544184,-0.544093
0.545,-0.544941
0.545816,-0.545789
0.546632,-0.546637
0.547448,-0.547485
0.548263,-0.548333
0.549079,-0.549181
0.549895,-0.550029
0.550711,-0.550877
0.551526,-0.551725
0.552342,-0.552573
0.553158,-0.553421
0.553974,-0.554269
0.55479,-0.555117
0.555605,-0.555965
0.556421,-0.556813
0.557237,-0.557661
0.558053,-0.55851
0.558868,-0.559358
0.559684,-0.560206
0.5605,-0.561054
0.561316,-0.561902
0.562132,-0.56275
0.562947,-0.563598
0.563763,-0.564446
0.564579,-0.565294
0.565395,-0.566142
0.56621,-0.56699
0.567026,-0.567838
0.567842,-0.568686
0.568658,-0.569534
0.569474,-0.570382
0.570289,-0.57123
0.571105,-0.572078
0.571921,-0.572926
0.572737,-0.573774
0.573552,-0.574622
0.574368,-0.57547
0.575184,-0.576318
0.576,-0.577166
0.576816,-0.578014
0.577631,-0.578862
0.578447,-0.57971
0.579263,-0.580558
0.580079,-0.581406
0.580894,-0.582254
0.58171,-0.583102
0.582526,-0.58395
0.583342,-0.584798
0.584158,-0.585646
0.584973,-0.586494
0.585789,-0.587342
0.586605,-0.58819
0.587421,-0.589038
0.588237,-0.589886
0.589052,-0.590734
0.589868,-0.591582
0.590684,-0.59243
0.5915,-0.593278
0.592315,-0.594126
0.593131,-0.594974
0.593947,-0.595822
0.594763,-0.59667
0.595579,-0.597518
0.596394,-0.598366
0.59721,-0.599214
0.598026,-0.600062
0.598842,-0.60091
0.599657,-0.601758
0.600473,-0.602606
0.601289,-0.603454
0.602105,-0.604302
0.602921,-0.60515
0.603736,-0.605998
0.604552,-0.606846
0.605368,-0.607694
0.606184,-0.608542
0.606999,-0.60939
0.607815,-0.610238
0.608631,-0.611086
0.609447,-0.611934
0.610263,-0.612782
0.611078,-0.61363
0.611894,-0.614478
0.61271,-0.615326
0.613526,-0.616174
0.614341,-0.617022
0.615157,-0.61787
0.615973,-0.618718
0.616789,-0.619566
0.617605,-0.620414
0.61842,-0.621262
0.619236,-0.62211
0.620052,-0.622958
0.620868,-0.623806
0.621683,-0.624654
0.622499,-0.625502
0.623315,-0.62635
0.624131,-0.627198
0.624947,-0.628046
0.625762,-0.628894
0.626578,-0.629742
0.627394,-0.63059
0.62821,-0.631438
0.629026,-0.632286
0.629841,-0.633134
0.630657,-0.633982
0.631473,-0.63483
0.632289,-0.635678
0.633104,-0.636526
0.63392,-0.637374
0.634736,-0.638222
0.635552,-0.63907
0.636368,-0.639918
0.637183,-0.640766
0.637999,-0.641614
0.638815,-0.642462
0.639631,-0.64331
0.640446,-0.644158
0.641262,-0.645006
0.642078,-0.645854
0.642894,-0.646702
0.64371,-0.64755
0.644525,-0.648398
0.645341,-0.649246
0.646157,-0.650094
0.646973,-0.650942
0.647788,-0.65179
0.648604,-0.652638
