O
25
1,0,-1,0.78,-0.5,0.75,0.0,0.0,0.0,0.3,0.4,0.02,0,0.8,False
2,0,-1,1.1,-0.5,0.93,0.0,0.0,0.0,0.02,0.4,0.2,0,0.8,False
3,0,-1,0.78,-0.5,1.11,0.0,0.0,0.0,0.3,0.4,0.02,0,0.8,False
4,0,-1,0.8,-0.92,0.93,0.0,0.0,0.0,0.32,0.02,0.2,0,0.8,False
5,0,-1,0.8,-0.08,0.93,0.0,0.0,0.0,0.32,0.02,0.2,0,0.8,False
6,2,0,0.7967685312972467,-0.5026627590581058,0.8450000000000001,0.0,0.0,1.7165218549770032,0.0669993343530195,0.0669993343530195,0.15,0.4300667135868879,1.1632059760250717,False
7,2,0,0.9596907988062271,-0.15026834047451731,0.8450000000000001,0.0,0.0,1.6205322430935316,0.03,0.03,0.15,0.2805337540157009,0.9688717246773326,False
8,2,0,0.6768366004382056,-0.8175967755071342,0.8606129673279163,0.0,0.0,2.039215708261289,0.03,0.03,0.18122593465583248,0.004023021759021972,1.1317619405400978,False
9,2,0,0.7026368857544938,-0.17810079635890852,0.8450000000000001,0.0,0.0,6.152278565845841,0.054892299593375056,0.054892299593375056,0.15,0.3546100484351508,1.067766100763623,False
10,0,0,0.6219598854809553,-0.6160362858169217,0.9063793503234077,0.0,0.0,0.6742590869337844,0.03366382886421917,0.03,0.1363793503234077,0.0836585783946866,0.8414265867475392,False
11,2,1,0.9404985787486,-0.5569939472183788,0.8450000000000001,0.0,0.0,3.7549113429540713,0.034535105646471824,0.034535105646471824,0.15,0.05278068496168181,0.8626116270405753,True
12,2,1,0.5131478061696398,-0.4428545366010438,0.8450000000000001,0.0,0.0,4.295045847405738,0.03,0.03,0.15,0.2017272306638923,0.8077831183742826,True
13,0,1,0.9594699498903758,-0.7439559942928861,0.9150802191594798,0.0,0.0,4.519560712072573,0.07980821751741561,0.06670539418884577,0.14508021915947972,0.3916751835447502,1.144449954842168,True
14,2,1,0.8917292595680779,-0.328686624813901,0.8450000000000001,0.0,0.0,3.0293792413852887,0.07253009593500345,0.07253009593500345,0.15,0.3569003236555559,0.8826697964476107,True
15,0,1,0.5961996658863106,-0.30160400997964065,0.86,0.0,0.0,4.994432023547924,0.03,0.03,0.09,0.11060698143155134,0.805165594762352,True
16,2,1,0.5571357673954082,-0.8099565766895528,0.8450000000000001,0.0,0.0,4.315749432420972,0.04081996634300397,0.04081996634300397,0.15,0.4021228341534238,1.050362631118262,True
17,2,1,0.6838122037096017,-0.3771818081371106,0.8561748615859621,0.0,0.0,0.08475579909170217,0.03,0.03,0.1723497231719242,0.12244146753192009,1.0477291865019938,True
18,2,1,0.5607362290154057,-0.1993188118063658,0.8617656030861032,0.0,0.0,0.37172187105259974,0.03,0.03,0.18353120617220625,0.3776280908967643,0.9301856965017421,True
19,0,1,0.8112714773128327,-0.7975866993215436,0.86,0.0,0.0,3.5123629476900757,0.03,0.06885446520622264,0.09,0.11637020878201354,1.1619469181391444,True
20,2,1,0.6090072051468015,-0.48237005402944794,0.8450000000000001,0.0,0.0,3.105475203066342,0.03,0.03,0.15,0.4116530599765579,0.9184090062983353,True
21,2,1,0.7283083854732774,-0.6531810832628119,0.8450000000000001,0.0,0.0,1.5879239151108322,0.03128286846846906,0.03128286846846906,0.15,0.4807957590843148,1.0434728689519994,True
22,2,1,1.0272516603444357,-0.29734453940631633,0.8450000000000001,0.0,0.0,6.036393922207926,0.03,0.03,0.15,0.2433665357942364,0.81879818389192,True
23,2,1,0.8033797502815276,-0.6801217229363546,0.8450000000000001,0.0,0.0,3.1147847822183716,0.03,0.03,0.15,0.36492071927880076,0.8036885694619142,True
24,2,1,0.5252583564586646,-0.5841753050490872,0.8450000000000001,0.0,0.0,0.4633533345927327,0.03,0.03,0.15,0.41483556202409655,0.8107277637722814,True
25,2,1,0.6126472914501925,-0.7101162288643901,0.8629632392932256,0.0,0.0,1.6053589786957612,0.03,0.03,0.18592647858645106,0.2938696483086815,0.9271859525896611,True
R
0.0,0.0,0.0,0.0,0.0,0.0,1.0
S
8
torso_lift_joint,0
r_shoulder_pan_joint,-1.69017
r_shoulder_lift_joint,-0.0788625
r_upper_arm_roll_joint,-1.69017
r_elbow_flex_joint,-1.2717
r_forearm_roll_joint,-0.151824
r_wrist_flex_joint,-1.25254
r_wrist_roll_joint,0.675062
G
0.56051,-0.665148,0.906379,0.674259,-0,0
ooi
10
A
599
0.310248,-0.673113
0.311023,-0.673277
0.311798,-0.673441
0.312573,-0.673606
0.313348,-0.67377
0.314123,-0.673934
0.314898,-0.674098
0.315672,-0.674262
0.316447,-0.674426
0.317222,-0.674591
0.317997,-0.674755
0.318772,-0.674919
0.319547,-0.675083
0.320322,-0.675247
0.321097,-0.675411
0.321872,-0.675576
0.322647,-0.67574
0.323421,-0.675904
0.324196,-0.676068
0.324971,-0.676232
0.325746,-0.676397
0.326521,-0.676561
0.327296,-0.676725
0.328071,-0.676889
0.328846,-0.677053
0.329621,-0.677217
0.330395,-0.677382
0.33117,-0.677546
0.331945,-0.67771
0.33272,-0.677874
0.333495,-0.678038
0.33427,-0.678202
0.335045,-0.678367
0.33582,-0.678531
0.336595,-0.678695
0.33737,-0.678859
0.338144,-0.679023
0.338919,-0.679187
0.339694,-0.679352
0.340469,-0.679516
0.341244,-0.67968
0.342019,-0.679844
0.342794,-0.680008
0.343569,-0.680172
0.344344,-0.680337
0.345119,-0.680501
0.345893,-0.680665
0.346668,-0.680829
0.347443,-0.680993
0.348218,-0.681158
0.348993,-0.681322
0.349768,-0.681486
0.350543,-0.68165
0.351318,-0.681814
0.352093,-0.681978
0.352867,-0.682143
0.353642,-0.682307
0.354417,-0.682471
0.355192,-0.682635
0.355967,-0.682799
0.356742,-0.682963
0.357517,-0.683128
0.358292,-0.683292
0.359067,-0.683456
0.359842,-0.68362
0.360616,-0.683784
0.361391,-0.683948
0.362166,-0.684113
0.362941,-0.684277
0.363716,-0.684441
0.364491,-0.684605
0.365266,-0.684769
0.366041,-0.684934
0.366816,-0.685098
0.367591,-0.685262
0.368365,-0.685426
0.36914,-0.68559
0.369915,-0.685754
0.37069,-0.685919
0.371465,-0.686083
0.37224,-0.686247
0.373015,-0.686411
0.37379,-0.686575
0.374565,-0.686739
0.37534,-0.686904
0.376114,-0.687068
0.376889,-0.687232
0.377664,-0.687396
0.378439,-0.68756
0.379214,-0.687724
0.379989,-0.687889
0.380764,-0.688053
0.381539,-0.688217
0.382314,-0.688381
0.383088,-0.688545
0.383863,-0.688709
0.384638,-0.688874
0.385413,-0.689038
0.386188,-0.689202
0.386963,-0.689366
0.387738,-0.68953
0.388513,-0.689695
0.389288,-0.689859
0.390063,-0.690023
0.390837,-0.690187
0.391612,-0.690351
0.392387,-0.690515
0.393162,-0.69068
0.393937,-0.690844
0.394712,-0.691008
0.395487,-0.691172
0.396262,-0.691336
0.397037,-0.6915
0.397812,-0.691665
0.398586,-0.691829
0.399361,-0.691993
0.400136,-0.692157
0.400911,-0.692321
0.401686,-0.692485
0.402461,-0.69265
0.403236,-0.692814
0.404011,-0.692978
0.404786,-0.693142
0.40556,-0.693306
0.406335,-0.69347
0.40711,-0.693635
0.407885,-0.693799
0.40866,-0.693963
0.409435,-0.694127
0.41021,-0.694291
0.410985,-0.694456
0.41176,-0.69462
0.412535,-0.694784
0.413309,-0.694948
0.414084,-0.695112
0.414859,-0.695276
0.415634,-0.695441
0.416409,-0.695605
0.417184,-0.695769
0.417959,-0.695933
0.418734,-0.696097
0.419509,-0.696261
0.420284,-0.696426
0.421058,-0.69659
0.421833,-0.696754
0.422608,-0.696918
0.423383,-0.697082
0.424158,-0.697246
0.424933,-0.697411
0.425708,-0.697575
0.426483,-0.697739
0.426557,-0.697967
0.426631,-0.698196
0.426705,-0.698424
0.426779,-0.698652
0.426853,-0.698881
0.426928,-0.699109
0.427002,-0.699337
0.427076,-0.699566
0.42715,-0.699794
0.427224,-0.700023
0.427298,-0.700251
0.427373,-0.700479
0.427447,-0.700708
0.427521,-0.700936
0.427595,-0.701164
0.427669,-0.701393
0.427743,-0.701621
0.427818,-0.701849
0.427892,-0.702078
0.427966,-0.702306
0.42804,-0.702535
0.428114,-0.702763
0.428188,-0.702991
0.428262,-0.70322
0.428337,-0.703448
0.428411,-0.703676
0.428485,-0.703905
0.428559,-0.704133
0.428633,-0.704361
0.428707,-0.70459
0.428782,-0.704818
0.428856,-0.705046
0.42893,-0.705275
0.429004,-0.705503
0.429078,-0.705732
0.429152,-0.70596
0.429227,-0.706188
0.429301,-0.706417
0.429375,-0.706645
0.429449,-0.706873
0.429523,-0.707102
0.429597,-0.70733
0.429672,-0.707558
0.429746,-0.707787
0.42982,-0.708015
0.429894,-0.708244
0.429968,-0.708472
0.430042,-0.7087
0.430116,-0.708929
0.430191,-0.709157
0.430265,-0.709385
0.430339,-0.709614
0.430413,-0.709842
0.430487,-0.71007
0.430561,-0.710299
0.430636,-0.710527
0.43071,-0.710755
0.430784,-0.710984
0.430858,-0.711212
0.430932,-0.711441
0.431006,-0.711669
0.431081,-0.711897
0.431155,-0.712126
0.431229,-0.712354
0.431303,-0.712582
0.431377,-0.712811
0.431451,-0.713039
0.431525,-0.713267
0.4316,-0.713496
0.431674,-0.713724
0.431748,-0.713953
0.431822,-0.714181
0.431896,-0.714409
0.43197,-0.714638
0.432045,-0.714866
0.432119,-0.715094
0.432193,-0.715323
0.432267,-0.715551
0.432341,-0.715779
0.432415,-0.716008
0.43249,-0.716236
0.432564,-0.716464
0.432638,-0.716693
0.432712,-0.716921
0.432786,-0.71715
0.43286,-0.717378
0.432934,-0.717606
0.433009,-0.717835
0.433083,-0.718063
0.433157,-0.718291
0.433231,-0.71852
0.433305,-0.718748
0.433379,-0.718976
0.433454,-0.719205
0.433528,-0.719433
0.433602,-0.719662
0.433676,-0.71989
0.43375,-0.720118
0.433824,-0.720347
0.433899,-0.720575
0.433973,-0.720803
0.434047,-0.721032
0.434121,-0.72126
0.434195,-0.721488
0.434269,-0.721717
0.434343,-0.721945
0.434418,-0.722173
0.434492,-0.722402
0.434566,-0.72263
0.43464,-0.722859
0.434714,-0.723087
0.434788,-0.723315
0.434863,-0.723544
0.434937,-0.723772
0.435011,-0.724
0.435085,-0.724229
0.435159,-0.724457
0.435233,-0.724685
0.435308,-0.724914
0.435382,-0.725142
0.435456,-0.725371
0.43553,-0.725599
0.435604,-0.725827
0.435678,-0.726056
0.435752,-0.726284
0.435827,-0.726512
0.435901,-0.726741
0.435975,-0.726969
0.436049,-0.727197
0.436123,-0.727426
0.436197,-0.727654
0.436272,-0.727882
0.436346,-0.728111
0.43642,-0.728339
0.436494,-0.728568
0.436568,-0.728796
0.436642,-0.729024
0.436717,-0.729253
0.436791,-0.729481
0.436865,-0.729709
0.436939,-0.729938
0.437013,-0.730166
0.437087,-0.730394
0.437162,-0.730623
0.437236,-0.730851
0.43731,-0.73108
0.437384,-0.731308
0.437458,-0.731536
0.437532,-0.731765
0.436874,-0.731003
0.436216,-0.730241
0.435558,-0.72948
0.4349,-0.728718
0.434242,-0.727957
0.433584,-0.727195
0.432926,-0.726433
0.432268,-0.725672
0.43161,-0.72491
0.430952,-0.724149
0.430294,-0.723387
0.429636,-0.722626
0.428978,-0.721864
0.42832,-0.721102
0.427662,-0.720341
0.427004,-0.719579
0.426346,-0.718818
0.425688,-0.718056
0.42503,-0.717294
0.424371,-0.716533
0.423713,-0.715771
0.423055,-0.71501
0.422397,-0.714248
0.421739,-0.713486
0.421081,-0.712725
0.420423,-0.711963
0.419765,-0.711202
0.419107,-0.71044
0.418449,-0.709678
0.417791,-0.708917
0.417133,-0.708155
0.416475,-0.707394
0.415817,-0.706632
0.415159,-0.705871
0.414501,-0.705109
0.413843,-0.704347
0.413185,-0.703586
0.412527,-0.702824
0.411869,-0.702063
0.411211,-0.701301
0.410553,-0.700539
0.409895,-0.699778
0.409236,-0.699016
0.408578,-0.698255
0.40792,-0.697493
0.407262,-0.696731
0.406604,-0.69597
0.405946,-0.695208
0.405288,-0.694447
0.40463,-0.693685
0.403972,-0.692923
0.403314,-0.692162
0.402656,-0.6914
0.401998,-0.690639
0.40134,-0.689877
0.400682,-0.689116
0.400024,-0.688354
0.399366,-0.687592
0.398708,-0.686831
0.39805,-0.686069
0.397392,-0.685308
0.396734,-0.684546
0.396076,-0.683784
0.395418,-0.683023
0.39476,-0.682261
0.394102,-0.6815
0.393443,-0.680738
0.392785,-0.679976
0.392127,-0.679215
0.391469,-0.678453
0.390811,-0.677692
0.390153,-0.67693
0.389495,-0.676169
0.388837,-0.675407
0.388179,-0.674645
0.387521,-0.673884
0.386863,-0.673122
0.386205,-0.672361
0.385547,-0.671599
0.384889,-0.670837
0.384231,-0.670076
0.383573,-0.669314
0.382915,-0.668553
0.382257,-0.667791
0.381599,-0.667029
0.380941,-0.666268
0.380283,-0.665506
0.379625,-0.664745
0.378967,-0.663983
0.378309,-0.663221
0.37765,-0.66246
0.376992,-0.661698
0.376334,-0.660937
0.375676,-0.660175
0.375018,-0.659414
0.37436,-0.658652
0.373702,-0.65789
0.373044,-0.657129
0.372386,-0.656367
0.371728,-0.655606
0.37107,-0.654844
0.370412,-0.654082
0.369754,-0.653321
0.369096,-0.652559
0.368438,-0.651798
0.36778,-0.651036
0.367122,-0.650274
0.366464,-0.649513
0.365806,-0.648751
0.365148,-0.64799
0.36449,-0.647228
0.363832,-0.646467
0.363174,-0.645705
0.362516,-0.644943
0.361857,-0.644182
0.361199,-0.64342
0.360541,-0.642659
0.359883,-0.641897
0.359225,-0.641135
0.358567,-0.640374
0.357909,-0.639612
0.357251,-0.638851
0.356593,-0.638089
0.355935,-0.637327
0.355277,-0.636566
0.354619,-0.635804
0.353961,-0.635043
0.353303,-0.634281
0.352645,-0.633519
0.351987,-0.632758
0.351329,-0.631996
0.350671,-0.631235
0.350013,-0.630473
0.349355,-0.629712
0.348697,-0.62895
0.348039,-0.628188
0.347381,-0.627427
0.346723,-0.626665
0.346064,-0.625904
0.345406,-0.625142
0.344748,-0.62438
0.34409,-0.623619
0.343432,-0.622857
0.342774,-0.622096
0.342116,-0.621334
0.341458,-0.620572
0.3408,-0.619811
0.340142,-0.619049
0.339484,-0.618288
0.338826,-0.617526
0.340314,-0.617846
0.341802,-0.618165
0.343289,-0.618485
0.344777,-0.618805
0.346265,-0.619124
0.347753,-0.619444
0.349241,-0.619763
0.350729,-0.620083
0.352216,-0.620403
0.353704,-0.620722
0.355192,-0.621042
0.35668,-0.621361
0.358168,-0.621681
0.359655,-0.622001
0.361143,-0.62232
0.362631,-0.62264
0.364119,-0.622959
0.365607,-0.623279
0.367094,-0.623599
0.368582,-0.623918
0.37007,-0.624238
0.371558,-0.624557
0.373046,-0.624877
0.374534,-0.625197
0.376021,-0.625516
0.377509,-0.625836
0.378997,-0.626155
0.380485,-0.626475
0.381973,-0.626795
0.38346,-0.627114
0.384948,-0.627434
0.386436,-0.627754
0.387924,-0.628073
0.389412,-0.628393
0.390899,-0.628712
0.392387,-0.629032
0.393875,-0.629352
0.395363,-0.629671
0.396851,-0.629991
0.398339,-0.63031
0.399826,-0.63063
0.401314,-0.63095
0.402802,-0.631269
0.40429,-0.631589
0.405778,-0.631908
0.407265,-0.632228
0.408753,-0.632548
0.410241,-0.632867
0.411729,-0.633187
0.413217,-0.633506
0.414704,-0.633826
0.416192,-0.634146
0.41768,-0.634465
0.419168,-0.634785
0.420656,-0.635105
0.422144,-0.635424
0.423631,-0.635744
0.425119,-0.636063
0.426607,-0.636383
0.428095,-0.636703
0.429583,-0.637022
0.43107,-0.637342
0.432558,-0.637661
0.434046,-0.637981
0.435534,-0.638301
0.437022,-0.63862
0.438509,-0.63894
0.439997,-0.639259
0.441485,-0.639579
0.442973,-0.639899
0.444461,-0.640218
0.445949,-0.640538
0.447436,-0.640857
0.448924,-0.641177
0.450412,-0.641497
0.4519,-0.641816
0.453388,-0.642136
0.454875,-0.642455
0.456363,-0.642775
0.457851,-0.643095
0.459339,-0.643414
0.460827,-0.643734
0.462314,-0.644054
0.463802,-0.644373
0.46529,-0.644693
0.466778,-0.645012
0.468266,-0.645332
0.469754,-0.645652
0.471241,-0.645971
0.472729,-0.646291
0.474217,-0.64661
0.475705,-0.64693
0.477193,-0.64725
0.47868,-0.647569
0.480168,-0.647889
0.481656,-0.648208
0.483144,-0.648528
0.484632,-0.648848
0.486119,-0.649167
0.487607,-0.649487
0.489095,-0.649806
0.490583,-0.650126
0.492071,-0.650446
0.493559,-0.650765
0.495046,-0.651085
0.496534,-0.651404
0.498022,-0.651724
0.49951,-0.652044
0.500998,-0.652363
0.502485,-0.652683
0.503973,-0.653003
0.505461,-0.653322
0.506949,-0.653642
0.508437,-0.653961
0.509924,-0.654281
0.511412,-0.654601
0.5129,-0.65492
0.514388,-0.65524
0.515876,-0.655559
0.517364,-0.655879
0.518851,-0.656199
0.520339,-0.656518
0.521827,-0.656838
0.523315,-0.657157
0.524803,-0.657477
0.52629,-0.657797
0.527778,-0.658116
0.529266,-0.658436
0.530754,-0.658755
0.532242,-0.659075
0.533729,-0.659395
0.535217,-0.659714
0.536705,-0.660034
0.538193,-0.660353
0.539681,-0.660673
0.541169,-0.660993
0.542656,-0.661312
0.544144,-0.661632
0.545632,-0.661952
0.54712,-0.662271
0.548608,-0.662591
0.550095,-0.66291
0.551583,-0.66323
0.553071,-0.66355
0.554559,-0.663869
0.556047,-0.664189
0.557534,-0.664508
0.559022,-0.664828
0.56051,-0.665148
