O
25
1,0,-1,0.78,-0.5,0.75,0.0,0.0,0.0,0.3,0.4,0.02,0,0.8,False
2,0,-1,1.1,-0.5,0.93,0.0,0.0,0.0,0.02,0.4,0.2,0,0.8,False
3,0,-1,0.78,-0.5,1.11,0.0,0.0,0.0,0.3,0.4,0.02,0,0.8,False
4,0,-1,0.8,-0.92,0.93,0.0,0.0,0.0,0.32,0.02,0.2,0,0.8,False
5,0,-1,0.8,-0.08,0.93,0.0,0.0,0.0,0.32,0.02,0.2,0,0.8,False
6,2,0,0.6054381993658863,-0.5831985689391387,0.8450000000000001,0.0,0.0,1.1388283743693195,0.0627597933652578,0.0627597933652578,0.15,0.13477010063878114,1.1024053054323382,False
7,2,0,0.8953799199101921,-0.5854921991794503,0.8450000000000001,0.0,0.0,5.047092745000967,0.06615813974755021,0.06615813974755021,0.15,0.06590083883682646,1.075665349248165,False
8,2,0,0.8356844674563715,-0.7923326439398853,0.8450000000000001,0.0,0.0,3.0739390780641624,0.03,0.03,0.15,0.35478618206373946,0.8530899907900376,False
9,0,0,0.9707980650071704,-0.7763332369548993,0.8967899073554371,0.0,0.0,1.0760687676686003,0.04157550645934382,0.054816044006598966,0.12678990735543705,0.4177997296728986,0.849574010883809,False
10,0,0,0.6722400225149849,-0.27557632386940967,0.9158269797246541,0.0,0.0,2.0936099448118353,0.03,0.03,0.14582697972465408,0.11315639105707714,0.8662664271521087,False
11,0,1,0.8733488638283662,-0.4241202292949592,0.86,0.0,0.0,1.7383077119936008,0.04724375536074788,0.05285358925007704,0.09,0.4046415766953588,1.0529803082949374,True
12,2,1,0.9019076261588248,-0.22883830740659505,0.8697857379534131,0.0,0.0,1.8664651506060652,0.03,0.03,0.19957147590682622,0.13471561385296843,1.0690705508840224,True
13,2,1,0.6120159379736986,-0.7160440429859579,0.8450000000000001,0.0,0.0,2.8524967254220557,0.03,0.03,0.15,0.3033060344508021,0.9348329564619726,True
14,0,1,0.7372205000347575,-0.7977041194890103,0.86,0.0,0.0,5.816252814594379,0.03,0.05990155711666205,0.09,0.2715822947527756,1.1796024282754862,True
15,0,1,0.7517552227575377,-0.4651788358554634,0.86,0.0,0.0,5.0813551194654245,0.03,0.03,0.09,0.17693781710200335,0.9791794013234194,True
16,2,1,0.786674326927816,-0.24894590700929653,0.8450000000000001,0.0,0.0,0.9909047656835376,0.03,0.03,0.15,0.2734251691950625,0.8096749461740451,True
17,2,1,0.5134931721450491,-0.3465821906062091,0.8450000000000001,0.0,0.0,5.709265452438977,0.03,0.03,0.15,0.24775657944359614,0.892555770138438,True
18,2,1,0.538021248634127,-0.2139090354427856,0.8450000000000001,0.0,0.0,0.32125139781769646,0.03,0.03,0.15,0.1048675411763092,1.1326878769142383,True
19,0,1,0.9962304643470963,-0.19796489833099074,0.86,0.0,0.0,6.121523824325348,0.03285281864968228,0.06908625374485204,0.09,0.10700903624984309,1.1522278814370754,True
20,2,1,0.7468194265019558,-0.6453206540823395,0.8450000000000001,0.0,0.0,0.7484685099251539,0.03,0.03,0.15,0.00910773996772285,0.9083109193225035,True
21,2,1,0.6635974839428127,-0.1768055895501215,0.8450000000000001,0.0,0.0,3.5264563086962064,0.03396510874089433,0.03396510874089433,0.15,0.03513157139299017,1.063886447375273,True
22,2,1,1.007760788085383,-0.3482214678041303,0.8450000000000001,0.0,0.0,3.837672639388516,0.03,0.03,0.15,0.1889261441471463,0.9257421069111527,True
23,0,1,0.6496515012470205,-0.4236441676972649,0.86,0.0,0.0,3.192233670364674,0.03,0.05739016791419313,0.09,0.012070079084990248,0.8701232349023008,True
24,0,1,0.6384996084155617,-0.853227253786255,0.86,0.0,0.0,3.210591957451292,0.03197977027627231,0.03,0.09,0.13073110130015914,1.0024684263074497,True
25,2,1,0.5436641567085425,-0.4531940640387948,0.8450000000000001,0.0,0.0,1.8118476471372014,0.03,0.03,0.15,0.233023041130479,0.9768162069506297,True
R
0.0,0.0,0.0,0.0,0.0,0.0,1.0
S
8
torso_lift_joint,0
r_shoulder_pan_joint,-1.69017
r_shoulder_lift_joint,-0.0788625
r_upper_arm_roll_joint,-1.69017
r_elbow_flex_joint,-1.2717
r_forearm_roll_joint,-0.151824
r_wrist_flex_joint,-1.25254
r_wrist_roll_joint,0.675062
G
0.607259,-0.313025,0.915827,0.522814,-0,0
ooi
10
A
599
0.310248,-0.673113
0.311091,-0.672173
0.311933,-0.671233
0.312776,-0.670292
0.313618,-0.669352
0.314461,-0.668412
0.315304,-0.667472
0.316146,-0.666532
0.316989,-0.665591
0.317831,-0.664651
0.318674,-0.663711
0.319516,-0.662771
0.320359,-0.66183
0.321202,-0.66089
0.322044,-0.65995
0.322887,-0.65901
0.323729,-0.65807
0.324572,-0.657129
0.325414,-0.656189
0.326257,-0.655249
0.3271,-0.654309
0.327942,-0.653368
0.328785,-0.652428
0.329627,-0.651488
0.33047,-0.650548
0.331312,-0.649608
0.332155,-0.648667
0.332998,-0.647727
0.33384,-0.646787
0.334683,-0.645847
0.335525,-0.644907
0.336368,-0.643966
0.33721,-0.643026
0.338053,-0.642086
0.338896,-0.641146
0.339738,-0.640205
0.340581,-0.639265
0.341423,-0.638325
0.342266,-0.637385
0.343108,-0.636445
0.343951,-0.635504
0.344793,-0.634564
0.345636,-0.633624
0.346479,-0.632684
0.347321,-0.631743
0.348164,-0.630803
0.349006,-0.629863
0.349849,-0.628923
0.350691,-0.627983
0.351534,-0.627042
0.352377,-0.626102
0.353219,-0.625162
0.354062,-0.624222
0.354904,-0.623281
0.355747,-0.622341
0.356589,-0.621401
0.357432,-0.620461
0.358275,-0.619521
0.359117,-0.61858
0.35996,-0.61764
0.360802,-0.6167
0.361645,-0.61576
0.362487,-0.61482
0.36333,-0.613879
0.364173,-0.612939
0.365015,-0.611999
0.365858,-0.611059
0.3667,-0.610118
0.367543,-0.609178
0.368385,-0.608238
0.369228,-0.607298
0.370071,-0.606358
0.370913,-0.605417
0.371756,-0.604477
0.372598,-0.603537
0.373441,-0.602597
0.374283,-0.601656
0.375126,-0.600716
0.375969,-0.599776
0.376811,-0.598836
0.377654,-0.597896
0.378496,-0.596955
0.379339,-0.596015
0.380181,-0.595075
0.381024,-0.594135
0.381866,-0.593194
0.382709,-0.592254
0.383552,-0.591314
0.384394,-0.590374
0.385237,-0.589434
0.386079,-0.588493
0.386922,-0.587553
0.387764,-0.586613
0.388607,-0.585673
0.38945,-0.584733
0.390292,-0.583792
0.391135,-0.582852
0.391977,-0.581912
0.39282,-0.580972
0.393662,-0.580031
0.394505,-0.579091
0.395348,-0.578151
0.39619,-0.577211
0.397033,-0.576271
0.397875,-0.57533
0.398718,-0.57439
0.39956,-0.57345
0.400403,-0.57251
0.401246,-0.571569
0.402088,-0.570629
0.402931,-0.569689
0.403773,-0.568749
0.404616,-0.567809
0.405458,-0.566868
0.406301,-0.565928
0.407144,-0.564988
0.407986,-0.564048
0.408829,-0.563108
0.409671,-0.562167
0.410514,-0.561227
0.411356,-0.560287
0.412199,-0.559347
0.413042,-0.558406
0.413884,-0.557466
0.414727,-0.556526
0.415569,-0.555586
0.416412,-0.554646
0.417254,-0.553705
0.418097,-0.552765
0.418939,-0.551825
0.419782,-0.550885
0.420625,-0.549944
0.421467,-0.549004
0.42231,-0.548064
0.423152,-0.547124
0.423995,-0.546184
0.424837,-0.545243
0.42568,-0.544303
0.426523,-0.543363
0.427365,-0.542423
0.428208,-0.541482
0.42905,-0.540542
0.429893,-0.539602
0.430735,-0.538662
0.431578,-0.537722
0.432421,-0.536781
0.433263,-0.535841
0.434106,-0.534901
0.434948,-0.533961
0.435791,-0.533021
0.436633,-0.53208
0.436499,-0.53189
0.436364,-0.531699
0.436229,-0.531509
0.436094,-0.531318
0.435959,-0.531128
0.435824,-0.530937
0.435689,-0.530747
0.435554,-0.530556
0.435419,-0.530366
0.435285,-0.530175
0.43515,-0.529985
0.435015,-0.529794
0.43488,-0.529604
0.434745,-0.529413
0.43461,-0.529223
0.434475,-0.529032
0.43434,-0.528842
0.434206,-0.528651
0.434071,-0.528461
0.433936,-0.52827
0.433801,-0.52808
0.433666,-0.527889
0.433531,-0.527699
0.433396,-0.527509
0.433261,-0.527318
0.433126,-0.527128
0.432992,-0.526937
0.432857,-0.526747
0.432722,-0.526556
0.432587,-0.526366
0.432452,-0.526175
0.432317,-0.525985
0.432182,-0.525794
0.432047,-0.525604
0.431913,-0.525413
0.431778,-0.525223
0.431643,-0.525032
0.431508,-0.524842
0.431373,-0.524651
0.431238,-0.524461
0.431103,-0.52427
0.430968,-0.52408
0.430833,-0.523889
0.430699,-0.523699
0.430564,-0.523508
0.430429,-0.523318
0.430294,-0.523127
0.430159,-0.522937
0.430024,-0.522746
0.429889,-0.522556
0.429754,-0.522365
0.429619,-0.522175
0.429485,-0.521984
0.42935,-0.521794
0.429215,-0.521603
0.42908,-0.521413
0.428945,-0.521222
0.42881,-0.521032
0.428675,-0.520841
0.42854,-0.520651
0.428406,-0.52046
0.428271,-0.52027
0.428136,-0.520079
0.428001,-0.519889
0.427866,-0.519698
0.427731,-0.519508
0.427596,-0.519317
0.427461,-0.519127
0.427326,-0.518936
0.427192,-0.518746
0.427057,-0.518555
0.426922,-0.518365
0.426787,-0.518174
0.426652,-0.517984
0.426517,-0.517793
0.426382,-0.517603
0.426247,-0.517412
0.426113,-0.517222
0.425978,-0.517031
0.425843,-0.516841
0.425708,-0.516651
0.425573,-0.51646
0.425438,-0.51627
0.425303,-0.516079
0.425168,-0.515889
0.425033,-0.515698
0.424899,-0.515508
0.424764,-0.515317
0.424629,-0.515127
0.424494,-0.514936
0.424359,-0.514746
0.424224,-0.514555
0.424089,-0.514365
0.423954,-0.514174
0.42382,-0.513984
0.423685,-0.513793
0.42355,-0.513603
0.423415,-0.513412
0.42328,-0.513222
0.423145,-0.513031
0.42301,-0.512841
0.422875,-0.51265
0.42274,-0.51246
0.422606,-0.512269
0.422471,-0.512079
0.422336,-0.511888
0.422201,-0.511698
0.422066,-0.511507
0.421931,-0.511317
0.421796,-0.511126
0.421661,-0.510936
0.421527,-0.510745
0.421392,-0.510555
0.421257,-0.510364
0.421122,-0.510174
0.420987,-0.509983
0.420852,-0.509793
0.420717,-0.509602
0.420582,-0.509412
0.420447,-0.509221
0.420313,-0.509031
0.420178,-0.50884
0.420043,-0.50865
0.419908,-0.508459
0.419773,-0.508269
0.419638,-0.508078
0.419503,-0.507888
0.419368,-0.507697
0.419233,-0.507507
0.419099,-0.507316
0.418964,-0.507126
0.418829,-0.506935
0.418694,-0.506745
0.418559,-0.506554
0.418424,-0.506364
0.418289,-0.506173
0.418154,-0.505983
0.41802,-0.505793
0.417885,-0.505602
0.41775,-0.505412
0.417615,-0.505221
0.41748,-0.505031
0.417345,-0.50484
0.41721,-0.50465
0.417075,-0.504459
0.41694,-0.504269
0.416806,-0.504078
0.416671,-0.503888
0.416536,-0.503697
0.417407,-0.503272
0.418279,-0.502847
0.419151,-0.502422
0.420022,-0.501997
0.420894,-0.501572
0.421765,-0.501147
0.422637,-0.500722
0.423509,-0.500297
0.42438,-0.499872
0.425252,-0.499447
0.426124,-0.499022
0.426995,-0.498597
0.427867,-0.498172
0.428738,-0.497747
0.42961,-0.497322
0.430482,-0.496897
0.431353,-0.496472
0.432225,-0.496047
0.433096,-0.495622
0.433968,-0.495197
0.43484,-0.494772
0.435711,-0.494347
0.436583,-0.493922
0.437454,-0.493497
0.438326,-0.493072
0.439198,-0.492647
0.440069,-0.492222
0.440941,-0.491797
0.441812,-0.491372
0.442684,-0.490947
0.443556,-0.490522
0.444427,-0.490097
0.445299,-0.489672
0.44617,-0.489247
0.447042,-0.488822
0.447914,-0.488397
0.448785,-0.487972
0.449657,-0.487547
0.450529,-0.487122
0.4514,-0.486697
0.452272,-0.486272
0.453143,-0.485847
0.454015,-0.485422
0.454887,-0.484997
0.455758,-0.484572
0.45663,-0.484147
0.457501,-0.483722
0.458373,-0.483297
0.459245,-0.482872
0.460116,-0.482448
0.460988,-0.482023
0.461859,-0.481598
0.462731,-0.481173
0.463603,-0.480748
0.464474,-0.480323
0.465346,-0.479898
0.466217,-0.479473
0.467089,-0.479048
0.467961,-0.478623
0.468832,-0.478198
0.469704,-0.477773
0.470576,-0.477348
0.471447,-0.476923
0.472319,-0.476498
0.47319,-0.476073
0.474062,-0.475648
0.474934,-0.475223
0.475805,-0.474798
0.476677,-0.474373
0.477548,-0.473948
0.47842,-0.473523
0.479292,-0.473098
0.480163,-0.472673
0.481035,-0.472248
0.481906,-0.471823
0.482778,-0.471398
0.48365,-0.470973
0.484521,-0.470548
0.485393,-0.470123
0.486264,-0.469698
0.487136,-0.469273
0.488008,-0.468848
0.488879,-0.468423
0.489751,-0.467998
0.490623,-0.467573
0.491494,-0.467148
0.492366,-0.466723
0.493237,-0.466298
0.494109,-0.465873
0.494981,-0.465448
0.495852,-0.465023
0.496724,-0.464598
0.497595,-0.464173
0.498467,-0.463748
0.499339,-0.463323
0.50021,-0.462898
0.501082,-0.462473
0.501953,-0.462048
0.502825,-0.461623
0.503697,-0.461198
0.504568,-0.460773
0.50544,-0.460348
0.506311,-0.459923
0.507183,-0.459498
0.508055,-0.459073
0.508926,-0.458648
0.509798,-0.458223
0.510669,-0.457798
0.511541,-0.457373
0.512413,-0.456948
0.513284,-0.456523
0.514156,-0.456098
0.515028,-0.455673
0.515899,-0.455248
0.516771,-0.454823
0.517642,-0.454398
0.518514,-0.453973
0.519386,-0.453548
0.520257,-0.453123
0.521129,-0.452698
0.522,-0.452273
0.522872,-0.451848
0.523744,-0.451423
0.524615,-0.450998
0.525487,-0.450573
0.526358,-0.450148
0.52723,-0.449723
0.528102,-0.449298
0.528973,-0.448873
0.529845,-0.448448
0.530716,-0.448023
0.531588,-0.447598
0.53246,-0.447173
0.533331,-0.446748
0.534203,-0.446323
0.535075,-0.445898
0.535946,-0.445473
0.536818,-0.445048
0.537689,-0.444623
0.538561,-0.444198
0.539433,-0.443773
0.540304,-0.443348
0.541176,-0.442923
0.542047,-0.442498
0.542919,-0.442073
0.543791,-0.441648
0.544662,-0.441223
0.545534,-0.440798
0.546405,-0.440373
0.547277,-0.439948
0.54768,-0.439096
0.548082,-0.438245
0.548485,-0.437393
0.548887,-0.436541
0.54929,-0.435689
0.549692,-0.434837
0.550095,-0.433985
0.550498,-0.433134
0.5509,-0.432282
0.551303,-0.43143
0.551705,-0.430578
0.552108,-0.429726
0.55251,-0.428874
0.552913,-0.428023
0.553315,-0.427171
0.553718,-0.426319
0.554121,-0.425467
0.554523,-0.424615
0.554926,-0.423763
0.555328,-0.422912
0.555731,-0.42206
0.556133,-0.421208
0.556536,-0.420356
0.556939,-0.419504
0.557341,-0.418652
0.557744,-0.417801
0.558146,-0.416949
0.558549,-0.416097
0.558951,-0.415245
0.559354,-0.414393
0.559756,-0.413541
0.560159,-0.41269
0.560562,-0.411838
0.560964,-0.410986
0.561367,-0.410134
0.561769,-0.409282
0.562172,-0.408431
0.562574,-0.407579
0.562977,-0.406727
0.563379,-0.405875
0.563782,-0.405023
0.564185,-0.404171
0.564587,-0.40332
0.56499,-0.402468
0.565392,-0.401616
0.565795,-0.400764
0.566197,-0.399912
0.5666,-0.39906
0.567003,-0.398209
0.567405,-0.397357
0.567808,-0.396505
0.56821,-0.395653
0.568613,-0.394801
0.569015,-0.393949
0.569418,-0.393098
0.56982,-0.392246
0.570223,-0.391394
0.570626,-0.390542
0.571028,-0.38969
0.571431,-0.388838
0.571833,-0.387987
0.572236,-0.387135
0.572638,-0.386283
0.573041,-0.385431
0.573444,-0.384579
0.573846,-0.383727
0.574249,-0.382876
0.574651,-0.382024
0.575054,-0.381172
0.575456,-0.38032
0.575859,-0.379468
0.576261,-0.378616
0.576664,-0.377765
0.577067,-0.376913
0.577469,-0.376061
0.577872,-0.375209
0.578274,-0.374357
0.578677,-0.373505
0.579079,-0.372654
0.579482,-0.371802
0.579885,-0.37095
0.580287,-0.370098
0.58069,-0.369246
0.581092,-0.368394
0.581495,-0.367543
0.581897,-0.366691
0.5823,-0.365839
0.582702,-0.364987
0.583105,-0.364135
0.583508,-0.363283
0.58391,-0.362432
0.584313,-0.36158
0.584715,-0.360728
0.585118,-0.359876
0.58552,-0.359024
0.585923,-0.358172
0.586325,-0.357321
0.586728,-0.356469
0.587131,-0.355617
0.587533,-0.354765
0.587936,-0.353913
0.588338,-0.353061
0.588741,-0.35221
0.589143,-0.351358
0.589546,-0.350506
0.589949,-0.349654
0.590351,-0.348802
0.590754,-0.34795
0.591156,-0.347099
0.591559,-0.346247
0.591961,-0.345395
0.592364,-0.344543
0.592766,-0.343691
0.593169,-0.342839
0.593572,-0.341988
0.593974,-0.341136
0.594377,-0.340284
0.594779,-0.339432
0.595182,-0.33858
0.595584,-0.337728
0.595987,-0.336877
0.59639,-0.336025
0.596792,-0.335173
0.597195,-0.334321
0.597597,-0.333469
0.598,-0.332617
0.598402,-0.331766
0.598805,-0.330914
0.599207,-0.330062
0.59961,-0.32921
0.600013,-0.328358
0.600415,-0.327506
0.600818,-0.326655
0.60122,-0.325803
0.601623,-0.324951
0.602025,-0.324099
0.602428,-0.323247
0.602831,-0.322395
0.603233,-0.321544
0.603636,-0.320692
0.604038,-0.31984
0.604441,-0.318988
0.604843,-0.318136
0.605246,-0.317284
0.605648,-0.316433
0.606051,-0.315581
0.606454,-0.314729
0.606856,-0.313877
0.607259,-0.313025
