O
25
1,0,-1,0.78,-0.5,0.75,0.0,0.0,0.0,0.3,0.4,0.02,0,0.8,False
2,0,-1,1.1,-0.5,0.93,0.0,0.0,0.0,0.02,0.4,0.2,0,0.8,False
3,0,-1,0.78,-0.5,1.11,0.0,0.0,0.0,0.3,0.4,0.02,0,0.8,False
4,0,-1,0.8,-0.92,0.93,0.0,0.0,0.0,0.32,0.02,0.2,0,0.8,False
5,0,-1,0.8,-0.08,0.93,0.0,0.0,0.0,0.32,0.02,0.2,0,0.8,False
6,2,0,0.9618040705020301,-0.1997997427201713,0.8450000000000001,0.0,0.0,0.24567988668761911,0.039830137728540174,0.039830137728540174,0.15,0.0822908492577843,1.0463104645187435,False
7,2,0,0.5543477958127125,-0.19081107372761064,0.8450000000000001,0.0,0.0,5.898035476885308,0.05249934908913725,0.05249934908913725,0.15,0.1922788129179666,1.1051535321503172,False
8,0,0,0.7216411341619905,-0.40392263020384533,0.86,0.0,0.0,3.215456739140815,0.03,0.04241602001740787,0.09,0.339755683337717,0.878745766469906,False
9,0,0,0.7981365262188664,-0.5251423728076049,0.924049117124182,0.0,0.0,4.50142341228688,0.04307454010102669,0.03,0.154049117124182,0.28678452611236227,1.0754610458830733,False
10,0,0,0.6867948729153087,-0.8335780558795158,0.9165722965759125,0.0,0.0,5.734406872428747,0.04699095846823798,0.03,0.1465722965759125,0.13704242330534128,0.8881268367189965,False
11,0,1,0.6916839167858978,-0.2152408598573583,0.8987805911389247,0.0,0.0,4.641239680499404,0.04146631896622045,0.03203033606250714,0.12878059113892473,0.05931023930642376,0.978986604659424,True
12,0,1,0.5863226914703148,-0.605195366127027,0.86,0.0,0.0,1.9578812907973795,0.030746536769994885,0.04302617164141647,0.09,0.4702410207795869,1.1554066455725558,True
13,2,1,0.7130924745936993,-0.6443234840770969,0.8456616259987235,0.0,0.0,2.7581453927721276,0.03,0.03,0.1513232519974469,0.4739216881254513,1.1723745291668626,True
14,0,1,0.7996967451177741,-0.7478328438797126,0.9058694967313283,0.0,0.0,2.780315432591185,0.03,0.04377333035625346,0.13586949673132834,0.22062058152860226,1.0497542817501144,True
15,2,1,0.8591258926982097,-0.22104497433433423,0.8450000000000001,0.0,0.0,1.5327401235491753,0.03,0.03,0.15,0.37190843254168515,1.0467568173778563,True
16,0,1,0.9208909670877377,-0.49685908073190554,0.86,0.0,0.0,1.0009767739363062,0.03,0.03,0.09,0.33779343209221835,0.9592797550389444,True
17,2,1,0.5652387461408828,-0.752031532699613,0.8450000000000001,0.0,0.0,3.11981630236729,0.03,0.03,0.15,0.35151204183557877,1.0707051984984979,True
18,0,1,0.9782246163427188,-0.36293793791444817,0.86,0.0,0.0,1.5705511829711343,0.06324494951305941,0.06299289172040552,0.09,0.014392266506534912,1.0337409894470104,True
19,0,1,0.5812795671248898,-0.3357849135037839,0.86,0.0,0.0,1.8618977672789394,0.035458868756884275,0.054104088760579136,0.09,0.20891237631904108,0.8997177164036795,True
20,0,1,0.8353656543111998,-0.3595691637647508,0.86,0.0,0.0,1.8053206622089832,0.07963355275919182,0.03,0.09,0.054549285317873564,0.9191913567422141,True
21,2,1,0.630617973721465,-0.4902177728323965,0.8450000000000001,0.0,0.0,0.7703240541963555,0.03,0.03,0.15,0.09243051001101377,0.8586222392963991,True
22,2,1,0.9177384497988562,-0.765513552971466,0.8546373797520856,0.0,0.0,0.05633011183660106,0.03,0.03,0.16927475950417126,0.3229933285791889,1.1768521684190496,True
23,2,1,0.9157382802162619,-0.6313869136324453,0.8450000000000001,0.0,0.0,2.6144984100137427,0.03380814607907044,0.03380814607907044,0.15,0.04289163985729988,0.917558998990811,True
24,0,1,0.5564386053041014,-0.8452580894506,0.86,0.0,0.0,2.867427568598301,0.03,0.03,0.09,0.29062415371622713,0.9909095955484225,True
25,0,1,0.9205371692935926,-0.8575126221563677,0.86,0.0,0.0,1.6004880136307316,0.03,0.03,0.09,0.27461059142298594,0.8461530074927099,True
R
0.0,0.0,0.0,0.0,0.0,0.0,1.0
S
8
torso_lift_joint,0
r_shoulder_pan_joint,-1.69017
r_shoulder_lift_joint,-0.0788625
r_upper_arm_roll_joint,-1.69017
r_elbow_flex_joint,-1.2717
r_forearm_roll_joint,-0.151824
r_wrist_flex_joint,-1.25254
r_wrist_roll_joint,0.675062
G
0.608312,-0.785591,0.916572,2.59281,-3.14159,3.14159
ooi
10
A
599
0.310248,-0.673113
0.311567,-0.673426
0.312885,-0.673738
0.314203,-0.674051
0.315522,-0.674363
0.31684,-0.674676
0.318158,-0.674988
0.319477,-0.675301
0.320795,-0.675614
0.322113,-0.675926
0.323432,-0.676239
0.32475,-0.676551
0.326068,-0.676864
0.327387,-0.677176
0.328705,-0.677489
0.330023,-0.677801
0.331342,-0.678114
0.33266,-0.678426
0.333978,-0.678739
0.335297,-0.679052
0.336615,-0.679364
0.337934,-0.679677
0.339252,-0.679989
0.34057,-0.680302
0.341889,-0.680614
0.343207,-0.680927
0.344525,-0.681239
0.345844,-0.681552
0.347162,-0.681865
0.34848,-0.682177
0.349799,-0.68249
0.351117,-0.682802
0.352435,-0.683115
0.353754,-0.683427
0.355072,-0.68374
0.35639,-0.684052
0.357709,-0.684365
0.359027,-0.684678
0.360345,-0.68499
0.361664,-0.685303
0.362982,-0.685615
0.364301,-0.685928
0.365619,-0.68624
0.366937,-0.686553
0.368256,-0.686865
0.369574,-0.687178
0.370892,-0.687491
0.372211,-0.687803
0.373529,-0.688116
0.374847,-0.688428
0.376166,-0.688741
0.377484,-0.689053
0.378802,-0.689366
0.380121,-0.689678
0.381439,-0.689991
0.382757,-0.690304
0.384076,-0.690616
0.385394,-0.690929
0.386712,-0.691241
0.388031,-0.691554
0.389349,-0.691866
0.390668,-0.692179
0.391986,-0.692491
0.393304,-0.692804
0.394623,-0.693117
0.395941,-0.693429
0.397259,-0.693742
0.398578,-0.694054
0.399896,-0.694367
0.401214,-0.694679
0.402533,-0.694992
0.403851,-0.695304
0.405169,-0.695617
0.406488,-0.69593
0.407806,-0.696242
0.409124,-0.696555
0.410443,-0.696867
0.411761,-0.69718
0.41308,-0.697492
0.414398,-0.697805
0.415716,-0.698117
0.417035,-0.69843
0.418353,-0.698742
0.419671,-0.699055
0.42099,-0.699368
0.422308,-0.69968
0.423626,-0.699993
0.424945,-0.700305
0.426263,-0.700618
0.427581,-0.70093
0.4289,-0.701243
0.430218,-0.701555
0.431536,-0.701868
0.432855,-0.702181
0.434173,-0.702493
0.435491,-0.702806
0.43681,-0.703118
0.438128,-0.703431
0.439447,-0.703743
0.440765,-0.704056
0.442083,-0.704368
0.443402,-0.704681
0.44472,-0.704994
0.446038,-0.705306
0.447357,-0.705619
0.448675,-0.705931
0.449993,-0.706244
0.451312,-0.706556
0.45263,-0.706869
0.453948,-0.707181
0.455267,-0.707494
0.456585,-0.707807
0.457903,-0.708119
0.459222,-0.708432
0.46054,-0.708744
0.461858,-0.709057
0.463177,-0.709369
0.464495,-0.709682
0.465814,-0.709994
0.467132,-0.710307
0.46845,-0.71062
0.469769,-0.710932
0.471087,-0.711245
0.472405,-0.711557
0.473724,-0.71187
0.475042,-0.712182
0.47636,-0.712495
0.477679,-0.712807
0.478997,-0.71312
0.480315,-0.713433
0.481634,-0.713745
0.482952,-0.714058
0.48427,-0.71437
0.485589,-0.714683
0.486907,-0.714995
0.488225,-0.715308
0.489544,-0.71562
0.490862,-0.715933
0.492181,-0.716246
0.493499,-0.716558
0.494817,-0.716871
0.496136,-0.717183
0.497454,-0.717496
0.498772,-0.717808
0.500091,-0.718121
0.501409,-0.718433
0.502727,-0.718746
0.504046,-0.719059
0.505364,-0.719371
0.506682,-0.719684
0.508001,-0.719996
0.506808,-0.721422
0.505616,-0.722847
0.504424,-0.724273
0.503231,-0.725698
0.502039,-0.727124
0.500847,-0.728549
0.499655,-0.729974
0.498462,-0.7314
0.49727,-0.732825
0.496078,-0.734251
0.494885,-0.735676
0.493693,-0.737102
0.492501,-0.738527
0.491308,-0.739953
0.490116,-0.741378
0.488924,-0.742804
0.487731,-0.744229
0.486539,-0.745655
0.485347,-0.74708
0.484154,-0.748506
0.482962,-0.749931
0.48177,-0.751357
0.480577,-0.752782
0.479385,-0.754207
0.478193,-0.755633
0.477,-0.757058
0.475808,-0.758484
0.474616,-0.759909
0.473424,-0.761335
0.472231,-0.76276
0.471039,-0.764186
0.469847,-0.765611
0.468654,-0.767037
0.467462,-0.768462
0.46627,-0.769888
0.465077,-0.771313
0.463885,-0.772739
0.462693,-0.774164
0.4615,-0.77559
0.460308,-0.777015
0.459116,-0.778441
0.457923,-0.779866
0.456731,-0.781291
0.455539,-0.782717
0.454346,-0.784142
0.453154,-0.785568
0.451962,-0.786993
0.45077,-0.788419
0.449577,-0.789844
0.448385,-0.79127
0.447193,-0.792695
0.446,-0.794121
0.444808,-0.795546
0.443616,-0.796972
0.442423,-0.798397
0.441231,-0.799823
0.440039,-0.801248
0.438846,-0.802674
0.437654,-0.804099
0.436462,-0.805524
0.435269,-0.80695
0.434077,-0.808375
0.432885,-0.809801
0.431692,-0.811226
0.4305,-0.812652
0.429308,-0.814077
0.428115,-0.815503
0.426923,-0.816928
0.425731,-0.818354
0.424539,-0.819779
0.423346,-0.821205
0.422154,-0.82263
0.420962,-0.824056
0.419769,-0.825481
0.418577,-0.826907
0.417385,-0.828332
0.416192,-0.829757
0.415,-0.831183
0.413808,-0.832608
0.412615,-0.834034
0.411423,-0.835459
0.410231,-0.836885
0.409038,-0.83831
0.407846,-0.839736
0.406654,-0.841161
0.405461,-0.842587
0.404269,-0.844012
0.403077,-0.845438
0.401885,-0.846863
0.400692,-0.848289
0.3995,-0.849714
0.398308,-0.85114
0.397115,-0.852565
0.395923,-0.853991
0.394731,-0.855416
0.393538,-0.856841
0.392346,-0.858267
0.391154,-0.859692
0.389961,-0.861118
0.388769,-0.862543
0.387577,-0.863969
0.386384,-0.865394
0.385192,-0.86682
0.384,-0.868245
0.382807,-0.869671
0.381615,-0.871096
0.380423,-0.872522
0.37923,-0.873947
0.378038,-0.875373
0.376846,-0.876798
0.375654,-0.878224
0.374461,-0.879649
0.373269,-0.881074
0.372077,-0.8825
0.370884,-0.883925
0.369692,-0.885351
0.3685,-0.886776
0.367307,-0.888202
0.366115,-0.889627
0.364923,-0.891053
0.36373,-0.892478
0.362538,-0.893904
0.361346,-0.895329
0.360153,-0.896755
0.358961,-0.89818
0.357769,-0.899606
0.356576,-0.901031
0.355384,-0.902457
0.354192,-0.903882
0.353,-0.905308
0.351807,-0.906733
0.350615,-0.908158
0.349423,-0.909584
0.34823,-0.911009
0.347038,-0.912435
0.345846,-0.91386
0.344653,-0.915286
0.343461,-0.916711
0.342269,-0.918137
0.341076,-0.919562
0.339884,-0.920988
0.338692,-0.922413
0.337499,-0.923839
0.336307,-0.925264
0.335115,-0.92669
0.333922,-0.928115
0.33273,-0.929541
0.331538,-0.930966
0.330345,-0.932391
0.331612,-0.931644
0.332879,-0.930897
0.334146,-0.930149
0.335412,-0.929402
0.336679,-0.928654
0.337946,-0.927907
0.339213,-0.927159
0.340479,-0.926412
0.341746,-0.925664
0.343013,-0.924917
0.34428,-0.92417
0.345546,-0.923422
0.346813,-0.922675
0.34808,-0.921927
0.349346,-0.92118
0.350613,-0.920432
0.35188,-0.919685
0.353147,-0.918937
0.354413,-0.91819
0.35568,-0.917442
0.356947,-0.916695
0.358214,-0.915948
0.35948,-0.9152
0.360747,-0.914453
0.362014,-0.913705
0.363281,-0.912958
0.364547,-0.91221
0.365814,-0.911463
0.367081,-0.910715
0.368347,-0.909968
0.369614,-0.909221
0.370881,-0.908473
0.372148,-0.907726
0.373414,-0.906978
0.374681,-0.906231
0.375948,-0.905483
0.377215,-0.904736
0.378481,-0.903988
0.379748,-0.903241
0.381015,-0.902493
0.382281,-0.901746
0.383548,-0.900999
0.384815,-0.900251
0.386082,-0.899504
0.387348,-0.898756
0.388615,-0.898009
0.389882,-0.897261
0.391149,-0.896514
0.392415,-0.895766
0.393682,-0.895019
0.394949,-0.894272
0.396216,-0.893524
0.397482,-0.892777
0.398749,-0.892029
0.400016,-0.891282
0.401282,-0.890534
0.402549,-0.889787
0.403816,-0.889039
0.405083,-0.888292
0.406349,-0.887544
0.407616,-0.886797
0.408883,-0.88605
0.41015,-0.885302
0.411416,-0.884555
0.412683,-0.883807
0.41395,-0.88306
0.415216,-0.882312
0.416483,-0.881565
0.41775,-0.880817
0.419017,-0.88007
0.420283,-0.879323
0.42155,-0.878575
0.422817,-0.877828
0.424084,-0.87708
0.42535,-0.876333
0.426617,-0.875585
0.427884,-0.874838
0.429151,-0.87409
0.430417,-0.873343
0.431684,-0.872595
0.432951,-0.871848
0.434217,-0.871101
0.435484,-0.870353
0.436751,-0.869606
0.438018,-0.868858
0.439284,-0.868111
0.440551,-0.867363
0.441818,-0.866616
0.443085,-0.865868
0.444351,-0.865121
0.445618,-0.864374
0.446885,-0.863626
0.448151,-0.862879
0.449418,-0.862131
0.450685,-0.861384
0.451952,-0.860636
0.453218,-0.859889
0.454485,-0.859141
0.455752,-0.858394
0.457019,-0.857646
0.458285,-0.856899
0.459552,-0.856152
0.460819,-0.855404
0.462086,-0.854657
0.463352,-0.853909
0.464619,-0.853162
0.465886,-0.852414
0.467152,-0.851667
0.468419,-0.850919
0.469686,-0.850172
0.470953,-0.849425
0.472219,-0.848677
0.473486,-0.84793
0.474753,-0.847182
0.47602,-0.846435
0.477286,-0.845687
0.478553,-0.84494
0.47982,-0.844192
0.481086,-0.843445
0.482353,-0.842697
0.48362,-0.84195
0.484887,-0.841203
0.486153,-0.840455
0.48742,-0.839708
0.488687,-0.83896
0.489954,-0.838213
0.49122,-0.837465
0.492487,-0.836718
0.493754,-0.83597
0.495021,-0.835223
0.496287,-0.834475
0.497554,-0.833728
0.498821,-0.832981
0.500087,-0.832233
0.501354,-0.831486
0.502621,-0.830738
0.503888,-0.829991
0.505154,-0.829243
0.506421,-0.828496
0.507688,-0.827748
0.508955,-0.827001
0.510221,-0.826254
0.511488,-0.825506
0.512755,-0.824759
0.514021,-0.824011
0.515288,-0.823264
0.516555,-0.822516
0.517822,-0.821769
0.519088,-0.821021
0.520355,-0.820274
0.520945,-0.820041
0.521536,-0.819808
0.522126,-0.819576
0.522716,-0.819343
0.523307,-0.81911
0.523897,-0.818877
0.524487,-0.818645
0.525078,-0.818412
0.525668,-0.818179
0.526258,-0.817946
0.526849,-0.817713
0.527439,-0.817481
0.528029,-0.817248
0.528619,-0.817015
0.52921,-0.816782
0.5298,-0.81655
0.53039,-0.816317
0.530981,-0.816084
0.531571,-0.815851
0.532161,-0.815619
0.532752,-0.815386
0.533342,-0.815153
0.533932,-0.81492
0.534523,-0.814687
0.535113,-0.814455
0.535703,-0.814222
0.536294,-0.813989
0.536884,-0.813756
0.537474,-0.813524
0.538064,-0.813291
0.538655,-0.813058
0.539245,-0.812825
0.539835,-0.812593
0.540426,-0.81236
0.541016,-0.812127
0.541606,-0.811894
0.542197,-0.811661
0.542787,-0.811429
0.543377,-0.811196
0.543968,-0.810963
0.544558,-0.81073
0.545148,-0.810498
0.545739,-0.810265
0.546329,-0.810032
0.546919,-0.809799
0.547509,-0.809567
0.5481,-0.809334
0.54869,-0.809101
0.54928,-0.808868
0.549871,-0.808636
0.550461,-0.808403
0.551051,-0.80817
0.551642,-0.807937
0.552232,-0.807704
0.552822,-0.807472
0.553413,-0.807239
0.554003,-0.807006
0.554593,-0.806773
0.555184,-0.806541
0.555774,-0.806308
0.556364,-0.806075
0.556954,-0.805842
0.557545,-0.80561
0.558135,-0.805377
0.558725,-0.805144
0.559316,-0.804911
0.559906,-0.804678
0.560496,-0.804446
0.561087,-0.804213
0.561677,-0.80398
0.562267,-0.803747
0.562858,-0.803515
0.563448,-0.803282
0.564038,-0.803049
0.564629,-0.802816
0.565219,-0.802584
0.565809,-0.802351
0.566399,-0.802118
0.56699,-0.801885
0.56758,-0.801652
0.56817,-0.80142
0.568761,-0.801187
0.569351,-0.800954
0.569941,-0.800721
0.570532,-0.800489
0.571122,-0.800256
0.571712,-0.800023
0.572303,-0.79979
0.572893,-0.799558
0.573483,-0.799325
0.574074,-0.799092
0.574664,-0.798859
0.575254,-0.798626
0.575844,-0.798394
0.576435,-0.798161
0.577025,-0.797928
0.577615,-0.797695
0.578206,-0.797463
0.578796,-0.79723
0.579386,-0.796997
0.579977,-0.796764
0.580567,-0.796532
0.581157,-0.796299
0.581748,-0.796066
0.582338,-0.795833
0.582928,-0.7956
0.583519,-0.795368
0.584109,-0.795135
0.584699,-0.794902
0.585289,-0.794669
0.58588,-0.794437
0.58647,-0.794204
0.58706,-0.793971
0.587651,-0.793738
0.588241,-0.793506
0.588831,-0.793273
0.589422,-0.79304
0.590012,-0.792807
0.590602,-0.792574
0.591193,-0.792342
0.591783,-0.792109
0.592373,-0.791876
0.592964,-0.791643
0.593554,-0.791411
0.594144,-0.791178
0.594734,-0.790945
0.595325,-0.790712
0.595915,-0.79048
0.596505,-0.790247
0.597096,-0.790014
0.597686,-0.789781
0.598276,-0.789548
0.598867,-0.789316
0.599457,-0.789083
0.600047,-0.78885
0.600638,-0.788617
0.601228,-0.788385
0.601818,-0.788152
0.602409,-0.787919
0.602999,-0.787686
0.603589,-0.787454
0.604179,-0.787221
0.60477,-0.786988
0.60536,-0.786755
0.60595,-0.786522
0.606541,-0.78629
0.607131,-0.786057
0.607721,-0.785824
0.608312,-0.785591
