O
25
1,0,-1,0.78,-0.5,0.75,0.0,0.0,0.0,0.3,0.4,0.02,0,0.8,False
2,0,-1,1.1,-0.5,0.93,0.0,0.0,0.0,0.02,0.4,0.2,0,0.8,False
3,0,-1,0.78,-0.5,1.11,0.0,0.0,0.0,0.3,0.4,0.02,0,0.8,False
4,0,-1,0.8,-0.92,0.93,0.0,0.0,0.0,0.32,0.02,0.2,0,0.8,False
5,0,-1,0.8,-0.08,0.93,0.0,0.0,0.0,0.32,0.02,0.2,0,0.8,False
6,0,0,1.0054813232934192,-0.4677084915151015,0.86,0.0,0.0,1.2988486841839362,0.05593948182993737,0.05117597337009885,0.09,0.2498731618484698,1.0175076854714697,False
7,2,0,0.8017840733483128,-0.6146677414743764,0.8450000000000001,0.0,0.0,4.259042932415255,0.0794970836586235,0.0794970836586235,0.15,0.48960076823592624,0.951696441979431,False
8,0,0,0.6976784621471088,-0.25249626095368904,0.86,0.0,0.0,3.7592981938871373,0.05834559879169513,0.05424384730571941,0.09,0.017722436753664916,1.0904993846740312,False
9,2,0,0.9452146096812527,-0.28297806095543376,0.854974951107749,0.0,0.0,5.952836667790988,0.03,0.03,0.16994990221549805,0.13664113264180344,0.9855303689270601,False
10,2,0,0.7511534155832842,-0.4358725196485008,0.8450000000000001,0.0,0.0,6.160517090124599,0.0309373190821617,0.0309373190821617,0.15,0.13400455253762483,1.1623914802166568,False
11,2,1,0.5601084726430416,-0.5341726230286185,0.8450000000000001,0.0,0.0,4.386233603925277,0.07497928147932047,0.07497928147932047,0.15,0.35522701487705355,0.8518150411734526,True
12,0,1,0.8824627781768584,-0.7918485984961366,0.8977720655930096,0.0,0.0,4.435515312150106,0.03,0.03,0.12777206559300955,0.17973036318976304,0.8188581605072656,True
13,2,1,0.7704855339167253,-0.81779311602056,0.8450000000000001,0.0,0.0,6.0096179992195315,0.03,0.03,0.15,0.48071937351273625,1.0548787850595778,True
14,0,1,0.5998672596859931,-0.8308301962240178,0.86,0.0,0.0,0.6852454484601231,0.03,0.03,0.09,0.024842964434538928,1.18839678738669,True
15,2,1,0.5555621005224889,-0.29936253224748677,0.8450000000000001,0.0,0.0,1.87191289525505,0.0385167266071103,0.0385167266071103,0.15,0.3341422935650778,1.1855366959907758,True
16,2,1,0.5518490825071565,-0.7036394816057444,0.8450000000000001,0.0,0.0,6.000509249730066,0.05096072256978776,0.05096072256978776,0.15,0.13297007750792134,0.9600829394967185,True
17,2,1,0.8543959623889785,-0.2742081377005475,0.8450000000000001,0.0,0.0,0.6680234445689531,0.03,0.03,0.15,0.2977068517744635,0.8205099904277386,True
18,2,1,0.8429609972733589,-0.4404643374306168,0.848401396189502,0.0,0.0,2.708955563018567,0.03,0.03,0.15680279237900396,0.3172935657283812,1.067171148140914,True
19,2,1,1.0046863015919214,-0.7205341237618288,0.867626984131821,0.0,0.0,0.007927600038674432,0.05080828342173656,0.05080828342173656,0.19525396826364208,0.17917358181016263,0.9341137633890969,True
20,0,1,0.9833539792822833,-0.1543878816753088,0.9166434986403316,0.0,0.0,4.366843379659355,0.03,0.03813917193347848,0.14664349864033158,0.3712241543157257,0.8557373213010439,True
21,0,1,1.0306434967895939,-0.26136052353515704,0.86,0.0,0.0,6.122646743161374,0.03,0.03,0.09,0.44705097444028086,1.0457695647118022,True
22,2,1,1.0174186912874905,-0.6117884580866721,0.8450000000000001,0.0,0.0,2.506461552548899,0.03,0.03,0.15,0.25808803054461915,1.1438873094964306,True
23,0,1,0.5522033271118434,-0.14774756562140912,0.9183156654476076,0.0,0.0,4.61198401067475,0.03,0.03,0.14831566544760752,0.4302726869964914,0.9143997275009103,True
24,2,1,0.9641951228896191,-0.8168484761717117,0.8450000000000001,0.0,0.0,6.113404466287305,0.03,0.03,0.15,0.35466906422405764,1.1558916501258893,True
25,0,1,0.8407688342728443,-0.18007384317756692,0.86,0.0,0.0,6.077238155362729,0.03,0.03,0.09,0.43167780595223226,0.8953422626526045,True
R
0.0,0.0,0.0,0.0,0.0,0.0,1.0
S
8
torso_lift_joint,0
r_shoulder_pan_joint,-1.69017
r_shoulder_lift_joint,-0.0788625
r_upper_arm_roll_joint,-1.69017
r_elbow_flex_joint,-1.2717
r_forearm_roll_joint,-0.151824
r_wrist_flex_joint,-1.25254
r_wrist_roll_joint,0.675062
G
0.692579,-0.4842,0.845,0.689833,-0,0
ooi
10
A
599
0.310248,-0.673113
0.311009,-0.672035
0.31177,-0.670958
0.31253,-0.66988
0.313291,-0.668802
0.314052,-0.667724
0.314813,-0.666646
0.315573,-0.665569
0.316334,-0.664491
0.317095,-0.663413
0.317856,-0.662335
0.318616,-0.661258
0.319377,-0.66018
0.320138,-0.659102
0.320899,-0.658024
0.32166,-0.656946
0.32242,-0.655869
0.323181,-0.654791
0.323942,-0.653713
0.324703,-0.652635
0.325463,-0.651557
0.326224,-0.65048
0.326985,-0.649402
0.327746,-0.648324
0.328506,-0.647246
0.329267,-0.646169
0.330028,-0.645091
0.330789,-0.644013
0.331549,-0.642935
0.33231,-0.641857
0.333071,-0.64078
0.333832,-0.639702
0.334592,-0.638624
0.335353,-0.637546
0.336114,-0.636469
0.336875,-0.635391
0.337635,-0.634313
0.338396,-0.633235
0.339157,-0.632157
0.339918,-0.63108
0.340678,-0.630002
0.341439,-0.628924
0.3422,-0.627846
0.342961,-0.626769
0.343721,-0.625691
0.344482,-0.624613
0.345243,-0.623535
0.346004,-0.622457
0.346764,-0.62138
0.347525,-0.620302
0.348286,-0.619224
0.349047,-0.618146
0.349808,-0.617069
0.350568,-0.615991
0.351329,-0.614913
0.35209,-0.613835
0.352851,-0.612757
0.353611,-0.61168
0.354372,-0.610602
0.355133,-0.609524
0.355894,-0.608446
0.356654,-0.607369
0.357415,-0.606291
0.358176,-0.605213
0.358937,-0.604135
0.359697,-0.603057
0.360458,-0.60198
0.361219,-0.600902
0.36198,-0.599824
0.36274,-0.598746
0.363501,-0.597669
0.364262,-0.596591
0.365023,-0.595513
0.365783,-0.594435
0.366544,-0.593357
0.367305,-0.59228
0.368066,-0.591202
0.368826,-0.590124
0.369587,-0.589046
0.370348,-0.587969
0.371109,-0.586891
0.371869,-0.585813
0.37263,-0.584735
0.373391,-0.583657
0.374152,-0.58258
0.374912,-0.581502
0.375673,-0.580424
0.376434,-0.579346
0.377195,-0.578269
0.377955,-0.577191
0.378716,-0.576113
0.379477,-0.575035
0.380238,-0.573957
0.380999,-0.57288
0.381759,-0.571802
0.38252,-0.570724
0.383281,-0.569646
0.384042,-0.568568
0.384802,-0.567491
0.385563,-0.566413
0.386324,-0.565335
0.387085,-0.564257
0.387845,-0.56318
0.388606,-0.562102
0.389367,-0.561024
0.390128,-0.559946
0.390888,-0.558868
0.391649,-0.557791
0.39241,-0.556713
0.393171,-0.555635
0.393931,-0.554557
0.394692,-0.55348
0.395453,-0.552402
0.396214,-0.551324
0.396974,-0.550246
0.397735,-0.549168
0.398496,-0.548091
0.399257,-0.547013
0.400017,-0.545935
0.400778,-0.544857
0.401539,-0.54378
0.4023,-0.542702
0.40306,-0.541624
0.403821,-0.540546
0.404582,-0.539468
0.405343,-0.538391
0.406103,-0.537313
0.406864,-0.536235
0.407625,-0.535157
0.408386,-0.53408
0.409146,-0.533002
0.409907,-0.531924
0.410668,-0.530846
0.411429,-0.529768
0.41219,-0.528691
0.41295,-0.527613
0.413711,-0.526535
0.414472,-0.525457
0.415233,-0.52438
0.415993,-0.523302
0.416754,-0.522224
0.417515,-0.521146
0.418276,-0.520068
0.419036,-0.518991
0.419797,-0.517913
0.420558,-0.516835
0.421319,-0.515757
0.422079,-0.51468
0.42284,-0.513602
0.423601,-0.512524
0.424362,-0.511446
0.424728,-0.511304
0.425094,-0.511162
0.42546,-0.511021
0.425827,-0.510879
0.426193,-0.510737
0.426559,-0.510595
0.426925,-0.510453
0.427291,-0.510311
0.427658,-0.510169
0.428024,-0.510028
0.42839,-0.509886
0.428756,-0.509744
0.429123,-0.509602
0.429489,-0.50946
0.429855,-0.509318
0.430221,-0.509176
0.430587,-0.509035
0.430954,-0.508893
0.43132,-0.508751
0.431686,-0.508609
0.432052,-0.508467
0.432419,-0.508325
0.432785,-0.508183
0.433151,-0.508041
0.433517,-0.5079
0.433884,-0.507758
0.43425,-0.507616
0.434616,-0.507474
0.434982,-0.507332
0.435348,-0.50719
0.435715,-0.507048
0.436081,-0.506907
0.436447,-0.506765
0.436813,-0.506623
0.43718,-0.506481
0.437546,-0.506339
0.437912,-0.506197
0.438278,-0.506055
0.438644,-0.505914
0.439011,-0.505772
0.439377,-0.50563
0.439743,-0.505488
0.440109,-0.505346
0.440476,-0.505204
0.440842,-0.505062
0.441208,-0.50492
0.441574,-0.504779
0.441941,-0.504637
0.442307,-0.504495
0.442673,-0.504353
0.443039,-0.504211
0.443405,-0.504069
0.443772,-0.503927
0.444138,-0.503786
0.444504,-0.503644
0.44487,-0.503502
0.445237,-0.50336
0.445603,-0.503218
0.445969,-0.503076
0.446335,-0.502934
0.446702,-0.502793
0.447068,-0.502651
0.447434,-0.502509
0.4478,-0.502367
0.448166,-0.502225
0.448533,-0.502083
0.448899,-0.501941
0.449265,-0.501799
0.449631,-0.501658
0.449998,-0.501516
0.450364,-0.501374
0.45073,-0.501232
0.451096,-0.50109
0.451462,-0.500948
0.451829,-0.500806
0.452195,-0.500665
0.452561,-0.500523
0.452927,-0.500381
0.453294,-0.500239
0.45366,-0.500097
0.454026,-0.499955
0.454392,-0.499813
0.454759,-0.499672
0.455125,-0.49953
0.455491,-0.499388
0.455857,-0.499246
0.456223,-0.499104
0.45659,-0.498962
0.456956,-0.49882
0.457322,-0.498678
0.457688,-0.498537
0.458055,-0.498395
0.458421,-0.498253
0.458787,-0.498111
0.459153,-0.497969
0.459519,-0.497827
0.459886,-0.497685
0.460252,-0.497544
0.460618,-0.497402
0.460984,-0.49726
0.461351,-0.497118
0.461717,-0.496976
0.462083,-0.496834
0.462449,-0.496692
0.462816,-0.496551
0.463182,-0.496409
0.463548,-0.496267
0.463914,-0.496125
0.46428,-0.495983
0.464647,-0.495841
0.465013,-0.495699
0.465379,-0.495557
0.465745,-0.495416
0.466112,-0.495274
0.466478,-0.495132
0.466844,-0.49499
0.46721,-0.494848
0.467576,-0.494706
0.467943,-0.494564
0.468309,-0.494423
0.468675,-0.494281
0.469041,-0.494139
0.469408,-0.493997
0.469774,-0.493855
0.47014,-0.493713
0.470506,-0.493571
0.470873,-0.49343
0.471239,-0.493288
0.471605,-0.493146
0.471971,-0.493004
0.472337,-0.492862
0.472704,-0.49272
0.47307,-0.492578
0.473436,-0.492436
0.473802,-0.492295
0.474169,-0.492153
0.474535,-0.492011
0.474901,-0.491869
0.475267,-0.491727
0.475633,-0.491585
0.476,-0.491443
0.476366,-0.491302
0.476732,-0.49116
0.477098,-0.491018
0.477465,-0.490876
0.477831,-0.490734
0.478197,-0.490592
0.478563,-0.49045
0.47893,-0.490308
0.479372,-0.490682
0.479815,-0.491055
0.480258,-0.491428
0.4807,-0.491801
0.481143,-0.492174
0.481586,-0.492547
0.482028,-0.49292
0.482471,-0.493293
0.482914,-0.493666
0.483357,-0.494039
0.483799,-0.494412
0.484242,-0.494786
0.484685,-0.495159
0.485127,-0.495532
0.48557,-0.495905
0.486013,-0.496278
0.486456,-0.496651
0.486898,-0.497024
0.487341,-0.497397
0.487784,-0.49777
0.488226,-0.498143
0.488669,-0.498516
0.489112,-0.49889
0.489555,-0.499263
0.489997,-0.499636
0.49044,-0.500009
0.490883,-0.500382
0.491325,-0.500755
0.491768,-0.501128
0.492211,-0.501501
0.492654,-0.501874
0.493096,-0.502247
0.493539,-0.50262
0.493982,-0.502993
0.494424,-0.503367
0.494867,-0.50374
0.49531,-0.504113
0.495753,-0.504486
0.496195,-0.504859
0.496638,-0.505232
0.497081,-0.505605
0.497523,-0.505978
0.497966,-0.506351
0.498409,-0.506724
0.498852,-0.507097
0.499294,-0.507471
0.499737,-0.507844
0.50018,-0.508217
0.500622,-0.50859
0.501065,-0.508963
0.501508,-0.509336
0.50195,-0.509709
0.502393,-0.510082
0.502836,-0.510455
0.503279,-0.510828
0.503721,-0.511201
0.504164,-0.511575
0.504607,-0.511948
0.505049,-0.512321
0.505492,-0.512694
0.505935,-0.513067
0.506378,-0.51344
0.50682,-0.513813
0.507263,-0.514186
0.507706,-0.514559
0.508148,-0.514932
0.508591,-0.515305
0.509034,-0.515678
0.509477,-0.516052
0.509919,-0.516425
0.510362,-0.516798
0.510805,-0.517171
0.511247,-0.517544
0.51169,-0.517917
0.512133,-0.51829
0.512576,-0.518663
0.513018,-0.519036
0.513461,-0.519409
0.513904,-0.519782
0.514346,-0.520156
0.514789,-0.520529
0.515232,-0.520902
0.515675,-0.521275
0.516117,-0.521648
0.51656,-0.522021
0.517003,-0.522394
0.517445,-0.522767
0.517888,-0.52314
0.518331,-0.523513
0.518774,-0.523886
0.519216,-0.52426
0.519659,-0.524633
0.520102,-0.525006
0.520544,-0.525379
0.520987,-0.525752
0.52143,-0.526125
0.521872,-0.526498
0.522315,-0.526871
0.522758,-0.527244
0.523201,-0.527617
0.523643,-0.52799
0.524086,-0.528363
0.524529,-0.528737
0.524971,-0.52911
0.525414,-0.529483
0.525857,-0.529856
0.5263,-0.530229
0.526742,-0.530602
0.527185,-0.530975
0.527628,-0.531348
0.52807,-0.531721
0.528513,-0.532094
0.528956,-0.532467
0.529399,-0.532841
0.529841,-0.533214
0.530284,-0.533587
0.530727,-0.53396
0.531169,-0.534333
0.531612,-0.534706
0.532055,-0.535079
0.532498,-0.535452
0.53294,-0.535825
0.533383,-0.536198
0.533826,-0.536571
0.534268,-0.536945
0.534711,-0.537318
0.535154,-0.537691
0.535597,-0.538064
0.536039,-0.538437
0.536482,-0.53881
0.536925,-0.539183
0.537367,-0.539556
0.53781,-0.539929
0.538253,-0.540302
0.538696,-0.540675
0.539138,-0.541048
0.539581,-0.541422
0.540024,-0.541795
0.540466,-0.542168
0.540909,-0.542541
0.541352,-0.542914
0.541794,-0.543287
0.542237,-0.54366
0.54268,-0.544033
0.543123,-0.544406
0.543565,-0.544779
0.544008,-0.545152
0.544451,-0.545526
0.544893,-0.545899
0.545336,-0.546272
0.546324,-0.545855
0.547313,-0.545439
0.548301,-0.545022
0.549289,-0.544605
0.550277,-0.544189
0.551265,-0.543772
0.552254,-0.543356
0.553242,-0.542939
0.55423,-0.542522
0.555218,-0.542106
0.556206,-0.541689
0.557195,-0.541273
0.558183,-0.540856
0.559171,-0.540439
0.560159,-0.540023
0.561147,-0.539606
0.562136,-0.53919
0.563124,-0.538773
0.564112,-0.538356
0.5651,-0.53794
0.566089,-0.537523
0.567077,-0.537107
0.568065,-0.53669
0.569053,-0.536274
0.570041,-0.535857
0.57103,-0.53544
0.572018,-0.535024
0.573006,-0.534607
0.573994,-0.534191
0.574982,-0.533774
0.575971,-0.533357
0.576959,-0.532941
0.577947,-0.532524
0.578935,-0.532108
0.579923,-0.531691
0.580912,-0.531274
0.5819,-0.530858
0.582888,-0.530441
0.583876,-0.530025
0.584864,-0.529608
0.585853,-0.529191
0.586841,-0.528775
0.587829,-0.528358
0.588817,-0.527942
0.589805,-0.527525
0.590794,-0.527109
0.591782,-0.526692
0.59277,-0.526275
0.593758,-0.525859
0.594747,-0.525442
0.595735,-0.525026
0.596723,-0.524609
0.597711,-0.524192
0.598699,-0.523776
0.599688,-0.523359
0.600676,-0.522943
0.601664,-0.522526
0.602652,-0.522109
0.60364,-0.521693
0.604629,-0.521276
0.605617,-0.52086
0.606605,-0.520443
0.607593,-0.520026
0.608581,-0.51961
0.60957,-0.519193
0.610558,-0.518777
0.611546,-0.51836
0.612534,-0.517944
0.613522,-0.517527
0.614511,-0.51711
0.615499,-0.516694
0.616487,-0.516277
0.617475,-0.515861
0.618463,-0.515444
0.619452,-0.515027
0.62044,-0.514611
0.621428,-0.514194
0.622416,-0.513778
0.623405,-0.513361
0.624393,-0.512944
0.625381,-0.512528
0.626369,-0.512111
0.627357,-0.511695
0.628346,-0.511278
0.629334,-0.510861
0.630322,-0.510445
0.63131,-0.510028
0.632298,-0.509612
0.633287,-0.509195
0.634275,-0.508779
0.635263,-0.508362
0.636251,-0.507945
0.637239,-0.507529
0.638228,-0.507112
0.639216,-0.506696
0.640204,-0.506279
0.641192,-0.505862
0.64218,-0.505446
0.643169,-0.505029
0.644157,-0.504613
0.645145,-0.504196
0.646133,-0.503779
0.647121,-0.503363
0.64811,-0.502946
0.649098,-0.50253
0.650086,-0.502113
0.651074,-0.501696
0.652063,-0.50128
0.653051,-0.500863
0.654039,-0.500447
0.655027,-0.50003
0.656015,-0.499614
0.657004,-0.499197
0.657992,-0.49878
0.65898,-0.498364
0.659968,-0.497947
0.660956,-0.497531
0.661945,-0.497114
0.662933,-0.496697
0.663921,-0.496281
0.664909,-0.495864
0.665897,-0.495448
0.666886,-0.495031
0.667874,-0.494614
0.668862,-0.494198
0.66985,-0.493781
0.670838,-0.493365
0.671827,-0.492948
0.672815,-0.492531
0.673803,-0.492115
0.674791,-0.491698
0.675779,-0.491282
0.676768,-0.490865
0.677756,-0.490449
0.678744,-0.490032
0.679732,-0.489615
0.680721,-0.489199
0.681709,-0.488782
0.682697,-0.488366
0.683685,-0.487949
0.684673,-0.487532
0.685662,-0.487116
0.68665,-0.486699
0.687638,-0.486283
0.688626,-0.485866
0.689614,-0.485449
0.690603,-0.485033
0.691591,-0.484616
0.692579,-0.4842
