O
25
1,0,-1,0.78,-0.5,0.75,0.0,0.0,0.0,0.3,0.4,0.02,0,0.8,False
2,0,-1,1.1,-0.5,0.93,0.0,0.0,0.0,0.02,0.4,0.2,0,0.8,False
3,0,-1,0.78,-0.5,1.11,0.0,0.0,0.0,0.3,0.4,0.02,0,0.8,False
4,0,-1,0.8,-0.92,0.93,0.0,0.0,0.0,0.32,0.02,0.2,0,0.8,False
5,0,-1,0.8,-0.08,0.93,0.0,0.0,0.0,0.32,0.02,0.2,0,0.8,False
6,0,0,0.536250736007403,-0.3967071477036385,0.86,0.0,0.0,0.18195396231403904,0.03,0.056518205445499854,0.09,0.4177404773636016,0.8854007502811041,False
7,2,0,0.6820502513358067,-0.6899001806039031,0.8450000000000001,0.0,0.0,6.099581693059149,0.03,0.03,0.15,0.48043497728145057,1.1698628211255104,False
8,0,0,0.6845184263536616,-0.36701198157388715,0.86,0.0,0.0,4.362231690418279,0.03,0.07449550766600478,0.09,0.26535514307895086,0.9751837839445945,False
9,0,0,0.8774386950070081,-0.38083131762182637,0.9105872558785143,0.0,0.0,3.259761199832389,0.03244747650270783,0.03483929483334281,0.1405872558785143,0.49255436544173226,0.8632404885889887,False
10,2,0,0.7192259282186493,-0.8441445701616123,0.8450000000000001,0.0,0.0,5.06487448462853,0.03188019822864716,0.03188019822864716,0.15,0.40538221830698457,1.1384170727143872,False
11,2,1,0.9059223727841071,-0.5050942222016879,0.8450000000000001,0.0,0.0,4.745892926512145,0.04564656522433268,0.04564656522433268,0.15,0.22028938156898037,0.812386828734556,True
12,2,1,0.8027748774462975,-0.5897252362540586,0.8616902162466158,0.0,0.0,1.014903526017136,0.03,0.03,0.1833804324932316,0.27316367615382453,0.994946221849027,True
13,2,1,0.5562497721738315,-0.21493278728748033,0.8450000000000001,0.0,0.0,4.501547517186308,0.03,0.03,0.15,0.013135444724670431,0.9447071013996912,True
14,0,1,0.5902645207969617,-0.6548072385734194,0.86,0.0,0.0,2.576447852405252,0.03,0.031717006908260716,0.09,0.023057280735641728,0.9913982168658882,True
15,2,1,0.9781262336963297,-0.6330798244079294,0.8450000000000001,0.0,0.0,2.6938793447499894,0.03,0.03,0.15,0.2710483018777463,0.9146393381950879,True
16,2,1,0.8718900577617029,-0.20603301994520173,0.8450000000000001,0.0,0.0,0.9971282037786402,0.03,0.03,0.15,0.026406311940813887,1.1118818939977302,True
17,0,1,0.5326044227477184,-0.8280540326100906,0.86,0.0,0.0,4.259409616626317,0.03,0.03,0.09,0.33477916167676064,1.1270661716990975,True
18,0,1,0.7960171670099807,-0.7059786026334678,0.86,0.0,0.0,4.719295153966209,0.03,0.03,0.09,0.2137137016997841,0.9113006554719437,True
19,0,1,0.5188468921525107,-0.5435969858088042,0.9088836399556315,0.0,0.0,3.6637332852189863,0.03,0.03,0.13888363995563144,0.22461901260321027,1.0584281935344508,True
20,2,1,0.7039390884462778,-0.21509715136517837,0.8450000000000001,0.0,0.0,5.430342188556636,0.047011688442194666,0.047011688442194666,0.15,0.42892178212086624,1.1922679914677743,True
21,2,1,1.0067674046127193,-0.8329330951302742,0.8450000000000001,0.0,0.0,3.3851727164313017,0.043136387867801135,0.043136387867801135,0.15,0.04426041183912305,0.93464431292108,True
22,0,1,0.8116342608410838,-0.8263378774476178,0.86,0.0,0.0,2.6979298612433866,0.030932164182535797,0.03,0.09,0.29953895460163055,0.8841857255958728,True
23,2,1,1.0000290998652592,-0.2670561418472033,0.8450000000000001,0.0,0.0,3.134665917793966,0.03,0.03,0.15,0.40094960970914617,0.9692987530568808,True
24,2,1,0.6545316842233333,-0.5435149286852339,0.8450000000000001,0.0,0.0,1.574665172213741,0.03868030198851585,0.03868030198851585,0.15,0.34856374985178074,0.8732147493588638,True
25,0,1,1.0137054122937261,-0.5238790591330282,0.86,0.0,0.0,1.2805849035567691,0.04594340532323742,0.03,0.09,0.2588136275051748,1.1044356149422403,True
R
0.0,0.0,0.0,0.0,0.0,0.0,1.0
S
8
torso_lift_joint,0
r_shoulder_pan_joint,-1.69017
r_shoulder_lift_joint,-0.0788625
r_upper_arm_roll_joint,-1.69017
r_elbow_flex_joint,-1.2717
r_forearm_roll_joint,-0.151824
r_wrist_flex_joint,-1.25254
r_wrist_roll_joint,0.675062
G
0.61218,-0.71716,0.845,0.371979,-0,0
ooi
7
A
599
0.310248,-0.673113
0.310545,-0.672789
0.310842,-0.672465
0.311139,-0.672141
0.311436,-0.671817
0.311733,-0.671493
0.31203,-0.671169
0.312327,-0.670845
0.312624,-0.670521
0.312921,-0.670197
0.313218,-0.669873
0.313515,-0.669549
0.313811,-0.669225
0.314108,-0.6689
0.314405,-0.668576
0.314702,-0.668252
0.314999,-0.667928
0.315296,-0.667604
0.315593,-0.66728
0.31589,-0.666956
0.316187,-0.666632
0.316484,-0.666308
0.316781,-0.665984
0.317078,-0.66566
0.317375,-0.665336
0.317672,-0.665012
0.317969,-0.664688
0.318266,-0.664364
0.318563,-0.66404
0.31886,-0.663716
0.319156,-0.663392
0.319453,-0.663068
0.31975,-0.662744
0.320047,-0.66242
0.320344,-0.662096
0.320641,-0.661772
0.320938,-0.661447
0.321235,-0.661123
0.321532,-0.660799
0.321829,-0.660475
0.322126,-0.660151
0.322423,-0.659827
0.32272,-0.659503
0.323017,-0.659179
0.323314,-0.658855
0.323611,-0.658531
0.323908,-0.658207
0.324204,-0.657883
0.324501,-0.657559
0.324798,-0.657235
0.325095,-0.656911
0.325392,-0.656587
0.325689,-0.656263
0.325986,-0.655939
0.326283,-0.655615
0.32658,-0.655291
0.326877,-0.654967
0.327174,-0.654643
0.327471,-0.654319
0.327768,-0.653994
0.328065,-0.65367
0.328362,-0.653346
0.328659,-0.653022
0.328956,-0.652698
0.329253,-0.652374
0.329549,-0.65205
0.329846,-0.651726
0.330143,-0.651402
0.33044,-0.651078
0.330737,-0.650754
0.331034,-0.65043
0.331331,-0.650106
0.331628,-0.649782
0.331925,-0.649458
0.332222,-0.649134
0.332519,-0.64881
0.332816,-0.648486
0.333113,-0.648162
0.33341,-0.647838
0.333707,-0.647514
0.334004,-0.64719
0.334301,-0.646865
0.334597,-0.646541
0.334894,-0.646217
0.335191,-0.645893
0.335488,-0.645569
0.335785,-0.645245
0.336082,-0.644921
0.336379,-0.644597
0.336676,-0.644273
0.336973,-0.643949
0.33727,-0.643625
0.337567,-0.643301
0.337864,-0.642977
0.338161,-0.642653
0.338458,-0.642329
0.338755,-0.642005
0.339052,-0.641681
0.339349,-0.641357
0.339645,-0.641033
0.339942,-0.640709
0.340239,-0.640385
0.340536,-0.640061
0.340833,-0.639737
0.34113,-0.639412
0.341427,-0.639088
0.341724,-0.638764
0.342021,-0.63844
0.342318,-0.638116
0.342615,-0.637792
0.342912,-0.637468
0.343209,-0.637144
0.343506,-0.63682
0.343803,-0.636496
0.3441,-0.636172
0.344397,-0.635848
0.344694,-0.635524
0.34499,-0.6352
0.345287,-0.634876
0.345584,-0.634552
0.345881,-0.634228
0.346178,-0.633904
0.346475,-0.63358
0.346772,-0.633256
0.347069,-0.632932
0.347366,-0.632608
0.347663,-0.632284
0.34796,-0.631959
0.348257,-0.631635
0.348554,-0.631311
0.348851,-0.630987
0.349148,-0.630663
0.349445,-0.630339
0.349742,-0.630015
0.350038,-0.629691
0.350335,-0.629367
0.350632,-0.629043
0.350929,-0.628719
0.351226,-0.628395
0.351523,-0.628071
0.35182,-0.627747
0.352117,-0.627423
0.352414,-0.627099
0.352711,-0.626775
0.353008,-0.626451
0.353305,-0.626127
0.353602,-0.625803
0.353899,-0.625479
0.354196,-0.625155
0.354493,-0.62483
0.35479,-0.624506
0.355294,-0.624439
0.355798,-0.624372
0.356303,-0.624304
0.356807,-0.624237
0.357312,-0.62417
0.357816,-0.624102
0.358321,-0.624035
0.358825,-0.623967
0.35933,-0.6239
0.359834,-0.623833
0.360339,-0.623765
0.360843,-0.623698
0.361348,-0.623631
0.361852,-0.623563
0.362357,-0.623496
0.362861,-0.623429
0.363365,-0.623361
0.36387,-0.623294
0.364374,-0.623226
0.364879,-0.623159
0.365383,-0.623092
0.365888,-0.623024
0.366392,-0.622957
0.366897,-0.62289
0.367401,-0.622822
0.367906,-0.622755
0.36841,-0.622688
0.368915,-0.62262
0.369419,-0.622553
0.369923,-0.622485
0.370428,-0.622418
0.370932,-0.622351
0.371437,-0.622283
0.371941,-0.622216
0.372446,-0.622149
0.37295,-0.622081
0.373455,-0.622014
0.373959,-0.621946
0.374464,-0.621879
0.374968,-0.621812
0.375473,-0.621744
0.375977,-0.621677
0.376481,-0.62161
0.376986,-0.621542
0.37749,-0.621475
0.377995,-0.621408
0.378499,-0.62134
0.379004,-0.621273
0.379508,-0.621205
0.380013,-0.621138
0.380517,-0.621071
0.381022,-0.621003
0.381526,-0.620936
0.382031,-0.620869
0.382535,-0.620801
0.383039,-0.620734
0.383544,-0.620666
0.384048,-0.620599
0.384553,-0.620532
0.385057,-0.620464
0.385562,-0.620397
0.386066,-0.62033
0.386571,-0.620262
0.387075,-0.620195
0.38758,-0.620128
0.388084,-0.62006
0.388589,-0.619993
0.389093,-0.619925
0.389598,-0.619858
0.390102,-0.619791
0.390606,-0.619723
0.391111,-0.619656
0.391615,-0.619589
0.39212,-0.619521
0.392624,-0.619454
0.393129,-0.619386
0.393633,-0.619319
0.394138,-0.619252
0.394642,-0.619184
0.395147,-0.619117
0.395651,-0.61905
0.396156,-0.618982
0.39666,-0.618915
0.397164,-0.618848
0.397669,-0.61878
0.398173,-0.618713
0.398678,-0.618645
0.399182,-0.618578
0.399687,-0.618511
0.400191,-0.618443
0.400696,-0.618376
0.4012,-0.618309
0.401705,-0.618241
0.402209,-0.618174
0.402714,-0.618107
0.403218,-0.618039
0.403722,-0.617972
0.404227,-0.617904
0.404731,-0.617837
0.405236,-0.61777
0.40574,-0.617702
0.406245,-0.617635
0.406749,-0.617568
0.407254,-0.6175
0.407758,-0.617433
0.408263,-0.617365
0.408767,-0.617298
0.409272,-0.617231
0.409776,-0.617163
0.41028,-0.617096
0.410785,-0.617029
0.411289,-0.616961
0.411794,-0.616894
0.412298,-0.616827
0.412803,-0.616759
0.413307,-0.616692
0.413812,-0.616624
0.414316,-0.616557
0.414821,-0.61649
0.415325,-0.616422
0.41583,-0.616355
0.416334,-0.616288
0.416838,-0.61622
0.417343,-0.616153
0.417847,-0.616085
0.418352,-0.616018
0.418856,-0.615951
0.419361,-0.615883
0.419865,-0.615816
0.42037,-0.615749
0.420874,-0.615681
0.421379,-0.615614
0.421883,-0.615547
0.422388,-0.615479
0.422892,-0.615412
0.423397,-0.615344
0.423901,-0.615277
0.424405,-0.61521
0.42491,-0.615142
0.425414,-0.615075
0.425919,-0.615008
0.426423,-0.61494
0.426928,-0.614873
0.427432,-0.614805
0.427937,-0.614738
0.428441,-0.614671
0.428946,-0.614603
0.42945,-0.614536
0.429955,-0.614469
0.429384,-0.614684
0.428814,-0.614899
0.428244,-0.615115
0.427674,-0.61533
0.427103,-0.615546
0.426533,-0.615761
0.425963,-0.615976
0.425393,-0.616192
0.424823,-0.616407
0.424252,-0.616622
0.423682,-0.616838
0.423112,-0.617053
0.422542,-0.617269
0.421972,-0.617484
0.421401,-0.617699
0.420831,-0.617915
0.420261,-0.61813
0.419691,-0.618345
0.419121,-0.618561
0.41855,-0.618776
0.41798,-0.618992
0.41741,-0.619207
0.41684,-0.619422
0.41627,-0.619638
0.415699,-0.619853
0.415129,-0.620068
0.414559,-0.620284
0.413989,-0.620499
0.413419,-0.620715
0.412848,-0.62093
0.412278,-0.621145
0.411708,-0.621361
0.411138,-0.621576
0.410567,-0.621791
0.409997,-0.622007
0.409427,-0.622222
0.408857,-0.622438
0.408287,-0.622653
0.407716,-0.622868
0.407146,-0.623084
0.406576,-0.623299
0.406006,-0.623514
0.405436,-0.62373
0.404865,-0.623945
0.404295,-0.624161
0.403725,-0.624376
0.403155,-0.624591
0.402585,-0.624807
0.402014,-0.625022
0.401444,-0.625237
0.400874,-0.625453
0.400304,-0.625668
0.399734,-0.625884
0.399163,-0.626099
0.398593,-0.626314
0.398023,-0.62653
0.397453,-0.626745
0.396882,-0.62696
0.396312,-0.627176
0.395742,-0.627391
0.395172,-0.627607
0.394602,-0.627822
0.394031,-0.628037
0.393461,-0.628253
0.392891,-0.628468
0.392321,-0.628683
0.391751,-0.628899
0.39118,-0.629114
0.39061,-0.62933
0.39004,-0.629545
0.38947,-0.62976
0.3889,-0.629976
0.388329,-0.630191
0.387759,-0.630406
0.387189,-0.630622
0.386619,-0.630837
0.386049,-0.631053
0.385478,-0.631268
0.384908,-0.631483
0.384338,-0.631699
0.383768,-0.631914
0.383197,-0.632129
0.382627,-0.632345
0.382057,-0.63256
0.381487,-0.632776
0.380917,-0.632991
0.380346,-0.633206
0.379776,-0.633422
0.379206,-0.633637
0.378636,-0.633852
0.378066,-0.634068
0.377495,-0.634283
0.376925,-0.634499
0.376355,-0.634714
0.375785,-0.634929
0.375215,-0.635145
0.374644,-0.63536
0.374074,-0.635575
0.373504,-0.635791
0.372934,-0.636006
0.372364,-0.636222
0.371793,-0.636437
0.371223,-0.636652
0.370653,-0.636868
0.370083,-0.637083
0.369512,-0.637299
0.368942,-0.637514
0.368372,-0.637729
0.367802,-0.637945
0.367232,-0.63816
0.366661,-0.638375
0.366091,-0.638591
0.365521,-0.638806
0.364951,-0.639022
0.364381,-0.639237
0.36381,-0.639452
0.36324,-0.639668
0.36267,-0.639883
0.3621,-0.640098
0.36153,-0.640314
0.360959,-0.640529
0.360389,-0.640745
0.359819,-0.64096
0.359249,-0.641175
0.358679,-0.641391
0.358108,-0.641606
0.357538,-0.641821
0.356968,-0.642037
0.356398,-0.642252
0.355827,-0.642468
0.355257,-0.642683
0.354687,-0.642898
0.354117,-0.643114
0.353547,-0.643329
0.352976,-0.643544
0.352406,-0.64376
0.351836,-0.643975
0.351266,-0.644191
0.350696,-0.644406
0.350125,-0.644621
0.349555,-0.644837
0.348985,-0.645052
0.348415,-0.645267
0.347845,-0.645483
0.347274,-0.645698
0.346704,-0.645914
0.346134,-0.646129
0.345564,-0.646344
0.344994,-0.64656
0.344423,-0.646775
0.34622,-0.647247
0.348017,-0.64772
0.349814,-0.648192
0.351611,-0.648665
0.353408,-0.649137
0.355205,-0.649609
0.357002,-0.650082
0.3588,-0.650554
0.360597,-0.651026
0.362394,-0.651499
0.364191,-0.651971
0.365988,-0.652444
0.367785,-0.652916
0.369582,-0.653388
0.371379,-0.653861
0.373176,-0.654333
0.374973,-0.654806
0.37677,-0.655278
0.378567,-0.65575
0.380364,-0.656223
0.382161,-0.656695
0.383958,-0.657167
0.385755,-0.65764
0.387552,-0.658112
0.389349,-0.658585
0.391146,-0.659057
0.392943,-0.659529
0.39474,-0.660002
0.396537,-0.660474
0.398334,-0.660946
0.400131,-0.661419
0.401928,-0.661891
0.403725,-0.662364
0.405522,-0.662836
0.407319,-0.663308
0.409116,-0.663781
0.410913,-0.664253
0.41271,-0.664725
0.414507,-0.665198
0.416304,-0.66567
0.418101,-0.666143
0.419898,-0.666615
0.421695,-0.667087
0.423492,-0.66756
0.425289,-0.668032
0.427086,-0.668505
0.428883,-0.668977
0.43068,-0.669449
0.432477,-0.669922
0.434274,-0.670394
0.436071,-0.670866
0.437868,-0.671339
0.439665,-0.671811
0.441462,-0.672284
0.44326,-0.672756
0.445057,-0.673228
0.446854,-0.673701
0.448651,-0.674173
0.450448,-0.674645
0.452245,-0.675118
0.454042,-0.67559
0.455839,-0.676063
0.457636,-0.676535
0.459433,-0.677007
0.46123,-0.67748
0.463027,-0.677952
0.464824,-0.678425
0.466621,-0.678897
0.468418,-0.679369
0.470215,-0.679842
0.472012,-0.680314
0.473809,-0.680786
0.475606,-0.681259
0.477403,-0.681731
0.4792,-0.682204
0.480997,-0.682676
0.482794,-0.683148
0.484591,-0.683621
0.486388,-0.684093
0.488185,-0.684565
0.489982,-0.685038
0.491779,-0.68551
0.493576,-0.685983
0.495373,-0.686455
0.49717,-0.686927
0.498967,-0.6874
0.500764,-0.687872
0.502561,-0.688344
0.504358,-0.688817
0.506155,-0.689289
0.507952,-0.689762
0.509749,-0.690234
0.511546,-0.690706
0.513343,-0.691179
0.51514,-0.691651
0.516937,-0.692124
0.518734,-0.692596
0.520531,-0.693068
0.522328,-0.693541
0.524125,-0.694013
0.525922,-0.694485
0.52772,-0.694958
0.529517,-0.69543
0.531314,-0.695903
0.533111,-0.696375
0.534908,-0.696847
0.536705,-0.69732
0.538502,-0.697792
0.540299,-0.698264
0.542096,-0.698737
0.543893,-0.699209
0.54569,-0.699682
0.547487,-0.700154
0.549284,-0.700626
0.551081,-0.701099
0.552878,-0.701571
0.554675,-0.702044
0.556472,-0.702516
0.558269,-0.702988
0.560066,-0.703461
0.561863,-0.703933
0.56366,-0.704405
0.565457,-0.704878
0.567254,-0.70535
0.569051,-0.705823
0.570848,-0.706295
0.572645,-0.706767
0.574442,-0.70724
0.576239,-0.707712
0.578036,-0.708184
0.579833,-0.708657
0.58163,-0.709129
0.583427,-0.709602
0.585224,-0.710074
0.587021,-0.710546
0.588818,-0.711019
0.590615,-0.711491
0.592412,-0.711963
0.594209,-0.712436
0.596006,-0.712908
0.597803,-0.713381
0.5996,-0.713853
0.601397,-0.714325
0.603194,-0.714798
0.604991,-0.71527
0.606788,-0.715743
0.608585,-0.716215
0.610382,-0.716687
0.61218,-0.71716
