O
25
1,0,-1,0.78,-0.5,0.75,0.0,0.0,0.0,0.3,0.4,0.02,0,0.8,False
2,0,-1,1.1,-0.5,0.93,0.0,0.0,0.0,0.02,0.4,0.2,0,0.8,False
3,0,-1,0.78,-0.5,1.11,0.0,0.0,0.0,0.3,0.4,0.02,0,0.8,False
4,0,-1,0.8,-0.92,0.93,0.0,0.0,0.0,0.32,0.02,0.2,0,0.8,False
5,0,-1,0.8,-0.08,0.93,0.0,0.0,0.0,0.32,0.02,0.2,0,0.8,False
6,2,0,0.6550567176700972,-0.5727407809784866,0.8450000000000001,0.0,0.0,2.162075905326265,0.058735345364445274,0.058735345364445274,0.15,0.31534407713176793,1.01568844811503,False
7,2,0,0.8473467385247981,-0.6802605724405663,0.8450000000000001,0.0,0.0,1.3000724417947425,0.06435120996015842,0.06435120996015842,0.15,0.2717046404681149,1.1772070661463787,False
8,2,0,0.8262745714701094,-0.21438634336785423,0.859619076451436,0.0,0.0,5.595864821788327,0.03,0.03,0.17923815290287204,0.3974136693642728,1.0648015418009935,False
9,0,0,0.9266588361409898,-0.4613976150641536,0.86,0.0,0.0,1.7810842548950205,0.034262746291461095,0.03,0.09,0.33212782067465463,1.119494199252837,False
10,0,0,0.6947190157647771,-0.8344632121813198,0.86,0.0,0.0,1.806761255936524,0.03,0.03,0.09,0.4718261495243293,0.9586886702866141,False
11,2,1,0.5398274012680585,-0.3211935842256449,0.8450000000000001,0.0,0.0,4.838324577350186,0.03,0.03,0.15,0.3335915099724296,0.8807212489467121,True
12,0,1,0.6001619713706268,-0.8378843499742186,0.86,0.0,0.0,3.144970260554275,0.03,0.04756668110315209,0.09,0.3569610163356727,0.9123897008571871,True
13,0,1,1.0091093343405637,-0.33254992235642167,0.8961618183870869,0.0,0.0,2.0831924023111337,0.03,0.052558727101978404,0.12616181838708682,0.13653111969038711,0.9158189004850135,True
14,2,1,0.9615246283488432,-0.22633050074073646,0.8450000000000001,0.0,0.0,1.2185889049108123,0.03,0.03,0.15,0.3049465511399094,0.9000444180056704,True
15,2,1,0.9803729765181852,-0.7502047496834662,0.8548450006517844,0.0,0.0,1.7989303835511268,0.03,0.03,0.1696900013035687,0.24904921332902374,1.1866045384935981,True
16,2,1,0.6503927380648936,-0.42141700196026993,0.8450000000000001,0.0,0.0,5.884564301617067,0.03,0.03,0.15,0.1283748607836978,1.0513462811175405,True
17,0,1,0.8125723590150973,-0.5167155388591913,0.8727399024926672,0.0,0.0,2.81535065593387,0.037418630254986915,0.04580792155851616,0.10273990249266712,0.15872489196350892,1.1476372888706763,True
18,2,1,0.6916374247148493,-0.2251410576705004,0.8450000000000001,0.0,0.0,4.009621632482673,0.0493130339630501,0.0493130339630501,0.15,0.22718743623632537,0.919850191026822,True
19,2,1,0.6198999897593942,-0.7231333843244196,0.859669457834817,0.0,0.0,1.3317966720532652,0.03317574196166128,0.03317574196166128,0.17933891566963403,0.016464183523329956,1.1828528894968522,True
20,0,1,0.8068940976388732,-0.354710435665777,0.8815068342595073,0.0,0.0,6.217468313452215,0.03,0.07290053217635953,0.11150683425950725,0.19698635465315728,0.9200581683592436,True
21,2,1,1.0092422238140113,-0.6378745322350848,0.8450000000000001,0.0,0.0,4.519901671735564,0.03,0.03,0.15,0.3483992113797495,1.063125997873059,True
22,0,1,0.5183482784565592,-0.7295865409498936,0.86,0.0,0.0,3.2925803212904445,0.03,0.07172812560712542,0.09,0.00635780359329452,0.8032146887127339,True
23,2,1,0.8811388062724503,-0.8234052560586167,0.8586897057234723,0.0,0.0,4.863226167455016,0.03,0.03,0.17737941144694452,0.20616053414027452,1.0518781809360949,True
24,0,1,0.5246305177410955,-0.8505287702049987,0.910489864723147,0.0,0.0,4.534317858335448,0.03,0.03,0.14048986472314692,0.318027541836236,1.0415934645344385,True
25,2,1,0.709937703017017,-0.7332308593671927,0.8450000000000001,0.0,0.0,3.070820185339381,0.03,0.03,0.15,0.3583807096795522,0.8467737162565161,True
R
0.0,0.0,0.0,0.0,0.0,0.0,1.0
S
8
torso_lift_joint,0
r_shoulder_pan_joint,-1.69017
r_shoulder_lift_joint,-0.0788625
r_upper_arm_roll_joint,-1.69017
r_elbow_flex_joint,-1.2717
r_forearm_roll_joint,-0.151824
r_wrist_flex_joint,-1.25254
r_wrist_roll_joint,0.675062
G
0.752071,-0.203486,0.859619,2.99574,-3.14159,3.14159
ooi
8
A
599
0.310248,-0.673113
0.311139,-0.6728
0.31203,-0.672487
0.312921,-0.672174
0.313812,-0.67186
0.314703,-0.671547
0.315594,-0.671234
0.316485,-0.670921
0.317376,-0.670608
0.318267,-0.670294
0.319158,-0.669981
0.320049,-0.669668
0.32094,-0.669355
0.321831,-0.669042
0.322722,-0.668729
0.323613,-0.668415
0.324503,-0.668102
0.325394,-0.667789
0.326285,-0.667476
0.327176,-0.667163
0.328067,-0.666849
0.328958,-0.666536
0.329849,-0.666223
0.33074,-0.66591
0.331631,-0.665597
0.332522,-0.665284
0.333413,-0.66497
0.334304,-0.664657
0.335195,-0.664344
0.336086,-0.664031
0.336977,-0.663718
0.337868,-0.663404
0.338759,-0.663091
0.33965,-0.662778
0.340541,-0.662465
0.341432,-0.662152
0.342323,-0.661839
0.343214,-0.661525
0.344104,-0.661212
0.344995,-0.660899
0.345886,-0.660586
0.346777,-0.660273
0.347668,-0.659959
0.348559,-0.659646
0.34945,-0.659333
0.350341,-0.65902
0.351232,-0.658707
0.352123,-0.658394
0.353014,-0.65808
0.353905,-0.657767
0.354796,-0.657454
0.355687,-0.657141
0.356578,-0.656828
0.357469,-0.656514
0.35836,-0.656201
0.359251,-0.655888
0.360142,-0.655575
0.361033,-0.655262
0.361924,-0.654949
0.362815,-0.654635
0.363705,-0.654322
0.364596,-0.654009
0.365487,-0.653696
0.366378,-0.653383
0.367269,-0.653069
0.36816,-0.652756
0.369051,-0.652443
0.369942,-0.65213
0.370833,-0.651817
0.371724,-0.651504
0.372615,-0.65119
0.373506,-0.650877
0.374397,-0.650564
0.375288,-0.650251
0.376179,-0.649938
0.37707,-0.649624
0.377961,-0.649311
0.378852,-0.648998
0.379743,-0.648685
0.380634,-0.648372
0.381525,-0.648059
0.382416,-0.647745
0.383307,-0.647432
0.384197,-0.647119
0.385088,-0.646806
0.385979,-0.646493
0.38687,-0.64618
0.387761,-0.645866
0.388652,-0.645553
0.389543,-0.64524
0.390434,-0.644927
0.391325,-0.644614
0.392216,-0.6443
0.393107,-0.643987
0.393998,-0.643674
0.394889,-0.643361
0.39578,-0.643048
0.396671,-0.642735
0.397562,-0.642421
0.398453,-0.642108
0.399344,-0.641795
0.400235,-0.641482
0.401126,-0.641169
0.402017,-0.640855
0.402908,-0.640542
0.403798,-0.640229
0.404689,-0.639916
0.40558,-0.639603
0.406471,-0.63929
0.407362,-0.638976
0.408253,-0.638663
0.409144,-0.63835
0.410035,-0.638037
0.410926,-0.637724
0.411817,-0.63741
0.412708,-0.637097
0.413599,-0.636784
0.41449,-0.636471
0.415381,-0.636158
0.416272,-0.635845
0.417163,-0.635531
0.418054,-0.635218
0.418945,-0.634905
0.419836,-0.634592
0.420727,-0.634279
0.421618,-0.633965
0.422509,-0.633652
0.4234,-0.633339
0.42429,-0.633026
0.425181,-0.632713
0.426072,-0.6324
0.426963,-0.632086
0.427854,-0.631773
0.428745,-0.63146
0.429636,-0.631147
0.430527,-0.630834
0.431418,-0.63052
0.432309,-0.630207
0.4332,-0.629894
0.434091,-0.629581
0.434982,-0.629268
0.435873,-0.628955
0.436764,-0.628641
0.437655,-0.628328
0.438546,-0.628015
0.439437,-0.627702
0.440328,-0.627389
0.441219,-0.627075
0.44211,-0.626762
0.443001,-0.626449
0.443891,-0.626136
0.44456,-0.625121
0.445228,-0.624106
0.445897,-0.623091
0.446565,-0.622076
0.447234,-0.621061
0.447902,-0.620045
0.448571,-0.61903
0.449239,-0.618015
0.449908,-0.617
0.450576,-0.615985
0.451245,-0.61497
0.451913,-0.613955
0.452582,-0.61294
0.45325,-0.611925
0.453919,-0.61091
0.454587,-0.609895
0.455256,-0.60888
0.455924,-0.607864
0.456593,-0.606849
0.457261,-0.605834
0.45793,-0.604819
0.458598,-0.603804
0.459266,-0.602789
0.459935,-0.601774
0.460603,-0.600759
0.461272,-0.599744
0.46194,-0.598729
0.462609,-0.597714
0.463277,-0.596699
0.463946,-0.595684
0.464614,-0.594668
0.465283,-0.593653
0.465951,-0.592638
0.46662,-0.591623
0.467288,-0.590608
0.467957,-0.589593
0.468625,-0.588578
0.469294,-0.587563
0.469962,-0.586548
0.470631,-0.585533
0.471299,-0.584518
0.471968,-0.583503
0.472636,-0.582488
0.473304,-0.581472
0.473973,-0.580457
0.474641,-0.579442
0.47531,-0.578427
0.475978,-0.577412
0.476647,-0.576397
0.477315,-0.575382
0.477984,-0.574367
0.478652,-0.573352
0.479321,-0.572337
0.479989,-0.571322
0.480658,-0.570307
0.481326,-0.569291
0.481995,-0.568276
0.482663,-0.567261
0.483332,-0.566246
0.484,-0.565231
0.484669,-0.564216
0.485337,-0.563201
0.486006,-0.562186
0.486674,-0.561171
0.487342,-0.560156
0.488011,-0.559141
0.488679,-0.558126
0.489348,-0.557111
0.490016,-0.556095
0.490685,-0.55508
0.491353,-0.554065
0.492022,-0.55305
0.49269,-0.552035
0.493359,-0.55102
0.494027,-0.550005
0.494696,-0.54899
0.495364,-0.547975
0.496033,-0.54696
0.496701,-0.545945
0.49737,-0.54493
0.498038,-0.543915
0.498707,-0.542899
0.499375,-0.541884
0.500044,-0.540869
0.500712,-0.539854
0.501381,-0.538839
0.502049,-0.537824
0.502717,-0.536809
0.503386,-0.535794
0.504054,-0.534779
0.504723,-0.533764
0.505391,-0.532749
0.50606,-0.531734
0.506728,-0.530718
0.507397,-0.529703
0.508065,-0.528688
0.508734,-0.527673
0.509402,-0.526658
0.510071,-0.525643
0.510739,-0.524628
0.511408,-0.523613
0.512076,-0.522598
0.512745,-0.521583
0.513413,-0.520568
0.514082,-0.519553
0.51475,-0.518538
0.515419,-0.517522
0.516087,-0.516507
0.516755,-0.515492
0.517424,-0.514477
0.518092,-0.513462
0.518761,-0.512447
0.519429,-0.511432
0.520098,-0.510417
0.520766,-0.509402
0.521435,-0.508387
0.522103,-0.507372
0.522772,-0.506357
0.52344,-0.505342
0.524109,-0.504326
0.524777,-0.503311
0.525446,-0.502296
0.526114,-0.501281
0.526783,-0.500266
0.527451,-0.499251
0.52812,-0.498236
0.528788,-0.497221
0.529457,-0.496206
0.530125,-0.495191
0.530794,-0.494176
0.531462,-0.493161
0.53213,-0.492145
0.532799,-0.49113
0.533467,-0.490115
0.534136,-0.4891
0.534804,-0.488085
0.535473,-0.48707
0.536141,-0.486055
0.53681,-0.48504
0.537478,-0.484025
0.538147,-0.48301
0.538815,-0.481995
0.539484,-0.48098
0.540152,-0.479965
0.540821,-0.478949
0.541489,-0.477934
0.542158,-0.476919
0.542826,-0.475904
0.543495,-0.474889
0.544382,-0.473593
0.545269,-0.472297
0.546156,-0.471
0.547043,-0.469704
0.54793,-0.468408
0.548817,-0.467111
0.549704,-0.465815
0.550591,-0.464519
0.551478,-0.463223
0.552365,-0.461926
0.553252,-0.46063
0.554139,-0.459334
0.555026,-0.458038
0.555913,-0.456741
0.5568,-0.455445
0.557687,-0.454149
0.558574,-0.452852
0.559461,-0.451556
0.560348,-0.45026
0.561235,-0.448964
0.562122,-0.447667
0.56301,-0.446371
0.563897,-0.445075
0.564784,-0.443778
0.565671,-0.442482
0.566558,-0.441186
0.567445,-0.43989
0.568332,-0.438593
0.569219,-0.437297
0.570106,-0.436001
0.570993,-0.434705
0.57188,-0.433408
0.572767,-0.432112
0.573654,-0.430816
0.574541,-0.429519
0.575428,-0.428223
0.576315,-0.426927
0.577202,-0.425631
0.578089,-0.424334
0.578976,-0.423038
0.579863,-0.421742
0.58075,-0.420445
0.581637,-0.419149
0.582524,-0.417853
0.583412,-0.416557
0.584299,-0.41526
0.585186,-0.413964
0.586073,-0.412668
0.58696,-0.411372
0.587847,-0.410075
0.588734,-0.408779
0.589621,-0.407483
0.590508,-0.406186
0.591395,-0.40489
0.592282,-0.403594
0.593169,-0.402298
0.594056,-0.401001
0.594943,-0.399705
0.59583,-0.398409
0.596717,-0.397112
0.597604,-0.395816
0.598491,-0.39452
0.599378,-0.393224
0.600265,-0.391927
0.601152,-0.390631
0.602039,-0.389335
0.602926,-0.388039
0.603814,-0.386742
0.604701,-0.385446
0.605588,-0.38415
0.606475,-0.382853
0.607362,-0.381557
0.608249,-0.380261
0.609136,-0.378965
0.610023,-0.377668
0.61091,-0.376372
0.611797,-0.375076
0.612684,-0.373779
0.613571,-0.372483
0.614458,-0.371187
0.615345,-0.369891
0.616232,-0.368594
0.617119,-0.367298
0.618006,-0.366002
0.618893,-0.364706
0.61978,-0.363409
0.620667,-0.362113
0.621554,-0.360817
0.622441,-0.35952
0.623328,-0.358224
0.624216,-0.356928
0.625103,-0.355632
0.62599,-0.354335
0.626877,-0.353039
0.627764,-0.351743
0.628651,-0.350446
0.629538,-0.34915
0.630425,-0.347854
0.631312,-0.346558
0.632199,-0.345261
0.633086,-0.343965
0.633973,-0.342669
0.63486,-0.341373
0.635747,-0.340076
0.636634,-0.33878
0.637521,-0.337484
0.638408,-0.336187
0.639295,-0.334891
0.640182,-0.333595
0.641069,-0.332299
0.641956,-0.331002
0.642843,-0.329706
0.64373,-0.32841
0.644618,-0.327113
0.645505,-0.325817
0.646392,-0.324521
0.647279,-0.323225
0.648166,-0.321928
0.649053,-0.320632
0.64994,-0.319336
0.650827,-0.31804
0.651714,-0.316743
0.652601,-0.315447
0.653488,-0.314151
0.654375,-0.312854
0.655262,-0.311558
0.656149,-0.310262
0.657036,-0.308966
0.657923,-0.307669
0.65881,-0.306373
0.659697,-0.305077
0.660584,-0.30378
0.661471,-0.302484
0.662358,-0.301188
0.663245,-0.299892
0.664132,-0.298595
0.66502,-0.297299
0.665907,-0.296003
0.666794,-0.294707
0.667681,-0.29341
0.668568,-0.292114
0.669455,-0.290818
0.670342,-0.289521
0.671229,-0.288225
0.672116,-0.286929
0.673003,-0.285633
0.67389,-0.284336
0.674777,-0.28304
0.675664,-0.281744
0.676551,-0.280447
0.677058,-0.279931
0.677565,-0.279414
0.678072,-0.278898
0.678578,-0.278381
0.679085,-0.277865
0.679592,-0.277348
0.680099,-0.276832
0.680606,-0.276315
0.681113,-0.275799
0.68162,-0.275282
0.682126,-0.274766
0.682633,-0.274249
0.68314,-0.273733
0.683647,-0.273216
0.684154,-0.2727
0.684661,-0.272183
0.685167,-0.271667
0.685674,-0.27115
0.686181,-0.270634
0.686688,-0.270117
0.687195,-0.269601
0.687702,-0.269084
0.688209,-0.268568
0.688715,-0.268051
0.689222,-0.267535
0.689729,-0.267018
0.690236,-0.266501
0.690743,-0.265985
0.69125,-0.265468
0.691756,-0.264952
0.692263,-0.264435
0.69277,-0.263919
0.693277,-0.263402
0.693784,-0.262886
0.694291,-0.262369
0.694797,-0.261853
0.695304,-0.261336
0.695811,-0.26082
0.696318,-0.260303
0.696825,-0.259787
0.697332,-0.25927
0.697839,-0.258754
0.698345,-0.258237
0.698852,-0.257721
0.699359,-0.257204
0.699866,-0.256688
0.700373,-0.256171
0.70088,-0.255655
0.701386,-0.255138
0.701893,-0.254622
0.7024,-0.254105
0.702907,-0.253589
0.703414,-0.253072
0.703921,-0.252556
0.704428,-0.252039
0.704934,-0.251522
0.705441,-0.251006
0.705948,-0.250489
0.706455,-0.249973
0.706962,-0.249456
0.707469,-0.24894
0.707975,-0.248423
0.708482,-0.247907
0.708989,-0.24739
0.709496,-0.246874
0.710003,-0.246357
0.71051,-0.245841
0.711016,-0.245324
0.711523,-0.244808
0.71203,-0.244291
0.712537,-0.243775
0.713044,-0.243258
0.713551,-0.242742
0.714058,-0.242225
0.714564,-0.241709
0.715071,-0.241192
0.715578,-0.240676
0.716085,-0.240159
0.716592,-0.239643
0.717099,-0.239126
0.717605,-0.23861
0.718112,-0.238093
0.718619,-0.237576
0.719126,-0.23706
0.719633,-0.236543
0.72014,-0.236027
0.720647,-0.23551
0.721153,-0.234994
0.72166,-0.234477
0.722167,-0.233961
0.722674,-0.233444
0.723181,-0.232928
0.723688,-0.232411
0.724194,-0.231895
0.724701,-0.231378
0.725208,-0.230862
0.725715,-0.230345
0.726222,-0.229829
0.726729,-0.229312
0.727236,-0.228796
0.727742,-0.228279
0.728249,-0.227763
0.728756,-0.227246
0.729263,-0.22673
0.72977,-0.226213
0.730277,-0.225697
0.730783,-0.22518
0.73129,-0.224664
0.731797,-0.224147
0.732304,-0.22363
0.732811,-0.223114
0.733318,-0.222597
0.733824,-0.222081
0.734331,-0.221564
0.734838,-0.221048
0.735345,-0.220531
0.735852,-0.220015
0.736359,-0.219498
0.736866,-0.218982
0.737372,-0.218465
0.737879,-0.217949
0.738386,-0.217432
0.738893,-0.216916
0.7394,-0.216399
0.739907,-0.215883
0.740413,-0.215366
0.74092,-0.21485
0.741427,-0.214333
0.741934,-0.213817
0.742441,-0.2133
0.742948,-0.212784
0.743455,-0.212267
0.743961,-0.211751
0.744468,-0.211234
0.744975,-0.210718
0.745482,-0.210201
0.745989,-0.209684
0.746496,-0.209168
0.747002,-0.208651
0.747509,-0.208135
0.748016,-0.207618
0.748523,-0.207102
0.74903,-0.206585
0.749537,-0.206069
0.750044,-0.205552
0.75055,-0.205036
0.751057,-0.204519
0.751564,-0.204003
0.752071,-0.203486
