O
25
1,0,-1,0.78,-0.5,0.75,0.0,0.0,0.0,0.3,0.4,0.02,0,0.8,False
2,0,-1,1.1,-0.5,0.93,0.0,0.0,0.0,0.02,0.4,0.2,0,0.8,False
3,0,-1,0.78,-0.5,1.11,0.0,0.0,0.0,0.3,0.4,0.02,0,0.8,False
4,0,-1,0.8,-0.92,0.93,0.0,0.0,0.0,0.32,0.02,0.2,0,0.8,False
5,0,-1,0.8,-0.08,0.93,0.0,0.0,0.0,0.32,0.02,0.2,0,0.8,False
6,0,0,0.5611253333664074,-0.31008775228422003,0.86,0.0,0.0,5.765661903110158,0.03,0.03,0.09,0.3323857387369199,1.131192362627788,False
7,2,0,0.7963529528597542,-0.4436280278817651,0.8450000000000001,0.0,0.0,0.7569939691505747,0.07725586390922186,0.07725586390922186,0.15,0.09825603175906505,1.1207707755698406,False
8,0,0,0.7971592675519854,-0.8148286748841118,0.86,0.0,0.0,4.58908602806522,0.0660427710992085,0.04624315755530519,0.09,0.17871235262056318,0.8495415743938773,False
9,2,0,0.9955021824067205,-0.7182221316243462,0.8592480194335961,0.0,0.0,6.2314706826435895,0.03099074461321274,0.03099074461321274,0.17849603886719212,0.39562857452682504,0.8405526180873131,False
10,0,0,0.7825097854245251,-0.2643884570137601,0.86,0.0,0.0,3.0806168443910704,0.03,0.04799754818092944,0.09,0.25818753977862785,0.9381928160362198,False
11,0,1,0.6302803084770711,-0.509609245339514,0.9045759503304388,0.0,0.0,1.7370866580144737,0.07771701018375286,0.03,0.13457595033043876,0.14310062007343083,0.8762086316678477,True
12,0,1,0.5548108777824826,-0.6696413812614079,0.86,0.0,0.0,2.3168383228327247,0.03,0.06345496722407544,0.09,0.3933168106444647,0.9130221589598981,True
13,2,1,0.7912221394124572,-0.6645535103847522,0.8450000000000001,0.0,0.0,3.02552365832142,0.03662478014058388,0.03662478014058388,0.15,0.19614251741803163,1.1978648411337827,True
14,2,1,0.9084800297748894,-0.7677503634448408,0.8450000000000001,0.0,0.0,0.5533387695304495,0.03,0.03,0.15,0.35532451824755923,1.0842354342505807,True
15,0,1,0.5847776382133067,-0.16283876735954272,0.86,0.0,0.0,5.2289233757466596,0.03,0.035788099472427524,0.09,0.2821645210273697,1.1718421411542441,True
16,0,1,0.9151617191902124,-0.2328812814379756,0.86,0.0,0.0,1.0809951449386852,0.03,0.06371001531159806,0.09,0.055209475816756726,1.0535336287429526,True
17,2,1,0.6986146206666368,-0.7599868886813963,0.8559728827376902,0.0,0.0,0.1025229030610394,0.03,0.03,0.17194576547538054,0.1216217626708847,0.9615938583756695,True
18,2,1,0.9058503541394094,-0.6127005111254222,0.8450000000000001,0.0,0.0,3.1775716547374198,0.03,0.03,0.15,0.3348170413449588,1.0696304812102582,True
19,0,1,0.5469642532011598,-0.7972572641222655,0.86,0.0,0.0,5.732286938809414,0.03,0.03,0.09,0.17416923407171742,1.17760577392134,True
20,2,1,1.006909581372151,-0.4479114760265623,0.8450000000000001,0.0,0.0,3.717553769795152,0.03,0.03,0.15,0.4483521657911124,0.8019148404780314,True
21,2,1,0.671364876633431,-0.26324753141971635,0.8450000000000001,0.0,0.0,6.098814188190813,0.03244671372357931,0.03244671372357931,0.15,0.03539352386185146,0.8461328991637013,True
22,2,1,0.6792463626182321,-0.8504163778094173,0.8625756407676534,0.0,0.0,4.634972803297845,0.03,0.03,0.18515128153530672,0.0951206117163299,1.0671062497486725,True
23,2,1,1.018814018909798,-0.5459322883849855,0.8450000000000001,0.0,0.0,6.074673417725351,0.03,0.03,0.15,0.008433339991379962,0.8763295186536674,True
24,0,1,1.02981291529089,-0.31628727083543673,0.8624667875571945,0.0,0.0,6.160424350280386,0.03,0.03,0.09246678755719445,0.45932911297388396,0.9898616672021318,True
25,0,1,0.5266532253983698,-0.43720670161157527,0.8609819357169938,0.0,0.0,3.40735788892357,0.03,0.06741516678509327,0.09098193571699376,0.430733196961895,1.0351579864779579,True
R
0.0,0.0,0.0,0.0,0.0,0.0,1.0
S
8
torso_lift_joint,0
r_shoulder_pan_joint,-1.69017
r_shoulder_lift_joint,-0.0788625
r_upper_arm_roll_joint,-1.69017
r_elbow_flex_joint,-1.2717
r_forearm_roll_joint,-0.151824
r_wrist_flex_joint,-1.25254
r_wrist_roll_joint,0.675062
G
0.524021,-0.375266,0.86,1.05327,-0,0
ooi
6
A
599
0.310248,-0.673113
0.310449,-0.671639
0.31065,-0.670165
0.310851,-0.668692
0.311052,-0.667218
0.311253,-0.665744
0.311454,-0.66427
0.311655,-0.662796
0.311856,-0.661322
0.312057,-0.659848
0.312258,-0.658375
0.312459,-0.656901
0.31266,-0.655427
0.312861,-0.653953
0.313062,-0.652479
0.313263,-0.651005
0.313463,-0.649531
0.313664,-0.648058
0.313865,-0.646584
0.314066,-0.64511
0.314267,-0.643636
0.314468,-0.642162
0.314669,-0.640688
0.31487,-0.639214
0.315071,-0.637741
0.315272,-0.636267
0.315473,-0.634793
0.315674,-0.633319
0.315875,-0.631845
0.316076,-0.630371
0.316277,-0.628897
0.316478,-0.627424
0.316679,-0.62595
0.31688,-0.624476
0.317081,-0.623002
0.317282,-0.621528
0.317483,-0.620054
0.317684,-0.61858
0.317885,-0.617107
0.318085,-0.615633
0.318286,-0.614159
0.318487,-0.612685
0.318688,-0.611211
0.318889,-0.609737
0.31909,-0.608263
0.319291,-0.60679
0.319492,-0.605316
0.319693,-0.603842
0.319894,-0.602368
0.320095,-0.600894
0.320296,-0.59942
0.320497,-0.597946
0.320698,-0.596473
0.320899,-0.594999
0.3211,-0.593525
0.321301,-0.592051
0.321502,-0.590577
0.321703,-0.589103
0.321904,-0.587629
0.322105,-0.586156
0.322306,-0.584682
0.322507,-0.583208
0.322707,-0.581734
0.322908,-0.58026
0.323109,-0.578786
0.32331,-0.577312
0.323511,-0.575839
0.323712,-0.574365
0.323913,-0.572891
0.324114,-0.571417
0.324315,-0.569943
0.324516,-0.568469
0.324717,-0.566996
0.324918,-0.565522
0.325119,-0.564048
0.32532,-0.562574
0.325521,-0.5611
0.325722,-0.559626
0.325923,-0.558152
0.326124,-0.556679
0.326325,-0.555205
0.326526,-0.553731
0.326727,-0.552257
0.326928,-0.550783
0.327129,-0.549309
0.327329,-0.547835
0.32753,-0.546362
0.327731,-0.544888
0.327932,-0.543414
0.328133,-0.54194
0.328334,-0.540466
0.328535,-0.538992
0.328736,-0.537518
0.328937,-0.536045
0.329138,-0.534571
0.329339,-0.533097
0.32954,-0.531623
0.329741,-0.530149
0.329942,-0.528675
0.330143,-0.527201
0.330344,-0.525728
0.330545,-0.524254
0.330746,-0.52278
0.330947,-0.521306
0.331148,-0.519832
0.331349,-0.518358
0.33155,-0.516884
0.331751,-0.515411
0.331951,-0.513937
0.332152,-0.512463
0.332353,-0.510989
0.332554,-0.509515
0.332755,-0.508041
0.332956,-0.506567
0.333157,-0.505094
0.333358,-0.50362
0.333559,-0.502146
0.33376,-0.500672
0.333961,-0.499198
0.334162,-0.497724
0.334363,-0.49625
0.334564,-0.494777
0.334765,-0.493303
0.334966,-0.491829
0.335167,-0.490355
0.335368,-0.488881
0.335569,-0.487407
0.33577,-0.485933
0.335971,-0.48446
0.336172,-0.482986
0.336373,-0.481512
0.336573,-0.480038
0.336774,-0.478564
0.336975,-0.47709
0.337176,-0.475616
0.337377,-0.474143
0.337578,-0.472669
0.337779,-0.471195
0.33798,-0.469721
0.338181,-0.468247
0.338382,-0.466773
0.338583,-0.4653
0.338784,-0.463826
0.338985,-0.462352
0.339186,-0.460878
0.339387,-0.459404
0.339588,-0.45793
0.339789,-0.456456
0.33999,-0.454983
0.340191,-0.453509
0.340392,-0.452035
0.340939,-0.452255
0.341485,-0.452475
0.342032,-0.452695
0.342579,-0.452915
0.343126,-0.453135
0.343673,-0.453355
0.34422,-0.453574
0.344767,-0.453794
0.345314,-0.454014
0.34586,-0.454234
0.346407,-0.454454
0.346954,-0.454674
0.347501,-0.454894
0.348048,-0.455114
0.348595,-0.455334
0.349142,-0.455554
0.349689,-0.455774
0.350236,-0.455994
0.350782,-0.456214
0.351329,-0.456434
0.351876,-0.456654
0.352423,-0.456874
0.35297,-0.457094
0.353517,-0.457314
0.354064,-0.457534
0.354611,-0.457754
0.355157,-0.457974
0.355704,-0.458194
0.356251,-0.458414
0.356798,-0.458633
0.357345,-0.458853
0.357892,-0.459073
0.358439,-0.459293
0.358986,-0.459513
0.359533,-0.459733
0.360079,-0.459953
0.360626,-0.460173
0.361173,-0.460393
0.36172,-0.460613
0.362267,-0.460833
0.362814,-0.461053
0.363361,-0.461273
0.363908,-0.461493
0.364454,-0.461713
0.365001,-0.461933
0.365548,-0.462153
0.366095,-0.462373
0.366642,-0.462593
0.367189,-0.462813
0.367736,-0.463033
0.368283,-0.463253
0.36883,-0.463472
0.369376,-0.463692
0.369923,-0.463912
0.37047,-0.464132
0.371017,-0.464352
0.371564,-0.464572
0.372111,-0.464792
0.372658,-0.465012
0.373205,-0.465232
0.373751,-0.465452
0.374298,-0.465672
0.374845,-0.465892
0.375392,-0.466112
0.375939,-0.466332
0.376486,-0.466552
0.377033,-0.466772
0.37758,-0.466992
0.378127,-0.467212
0.378673,-0.467432
0.37922,-0.467652
0.379767,-0.467872
0.380314,-0.468092
0.380861,-0.468311
0.381408,-0.468531
0.381955,-0.468751
0.382502,-0.468971
0.383048,-0.469191
0.383595,-0.469411
0.384142,-0.469631
0.384689,-0.469851
0.385236,-0.470071
0.385783,-0.470291
0.38633,-0.470511
0.386877,-0.470731
0.387424,-0.470951
0.38797,-0.471171
0.388517,-0.471391
0.389064,-0.471611
0.389611,-0.471831
0.390158,-0.472051
0.390705,-0.472271
0.391252,-0.472491
0.391799,-0.472711
0.392345,-0.472931
0.392892,-0.47315
0.393439,-0.47337
0.393986,-0.47359
0.394533,-0.47381
0.39508,-0.47403
0.395627,-0.47425
0.396174,-0.47447
0.396721,-0.47469
0.397267,-0.47491
0.397814,-0.47513
0.398361,-0.47535
0.398908,-0.47557
0.399455,-0.47579
0.400002,-0.47601
0.400549,-0.47623
0.401096,-0.47645
0.401642,-0.47667
0.402189,-0.47689
0.402736,-0.47711
0.403283,-0.47733
0.40383,-0.47755
0.404377,-0.47777
0.404924,-0.477989
0.405471,-0.478209
0.406018,-0.478429
0.406564,-0.478649
0.407111,-0.478869
0.407658,-0.479089
0.408205,-0.479309
0.408752,-0.479529
0.409299,-0.479749
0.409846,-0.479969
0.410393,-0.480189
0.410939,-0.480409
0.411486,-0.480629
0.412033,-0.480849
0.41258,-0.481069
0.413127,-0.481289
0.413674,-0.481509
0.414221,-0.481729
0.414768,-0.481949
0.415315,-0.482169
0.415861,-0.482389
0.416408,-0.482609
0.416955,-0.482829
0.417502,-0.483048
0.418049,-0.483268
0.418596,-0.483488
0.419143,-0.483708
0.41969,-0.483928
0.420236,-0.484148
0.420783,-0.484368
0.42133,-0.484588
0.421877,-0.484808
0.421679,-0.485445
0.421482,-0.486083
0.421284,-0.48672
0.421086,-0.487357
0.420888,-0.487994
0.420691,-0.488632
0.420493,-0.489269
0.420295,-0.489906
0.420097,-0.490543
0.4199,-0.491181
0.419702,-0.491818
0.419504,-0.492455
0.419306,-0.493092
0.419108,-0.49373
0.418911,-0.494367
0.418713,-0.495004
0.418515,-0.495641
0.418317,-0.496279
0.41812,-0.496916
0.417922,-0.497553
0.417724,-0.49819
0.417526,-0.498828
0.417329,-0.499465
0.417131,-0.500102
0.416933,-0.500739
0.416735,-0.501377
0.416538,-0.502014
0.41634,-0.502651
0.416142,-0.503288
0.415944,-0.503926
0.415747,-0.504563
0.415549,-0.5052
0.415351,-0.505837
0.415153,-0.506475
0.414955,-0.507112
0.414758,-0.507749
0.41456,-0.508386
0.414362,-0.509024
0.414164,-0.509661
0.413967,-0.510298
0.413769,-0.510935
0.413571,-0.511573
0.413373,-0.51221
0.413176,-0.512847
0.412978,-0.513484
0.41278,-0.514122
0.412582,-0.514759
0.412385,-0.515396
0.412187,-0.516033
0.411989,-0.516671
0.411791,-0.517308
0.411593,-0.517945
0.411396,-0.518582
0.411198,-0.51922
0.411,-0.519857
0.410802,-0.520494
0.410605,-0.521131
0.410407,-0.521769
0.410209,-0.522406
0.410011,-0.523043
0.409814,-0.52368
0.409616,-0.524318
0.409418,-0.524955
0.40922,-0.525592
0.409023,-0.526229
0.408825,-0.526867
0.408627,-0.527504
0.408429,-0.528141
0.408232,-0.528778
0.408034,-0.529416
0.407836,-0.530053
0.407638,-0.53069
0.40744,-0.531327
0.407243,-0.531964
0.407045,-0.532602
0.406847,-0.533239
0.406649,-0.533876
0.406452,-0.534513
0.406254,-0.535151
0.406056,-0.535788
0.405858,-0.536425
0.405661,-0.537062
0.405463,-0.5377
0.405265,-0.538337
0.405067,-0.538974
0.40487,-0.539611
0.404672,-0.540249
0.404474,-0.540886
0.404276,-0.541523
0.404079,-0.54216
0.403881,-0.542798
0.403683,-0.543435
0.403485,-0.544072
0.403287,-0.544709
0.40309,-0.545347
0.402892,-0.545984
0.402694,-0.546621
0.402496,-0.547258
0.402299,-0.547896
0.402101,-0.548533
0.401903,-0.54917
0.401705,-0.549807
0.401508,-0.550445
0.40131,-0.551082
0.401112,-0.551719
0.400914,-0.552356
0.400717,-0.552994
0.400519,-0.553631
0.400321,-0.554268
0.400123,-0.554905
0.399925,-0.555543
0.399728,-0.55618
0.39953,-0.556817
0.399332,-0.557454
0.399134,-0.558092
0.398937,-0.558729
0.398739,-0.559366
0.398541,-0.560003
0.398343,-0.560641
0.398146,-0.561278
0.397948,-0.561915
0.39775,-0.562552
0.397552,-0.56319
0.397355,-0.563827
0.397157,-0.564464
0.396959,-0.565101
0.396761,-0.565739
0.396564,-0.566376
0.396366,-0.567013
0.396168,-0.56765
0.39597,-0.568288
0.395772,-0.568925
0.395575,-0.569562
0.395377,-0.570199
0.395179,-0.570837
0.394981,-0.571474
0.394784,-0.572111
0.394586,-0.572748
0.394388,-0.573386
0.39419,-0.574023
0.393993,-0.57466
0.393795,-0.575297
0.393597,-0.575935
0.393399,-0.576572
0.393202,-0.577209
0.393004,-0.577846
0.392806,-0.578484
0.392608,-0.579121
0.392411,-0.579758
0.392213,-0.580395
0.393097,-0.579019
0.393982,-0.577642
0.394867,-0.576265
0.395751,-0.574889
0.396636,-0.573512
0.39752,-0.572135
0.398405,-0.570758
0.39929,-0.569382
0.400174,-0.568005
0.401059,-0.566628
0.401944,-0.565252
0.402828,-0.563875
0.403713,-0.562498
0.404597,-0.561122
0.405482,-0.559745
0.406367,-0.558368
0.407251,-0.556991
0.408136,-0.555615
0.40902,-0.554238
0.409905,-0.552861
0.41079,-0.551485
0.411674,-0.550108
0.412559,-0.548731
0.413444,-0.547354
0.414328,-0.545978
0.415213,-0.544601
0.416097,-0.543224
0.416982,-0.541848
0.417867,-0.540471
0.418751,-0.539094
0.419636,-0.537718
0.42052,-0.536341
0.421405,-0.534964
0.42229,-0.533587
0.423174,-0.532211
0.424059,-0.530834
0.424944,-0.529457
0.425828,-0.528081
0.426713,-0.526704
0.427597,-0.525327
0.428482,-0.52395
0.429367,-0.522574
0.430251,-0.521197
0.431136,-0.51982
0.432021,-0.518444
0.432905,-0.517067
0.43379,-0.51569
0.434674,-0.514314
0.435559,-0.512937
0.436444,-0.51156
0.437328,-0.510183
0.438213,-0.508807
0.439097,-0.50743
0.439982,-0.506053
0.440867,-0.504677
0.441751,-0.5033
0.442636,-0.501923
0.443521,-0.500546
0.444405,-0.49917
0.44529,-0.497793
0.446174,-0.496416
0.447059,-0.49504
0.447944,-0.493663
0.448828,-0.492286
0.449713,-0.49091
0.450597,-0.489533
0.451482,-0.488156
0.452367,-0.486779
0.453251,-0.485403
0.454136,-0.484026
0.455021,-0.482649
0.455905,-0.481273
0.45679,-0.479896
0.457674,-0.478519
0.458559,-0.477142
0.459444,-0.475766
0.460328,-0.474389
0.461213,-0.473012
0.462097,-0.471636
0.462982,-0.470259
0.463867,-0.468882
0.464751,-0.467506
0.465636,-0.466129
0.466521,-0.464752
0.467405,-0.463375
0.46829,-0.461999
0.469174,-0.460622
0.470059,-0.459245
0.470944,-0.457869
0.471828,-0.456492
0.472713,-0.455115
0.473597,-0.453738
0.474482,-0.452362
0.475367,-0.450985
0.476251,-0.449608
0.477136,-0.448232
0.478021,-0.446855
0.478905,-0.445478
0.47979,-0.444102
0.480674,-0.442725
0.481559,-0.441348
0.482444,-0.439971
0.483328,-0.438595
0.484213,-0.437218
0.485097,-0.435841
0.485982,-0.434465
0.486867,-0.433088
0.487751,-0.431711
0.488636,-0.430335
0.489521,-0.428958
0.490405,-0.427581
0.49129,-0.426204
0.492174,-0.424828
0.493059,-0.423451
0.493944,-0.422074
0.494828,-0.420698
0.495713,-0.419321
0.496598,-0.417944
0.497482,-0.416567
0.498367,-0.415191
0.499251,-0.413814
0.500136,-0.412437
0.501021,-0.411061
0.501905,-0.409684
0.50279,-0.408307
0.503674,-0.406931
0.504559,-0.405554
0.505444,-0.404177
0.506328,-0.4028
0.507213,-0.401424
0.508098,-0.400047
0.508982,-0.39867
0.509867,-0.397294
0.510751,-0.395917
0.511636,-0.39454
0.512521,-0.393163
0.513405,-0.391787
0.51429,-0.39041
0.515174,-0.389033
0.516059,-0.387657
0.516944,-0.38628
0.517828,-0.384903
0.518713,-0.383527
0.519598,-0.38215
0.520482,-0.380773
0.521367,-0.379396
0.522251,-0.37802
0.523136,-0.376643
0.524021,-0.375266
