O
25
1,0,-1,0.78,-0.5,0.75,0.0,0.0,0.0,0.3,0.4,0.02,0,0.8,False
2,0,-1,1.1,-0.5,0.93,0.0,0.0,0.0,0.02,0.4,0.2,0,0.8,False
3,0,-1,0.78,-0.5,1.11,0.0,0.0,0.0,0.3,0.4,0.02,0,0.8,False
4,0,-1,0.8,-0.92,0.93,0.0,0.0,0.0,0.32,0.02,0.2,0,0.8,False
5,0,-1,0.8,-0.08,0.93,0.0,0.0,0.0,0.32,0.02,0.2,0,0.8,False
6,2,0,0.6365934015603358,-0.21381246059986725,0.8472040443231891,0.0,0.0,0.02278482182810926,0.06653010636711466,0.06653010636711466,0.15440808864637798,0.09568246971059624,1.0317541026329906,False
7,0,0,0.9465208138149728,-0.5021026359636118,0.8745522041649201,0.0,0.0,1.5788464112407885,0.03,0.03,0.10455220416492006,0.08667834109811695,0.8568796692267865,False
8,2,0,0.657422421963491,-0.8099992244660281,0.8450000000000001,0.0,0.0,1.8347470401950996,0.03,0.03,0.15,0.13373359188318962,0.8082469370024115,False
9,0,0,0.7983523984794023,-0.7500731078731938,0.86,0.0,0.0,6.234241201229493,0.03,0.04565164408860948,0.09,0.08112572673659585,1.011160603758624,False
10,2,0,0.7940121211442174,-0.24276901592401978,0.8450000000000001,0.0,0.0,4.4658422447187665,0.03,0.03,0.15,0.242972716697471,0.8092496895678124,False
11,0,1,0.878724168508923,-0.3345548407215063,0.86,0.0,0.0,3.149788280769123,0.03,0.03170263392219694,0.09,0.48197944100521056,0.8525655602372376,True
12,2,1,0.5935455665242826,-0.4432043743747912,0.8450000000000001,0.0,0.0,5.381837160568495,0.03,0.03,0.15,0.3750788338003366,1.110385609425806,True
13,2,1,0.5297478991656481,-0.7584652826780143,0.8619736808342015,0.0,0.0,0.6933502941483422,0.03,0.03,0.18394736166840286,0.2045285782119904,0.8919618697101107,True
14,0,1,0.8999817829651444,-0.6907358824552857,0.86,0.0,0.0,3.2445610083549474,0.03,0.05194533708340617,0.09,0.48212988315419675,1.1398368292266454,True
15,0,1,0.5268950462762798,-0.6620989706448606,0.86,0.0,0.0,2.4949013532217967,0.03,0.03,0.09,0.20990665539773273,0.903493062493361,True
16,0,1,0.8132607056053142,-0.5335784875319606,0.9214340917241605,0.0,0.0,2.8725241901718044,0.06657941783848263,0.06437786825110309,0.15143409172416045,0.13843757664629425,0.960795019891227,True
17,0,1,0.9044550543009457,-0.19243715386414262,0.86,0.0,0.0,3.66500999244466,0.03,0.07210289104546924,0.09,0.1056566908540455,0.8531593661594786,True
18,2,1,0.654007325445299,-0.6627000832710701,0.8450000000000001,0.0,0.0,6.197816986116028,0.05685430271170164,0.05685430271170164,0.15,0.0883354374745865,0.8458186289538455,True
19,2,1,1.0044085031464616,-0.685577058230059,0.8471415273394118,0.0,0.0,0.6825446854600253,0.03,0.03,0.15428305467882375,0.3019900472768704,1.110175344408849,True
20,0,1,0.7130735750767427,-0.3862330219915805,0.86,0.0,0.0,4.813501121580016,0.04179806818646586,0.05904356789726744,0.09,0.2641439013426587,0.8758241800977675,True
21,2,1,0.595120918000492,-0.3535572180213048,0.8450000000000001,0.0,0.0,4.925191988720967,0.03,0.03,0.15,0.01965553277393567,0.9768148735009772,True
22,2,1,0.5398644814456924,-0.5346800766854758,0.8557110099237225,0.0,0.0,6.232663450665587,0.03,0.03,0.171422019847445,0.33813638194630935,1.1920042118355543,True
23,2,1,1.015382894543317,-0.16364570173061266,0.8450000000000001,0.0,0.0,2.96290998758696,0.031755661330057354,0.031755661330057354,0.15,0.42994131617941567,0.8409518017085469,True
24,2,1,1.0074072807680108,-0.8035389669509352,0.8450000000000001,0.0,0.0,3.3848882319039304,0.037950126094380233,0.037950126094380233,0.15,0.028816636611961766,1.0436427135034358,True
25,0,1,0.510212444386663,-0.1734461573898477,0.86,0.0,0.0,0.48211472847912296,0.03,0.03,0.09,0.19264653135847093,1.1758167633541323,True
R
0.0,0.0,0.0,0.0,0.0,0.0,1.0
S
8
torso_lift_joint,0
r_shoulder_pan_joint,-1.69017
r_shoulder_lift_joint,-0.0788625
r_upper_arm_roll_joint,-1.69017
r_elbow_flex_joint,-1.2717
r_forearm_roll_joint,-0.151824
r_wrist_flex_joint,-1.25254
r_wrist_roll_joint,0.675062
G
0.584232,-0.793625,0.845,2.9215,-3.14159,3.14159
ooi
8
A
599
0.310248,-0.673113
0.310371,-0.673369
0.310493,-0.673624
0.310616,-0.67388
0.310739,-0.674136
0.310861,-0.674391
0.310984,-0.674647
0.311106,-0.674903
0.311229,-0.675158
0.311352,-0.675414
0.311474,-0.67567
0.311597,-0.675925
0.311719,-0.676181
0.311842,-0.676437
0.311965,-0.676692
0.312087,-0.676948
0.31221,-0.677204
0.312333,-0.677459
0.312455,-0.677715
0.312578,-0.677971
0.3127,-0.678226
0.312823,-0.678482
0.312946,-0.678738
0.313068,-0.678993
0.313191,-0.679249
0.313313,-0.679505
0.313436,-0.67976
0.313559,-0.680016
0.313681,-0.680272
0.313804,-0.680527
0.313926,-0.680783
0.314049,-0.681039
0.314172,-0.681294
0.314294,-0.68155
0.314417,-0.681806
0.314539,-0.682061
0.314662,-0.682317
0.314785,-0.682573
0.314907,-0.682828
0.31503,-0.683084
0.315153,-0.68334
0.315275,-0.683595
0.315398,-0.683851
0.31552,-0.684107
0.315643,-0.684362
0.315766,-0.684618
0.315888,-0.684874
0.316011,-0.685129
0.316133,-0.685385
0.316256,-0.685641
0.316379,-0.685896
0.316501,-0.686152
0.316624,-0.686408
0.316746,-0.686663
0.316869,-0.686919
0.316992,-0.687175
0.317114,-0.68743
0.317237,-0.687686
0.317359,-0.687942
0.317482,-0.688197
0.317605,-0.688453
0.317727,-0.688708
0.31785,-0.688964
0.317973,-0.68922
0.318095,-0.689475
0.318218,-0.689731
0.31834,-0.689987
0.318463,-0.690242
0.318586,-0.690498
0.318708,-0.690754
0.318831,-0.691009
0.318953,-0.691265
0.319076,-0.691521
0.319199,-0.691776
0.319321,-0.692032
0.319444,-0.692288
0.319566,-0.692543
0.319689,-0.692799
0.319812,-0.693055
0.319934,-0.69331
0.320057,-0.693566
0.32018,-0.693822
0.320302,-0.694077
0.320425,-0.694333
0.320547,-0.694589
0.32067,-0.694844
0.320793,-0.6951
0.320915,-0.695356
0.321038,-0.695611
0.32116,-0.695867
0.321283,-0.696123
0.321406,-0.696378
0.321528,-0.696634
0.321651,-0.69689
0.321773,-0.697145
0.321896,-0.697401
0.322019,-0.697657
0.322141,-0.697912
0.322264,-0.698168
0.322386,-0.698424
0.322509,-0.698679
0.322632,-0.698935
0.322754,-0.699191
0.322877,-0.699446
0.323,-0.699702
0.323122,-0.699958
0.323245,-0.700213
0.323367,-0.700469
0.32349,-0.700725
0.323613,-0.70098
0.323735,-0.701236
0.323858,-0.701492
0.32398,-0.701747
0.324103,-0.702003
0.324226,-0.702259
0.324348,-0.702514
0.324471,-0.70277
0.324593,-0.703026
0.324716,-0.703281
0.324839,-0.703537
0.324961,-0.703793
0.325084,-0.704048
0.325206,-0.704304
0.325329,-0.70456
0.325452,-0.704815
0.325574,-0.705071
0.325697,-0.705327
0.32582,-0.705582
0.325942,-0.705838
0.326065,-0.706094
0.326187,-0.706349
0.32631,-0.706605
0.326433,-0.706861
0.326555,-0.707116
0.326678,-0.707372
0.3268,-0.707628
0.326923,-0.707883
0.327046,-0.708139
0.327168,-0.708395
0.327291,-0.70865
0.327413,-0.708906
0.327536,-0.709161
0.327659,-0.709417
0.327781,-0.709673
0.327904,-0.709928
0.328026,-0.710184
0.328149,-0.71044
0.328272,-0.710695
0.328394,-0.710951
0.328517,-0.711207
0.32864,-0.711462
0.32884,-0.711354
0.32904,-0.711246
0.32924,-0.711138
0.32944,-0.71103
0.32964,-0.710921
0.32984,-0.710813
0.33004,-0.710705
0.33024,-0.710597
0.330441,-0.710489
0.330641,-0.71038
0.330841,-0.710272
0.331041,-0.710164
0.331241,-0.710056
0.331441,-0.709948
0.331641,-0.709839
0.331841,-0.709731
0.332041,-0.709623
0.332242,-0.709515
0.332442,-0.709407
0.332642,-0.709298
0.332842,-0.70919
0.333042,-0.709082
0.333242,-0.708974
0.333442,-0.708866
0.333642,-0.708757
0.333842,-0.708649
0.334043,-0.708541
0.334243,-0.708433
0.334443,-0.708325
0.334643,-0.708216
0.334843,-0.708108
0.335043,-0.708
0.335243,-0.707892
0.335443,-0.707784
0.335643,-0.707675
0.335843,-0.707567
0.336044,-0.707459
0.336244,-0.707351
0.336444,-0.707243
0.336644,-0.707134
0.336844,-0.707026
0.337044,-0.706918
0.337244,-0.70681
0.337444,-0.706702
0.337644,-0.706593
0.337845,-0.706485
0.338045,-0.706377
0.338245,-0.706269
0.338445,-0.706161
0.338645,-0.706052
0.338845,-0.705944
0.339045,-0.705836
0.339245,-0.705728
0.339445,-0.70562
0.339646,-0.705511
0.339846,-0.705403
0.340046,-0.705295
0.340246,-0.705187
0.340446,-0.705079
0.340646,-0.70497
0.340846,-0.704862
0.341046,-0.704754
0.341246,-0.704646
0.341447,-0.704538
0.341647,-0.704429
0.341847,-0.704321
0.342047,-0.704213
0.342247,-0.704105
0.342447,-0.703997
0.342647,-0.703888
0.342847,-0.70378
0.343047,-0.703672
0.343248,-0.703564
0.343448,-0.703456
0.343648,-0.703347
0.343848,-0.703239
0.344048,-0.703131
0.344248,-0.703023
0.344448,-0.702915
0.344648,-0.702806
0.344848,-0.702698
0.345049,-0.70259
0.345249,-0.702482
0.345449,-0.702374
0.345649,-0.702265
0.345849,-0.702157
0.346049,-0.702049
0.346249,-0.701941
0.346449,-0.701833
0.346649,-0.701724
0.34685,-0.701616
0.34705,-0.701508
0.34725,-0.7014
0.34745,-0.701292
0.34765,-0.701183
0.34785,-0.701075
0.34805,-0.700967
0.34825,-0.700859
0.34845,-0.700751
0.348651,-0.700642
0.348851,-0.700534
0.349051,-0.700426
0.349251,-0.700318
0.349451,-0.70021
0.349651,-0.700101
0.349851,-0.699993
0.350051,-0.699885
0.350251,-0.699777
0.350452,-0.699669
0.350652,-0.69956
0.350852,-0.699452
0.351052,-0.699344
0.351252,-0.699236
0.351452,-0.699128
0.351652,-0.699019
0.351852,-0.698911
0.352052,-0.698803
0.352253,-0.698695
0.352453,-0.698587
0.352653,-0.698478
0.352853,-0.69837
0.353053,-0.698262
0.353253,-0.698154
0.353453,-0.698046
0.353653,-0.697937
0.353853,-0.697829
0.354054,-0.697721
0.354254,-0.697613
0.354454,-0.697505
0.354654,-0.697396
0.354854,-0.697288
0.355054,-0.69718
0.355254,-0.697072
0.355454,-0.696964
0.355654,-0.696855
0.355855,-0.696747
0.356055,-0.696639
0.356255,-0.696531
0.356455,-0.696423
0.356655,-0.696314
0.356855,-0.696206
0.357055,-0.696098
0.357255,-0.69599
0.357455,-0.695882
0.357656,-0.695773
0.357856,-0.695665
0.358056,-0.695557
0.358256,-0.695449
0.358456,-0.695341
0.358446,-0.69545
0.358437,-0.69556
0.358428,-0.69567
0.358418,-0.69578
0.358409,-0.69589
0.358399,-0.696
0.35839,-0.696109
0.35838,-0.696219
0.358371,-0.696329
0.358361,-0.696439
0.358352,-0.696549
0.358342,-0.696659
0.358333,-0.696768
0.358324,-0.696878
0.358314,-0.696988
0.358305,-0.697098
0.358295,-0.697208
0.358286,-0.697318
0.358276,-0.697427
0.358267,-0.697537
0.358257,-0.697647
0.358248,-0.697757
0.358238,-0.697867
0.358229,-0.697977
0.358219,-0.698086
0.35821,-0.698196
0.358201,-0.698306
0.358191,-0.698416
0.358182,-0.698526
0.358172,-0.698636
0.358163,-0.698745
0.358153,-0.698855
0.358144,-0.698965
0.358134,-0.699075
0.358125,-0.699185
0.358115,-0.699295
0.358106,-0.699404
0.358096,-0.699514
0.358087,-0.699624
0.358078,-0.699734
0.358068,-0.699844
0.358059,-0.699954
0.358049,-0.700063
0.35804,-0.700173
0.35803,-0.700283
0.358021,-0.700393
0.358011,-0.700503
0.358002,-0.700613
0.357992,-0.700722
0.357983,-0.700832
0.357973,-0.700942
0.357964,-0.701052
0.357955,-0.701162
0.357945,-0.701272
0.357936,-0.701381
0.357926,-0.701491
0.357917,-0.701601
0.357907,-0.701711
0.357898,-0.701821
0.357888,-0.701931
0.357879,-0.70204
0.357869,-0.70215
0.35786,-0.70226
0.35785,-0.70237
0.357841,-0.70248
0.357832,-0.70259
0.357822,-0.702699
0.357813,-0.702809
0.357803,-0.702919
0.357794,-0.703029
0.357784,-0.703139
0.357775,-0.703249
0.357765,-0.703358
0.357756,-0.703468
0.357746,-0.703578
0.357737,-0.703688
0.357728,-0.703798
0.357718,-0.703908
0.357709,-0.704017
0.357699,-0.704127
0.35769,-0.704237
0.35768,-0.704347
0.357671,-0.704457
0.357661,-0.704567
0.357652,-0.704676
0.357642,-0.704786
0.357633,-0.704896
0.357623,-0.705006
0.357614,-0.705116
0.357605,-0.705226
0.357595,-0.705335
0.357586,-0.705445
0.357576,-0.705555
0.357567,-0.705665
0.357557,-0.705775
0.357548,-0.705885
0.357538,-0.705994
0.357529,-0.706104
0.357519,-0.706214
0.35751,-0.706324
0.3575,-0.706434
0.357491,-0.706544
0.357482,-0.706653
0.357472,-0.706763
0.357463,-0.706873
0.357453,-0.706983
0.357444,-0.707093
0.357434,-0.707203
0.357425,-0.707313
0.357415,-0.707422
0.357406,-0.707532
0.357396,-0.707642
0.357387,-0.707752
0.357377,-0.707862
0.357368,-0.707972
0.357359,-0.708081
0.357349,-0.708191
0.35734,-0.708301
0.35733,-0.708411
0.357321,-0.708521
0.357311,-0.708631
0.357302,-0.70874
0.357292,-0.70885
0.357283,-0.70896
0.357273,-0.70907
0.357264,-0.70918
0.357255,-0.70929
0.357245,-0.709399
0.357236,-0.709509
0.357226,-0.709619
0.357217,-0.709729
0.357207,-0.709839
0.357198,-0.709949
0.357188,-0.710058
0.357179,-0.710168
0.357169,-0.710278
0.35716,-0.710388
0.35715,-0.710498
0.357141,-0.710608
0.357132,-0.710717
0.357122,-0.710827
0.357113,-0.710937
0.357103,-0.711047
0.357094,-0.711157
0.357084,-0.711267
0.357075,-0.711376
0.357065,-0.711486
0.357056,-0.711596
0.357046,-0.711706
0.357037,-0.711816
0.358562,-0.712365
0.360087,-0.712914
0.361611,-0.713463
0.363136,-0.714012
0.364661,-0.714561
0.366186,-0.71511
0.367711,-0.715659
0.369235,-0.716208
0.37076,-0.716757
0.372285,-0.717306
0.37381,-0.717855
0.375334,-0.718404
0.376859,-0.718953
0.378384,-0.719502
0.379909,-0.720052
0.381434,-0.720601
0.382958,-0.72115
0.384483,-0.721699
0.386008,-0.722248
0.387533,-0.722797
0.389058,-0.723346
0.390582,-0.723895
0.392107,-0.724444
0.393632,-0.724993
0.395157,-0.725542
0.396682,-0.726091
0.398206,-0.72664
0.399731,-0.727189
0.401256,-0.727738
0.402781,-0.728287
0.404306,-0.728836
0.40583,-0.729386
0.407355,-0.729935
0.40888,-0.730484
0.410405,-0.731033
0.41193,-0.731582
0.413454,-0.732131
0.414979,-0.73268
0.416504,-0.733229
0.418029,-0.733778
0.419554,-0.734327
0.421078,-0.734876
0.422603,-0.735425
0.424128,-0.735974
0.425653,-0.736523
0.427178,-0.737072
0.428702,-0.737621
0.430227,-0.73817
0.431752,-0.738719
0.433277,-0.739269
0.434802,-0.739818
0.436326,-0.740367
0.437851,-0.740916
0.439376,-0.741465
0.440901,-0.742014
0.442426,-0.742563
0.44395,-0.743112
0.445475,-0.743661
0.447,-0.74421
0.448525,-0.744759
0.45005,-0.745308
0.451574,-0.745857
0.453099,-0.746406
0.454624,-0.746955
0.456149,-0.747504
0.457674,-0.748053
0.459198,-0.748603
0.460723,-0.749152
0.462248,-0.749701
0.463773,-0.75025
0.465297,-0.750799
0.466822,-0.751348
0.468347,-0.751897
0.469872,-0.752446
0.471397,-0.752995
0.472921,-0.753544
0.474446,-0.754093
0.475971,-0.754642
0.477496,-0.755191
0.479021,-0.75574
0.480545,-0.756289
0.48207,-0.756838
0.483595,-0.757387
0.48512,-0.757936
0.486645,-0.758486
0.488169,-0.759035
0.489694,-0.759584
0.491219,-0.760133
0.492744,-0.760682
0.494269,-0.761231
0.495793,-0.76178
0.497318,-0.762329
0.498843,-0.762878
0.500368,-0.763427
0.501893,-0.763976
0.503417,-0.764525
0.504942,-0.765074
0.506467,-0.765623
0.507992,-0.766172
0.509517,-0.766721
0.511041,-0.76727
0.512566,-0.76782
0.514091,-0.768369
0.515616,-0.768918
0.517141,-0.769467
0.518665,-0.770016
0.52019,-0.770565
0.521715,-0.771114
0.52324,-0.771663
0.524765,-0.772212
0.526289,-0.772761
0.527814,-0.77331
0.529339,-0.773859
0.530864,-0.774408
0.532389,-0.774957
0.533913,-0.775506
0.535438,-0.776055
0.536963,-0.776604
0.538488,-0.777154
0.540013,-0.777703
0.541537,-0.778252
0.543062,-0.778801
0.544587,-0.77935
0.546112,-0.779899
0.547637,-0.780448
0.549161,-0.780997
0.550686,-0.781546
0.552211,-0.782095
0.553736,-0.782644
0.55526,-0.783193
0.556785,-0.783742
0.55831,-0.784291
0.559835,-0.78484
0.56136,-0.785389
0.562884,-0.785938
0.564409,-0.786487
0.565934,-0.787037
0.567459,-0.787586
0.568984,-0.788135
0.570508,-0.788684
0.572033,-0.789233
0.573558,-0.789782
0.575083,-0.790331
0.576608,-0.79088
0.578132,-0.791429
0.579657,-0.791978
0.581182,-0.792527
0.582707,-0.793076
0.584232,-0.793625
