O
25
1,0,-1,0.78,-0.5,0.75,0.0,0.0,0.0,0.3,0.4,0.02,0,0.8,False
2,0,-1,1.1,-0.5,0.93,0.0,0.0,0.0,0.02,0.4,0.2,0,0.8,False
3,0,-1,0.78,-0.5,1.11,0.0,0.0,0.0,0.3,0.4,0.02,0,0.8,False
4,0,-1,0.8,-0.92,0.93,0.0,0.0,0.0,0.32,0.02,0.2,0,0.8,False
5,0,-1,0.8,-0.08,0.93,0.0,0.0,0.0,0.32,0.02,0.2,0,0.8,False
6,2,0,0.5811490716986658,-0.4265459691423675,0.8450000000000001,0.0,0.0,2.7407489544007393,0.03274482845042796,0.03274482845042796,0.15,0.3898221183661163,0.8624473412845973,False
7,0,0,0.5649788622574389,-0.26837524845805927,0.86,0.0,0.0,1.510441516133928,0.06558481491346585,0.05012263817612159,0.09,0.22620571393456457,0.9329980764409908,False
8,2,0,0.7615251849244303,-0.5021507417868054,0.8450000000000001,0.0,0.0,5.213842690707973,0.061548591302722694,0.061548591302722694,0.15,0.2481610158061261,1.0115158387681036,False
9,2,0,0.6780078990924219,-0.7006454031800817,0.8450000000000001,0.0,0.0,5.049910412830855,0.03951258257371139,0.03951258257371139,0.15,0.08970030487858455,0.9199807918150471,False
10,0,0,0.7902132151668853,-0.8379927096566437,0.8868226001197935,0.0,0.0,3.00325732103549,0.058553990304394336,0.03,0.1168226001197935,0.1610788799614482,1.0228103738126992,False
11,0,1,0.9253192133595387,-0.445240707919135,0.911764115824558,0.0,0.0,2.5854101462252363,0.039694599135123756,0.055614928056634344,0.14176411582455795,0.12286962566346687,1.1625836774704827,True
12,2,1,0.7972369366788349,-0.20290626697234837,0.8450000000000001,0.0,0.0,0.8017197225588967,0.03,0.03,0.15,0.4383854347836616,0.9680297748287361,True
13,2,1,0.801154133661891,-0.32495608102149176,0.8450000000000001,0.0,0.0,2.2045685590799575,0.031498820847337794,0.031498820847337794,0.15,0.3064342908221613,0.8536751505181523,True
14,2,1,0.684352220744477,-0.20286108624683663,0.8450000000000001,0.0,0.0,4.813956754322929,0.03,0.03,0.15,0.057157182288033404,1.1290139400473929,True
15,2,1,0.512820795811212,-0.7860693622201259,0.8450000000000001,0.0,0.0,2.603562340293609,0.03,0.03,0.15,0.4540382932585697,1.152774054292969,True
16,2,1,0.5666064968111459,-0.5677328971252906,0.8450000000000001,0.0,0.0,2.7511856464370625,0.05490027069938753,0.05490027069938753,0.15,0.49654000911280466,0.9768502724418192,True
17,2,1,0.9172148872871118,-0.6035292892416064,0.8450000000000001,0.0,0.0,4.47628226029471,0.03,0.03,0.15,0.11624926075821734,0.814637964640376,True
18,0,1,0.992713539389573,-0.16342652676564262,0.86,0.0,0.0,5.234096096300687,0.03,0.05206493313193982,0.09,0.18235062517592504,1.1825339799616335,True
19,0,1,0.956970361666995,-0.781527964366568,0.86,0.0,0.0,3.68157095987463,0.037674817076978645,0.03,0.09,0.4308453286635773,1.1172847687797018,True
20,2,1,1.0291897936709353,-0.2983495244096124,0.8526408122596015,0.0,0.0,0.06740595108885927,0.03,0.03,0.16528162451920297,0.15196918970358564,0.8643680902142659,True
21,0,1,0.9888404421328834,-0.6898443980178522,0.86,0.0,0.0,3.0320350757735164,0.03,0.03,0.09,0.10877510918504235,1.0072426479483951,True
22,2,1,0.8024028156670926,-0.7410335458007761,0.8450000000000001,0.0,0.0,3.691316171694117,0.03,0.03,0.15,0.46328135410584564,0.993066567969074,True
23,0,1,0.69187280949299,-0.3581538266671831,0.86,0.0,0.0,2.233553855691949,0.03,0.036277894759368434,0.09,0.13514941890373172,1.0641722823737725,True
24,0,1,0.6327271217312747,-0.8123810052395914,0.86,0.0,0.0,4.365853576597077,0.03,0.03800374793470239,0.09,0.05847107015177688,1.0199892843253409,True
25,0,1,0.9395322251637477,-0.3007191621530103,0.8773809713063527,0.0,0.0,5.11146220294632,0.03,0.03,0.10738097130635267,0.361987474617083,1.0173899225904621,True
R
0.0,0.0,0.0,0.0,0.0,0.0,1.0
S
8
torso_lift_joint,0
r_shoulder_pan_joint,-1.69017
r_shoulder_lift_joint,-0.0788625
r_upper_arm_roll_joint,-1.69017
r_elbow_flex_joint,-1.2717
r_forearm_roll_joint,-0.151824
r_wrist_flex_joint,-1.25254
r_wrist_roll_joint,0.675062
G
0.504811,-0.441268,0.845,0.190517,-0,0
ooi
6
A
599
0.310248,-0.673113
0.310684,-0.67404
0.311119,-0.674966
0.311555,-0.675892
0.31199,-0.676819
0.312426,-0.677745
0.312861,-0.678672
0.313297,-0.679598
0.313732,-0.680525
0.314168,-0.681451
0.314603,-0.682377
0.315039,-0.683304
0.315474,-0.68423
0.31591,-0.685157
0.316345,-0.686083
0.316781,-0.68701
0.317217,-0.687936
0.317652,-0.688863
0.318088,-0.689789
0.318523,-0.690715
0.318959,-0.691642
0.319394,-0.692568
0.31983,-0.693495
0.320265,-0.694421
0.320701,-0.695348
0.321136,-0.696274
0.321572,-0.697201
0.322007,-0.698127
0.322443,-0.699053
0.322878,-0.69998
0.323314,-0.700906
0.323749,-0.701833
0.324185,-0.702759
0.32462,-0.703686
0.325056,-0.704612
0.325491,-0.705538
0.325927,-0.706465
0.326362,-0.707391
0.326798,-0.708318
0.327234,-0.709244
0.327669,-0.710171
0.328105,-0.711097
0.32854,-0.712024
0.328976,-0.71295
0.329411,-0.713876
0.329847,-0.714803
0.330282,-0.715729
0.330718,-0.716656
0.331153,-0.717582
0.331589,-0.718509
0.332024,-0.719435
0.33246,-0.720362
0.332895,-0.721288
0.333331,-0.722214
0.333766,-0.723141
0.334202,-0.724067
0.334637,-0.724994
0.335073,-0.72592
0.335508,-0.726847
0.335944,-0.727773
0.336379,-0.7287
0.336815,-0.729626
0.337251,-0.730552
0.337686,-0.731479
0.338122,-0.732405
0.338557,-0.733332
0.338993,-0.734258
0.339428,-0.735185
0.339864,-0.736111
0.340299,-0.737037
0.340735,-0.737964
0.34117,-0.73889
0.341606,-0.739817
0.342041,-0.740743
0.342477,-0.74167
0.342912,-0.742596
0.343348,-0.743523
0.343783,-0.744449
0.344219,-0.745375
0.344654,-0.746302
0.34509,-0.747228
0.345525,-0.748155
0.345961,-0.749081
0.346396,-0.750008
0.346832,-0.750934
0.347268,-0.751861
0.347703,-0.752787
0.348139,-0.753713
0.348574,-0.75464
0.34901,-0.755566
0.349445,-0.756493
0.349881,-0.757419
0.350316,-0.758346
0.350752,-0.759272
0.351187,-0.760198
0.351623,-0.761125
0.352058,-0.762051
0.352494,-0.762978
0.352929,-0.763904
0.353365,-0.764831
0.3538,-0.765757
0.354236,-0.766684
0.354671,-0.76761
0.355107,-0.768536
0.355542,-0.769463
0.355978,-0.770389
0.356413,-0.771316
0.356849,-0.772242
0.357285,-0.773169
0.35772,-0.774095
0.358156,-0.775022
0.358591,-0.775948
0.359027,-0.776874
0.359462,-0.777801
0.359898,-0.778727
0.360333,-0.779654
0.360769,-0.78058
0.361204,-0.781507
0.36164,-0.782433
0.362075,-0.783359
0.362511,-0.784286
0.362946,-0.785212
0.363382,-0.786139
0.363817,-0.787065
0.364253,-0.787992
0.364688,-0.788918
0.365124,-0.789845
0.365559,-0.790771
0.365995,-0.791697
0.36643,-0.792624
0.366866,-0.79355
0.367302,-0.794477
0.367737,-0.795403
0.368173,-0.79633
0.368608,-0.797256
0.369044,-0.798183
0.369479,-0.799109
0.369915,-0.800035
0.37035,-0.800962
0.370786,-0.801888
0.371221,-0.802815
0.371657,-0.803741
0.372092,-0.804668
0.372528,-0.805594
0.372963,-0.806521
0.373399,-0.807447
0.373834,-0.808373
0.37427,-0.8093
0.374705,-0.810226
0.375141,-0.811153
0.375576,-0.812079
0.376716,-0.8111
0.377855,-0.81012
0.378995,-0.809141
0.380134,-0.808161
0.381273,-0.807182
0.382413,-0.806202
0.383552,-0.805223
0.384692,-0.804243
0.385831,-0.803263
0.38697,-0.802284
0.38811,-0.801304
0.389249,-0.800325
0.390389,-0.799345
0.391528,-0.798366
0.392667,-0.797386
0.393807,-0.796407
0.394946,-0.795427
0.396086,-0.794448
0.397225,-0.793468
0.398364,-0.792489
0.399504,-0.791509
0.400643,-0.79053
0.401783,-0.78955
0.402922,-0.788571
0.404061,-0.787591
0.405201,-0.786612
0.40634,-0.785632
0.40748,-0.784653
0.408619,-0.783673
0.409758,-0.782694
0.410898,-0.781714
0.412037,-0.780734
0.413177,-0.779755
0.414316,-0.778775
0.415455,-0.777796
0.416595,-0.776816
0.417734,-0.775837
0.418874,-0.774857
0.420013,-0.773878
0.421152,-0.772898
0.422292,-0.771919
0.423431,-0.770939
0.424571,-0.76996
0.42571,-0.76898
0.426849,-0.768001
0.427989,-0.767021
0.429128,-0.766042
0.430268,-0.765062
0.431407,-0.764083
0.432546,-0.763103
0.433686,-0.762124
0.434825,-0.761144
0.435965,-0.760165
0.437104,-0.759185
0.438243,-0.758206
0.439383,-0.757226
0.440522,-0.756246
0.441662,-0.755267
0.442801,-0.754287
0.44394,-0.753308
0.44508,-0.752328
0.446219,-0.751349
0.447359,-0.750369
0.448498,-0.74939
0.449637,-0.74841
0.450777,-0.747431
0.451916,-0.746451
0.453056,-0.745472
0.454195,-0.744492
0.455334,-0.743513
0.456474,-0.742533
0.457613,-0.741554
0.458753,-0.740574
0.459892,-0.739595
0.461031,-0.738615
0.462171,-0.737636
0.46331,-0.736656
0.46445,-0.735677
0.465589,-0.734697
0.466728,-0.733718
0.467868,-0.732738
0.469007,-0.731758
0.470147,-0.730779
0.471286,-0.729799
0.472425,-0.72882
0.473565,-0.72784
0.474704,-0.726861
0.475844,-0.725881
0.476983,-0.724902
0.478122,-0.723922
0.479262,-0.722943
0.480401,-0.721963
0.481541,-0.720984
0.48268,-0.720004
0.483819,-0.719025
0.484959,-0.718045
0.486098,-0.717066
0.487238,-0.716086
0.488377,-0.715107
0.489516,-0.714127
0.490656,-0.713148
0.491795,-0.712168
0.492935,-0.711189
0.494074,-0.710209
0.495213,-0.709229
0.496353,-0.70825
0.497492,-0.70727
0.498632,-0.706291
0.499771,-0.705311
0.50091,-0.704332
0.50205,-0.703352
0.503189,-0.702373
0.504329,-0.701393
0.505468,-0.700414
0.506607,-0.699434
0.507747,-0.698455
0.508886,-0.697475
0.510026,-0.696496
0.511165,-0.695516
0.512304,-0.694537
0.513444,-0.693557
0.514583,-0.692578
0.515723,-0.691598
0.516862,-0.690619
0.518001,-0.689639
0.519141,-0.68866
0.52028,-0.68768
0.52142,-0.686701
0.522559,-0.685721
0.523698,-0.684741
0.524838,-0.683762
0.525977,-0.682782
0.527117,-0.681803
0.528256,-0.680823
0.529395,-0.679844
0.530535,-0.678864
0.531674,-0.677885
0.532814,-0.676905
0.533953,-0.675926
0.535092,-0.674946
0.536232,-0.673967
0.537371,-0.672987
0.538511,-0.672008
0.53965,-0.671028
0.540789,-0.670049
0.541929,-0.669069
0.543068,-0.66809
0.544208,-0.66711
0.545347,-0.666131
0.545096,-0.665599
0.544845,-0.665066
0.544594,-0.664534
0.544344,-0.664002
0.544093,-0.66347
0.543842,-0.662938
0.543591,-0.662406
0.54334,-0.661874
0.543089,-0.661342
0.542839,-0.66081
0.542588,-0.660278
0.542337,-0.659746
0.542086,-0.659214
0.541835,-0.658682
0.541584,-0.65815
0.541334,-0.657618
0.541083,-0.657086
0.540832,-0.656554
0.540581,-0.656022
0.54033,-0.65549
0.540079,-0.654957
0.539829,-0.654425
0.539578,-0.653893
0.539327,-0.653361
0.539076,-0.652829
0.538825,-0.652297
0.538574,-0.651765
0.538323,-0.651233
0.538073,-0.650701
0.537822,-0.650169
0.537571,-0.649637
0.53732,-0.649105
0.537069,-0.648573
0.536818,-0.648041
0.536568,-0.647509
0.536317,-0.646977
0.536066,-0.646445
0.535815,-0.645913
0.535564,-0.645381
0.535313,-0.644848
0.535063,-0.644316
0.534812,-0.643784
0.534561,-0.643252
0.53431,-0.64272
0.534059,-0.642188
0.533808,-0.641656
0.533557,-0.641124
0.533307,-0.640592
0.533056,-0.64006
0.532805,-0.639528
0.532554,-0.638996
0.532303,-0.638464
0.532052,-0.637932
0.531802,-0.6374
0.531551,-0.636868
0.5313,-0.636336
0.531049,-0.635804
0.530798,-0.635272
0.530547,-0.63474
0.530297,-0.634207
0.530046,-0.633675
0.529795,-0.633143
0.529544,-0.632611
0.529293,-0.632079
0.529042,-0.631547
0.528791,-0.631015
0.528541,-0.630483
0.52829,-0.629951
0.528039,-0.629419
0.527788,-0.628887
0.527537,-0.628355
0.527286,-0.627823
0.527036,-0.627291
0.526785,-0.626759
0.526534,-0.626227
0.526283,-0.625695
0.526032,-0.625163
0.525781,-0.624631
0.525531,-0.624098
0.52528,-0.623566
0.525029,-0.623034
0.524778,-0.622502
0.524527,-0.62197
0.524276,-0.621438
0.524026,-0.620906
0.523775,-0.620374
0.523524,-0.619842
0.523273,-0.61931
0.523022,-0.618778
0.522771,-0.618246
0.52252,-0.617714
0.52227,-0.617182
0.522019,-0.61665
0.521768,-0.616118
0.521517,-0.615586
0.521266,-0.615054
0.521015,-0.614522
0.520765,-0.613989
0.520514,-0.613457
0.520263,-0.612925
0.520012,-0.612393
0.519761,-0.611861
0.51951,-0.611329
0.51926,-0.610797
0.519009,-0.610265
0.518758,-0.609733
0.518507,-0.609201
0.518256,-0.608669
0.518005,-0.608137
0.517754,-0.607605
0.517504,-0.607073
0.517253,-0.606541
0.517002,-0.606009
0.516751,-0.605477
0.5165,-0.604945
0.516249,-0.604413
0.515999,-0.60388
0.515748,-0.603348
0.515497,-0.602816
0.515246,-0.602284
0.514995,-0.601752
0.514744,-0.60122
0.514494,-0.600688
0.514243,-0.600156
0.513992,-0.599624
0.513741,-0.599092
0.51349,-0.59856
0.513239,-0.598028
0.512989,-0.597496
0.512738,-0.596964
0.512487,-0.596432
0.512236,-0.5959
0.511985,-0.595368
0.511734,-0.594836
0.511483,-0.594304
0.511233,-0.593772
0.510982,-0.593239
0.510731,-0.592707
0.51048,-0.592175
0.510229,-0.591643
0.509978,-0.591111
0.509728,-0.590579
0.509477,-0.590047
0.509226,-0.589515
0.508975,-0.588983
0.508724,-0.588451
0.508473,-0.587919
0.508223,-0.587387
0.507972,-0.586855
0.507721,-0.586323
0.507701,-0.585349
0.507682,-0.584376
0.507662,-0.583402
0.507643,-0.582429
0.507623,-0.581455
0.507604,-0.580482
0.507584,-0.579508
0.507565,-0.578535
0.507545,-0.577561
0.507526,-0.576588
0.507506,-0.575614
0.507486,-0.574641
0.507467,-0.573667
0.507447,-0.572693
0.507428,-0.57172
0.507408,-0.570746
0.507389,-0.569773
0.507369,-0.568799
0.50735,-0.567826
0.50733,-0.566852
0.507311,-0.565879
0.507291,-0.564905
0.507272,-0.563932
0.507252,-0.562958
0.507233,-0.561985
0.507213,-0.561011
0.507194,-0.560038
0.507174,-0.559064
0.507154,-0.558091
0.507135,-0.557117
0.507115,-0.556144
0.507096,-0.55517
0.507076,-0.554197
0.507057,-0.553223
0.507037,-0.55225
0.507018,-0.551276
0.506998,-0.550303
0.506979,-0.549329
0.506959,-0.548355
0.50694,-0.547382
0.50692,-0.546408
0.506901,-0.545435
0.506881,-0.544461
0.506862,-0.543488
0.506842,-0.542514
0.506822,-0.541541
0.506803,-0.540567
0.506783,-0.539594
0.506764,-0.53862
0.506744,-0.537647
0.506725,-0.536673
0.506705,-0.5357
0.506686,-0.534726
0.506666,-0.533753
0.506647,-0.532779
0.506627,-0.531806
0.506608,-0.530832
0.506588,-0.529859
0.506569,-0.528885
0.506549,-0.527912
0.50653,-0.526938
0.50651,-0.525965
0.50649,-0.524991
0.506471,-0.524017
0.506451,-0.523044
0.506432,-0.52207
0.506412,-0.521097
0.506393,-0.520123
0.506373,-0.51915
0.506354,-0.518176
0.506334,-0.517203
0.506315,-0.516229
0.506295,-0.515256
0.506276,-0.514282
0.506256,-0.513309
0.506237,-0.512335
0.506217,-0.511362
0.506198,-0.510388
0.506178,-0.509415
0.506158,-0.508441
0.506139,-0.507468
0.506119,-0.506494
0.5061,-0.505521
0.50608,-0.504547
0.506061,-0.503574
0.506041,-0.5026
0.506022,-0.501626
0.506002,-0.500653
0.505983,-0.499679
0.505963,-0.498706
0.505944,-0.497732
0.505924,-0.496759
0.505905,-0.495785
0.505885,-0.494812
0.505866,-0.493838
0.505846,-0.492865
0.505826,-0.491891
0.505807,-0.490918
0.505787,-0.489944
0.505768,-0.488971
0.505748,-0.487997
0.505729,-0.487024
0.505709,-0.48605
0.50569,-0.485077
0.50567,-0.484103
0.505651,-0.48313
0.505631,-0.482156
0.505612,-0.481183
0.505592,-0.480209
0.505573,-0.479236
0.505553,-0.478262
0.505534,-0.477288
0.505514,-0.476315
0.505494,-0.475341
0.505475,-0.474368
0.505455,-0.473394
0.505436,-0.472421
0.505416,-0.471447
0.505397,-0.470474
0.505377,-0.4695
0.505358,-0.468527
0.505338,-0.467553
0.505319,-0.46658
0.505299,-0.465606
0.50528,-0.464633
0.50526,-0.463659
0.505241,-0.462686
0.505221,-0.461712
0.505202,-0.460739
0.505182,-0.459765
0.505162,-0.458792
0.505143,-0.457818
0.505123,-0.456845
0.505104,-0.455871
0.505084,-0.454898
0.505065,-0.453924
0.505045,-0.45295
0.505026,-0.451977
0.505006,-0.451003
0.504987,-0.45003
0.504967,-0.449056
0.504948,-0.448083
0.504928,-0.447109
0.504909,-0.446136
0.504889,-0.445162
0.50487,-0.444189
0.50485,-0.443215
0.50483,-0.442242
0.504811,-0.441268
