O
25
1,0,-1,0.78,-0.5,0.75,0.0,0.0,0.0,0.3,0.4,0.02,0,0.8,False
2,0,-1,1.1,-0.5,0.93,0.0,0.0,0.0,0.02,0.4,0.2,0,0.8,False
3,0,-1,0.78,-0.5,1.11,0.0,0.0,0.0,0.3,0.4,0.02,0,0.8,False
4,0,-1,0.8,-0.92,0.93,0.0,0.0,0.0,0.32,0.02,0.2,0,0.8,False
5,0,-1,0.8,-0.08,0.93,0.0,0.0,0.0,0.32,0.02,0.2,0,0.8,False
6,0,0,0.7242149244328588,-0.2179572369377133,0.9058635391595737,0.0,0.0,4.456405702233863,0.06147800509032313,0.05242077858530695,0.13586353915957378,0.4847089449614716,1.0630009265603513,False
7,2,0,0.6065749408015568,-0.5393645530141367,0.8450000000000001,0.0,0.0,0.12648435187263926,0.038927088946899134,0.038927088946899134,0.15,0.3698027053974853,1.102565711672076,False
8,2,0,0.9130310109782935,-0.6295033105288222,0.8450000000000001,0.0,0.0,0.5449303718243416,0.05928329243623737,0.05928329243623737,0.15,0.3141617911354973,1.1999853195761845,False
9,0,0,0.9128465859998256,-0.22767295914784358,0.86,0.0,0.0,1.4048769186188672,0.03,0.056759974965716074,0.09,0.28212213312268053,0.8298826023136456,False
10,0,0,0.6394143949072458,-0.3557372749333553,0.86,0.0,0.0,3.085374864144771,0.03787940185774765,0.03,0.09,0.39658936309451753,0.9909780530489564,False
11,0,1,0.5430112179982742,-0.21397495237595998,0.8960150387265846,0.0,0.0,1.6575810200201293,0.03,0.03,0.12601503872658462,0.207265062741532,1.1391181129077554,True
12,0,1,0.779338509906375,-0.3436457575056505,0.86,0.0,0.0,0.011946803374223694,0.03680201949571413,0.03,0.09,0.3313493744147338,0.8731292177511508,True
13,0,1,0.901232654458729,-0.4607908196111691,0.86,0.0,0.0,1.814732007493268,0.03,0.03372812538427858,0.09,0.12573974550606837,0.9742274678502929,True
14,0,1,0.7406935768257428,-0.7436878282699707,0.86,0.0,0.0,2.9266835379510616,0.05339221893317457,0.07796192360313221,0.09,0.05968064597318812,1.0383668327052573,True
15,2,1,0.523510799614061,-0.6472896667677528,0.8490459929012942,0.0,0.0,5.687384161297429,0.03175383100734485,0.03175383100734485,0.1580919858025883,0.04562734525478779,1.099609062167091,True
16,2,1,0.6127078092359748,-0.8367963050422341,0.8475353629148701,0.0,0.0,3.9766114739394185,0.03,0.03,0.15507072582974027,0.46664351762996303,0.8103382803717245,True
17,2,1,1.013972518248868,-0.38026624576605733,0.8482560452922856,0.0,0.0,4.737635594516687,0.03,0.03,0.15651209058457127,0.23249085724684898,0.8119869475738323,True
18,0,1,0.7227442223396489,-0.4813905897734581,0.8846559546052785,0.0,0.0,6.124397085593626,0.03840605869997136,0.046131098115811654,0.1146559546052784,0.1828596447378502,1.0558004946512924,True
19,0,1,0.9313615177620529,-0.818494503363673,0.86,0.0,0.0,2.3907053748422658,0.03,0.05478606007947672,0.09,0.4713359076165773,1.1560195441203427,True
20,2,1,1.0326016910795346,-0.17823203628009765,0.8450000000000001,0.0,0.0,4.652748201280076,0.03,0.03,0.15,0.33107903996214344,0.9022306951147608,True
21,2,1,0.6205053381249281,-0.6479753110884673,0.8450000000000001,0.0,0.0,0.3233520927690683,0.03,0.03,0.15,0.10801383122920505,1.1155904888110528,True
22,0,1,0.5189995871959328,-0.81738622232887,0.86,0.0,0.0,0.00479668524390309,0.03,0.04390351166003958,0.09,0.32503900784638823,1.1830090744002417,True
23,0,1,0.7639660232049794,-0.5969912063590397,0.86,0.0,0.0,4.990157258633575,0.03,0.03,0.09,0.21869224229304768,1.0071778007360803,True
24,2,1,0.8686167779321058,-0.3524876551077142,0.8450000000000001,0.0,0.0,1.0774474107705347,0.03,0.03,0.15,0.14312317461629942,1.1937067300221709,True
25,0,1,0.516990070007362,-0.3859038919584759,0.9198307890968559,0.0,0.0,3.539483935610671,0.03,0.03,0.14983078909685585,0.49048464951133874,0.9420515888085352,True
R
0.0,0.0,0.0,0.0,0.0,0.0,1.0
S
8
torso_lift_joint,0
r_shoulder_pan_joint,-1.69017
r_shoulder_lift_joint,-0.0788625
r_upper_arm_roll_joint,-1.69017
r_elbow_flex_joint,-1.2717
r_forearm_roll_joint,-0.151824
r_wrist_flex_joint,-1.25254
r_wrist_roll_joint,0.675062
G
0.53895,-0.48966,0.845,2.50776,-3.14159,3.14159
ooi
7
A
599
0.310248,-0.673113
0.310821,-0.673831
0.311393,-0.674549
0.311966,-0.675268
0.312538,-0.675986
0.31311,-0.676704
0.313683,-0.677422
0.314255,-0.67814
0.314828,-0.678859
0.3154,-0.679577
0.315973,-0.680295
0.316545,-0.681013
0.317118,-0.681731
0.31769,-0.682449
0.318263,-0.683168
0.318835,-0.683886
0.319407,-0.684604
0.31998,-0.685322
0.320552,-0.68604
0.321125,-0.686759
0.321697,-0.687477
0.32227,-0.688195
0.322842,-0.688913
0.323415,-0.689631
0.323987,-0.69035
0.32456,-0.691068
0.325132,-0.691786
0.325704,-0.692504
0.326277,-0.693222
0.326849,-0.69394
0.327422,-0.694659
0.327994,-0.695377
0.328567,-0.696095
0.329139,-0.696813
0.329712,-0.697531
0.330284,-0.69825
0.330857,-0.698968
0.331429,-0.699686
0.332001,-0.700404
0.332574,-0.701122
0.333146,-0.70184
0.333719,-0.702559
0.334291,-0.703277
0.334864,-0.703995
0.335436,-0.704713
0.336009,-0.705431
0.336581,-0.70615
0.337154,-0.706868
0.337726,-0.707586
0.338299,-0.708304
0.338871,-0.709022
0.339443,-0.709741
0.340016,-0.710459
0.340588,-0.711177
0.341161,-0.711895
0.341733,-0.712613
0.342306,-0.713331
0.342878,-0.71405
0.343451,-0.714768
0.344023,-0.715486
0.344596,-0.716204
0.345168,-0.716922
0.34574,-0.717641
0.346313,-0.718359
0.346885,-0.719077
0.347458,-0.719795
0.34803,-0.720513
0.348603,-0.721231
0.349175,-0.72195
0.349748,-0.722668
0.35032,-0.723386
0.350893,-0.724104
0.351465,-0.724822
0.352037,-0.725541
0.35261,-0.726259
0.353182,-0.726977
0.353755,-0.727695
0.354327,-0.728413
0.3549,-0.729132
0.355472,-0.72985
0.356045,-0.730568
0.356617,-0.731286
0.35719,-0.732004
0.357762,-0.732722
0.358334,-0.733441
0.358907,-0.734159
0.359479,-0.734877
0.360052,-0.735595
0.360624,-0.736313
0.361197,-0.737032
0.361769,-0.73775
0.362342,-0.738468
0.362914,-0.739186
0.363487,-0.739904
0.364059,-0.740622
0.364631,-0.741341
0.365204,-0.742059
0.365776,-0.742777
0.366349,-0.743495
0.366921,-0.744213
0.367494,-0.744932
0.368066,-0.74565
0.368639,-0.746368
0.369211,-0.747086
0.369784,-0.747804
0.370356,-0.748523
0.370928,-0.749241
0.371501,-0.749959
0.372073,-0.750677
0.372646,-0.751395
0.373218,-0.752113
0.373791,-0.752832
0.374363,-0.75355
0.374936,-0.754268
0.375508,-0.754986
0.376081,-0.755704
0.376653,-0.756423
0.377226,-0.757141
0.377798,-0.757859
0.37837,-0.758577
0.378943,-0.759295
0.379515,-0.760013
0.380088,-0.760732
0.38066,-0.76145
0.381233,-0.762168
0.381805,-0.762886
0.382378,-0.763604
0.38295,-0.764323
0.383523,-0.765041
0.384095,-0.765759
0.384667,-0.766477
0.38524,-0.767195
0.385812,-0.767914
0.386385,-0.768632
0.386957,-0.76935
0.38753,-0.770068
0.388102,-0.770786
0.388675,-0.771504
0.389247,-0.772223
0.38982,-0.772941
0.390392,-0.773659
0.390964,-0.774377
0.391537,-0.775095
0.392109,-0.775814
0.392682,-0.776532
0.393254,-0.77725
0.393827,-0.777968
0.394399,-0.778686
0.394972,-0.779404
0.395544,-0.780123
0.396117,-0.780841
0.396709,-0.781206
0.397302,-0.781571
0.397894,-0.781936
0.398487,-0.7823
0.39908,-0.782665
0.399672,-0.78303
0.400265,-0.783395
0.400857,-0.78376
0.40145,-0.784125
0.402043,-0.78449
0.402635,-0.784855
0.403228,-0.78522
0.40382,-0.785585
0.404413,-0.78595
0.405006,-0.786315
0.405598,-0.786679
0.406191,-0.787044
0.406783,-0.787409
0.407376,-0.787774
0.407969,-0.788139
0.408561,-0.788504
0.409154,-0.788869
0.409746,-0.789234
0.410339,-0.789599
0.410932,-0.789964
0.411524,-0.790329
0.412117,-0.790693
0.41271,-0.791058
0.413302,-0.791423
0.413895,-0.791788
0.414487,-0.792153
0.41508,-0.792518
0.415673,-0.792883
0.416265,-0.793248
0.416858,-0.793613
0.41745,-0.793978
0.418043,-0.794343
0.418636,-0.794708
0.419228,-0.795072
0.419821,-0.795437
0.420413,-0.795802
0.421006,-0.796167
0.421599,-0.796532
0.422191,-0.796897
0.422784,-0.797262
0.423376,-0.797627
0.423969,-0.797992
0.424562,-0.798357
0.425154,-0.798722
0.425747,-0.799086
0.426339,-0.799451
0.426932,-0.799816
0.427525,-0.800181
0.428117,-0.800546
0.42871,-0.800911
0.429302,-0.801276
0.429895,-0.801641
0.430488,-0.802006
0.43108,-0.802371
0.431673,-0.802736
0.432265,-0.8031
0.432858,-0.803465
0.433451,-0.80383
0.434043,-0.804195
0.434636,-0.80456
0.435229,-0.804925
0.435821,-0.80529
0.436414,-0.805655
0.437006,-0.80602
0.437599,-0.806385
0.438192,-0.80675
0.438784,-0.807115
0.439377,-0.807479
0.439969,-0.807844
0.440562,-0.808209
0.441155,-0.808574
0.441747,-0.808939
0.44234,-0.809304
0.442932,-0.809669
0.443525,-0.810034
0.444118,-0.810399
0.44471,-0.810764
0.445303,-0.811129
0.445895,-0.811493
0.446488,-0.811858
0.447081,-0.812223
0.447673,-0.812588
0.448266,-0.812953
0.448858,-0.813318
0.449451,-0.813683
0.450044,-0.814048
0.450636,-0.814413
0.451229,-0.814778
0.451821,-0.815143
0.452414,-0.815507
0.453007,-0.815872
0.453599,-0.816237
0.454192,-0.816602
0.454784,-0.816967
0.455377,-0.817332
0.45597,-0.817697
0.456562,-0.818062
0.457155,-0.818427
0.457748,-0.818792
0.45834,-0.819157
0.458933,-0.819522
0.459525,-0.819886
0.460118,-0.820251
0.460711,-0.820616
0.461303,-0.820981
0.461896,-0.821346
0.462488,-0.821711
0.463081,-0.822076
0.463674,-0.822441
0.464266,-0.822806
0.464859,-0.823171
0.465451,-0.823536
0.466044,-0.8239
0.466637,-0.824265
0.467229,-0.82463
0.467822,-0.824995
0.468414,-0.82536
0.469007,-0.825725
0.4696,-0.82609
0.470192,-0.826455
0.470785,-0.82682
0.471377,-0.827185
0.47197,-0.82755
0.472563,-0.827915
0.473155,-0.828279
0.473748,-0.828644
0.47434,-0.829009
0.474933,-0.829374
0.475526,-0.829739
0.476118,-0.830104
0.476711,-0.830469
0.477303,-0.830834
0.477896,-0.831199
0.478489,-0.831564
0.479081,-0.831929
0.479674,-0.832293
0.480267,-0.832658
0.480859,-0.833023
0.481452,-0.833388
0.482044,-0.833753
0.482637,-0.834118
0.48323,-0.834483
0.483822,-0.834848
0.484415,-0.835213
0.484437,-0.83351
0.484459,-0.831807
0.484482,-0.830105
0.484504,-0.828402
0.484526,-0.826699
0.484549,-0.824997
0.484571,-0.823294
0.484594,-0.821591
0.484616,-0.819889
0.484638,-0.818186
0.484661,-0.816484
0.484683,-0.814781
0.484705,-0.813078
0.484728,-0.811376
0.48475,-0.809673
0.484772,-0.80797
0.484795,-0.806268
0.484817,-0.804565
0.484839,-0.802862
0.484862,-0.80116
0.484884,-0.799457
0.484906,-0.797754
0.484929,-0.796052
0.484951,-0.794349
0.484973,-0.792646
0.484996,-0.790944
0.485018,-0.789241
0.48504,-0.787538
0.485063,-0.785836
0.485085,-0.784133
0.485107,-0.78243
0.48513,-0.780728
0.485152,-0.779025
0.485174,-0.777322
0.485197,-0.77562
0.485219,-0.773917
0.485241,-0.772214
0.485264,-0.770512
0.485286,-0.768809
0.485308,-0.767106
0.485331,-0.765404
0.485353,-0.763701
0.485376,-0.761998
0.485398,-0.760296
0.48542,-0.758593
0.485443,-0.75689
0.485465,-0.755188
0.485487,-0.753485
0.48551,-0.751783
0.485532,-0.75008
0.485554,-0.748377
0.485577,-0.746675
0.485599,-0.744972
0.485621,-0.743269
0.485644,-0.741567
0.485666,-0.739864
0.485688,-0.738161
0.485711,-0.736459
0.485733,-0.734756
0.485755,-0.733053
0.485778,-0.731351
0.4858,-0.729648
0.485822,-0.727945
0.485845,-0.726243
0.485867,-0.72454
0.485889,-0.722837
0.485912,-0.721135
0.485934,-0.719432
0.485956,-0.717729
0.485979,-0.716027
0.486001,-0.714324
0.486023,-0.712621
0.486046,-0.710919
0.486068,-0.709216
0.486091,-0.707513
0.486113,-0.705811
0.486135,-0.704108
0.486158,-0.702405
0.48618,-0.700703
0.486202,-0.699
0.486225,-0.697297
0.486247,-0.695595
0.486269,-0.693892
0.486292,-0.692189
0.486314,-0.690487
0.486336,-0.688784
0.486359,-0.687082
0.486381,-0.685379
0.486403,-0.683676
0.486426,-0.681974
0.486448,-0.680271
0.48647,-0.678568
0.486493,-0.676866
0.486515,-0.675163
0.486537,-0.67346
0.48656,-0.671758
0.486582,-0.670055
0.486604,-0.668352
0.486627,-0.66665
0.486649,-0.664947
0.486671,-0.663244
0.486694,-0.661542
0.486716,-0.659839
0.486738,-0.658136
0.486761,-0.656434
0.486783,-0.654731
0.486806,-0.653028
0.486828,-0.651326
0.48685,-0.649623
0.486873,-0.64792
0.486895,-0.646218
0.486917,-0.644515
0.48694,-0.642812
0.486962,-0.64111
0.486984,-0.639407
0.487007,-0.637704
0.487029,-0.636002
0.487051,-0.634299
0.487074,-0.632596
0.487096,-0.630894
0.487118,-0.629191
0.487141,-0.627488
0.487163,-0.625786
0.487185,-0.624083
0.487208,-0.622381
0.48723,-0.620678
0.487252,-0.618975
0.487275,-0.617273
0.487297,-0.61557
0.487319,-0.613867
0.487342,-0.612165
0.487364,-0.610462
0.487386,-0.608759
0.487409,-0.607057
0.487431,-0.605354
0.487453,-0.603651
0.487476,-0.601949
0.487498,-0.600246
0.48752,-0.598543
0.487543,-0.596841
0.487565,-0.595138
0.487588,-0.593435
0.48761,-0.591733
0.487632,-0.59003
0.487655,-0.588327
0.487677,-0.586625
0.487699,-0.584922
0.487722,-0.583219
0.487744,-0.581517
0.487766,-0.579814
0.48811,-0.579209
0.488453,-0.578604
0.488797,-0.577999
0.48914,-0.577394
0.489484,-0.576789
0.489827,-0.576184
0.490171,-0.575579
0.490514,-0.574974
0.490858,-0.574369
0.491201,-0.573763
0.491545,-0.573158
0.491888,-0.572553
0.492232,-0.571948
0.492575,-0.571343
0.492919,-0.570738
0.493262,-0.570133
0.493606,-0.569528
0.49395,-0.568923
0.494293,-0.568318
0.494637,-0.567713
0.49498,-0.567108
0.495324,-0.566503
0.495667,-0.565898
0.496011,-0.565293
0.496354,-0.564687
0.496698,-0.564082
0.497041,-0.563477
0.497385,-0.562872
0.497728,-0.562267
0.498072,-0.561662
0.498415,-0.561057
0.498759,-0.560452
0.499102,-0.559847
0.499446,-0.559242
0.499789,-0.558637
0.500133,-0.558032
0.500476,-0.557427
0.50082,-0.556822
0.501163,-0.556217
0.501507,-0.555612
0.50185,-0.555006
0.502194,-0.554401
0.502537,-0.553796
0.502881,-0.553191
0.503224,-0.552586
0.503568,-0.551981
0.503911,-0.551376
0.504255,-0.550771
0.504598,-0.550166
0.504942,-0.549561
0.505285,-0.548956
0.505629,-0.548351
0.505972,-0.547746
0.506316,-0.547141
0.506659,-0.546536
0.507003,-0.545931
0.507347,-0.545325
0.50769,-0.54472
0.508034,-0.544115
0.508377,-0.54351
0.508721,-0.542905
0.509064,-0.5423
0.509408,-0.541695
0.509751,-0.54109
0.510095,-0.540485
0.510438,-0.53988
0.510782,-0.539275
0.511125,-0.53867
0.511469,-0.538065
0.511812,-0.53746
0.512156,-0.536855
0.512499,-0.536249
0.512843,-0.535644
0.513186,-0.535039
0.51353,-0.534434
0.513873,-0.533829
0.514217,-0.533224
0.51456,-0.532619
0.514904,-0.532014
0.515247,-0.531409
0.515591,-0.530804
0.515934,-0.530199
0.516278,-0.529594
0.516621,-0.528989
0.516965,-0.528384
0.517308,-0.527779
0.517652,-0.527174
0.517995,-0.526568
0.518339,-0.525963
0.518682,-0.525358
0.519026,-0.524753
0.519369,-0.524148
0.519713,-0.523543
0.520056,-0.522938
0.5204,-0.522333
0.520744,-0.521728
0.521087,-0.521123
0.521431,-0.520518
0.521774,-0.519913
0.522118,-0.519308
0.522461,-0.518703
0.522805,-0.518098
0.523148,-0.517493
0.523492,-0.516887
0.523835,-0.516282
0.524179,-0.515677
0.524522,-0.515072
0.524866,-0.514467
0.525209,-0.513862
0.525553,-0.513257
0.525896,-0.512652
0.52624,-0.512047
0.526583,-0.511442
0.526927,-0.510837
0.52727,-0.510232
0.527614,-0.509627
0.527957,-0.509022
0.528301,-0.508417
0.528644,-0.507812
0.528988,-0.507206
0.529331,-0.506601
0.529675,-0.505996
0.530018,-0.505391
0.530362,-0.504786
0.530705,-0.504181
0.531049,-0.503576
0.531392,-0.502971
0.531736,-0.502366
0.532079,-0.501761
0.532423,-0.501156
0.532766,-0.500551
0.53311,-0.499946
0.533453,-0.499341
0.533797,-0.498736
0.534141,-0.49813
0.534484,-0.497525
0.534828,-0.49692
0.535171,-0.496315
0.535515,-0.49571
0.535858,-0.495105
0.536202,-0.4945
0.536545,-0.493895
0.536889,-0.49329
0.537232,-0.492685
0.537576,-0.49208
0.537919,-0.491475
0.538263,-0.49087
0.538606,-0.490265
0.53895,-0.48966
