O
25
1,0,-1,0.78,-0.5,0.75,0.0,0.0,0.0,0.3,0.4,0.02,0,0.8,False
2,0,-1,1.1,-0.5,0.93,0.0,0.0,0.0,0.02,0.4,0.2,0,0.8,False
3,0,-1,0.78,-0.5,1.11,0.0,0.0,0.0,0.3,0.4,0.02,0,0.8,False
4,0,-1,0.8,-0.92,0.93,0.0,0.0,0.0,0.32,0.02,0.2,0,0.8,False
5,0,-1,0.8,-0.08,0.93,0.0,0.0,0.0,0.32,0.02,0.2,0,0.8,False
6,2,0,0.9663816182736475,-0.6882579820214241,0.8450000000000001,0.0,0.0,2.7973759962454343,0.03218847165764356,0.03218847165764356,0.15,0.25965696987440207,1.010935763096266,False
7,2,0,1.0221921226407704,-0.843219675753882,0.8522964156771772,0.0,0.0,2.480306677290709,0.03,0.03,0.16459283135435432,0.43726384788145456,1.103792082099365,False
8,0,0,0.6098313964415761,-0.40071542386290426,0.8627944281406329,0.0,0.0,1.7116613101790155,0.03,0.049332954848960754,0.09279442814063286,0.29187230630020944,1.1386507093462335,False
9,2,0,0.8016383627480022,-0.506511589926801,0.8622206163265687,0.0,0.0,5.4806330715902485,0.05122118899857458,0.05122118899857458,0.18444123265313728,0.18600801250968263,1.1997034827511655,False
10,2,0,0.7016000849424648,-0.15999485575635197,0.85971422787288,0.0,0.0,3.5588045935337584,0.03592475853522315,0.03592475853522315,0.17942845574576,0.3380819064552052,1.08050540111108,False
11,0,1,0.6636445148593471,-0.825722482599554,0.86,0.0,0.0,4.5556782820567765,0.04706399792997014,0.05386627120175119,0.09,0.09406060530319899,1.0140425481209427,True
12,2,1,1.0171246477402238,-0.40653429469922575,0.8450000000000001,0.0,0.0,2.267946183672702,0.03,0.03,0.15,0.3733380310538139,0.8535452094194718,True
13,2,1,1.0206592517167492,-0.1891306450761786,0.8450000000000001,0.0,0.0,6.049528191017025,0.03,0.03,0.15,0.09121696865191381,0.8488446291743681,True
14,2,1,1.0290563042241732,-0.27461699372684667,0.8450000000000001,0.0,0.0,4.806252805551325,0.03,0.03,0.15,0.24248638666992395,1.1587952961207288,True
15,2,1,0.5204746606418543,-0.612299706986048,0.8450000000000001,0.0,0.0,2.022640128872961,0.03,0.03,0.15,0.287989793656363,1.0132251180688752,True
16,0,1,0.6956670012464292,-0.6622604764983517,0.86,0.0,0.0,3.374523923666274,0.07765636620505617,0.03,0.09,0.1656968406779623,0.8095535210012391,True
17,0,1,0.8182992409201959,-0.31159502423671004,0.86,0.0,0.0,0.30138884828503665,0.053289839707322886,0.0652106632097977,0.09,0.38989379266499646,1.1730365120634203,True
18,2,1,0.5533375772758816,-0.1637045948721887,0.8450000000000001,0.0,0.0,1.525378748445938,0.044491088149527645,0.044491088149527645,0.15,0.38789375338933474,0.8763235372842446,True
19,0,1,0.5131409441016129,-0.8041070521914004,0.86,0.0,0.0,3.6739270744539536,0.03,0.03,0.09,0.1692703769704898,0.9221787561047299,True
20,2,1,0.9816703208855383,-0.5982241903569381,0.8450000000000001,0.0,0.0,0.3643368922892809,0.03,0.03,0.15,0.4506952997723374,0.9704798554685419,True
21,2,1,0.5320465252212022,-0.7133894972085467,0.8450000000000001,0.0,0.0,1.7796204196060919,0.03,0.03,0.15,0.3687806740211183,0.9618683970857118,True
22,0,1,0.5283477394693509,-0.29979374763861444,0.8772584576555813,0.0,0.0,5.122295203569115,0.03,0.03,0.10725845765558129,0.2311433498958173,1.0394661867610522,True
23,2,1,0.7991259629025884,-0.7752702404559197,0.8450000000000001,0.0,0.0,2.7948949808360615,0.03,0.03,0.15,0.06870878390615948,1.1910549550951584,True
24,0,1,0.6035846102966815,-0.5024833651139176,0.86,0.0,0.0,4.800951458736874,0.03,0.07966170275289652,0.09,0.1471318071983092,1.04100216643209,True
25,2,1,0.9049883876329606,-0.8055684198043327,0.8632552180853938,0.0,0.0,3.615875281276112,0.03,0.03,0.18651043617078766,0.2580850529817147,1.0976117076810472,True
R
0.0,0.0,0.0,0.0,0.0,0.0,1.0
S
8
torso_lift_joint,0
r_shoulder_pan_joint,-1.69017
r_shoulder_lift_joint,-0.0788625
r_upper_arm_roll_joint,-1.69017
r_elbow_flex_joint,-1.2717
r_forearm_roll_joint,-0.151824
r_wrist_flex_joint,-1.25254
r_wrist_roll_joint,0.675062
G
0.516433,-0.41396,0.862794,0.140865,-0,0
ooi
8
A
599
0.310248,-0.673113
0.310694,-0.673971
0.31114,-0.674829
0.311586,-0.675688
0.312032,-0.676546
0.312477,-0.677404
0.312923,-0.678262
0.313369,-0.67912
0.313815,-0.679979
0.314261,-0.680837
0.314707,-0.681695
0.315153,-0.682553
0.315598,-0.683411
0.316044,-0.684269
0.31649,-0.685128
0.316936,-0.685986
0.317382,-0.686844
0.317828,-0.687702
0.318274,-0.68856
0.318719,-0.689419
0.319165,-0.690277
0.319611,-0.691135
0.320057,-0.691993
0.320503,-0.692851
0.320949,-0.69371
0.321394,-0.694568
0.32184,-0.695426
0.322286,-0.696284
0.322732,-0.697142
0.323178,-0.698
0.323624,-0.698859
0.32407,-0.699717
0.324515,-0.700575
0.324961,-0.701433
0.325407,-0.702291
0.325853,-0.70315
0.326299,-0.704008
0.326745,-0.704866
0.327191,-0.705724
0.327636,-0.706582
0.328082,-0.70744
0.328528,-0.708299
0.328974,-0.709157
0.32942,-0.710015
0.329866,-0.710873
0.330312,-0.711731
0.330757,-0.71259
0.331203,-0.713448
0.331649,-0.714306
0.332095,-0.715164
0.332541,-0.716022
0.332987,-0.71688
0.333433,-0.717739
0.333878,-0.718597
0.334324,-0.719455
0.33477,-0.720313
0.335216,-0.721171
0.335662,-0.72203
0.336108,-0.722888
0.336553,-0.723746
0.336999,-0.724604
0.337445,-0.725462
0.337891,-0.726321
0.338337,-0.727179
0.338783,-0.728037
0.339229,-0.728895
0.339674,-0.729753
0.34012,-0.730611
0.340566,-0.73147
0.341012,-0.732328
0.341458,-0.733186
0.341904,-0.734044
0.34235,-0.734902
0.342795,-0.735761
0.343241,-0.736619
0.343687,-0.737477
0.344133,-0.738335
0.344579,-0.739193
0.345025,-0.740051
0.345471,-0.74091
0.345916,-0.741768
0.346362,-0.742626
0.346808,-0.743484
0.347254,-0.744342
0.3477,-0.745201
0.348146,-0.746059
0.348592,-0.746917
0.349037,-0.747775
0.349483,-0.748633
0.349929,-0.749491
0.350375,-0.75035
0.350821,-0.751208
0.351267,-0.752066
0.351712,-0.752924
0.352158,-0.753782
0.352604,-0.754641
0.35305,-0.755499
0.353496,-0.756357
0.353942,-0.757215
0.354388,-0.758073
0.354833,-0.758932
0.355279,-0.75979
0.355725,-0.760648
0.356171,-0.761506
0.356617,-0.762364
0.357063,-0.763222
0.357509,-0.764081
0.357954,-0.764939
0.3584,-0.765797
0.358846,-0.766655
0.359292,-0.767513
0.359738,-0.768372
0.360184,-0.76923
0.36063,-0.770088
0.361075,-0.770946
0.361521,-0.771804
0.361967,-0.772662
0.362413,-0.773521
0.362859,-0.774379
0.363305,-0.775237
0.363751,-0.776095
0.364196,-0.776953
0.364642,-0.777812
0.365088,-0.77867
0.365534,-0.779528
0.36598,-0.780386
0.366426,-0.781244
0.366871,-0.782102
0.367317,-0.782961
0.367763,-0.783819
0.368209,-0.784677
0.368655,-0.785535
0.369101,-0.786393
0.369547,-0.787252
0.369992,-0.78811
0.370438,-0.788968
0.370884,-0.789826
0.37133,-0.790684
0.371776,-0.791543
0.372222,-0.792401
0.372668,-0.793259
0.373113,-0.794117
0.373559,-0.794975
0.374005,-0.795833
0.374451,-0.796692
0.374897,-0.79755
0.375343,-0.798408
0.375789,-0.799266
0.376234,-0.800124
0.37668,-0.800983
0.377126,-0.801841
0.376466,-0.801236
0.375806,-0.800631
0.375146,-0.800025
0.374485,-0.79942
0.373825,-0.798815
0.373165,-0.79821
0.372505,-0.797605
0.371845,-0.797
0.371185,-0.796395
0.370524,-0.79579
0.369864,-0.795185
0.369204,-0.79458
0.368544,-0.793975
0.367884,-0.79337
0.367224,-0.792764
0.366563,-0.792159
0.365903,-0.791554
0.365243,-0.790949
0.364583,-0.790344
0.363923,-0.789739
0.363263,-0.789134
0.362603,-0.788529
0.361942,-0.787924
0.361282,-0.787319
0.360622,-0.786714
0.359962,-0.786109
0.359302,-0.785503
0.358642,-0.784898
0.357981,-0.784293
0.357321,-0.783688
0.356661,-0.783083
0.356001,-0.782478
0.355341,-0.781873
0.354681,-0.781268
0.35402,-0.780663
0.35336,-0.780058
0.3527,-0.779453
0.35204,-0.778848
0.35138,-0.778242
0.35072,-0.777637
0.350059,-0.777032
0.349399,-0.776427
0.348739,-0.775822
0.348079,-0.775217
0.347419,-0.774612
0.346759,-0.774007
0.346098,-0.773402
0.345438,-0.772797
0.344778,-0.772192
0.344118,-0.771586
0.343458,-0.770981
0.342798,-0.770376
0.342138,-0.769771
0.341477,-0.769166
0.340817,-0.768561
0.340157,-0.767956
0.339497,-0.767351
0.338837,-0.766746
0.338177,-0.766141
0.337516,-0.765536
0.336856,-0.764931
0.336196,-0.764325
0.335536,-0.76372
0.334876,-0.763115
0.334216,-0.76251
0.333555,-0.761905
0.332895,-0.7613
0.332235,-0.760695
0.331575,-0.76009
0.330915,-0.759485
0.330255,-0.75888
0.329594,-0.758275
0.328934,-0.75767
0.328274,-0.757064
0.327614,-0.756459
0.326954,-0.755854
0.326294,-0.755249
0.325633,-0.754644
0.324973,-0.754039
0.324313,-0.753434
0.323653,-0.752829
0.322993,-0.752224
0.322333,-0.751619
0.321673,-0.751014
0.321012,-0.750409
0.320352,-0.749803
0.319692,-0.749198
0.319032,-0.748593
0.318372,-0.747988
0.317712,-0.747383
0.317051,-0.746778
0.316391,-0.746173
0.315731,-0.745568
0.315071,-0.744963
0.314411,-0.744358
0.313751,-0.743753
0.31309,-0.743147
0.31243,-0.742542
0.31177,-0.741937
0.31111,-0.741332
0.31045,-0.740727
0.30979,-0.740122
0.309129,-0.739517
0.308469,-0.738912
0.307809,-0.738307
0.307149,-0.737702
0.306489,-0.737097
0.305829,-0.736492
0.305168,-0.735886
0.304508,-0.735281
0.303848,-0.734676
0.303188,-0.734071
0.302528,-0.733466
0.301868,-0.732861
0.301207,-0.732256
0.300547,-0.731651
0.299887,-0.731046
0.299227,-0.730441
0.298567,-0.729836
0.297907,-0.729231
0.297247,-0.728625
0.296586,-0.72802
0.295926,-0.727415
0.295266,-0.72681
0.294606,-0.726205
0.293946,-0.7256
0.293286,-0.724995
0.292625,-0.72439
0.291965,-0.723785
0.291305,-0.72318
0.290645,-0.722575
0.289985,-0.72197
0.289325,-0.721364
0.288664,-0.720759
0.288004,-0.720154
0.287344,-0.719549
0.286684,-0.718944
0.286024,-0.718339
0.285364,-0.717734
0.284703,-0.717129
0.284043,-0.716524
0.283383,-0.715919
0.282723,-0.715314
0.282063,-0.714708
0.281403,-0.714103
0.280742,-0.713498
0.280082,-0.712893
0.279422,-0.712288
0.278762,-0.711683
0.280299,-0.710745
0.281837,-0.709807
0.283374,-0.708869
0.284911,-0.707931
0.286449,-0.706993
0.287986,-0.706055
0.289524,-0.705117
0.291061,-0.704179
0.292598,-0.703241
0.294136,-0.702303
0.295673,-0.701365
0.29721,-0.700427
0.298748,-0.699488
0.300285,-0.69855
0.301822,-0.697612
0.30336,-0.696674
0.304897,-0.695736
0.306434,-0.694798
0.307972,-0.69386
0.309509,-0.692922
0.311047,-0.691984
0.312584,-0.691046
0.314121,-0.690108
0.315659,-0.68917
0.317196,-0.688232
0.318733,-0.687294
0.320271,-0.686356
0.321808,-0.685418
0.323345,-0.68448
0.324883,-0.683542
0.32642,-0.682604
0.327957,-0.681666
0.329495,-0.680728
0.331032,-0.67979
0.33257,-0.678852
0.334107,-0.677914
0.335644,-0.676975
0.337182,-0.676037
0.338719,-0.675099
0.340256,-0.674161
0.341794,-0.673223
0.343331,-0.672285
0.344868,-0.671347
0.346406,-0.670409
0.347943,-0.669471
0.349481,-0.668533
0.351018,-0.667595
0.352555,-0.666657
0.354093,-0.665719
0.35563,-0.664781
0.357167,-0.663843
0.358705,-0.662905
0.360242,-0.661967
0.361779,-0.661029
0.363317,-0.660091
0.364854,-0.659153
0.366391,-0.658215
0.367929,-0.657277
0.369466,-0.656339
0.371004,-0.6554
0.372541,-0.654462
0.374078,-0.653524
0.375616,-0.652586
0.377153,-0.651648
0.37869,-0.65071
0.380228,-0.649772
0.381765,-0.648834
0.383302,-0.647896
0.38484,-0.646958
0.386377,-0.64602
0.387915,-0.645082
0.389452,-0.644144
0.390989,-0.643206
0.392527,-0.642268
0.394064,-0.64133
0.395601,-0.640392
0.397139,-0.639454
0.398676,-0.638516
0.400213,-0.637578
0.401751,-0.63664
0.403288,-0.635702
0.404825,-0.634764
0.406363,-0.633825
0.4079,-0.632887
0.409438,-0.631949
0.410975,-0.631011
0.412512,-0.630073
0.41405,-0.629135
0.415587,-0.628197
0.417124,-0.627259
0.418662,-0.626321
0.420199,-0.625383
0.421736,-0.624445
0.423274,-0.623507
0.424811,-0.622569
0.426349,-0.621631
0.427886,-0.620693
0.429423,-0.619755
0.430961,-0.618817
0.432498,-0.617879
0.434035,-0.616941
0.435573,-0.616003
0.43711,-0.615065
0.438647,-0.614127
0.440185,-0.613189
0.441722,-0.61225
0.443259,-0.611312
0.444797,-0.610374
0.446334,-0.609436
0.447872,-0.608498
0.449409,-0.60756
0.450946,-0.606622
0.452484,-0.605684
0.454021,-0.604746
0.455558,-0.603808
0.457096,-0.60287
0.458633,-0.601932
0.46017,-0.600994
0.461708,-0.600056
0.463245,-0.599118
0.464782,-0.59818
0.46632,-0.597242
0.467857,-0.596304
0.469395,-0.595366
0.470932,-0.594428
0.472469,-0.59349
0.474007,-0.592552
0.475544,-0.591614
0.477081,-0.590675
0.478619,-0.589737
0.480156,-0.588799
0.481693,-0.587861
0.483231,-0.586923
0.484768,-0.585985
0.486306,-0.585047
0.487843,-0.584109
0.48938,-0.583171
0.490918,-0.582233
0.492455,-0.581295
0.493992,-0.580357
0.49553,-0.579419
0.497067,-0.578481
0.498604,-0.577543
0.500142,-0.576605
0.501679,-0.575667
0.503216,-0.574729
0.504754,-0.573791
0.506291,-0.572853
0.507829,-0.571915
0.509366,-0.570977
0.509413,-0.569923
0.509461,-0.568869
0.509508,-0.567815
0.509556,-0.566761
0.509603,-0.565708
0.50965,-0.564654
0.509698,-0.5636
0.509745,-0.562546
0.509793,-0.561492
0.50984,-0.560439
0.509888,-0.559385
0.509935,-0.558331
0.509982,-0.557277
0.51003,-0.556223
0.510077,-0.55517
0.510125,-0.554116
0.510172,-0.553062
0.51022,-0.552008
0.510267,-0.550954
0.510314,-0.5499
0.510362,-0.548847
0.510409,-0.547793
0.510457,-0.546739
0.510504,-0.545685
0.510552,-0.544631
0.510599,-0.543578
0.510646,-0.542524
0.510694,-0.54147
0.510741,-0.540416
0.510789,-0.539362
0.510836,-0.538309
0.510884,-0.537255
0.510931,-0.536201
0.510978,-0.535147
0.511026,-0.534093
0.511073,-0.53304
0.511121,-0.531986
0.511168,-0.530932
0.511216,-0.529878
0.511263,-0.528824
0.511311,-0.527771
0.511358,-0.526717
0.511405,-0.525663
0.511453,-0.524609
0.5115,-0.523555
0.511548,-0.522502
0.511595,-0.521448
0.511643,-0.520394
0.51169,-0.51934
0.511737,-0.518286
0.511785,-0.517233
0.511832,-0.516179
0.51188,-0.515125
0.511927,-0.514071
0.511975,-0.513017
0.512022,-0.511964
0.512069,-0.51091
0.512117,-0.509856
0.512164,-0.508802
0.512212,-0.507748
0.512259,-0.506695
0.512307,-0.505641
0.512354,-0.504587
0.512401,-0.503533
0.512449,-0.502479
0.512496,-0.501425
0.512544,-0.500372
0.512591,-0.499318
0.512639,-0.498264
0.512686,-0.49721
0.512733,-0.496156
0.512781,-0.495103
0.512828,-0.494049
0.512876,-0.492995
0.512923,-0.491941
0.512971,-0.490887
0.513018,-0.489834
0.513065,-0.48878
0.513113,-0.487726
0.51316,-0.486672
0.513208,-0.485618
0.513255,-0.484565
0.513303,-0.483511
0.51335,-0.482457
0.513397,-0.481403
0.513445,-0.480349
0.513492,-0.479296
0.51354,-0.478242
0.513587,-0.477188
0.513635,-0.476134
0.513682,-0.47508
0.513729,-0.474027
0.513777,-0.472973
0.513824,-0.471919
0.513872,-0.470865
0.513919,-0.469811
0.513967,-0.468758
0.514014,-0.467704
0.514061,-0.46665
0.514109,-0.465596
0.514156,-0.464542
0.514204,-0.463489
0.514251,-0.462435
0.514299,-0.461381
0.514346,-0.460327
0.514393,-0.459273
0.514441,-0.45822
0.514488,-0.457166
0.514536,-0.456112
0.514583,-0.455058
0.514631,-0.454004
0.514678,-0.45295
0.514725,-0.451897
0.514773,-0.450843
0.51482,-0.449789
0.514868,-0.448735
0.514915,-0.447681
0.514963,-0.446628
0.51501,-0.445574
0.515057,-0.44452
0.515105,-0.443466
0.515152,-0.442412
0.5152,-0.441359
0.515247,-0.440305
0.515295,-0.439251
0.515342,-0.438197
0.515389,-0.437143
0.515437,-0.43609
0.515484,-0.435036
0.515532,-0.433982
0.515579,-0.432928
0.515627,-0.431874
0.515674,-0.430821
0.515721,-0.429767
0.515769,-0.428713
0.515816,-0.427659
0.515864,-0.426605
0.515911,-0.425552
0.515959,-0.424498
0.516006,-0.423444
0.516053,-0.42239
0.516101,-0.421336
0.516148,-0.420283
0.516196,-0.419229
0.516243,-0.418175
0.516291,-0.417121
0.516338,-0.416067
0.516385,-0.415014
0.516433,-0.41396
