O
25
1,0,-1,0.78,-0.5,0.75,0.0,0.0,0.0,0.3,0.4,0.02,0,0.8,False
2,0,-1,1.1,-0.5,0.93,0.0,0.0,0.0,0.02,0.4,0.2,0,0.8,False
3,0,-1,0.78,-0.5,1.11,0.0,0.0,0.0,0.3,0.4,0.02,0,0.8,False
4,0,-1,0.8,-0.92,0.93,0.0,0.0,0.0,0.32,0.02,0.2,0,0.8,False
5,0,-1,0.8,-0.08,0.93,0.0,0.0,0.0,0.32,0.02,0.2,0,0.8,False
6,2,0,0.9243378942695537,-0.4916312699115228,0.8450000000000001,0.0,0.0,3.943285298391935,0.03,0.03,0.15,0.10659182101232467,1.0287135901343767,False
7,0,0,0.7078818580572848,-0.4576362726615501,0.8757084415103816,0.0,0.0,0.5062511867493751,0.0733839970979621,0.042546114187016246,0.10570844151038157,0.13468296909877858,0.8918840144552437,False
8,0,0,0.518542115970343,-0.7934066732264151,0.86,0.0,0.0,0.6877904343475202,0.03,0.03,0.09,0.12700307214146866,0.9753450219789762,False
9,2,0,0.7300873641775916,-0.2551551848337994,0.8450000000000001,0.0,0.0,4.339997852187812,0.03,0.03,0.15,0.08401619177044861,1.0130328954212675,False
10,2,0,0.952387230610723,-0.6376099859376482,0.8450000000000001,0.0,0.0,0.343657893132281,0.046546960601073654,0.046546960601073654,0.15,0.39484409265916615,1.074962367130193,False
11,0,1,0.8668266445973745,-0.3731314256692514,0.8819255474233618,0.0,0.0,2.315258392939949,0.040526823895960795,0.03,0.11192554742336179,0.33939677620500797,1.1609783851264084,True
12,2,1,0.6012017039516452,-0.665113248345184,0.8679122306458525,0.0,0.0,1.6332472083267473,0.053202543116980396,0.053202543116980396,0.1958244612917051,0.3998696009748022,0.9573880735518241,True
13,2,1,0.7083508752665921,-0.7331769933696534,0.8450000000000001,0.0,0.0,3.6107411791430923,0.03,0.03,0.15,0.43067036865863856,0.9721425723276766,True
14,2,1,0.8365964415382676,-0.7963554133296038,0.8606457957634338,0.0,0.0,5.973500557270547,0.04557291980491346,0.04557291980491346,0.18129159152686758,0.2669485914609316,1.1184198042015419,True
15,2,1,0.5500824863673128,-0.18068104731310586,0.8450000000000001,0.0,0.0,6.241026064224045,0.04486987061116131,0.04486987061116131,0.15,0.31937457619455434,1.058002021164769,True
16,2,1,1.0088603788769492,-0.8062025595157939,0.8572198856824342,0.0,0.0,5.033613738484489,0.03,0.03,0.17443977136486838,0.3049558092351927,0.8280500023965456,True
17,2,1,1.0168983405139789,-0.3964893001905205,0.8450000000000001,0.0,0.0,1.8423716416080242,0.03,0.03,0.15,0.2184309398339157,0.9883559289126578,True
18,0,1,1.0016840861632583,-0.2557522295001079,0.86,0.0,0.0,5.0486935346664366,0.03,0.05937444606345959,0.09,0.26685392672356156,0.9288547705754755,True
19,2,1,0.7342597476935384,-0.6082929536846142,0.8450000000000001,0.0,0.0,6.087389692483281,0.03,0.03,0.15,0.21105902497895923,1.0002418484174724,True
20,0,1,0.7089004392439193,-0.8312715469060338,0.9164982529579783,0.0,0.0,1.7929608143234603,0.03,0.030098032983825938,0.14649825295797825,0.009544673174789242,0.8519671451301047,True
21,0,1,0.5428406239020405,-0.3732562090914736,0.86,0.0,0.0,3.375697485568899,0.03,0.03,0.09,0.30188829382879223,0.9697691523778379,True
22,2,1,0.5171698151588825,-0.28328239786946263,0.8450000000000001,0.0,0.0,1.9867737319816647,0.03,0.03,0.15,0.26321216698965266,0.9472870296479685,True
23,2,1,0.859350431908458,-0.1861926626630992,0.8450000000000001,0.0,0.0,6.179161281344316,0.05792807625709015,0.05792807625709015,0.15,0.10157945960864445,0.8784874999426199,True
24,2,1,0.8275513642456089,-0.5797132181203095,0.8450000000000001,0.0,0.0,1.9017917564142417,0.03,0.03,0.15,0.4979371358597959,0.849020402975006,True
25,2,1,0.6574269122728377,-0.16205751078516928,0.8530192966831053,0.0,0.0,2.827599656870552,0.03,0.03,0.16603859336621052,0.453034531567786,0.9131208326445237,True
R
0.0,0.0,0.0,0.0,0.0,0.0,1.0
S
8
torso_lift_joint,0
r_shoulder_pan_joint,-1.69017
r_shoulder_lift_joint,-0.0788625
r_upper_arm_roll_joint,-1.69017
r_elbow_flex_joint,-1.2717
r_forearm_roll_joint,-0.151824
r_wrist_flex_joint,-1.25254
r_wrist_roll_joint,0.675062
G
0.604347,-0.515041,0.875708,0.506251,-0,0
ooi
7
A
599
0.310248,-0.673113
0.31023,-0.672377
0.310212,-0.671641
0.310194,-0.670906
0.310176,-0.67017
0.310158,-0.669434
0.310139,-0.668698
0.310121,-0.667962
0.310103,-0.667226
0.310085,-0.66649
0.310067,-0.665755
0.310049,-0.665019
0.310031,-0.664283
0.310013,-0.663547
0.309994,-0.662811
0.309976,-0.662075
0.309958,-0.661339
0.30994,-0.660604
0.309922,-0.659868
0.309904,-0.659132
0.309886,-0.658396
0.309867,-0.65766
0.309849,-0.656924
0.309831,-0.656188
0.309813,-0.655453
0.309795,-0.654717
0.309777,-0.653981
0.309759,-0.653245
0.309741,-0.652509
0.309722,-0.651773
0.309704,-0.651037
0.309686,-0.650302
0.309668,-0.649566
0.30965,-0.64883
0.309632,-0.648094
0.309614,-0.647358
0.309596,-0.646622
0.309577,-0.645887
0.309559,-0.645151
0.309541,-0.644415
0.309523,-0.643679
0.309505,-0.642943
0.309487,-0.642207
0.309469,-0.641471
0.309451,-0.640736
0.309432,-0.64
0.309414,-0.639264
0.309396,-0.638528
0.309378,-0.637792
0.30936,-0.637056
0.309342,-0.63632
0.309324,-0.635585
0.309305,-0.634849
0.309287,-0.634113
0.309269,-0.633377
0.309251,-0.632641
0.309233,-0.631905
0.309215,-0.631169
0.309197,-0.630434
0.309179,-0.629698
0.30916,-0.628962
0.309142,-0.628226
0.309124,-0.62749
0.309106,-0.626754
0.309088,-0.626018
0.30907,-0.625283
0.309052,-0.624547
0.309034,-0.623811
0.309015,-0.623075
0.308997,-0.622339
0.308979,-0.621603
0.308961,-0.620868
0.308943,-0.620132
0.308925,-0.619396
0.308907,-0.61866
0.308889,-0.617924
0.30887,-0.617188
0.308852,-0.616452
0.308834,-0.615717
0.308816,-0.614981
0.308798,-0.614245
0.30878,-0.613509
0.308762,-0.612773
0.308743,-0.612037
0.308725,-0.611301
0.308707,-0.610566
0.308689,-0.60983
0.308671,-0.609094
0.308653,-0.608358
0.308635,-0.607622
0.308617,-0.606886
0.308598,-0.60615
0.30858,-0.605415
0.308562,-0.604679
0.308544,-0.603943
0.308526,-0.603207
0.308508,-0.602471
0.30849,-0.601735
0.308472,-0.600999
0.308453,-0.600264
0.308435,-0.599528
0.308417,-0.598792
0.308399,-0.598056
0.308381,-0.59732
0.308363,-0.596584
0.308345,-0.595848
0.308327,-0.595113
0.308308,-0.594377
0.30829,-0.593641
0.308272,-0.592905
0.308254,-0.592169
0.308236,-0.591433
0.308218,-0.590698
0.3082,-0.589962
0.308181,-0.589226
0.308163,-0.58849
0.308145,-0.587754
0.308127,-0.587018
0.308109,-0.586282
0.308091,-0.585547
0.308073,-0.584811
0.308055,-0.584075
0.308036,-0.583339
0.308018,-0.582603
0.308,-0.581867
0.307982,-0.581131
0.307964,-0.580396
0.307946,-0.57966
0.307928,-0.578924
0.30791,-0.578188
0.307891,-0.577452
0.307873,-0.576716
0.307855,-0.57598
0.307837,-0.575245
0.307819,-0.574509
0.307801,-0.573773
0.307783,-0.573037
0.307765,-0.572301
0.307746,-0.571565
0.307728,-0.570829
0.30771,-0.570094
0.307692,-0.569358
0.307674,-0.568622
0.307656,-0.567886
0.307638,-0.56715
0.307619,-0.566414
0.307601,-0.565679
0.307583,-0.564943
0.307565,-0.564207
0.307547,-0.563471
0.307529,-0.562735
0.307896,-0.563501
0.308263,-0.564266
0.308629,-0.565032
0.308996,-0.565797
0.309363,-0.566563
0.30973,-0.567328
0.310097,-0.568094
0.310464,-0.56886
0.31083,-0.569625
0.311197,-0.570391
0.311564,-0.571156
0.311931,-0.571922
0.312298,-0.572687
0.312665,-0.573453
0.313031,-0.574218
0.313398,-0.574984
0.313765,-0.57575
0.314132,-0.576515
0.314499,-0.577281
0.314866,-0.578046
0.315233,-0.578812
0.315599,-0.579577
0.315966,-0.580343
0.316333,-0.581108
0.3167,-0.581874
0.317067,-0.58264
0.317434,-0.583405
0.3178,-0.584171
0.318167,-0.584936
0.318534,-0.585702
0.318901,-0.586467
0.319268,-0.587233
0.319635,-0.587998
0.320002,-0.588764
0.320368,-0.58953
0.320735,-0.590295
0.321102,-0.591061
0.321469,-0.591826
0.321836,-0.592592
0.322203,-0.593357
0.322569,-0.594123
0.322936,-0.594888
0.323303,-0.595654
0.32367,-0.59642
0.324037,-0.597185
0.324404,-0.597951
0.32477,-0.598716
0.325137,-0.599482
0.325504,-0.600247
0.325871,-0.601013
0.326238,-0.601778
0.326605,-0.602544
0.326972,-0.60331
0.327338,-0.604075
0.327705,-0.604841
0.328072,-0.605606
0.328439,-0.606372
0.328806,-0.607137
0.329173,-0.607903
0.329539,-0.608668
0.329906,-0.609434
0.330273,-0.6102
0.33064,-0.610965
0.331007,-0.611731
0.331374,-0.612496
0.33174,-0.613262
0.332107,-0.614027
0.332474,-0.614793
0.332841,-0.615558
0.333208,-0.616324
0.333575,-0.61709
0.333942,-0.617855
0.334308,-0.618621
0.334675,-0.619386
0.335042,-0.620152
0.335409,-0.620917
0.335776,-0.621683
0.336143,-0.622448
0.336509,-0.623214
0.336876,-0.62398
0.337243,-0.624745
0.33761,-0.625511
0.337977,-0.626276
0.338344,-0.627042
0.33871,-0.627807
0.339077,-0.628573
0.339444,-0.629338
0.339811,-0.630104
0.340178,-0.63087
0.340545,-0.631635
0.340912,-0.632401
0.341278,-0.633166
0.341645,-0.633932
0.342012,-0.634697
0.342379,-0.635463
0.342746,-0.636228
0.343113,-0.636994
0.343479,-0.63776
0.343846,-0.638525
0.344213,-0.639291
0.34458,-0.640056
0.344947,-0.640822
0.345314,-0.641587
0.345681,-0.642353
0.346047,-0.643118
0.346414,-0.643884
0.346781,-0.644649
0.347148,-0.645415
0.347515,-0.646181
0.347882,-0.646946
0.348248,-0.647712
0.348615,-0.648477
0.348982,-0.649243
0.349349,-0.650008
0.349716,-0.650774
0.350083,-0.651539
0.350449,-0.652305
0.350816,-0.653071
0.351183,-0.653836
0.35155,-0.654602
0.351917,-0.655367
0.352284,-0.656133
0.352651,-0.656898
0.353017,-0.657664
0.353384,-0.658429
0.353751,-0.659195
0.354118,-0.659961
0.354485,-0.660726
0.354852,-0.661492
0.355218,-0.662257
0.355585,-0.663023
0.355952,-0.663788
0.356319,-0.664554
0.356686,-0.665319
0.357053,-0.666085
0.357419,-0.666851
0.357786,-0.667616
0.358153,-0.668382
0.35852,-0.669147
0.358887,-0.669913
0.359254,-0.670678
0.359621,-0.671444
0.359987,-0.672209
0.360354,-0.672975
0.360721,-0.673741
0.361088,-0.674506
0.361455,-0.675272
0.361822,-0.676037
0.362188,-0.676803
0.363317,-0.675583
0.364446,-0.674362
0.365575,-0.673142
0.366704,-0.671922
0.367833,-0.670701
0.368962,-0.669481
0.37009,-0.668261
0.371219,-0.667041
0.372348,-0.66582
0.373477,-0.6646
0.374606,-0.66338
0.375735,-0.66216
0.376864,-0.660939
0.377992,-0.659719
0.379121,-0.658499
0.38025,-0.657279
0.381379,-0.656058
0.382508,-0.654838
0.383637,-0.653618
0.384766,-0.652397
0.385895,-0.651177
0.387023,-0.649957
0.388152,-0.648737
0.389281,-0.647516
0.39041,-0.646296
0.391539,-0.645076
0.392668,-0.643856
0.393797,-0.642635
0.394925,-0.641415
0.396054,-0.640195
0.397183,-0.638974
0.398312,-0.637754
0.399441,-0.636534
0.40057,-0.635314
0.401699,-0.634093
0.402827,-0.632873
0.403956,-0.631653
0.405085,-0.630433
0.406214,-0.629212
0.407343,-0.627992
0.408472,-0.626772
0.409601,-0.625552
0.410729,-0.624331
0.411858,-0.623111
0.412987,-0.621891
0.414116,-0.62067
0.415245,-0.61945
0.416374,-0.61823
0.417503,-0.61701
0.418631,-0.615789
0.41976,-0.614569
0.420889,-0.613349
0.422018,-0.612129
0.423147,-0.610908
0.424276,-0.609688
0.425405,-0.608468
0.426533,-0.607247
0.427662,-0.606027
0.428791,-0.604807
0.42992,-0.603587
0.431049,-0.602366
0.432178,-0.601146
0.433307,-0.599926
0.434436,-0.598706
0.435564,-0.597485
0.436693,-0.596265
0.437822,-0.595045
0.438951,-0.593825
0.44008,-0.592604
0.441209,-0.591384
0.442338,-0.590164
0.443466,-0.588943
0.444595,-0.587723
0.445724,-0.586503
0.446853,-0.585283
0.447982,-0.584062
0.449111,-0.582842
0.45024,-0.581622
0.451368,-0.580402
0.452497,-0.579181
0.453626,-0.577961
0.454755,-0.576741
0.455884,-0.575521
0.457013,-0.5743
0.458142,-0.57308
0.45927,-0.57186
0.460399,-0.570639
0.461528,-0.569419
0.462657,-0.568199
0.463786,-0.566979
0.464915,-0.565758
0.466044,-0.564538
0.467172,-0.563318
0.468301,-0.562098
0.46943,-0.560877
0.470559,-0.559657
0.471688,-0.558437
0.472817,-0.557216
0.473946,-0.555996
0.475074,-0.554776
0.476203,-0.553556
0.477332,-0.552335
0.478461,-0.551115
0.47959,-0.549895
0.480719,-0.548675
0.481848,-0.547454
0.482976,-0.546234
0.484105,-0.545014
0.485234,-0.543794
0.486363,-0.542573
0.487492,-0.541353
0.488621,-0.540133
0.48975,-0.538912
0.490879,-0.537692
0.492007,-0.536472
0.493136,-0.535252
0.494265,-0.534031
0.495394,-0.532811
0.496523,-0.531591
0.497652,-0.530371
0.498781,-0.52915
0.499909,-0.52793
0.501038,-0.52671
0.502167,-0.525489
0.503296,-0.524269
0.504425,-0.523049
0.505554,-0.521829
0.506683,-0.520608
0.507811,-0.519388
0.50894,-0.518168
0.510069,-0.516948
0.511198,-0.515727
0.512327,-0.514507
0.513456,-0.513287
0.514585,-0.512067
0.515713,-0.510846
0.516842,-0.509626
0.517971,-0.508406
0.5191,-0.507185
0.520229,-0.505965
0.521358,-0.504745
0.522487,-0.503525
0.523615,-0.502304
0.524744,-0.501084
0.525873,-0.499864
0.527002,-0.498644
0.528131,-0.497423
0.52926,-0.496203
0.530389,-0.494983
0.531517,-0.493763
0.532006,-0.493905
0.532495,-0.494048
0.532984,-0.494191
0.533473,-0.494334
0.533961,-0.494477
0.53445,-0.494619
0.534939,-0.494762
0.535428,-0.494905
0.535917,-0.495048
0.536405,-0.495191
0.536894,-0.495333
0.537383,-0.495476
0.537872,-0.495619
0.538361,-0.495762
0.538849,-0.495905
0.539338,-0.496047
0.539827,-0.49619
0.540316,-0.496333
0.540804,-0.496476
0.541293,-0.496619
0.541782,-0.496761
0.542271,-0.496904
0.54276,-0.497047
0.543248,-0.49719
0.543737,-0.497333
0.544226,-0.497476
0.544715,-0.497618
0.545204,-0.497761
0.545692,-0.497904
0.546181,-0.498047
0.54667,-0.49819
0.547159,-0.498332
0.547648,-0.498475
0.548136,-0.498618
0.548625,-0.498761
0.549114,-0.498904
0.549603,-0.499046
0.550091,-0.499189
0.55058,-0.499332
0.551069,-0.499475
0.551558,-0.499618
0.552047,-0.49976
0.552535,-0.499903
0.553024,-0.500046
0.553513,-0.500189
0.554002,-0.500332
0.554491,-0.500474
0.554979,-0.500617
0.555468,-0.50076
0.555957,-0.500903
0.556446,-0.501046
0.556934,-0.501189
0.557423,-0.501331
0.557912,-0.501474
0.558401,-0.501617
0.55889,-0.50176
0.559378,-0.501903
0.559867,-0.502045
0.560356,-0.502188
0.560845,-0.502331
0.561334,-0.502474
0.561822,-0.502617
0.562311,-0.502759
0.5628,-0.502902
0.563289,-0.503045
0.563778,-0.503188
0.564266,-0.503331
0.564755,-0.503473
0.565244,-0.503616
0.565733,-0.503759
0.566221,-0.503902
0.56671,-0.504045
0.567199,-0.504188
0.567688,-0.50433
0.568177,-0.504473
0.568665,-0.504616
0.569154,-0.504759
0.569643,-0.504902
0.570132,-0.505044
0.570621,-0.505187
0.571109,-0.50533
0.571598,-0.505473
0.572087,-0.505616
0.572576,-0.505758
0.573064,-0.505901
0.573553,-0.506044
0.574042,-0.506187
0.574531,-0.50633
0.57502,-0.506472
0.575508,-0.506615
0.575997,-0.506758
0.576486,-0.506901
0.576975,-0.507044
0.577464,-0.507186
0.577952,-0.507329
0.578441,-0.507472
0.57893,-0.507615
0.579419,-0.507758
0.579908,-0.507901
0.580396,-0.508043
0.580885,-0.508186
0.581374,-0.508329
0.581863,-0.508472
0.582351,-0.508615
0.58284,-0.508757
0.583329,-0.5089
0.583818,-0.509043
0.584307,-0.509186
0.584795,-0.509329
0.585284,-0.509471
0.585773,-0.509614
0.586262,-0.509757
0.586751,-0.5099
0.587239,-0.510043
0.587728,-0.510185
0.588217,-0.510328
0.588706,-0.510471
0.589195,-0.510614
0.589683,-0.510757
0.590172,-0.510899
0.590661,-0.511042
0.59115,-0.511185
0.591638,-0.511328
0.592127,-0.511471
0.592616,-0.511614
0.593105,-0.511756
0.593594,-0.511899
0.594082,-0.512042
0.594571,-0.512185
0.59506,-0.512328
0.595549,-0.51247
0.596038,-0.512613
0.596526,-0.512756
0.597015,-0.512899
0.597504,-0.513042
0.597993,-0.513184
0.598481,-0.513327
0.59897,-0.51347
0.599459,-0.513613
0.599948,-0.513756
0.600437,-0.513898
0.600925,-0.514041
0.601414,-0.514184
0.601903,-0.514327
0.602392,-0.51447
0.602881,-0.514612
0.603369,-0.514755
0.603858,-0.514898
0.604347,-0.515041
