O
25
1,0,-1,0.78,-0.5,0.75,0.0,0.0,0.0,0.3,0.4,0.02,0,0.8,False
2,0,-1,1.1,-0.5,0.93,0.0,0.0,0.0,0.02,0.4,0.2,0,0.8,False
3,0,-1,0.78,-0.5,1.11,0.0,0.0,0.0,0.3,0.4,0.02,0,0.8,False
4,0,-1,0.8,-0.92,0.93,0.0,0.0,0.0,0.32,0.02,0.2,0,0.8,False
5,0,-1,0.8,-0.08,0.93,0.0,0.0,0.0,0.32,0.02,0.2,0,0.8,False
6,0,0,0.9444054717390797,-0.5683404621322978,0.86,0.0,0.0,5.708932292042599,0.048629810495850787,0.03,0.09,0.2823869716064922,0.8297562277162305,False
7,2,0,0.713336547448131,-0.5830094562450816,0.8450000000000001,0.0,0.0,2.999061708882732,0.03,0.03,0.15,0.2889862348486051,1.0183290019366273,False
8,2,0,0.8915630239313763,-0.4636290625824812,0.8450000000000001,0.0,0.0,6.144406378925804,0.03,0.03,0.15,0.04412079373533789,0.983902821788385,False
9,2,0,0.8820261196789487,-0.761019191691455,0.8450000000000001,0.0,0.0,3.1269095247956136,0.05890442759894792,0.05890442759894792,0.15,0.1303758075025816,1.1876385330620138,False
10,2,0,1.0237907844396927,-0.3389563295526069,0.8450000000000001,0.0,0.0,4.551692244056962,0.03,0.03,0.15,0.017869964308106834,0.8074964783627404,False
11,2,1,0.6032584228341077,-0.20197080691206915,0.8450000000000001,0.0,0.0,2.9354827333454434,0.05208515945838371,0.05208515945838371,0.15,0.29197615788242864,0.8848294768556838,True
12,2,1,0.6445739422489544,-0.7559949980215206,0.8476979329728257,0.0,0.0,4.0160443213902015,0.03,0.03,0.1553958659456515,0.325651761197777,1.1566119828601693,True
13,2,1,0.5322244741633905,-0.6423582760765079,0.8450000000000001,0.0,0.0,1.6759920728283928,0.03,0.03,0.15,0.351370781636665,1.0108388893677038,True
14,0,1,0.5658181078083315,-0.391352094133989,0.86,0.0,0.0,3.285366381622358,0.03,0.053198582968459904,0.09,0.01634001757781639,0.9743376919101062,True
15,0,1,0.7268120225471577,-0.37778688750073414,0.8936601086705291,0.0,0.0,0.19297459295548886,0.07188684400129215,0.03,0.12366010867052918,0.04432863962348599,1.14622340799796,True
16,0,1,0.7295978122229836,-0.15332114283307685,0.862119142840035,0.0,0.0,4.025269530649444,0.03,0.03,0.09211914284003492,0.29709127458425333,1.1116242129375724,True
17,2,1,0.9009839048692405,-0.18486919267914337,0.8450000000000001,0.0,0.0,5.162535923691812,0.03,0.03,0.15,0.35820925679565296,0.9395294076666625,True
18,2,1,0.555742104082283,-0.5551125275713182,0.86918589261021,0.0,0.0,2.4051379766827305,0.03,0.03,0.19837178522041984,0.2542850543313268,0.9456797627931401,True
19,2,1,0.8865360138064706,-0.34563032844968605,0.8450000000000001,0.0,0.0,3.0131299235626,0.0598000238624694,0.0598000238624694,0.15,0.4844181251288173,0.8455934914445742,True
20,2,1,1.0237598881668362,-0.7684726600766566,0.8450000000000001,0.0,0.0,0.9910586044732572,0.03,0.03,0.15,0.3177649384610373,1.01184540486578,True
21,2,1,0.7325746047504582,-0.7495228596440955,0.8450000000000001,0.0,0.0,0.15806355652772142,0.03,0.03,0.15,0.0012489589281553526,1.0397627270214358,True
22,2,1,0.9961892299830675,-0.20900929583759076,0.8450000000000001,0.0,0.0,0.5816448008443452,0.03,0.03,0.15,0.39467169454225226,1.1464617456790234,True
23,2,1,0.992512691456823,-0.8543035315016679,0.8450000000000001,0.0,0.0,0.06717165116887727,0.03,0.03,0.15,0.3953279346749383,1.059104972688849,True
24,0,1,0.7252733248679073,-0.8530038223230969,0.86,0.0,0.0,3.122136470360814,0.03,0.03,0.09,0.4848261979343102,0.9353946358181587,True
25,2,1,0.7463638171822293,-0.4915218044697952,0.8450000000000001,0.0,0.0,4.252061533002965,0.03,0.03,0.15,0.3680988853509213,1.0455214644151185,True
R
0.0,0.0,0.0,0.0,0.0,0.0,1.0
S
8
torso_lift_joint,0
r_shoulder_pan_joint,-1.69017
r_shoulder_lift_joint,-0.0788625
r_upper_arm_roll_joint,-1.69017
r_elbow_flex_joint,-1.2717
r_forearm_roll_joint,-0.151824
r_wrist_flex_joint,-1.25254
r_wrist_roll_joint,0.675062
G
0.641947,-0.605999,0.845,0.311546,-0,0
ooi
7
A
599
0.310248,-0.673113
0.310271,-0.673078
0.310294,-0.673043
0.310317,-0.673008
0.31034,-0.672973
0.310363,-0.672937
0.310386,-0.672902
0.310409,-0.672867
0.310431,-0.672832
0.310454,-0.672797
0.310477,-0.672762
0.3105,-0.672727
0.310523,-0.672691
0.310546,-0.672656
0.310569,-0.672621
0.310592,-0.672586
0.310615,-0.672551
0.310638,-0.672516
0.31066,-0.672481
0.310683,-0.672445
0.310706,-0.67241
0.310729,-0.672375
0.310752,-0.67234
0.310775,-0.672305
0.310798,-0.67227
0.310821,-0.672235
0.310844,-0.672199
0.310867,-0.672164
0.31089,-0.672129
0.310912,-0.672094
0.310935,-0.672059
0.310958,-0.672024
0.310981,-0.671989
0.311004,-0.671954
0.311027,-0.671918
0.31105,-0.671883
0.311073,-0.671848
0.311096,-0.671813
0.311119,-0.671778
0.311141,-0.671743
0.311164,-0.671708
0.311187,-0.671672
0.31121,-0.671637
0.311233,-0.671602
0.311256,-0.671567
0.311279,-0.671532
0.311302,-0.671497
0.311325,-0.671462
0.311348,-0.671426
0.311371,-0.671391
0.311393,-0.671356
0.311416,-0.671321
0.311439,-0.671286
0.311462,-0.671251
0.311485,-0.671216
0.311508,-0.67118
0.311531,-0.671145
0.311554,-0.67111
0.311577,-0.671075
0.3116,-0.67104
0.311622,-0.671005
0.311645,-0.67097
0.311668,-0.670935
0.311691,-0.670899
0.311714,-0.670864
0.311737,-0.670829
0.31176,-0.670794
0.311783,-0.670759
0.311806,-0.670724
0.311829,-0.670689
0.311852,-0.670653
0.311874,-0.670618
0.311897,-0.670583
0.31192,-0.670548
0.311943,-0.670513
0.311966,-0.670478
0.311989,-0.670443
0.312012,-0.670407
0.312035,-0.670372
0.312058,-0.670337
0.312081,-0.670302
0.312103,-0.670267
0.312126,-0.670232
0.312149,-0.670197
0.312172,-0.670161
0.312195,-0.670126
0.312218,-0.670091
0.312241,-0.670056
0.312264,-0.670021
0.312287,-0.669986
0.31231,-0.669951
0.312333,-0.669916
0.312355,-0.66988
0.312378,-0.669845
0.312401,-0.66981
0.312424,-0.669775
0.312447,-0.66974
0.31247,-0.669705
0.312493,-0.66967
0.312516,-0.669634
0.312539,-0.669599
0.312562,-0.669564
0.312584,-0.669529
0.312607,-0.669494
0.31263,-0.669459
0.312653,-0.669424
0.312676,-0.669388
0.312699,-0.669353
0.312722,-0.669318
0.312745,-0.669283
0.312768,-0.669248
0.312791,-0.669213
0.312814,-0.669178
0.312836,-0.669142
0.312859,-0.669107
0.312882,-0.669072
0.312905,-0.669037
0.312928,-0.669002
0.312951,-0.668967
0.312974,-0.668932
0.312997,-0.668897
0.31302,-0.668861
0.313043,-0.668826
0.313065,-0.668791
0.313088,-0.668756
0.313111,-0.668721
0.313134,-0.668686
0.313157,-0.668651
0.31318,-0.668615
0.313203,-0.66858
0.313226,-0.668545
0.313249,-0.66851
0.313272,-0.668475
0.313295,-0.66844
0.313317,-0.668405
0.31334,-0.668369
0.313363,-0.668334
0.313386,-0.668299
0.313409,-0.668264
0.313432,-0.668229
0.313455,-0.668194
0.313478,-0.668159
0.313501,-0.668123
0.313524,-0.668088
0.313546,-0.668053
0.313569,-0.668018
0.313592,-0.667983
0.313615,-0.667948
0.313638,-0.667913
0.313661,-0.667878
0.313684,-0.667842
0.315048,-0.668116
0.316413,-0.668389
0.317777,-0.668663
0.319141,-0.668936
0.320506,-0.66921
0.32187,-0.669483
0.323235,-0.669757
0.324599,-0.67003
0.325963,-0.670303
0.327328,-0.670577
0.328692,-0.67085
0.330057,-0.671124
0.331421,-0.671397
0.332785,-0.671671
0.33415,-0.671944
0.335514,-0.672218
0.336878,-0.672491
0.338243,-0.672765
0.339607,-0.673038
0.340972,-0.673311
0.342336,-0.673585
0.3437,-0.673858
0.345065,-0.674132
0.346429,-0.674405
0.347794,-0.674679
0.349158,-0.674952
0.350522,-0.675226
0.351887,-0.675499
0.353251,-0.675773
0.354615,-0.676046
0.35598,-0.676319
0.357344,-0.676593
0.358709,-0.676866
0.360073,-0.67714
0.361437,-0.677413
0.362802,-0.677687
0.364166,-0.67796
0.365531,-0.678234
0.366895,-0.678507
0.368259,-0.678781
0.369624,-0.679054
0.370988,-0.679327
0.372353,-0.679601
0.373717,-0.679874
0.375081,-0.680148
0.376446,-0.680421
0.37781,-0.680695
0.379174,-0.680968
0.380539,-0.681242
0.381903,-0.681515
0.383268,-0.681789
0.384632,-0.682062
0.385996,-0.682335
0.387361,-0.682609
0.388725,-0.682882
0.39009,-0.683156
0.391454,-0.683429
0.392818,-0.683703
0.394183,-0.683976
0.395547,-0.68425
0.396911,-0.684523
0.398276,-0.684797
0.39964,-0.68507
0.401005,-0.685343
0.402369,-0.685617
0.403733,-0.68589
0.405098,-0.686164
0.406462,-0.686437
0.407827,-0.686711
0.409191,-0.686984
0.410555,-0.687258
0.41192,-0.687531
0.413284,-0.687805
0.414648,-0.688078
0.416013,-0.688351
0.417377,-0.688625
0.418742,-0.688898
0.420106,-0.689172
0.42147,-0.689445
0.422835,-0.689719
0.424199,-0.689992
0.425564,-0.690266
0.426928,-0.690539
0.428292,-0.690813
0.429657,-0.691086
0.431021,-0.691359
0.432386,-0.691633
0.43375,-0.691906
0.435114,-0.69218
0.436479,-0.692453
0.437843,-0.692727
0.439207,-0.693
0.440572,-0.693274
0.441936,-0.693547
0.443301,-0.693821
0.444665,-0.694094
0.446029,-0.694368
0.447394,-0.694641
0.448758,-0.694914
0.450123,-0.695188
0.451487,-0.695461
0.452851,-0.695735
0.454216,-0.696008
0.45558,-0.696282
0.456944,-0.696555
0.458309,-0.696829
0.459673,-0.697102
0.461038,-0.697376
0.462402,-0.697649
0.463766,-0.697922
0.465131,-0.698196
0.466495,-0.698469
0.46786,-0.698743
0.469224,-0.699016
0.470588,-0.69929
0.471953,-0.699563
0.473317,-0.699837
0.474681,-0.70011
0.476046,-0.700384
0.47741,-0.700657
0.478775,-0.70093
0.480139,-0.701204
0.481503,-0.701477
0.482868,-0.701751
0.484232,-0.702024
0.485597,-0.702298
0.486961,-0.702571
0.488325,-0.702845
0.48969,-0.703118
0.491054,-0.703392
0.492419,-0.703665
0.493783,-0.703938
0.495147,-0.704212
0.496512,-0.704485
0.497876,-0.704759
0.49924,-0.705032
0.500605,-0.705306
0.501969,-0.705579
0.503334,-0.705853
0.504698,-0.706126
0.506062,-0.7064
0.507427,-0.706673
0.508791,-0.706946
0.510156,-0.70722
0.51152,-0.707493
0.512884,-0.707767
0.514249,-0.70804
0.515613,-0.708314
0.516977,-0.708587
0.51728,-0.707935
0.517582,-0.707284
0.517885,-0.706632
0.518187,-0.70598
0.51849,-0.705328
0.518792,-0.704677
0.519095,-0.704025
0.519397,-0.703373
0.5197,-0.702721
0.520002,-0.702069
0.520305,-0.701418
0.520607,-0.700766
0.52091,-0.700114
0.521212,-0.699462
0.521515,-0.698811
0.521817,-0.698159
0.52212,-0.697507
0.522422,-0.696855
0.522725,-0.696204
0.523027,-0.695552
0.52333,-0.6949
0.523632,-0.694248
0.523935,-0.693596
0.524237,-0.692945
0.52454,-0.692293
0.524842,-0.691641
0.525145,-0.690989
0.525447,-0.690338
0.52575,-0.689686
0.526052,-0.689034
0.526355,-0.688382
0.526657,-0.68773
0.52696,-0.687079
0.527262,-0.686427
0.527565,-0.685775
0.527867,-0.685123
0.52817,-0.684472
0.528472,-0.68382
0.528775,-0.683168
0.529077,-0.682516
0.52938,-0.681865
0.529682,-0.681213
0.529985,-0.680561
0.530287,-0.679909
0.53059,-0.679257
0.530892,-0.678606
0.531195,-0.677954
0.531497,-0.677302
0.5318,-0.67665
0.532102,-0.675999
0.532405,-0.675347
0.532707,-0.674695
0.53301,-0.674043
0.533312,-0.673392
0.533615,-0.67274
0.533917,-0.672088
0.53422,-0.671436
0.534522,-0.670784
0.534825,-0.670133
0.535127,-0.669481
0.53543,-0.668829
0.535732,-0.668177
0.536035,-0.667526
0.536337,-0.666874
0.53664,-0.666222
0.536942,-0.66557
0.537245,-0.664918
0.537547,-0.664267
0.53785,-0.663615
0.538152,-0.662963
0.538455,-0.662311
0.538757,-0.66166
0.53906,-0.661008
0.539362,-0.660356
0.539665,-0.659704
0.539967,-0.659053
0.54027,-0.658401
0.540572,-0.657749
0.540875,-0.657097
0.541177,-0.656445
0.54148,-0.655794
0.541782,-0.655142
0.542085,-0.65449
0.542387,-0.653838
0.54269,-0.653187
0.542992,-0.652535
0.543295,-0.651883
0.543597,-0.651231
0.5439,-0.65058
0.544202,-0.649928
0.544505,-0.649276
0.544807,-0.648624
0.54511,-0.647972
0.545412,-0.647321
0.545715,-0.646669
0.546017,-0.646017
0.54632,-0.645365
0.546622,-0.644714
0.546925,-0.644062
0.547227,-0.64341
0.54753,-0.642758
0.547832,-0.642106
0.548135,-0.641455
0.548437,-0.640803
0.54874,-0.640151
0.549042,-0.639499
0.549345,-0.638848
0.549647,-0.638196
0.54995,-0.637544
0.550252,-0.636892
0.550555,-0.636241
0.550857,-0.635589
0.55116,-0.634937
0.551462,-0.634285
0.551765,-0.633633
0.552067,-0.632982
0.55237,-0.63233
0.552672,-0.631678
0.552975,-0.631026
0.553277,-0.630375
0.55358,-0.629723
0.553882,-0.629071
0.554185,-0.628419
0.554487,-0.627768
0.55479,-0.627116
0.555092,-0.626464
0.555395,-0.625812
0.555697,-0.62516
0.556,-0.624509
0.556302,-0.623857
0.556605,-0.623205
0.556907,-0.622553
0.55721,-0.621902
0.557512,-0.62125
0.557815,-0.620598
0.558117,-0.619946
0.55842,-0.619294
0.558722,-0.618643
0.559025,-0.617991
0.559327,-0.617339
0.55963,-0.616687
0.559932,-0.616036
0.560235,-0.615384
0.560537,-0.614732
0.56084,-0.61408
0.561142,-0.613429
0.561445,-0.612777
0.561747,-0.612125
0.56205,-0.611473
0.562352,-0.610821
0.562886,-0.610789
0.56342,-0.610757
0.563955,-0.610724
0.564489,-0.610692
0.565023,-0.61066
0.565557,-0.610627
0.566091,-0.610595
0.566626,-0.610563
0.56716,-0.61053
0.567694,-0.610498
0.568228,-0.610465
0.568762,-0.610433
0.569297,-0.610401
0.569831,-0.610368
0.570365,-0.610336
0.570899,-0.610304
0.571433,-0.610271
0.571968,-0.610239
0.572502,-0.610207
0.573036,-0.610174
0.57357,-0.610142
0.574104,-0.610109
0.574639,-0.610077
0.575173,-0.610045
0.575707,-0.610012
0.576241,-0.60998
0.576775,-0.609948
0.577309,-0.609915
0.577844,-0.609883
0.578378,-0.609851
0.578912,-0.609818
0.579446,-0.609786
0.57998,-0.609753
0.580515,-0.609721
0.581049,-0.609689
0.581583,-0.609656
0.582117,-0.609624
0.582651,-0.609592
0.583186,-0.609559
0.58372,-0.609527
0.584254,-0.609495
0.584788,-0.609462
0.585322,-0.60943
0.585857,-0.609397
0.586391,-0.609365
0.586925,-0.609333
0.587459,-0.6093
0.587993,-0.609268
0.588528,-0.609236
0.589062,-0.609203
0.589596,-0.609171
0.59013,-0.609139
0.590664,-0.609106
0.591199,-0.609074
0.591733,-0.609041
0.592267,-0.609009
0.592801,-0.608977
0.593335,-0.608944
0.59387,-0.608912
0.594404,-0.60888
0.594938,-0.608847
0.595472,-0.608815
0.596006,-0.608783
0.59654,-0.60875
0.597075,-0.608718
0.597609,-0.608685
0.598143,-0.608653
0.598677,-0.608621
0.599211,-0.608588
0.599746,-0.608556
0.60028,-0.608524
0.600814,-0.608491
0.601348,-0.608459
0.601882,-0.608427
0.602417,-0.608394
0.602951,-0.608362
0.603485,-0.608329
0.604019,-0.608297
0.604553,-0.608265
0.605088,-0.608232
0.605622,-0.6082
0.606156,-0.608168
0.60669,-0.608135
0.607224,-0.608103
0.607759,-0.608071
0.608293,-0.608038
0.608827,-0.608006
0.609361,-0.607973
0.609895,-0.607941
0.61043,-0.607909
0.610964,-0.607876
0.611498,-0.607844
0.612032,-0.607812
0.612566,-0.607779
0.613101,-0.607747
0.613635,-0.607715
0.614169,-0.607682
0.614703,-0.60765
0.615237,-0.607617
0.615771,-0.607585
0.616306,-0.607553
0.61684,-0.60752
0.617374,-0.607488
0.617908,-0.607456
0.618442,-0.607423
0.618977,-0.607391
0.619511,-0.607359
0.620045,-0.607326
0.620579,-0.607294
0.621113,-0.607261
0.621648,-0.607229
0.622182,-0.607197
0.622716,-0.607164
0.62325,-0.607132
0.623784,-0.6071
0.624319,-0.607067
0.624853,-0.607035
0.625387,-0.607003
0.625921,-0.60697
0.626455,-0.606938
0.62699,-0.606905
0.627524,-0.606873
0.628058,-0.606841
0.628592,-0.606808
0.629126,-0.606776
0.629661,-0.606744
0.630195,-0.606711
0.630729,-0.606679
0.631263,-0.606647
0.631797,-0.606614
0.632331,-0.606582
0.632866,-0.606549
0.6334,-0.606517
0.633934,-0.606485
0.634468,-0.606452
0.635002,-0.60642
0.635537,-0.606388
0.636071,-0.606355
0.636605,-0.606323
0.637139,-0.606291
0.637673,-0.606258
0.638208,-0.606226
0.638742,-0.606193
0.639276,-0.606161
0.63981,-0.606129
0.640344,-0.606096
0.640879,-0.606064
0.641413,-0.606032
0.641947,-0.605999
