O
25
1,0,-1,0.78,-0.5,0.75,0.0,0.0,0.0,0.3,0.4,0.02,0,0.8,False
2,0,-1,1.1,-0.5,0.93,0.0,0.0,0.0,0.02,0.4,0.2,0,0.8,False
3,0,-1,0.78,-0.5,1.11,0.0,0.0,0.0,0.3,0.4,0.02,0,0.8,False
4,0,-1,0.8,-0.92,0.93,0.0,0.0,0.0,0.32,0.02,0.2,0,0.8,False
5,0,-1,0.8,-0.08,0.93,0.0,0.0,0.0,0.32,0.02,0.2,0,0.8,False
6,0,0,0.7448793492367931,-0.5363245803636058,0.9079399602529501,0.0,0.0,0.09828857110546003,0.04075701572036774,0.03,0.13793996025295002,0.09014186223955062,0.9774419041006759,False
7,0,0,0.7738438859727098,-0.6209253241323639,0.86,0.0,0.0,3.634015141266691,0.03,0.03,0.09,0.36973256719854264,1.0647332244018293,False
8,2,0,0.5768491839697761,-0.4156117057776662,0.8639643060298504,0.0,0.0,5.3191545967215585,0.04258002105155837,0.04258002105155837,0.18792861205970085,0.40998629006830983,0.8065512175928476,False
9,2,0,0.7224671362470422,-0.7717665798172335,0.8450000000000001,0.0,0.0,4.912708757606162,0.0641137444963064,0.0641137444963064,0.15,0.41062188416470247,1.1838915107976375,False
10,0,0,0.5178431756856008,-0.7924337070326266,0.86,0.0,0.0,4.739260905383198,0.03,0.03,0.09,0.08554848471949517,1.1313104325005625,False
11,2,1,0.7832070599380061,-0.34727853930481456,0.8450000000000001,0.0,0.0,0.14225280402812826,0.045073234980685516,0.045073234980685516,0.15,0.3228317160112196,0.91809960180611,True
12,2,1,0.8624274115774616,-0.19232615314627433,0.8620495725808477,0.0,0.0,3.283238401770932,0.03,0.03,0.18409914516169545,0.36699340998649294,1.0004940040683585,True
13,0,1,0.938408768073059,-0.665645836488441,0.86,0.0,0.0,3.5843657221770506,0.053667598318467055,0.03932628249554958,0.09,0.00545482350373383,1.1191463977484548,True
14,2,1,1.0314923286988211,-0.1492235530888869,0.8450000000000001,0.0,0.0,4.667925163406874,0.03,0.03,0.15,0.1339150632388606,1.0682820837429157,True
15,0,1,0.9696910809398552,-0.40417851011582007,0.86,0.0,0.0,5.859130505188632,0.05769957836289147,0.07843462273243028,0.09,0.1889393898682058,1.1658529741030423,True
16,2,1,0.5347805983312941,-0.6272788470057195,0.8668840152943468,0.0,0.0,0.39697114119804183,0.03,0.03,0.19376803058869366,0.2751309810852297,0.8634275327700377,True
17,2,1,0.620088108771305,-0.5379899125357712,0.8450000000000001,0.0,0.0,4.95545853466152,0.03,0.03,0.15,0.1775197354375364,1.085511820335915,True
18,0,1,0.6107736837676339,-0.2129385922976571,0.8889732298631686,0.0,0.0,1.9982919557633594,0.07843973483381315,0.057868039006477245,0.1189732298631686,0.34027440607695214,1.0364269482932384,True
19,0,1,0.9097716337910956,-0.8451630488161574,0.9121353267260686,0.0,0.0,1.0250308758700597,0.03,0.03,0.14213532672606852,0.0003694430164528084,0.9796209319635517,True
20,2,1,0.8372597101654149,-0.5285858086200659,0.8450000000000001,0.0,0.0,0.1773089113848135,0.03,0.03,0.15,0.15676703020378874,1.1004371240693809,True
21,2,1,1.0188326610677687,-0.23529339780233993,0.8671984427677426,0.0,0.0,2.908613804138638,0.03,0.03,0.19439688553548506,0.0023606665111125524,0.9128103073936736,True
22,2,1,0.7691143176953052,-0.18725447780172721,0.8598488830948825,0.0,0.0,2.2834257408799012,0.03,0.03,0.17969776618976496,0.3032679142059419,0.849833239493539,True
23,2,1,0.6003261747772201,-0.7465953398349061,0.8450000000000001,0.0,0.0,3.146259070580607,0.03135478405878055,0.03135478405878055,0.15,0.10988716444929775,0.8486797276857221,True
24,2,1,0.5269141721255741,-0.5285261129468641,0.8450000000000001,0.0,0.0,2.9961198968518437,0.03,0.03,0.15,0.4550356696406274,0.8307669264439059,True
25,2,1,1.002417200080587,-0.7975093173149114,0.8450000000000001,0.0,0.0,2.04233712684595,0.03,0.03,0.15,0.43096300831485157,1.1611126521608797,True
R
0.0,0.0,0.0,0.0,0.0,0.0,1.0
S
8
torso_lift_joint,0
r_shoulder_pan_joint,-1.69017
r_shoulder_lift_joint,-0.0788625
r_upper_arm_roll_joint,-1.69017
r_elbow_flex_joint,-1.2717
r_forearm_roll_joint,-0.151824
r_wrist_flex_joint,-1.25254
r_wrist_roll_joint,0.675062
G
0.510815,-0.473142,0.863964,0.716689,-0,0
ooi
8
A
599
0.310248,-0.673113
0.309862,-0.673292
0.309475,-0.673472
0.309089,-0.673651
0.308703,-0.67383
0.308316,-0.674009
0.30793,-0.674189
0.307544,-0.674368
0.307157,-0.674547
0.306771,-0.674726
0.306384,-0.674906
0.305998,-0.675085
0.305612,-0.675264
0.305225,-0.675444
0.304839,-0.675623
0.304453,-0.675802
0.304066,-0.675981
0.30368,-0.676161
0.303293,-0.67634
0.302907,-0.676519
0.302521,-0.676698
0.302134,-0.676878
0.301748,-0.677057
0.301362,-0.677236
0.300975,-0.677416
0.300589,-0.677595
0.300202,-0.677774
0.299816,-0.677953
0.29943,-0.678133
0.299043,-0.678312
0.298657,-0.678491
0.298271,-0.67867
0.297884,-0.67885
0.297498,-0.679029
0.297111,-0.679208
0.296725,-0.679387
0.296339,-0.679567
0.295952,-0.679746
0.295566,-0.679925
0.29518,-0.680105
0.294793,-0.680284
0.294407,-0.680463
0.29402,-0.680642
0.293634,-0.680822
0.293248,-0.681001
0.292861,-0.68118
0.292475,-0.681359
0.292089,-0.681539
0.291702,-0.681718
0.291316,-0.681897
0.290929,-0.682076
0.290543,-0.682256
0.290157,-0.682435
0.28977,-0.682614
0.289384,-0.682794
0.288998,-0.682973
0.288611,-0.683152
0.288225,-0.683331
0.287838,-0.683511
0.287452,-0.68369
0.287066,-0.683869
0.286679,-0.684048
0.286293,-0.684228
0.285907,-0.684407
0.28552,-0.684586
0.285134,-0.684765
0.284747,-0.684945
0.284361,-0.685124
0.283975,-0.685303
0.283588,-0.685483
0.283202,-0.685662
0.282816,-0.685841
0.282429,-0.68602
0.282043,-0.6862
0.281656,-0.686379
0.28127,-0.686558
0.280884,-0.686737
0.280497,-0.686917
0.280111,-0.687096
0.279725,-0.687275
0.279338,-0.687455
0.278952,-0.687634
0.278565,-0.687813
0.278179,-0.687992
0.277793,-0.688172
0.277406,-0.688351
0.27702,-0.68853
0.276634,-0.688709
0.276247,-0.688889
0.275861,-0.689068
0.275474,-0.689247
0.275088,-0.689426
0.274702,-0.689606
0.274315,-0.689785
0.273929,-0.689964
0.273543,-0.690144
0.273156,-0.690323
0.27277,-0.690502
0.272383,-0.690681
0.271997,-0.690861
0.271611,-0.69104
0.271224,-0.691219
0.270838,-0.691398
0.270452,-0.691578
0.270065,-0.691757
0.269679,-0.691936
0.269292,-0.692115
0.268906,-0.692295
0.26852,-0.692474
0.268133,-0.692653
0.267747,-0.692833
0.267361,-0.693012
0.266974,-0.693191
0.266588,-0.69337
0.266201,-0.69355
0.265815,-0.693729
0.265429,-0.693908
0.265042,-0.694087
0.264656,-0.694267
0.26427,-0.694446
0.263883,-0.694625
0.263497,-0.694804
0.26311,-0.694984
0.262724,-0.695163
0.262338,-0.695342
0.261951,-0.695522
0.261565,-0.695701
0.261179,-0.69588
0.260792,-0.696059
0.260406,-0.696239
0.260019,-0.696418
0.259633,-0.696597
0.259247,-0.696776
0.25886,-0.696956
0.258474,-0.697135
0.258088,-0.697314
0.257701,-0.697494
0.257315,-0.697673
0.256928,-0.697852
0.256542,-0.698031
0.256156,-0.698211
0.255769,-0.69839
0.255383,-0.698569
0.254997,-0.698748
0.25461,-0.698928
0.254224,-0.699107
0.253837,-0.699286
0.253451,-0.699465
0.253065,-0.699645
0.252678,-0.699824
0.252292,-0.700003
0.253239,-0.698884
0.254186,-0.697765
0.255133,-0.696647
0.25608,-0.695528
0.257027,-0.694409
0.257974,-0.69329
0.258921,-0.692171
0.259868,-0.691052
0.260815,-0.689933
0.261762,-0.688814
0.262709,-0.687696
0.263656,-0.686577
0.264603,-0.685458
0.265551,-0.684339
0.266498,-0.68322
0.267445,-0.682101
0.268392,-0.680982
0.269339,-0.679863
0.270286,-0.678744
0.271233,-0.677626
0.27218,-0.676507
0.273127,-0.675388
0.274074,-0.674269
0.275021,-0.67315
0.275968,-0.672031
0.276915,-0.670912
0.277862,-0.669793
0.278809,-0.668674
0.279756,-0.667556
0.280703,-0.666437
0.28165,-0.665318
0.282597,-0.664199
0.283544,-0.66308
0.284491,-0.661961
0.285438,-0.660842
0.286385,-0.659723
0.287332,-0.658604
0.288279,-0.657486
0.289226,-0.656367
0.290174,-0.655248
0.291121,-0.654129
0.292068,-0.65301
0.293015,-0.651891
0.293962,-0.650772
0.294909,-0.649653
0.295856,-0.648534
0.296803,-0.647416
0.29775,-0.646297
0.298697,-0.645178
0.299644,-0.644059
0.300591,-0.64294
0.301538,-0.641821
0.302485,-0.640702
0.303432,-0.639583
0.304379,-0.638464
0.305326,-0.637346
0.306273,-0.636227
0.30722,-0.635108
0.308167,-0.633989
0.309114,-0.63287
0.310061,-0.631751
0.311008,-0.630632
0.311955,-0.629513
0.312902,-0.628394
0.313849,-0.627276
0.314797,-0.626157
0.315744,-0.625038
0.316691,-0.623919
0.317638,-0.6228
0.318585,-0.621681
0.319532,-0.620562
0.320479,-0.619443
0.321426,-0.618324
0.322373,-0.617206
0.32332,-0.616087
0.324267,-0.614968
0.325214,-0.613849
0.326161,-0.61273
0.327108,-0.611611
0.328055,-0.610492
0.329002,-0.609373
0.329949,-0.608254
0.330896,-0.607136
0.331843,-0.606017
0.33279,-0.604898
0.333737,-0.603779
0.334684,-0.60266
0.335631,-0.601541
0.336578,-0.600422
0.337525,-0.599303
0.338473,-0.598185
0.33942,-0.597066
0.340367,-0.595947
0.341314,-0.594828
0.342261,-0.593709
0.343208,-0.59259
0.344155,-0.591471
0.345102,-0.590352
0.346049,-0.589233
0.346996,-0.588115
0.347943,-0.586996
0.34889,-0.585877
0.349837,-0.584758
0.350784,-0.583639
0.351731,-0.58252
0.352678,-0.581401
0.353625,-0.580282
0.354572,-0.579163
0.355519,-0.578045
0.356466,-0.576926
0.357413,-0.575807
0.35836,-0.574688
0.359307,-0.573569
0.360254,-0.57245
0.361201,-0.571331
0.362148,-0.570212
0.363096,-0.569093
0.364043,-0.567975
0.36499,-0.566856
0.365937,-0.565737
0.366884,-0.564618
0.367831,-0.563499
0.368778,-0.56238
0.369725,-0.561261
0.370672,-0.560142
0.371619,-0.559023
0.372566,-0.557905
0.373513,-0.556786
0.37446,-0.555667
0.375407,-0.554548
0.376354,-0.553429
0.377301,-0.55231
0.378248,-0.551191
0.379195,-0.550072
0.380142,-0.548953
0.381089,-0.547835
0.382036,-0.546716
0.382983,-0.545597
0.38393,-0.544478
0.384877,-0.543359
0.385824,-0.54224
0.386771,-0.541121
0.387719,-0.540002
0.388666,-0.538883
0.389613,-0.537765
0.39056,-0.536646
0.391507,-0.535527
0.392454,-0.534408
0.393401,-0.533289
0.393305,-0.532854
0.39321,-0.532419
0.393115,-0.531984
0.393019,-0.531549
0.392924,-0.531114
0.392828,-0.530679
0.392733,-0.530245
0.392637,-0.52981
0.392542,-0.529375
0.392447,-0.52894
0.392351,-0.528505
0.392256,-0.52807
0.39216,-0.527635
0.392065,-0.5272
0.39197,-0.526765
0.391874,-0.52633
0.391779,-0.525895
0.391683,-0.52546
0.391588,-0.525025
0.391493,-0.524591
0.391397,-0.524156
0.391302,-0.523721
0.391206,-0.523286
0.391111,-0.522851
0.391015,-0.522416
0.39092,-0.521981
0.390825,-0.521546
0.390729,-0.521111
0.390634,-0.520676
0.390538,-0.520241
0.390443,-0.519806
0.390348,-0.519371
0.390252,-0.518937
0.390157,-0.518502
0.390061,-0.518067
0.389966,-0.517632
0.389871,-0.517197
0.389775,-0.516762
0.38968,-0.516327
0.389584,-0.515892
0.389489,-0.515457
0.389393,-0.515022
0.389298,-0.514587
0.389203,-0.514152
0.389107,-0.513718
0.389012,-0.513283
0.388916,-0.512848
0.388821,-0.512413
0.388726,-0.511978
0.38863,-0.511543
0.388535,-0.511108
0.388439,-0.510673
0.388344,-0.510238
0.388249,-0.509803
0.388153,-0.509368
0.388058,-0.508933
0.387962,-0.508498
0.387867,-0.508064
0.387771,-0.507629
0.387676,-0.507194
0.387581,-0.506759
0.387485,-0.506324
0.38739,-0.505889
0.387294,-0.505454
0.387199,-0.505019
0.387104,-0.504584
0.387008,-0.504149
0.386913,-0.503714
0.386817,-0.503279
0.386722,-0.502844
0.386627,-0.50241
0.386531,-0.501975
0.386436,-0.50154
0.38634,-0.501105
0.386245,-0.50067
0.386149,-0.500235
0.386054,-0.4998
0.385959,-0.499365
0.385863,-0.49893
0.385768,-0.498495
0.385672,-0.49806
0.385577,-0.497625
0.385482,-0.49719
0.385386,-0.496756
0.385291,-0.496321
0.385195,-0.495886
0.3851,-0.495451
0.385005,-0.495016
0.384909,-0.494581
0.384814,-0.494146
0.384718,-0.493711
0.384623,-0.493276
0.384527,-0.492841
0.384432,-0.492406
0.384337,-0.491971
0.384241,-0.491536
0.384146,-0.491102
0.38405,-0.490667
0.383955,-0.490232
0.38386,-0.489797
0.383764,-0.489362
0.383669,-0.488927
0.383573,-0.488492
0.383478,-0.488057
0.383383,-0.487622
0.383287,-0.487187
0.383192,-0.486752
0.383096,-0.486317
0.383001,-0.485882
0.382905,-0.485448
0.38281,-0.485013
0.382715,-0.484578
0.382619,-0.484143
0.382524,-0.483708
0.382428,-0.483273
0.382333,-0.482838
0.382238,-0.482403
0.382142,-0.481968
0.382047,-0.481533
0.381951,-0.481098
0.381856,-0.480663
0.381761,-0.480228
0.381665,-0.479794
0.38157,-0.479359
0.381474,-0.478924
0.381379,-0.478489
0.381283,-0.478054
0.381188,-0.477619
0.381093,-0.477184
0.380997,-0.476749
0.380902,-0.476314
0.380806,-0.475879
0.380711,-0.475444
0.380616,-0.475009
0.38052,-0.474574
0.380425,-0.47414
0.380329,-0.473705
0.380234,-0.47327
0.380139,-0.472835
0.380043,-0.4724
0.379948,-0.471965
0.379852,-0.47153
0.379757,-0.471095
0.379661,-0.47066
0.379566,-0.470225
0.379471,-0.46979
0.379375,-0.469355
0.37928,-0.46892
0.379184,-0.468486
0.379089,-0.468051
0.379973,-0.468085
0.380857,-0.468119
0.381741,-0.468153
0.382625,-0.468187
0.383509,-0.468221
0.384393,-0.468256
0.385277,-0.46829
0.386162,-0.468324
0.387046,-0.468358
0.38793,-0.468392
0.388814,-0.468426
0.389698,-0.468461
0.390582,-0.468495
0.391466,-0.468529
0.39235,-0.468563
0.393234,-0.468597
0.394118,-0.468632
0.395002,-0.468666
0.395886,-0.4687
0.39677,-0.468734
0.397654,-0.468768
0.398538,-0.468802
0.399423,-0.468837
0.400307,-0.468871
0.401191,-0.468905
0.402075,-0.468939
0.402959,-0.468973
0.403843,-0.469007
0.404727,-0.469042
0.405611,-0.469076
0.406495,-0.46911
0.407379,-0.469144
0.408263,-0.469178
0.409147,-0.469212
0.410031,-0.469247
0.410915,-0.469281
0.4118,-0.469315
0.412684,-0.469349
0.413568,-0.469383
0.414452,-0.469417
0.415336,-0.469452
0.41622,-0.469486
0.417104,-0.46952
0.417988,-0.469554
0.418872,-0.469588
0.419756,-0.469623
0.42064,-0.469657
0.421524,-0.469691
0.422408,-0.469725
0.423292,-0.469759
0.424176,-0.469793
0.425061,-0.469828
0.425945,-0.469862
0.426829,-0.469896
0.427713,-0.46993
0.428597,-0.469964
0.429481,-0.469998
0.430365,-0.470033
0.431249,-0.470067
0.432133,-0.470101
0.433017,-0.470135
0.433901,-0.470169
0.434785,-0.470203
0.435669,-0.470238
0.436553,-0.470272
0.437437,-0.470306
0.438322,-0.47034
0.439206,-0.470374
0.44009,-0.470409
0.440974,-0.470443
0.441858,-0.470477
0.442742,-0.470511
0.443626,-0.470545
0.44451,-0.470579
0.445394,-0.470614
0.446278,-0.470648
0.447162,-0.470682
0.448046,-0.470716
0.44893,-0.47075
0.449814,-0.470784
0.450699,-0.470819
0.451583,-0.470853
0.452467,-0.470887
0.453351,-0.470921
0.454235,-0.470955
0.455119,-0.470989
0.456003,-0.471024
0.456887,-0.471058
0.457771,-0.471092
0.458655,-0.471126
0.459539,-0.47116
0.460423,-0.471194
0.461307,-0.471229
0.462191,-0.471263
0.463075,-0.471297
0.46396,-0.471331
0.464844,-0.471365
0.465728,-0.4714
0.466612,-0.471434
0.467496,-0.471468
0.46838,-0.471502
0.469264,-0.471536
0.470148,-0.47157
0.471032,-0.471605
0.471916,-0.471639
0.4728,-0.471673
0.473684,-0.471707
0.474568,-0.471741
0.475452,-0.471775
0.476337,-0.47181
0.477221,-0.471844
0.478105,-0.471878
0.478989,-0.471912
0.479873,-0.471946
0.480757,-0.47198
0.481641,-0.472015
0.482525,-0.472049
0.483409,-0.472083
0.484293,-0.472117
0.485177,-0.472151
0.486061,-0.472185
0.486945,-0.47222
0.487829,-0.472254
0.488713,-0.472288
0.489598,-0.472322
0.490482,-0.472356
0.491366,-0.472391
0.49225,-0.472425
0.493134,-0.472459
0.494018,-0.472493
0.494902,-0.472527
0.495786,-0.472561
0.49667,-0.472596
0.497554,-0.47263
0.498438,-0.472664
0.499322,-0.472698
0.500206,-0.472732
0.50109,-0.472766
0.501974,-0.472801
0.502859,-0.472835
0.503743,-0.472869
0.504627,-0.472903
0.505511,-0.472937
0.506395,-0.472971
0.507279,-0.473006
0.508163,-0.47304
0.509047,-0.473074
0.509931,-0.473108
0.510815,-0.473142
