O
25
1,0,-1,0.78,-0.5,0.75,0.0,0.0,0.0,0.3,0.4,0.02,0,0.8,False
2,0,-1,1.1,-0.5,0.93,0.0,0.0,0.0,0.02,0.4,0.2,0,0.8,False
3,0,-1,0.78,-0.5,1.11,0.0,0.0,0.0,0.3,0.4,0.02,0,0.8,False
4,0,-1,0.8,-0.92,0.93,0.0,0.0,0.0,0.32,0.02,0.2,0,0.8,False
5,0,-1,0.8,-0.08,0.93,0.0,0.0,0.0,0.32,0.02,0.2,0,0.8,False
6,0,0,0.7140992636022042,-0.7344373302402831,0.86,0.0,0.0,6.238964101440078,0.04827823078976834,0.03,0.09,0.05151828113816509,0.9003987887009022,False
7,0,0,0.8566032773978323,-0.5913578768921555,0.9086248681252409,0.0,0.0,5.256398257663739,0.03,0.03,0.13862486812524089,0.09569349551382772,0.9977444367708056,False
8,0,0,0.5543493839843261,-0.5263333466495155,0.86,0.0,0.0,0.6770916514261414,0.03,0.03,0.09,0.2623516147115094,0.9480435161613887,False
9,0,0,0.6417228752466965,-0.3145489829421647,0.86,0.0,0.0,5.600589518626414,0.039433690047456595,0.04639117733745023,0.09,0.47228006547095025,0.9438392857327208,False
10,2,0,0.7755361161016086,-0.2033081932463331,0.8450000000000001,0.0,0.0,1.0156482650997758,0.03887855674228127,0.03887855674228127,0.15,0.4798491702685622,0.9388339362703628,False
11,2,1,0.6896019239256094,-0.6365697244371307,0.8450000000000001,0.0,0.0,0.8103357815039612,0.03,0.03,0.15,0.12788618220195108,1.1969307211999596,True
12,0,1,0.7116559247182868,-0.8330973700605435,0.8797864524034317,0.0,0.0,2.0062233178142512,0.03,0.036889366606802206,0.10978645240343161,0.46897512464943913,0.8251436336046107,True
13,0,1,0.9442733820983558,-0.755087479208564,0.86,0.0,0.0,4.350187498128504,0.05302329592904671,0.03653177635396799,0.09,0.459995796502895,0.9925595555028969,True
14,0,1,0.5546577256611037,-0.7667822321511175,0.86,0.0,0.0,3.2019817351051234,0.07244037671681938,0.03351414186285769,0.09,0.4848431538913577,0.8945439123671207,True
15,0,1,0.9599010355992277,-0.19434609183382712,0.8757330386328319,0.0,0.0,4.734736168529206,0.07830216419955169,0.06354415602832149,0.10573303863283186,0.0728415080383581,1.0189518203608419,True
16,2,1,0.9585890367678158,-0.6135039204066606,0.8450000000000001,0.0,0.0,0.6137794447867234,0.034120715790156846,0.034120715790156846,0.15,0.36664697660870704,1.1421731255496599,True
17,2,1,1.005009841559615,-0.4465058910631394,0.8450000000000001,0.0,0.0,5.191467627385019,0.03,0.03,0.15,0.41632758297804906,0.8590924450801926,True
18,2,1,0.7489939961220977,-0.3838177479932663,0.857027035440086,0.0,0.0,1.5000413871923808,0.03,0.03,0.17405407088017183,0.38699043115133147,0.9841493775643407,True
19,2,1,0.9067410125117339,-0.433961543993701,0.8450000000000001,0.0,0.0,3.409076309119269,0.03,0.03,0.15,0.2982956030812727,0.8745394117396716,True
20,0,1,0.5539529591238562,-0.4313079018792764,0.86,0.0,0.0,4.187948819607538,0.03,0.03,0.09,0.3351962233657584,0.9046745903991676,True
21,2,1,0.5280274363134563,-0.17254040976815688,0.8529250745115089,0.0,0.0,3.537037323897612,0.03,0.03,0.16585014902301765,0.11659830236694729,0.8316734805086845,True
22,2,1,0.868828932759012,-0.33932275502450626,0.8450000000000001,0.0,0.0,3.7905059437507083,0.03,0.03,0.15,0.041693718451286665,1.1664112611064013,True
23,0,1,0.693576290274516,-0.4888005572417407,0.86,0.0,0.0,2.8833414435764304,0.03,0.03,0.09,0.05200452376912584,0.859162778000917,True
24,2,1,0.7822097545822113,-0.49503576496849794,0.8450000000000001,0.0,0.0,0.24834364903099343,0.03,0.03,0.15,0.3110378398944273,1.0090658264181005,True
25,2,1,0.6373599120626382,-0.1825445249905795,0.8450000000000001,0.0,0.0,2.1762138440592964,0.03,0.03,0.15,0.04077587921398945,1.17779295829693,True
R
0.0,0.0,0.0,0.0,0.0,0.0,1.0
S
8
torso_lift_joint,0
r_shoulder_pan_joint,-1.69017
r_shoulder_lift_joint,-0.0788625
r_upper_arm_roll_joint,-1.69017
r_elbow_flex_joint,-1.2717
r_forearm_roll_joint,-0.151824
r_wrist_flex_joint,-1.25254
r_wrist_roll_joint,0.675062
G
0.620912,-0.730314,0.86,3.09737,-3.14159,3.14159
ooi
6
A
599
0.310248,-0.673113
0.310875,-0.673445
0.311502,-0.673777
0.312129,-0.67411
0.312756,-0.674442
0.313383,-0.674774
0.31401,-0.675106
0.314637,-0.675438
0.315264,-0.67577
0.315891,-0.676102
0.316518,-0.676435
0.317145,-0.676767
0.317772,-0.677099
0.318399,-0.677431
0.319026,-0.677763
0.319653,-0.678095
0.32028,-0.678427
0.320907,-0.67876
0.321534,-0.679092
0.322161,-0.679424
0.322788,-0.679756
0.323415,-0.680088
0.324042,-0.68042
0.324669,-0.680753
0.325296,-0.681085
0.325923,-0.681417
0.32655,-0.681749
0.327177,-0.682081
0.327804,-0.682413
0.328431,-0.682745
0.329058,-0.683078
0.329685,-0.68341
0.330312,-0.683742
0.330939,-0.684074
0.331566,-0.684406
0.332193,-0.684738
0.33282,-0.68507
0.333447,-0.685403
0.334074,-0.685735
0.334701,-0.686067
0.335328,-0.686399
0.335955,-0.686731
0.336582,-0.687063
0.337209,-0.687396
0.337836,-0.687728
0.338463,-0.68806
0.33909,-0.688392
0.339717,-0.688724
0.340344,-0.689056
0.340971,-0.689388
0.341598,-0.689721
0.342225,-0.690053
0.342852,-0.690385
0.343479,-0.690717
0.344106,-0.691049
0.344733,-0.691381
0.34536,-0.691714
0.345987,-0.692046
0.346614,-0.692378
0.347241,-0.69271
0.347868,-0.693042
0.348495,-0.693374
0.349122,-0.693706
0.349749,-0.694039
0.350375,-0.694371
0.351002,-0.694703
0.351629,-0.695035
0.352256,-0.695367
0.352883,-0.695699
0.35351,-0.696031
0.354137,-0.696364
0.354764,-0.696696
0.355391,-0.697028
0.356018,-0.69736
0.356645,-0.697692
0.357272,-0.698024
0.357899,-0.698357
0.358526,-0.698689
0.359153,-0.699021
0.35978,-0.699353
0.360407,-0.699685
0.361034,-0.700017
0.361661,-0.700349
0.362288,-0.700682
0.362915,-0.701014
0.363542,-0.701346
0.364169,-0.701678
0.364796,-0.70201
0.365423,-0.702342
0.36605,-0.702674
0.366677,-0.703007
0.367304,-0.703339
0.367931,-0.703671
0.368558,-0.704003
0.369185,-0.704335
0.369812,-0.704667
0.370439,-0.705
0.371066,-0.705332
0.371693,-0.705664
0.37232,-0.705996
0.372947,-0.706328
0.373574,-0.70666
0.374201,-0.706992
0.374828,-0.707325
0.375455,-0.707657
0.376082,-0.707989
0.376709,-0.708321
0.377336,-0.708653
0.377963,-0.708985
0.37859,-0.709317
0.379217,-0.70965
0.379844,-0.709982
0.380471,-0.710314
0.381098,-0.710646
0.381725,-0.710978
0.382352,-0.71131
0.382979,-0.711643
0.383606,-0.711975
0.384233,-0.712307
0.38486,-0.712639
0.385487,-0.712971
0.386114,-0.713303
0.386741,-0.713635
0.387368,-0.713968
0.387995,-0.7143
0.388622,-0.714632
0.389249,-0.714964
0.389876,-0.715296
0.390503,-0.715628
0.39113,-0.715961
0.391757,-0.716293
0.392384,-0.716625
0.393011,-0.716957
0.393638,-0.717289
0.394265,-0.717621
0.394892,-0.717953
0.395519,-0.718286
0.396146,-0.718618
0.396773,-0.71895
0.3974,-0.719282
0.398027,-0.719614
0.398654,-0.719946
0.399281,-0.720278
0.399908,-0.720611
0.400535,-0.720943
0.401162,-0.721275
0.401789,-0.721607
0.402416,-0.721939
0.403043,-0.722271
0.40367,-0.722604
0.404297,-0.722936
0.404624,-0.723217
0.404951,-0.723498
0.405279,-0.723779
0.405606,-0.72406
0.405934,-0.724341
0.406261,-0.724622
0.406588,-0.724903
0.406916,-0.725185
0.407243,-0.725466
0.407571,-0.725747
0.407898,-0.726028
0.408226,-0.726309
0.408553,-0.72659
0.40888,-0.726871
0.409208,-0.727152
0.409535,-0.727434
0.409863,-0.727715
0.41019,-0.727996
0.410517,-0.728277
0.410845,-0.728558
0.411172,-0.728839
0.4115,-0.72912
0.411827,-0.729401
0.412154,-0.729682
0.412482,-0.729964
0.412809,-0.730245
0.413137,-0.730526
0.413464,-0.730807
0.413792,-0.731088
0.414119,-0.731369
0.414446,-0.73165
0.414774,-0.731931
0.415101,-0.732213
0.415429,-0.732494
0.415756,-0.732775
0.416083,-0.733056
0.416411,-0.733337
0.416738,-0.733618
0.417066,-0.733899
0.417393,-0.73418
0.41772,-0.734461
0.418048,-0.734743
0.418375,-0.735024
0.418703,-0.735305
0.41903,-0.735586
0.419358,-0.735867
0.419685,-0.736148
0.420012,-0.736429
0.42034,-0.73671
0.420667,-0.736992
0.420995,-0.737273
0.421322,-0.737554
0.421649,-0.737835
0.421977,-0.738116
0.422304,-0.738397
0.422632,-0.738678
0.422959,-0.738959
0.423286,-0.73924
0.423614,-0.739522
0.423941,-0.739803
0.424269,-0.740084
0.424596,-0.740365
0.424924,-0.740646
0.425251,-0.740927
0.425578,-0.741208
0.425906,-0.741489
0.426233,-0.741771
0.426561,-0.742052
0.426888,-0.742333
0.427215,-0.742614
0.427543,-0.742895
0.42787,-0.743176
0.428198,-0.743457
0.428525,-0.743738
0.428852,-0.744019
0.42918,-0.744301
0.429507,-0.744582
0.429835,-0.744863
0.430162,-0.745144
0.43049,-0.745425
0.430817,-0.745706
0.431144,-0.745987
0.431472,-0.746268
0.431799,-0.746549
0.432127,-0.746831
0.432454,-0.747112
0.432781,-0.747393
0.433109,-0.747674
0.433436,-0.747955
0.433764,-0.748236
0.434091,-0.748517
0.434419,-0.748798
0.434746,-0.74908
0.435073,-0.749361
0.435401,-0.749642
0.435728,-0.749923
0.436056,-0.750204
0.436383,-0.750485
0.43671,-0.750766
0.437038,-0.751047
0.437365,-0.751328
0.437693,-0.75161
0.43802,-0.751891
0.438347,-0.752172
0.438675,-0.752453
0.439002,-0.752734
0.43933,-0.753015
0.439657,-0.753296
0.439985,-0.753577
0.440312,-0.753859
0.440639,-0.75414
0.440967,-0.754421
0.441294,-0.754702
0.441622,-0.754983
0.441949,-0.755264
0.442276,-0.755545
0.442604,-0.755826
0.442931,-0.756107
0.443259,-0.756389
0.443586,-0.75667
0.443913,-0.756951
0.444241,-0.757232
0.444568,-0.757513
0.444896,-0.757794
0.445223,-0.758075
0.445551,-0.758356
0.445878,-0.758638
0.446205,-0.758919
0.446533,-0.7592
0.44686,-0.759481
0.447188,-0.759762
0.447515,-0.760043
0.447842,-0.760324
0.44817,-0.760605
0.448497,-0.760886
0.448825,-0.761168
0.449152,-0.761449
0.449479,-0.76173
0.449807,-0.762011
0.450134,-0.762292
0.450462,-0.762573
0.450789,-0.762854
0.451117,-0.763135
0.451444,-0.763416
0.451771,-0.763698
0.452099,-0.763979
0.452426,-0.76426
0.452754,-0.764541
0.453081,-0.764822
0.452766,-0.764787
0.452451,-0.764753
0.452135,-0.764718
0.45182,-0.764683
0.451505,-0.764649
0.45119,-0.764614
0.450875,-0.764579
0.450559,-0.764544
0.450244,-0.76451
0.449929,-0.764475
0.449614,-0.76444
0.449299,-0.764406
0.448983,-0.764371
0.448668,-0.764336
0.448353,-0.764302
0.448038,-0.764267
0.447722,-0.764232
0.447407,-0.764197
0.447092,-0.764163
0.446777,-0.764128
0.446462,-0.764093
0.446146,-0.764059
0.445831,-0.764024
0.445516,-0.763989
0.445201,-0.763955
0.444886,-0.76392
0.44457,-0.763885
0.444255,-0.76385
0.44394,-0.763816
0.443625,-0.763781
0.44331,-0.763746
0.442994,-0.763712
0.442679,-0.763677
0.442364,-0.763642
0.442049,-0.763608
0.441734,-0.763573
0.441418,-0.763538
0.441103,-0.763503
0.440788,-0.763469
0.440473,-0.763434
0.440157,-0.763399
0.439842,-0.763365
0.439527,-0.76333
0.439212,-0.763295
0.438897,-0.763261
0.438581,-0.763226
0.438266,-0.763191
0.437951,-0.763156
0.437636,-0.763122
0.437321,-0.763087
0.437005,-0.763052
0.43669,-0.763018
0.436375,-0.762983
0.43606,-0.762948
0.435745,-0.762914
0.435429,-0.762879
0.435114,-0.762844
0.434799,-0.762809
0.434484,-0.762775
0.434169,-0.76274
0.433853,-0.762705
0.433538,-0.762671
0.433223,-0.762636
0.432908,-0.762601
0.432593,-0.762567
0.432277,-0.762532
0.431962,-0.762497
0.431647,-0.762462
0.431332,-0.762428
0.431016,-0.762393
0.430701,-0.762358
0.430386,-0.762324
0.430071,-0.762289
0.429756,-0.762254
0.42944,-0.76222
0.429125,-0.762185
0.42881,-0.76215
0.428495,-0.762115
0.42818,-0.762081
0.427864,-0.762046
0.427549,-0.762011
0.427234,-0.761977
0.426919,-0.761942
0.426604,-0.761907
0.426288,-0.761873
0.425973,-0.761838
0.425658,-0.761803
0.425343,-0.761768
0.425028,-0.761734
0.424712,-0.761699
0.424397,-0.761664
0.424082,-0.76163
0.423767,-0.761595
0.423452,-0.76156
0.423136,-0.761526
0.422821,-0.761491
0.422506,-0.761456
0.422191,-0.761421
0.421875,-0.761387
0.42156,-0.761352
0.421245,-0.761317
0.42093,-0.761283
0.420615,-0.761248
0.420299,-0.761213
0.419984,-0.761179
0.419669,-0.761144
0.419354,-0.761109
0.419039,-0.761074
0.418723,-0.76104
0.418408,-0.761005
0.418093,-0.76097
0.417778,-0.760936
0.417463,-0.760901
0.417147,-0.760866
0.416832,-0.760832
0.416517,-0.760797
0.416202,-0.760762
0.415887,-0.760727
0.415571,-0.760693
0.415256,-0.760658
0.414941,-0.760623
0.414626,-0.760589
0.414311,-0.760554
0.413995,-0.760519
0.41368,-0.760485
0.413365,-0.76045
0.41305,-0.760415
0.412734,-0.76038
0.412419,-0.760346
0.412104,-0.760311
0.411789,-0.760276
0.411474,-0.760242
0.411158,-0.760207
0.410843,-0.760172
0.410528,-0.760138
0.410213,-0.760103
0.409898,-0.760068
0.409582,-0.760033
0.409267,-0.759999
0.408952,-0.759964
0.408637,-0.759929
0.408322,-0.759895
0.408006,-0.75986
0.407691,-0.759825
0.407376,-0.759791
0.407061,-0.759756
0.406746,-0.759721
0.40643,-0.759686
0.406115,-0.759652
0.4058,-0.759617
0.407244,-0.75942
0.408687,-0.759224
0.410131,-0.759027
0.411575,-0.75883
0.413018,-0.758634
0.414462,-0.758437
0.415906,-0.75824
0.41735,-0.758044
0.418793,-0.757847
0.420237,-0.75765
0.421681,-0.757454
0.423124,-0.757257
0.424568,-0.75706
0.426012,-0.756864
0.427456,-0.756667
0.428899,-0.75647
0.430343,-0.756274
0.431787,-0.756077
0.43323,-0.75588
0.434674,-0.755684
0.436118,-0.755487
0.437561,-0.75529
0.439005,-0.755094
0.440449,-0.754897
0.441893,-0.7547
0.443336,-0.754504
0.44478,-0.754307
0.446224,-0.75411
0.447667,-0.753914
0.449111,-0.753717
0.450555,-0.75352
0.451999,-0.753324
0.453442,-0.753127
0.454886,-0.75293
0.45633,-0.752734
0.457773,-0.752537
0.459217,-0.75234
0.460661,-0.752144
0.462104,-0.751947
0.463548,-0.75175
0.464992,-0.751554
0.466436,-0.751357
0.467879,-0.75116
0.469323,-0.750964
0.470767,-0.750767
0.47221,-0.75057
0.473654,-0.750374
0.475098,-0.750177
0.476542,-0.74998
0.477985,-0.749784
0.479429,-0.749587
0.480873,-0.74939
0.482316,-0.749194
0.48376,-0.748997
0.485204,-0.7488
0.486647,-0.748604
0.488091,-0.748407
0.489535,-0.74821
0.490979,-0.748014
0.492422,-0.747817
0.493866,-0.74762
0.49531,-0.747424
0.496753,-0.747227
0.498197,-0.74703
0.499641,-0.746834
0.501085,-0.746637
0.502528,-0.74644
0.503972,-0.746244
0.505416,-0.746047
0.506859,-0.74585
0.508303,-0.745654
0.509747,-0.745457
0.511191,-0.74526
0.512634,-0.745064
0.514078,-0.744867
0.515522,-0.74467
0.516965,-0.744474
0.518409,-0.744277
0.519853,-0.74408
0.521296,-0.743884
0.52274,-0.743687
0.524184,-0.74349
0.525628,-0.743294
0.527071,-0.743097
0.528515,-0.7429
0.529959,-0.742704
0.531402,-0.742507
0.532846,-0.74231
0.53429,-0.742114
0.535734,-0.741917
0.537177,-0.74172
0.538621,-0.741524
0.540065,-0.741327
0.541508,-0.74113
0.542952,-0.740934
0.544396,-0.740737
0.545839,-0.74054
0.547283,-0.740344
0.548727,-0.740147
0.550171,-0.73995
0.551614,-0.739754
0.553058,-0.739557
0.554502,-0.73936
0.555945,-0.739164
0.557389,-0.738967
0.558833,-0.73877
0.560277,-0.738574
0.56172,-0.738377
0.563164,-0.73818
0.564608,-0.737984
0.566051,-0.737787
0.567495,-0.73759
0.568939,-0.737394
0.570382,-0.737197
0.571826,-0.737
0.57327,-0.736804
0.574714,-0.736607
0.576157,-0.73641
0.577601,-0.736214
0.579045,-0.736017
0.580488,-0.73582
0.581932,-0.735624
0.583376,-0.735427
0.58482,-0.73523
0.586263,-0.735034
0.587707,-0.734837
0.589151,-0.73464
0.590594,-0.734444
0.592038,-0.734247
0.593482,-0.73405
0.594925,-0.733854
0.596369,-0.733657
0.597813,-0.73346
0.599257,-0.733264
0.6007,-0.733067
0.602144,-0.73287
0.603588,-0.732674
0.605031,-0.732477
0.606475,-0.73228
0.607919,-0.732084
0.609363,-0.731887
0.610806,-0.73169
0.61225,-0.731494
0.613694,-0.731297
0.615137,-0.7311
0.616581,-0.730904
0.618025,-0.730707
0.619469,-0.73051
0.620912,-0.730314
