O
25
1,0,-1,0.78,-0.5,0.75,0.0,0.0,0.0,0.3,0.4,0.02,0,0.8,False
2,0,-1,1.1,-0.5,0.93,0.0,0.0,0.0,0.02,0.4,0.2,0,0.8,False
3,0,-1,0.78,-0.5,1.11,0.0,0.0,0.0,0.3,0.4,0.02,0,0.8,False
4,0,-1,0.8,-0.92,0.93,0.0,0.0,0.0,0.32,0.02,0.2,0,0.8,False
5,0,-1,0.8,-0.08,0.93,0.0,0.0,0.0,0.32,0.02,0.2,0,0.8,False
6,2,0,0.6251225322173637,-0.6423924292062442,0.8645075512565599,0.0,0.0,4.2729156117979405,0.07359651685786468,0.07359651685786468,0.1890151025131197,0.10082363784569853,1.0436326845116923,False
7,2,0,0.8673322798875471,-0.5823184286745657,0.8450000000000001,0.0,0.0,4.8278035095923215,0.06839366555954784,0.06839366555954784,0.15,0.429568057974258,0.9561796238125053,False
8,2,0,0.5551810647268945,-0.27368455558770344,0.8565039083543982,0.0,0.0,5.178708307953892,0.034217565062355695,0.034217565062355695,0.17300781670879628,0.18503267455204275,1.045765817070004,False
9,2,0,0.9160737164416677,-0.7709098015833172,0.8524438247617009,0.0,0.0,3.449806297007152,0.07076439977318463,0.07076439977318463,0.1648876495234016,0.4425592679118698,0.9278716277157094,False
10,2,0,0.8693002689403297,-0.4205125975169001,0.8450000000000001,0.0,0.0,4.605432165017725,0.059449349568355986,0.059449349568355986,0.15,0.1083488633477589,0.8290352671840665,False
11,0,1,1.0203624682675319,-0.5666454427922886,0.86,0.0,0.0,6.247926085331907,0.03918790795387466,0.03620970466312551,0.09,0.1848859278567037,0.8685627490977833,True
12,2,1,0.8930754377533832,-0.21449695468852537,0.8657709777942225,0.0,0.0,4.558350459063842,0.03,0.03,0.19154195558844503,0.1090649168958146,0.9593240509256455,True
13,2,1,0.7697543671094917,-0.2576018204459286,0.8450000000000001,0.0,0.0,3.5893260606536157,0.03,0.03,0.15,0.4844224478231075,0.8066108340630886,True
14,0,1,1.0198097319723916,-0.2553847574183601,0.86,0.0,0.0,3.4115900824817076,0.03942531616619225,0.0423969843195401,0.09,0.12215512172511139,0.8033922061719779,True
15,2,1,0.6906721948381267,-0.44369103386786257,0.8450000000000001,0.0,0.0,1.2434122135097487,0.03,0.03,0.15,0.02072284223309301,0.8296119137009661,True
16,0,1,0.51913363461464,-0.4624053000333575,0.8961630500989834,0.0,0.0,1.8819135267572276,0.03,0.05232074917950353,0.12616305009898338,0.17581579917358559,0.8709524679408408,True
17,2,1,0.7244722820928566,-0.35112614156752187,0.8450000000000001,0.0,0.0,2.1293457046625885,0.03,0.03,0.15,0.30332514167178404,0.909026615718782,True
18,0,1,1.0176685534153755,-0.4705156156054948,0.86,0.0,0.0,1.8027721589308265,0.038929751449317596,0.036211337213222464,0.09,0.16665106625573095,1.1867804998319436,True
19,2,1,0.6562820390746907,-0.19161110433598338,0.8450000000000001,0.0,0.0,3.1873112422376466,0.03742221280802851,0.03742221280802851,0.15,0.17812935313138278,0.9966789423755777,True
20,2,1,0.767849509471951,-0.8199195497329153,0.8610486970687051,0.0,0.0,3.43041671428624,0.03,0.03,0.1820973941374102,0.06336602898000859,0.8018071854326986,True
21,0,1,0.589013803640482,-0.7993407994327076,0.86,0.0,0.0,5.343604054686879,0.03,0.03,0.09,0.22409066003021322,0.8513314667199823,True
22,2,1,0.7811550421853624,-0.15250854598307617,0.8580824964974164,0.0,0.0,3.7415730449298503,0.03,0.03,0.1761649929948328,0.28666242692030264,1.1972879108458407,True
23,2,1,0.5167240897782767,-0.16398388893188087,0.8450000000000001,0.0,0.0,0.8645339198531489,0.03,0.03,0.15,0.036538276771829525,0.9729700939348167,True
24,0,1,0.9896847850372459,-0.3594912399157,0.86,0.0,0.0,3.4858928630431674,0.03,0.03,0.09,0.33780894003306033,1.0958816771930584,True
25,2,1,0.8585950764774521,-0.29657472188200285,0.8450000000000001,0.0,0.0,0.06617220719511373,0.03,0.03,0.15,0.39192575996779777,1.1175095075191104,True
R
0.0,0.0,0.0,0.0,0.0,0.0,1.0
S
8
torso_lift_joint,0
r_shoulder_pan_joint,-1.69017
r_shoulder_lift_joint,-0.0788625
r_upper_arm_roll_joint,-1.69017
r_elbow_flex_joint,-1.2717
r_forearm_roll_joint,-0.151824
r_wrist_flex_joint,-1.25254
r_wrist_roll_joint,0.675062
G
0.48865,-0.316685,0.856504,0.573785,-0,0
ooi
8
A
599
0.310248,-0.673113
0.311097,-0.672413
0.311946,-0.671713
0.312795,-0.671013
0.313644,-0.670313
0.314493,-0.669614
0.315342,-0.668914
0.316191,-0.668214
0.31704,-0.667514
0.317889,-0.666814
0.318738,-0.666114
0.319586,-0.665414
0.320435,-0.664714
0.321284,-0.664014
0.322133,-0.663314
0.322982,-0.662614
0.323831,-0.661915
0.32468,-0.661215
0.325529,-0.660515
0.326378,-0.659815
0.327227,-0.659115
0.328076,-0.658415
0.328925,-0.657715
0.329774,-0.657015
0.330623,-0.656315
0.331472,-0.655615
0.332321,-0.654915
0.333169,-0.654216
0.334018,-0.653516
0.334867,-0.652816
0.335716,-0.652116
0.336565,-0.651416
0.337414,-0.650716
0.338263,-0.650016
0.339112,-0.649316
0.339961,-0.648616
0.34081,-0.647916
0.341659,-0.647216
0.342508,-0.646517
0.343357,-0.645817
0.344206,-0.645117
0.345055,-0.644417
0.345904,-0.643717
0.346752,-0.643017
0.347601,-0.642317
0.34845,-0.641617
0.349299,-0.640917
0.350148,-0.640217
0.350997,-0.639517
0.351846,-0.638818
0.352695,-0.638118
0.353544,-0.637418
0.354393,-0.636718
0.355242,-0.636018
0.356091,-0.635318
0.35694,-0.634618
0.357789,-0.633918
0.358638,-0.633218
0.359487,-0.632518
0.360335,-0.631818
0.361184,-0.631119
0.362033,-0.630419
0.362882,-0.629719
0.363731,-0.629019
0.36458,-0.628319
0.365429,-0.627619
0.366278,-0.626919
0.367127,-0.626219
0.367976,-0.625519
0.368825,-0.624819
0.369674,-0.624119
0.370523,-0.62342
0.371372,-0.62272
0.372221,-0.62202
0.37307,-0.62132
0.373918,-0.62062
0.374767,-0.61992
0.375616,-0.61922
0.376465,-0.61852
0.377314,-0.61782
0.378163,-0.61712
0.379012,-0.61642
0.379861,-0.615721
0.38071,-0.615021
0.381559,-0.614321
0.382408,-0.613621
0.383257,-0.612921
0.384106,-0.612221
0.384955,-0.611521
0.385804,-0.610821
0.386653,-0.610121
0.387501,-0.609421
0.38835,-0.608721
0.389199,-0.608022
0.390048,-0.607322
0.390897,-0.606622
0.391746,-0.605922
0.392595,-0.605222
0.393444,-0.604522
0.394293,-0.603822
0.395142,-0.603122
0.395991,-0.602422
0.39684,-0.601722
0.397689,-0.601022
0.398538,-0.600323
0.399387,-0.599623
0.400236,-0.598923
0.401084,-0.598223
0.401933,-0.597523
0.402782,-0.596823
0.403631,-0.596123
0.40448,-0.595423
0.405329,-0.594723
0.406178,-0.594023
0.407027,-0.593324
0.407876,-0.592624
0.408725,-0.591924
0.409574,-0.591224
0.410423,-0.590524
0.411272,-0.589824
0.412121,-0.589124
0.41297,-0.588424
0.413819,-0.587724
0.414667,-0.587024
0.415516,-0.586324
0.416365,-0.585625
0.417214,-0.584925
0.418063,-0.584225
0.418912,-0.583525
0.419761,-0.582825
0.42061,-0.582125
0.421459,-0.581425
0.422308,-0.580725
0.423157,-0.580025
0.424006,-0.579325
0.424855,-0.578625
0.425704,-0.577926
0.426553,-0.577226
0.427402,-0.576526
0.42825,-0.575826
0.429099,-0.575126
0.429948,-0.574426
0.430797,-0.573726
0.431646,-0.573026
0.432495,-0.572326
0.433344,-0.571626
0.434193,-0.570926
0.435042,-0.570227
0.435891,-0.569527
0.43674,-0.568827
0.437589,-0.568127
0.437414,-0.567374
0.437239,-0.566621
0.437064,-0.565868
0.43689,-0.565115
0.436715,-0.564363
0.43654,-0.56361
0.436365,-0.562857
0.43619,-0.562104
0.436016,-0.561351
0.435841,-0.560599
0.435666,-0.559846
0.435491,-0.559093
0.435316,-0.55834
0.435142,-0.557587
0.434967,-0.556834
0.434792,-0.556082
0.434617,-0.555329
0.434442,-0.554576
0.434268,-0.553823
0.434093,-0.55307
0.433918,-0.552317
0.433743,-0.551565
0.433568,-0.550812
0.433394,-0.550059
0.433219,-0.549306
0.433044,-0.548553
0.432869,-0.5478
0.432694,-0.547048
0.43252,-0.546295
0.432345,-0.545542
0.43217,-0.544789
0.431995,-0.544036
0.43182,-0.543283
0.431646,-0.542531
0.431471,-0.541778
0.431296,-0.541025
0.431121,-0.540272
0.430946,-0.539519
0.430772,-0.538767
0.430597,-0.538014
0.430422,-0.537261
0.430247,-0.536508
0.430072,-0.535755
0.429898,-0.535002
0.429723,-0.53425
0.429548,-0.533497
0.429373,-0.532744
0.429198,-0.531991
0.429024,-0.531238
0.428849,-0.530485
0.428674,-0.529733
0.428499,-0.52898
0.428324,-0.528227
0.42815,-0.527474
0.427975,-0.526721
0.4278,-0.525968
0.427625,-0.525216
0.42745,-0.524463
0.427276,-0.52371
0.427101,-0.522957
0.426926,-0.522204
0.426751,-0.521451
0.426576,-0.520699
0.426402,-0.519946
0.426227,-0.519193
0.426052,-0.51844
0.425877,-0.517687
0.425702,-0.516934
0.425528,-0.516182
0.425353,-0.515429
0.425178,-0.514676
0.425003,-0.513923
0.424828,-0.51317
0.424654,-0.512418
0.424479,-0.511665
0.424304,-0.510912
0.424129,-0.510159
0.423954,-0.509406
0.42378,-0.508653
0.423605,-0.507901
0.42343,-0.507148
0.423255,-0.506395
0.42308,-0.505642
0.422906,-0.504889
0.422731,-0.504136
0.422556,-0.503384
0.422381,-0.502631
0.422206,-0.501878
0.422032,-0.501125
0.421857,-0.500372
0.421682,-0.499619
0.421507,-0.498867
0.421332,-0.498114
0.421158,-0.497361
0.420983,-0.496608
0.420808,-0.495855
0.420633,-0.495102
0.420458,-0.49435
0.420284,-0.493597
0.420109,-0.492844
0.419934,-0.492091
0.419759,-0.491338
0.419584,-0.490586
0.41941,-0.489833
0.419235,-0.48908
0.41906,-0.488327
0.418885,-0.487574
0.41871,-0.486821
0.418536,-0.486069
0.418361,-0.485316
0.418186,-0.484563
0.418011,-0.48381
0.417836,-0.483057
0.417662,-0.482304
0.417487,-0.481552
0.417312,-0.480799
0.417137,-0.480046
0.416962,-0.479293
0.416788,-0.47854
0.416613,-0.477787
0.416438,-0.477035
0.416263,-0.476282
0.416088,-0.475529
0.415914,-0.474776
0.415739,-0.474023
0.415564,-0.47327
0.415389,-0.472518
0.415214,-0.471765
0.41504,-0.471012
0.414865,-0.470259
0.41469,-0.469506
0.414515,-0.468754
0.41434,-0.468001
0.414166,-0.467248
0.413991,-0.466495
0.413816,-0.465742
0.413641,-0.464989
0.413466,-0.464237
0.413292,-0.463484
0.413117,-0.462731
0.412942,-0.461978
0.412767,-0.461225
0.412592,-0.460472
0.412418,-0.45972
0.412243,-0.458967
0.412068,-0.458214
0.411893,-0.457461
0.411718,-0.456708
0.411544,-0.455955
0.412763,-0.455894
0.413983,-0.455832
0.415202,-0.455771
0.416422,-0.455709
0.417641,-0.455647
0.418861,-0.455586
0.42008,-0.455524
0.4213,-0.455463
0.422519,-0.455401
0.423739,-0.455339
0.424958,-0.455278
0.426178,-0.455216
0.427397,-0.455155
0.428617,-0.455093
0.429836,-0.455031
0.431056,-0.45497
0.432275,-0.454908
0.433495,-0.454847
0.434714,-0.454785
0.435934,-0.454723
0.437153,-0.454662
0.438373,-0.4546
0.439592,-0.454539
0.440812,-0.454477
0.442031,-0.454415
0.443251,-0.454354
0.44447,-0.454292
0.44569,-0.454231
0.446909,-0.454169
0.448129,-0.454107
0.449348,-0.454046
0.450568,-0.453984
0.451787,-0.453923
0.453007,-0.453861
0.454226,-0.453799
0.455446,-0.453738
0.456665,-0.453676
0.457885,-0.453615
0.459104,-0.453553
0.460324,-0.453491
0.461543,-0.45343
0.462763,-0.453368
0.463982,-0.453307
0.465202,-0.453245
0.466421,-0.453183
0.467641,-0.453122
0.46886,-0.45306
0.47008,-0.452999
0.471299,-0.452937
0.472519,-0.452875
0.473738,-0.452814
0.474958,-0.452752
0.476177,-0.452691
0.477397,-0.452629
0.478616,-0.452567
0.479836,-0.452506
0.481055,-0.452444
0.482275,-0.452383
0.483494,-0.452321
0.484714,-0.452259
0.485933,-0.452198
0.487153,-0.452136
0.488372,-0.452075
0.489592,-0.452013
0.490811,-0.451951
0.492031,-0.45189
0.49325,-0.451828
0.49447,-0.451767
0.495689,-0.451705
0.496909,-0.451643
0.498128,-0.451582
0.499348,-0.45152
0.500567,-0.451459
0.501787,-0.451397
0.503006,-0.451335
0.504226,-0.451274
0.505445,-0.451212
0.506665,-0.451151
0.507884,-0.451089
0.509104,-0.451027
0.510323,-0.450966
0.511543,-0.450904
0.512762,-0.450843
0.513982,-0.450781
0.515201,-0.450719
0.516421,-0.450658
0.51764,-0.450596
0.51886,-0.450535
0.520079,-0.450473
0.521299,-0.450411
0.522518,-0.45035
0.523738,-0.450288
0.524957,-0.450227
0.526177,-0.450165
0.527396,-0.450103
0.528616,-0.450042
0.529835,-0.44998
0.531055,-0.449919
0.532274,-0.449857
0.533494,-0.449795
0.534713,-0.449734
0.535933,-0.449672
0.537152,-0.449611
0.538372,-0.449549
0.539591,-0.449487
0.540811,-0.449426
0.54203,-0.449364
0.54325,-0.449303
0.544469,-0.449241
0.545689,-0.449179
0.546908,-0.449118
0.548128,-0.449056
0.549347,-0.448995
0.550567,-0.448933
0.551786,-0.448871
0.553006,-0.44881
0.554225,-0.448748
0.555445,-0.448687
0.556664,-0.448625
0.557884,-0.448563
0.559103,-0.448502
0.560323,-0.44844
0.561542,-0.448378
0.562762,-0.448317
0.563981,-0.448255
0.565201,-0.448194
0.56642,-0.448132
0.56764,-0.44807
0.568859,-0.448009
0.570079,-0.447947
0.571298,-0.447886
0.572518,-0.447824
0.573737,-0.447762
0.574957,-0.447701
0.576176,-0.447639
0.577396,-0.447578
0.578615,-0.447516
0.579835,-0.447454
0.581054,-0.447393
0.582274,-0.447331
0.583493,-0.44727
0.584713,-0.447208
0.585932,-0.447146
0.587152,-0.447085
0.588371,-0.447023
0.589591,-0.446962
0.59081,-0.4469
0.59203,-0.446838
0.593249,-0.446777
0.594469,-0.446715
0.593758,-0.445843
0.593048,-0.44497
0.592338,-0.444097
0.591628,-0.443225
0.590918,-0.442352
0.590207,-0.441479
0.589497,-0.440606
0.588787,-0.439734
0.588077,-0.438861
0.587367,-0.437988
0.586657,-0.437116
0.585946,-0.436243
0.585236,-0.43537
0.584526,-0.434498
0.583816,-0.433625
0.583106,-0.432752
0.582395,-0.43188
0.581685,-0.431007
0.580975,-0.430134
0.580265,-0.429262
0.579555,-0.428389
0.578844,-0.427516
0.578134,-0.426643
0.577424,-0.425771
0.576714,-0.424898
0.576004,-0.424025
0.575293,-0.423153
0.574583,-0.42228
0.573873,-0.421407
0.573163,-0.420535
0.572453,-0.419662
0.571742,-0.418789
0.571032,-0.417917
0.570322,-0.417044
0.569612,-0.416171
0.568902,-0.415299
0.568192,-0.414426
0.567481,-0.413553
0.566771,-0.41268
0.566061,-0.411808
0.565351,-0.410935
0.564641,-0.410062
0.56393,-0.40919
0.56322,-0.408317
0.56251,-0.407444
0.5618,-0.406572
0.56109,-0.405699
0.560379,-0.404826
0.559669,-0.403954
0.558959,-0.403081
0.558249,-0.402208
0.557539,-0.401336
0.556828,-0.400463
0.556118,-0.39959
0.555408,-0.398718
0.554698,-0.397845
0.553988,-0.396972
0.553277,-0.396099
0.552567,-0.395227
0.551857,-0.394354
0.551147,-0.393481
0.550437,-0.392609
0.549727,-0.391736
0.549016,-0.390863
0.548306,-0.389991
0.547596,-0.389118
0.546886,-0.388245
0.546176,-0.387373
0.545465,-0.3865
0.544755,-0.385627
0.544045,-0.384755
0.543335,-0.383882
0.542625,-0.383009
0.541914,-0.382136
0.541204,-0.381264
0.540494,-0.380391
0.539784,-0.379518
0.539074,-0.378646
0.538363,-0.377773
0.537653,-0.3769
0.536943,-0.376028
0.536233,-0.375155
0.535523,-0.374282
0.534812,-0.37341
0.534102,-0.372537
0.533392,-0.371664
0.532682,-0.370792
0.531972,-0.369919
0.531262,-0.369046
0.530551,-0.368173
0.529841,-0.367301
0.529131,-0.366428
0.528421,-0.365555
0.527711,-0.364683
0.527,-0.36381
0.52629,-0.362937
0.52558,-0.362065
0.52487,-0.361192
0.52416,-0.360319
0.523449,-0.359447
0.522739,-0.358574
0.522029,-0.357701
0.521319,-0.356829
0.520609,-0.355956
0.519898,-0.355083
0.519188,-0.354211
0.518478,-0.353338
0.517768,-0.352465
0.517058,-0.351592
0.516347,-0.35072
0.515637,-0.349847
0.514927,-0.348974
0.514217,-0.348102
0.513507,-0.347229
0.512797,-0.346356
0.512086,-0.345484
0.511376,-0.344611
0.510666,-0.343738
0.509956,-0.342866
0.509246,-0.341993
0.508535,-0.34112
0.507825,-0.340248
0.507115,-0.339375
0.506405,-0.338502
0.505695,-0.337629
0.504984,-0.336757
0.504274,-0.335884
0.503564,-0.335011
0.502854,-0.334139
0.502144,-0.333266
0.501433,-0.332393
0.500723,-0.331521
0.500013,-0.330648
0.499303,-0.329775
0.498593,-0.328903
0.497882,-0.32803
0.497172,-0.327157
0.496462,-0.326285
0.495752,-0.325412
0.495042,-0.324539
0.494332,-0.323666
0.493621,-0.322794
0.492911,-0.321921
0.492201,-0.321048
0.491491,-0.320176
0.490781,-0.319303
0.49007,-0.31843
0.48936,-0.317558
0.48865,-0.316685
