O
25
1,0,-1,0.78,-0.5,0.75,0.0,0.0,0.0,0.3,0.4,0.02,0,0.8,False
2,0,-1,1.1,-0.5,0.93,0.0,0.0,0.0,0.02,0.4,0.2,0,0.8,False
3,0,-1,0.78,-0.5,1.11,0.0,0.0,0.0,0.3,0.4,0.02,0,0.8,False
4,0,-1,0.8,-0.92,0.93,0.0,0.0,0.0,0.32,0.02,0.2,0,0.8,False
5,0,-1,0.8,-0.08,0.93,0.0,0.0,0.0,0.32,0.02,0.2,0,0.8,False
6,2,0,0.7980697643206914,-0.6343612898569836,0.8450000000000001,0.0,0.0,2.4029367715067287,0.03295151319081379,0.03295151319081379,0.15,0.31948479390992585,0.9636556432566923,False
7,2,0,0.9658275510749561,-0.559440860816427,0.8525197608204472,0.0,0.0,3.8827972640853274,0.04768922715608914,0.04768922715608914,0.1650395216408944,0.4777119752129133,0.9701714168917199,False
8,0,0,0.8189039378471927,-0.18793519677679793,0.8797149742103074,0.0,0.0,0.3042782619653621,0.05878784967588209,0.03,0.10971497421030736,0.0767246613799536,0.9586197093484992,False
9,2,0,0.5914229122612118,-0.4276297388912765,0.8450000000000001,0.0,0.0,0.9558952707430912,0.03,0.03,0.15,0.429860272269609,1.1463977044942955,False
10,2,0,0.7052722150884166,-0.794145446271809,0.8451705594770481,0.0,0.0,2.5942758489568316,0.03,0.03,0.15034111895409616,0.3303017097661063,1.182193902610583,False
11,0,1,0.6619158124952365,-0.28312997278830576,0.86,0.0,0.0,5.569573167994568,0.07530476438968707,0.03,0.09,0.01997989263483596,0.9486408966672325,True
12,2,1,0.7834534176815968,-0.5296591212935804,0.8450000000000001,0.0,0.0,0.6603637552564152,0.03,0.03,0.15,0.36132985969455433,1.1367459051709863,True
13,2,1,0.6775795648064142,-0.678357723532621,0.8450000000000001,0.0,0.0,4.890461310824093,0.03,0.03,0.15,0.4874871527189855,0.9820738284760399,True
14,2,1,0.9091989897226354,-0.43599461119637756,0.8450000000000001,0.0,0.0,6.227749399077717,0.03,0.03,0.15,0.15350924641666652,1.0082481727690482,True
15,2,1,0.5838489523490742,-0.8575078231227643,0.8450000000000001,0.0,0.0,4.6610991334930025,0.03,0.03,0.15,0.06663710358050995,0.8954573307395911,True
16,0,1,0.9596874982057941,-0.2373778915352882,0.86,0.0,0.0,3.758408227140687,0.03,0.03,0.09,0.14366472865584384,0.839830612674316,True
17,0,1,0.9858289960315272,-0.7162942595719265,0.8755976126228706,0.0,0.0,5.383831724123971,0.03,0.03,0.10559761262287058,0.16302198830199255,1.0372338418634168,True
18,2,1,0.977296318638073,-0.34219459977079025,0.8450000000000001,0.0,0.0,3.016893301149163,0.03,0.03,0.15,0.32525440407698064,0.8373521974719689,True
19,2,1,0.544364996963861,-0.6376694763676933,0.8450000000000001,0.0,0.0,5.630318184678065,0.0421703980341844,0.0421703980341844,0.15,0.3078831997541396,1.1317442856496926,True
20,2,1,0.8178325854361158,-0.2986629474477108,0.8450000000000001,0.0,0.0,1.7285176800039295,0.04440860697169572,0.04440860697169572,0.15,0.38483796564287637,1.156115187120628,True
21,0,1,1.0174223766261874,-0.8382929551318078,0.86,0.0,0.0,3.5868887539471435,0.030692579433620547,0.042148569086579844,0.09,0.28186045939160537,1.1650656334259284,True
22,2,1,0.8852242372315853,-0.784225322931662,0.8450000000000001,0.0,0.0,5.213198586598001,0.03,0.03,0.15,0.4063563699687344,1.0335935411731745,True
23,0,1,0.5214840057874338,-0.1504344743965379,0.86,0.0,0.0,3.3252365963639616,0.03,0.03,0.09,0.4352766304277206,0.9848854037841649,True
24,2,1,0.5168127790606296,-0.26240676301799626,0.8450000000000001,0.0,0.0,6.146218745203967,0.03,0.03,0.15,0.37643758290333373,0.9400106662339944,True
25,2,1,0.7179674653602612,-0.42880879590522064,0.8450000000000001,0.0,0.0,2.8398938283143518,0.03,0.03,0.15,0.17853070611864125,1.0349912609998568,True
R
0.0,0.0,0.0,0.0,0.0,0.0,1.0
S
8
torso_lift_joint,0
r_shoulder_pan_joint,-1.69017
r_shoulder_lift_joint,-0.0788625
r_upper_arm_roll_joint,-1.69017
r_elbow_flex_joint,-1.2717
r_forearm_roll_joint,-0.151824
r_wrist_flex_joint,-1.25254
r_wrist_roll_joint,0.675062
G
0.535684,-0.477811,0.845,0.732981,-0,0
ooi
9
A
599
0.310248,-0.673113
0.311014,-0.672776
0.31178,-0.672439
0.312545,-0.672102
0.313311,-0.671764
0.314077,-0.671427
0.314842,-0.67109
0.315608,-0.670753
0.316374,-0.670416
0.31714,-0.670079
0.317905,-0.669741
0.318671,-0.669404
0.319437,-0.669067
0.320202,-0.66873
0.320968,-0.668393
0.321734,-0.668055
0.3225,-0.667718
0.323265,-0.667381
0.324031,-0.667044
0.324797,-0.666707
0.325562,-0.66637
0.326328,-0.666032
0.327094,-0.665695
0.32786,-0.665358
0.328625,-0.665021
0.329391,-0.664684
0.330157,-0.664347
0.330922,-0.664009
0.331688,-0.663672
0.332454,-0.663335
0.33322,-0.662998
0.333985,-0.662661
0.334751,-0.662323
0.335517,-0.661986
0.336282,-0.661649
0.337048,-0.661312
0.337814,-0.660975
0.33858,-0.660638
0.339345,-0.6603
0.340111,-0.659963
0.340877,-0.659626
0.341642,-0.659289
0.342408,-0.658952
0.343174,-0.658615
0.34394,-0.658277
0.344705,-0.65794
0.345471,-0.657603
0.346237,-0.657266
0.347002,-0.656929
0.347768,-0.656592
0.348534,-0.656254
0.3493,-0.655917
0.350065,-0.65558
0.350831,-0.655243
0.351597,-0.654906
0.352362,-0.654568
0.353128,-0.654231
0.353894,-0.653894
0.35466,-0.653557
0.355425,-0.65322
0.356191,-0.652883
0.356957,-0.652545
0.357722,-0.652208
0.358488,-0.651871
0.359254,-0.651534
0.36002,-0.651197
0.360785,-0.65086
0.361551,-0.650522
0.362317,-0.650185
0.363082,-0.649848
0.363848,-0.649511
0.364614,-0.649174
0.36538,-0.648836
0.366145,-0.648499
0.366911,-0.648162
0.367677,-0.647825
0.368442,-0.647488
0.369208,-0.647151
0.369974,-0.646813
0.37074,-0.646476
0.371505,-0.646139
0.372271,-0.645802
0.373037,-0.645465
0.373802,-0.645128
0.374568,-0.64479
0.375334,-0.644453
0.3761,-0.644116
0.376865,-0.643779
0.377631,-0.643442
0.378397,-0.643105
0.379162,-0.642767
0.379928,-0.64243
0.380694,-0.642093
0.381459,-0.641756
0.382225,-0.641419
0.382991,-0.641081
0.383757,-0.640744
0.384522,-0.640407
0.385288,-0.64007
0.386054,-0.639733
0.386819,-0.639396
0.387585,-0.639058
0.388351,-0.638721
0.389117,-0.638384
0.389882,-0.638047
0.390648,-0.63771
0.391414,-0.637373
0.392179,-0.637035
0.392945,-0.636698
0.393711,-0.636361
0.394477,-0.636024
0.395242,-0.635687
0.396008,-0.63535
0.396774,-0.635012
0.397539,-0.634675
0.398305,-0.634338
0.399071,-0.634001
0.399837,-0.633664
0.400602,-0.633326
0.401368,-0.632989
0.402134,-0.632652
0.402899,-0.632315
0.403665,-0.631978
0.404431,-0.631641
0.405197,-0.631303
0.405962,-0.630966
0.406728,-0.630629
0.407494,-0.630292
0.408259,-0.629955
0.409025,-0.629618
0.409791,-0.62928
0.410557,-0.628943
0.411322,-0.628606
0.412088,-0.628269
0.412854,-0.627932
0.413619,-0.627594
0.414385,-0.627257
0.415151,-0.62692
0.415917,-0.626583
0.416682,-0.626246
0.417448,-0.625909
0.418214,-0.625571
0.418979,-0.625234
0.419745,-0.624897
0.420511,-0.62456
0.421277,-0.624223
0.422042,-0.623886
0.422808,-0.623548
0.423574,-0.623211
0.424339,-0.622874
0.425105,-0.622537
0.424987,-0.623044
0.424869,-0.623551
0.424751,-0.624059
0.424632,-0.624566
0.424514,-0.625073
0.424396,-0.62558
0.424278,-0.626088
0.42416,-0.626595
0.424042,-0.627102
0.423924,-0.62761
0.423805,-0.628117
0.423687,-0.628624
0.423569,-0.629131
0.423451,-0.629639
0.423333,-0.630146
0.423215,-0.630653
0.423096,-0.63116
0.422978,-0.631668
0.42286,-0.632175
0.422742,-0.632682
0.422624,-0.633189
0.422506,-0.633697
0.422387,-0.634204
0.422269,-0.634711
0.422151,-0.635219
0.422033,-0.635726
0.421915,-0.636233
0.421797,-0.63674
0.421678,-0.637248
0.42156,-0.637755
0.421442,-0.638262
0.421324,-0.638769
0.421206,-0.639277
0.421088,-0.639784
0.420969,-0.640291
0.420851,-0.640798
0.420733,-0.641306
0.420615,-0.641813
0.420497,-0.64232
0.420379,-0.642828
0.42026,-0.643335
0.420142,-0.643842
0.420024,-0.644349
0.419906,-0.644857
0.419788,-0.645364
0.41967,-0.645871
0.419552,-0.646378
0.419433,-0.646886
0.419315,-0.647393
0.419197,-0.6479
0.419079,-0.648407
0.418961,-0.648915
0.418843,-0.649422
0.418724,-0.649929
0.418606,-0.650437
0.418488,-0.650944
0.41837,-0.651451
0.418252,-0.651958
0.418134,-0.652466
0.418015,-0.652973
0.417897,-0.65348
0.417779,-0.653987
0.417661,-0.654495
0.417543,-0.655002
0.417425,-0.655509
0.417306,-0.656016
0.417188,-0.656524
0.41707,-0.657031
0.416952,-0.657538
0.416834,-0.658046
0.416716,-0.658553
0.416597,-0.65906
0.416479,-0.659567
0.416361,-0.660075
0.416243,-0.660582
0.416125,-0.661089
0.416007,-0.661596
0.415888,-0.662104
0.41577,-0.662611
0.415652,-0.663118
0.415534,-0.663625
0.415416,-0.664133
0.415298,-0.66464
0.41518,-0.665147
0.415061,-0.665655
0.414943,-0.666162
0.414825,-0.666669
0.414707,-0.667176
0.414589,-0.667684
0.414471,-0.668191
0.414352,-0.668698
0.414234,-0.669205
0.414116,-0.669713
0.413998,-0.67022
0.41388,-0.670727
0.413762,-0.671234
0.413643,-0.671742
0.413525,-0.672249
0.413407,-0.672756
0.413289,-0.673264
0.413171,-0.673771
0.413053,-0.674278
0.412934,-0.674785
0.412816,-0.675293
0.412698,-0.6758
0.41258,-0.676307
0.412462,-0.676814
0.412344,-0.677322
0.412225,-0.677829
0.412107,-0.678336
0.411989,-0.678843
0.411871,-0.679351
0.411753,-0.679858
0.411635,-0.680365
0.411516,-0.680873
0.411398,-0.68138
0.41128,-0.681887
0.411162,-0.682394
0.411044,-0.682902
0.410926,-0.683409
0.410807,-0.683916
0.410689,-0.684423
0.410571,-0.684931
0.410453,-0.685438
0.410335,-0.685945
0.410217,-0.686452
0.410099,-0.68696
0.40998,-0.687467
0.409862,-0.687974
0.409744,-0.688482
0.409626,-0.688989
0.409508,-0.689496
0.40939,-0.690003
0.409271,-0.690511
0.409153,-0.691018
0.409035,-0.691525
0.408917,-0.692032
0.408799,-0.69254
0.408681,-0.693047
0.408562,-0.693554
0.408444,-0.694061
0.408326,-0.694569
0.408208,-0.695076
0.40809,-0.695583
0.407972,-0.696091
0.407853,-0.696598
0.407735,-0.697105
0.407617,-0.697612
0.407499,-0.69812
0.408432,-0.696966
0.409365,-0.695812
0.410297,-0.694658
0.41123,-0.693504
0.412163,-0.69235
0.413096,-0.691196
0.414029,-0.690042
0.414962,-0.688888
0.415895,-0.687734
0.416827,-0.68658
0.41776,-0.685426
0.418693,-0.684272
0.419626,-0.683118
0.420559,-0.681964
0.421492,-0.68081
0.422425,-0.679656
0.423357,-0.678502
0.42429,-0.677348
0.425223,-0.676194
0.426156,-0.67504
0.427089,-0.673886
0.428022,-0.672732
0.428954,-0.671578
0.429887,-0.670424
0.43082,-0.66927
0.431753,-0.668116
0.432686,-0.666962
0.433619,-0.665808
0.434552,-0.664654
0.435484,-0.6635
0.436417,-0.662346
0.43735,-0.661192
0.438283,-0.660038
0.439216,-0.658884
0.440149,-0.65773
0.441081,-0.656576
0.442014,-0.655422
0.442947,-0.654268
0.44388,-0.653114
0.444813,-0.65196
0.445746,-0.650806
0.446679,-0.649652
0.447611,-0.648498
0.448544,-0.647344
0.449477,-0.64619
0.45041,-0.645036
0.451343,-0.643882
0.452276,-0.642728
0.453208,-0.641574
0.454141,-0.64042
0.455074,-0.639266
0.456007,-0.638112
0.45694,-0.636958
0.457873,-0.635804
0.458806,-0.63465
0.459738,-0.633496
0.460671,-0.632342
0.461604,-0.631188
0.462537,-0.630034
0.46347,-0.62888
0.464403,-0.627726
0.465335,-0.626572
0.466268,-0.625418
0.467201,-0.624264
0.468134,-0.62311
0.469067,-0.621956
0.47,-0.620802
0.470933,-0.619648
0.471865,-0.618494
0.472798,-0.61734
0.473731,-0.616186
0.474664,-0.615032
0.475597,-0.613878
0.47653,-0.612724
0.477462,-0.61157
0.478395,-0.610416
0.479328,-0.609262
0.480261,-0.608108
0.481194,-0.606954
0.482127,-0.6058
0.48306,-0.604646
0.483992,-0.603492
0.484925,-0.602338
0.485858,-0.601184
0.486791,-0.60003
0.487724,-0.598876
0.488657,-0.597722
0.489589,-0.596568
0.490522,-0.595414
0.491455,-0.59426
0.492388,-0.593106
0.493321,-0.591952
0.494254,-0.590798
0.495187,-0.589644
0.496119,-0.58849
0.497052,-0.587336
0.497985,-0.586182
0.498918,-0.585028
0.499851,-0.583874
0.500784,-0.58272
0.501717,-0.581566
0.502649,-0.580412
0.503582,-0.579258
0.504515,-0.578104
0.505448,-0.57695
0.506381,-0.575796
0.507314,-0.574642
0.508246,-0.573488
0.509179,-0.572334
0.510112,-0.57118
0.511045,-0.570026
0.511978,-0.568872
0.512911,-0.567718
0.513844,-0.566564
0.514776,-0.56541
0.515709,-0.564256
0.516642,-0.563102
0.517575,-0.561948
0.518508,-0.560794
0.519441,-0.55964
0.520373,-0.558486
0.521306,-0.557332
0.522239,-0.556178
0.523172,-0.555024
0.524105,-0.55387
0.525038,-0.552716
0.525971,-0.551562
0.526903,-0.550408
0.527836,-0.549254
0.528769,-0.5481
0.529702,-0.546946
0.530635,-0.545792
0.531568,-0.544638
0.5325,-0.543484
0.533433,-0.54233
0.534366,-0.541176
0.535299,-0.540022
0.536232,-0.538868
0.537165,-0.537714
0.538098,-0.53656
0.53903,-0.535406
0.539963,-0.534252
0.540896,-0.533098
0.541829,-0.531944
0.542762,-0.53079
0.543695,-0.529636
0.544627,-0.528482
0.54556,-0.527328
0.546493,-0.526174
0.547426,-0.52502
0.547347,-0.524704
0.547268,-0.524387
0.54719,-0.52407
0.547111,-0.523753
0.547032,-0.523436
0.546953,-0.523119
0.546874,-0.522803
0.546796,-0.522486
0.546717,-0.522169
0.546638,-0.521852
0.546559,-0.521535
0.54648,-0.521218
0.546402,-0.520902
0.546323,-0.520585
0.546244,-0.520268
0.546165,-0.519951
0.546086,-0.519634
0.546008,-0.519317
0.545929,-0.519
0.54585,-0.518684
0.545771,-0.518367
0.545692,-0.51805
0.545614,-0.517733
0.545535,-0.517416
0.545456,-0.517099
0.545377,-0.516783
0.545298,-0.516466
0.545219,-0.516149
0.545141,-0.515832
0.545062,-0.515515
0.544983,-0.515198
0.544904,-0.514882
0.544825,-0.514565
0.544747,-0.514248
0.544668,-0.513931
0.544589,-0.513614
0.54451,-0.513297
0.544431,-0.512981
0.544353,-0.512664
0.544274,-0.512347
0.544195,-0.51203
0.544116,-0.511713
0.544037,-0.511396
0.543959,-0.511079
0.54388,-0.510763
0.543801,-0.510446
0.543722,-0.510129
0.543643,-0.509812
0.543565,-0.509495
0.543486,-0.509178
0.543407,-0.508862
0.543328,-0.508545
0.543249,-0.508228
0.543171,-0.507911
0.543092,-0.507594
0.543013,-0.507277
0.542934,-0.506961
0.542855,-0.506644
0.542777,-0.506327
0.542698,-0.50601
0.542619,-0.505693
0.54254,-0.505376
0.542461,-0.50506
0.542383,-0.504743
0.542304,-0.504426
0.542225,-0.504109
0.542146,-0.503792
0.542067,-0.503475
0.541989,-0.503159
0.54191,-0.502842
0.541831,-0.502525
0.541752,-0.502208
0.541673,-0.501891
0.541595,-0.501574
0.541516,-0.501257
0.541437,-0.500941
0.541358,-0.500624
0.541279,-0.500307
0.5412,-0.49999
0.541122,-0.499673
0.541043,-0.499356
0.540964,-0.49904
0.540885,-0.498723
0.540806,-0.498406
0.540728,-0.498089
0.540649,-0.497772
0.54057,-0.497455
0.540491,-0.497139
0.540412,-0.496822
0.540334,-0.496505
0.540255,-0.496188
0.540176,-0.495871
0.540097,-0.495554
0.540018,-0.495238
0.53994,-0.494921
0.539861,-0.494604
0.539782,-0.494287
0.539703,-0.49397
0.539624,-0.493653
0.539546,-0.493336
0.539467,-0.49302
0.539388,-0.492703
0.539309,-0.492386
0.53923,-0.492069
0.539152,-0.491752
0.539073,-0.491435
0.538994,-0.491119
0.538915,-0.490802
0.538836,-0.490485
0.538758,-0.490168
0.538679,-0.489851
0.5386,-0.489534
0.538521,-0.489218
0.538442,-0.488901
0.538364,-0.488584
0.538285,-0.488267
0.538206,-0.48795
0.538127,-0.487633
0.538048,-0.487317
0.53797,-0.487
0.537891,-0.486683
0.537812,-0.486366
0.537733,-0.486049
0.537654,-0.485732
0.537575,-0.485416
0.537497,-0.485099
0.537418,-0.484782
0.537339,-0.484465
0.53726,-0.484148
0.537181,-0.483831
0.537103,-0.483514
0.537024,-0.483198
0.536945,-0.482881
0.536866,-0.482564
0.536787,-0.482247
0.536709,-0.48193
0.53663,-0.481613
0.536551,-0.481297
0.536472,-0.48098
0.536393,-0.480663
0.536315,-0.480346
0.536236,-0.480029
0.536157,-0.479712
0.536078,-0.479396
0.535999,-0.479079
0.535921,-0.478762
0.535842,-0.478445
0.535763,-0.478128
0.535684,-0.477811
