O
25
1,0,-1,0.78,-0.5,0.75,0.0,0.0,0.0,0.3,0.4,0.02,0,0.8,False
2,0,-1,1.1,-0.5,0.93,0.0,0.0,0.0,0.02,0.4,0.2,0,0.8,False
3,0,-1,0.78,-0.5,1.11,0.0,0.0,0.0,0.3,0.4,0.02,0,0.8,False
4,0,-1,0.8,-0.92,0.93,0.0,0.0,0.0,0.32,0.02,0.2,0,0.8,False
5,0,-1,0.8,-0.08,0.93,0.0,0.0,0.0,0.32,0.02,0.2,0,0.8,False
6,2,0,0.8351890250968597,-0.1807417456168542,0.8450000000000001,0.0,0.0,4.66943654251353,0.06046889344270648,0.06046889344270648,0.15,0.24638533130574136,1.0905933241926646,False
7,2,0,0.5389483310376812,-0.4051470274162675,0.8643800086284129,0.0,0.0,5.5660967584042185,0.03,0.03,0.1887600172568258,0.37139226183273105,0.8009037790834566,False
8,0,0,1.0021704820509447,-0.6895295568955229,0.86,0.0,0.0,1.8701415316655343,0.07237006088626473,0.03446402327149538,0.09,0.3040401981301951,0.8289820099360539,False
9,2,0,0.9061306347235591,-0.4884309096934328,0.8450000000000001,0.0,0.0,1.0852377394211614,0.07479142351572231,0.07479142351572231,0.15,0.0007324221169380807,0.8350710163063995,False
10,0,0,0.8377466662518689,-0.7528995116030169,0.86,0.0,0.0,4.537022426801682,0.04057901023884794,0.0435771914130545,0.09,0.10448132855742798,0.9498382845206158,False
11,0,1,0.6791410391954633,-0.3826687624478478,0.86,0.0,0.0,1.9354247408398741,0.045766620607062186,0.05844493145130918,0.09,0.13089104343133406,0.9132301235345742,True
12,0,1,0.5449186319278698,-0.7589586132468407,0.86,0.0,0.0,0.6527043026313434,0.035563327671161264,0.06998024136629613,0.09,0.2913212371112556,1.1735854558808694,True
13,2,1,0.6721212162951291,-0.1709166058018876,0.8450000000000001,0.0,0.0,2.662080104249103,0.03,0.03,0.15,0.49495603225348167,0.8557529519812281,True
14,2,1,0.6809839947929031,-0.6598245466887409,0.8465265735279871,0.0,0.0,3.2923846121510905,0.03,0.03,0.15305314705597403,0.25646782609434715,0.8683250773180193,True
15,2,1,0.5455427228955584,-0.6086720085533255,0.8450000000000001,0.0,0.0,1.074851236368576,0.03,0.03,0.15,0.1701178463637712,1.0237721479229283,True
16,2,1,0.5316186805163146,-0.1951470959973628,0.8450000000000001,0.0,0.0,3.1227640335134654,0.03,0.03,0.15,0.04697792799567296,0.8173277449183234,True
17,0,1,0.9872151997789504,-0.20384049125447057,0.86,0.0,0.0,1.6188347395872988,0.0656718893142596,0.04983233423744537,0.09,0.1306388049638566,0.9840022026451589,True
18,0,1,0.7014189871533725,-0.8227521027780117,0.9225676622747208,0.0,0.0,0.8947982055575138,0.038423410154399845,0.056513062604025485,0.1525676622747207,0.4177303818395027,0.9711099408921675,True
19,2,1,0.7374538367812757,-0.549425957048405,0.858789548533222,0.0,0.0,3.157838936031655,0.03,0.03,0.17757909706644404,0.1166228858497973,0.9786116427403435,True
20,0,1,0.9044703448104705,-0.8531435527861813,0.86,0.0,0.0,4.794965673265343,0.03,0.03,0.09,0.3713618255483955,1.036320678674037,True
21,2,1,0.8862766572077765,-0.3160867945653595,0.8577623277280408,0.0,0.0,0.19359388225637514,0.03,0.03,0.17552465545608162,0.3043570077166561,1.1052927657522185,True
22,2,1,0.8703595993113815,-0.6521246287718578,0.8598630737377039,0.0,0.0,2.0983288351429548,0.03,0.03,0.17972614747540766,0.3669010757340378,0.8518816292104227,True
23,0,1,1.0194386810736975,-0.8419819867165885,0.86,0.0,0.0,1.105352950847906,0.030197252569461895,0.03,0.09,0.12755498894590483,1.099774458499941,True
24,2,1,0.532518154593412,-0.29869567592338575,0.8450000000000001,0.0,0.0,1.1758469356489767,0.03,0.03,0.15,0.46719014689331023,1.0015920830463254,True
25,0,1,0.7660897959698909,-0.6470126990620593,0.86,0.0,0.0,2.0697413654518213,0.03,0.03,0.09,0.3403703021163514,1.187620156866303,True
R
0.0,0.0,0.0,0.0,0.0,0.0,1.0
S
8
torso_lift_joint,0
r_shoulder_pan_joint,-1.69017
r_shoulder_lift_joint,-0.0788625
r_upper_arm_roll_joint,-1.69017
r_elbow_flex_joint,-1.2717
r_forearm_roll_joint,-0.151824
r_wrist_flex_joint,-1.25254
r_wrist_roll_joint,0.675062
G
0.478988,-0.4502,0.86438,0.644386,-0,0
ooi
7
A
599
0.310248,-0.673113
0.309385,-0.672863
0.308521,-0.672613
0.307657,-0.672362
0.306794,-0.672112
0.30593,-0.671862
0.305066,-0.671612
0.304203,-0.671362
0.303339,-0.671111
0.302475,-0.670861
0.301612,-0.670611
0.300748,-0.670361
0.299884,-0.67011
0.299021,-0.66986
0.298157,-0.66961
0.297293,-0.66936
0.29643,-0.66911
0.295566,-0.668859
0.294702,-0.668609
0.293839,-0.668359
0.292975,-0.668109
0.292111,-0.667858
0.291248,-0.667608
0.290384,-0.667358
0.28952,-0.667108
0.288657,-0.666858
0.287793,-0.666607
0.286929,-0.666357
0.286066,-0.666107
0.285202,-0.665857
0.284338,-0.665606
0.283475,-0.665356
0.282611,-0.665106
0.281747,-0.664856
0.280884,-0.664606
0.28002,-0.664355
0.279156,-0.664105
0.278293,-0.663855
0.277429,-0.663605
0.276565,-0.663354
0.275702,-0.663104
0.274838,-0.662854
0.273974,-0.662604
0.273111,-0.662354
0.272247,-0.662103
0.271383,-0.661853
0.27052,-0.661603
0.269656,-0.661353
0.268792,-0.661102
0.267929,-0.660852
0.267065,-0.660602
0.266201,-0.660352
0.265338,-0.660102
0.264474,-0.659851
0.26361,-0.659601
0.262747,-0.659351
0.261883,-0.659101
0.261019,-0.65885
0.260156,-0.6586
0.259292,-0.65835
0.258428,-0.6581
0.257565,-0.65785
0.256701,-0.657599
0.255838,-0.657349
0.254974,-0.657099
0.25411,-0.656849
0.253247,-0.656598
0.252383,-0.656348
0.251519,-0.656098
0.250656,-0.655848
0.249792,-0.655597
0.248928,-0.655347
0.248065,-0.655097
0.247201,-0.654847
0.246337,-0.654597
0.245474,-0.654346
0.24461,-0.654096
0.243746,-0.653846
0.242883,-0.653596
0.242019,-0.653345
0.241155,-0.653095
0.240292,-0.652845
0.239428,-0.652595
0.238564,-0.652345
0.237701,-0.652094
0.236837,-0.651844
0.235973,-0.651594
0.23511,-0.651344
0.234246,-0.651093
0.233382,-0.650843
0.232519,-0.650593
0.231655,-0.650343
0.230791,-0.650093
0.229928,-0.649842
0.229064,-0.649592
0.2282,-0.649342
0.227337,-0.649092
0.226473,-0.648841
0.225609,-0.648591
0.224746,-0.648341
0.223882,-0.648091
0.223018,-0.647841
0.222155,-0.64759
0.221291,-0.64734
0.220427,-0.64709
0.219564,-0.64684
0.2187,-0.646589
0.217836,-0.646339
0.216973,-0.646089
0.216109,-0.645839
0.215245,-0.645589
0.214382,-0.645338
0.213518,-0.645088
0.212654,-0.644838
0.211791,-0.644588
0.210927,-0.644337
0.210063,-0.644087
0.2092,-0.643837
0.208336,-0.643587
0.207472,-0.643337
0.206609,-0.643086
0.205745,-0.642836
0.204881,-0.642586
0.204018,-0.642336
0.203154,-0.642085
0.202291,-0.641835
0.201427,-0.641585
0.200563,-0.641335
0.1997,-0.641085
0.198836,-0.640834
0.197972,-0.640584
0.197109,-0.640334
0.196245,-0.640084
0.195381,-0.639833
0.194518,-0.639583
0.193654,-0.639333
0.19279,-0.639083
0.191927,-0.638833
0.191063,-0.638582
0.190199,-0.638332
0.189336,-0.638082
0.188472,-0.637832
0.187608,-0.637581
0.186745,-0.637331
0.185881,-0.637081
0.185017,-0.636831
0.184154,-0.636581
0.18329,-0.63633
0.182426,-0.63608
0.181563,-0.63583
0.180699,-0.63558
0.180794,-0.635364
0.180889,-0.635148
0.180984,-0.634932
0.18108,-0.634716
0.181175,-0.6345
0.18127,-0.634284
0.181365,-0.634068
0.18146,-0.633852
0.181555,-0.633636
0.18165,-0.63342
0.181746,-0.633204
0.181841,-0.632988
0.181936,-0.632772
0.182031,-0.632556
0.182126,-0.63234
0.182221,-0.632124
0.182316,-0.631908
0.182411,-0.631693
0.182507,-0.631477
0.182602,-0.631261
0.182697,-0.631045
0.182792,-0.630829
0.182887,-0.630613
0.182982,-0.630397
0.183077,-0.630181
0.183173,-0.629965
0.183268,-0.629749
0.183363,-0.629533
0.183458,-0.629317
0.183553,-0.629101
0.183648,-0.628885
0.183743,-0.628669
0.183839,-0.628453
0.183934,-0.628237
0.184029,-0.628021
0.184124,-0.627805
0.184219,-0.627589
0.184314,-0.627373
0.184409,-0.627158
0.184505,-0.626942
0.1846,-0.626726
0.184695,-0.62651
0.18479,-0.626294
0.184885,-0.626078
0.18498,-0.625862
0.185075,-0.625646
0.185171,-0.62543
0.185266,-0.625214
0.185361,-0.624998
0.185456,-0.624782
0.185551,-0.624566
0.185646,-0.62435
0.185741,-0.624134
0.185836,-0.623918
0.185932,-0.623702
0.186027,-0.623486
0.186122,-0.62327
0.186217,-0.623054
0.186312,-0.622838
0.186407,-0.622623
0.186502,-0.622407
0.186598,-0.622191
0.186693,-0.621975
0.186788,-0.621759
0.186883,-0.621543
0.186978,-0.621327
0.187073,-0.621111
0.187168,-0.620895
0.187264,-0.620679
0.187359,-0.620463
0.187454,-0.620247
0.187549,-0.620031
0.187644,-0.619815
0.187739,-0.619599
0.187834,-0.619383
0.18793,-0.619167
0.188025,-0.618951
0.18812,-0.618735
0.188215,-0.618519
0.18831,-0.618303
0.188405,-0.618088
0.1885,-0.617872
0.188596,-0.617656
0.188691,-0.61744
0.188786,-0.617224
0.188881,-0.617008
0.188976,-0.616792
0.189071,-0.616576
0.189166,-0.61636
0.189262,-0.616144
0.189357,-0.615928
0.189452,-0.615712
0.189547,-0.615496
0.189642,-0.61528
0.189737,-0.615064
0.189832,-0.614848
0.189927,-0.614632
0.190023,-0.614416
0.190118,-0.6142
0.190213,-0.613984
0.190308,-0.613768
0.190403,-0.613552
0.190498,-0.613337
0.190593,-0.613121
0.190689,-0.612905
0.190784,-0.612689
0.190879,-0.612473
0.190974,-0.612257
0.191069,-0.612041
0.191164,-0.611825
0.191259,-0.611609
0.191355,-0.611393
0.19145,-0.611177
0.191545,-0.610961
0.19164,-0.610745
0.191735,-0.610529
0.19183,-0.610313
0.191925,-0.610097
0.192021,-0.609881
0.192116,-0.609665
0.192211,-0.609449
0.192306,-0.609233
0.192401,-0.609017
0.192496,-0.608802
0.192591,-0.608586
0.192687,-0.60837
0.192782,-0.608154
0.192877,-0.607938
0.192972,-0.607722
0.193067,-0.607506
0.193162,-0.60729
0.193257,-0.607074
0.193352,-0.606858
0.193448,-0.606642
0.193543,-0.606426
0.193638,-0.60621
0.193733,-0.605994
0.193828,-0.605778
0.193923,-0.605562
0.194018,-0.605346
0.194114,-0.60513
0.194209,-0.604914
0.194304,-0.604698
0.194399,-0.604482
0.194494,-0.604267
0.194589,-0.604051
0.194684,-0.603835
0.19478,-0.603619
0.194875,-0.603403
0.196488,-0.60361
0.198101,-0.603817
0.199714,-0.604024
0.201327,-0.604231
0.20294,-0.604439
0.204553,-0.604646
0.206166,-0.604853
0.207779,-0.60506
0.209392,-0.605267
0.211005,-0.605474
0.212618,-0.605682
0.214231,-0.605889
0.215845,-0.606096
0.217458,-0.606303
0.219071,-0.60651
0.220684,-0.606717
0.222297,-0.606925
0.22391,-0.607132
0.225523,-0.607339
0.227136,-0.607546
0.228749,-0.607753
0.230362,-0.60796
0.231975,-0.608168
0.233588,-0.608375
0.235201,-0.608582
0.236814,-0.608789
0.238427,-0.608996
0.24004,-0.609203
0.241654,-0.609411
0.243267,-0.609618
0.24488,-0.609825
0.246493,-0.610032
0.248106,-0.610239
0.249719,-0.610446
0.251332,-0.610654
0.252945,-0.610861
0.254558,-0.611068
0.256171,-0.611275
0.257784,-0.611482
0.259397,-0.611689
0.26101,-0.611897
0.262623,-0.612104
0.264236,-0.612311
0.265849,-0.612518
0.267463,-0.612725
0.269076,-0.612932
0.270689,-0.61314
0.272302,-0.613347
0.273915,-0.613554
0.275528,-0.613761
0.277141,-0.613968
0.278754,-0.614176
0.280367,-0.614383
0.28198,-0.61459
0.283593,-0.614797
0.285206,-0.615004
0.286819,-0.615211
0.288432,-0.615419
0.290045,-0.615626
0.291658,-0.615833
0.293272,-0.61604
0.294885,-0.616247
0.296498,-0.616454
0.298111,-0.616662
0.299724,-0.616869
0.301337,-0.617076
0.30295,-0.617283
0.304563,-0.61749
0.306176,-0.617697
0.307789,-0.617905
0.309402,-0.618112
0.311015,-0.618319
0.312628,-0.618526
0.314241,-0.618733
0.315854,-0.61894
0.317467,-0.619148
0.319081,-0.619355
0.320694,-0.619562
0.322307,-0.619769
0.32392,-0.619976
0.325533,-0.620183
0.327146,-0.620391
0.328759,-0.620598
0.330372,-0.620805
0.331985,-0.621012
0.333598,-0.621219
0.335211,-0.621426
0.336824,-0.621634
0.338437,-0.621841
0.34005,-0.622048
0.341663,-0.622255
0.343276,-0.622462
0.34489,-0.622669
0.346503,-0.622877
0.348116,-0.623084
0.349729,-0.623291
0.351342,-0.623498
0.352955,-0.623705
0.354568,-0.623912
0.356181,-0.62412
0.357794,-0.624327
0.359407,-0.624534
0.36102,-0.624741
0.362633,-0.624948
0.364246,-0.625155
0.365859,-0.625363
0.367472,-0.62557
0.369085,-0.625777
0.370699,-0.625984
0.372312,-0.626191
0.373925,-0.626399
0.375538,-0.626606
0.377151,-0.626813
0.378764,-0.62702
0.380377,-0.627227
0.38199,-0.627434
0.383603,-0.627642
0.385216,-0.627849
0.386829,-0.628056
0.388442,-0.628263
0.390055,-0.62847
0.391668,-0.628677
0.393281,-0.628885
0.394894,-0.629092
0.396508,-0.629299
0.398121,-0.629506
0.399734,-0.629713
0.401347,-0.62992
0.40296,-0.630128
0.404573,-0.630335
0.406186,-0.630542
0.407799,-0.630749
0.409412,-0.630956
0.411025,-0.631163
0.412638,-0.631371
0.414251,-0.631578
0.415864,-0.631785
0.417477,-0.631992
0.41909,-0.632199
0.420703,-0.632406
0.422317,-0.632614
0.42393,-0.632821
0.425543,-0.633028
0.427156,-0.633235
0.428769,-0.633442
0.430382,-0.633649
0.431995,-0.633857
0.433608,-0.634064
0.435221,-0.634271
0.436834,-0.634478
0.437117,-0.633241
0.4374,-0.632005
0.437683,-0.630768
0.437966,-0.629531
0.438249,-0.628294
0.438532,-0.627058
0.438815,-0.625821
0.439097,-0.624584
0.43938,-0.623347
0.439663,-0.62211
0.439946,-0.620874
0.440229,-0.619637
0.440512,-0.6184
0.440795,-0.617163
0.441078,-0.615927
0.441361,-0.61469
0.441644,-0.613453
0.441927,-0.612216
0.442209,-0.61098
0.442492,-0.609743
0.442775,-0.608506
0.443058,-0.607269
0.443341,-0.606033
0.443624,-0.604796
0.443907,-0.603559
0.44419,-0.602322
0.444473,-0.601085
0.444756,-0.599849
0.445039,-0.598612
0.445322,-0.597375
0.445604,-0.596138
0.445887,-0.594902
0.44617,-0.593665
0.446453,-0.592428
0.446736,-0.591191
0.447019,-0.589955
0.447302,-0.588718
0.447585,-0.587481
0.447868,-0.586244
0.448151,-0.585008
0.448434,-0.583771
0.448716,-0.582534
0.448999,-0.581297
0.449282,-0.58006
0.449565,-0.578824
0.449848,-0.577587
0.450131,-0.57635
0.450414,-0.575113
0.450697,-0.573877
0.45098,-0.57264
0.451263,-0.571403
0.451546,-0.570166
0.451829,-0.56893
0.452111,-0.567693
0.452394,-0.566456
0.452677,-0.565219
0.45296,-0.563983
0.453243,-0.562746
0.453526,-0.561509
0.453809,-0.560272
0.454092,-0.559035
0.454375,-0.557799
0.454658,-0.556562
0.454941,-0.555325
0.455223,-0.554088
0.455506,-0.552852
0.455789,-0.551615
0.456072,-0.550378
0.456355,-0.549141
0.456638,-0.547905
0.456921,-0.546668
0.457204,-0.545431
0.457487,-0.544194
0.45777,-0.542957
0.458053,-0.541721
0.458336,-0.540484
0.458618,-0.539247
0.458901,-0.53801
0.459184,-0.536774
0.459467,-0.535537
0.45975,-0.5343
0.460033,-0.533063
0.460316,-0.531827
0.460599,-0.53059
0.460882,-0.529353
0.461165,-0.528116
0.461448,-0.52688
0.46173,-0.525643
0.462013,-0.524406
0.462296,-0.523169
0.462579,-0.521932
0.462862,-0.520696
0.463145,-0.519459
0.463428,-0.518222
0.463711,-0.516985
0.463994,-0.515749
0.464277,-0.514512
0.46456,-0.513275
0.464843,-0.512038
0.465125,-0.510802
0.465408,-0.509565
0.465691,-0.508328
0.465974,-0.507091
0.466257,-0.505855
0.46654,-0.504618
0.466823,-0.503381
0.467106,-0.502144
0.467389,-0.500907
0.467672,-0.499671
0.467955,-0.498434
0.468237,-0.497197
0.46852,-0.49596
0.468803,-0.494724
0.469086,-0.493487
0.469369,-0.49225
0.469652,-0.491013
0.469935,-0.489777
0.470218,-0.48854
0.470501,-0.487303
0.470784,-0.486066
0.471067,-0.48483
0.47135,-0.483593
0.471632,-0.482356
0.471915,-0.481119
0.472198,-0.479882
0.472481,-0.478646
0.472764,-0.477409
0.473047,-0.476172
0.47333,-0.474935
0.473613,-0.473699
0.473896,-0.472462
0.474179,-0.471225
0.474462,-0.469988
0.474744,-0.468752
0.475027,-0.467515
0.47531,-0.466278
0.475593,-0.465041
0.475876,-0.463805
0.476159,-0.462568
0.476442,-0.461331
0.476725,-0.460094
0.477008,-0.458857
0.477291,-0.457621
0.477574,-0.456384
0.477857,-0.455147
0.478139,-0.45391
0.478422,-0.452674
0.478705,-0.451437
0.478988,-0.4502
