O
25
1,0,-1,0.78,-0.5,0.75,0.0,0.0,0.0,0.3,0.4,0.02,0,0.8,False
2,0,-1,1.1,-0.5,0.93,0.0,0.0,0.0,0.02,0.4,0.2,0,0.8,False
3,0,-1,0.78,-0.5,1.11,0.0,0.0,0.0,0.3,0.4,0.02,0,0.8,False
4,0,-1,0.8,-0.92,0.93,0.0,0.0,0.0,0.32,0.02,0.2,0,0.8,False
5,0,-1,0.8,-0.08,0.93,0.0,0.0,0.0,0.32,0.02,0.2,0,0.8,False
6,2,0,0.6790173110598987,-0.28042447788934066,0.8450000000000001,0.0,0.0,5.342757811708094,0.04273022939485806,0.04273022939485806,0.15,0.4365375335883872,0.8386108272876089,False
7,2,0,0.7640063624675915,-0.5760383292918183,0.8573142917065902,0.0,0.0,2.968592995929193,0.03407381594241323,0.03407381594241323,0.17462858341318038,0.07126633223982348,0.8420445474951562,False
8,2,0,0.9459293277217838,-0.2585624185413532,0.8450000000000001,0.0,0.0,4.208478472589114,0.07707255505934313,0.07707255505934313,0.15,0.35735363109082946,0.9135230829694319,False
9,2,0,1.0033499533107708,-0.8285085057818025,0.8685629445979971,0.0,0.0,0.4387694728647453,0.03,0.03,0.19712588919599403,0.13516891930158964,1.0484038987578395,False
10,2,0,0.6100804862227578,-0.16759484283719117,0.8450000000000001,0.0,0.0,1.69303513528178,0.03,0.03,0.15,0.25499630207414475,1.19506478221354,False
11,0,1,0.6015391158731647,-0.5647586680093175,0.86,0.0,0.0,4.147554786077171,0.04234353891063102,0.06072739082945822,0.09,0.49854407610460033,0.9579469275313435,True
12,0,1,0.6813698429955637,-0.7827087778912958,0.9183521418069649,0.0,0.0,5.641124184876169,0.048748415546019455,0.06830373471074909,0.14835214180696493,0.010972268214218317,0.8875194202596375,True
13,0,1,0.8129569964854098,-0.4127143644936916,0.9242027720213318,0.0,0.0,1.5811455772888554,0.03,0.05916945590143333,0.1542027720213318,0.41709564289991563,0.9599999869094273,True
14,0,1,0.9522622091406612,-0.6984311257733191,0.86,0.0,0.0,2.815891877129479,0.07057362059255583,0.03324259888013283,0.09,0.4147463688429093,0.990128352684516,True
15,0,1,0.9591825010809616,-0.5667146243703243,0.8758150395030763,0.0,0.0,4.153113829348518,0.03,0.03,0.10581503950307623,0.48187009651421636,0.8845777457777789,True
16,2,1,0.858785350089679,-0.5685972489665602,0.8450000000000001,0.0,0.0,2.2714362820879352,0.03,0.03,0.15,0.1840189706662233,0.9180631031516373,True
17,0,1,0.6619664783241594,-0.4387493003497055,0.86,0.0,0.0,0.13203556100215869,0.03,0.03,0.09,0.18313233224056152,0.8362934694055271,True
18,0,1,0.5174866207370314,-0.6943235426463809,0.9054308318311534,0.0,0.0,4.182068329755965,0.03,0.04810259880075968,0.13543083183115337,0.4387500775839142,1.0762059818851117,True
19,2,1,0.5210754980052331,-0.3768369063254963,0.8450000000000001,0.0,0.0,4.121311197593417,0.03,0.03,0.15,0.38977016807814735,1.0724840507648252,True
20,2,1,0.8742623255064559,-0.8365727389300679,0.8662500119991934,0.0,0.0,3.0425577800259145,0.03665330273430151,0.03665330273430151,0.19250002399838662,0.3449069043886436,1.1874680866077334,True
21,2,1,0.9262669584162171,-0.433066846701188,0.8503140019402078,0.0,0.0,1.9414296351474778,0.03,0.03,0.16062800388041557,0.4333377576709427,1.0542729261522603,True
22,0,1,0.8131177977136078,-0.7093863047884609,0.86,0.0,0.0,3.0779355193883347,0.03,0.044933236576266265,0.09,0.16660464528630503,0.8803951666852184,True
23,2,1,0.795440890159305,-0.18396930492326813,0.8450000000000001,0.0,0.0,4.770787012813459,0.03,0.03,0.15,0.016689384914289118,0.8302404571757598,True
24,2,1,0.5276953859497145,-0.2656866541601197,0.8450000000000001,0.0,0.0,4.946294666369371,0.03,0.03,0.15,0.06512807420522287,1.1102096575879727,True
25,2,1,0.6943777496601342,-0.17561623987367136,0.8688168138084001,0.0,0.0,1.5627367583070209,0.03,0.03,0.19763362761680026,0.49810933555523995,1.144893065230857,True
R
0.0,0.0,0.0,0.0,0.0,0.0,1.0
S
8
torso_lift_joint,0
r_shoulder_pan_joint,-1.69017
r_shoulder_lift_joint,-0.0788625
r_upper_arm_roll_joint,-1.69017
r_elbow_flex_joint,-1.2717
r_forearm_roll_joint,-0.151824
r_wrist_flex_joint,-1.25254
r_wrist_roll_joint,0.675062
G
0.610895,-0.335705,0.845,0.681706,-0,0
ooi
6
A
599
0.310248,-0.673113
0.311154,-0.672679
0.312059,-0.672246
0.312965,-0.671812
0.313871,-0.671378
0.314776,-0.670945
0.315682,-0.670511
0.316587,-0.670077
0.317493,-0.669644
0.318399,-0.66921
0.319304,-0.668776
0.32021,-0.668343
0.321115,-0.667909
0.322021,-0.667476
0.322926,-0.667042
0.323832,-0.666608
0.324738,-0.666175
0.325643,-0.665741
0.326549,-0.665307
0.327454,-0.664874
0.32836,-0.66444
0.329266,-0.664006
0.330171,-0.663573
0.331077,-0.663139
0.331982,-0.662705
0.332888,-0.662272
0.333794,-0.661838
0.334699,-0.661404
0.335605,-0.660971
0.33651,-0.660537
0.337416,-0.660103
0.338322,-0.65967
0.339227,-0.659236
0.340133,-0.658802
0.341038,-0.658369
0.341944,-0.657935
0.34285,-0.657501
0.343755,-0.657068
0.344661,-0.656634
0.345566,-0.6562
0.346472,-0.655767
0.347378,-0.655333
0.348283,-0.654899
0.349189,-0.654466
0.350094,-0.654032
0.351,-0.653598
0.351906,-0.653165
0.352811,-0.652731
0.353717,-0.652297
0.354622,-0.651864
0.355528,-0.65143
0.356433,-0.650997
0.357339,-0.650563
0.358245,-0.650129
0.35915,-0.649696
0.360056,-0.649262
0.360961,-0.648828
0.361867,-0.648395
0.362773,-0.647961
0.363678,-0.647527
0.364584,-0.647094
0.365489,-0.64666
0.366395,-0.646226
0.367301,-0.645793
0.368206,-0.645359
0.369112,-0.644925
0.370017,-0.644492
0.370923,-0.644058
0.371829,-0.643624
0.372734,-0.643191
0.37364,-0.642757
0.374545,-0.642323
0.375451,-0.64189
0.376357,-0.641456
0.377262,-0.641022
0.378168,-0.640589
0.379073,-0.640155
0.379979,-0.639721
0.380885,-0.639288
0.38179,-0.638854
0.382696,-0.63842
0.383601,-0.637987
0.384507,-0.637553
0.385412,-0.637119
0.386318,-0.636686
0.387224,-0.636252
0.388129,-0.635818
0.389035,-0.635385
0.38994,-0.634951
0.390846,-0.634518
0.391752,-0.634084
0.392657,-0.63365
0.393563,-0.633217
0.394468,-0.632783
0.395374,-0.632349
0.39628,-0.631916
0.397185,-0.631482
0.398091,-0.631048
0.398996,-0.630615
0.399902,-0.630181
0.400808,-0.629747
0.401713,-0.629314
0.402619,-0.62888
0.403524,-0.628446
0.40443,-0.628013
0.405336,-0.627579
0.406241,-0.627145
0.407147,-0.626712
0.408052,-0.626278
0.408958,-0.625844
0.409864,-0.625411
0.410769,-0.624977
0.411675,-0.624543
0.41258,-0.62411
0.413486,-0.623676
0.414392,-0.623242
0.415297,-0.622809
0.416203,-0.622375
0.417108,-0.621941
0.418014,-0.621508
0.418919,-0.621074
0.419825,-0.62064
0.420731,-0.620207
0.421636,-0.619773
0.422542,-0.619339
0.423447,-0.618906
0.424353,-0.618472
0.425259,-0.618039
0.426164,-0.617605
0.42707,-0.617171
0.427975,-0.616738
0.428881,-0.616304
0.429787,-0.61587
0.430692,-0.615437
0.431598,-0.615003
0.432503,-0.614569
0.433409,-0.614136
0.434315,-0.613702
0.43522,-0.613268
0.436126,-0.612835
0.437031,-0.612401
0.437937,-0.611967
0.438843,-0.611534
0.439748,-0.6111
0.440654,-0.610666
0.441559,-0.610233
0.442465,-0.609799
0.443371,-0.609365
0.444276,-0.608932
0.445182,-0.608498
0.446087,-0.608064
0.446302,-0.607194
0.446516,-0.606324
0.44673,-0.605453
0.446945,-0.604583
0.447159,-0.603712
0.447373,-0.602842
0.447588,-0.601972
0.447802,-0.601101
0.448016,-0.600231
0.44823,-0.59936
0.448445,-0.59849
0.448659,-0.59762
0.448873,-0.596749
0.449088,-0.595879
0.449302,-0.595008
0.449516,-0.594138
0.449731,-0.593268
0.449945,-0.592397
0.450159,-0.591527
0.450374,-0.590656
0.450588,-0.589786
0.450802,-0.588916
0.451017,-0.588045
0.451231,-0.587175
0.451445,-0.586304
0.45166,-0.585434
0.451874,-0.584564
0.452088,-0.583693
0.452303,-0.582823
0.452517,-0.581952
0.452731,-0.581082
0.452946,-0.580212
0.45316,-0.579341
0.453374,-0.578471
0.453588,-0.5776
0.453803,-0.57673
0.454017,-0.57586
0.454231,-0.574989
0.454446,-0.574119
0.45466,-0.573248
0.454874,-0.572378
0.455089,-0.571508
0.455303,-0.570637
0.455517,-0.569767
0.455732,-0.568897
0.455946,-0.568026
0.45616,-0.567156
0.456375,-0.566285
0.456589,-0.565415
0.456803,-0.564545
0.457018,-0.563674
0.457232,-0.562804
0.457446,-0.561933
0.457661,-0.561063
0.457875,-0.560193
0.458089,-0.559322
0.458303,-0.558452
0.458518,-0.557581
0.458732,-0.556711
0.458946,-0.555841
0.459161,-0.55497
0.459375,-0.5541
0.459589,-0.553229
0.459804,-0.552359
0.460018,-0.551489
0.460232,-0.550618
0.460447,-0.549748
0.460661,-0.548877
0.460875,-0.548007
0.46109,-0.547137
0.461304,-0.546266
0.461518,-0.545396
0.461733,-0.544525
0.461947,-0.543655
0.462161,-0.542785
0.462376,-0.541914
0.46259,-0.541044
0.462804,-0.540173
0.463018,-0.539303
0.463233,-0.538433
0.463447,-0.537562
0.463661,-0.536692
0.463876,-0.535821
0.46409,-0.534951
0.464304,-0.534081
0.464519,-0.53321
0.464733,-0.53234
0.464947,-0.531469
0.465162,-0.530599
0.465376,-0.529729
0.46559,-0.528858
0.465805,-0.527988
0.466019,-0.527117
0.466233,-0.526247
0.466448,-0.525377
0.466662,-0.524506
0.466876,-0.523636
0.467091,-0.522765
0.467305,-0.521895
0.467519,-0.521025
0.467733,-0.520154
0.467948,-0.519284
0.468162,-0.518413
0.468376,-0.517543
0.468591,-0.516673
0.468805,-0.515802
0.469019,-0.514932
0.469234,-0.514061
0.469448,-0.513191
0.469662,-0.512321
0.469877,-0.51145
0.470091,-0.51058
0.470305,-0.509709
0.47052,-0.508839
0.470734,-0.507969
0.470948,-0.507098
0.471163,-0.506228
0.471377,-0.505358
0.471591,-0.504487
0.471806,-0.503617
0.47202,-0.502746
0.472234,-0.501876
0.472449,-0.501006
0.472663,-0.500135
0.472877,-0.499265
0.473091,-0.498394
0.473306,-0.497524
0.47352,-0.496654
0.473734,-0.495783
0.473949,-0.494913
0.474163,-0.494042
0.474377,-0.493172
0.474592,-0.492302
0.474806,-0.491431
0.47502,-0.490561
0.475235,-0.48969
0.475449,-0.48882
0.475663,-0.48795
0.475878,-0.487079
0.476092,-0.486209
0.476306,-0.485338
0.476521,-0.484468
0.476735,-0.483598
0.476949,-0.482727
0.477164,-0.481857
0.477378,-0.480986
0.477592,-0.480116
0.477806,-0.479246
0.478021,-0.478375
0.478769,-0.477639
0.479517,-0.476903
0.480265,-0.476167
0.481013,-0.475431
0.481761,-0.474695
0.482509,-0.473959
0.483257,-0.473223
0.484004,-0.472487
0.484752,-0.471751
0.4855,-0.471015
0.486248,-0.470279
0.486996,-0.469543
0.487744,-0.468807
0.488492,-0.46807
0.48924,-0.467334
0.489988,-0.466598
0.490736,-0.465862
0.491484,-0.465126
0.492232,-0.46439
0.49298,-0.463654
0.493728,-0.462918
0.494476,-0.462182
0.495224,-0.461446
0.495972,-0.46071
0.49672,-0.459974
0.497468,-0.459238
0.498216,-0.458502
0.498964,-0.457766
0.499712,-0.45703
0.50046,-0.456294
0.501208,-0.455558
0.501956,-0.454822
0.502703,-0.454086
0.503451,-0.45335
0.504199,-0.452613
0.504947,-0.451877
0.505695,-0.451141
0.506443,-0.450405
0.507191,-0.449669
0.507939,-0.448933
0.508687,-0.448197
0.509435,-0.447461
0.510183,-0.446725
0.510931,-0.445989
0.511679,-0.445253
0.512427,-0.444517
0.513175,-0.443781
0.513923,-0.443045
0.514671,-0.442309
0.515419,-0.441573
0.516167,-0.440837
0.516915,-0.440101
0.517663,-0.439365
0.518411,-0.438629
0.519159,-0.437892
0.519907,-0.437156
0.520655,-0.43642
0.521402,-0.435684
0.52215,-0.434948
0.522898,-0.434212
0.523646,-0.433476
0.524394,-0.43274
0.525142,-0.432004
0.52589,-0.431268
0.526638,-0.430532
0.527386,-0.429796
0.528134,-0.42906
0.528882,-0.428324
0.52963,-0.427588
0.530378,-0.426852
0.531126,-0.426116
0.531874,-0.42538
0.532622,-0.424644
0.53337,-0.423908
0.534118,-0.423171
0.534866,-0.422435
0.535614,-0.421699
0.536362,-0.420963
0.53711,-0.420227
0.537858,-0.419491
0.538606,-0.418755
0.539354,-0.418019
0.540101,-0.417283
0.540849,-0.416547
0.541597,-0.415811
0.542345,-0.415075
0.543093,-0.414339
0.543841,-0.413603
0.544589,-0.412867
0.545337,-0.412131
0.546085,-0.411395
0.546833,-0.410659
0.547581,-0.409923
0.548329,-0.409187
0.549077,-0.40845
0.549825,-0.407714
0.550573,-0.406978
0.551321,-0.406242
0.552069,-0.405506
0.552817,-0.40477
0.553565,-0.404034
0.554313,-0.403298
0.555061,-0.402562
0.555809,-0.401826
0.556557,-0.40109
0.557305,-0.400354
0.558053,-0.399618
0.5588,-0.398882
0.559548,-0.398146
0.560296,-0.39741
0.561044,-0.396674
0.561792,-0.395938
0.56254,-0.395202
0.563288,-0.394466
0.564036,-0.393729
0.564784,-0.392993
0.565532,-0.392257
0.56628,-0.391521
0.567028,-0.390785
0.567776,-0.390049
0.568524,-0.389313
0.569272,-0.388577
0.57002,-0.387841
0.570768,-0.387105
0.571516,-0.386369
0.572264,-0.385633
0.573012,-0.384897
0.57376,-0.384161
0.574508,-0.383425
0.575256,-0.382689
0.576004,-0.381953
0.576752,-0.381217
0.577499,-0.380481
0.578247,-0.379745
0.578995,-0.379009
0.579743,-0.378272
0.580491,-0.377536
0.581239,-0.3768
0.581987,-0.376064
0.582735,-0.375328
0.583483,-0.374592
0.584231,-0.373856
0.584979,-0.37312
0.585727,-0.372384
0.586475,-0.371648
0.587223,-0.370912
0.587971,-0.370176
0.588719,-0.36944
0.589467,-0.368704
0.590215,-0.367968
0.590354,-0.367751
0.590492,-0.367535
0.590631,-0.367318
0.59077,-0.367102
0.590909,-0.366885
0.591048,-0.366669
0.591186,-0.366452
0.591325,-0.366236
0.591464,-0.366019
0.591603,-0.365802
0.591742,-0.365586
0.59188,-0.365369
0.592019,-0.365153
0.592158,-0.364936
0.592297,-0.36472
0.592435,-0.364503
0.592574,-0.364287
0.592713,-0.36407
0.592852,-0.363854
0.592991,-0.363637
0.593129,-0.363421
0.593268,-0.363204
0.593407,-0.362988
0.593546,-0.362771
0.593685,-0.362555
0.593823,-0.362338
0.593962,-0.362121
0.594101,-0.361905
0.59424,-0.361688
0.594379,-0.361472
0.594517,-0.361255
0.594656,-0.361039
0.594795,-0.360822
0.594934,-0.360606
0.595073,-0.360389
0.595211,-0.360173
0.59535,-0.359956
0.595489,-0.35974
0.595628,-0.359523
0.595766,-0.359307
0.595905,-0.35909
0.596044,-0.358874
0.596183,-0.358657
0.596322,-0.35844
0.59646,-0.358224
0.596599,-0.358007
0.596738,-0.357791
0.596877,-0.357574
0.597016,-0.357358
0.597154,-0.357141
0.597293,-0.356925
0.597432,-0.356708
0.597571,-0.356492
0.59771,-0.356275
0.597848,-0.356059
0.597987,-0.355842
0.598126,-0.355626
0.598265,-0.355409
0.598404,-0.355193
0.598542,-0.354976
0.598681,-0.354759
0.59882,-0.354543
0.598959,-0.354326
0.599098,-0.35411
0.599236,-0.353893
0.599375,-0.353677
0.599514,-0.35346
0.599653,-0.353244
0.599791,-0.353027
0.59993,-0.352811
0.600069,-0.352594
0.600208,-0.352378
0.600347,-0.352161
0.600485,-0.351945
0.600624,-0.351728
0.600763,-0.351512
0.600902,-0.351295
0.601041,-0.351078
0.601179,-0.350862
0.601318,-0.350645
0.601457,-0.350429
0.601596,-0.350212
0.601735,-0.349996
0.601873,-0.349779
0.602012,-0.349563
0.602151,-0.349346
0.60229,-0.34913
0.602429,-0.348913
0.602567,-0.348697
0.602706,-0.34848
0.602845,-0.348264
0.602984,-0.348047
0.603123,-0.347831
0.603261,-0.347614
0.6034,-0.347398
0.603539,-0.347181
0.603678,-0.346964
0.603816,-0.346748
0.603955,-0.346531
0.604094,-0.346315
0.604233,-0.346098
0.604372,-0.345882
0.60451,-0.345665
0.604649,-0.345449
0.604788,-0.345232
0.604927,-0.345016
0.605066,-0.344799
0.605204,-0.344583
0.605343,-0.344366
0.605482,-0.34415
0.605621,-0.343933
0.60576,-0.343717
0.605898,-0.3435
0.606037,-0.343283
0.606176,-0.343067
0.606315,-0.34285
0.606454,-0.342634
0.606592,-0.342417
0.606731,-0.342201
0.60687,-0.341984
0.607009,-0.341768
0.607147,-0.341551
0.607286,-0.341335
0.607425,-0.341118
0.607564,-0.340902
0.607703,-0.340685
0.607841,-0.340469
0.60798,-0.340252
0.608119,-0.340036
0.608258,-0.339819
0.608397,-0.339602
0.608535,-0.339386
0.608674,-0.339169
0.608813,-0.338953
0.608952,-0.338736
0.609091,-0.33852
0.609229,-0.338303
0.609368,-0.338087
0.609507,-0.33787
0.609646,-0.337654
0.609785,-0.337437
0.609923,-0.337221
0.610062,-0.337004
0.610201,-0.336788
0.61034,-0.336571
0.610479,-0.336355
0.610617,-0.336138
0.610756,-0.335921
0.610895,-0.335705
