O
25
1,0,-1,0.78,-0.5,0.75,0.0,0.0,0.0,0.3,0.4,0.02,0,0.8,False
2,0,-1,1.1,-0.5,0.93,0.0,0.0,0.0,0.02,0.4,0.2,0,0.8,False
3,0,-1,0.78,-0.5,1.11,0.0,0.0,0.0,0.3,0.4,0.02,0,0.8,False
4,0,-1,0.8,-0.92,0.93,0.0,0.0,0.0,0.32,0.02,0.2,0,0.8,False
5,0,-1,0.8,-0.08,0.93,0.0,0.0,0.0,0.32,0.02,0.2,0,0.8,False
6,0,0,1.0220451733882794,-0.7323853938752879,0.86,0.0,0.0,0.23074485278916612,0.03,0.07512391149078534,0.09,0.4939495737221414,0.835372790839609,False
7,0,0,0.7989979921058561,-0.7045747246147916,0.9230977229362624,0.0,0.0,0.26590961623558373,0.03,0.06157105551007931,0.15309772293626234,0.244459189540567,0.9099177384239232,False
8,0,0,0.9851428445172152,-0.254196094611273,0.86,0.0,0.0,1.800571475623185,0.038148360509989515,0.06286109910868183,0.09,0.4101014895342911,1.0467176294775702,False
9,2,0,0.6798031732416789,-0.684434474299257,0.8450000000000001,0.0,0.0,0.36989732893557736,0.04029571994276072,0.04029571994276072,0.15,0.4235094034562774,1.1256518016279633,False
10,2,0,0.6801074882024475,-0.27586646591728625,0.8450000000000001,0.0,0.0,4.60440383937852,0.03,0.03,0.15,0.3361139845158171,1.1764864617301487,False
11,0,1,0.7956951959895651,-0.4632678529151839,0.86,0.0,0.0,3.0457985099657994,0.05577556856238229,0.07029405544607793,0.09,0.4290525125708432,1.1622575417687675,True
12,0,1,0.8413980350931802,-0.29252608051495177,0.86,0.0,0.0,0.18825908320974963,0.048519813953720056,0.030291011315515315,0.09,0.35123991168783,1.1176572925254216,True
13,2,1,0.8613479225400178,-0.1805079050809233,0.8589816561451644,0.0,0.0,5.477072359906827,0.03,0.03,0.1779633122903289,0.06193633238999824,0.8102941357166981,True
14,0,1,0.6019902212619649,-0.4921985387608656,0.8611236685654972,0.0,0.0,4.968998713592325,0.03,0.03,0.09112366856549718,0.25329835310330906,1.1451248172429633,True
15,2,1,0.6149216690476912,-0.16943471797569054,0.8450000000000001,0.0,0.0,0.9164371425115689,0.030675835329049633,0.030675835329049633,0.15,0.22453223197801492,1.1627171921064665,True
16,2,1,0.6742024367269075,-0.8207558152073416,0.8450000000000001,0.0,0.0,4.340166751391791,0.044887936431593826,0.044887936431593826,0.15,0.23473051058110284,0.9710313497260838,True
17,2,1,0.9658849795166328,-0.4459122825092443,0.8450000000000001,0.0,0.0,3.9557319099194483,0.03,0.03,0.15,0.322574414096174,0.9936382104177074,True
18,0,1,1.0113973804171392,-0.5579060007725016,0.86,0.0,0.0,3.7250210901231884,0.04112223135870881,0.03,0.09,0.3091985102847992,1.1326474476598678,True
19,2,1,0.567220914057163,-0.6115415880081294,0.8611448321581698,0.0,0.0,5.226776414350835,0.03187540311561146,0.03187540311561146,0.18228966431633975,0.0020465734004713743,0.8992223830616591,True
20,0,1,0.5890451806586113,-0.28739579350064315,0.9216953795830298,0.0,0.0,1.5922647083122283,0.05807068123735158,0.03,0.15169537958302978,0.10358571381794424,1.0749472914895521,True
21,2,1,0.7461268756255561,-0.1616922368302609,0.8450000000000001,0.0,0.0,5.0960326967332366,0.03,0.03,0.15,0.1976965000201567,0.8038838653627196,True
22,0,1,0.6855812651735622,-0.4631503148413163,0.86,0.0,0.0,4.559007600515332,0.03,0.03,0.09,0.19860496399913347,1.054820800408942,True
23,2,1,0.9284189742452256,-0.8099820032471629,0.8450000000000001,0.0,0.0,3.172427626317431,0.03,0.03,0.15,0.4908877861336526,0.8425000266371433,True
24,0,1,0.8354317691829034,-0.8421909318915616,0.914969319549747,0.0,0.0,3.6062667653702944,0.03,0.03,0.14496931954974707,0.25389411909746235,0.9479066212330216,True
25,2,1,0.5341245715362215,-0.8293007116349329,0.8450000000000001,0.0,0.0,0.7092239099520377,0.03,0.03,0.15,0.01916614633399938,1.1457488913405276,True
R
0.0,0.0,0.0,0.0,0.0,0.0,1.0
S
8
torso_lift_joint,0
r_shoulder_pan_joint,-1.69017
r_shoulder_lift_joint,-0.0788625
r_upper_arm_roll_joint,-1.69017
r_elbow_flex_joint,-1.2717
r_forearm_roll_joint,-0.151824
r_wrist_flex_joint,-1.25254
r_wrist_roll_joint,0.675062
G
0.603974,-0.645379,0.845,2.66598,-3.14159,3.14159
ooi
9
A
599
0.310248,-0.673113
0.311327,-0.674047
0.312406,-0.674981
0.313485,-0.675916
0.314565,-0.67685
0.315644,-0.677784
0.316723,-0.678718
0.317802,-0.679652
0.318881,-0.680587
0.31996,-0.681521
0.321039,-0.682455
0.322118,-0.683389
0.323197,-0.684323
0.324276,-0.685257
0.325356,-0.686192
0.326435,-0.687126
0.327514,-0.68806
0.328593,-0.688994
0.329672,-0.689928
0.330751,-0.690863
0.33183,-0.691797
0.332909,-0.692731
0.333988,-0.693665
0.335068,-0.694599
0.336147,-0.695533
0.337226,-0.696468
0.338305,-0.697402
0.339384,-0.698336
0.340463,-0.69927
0.341542,-0.700204
0.342621,-0.701139
0.3437,-0.702073
0.344779,-0.703007
0.345859,-0.703941
0.346938,-0.704875
0.348017,-0.705809
0.349096,-0.706744
0.350175,-0.707678
0.351254,-0.708612
0.352333,-0.709546
0.353412,-0.71048
0.354491,-0.711415
0.35557,-0.712349
0.35665,-0.713283
0.357729,-0.714217
0.358808,-0.715151
0.359887,-0.716085
0.360966,-0.71702
0.362045,-0.717954
0.363124,-0.718888
0.364203,-0.719822
0.365282,-0.720756
0.366361,-0.721691
0.367441,-0.722625
0.36852,-0.723559
0.369599,-0.724493
0.370678,-0.725427
0.371757,-0.726361
0.372836,-0.727296
0.373915,-0.72823
0.374994,-0.729164
0.376073,-0.730098
0.377152,-0.731032
0.378232,-0.731967
0.379311,-0.732901
0.38039,-0.733835
0.381469,-0.734769
0.382548,-0.735703
0.383627,-0.736637
0.384706,-0.737572
0.385785,-0.738506
0.386864,-0.73944
0.387944,-0.740374
0.389023,-0.741308
0.390102,-0.742243
0.391181,-0.743177
0.39226,-0.744111
0.393339,-0.745045
0.394418,-0.745979
0.395497,-0.746913
0.396576,-0.747848
0.397655,-0.748782
0.398735,-0.749716
0.399814,-0.75065
0.400893,-0.751584
0.401972,-0.752519
0.403051,-0.753453
0.40413,-0.754387
0.405209,-0.755321
0.406288,-0.756255
0.407367,-0.757189
0.408446,-0.758124
0.409526,-0.759058
0.410605,-0.759992
0.411684,-0.760926
0.412763,-0.76186
0.413842,-0.762795
0.414921,-0.763729
0.416,-0.764663
0.417079,-0.765597
0.418158,-0.766531
0.419237,-0.767465
0.420317,-0.7684
0.421396,-0.769334
0.422475,-0.770268
0.423554,-0.771202
0.424633,-0.772136
0.425712,-0.773071
0.426791,-0.774005
0.42787,-0.774939
0.428949,-0.775873
0.430028,-0.776807
0.431108,-0.777741
0.432187,-0.778676
0.433266,-0.77961
0.434345,-0.780544
0.435424,-0.781478
0.436503,-0.782412
0.437582,-0.783347
0.438661,-0.784281
0.43974,-0.785215
0.440819,-0.786149
0.441899,-0.787083
0.442978,-0.788017
0.444057,-0.788952
0.445136,-0.789886
0.446215,-0.79082
0.447294,-0.791754
0.448373,-0.792688
0.449452,-0.793623
0.450531,-0.794557
0.451611,-0.795491
0.45269,-0.796425
0.453769,-0.797359
0.454848,-0.798293
0.455927,-0.799228
0.457006,-0.800162
0.458085,-0.801096
0.459164,-0.80203
0.460243,-0.802964
0.461322,-0.803899
0.462402,-0.804833
0.463481,-0.805767
0.46456,-0.806701
0.465639,-0.807635
0.466718,-0.808569
0.467797,-0.809504
0.468876,-0.810438
0.469955,-0.811372
0.471034,-0.812306
0.472113,-0.81324
0.472551,-0.812328
0.472989,-0.811417
0.473427,-0.810505
0.473865,-0.809593
0.474303,-0.808681
0.47474,-0.807769
0.475178,-0.806857
0.475616,-0.805945
0.476054,-0.805033
0.476492,-0.804121
0.47693,-0.803209
0.477367,-0.802298
0.477805,-0.801386
0.478243,-0.800474
0.478681,-0.799562
0.479119,-0.79865
0.479557,-0.797738
0.479995,-0.796826
0.480432,-0.795914
0.48087,-0.795002
0.481308,-0.79409
0.481746,-0.793178
0.482184,-0.792267
0.482622,-0.791355
0.483059,-0.790443
0.483497,-0.789531
0.483935,-0.788619
0.484373,-0.787707
0.484811,-0.786795
0.485249,-0.785883
0.485686,-0.784971
0.486124,-0.784059
0.486562,-0.783148
0.487,-0.782236
0.487438,-0.781324
0.487876,-0.780412
0.488313,-0.7795
0.488751,-0.778588
0.489189,-0.777676
0.489627,-0.776764
0.490065,-0.775852
0.490503,-0.77494
0.49094,-0.774028
0.491378,-0.773117
0.491816,-0.772205
0.492254,-0.771293
0.492692,-0.770381
0.49313,-0.769469
0.493567,-0.768557
0.494005,-0.767645
0.494443,-0.766733
0.494881,-0.765821
0.495319,-0.764909
0.495757,-0.763998
0.496195,-0.763086
0.496632,-0.762174
0.49707,-0.761262
0.497508,-0.76035
0.497946,-0.759438
0.498384,-0.758526
0.498822,-0.757614
0.499259,-0.756702
0.499697,-0.75579
0.500135,-0.754878
0.500573,-0.753967
0.501011,-0.753055
0.501449,-0.752143
0.501886,-0.751231
0.502324,-0.750319
0.502762,-0.749407
0.5032,-0.748495
0.503638,-0.747583
0.504076,-0.746671
0.504513,-0.745759
0.504951,-0.744848
0.505389,-0.743936
0.505827,-0.743024
0.506265,-0.742112
0.506703,-0.7412
0.50714,-0.740288
0.507578,-0.739376
0.508016,-0.738464
0.508454,-0.737552
0.508892,-0.73664
0.50933,-0.735728
0.509767,-0.734817
0.510205,-0.733905
0.510643,-0.732993
0.511081,-0.732081
0.511519,-0.731169
0.511957,-0.730257
0.512395,-0.729345
0.512832,-0.728433
0.51327,-0.727521
0.513708,-0.726609
0.514146,-0.725698
0.514584,-0.724786
0.515022,-0.723874
0.515459,-0.722962
0.515897,-0.72205
0.516335,-0.721138
0.516773,-0.720226
0.517211,-0.719314
0.517649,-0.718402
0.518086,-0.71749
0.518524,-0.716578
0.518962,-0.715667
0.5194,-0.714755
0.519838,-0.713843
0.520276,-0.712931
0.520713,-0.712019
0.521151,-0.711107
0.521589,-0.710195
0.522027,-0.709283
0.522465,-0.708371
0.522903,-0.707459
0.52334,-0.706548
0.523778,-0.705636
0.524216,-0.704724
0.524654,-0.703812
0.525092,-0.7029
0.52553,-0.701988
0.525967,-0.701076
0.526405,-0.700164
0.526843,-0.699252
0.527281,-0.69834
0.527719,-0.697428
0.528157,-0.696517
0.528595,-0.695605
0.529032,-0.694693
0.52947,-0.693781
0.529908,-0.692869
0.530346,-0.691957
0.530784,-0.691045
0.531222,-0.690133
0.531659,-0.689221
0.532097,-0.688309
0.532535,-0.687398
0.532973,-0.686486
0.533411,-0.685574
0.533849,-0.684662
0.534286,-0.68375
0.534724,-0.682838
0.535162,-0.681926
0.5356,-0.681014
0.536038,-0.680102
0.536476,-0.67919
0.536913,-0.678278
0.537351,-0.677367
0.537663,-0.677238
0.537975,-0.677109
0.538286,-0.67698
0.538598,-0.676852
0.53891,-0.676723
0.539221,-0.676594
0.539533,-0.676465
0.539845,-0.676336
0.540156,-0.676208
0.540468,-0.676079
0.54078,-0.67595
0.541091,-0.675821
0.541403,-0.675693
0.541715,-0.675564
0.542026,-0.675435
0.542338,-0.675306
0.54265,-0.675178
0.542961,-0.675049
0.543273,-0.67492
0.543585,-0.674791
0.543896,-0.674663
0.544208,-0.674534
0.54452,-0.674405
0.544831,-0.674276
0.545143,-0.674147
0.545455,-0.674019
0.545767,-0.67389
0.546078,-0.673761
0.54639,-0.673632
0.546702,-0.673504
0.547013,-0.673375
0.547325,-0.673246
0.547637,-0.673117
0.547948,-0.672989
0.54826,-0.67286
0.548572,-0.672731
0.548883,-0.672602
0.549195,-0.672474
0.549507,-0.672345
0.549818,-0.672216
0.55013,-0.672087
0.550442,-0.671959
0.550753,-0.67183
0.551065,-0.671701
0.551377,-0.671572
0.551688,-0.671443
0.552,-0.671315
0.552312,-0.671186
0.552623,-0.671057
0.552935,-0.670928
0.553247,-0.6708
0.553558,-0.670671
0.55387,-0.670542
0.554182,-0.670413
0.554493,-0.670285
0.554805,-0.670156
0.555117,-0.670027
0.555428,-0.669898
0.55574,-0.66977
0.556052,-0.669641
0.556363,-0.669512
0.556675,-0.669383
0.556987,-0.669254
0.557299,-0.669126
0.55761,-0.668997
0.557922,-0.668868
0.558234,-0.668739
0.558545,-0.668611
0.558857,-0.668482
0.559169,-0.668353
0.55948,-0.668224
0.559792,-0.668096
0.560104,-0.667967
0.560415,-0.667838
0.560727,-0.667709
0.561039,-0.667581
0.56135,-0.667452
0.561662,-0.667323
0.561974,-0.667194
0.562285,-0.667066
0.562597,-0.666937
0.562909,-0.666808
0.56322,-0.666679
0.563532,-0.66655
0.563844,-0.666422
0.564155,-0.666293
0.564467,-0.666164
0.564779,-0.666035
0.56509,-0.665907
0.565402,-0.665778
0.565714,-0.665649
0.566025,-0.66552
0.566337,-0.665392
0.566649,-0.665263
0.56696,-0.665134
0.567272,-0.665005
0.567584,-0.664877
0.567895,-0.664748
0.568207,-0.664619
0.568519,-0.66449
0.568831,-0.664361
0.569142,-0.664233
0.569454,-0.664104
0.569766,-0.663975
0.570077,-0.663846
0.570389,-0.663718
0.570701,-0.663589
0.571012,-0.66346
0.571324,-0.663331
0.571636,-0.663203
0.571947,-0.663074
0.572259,-0.662945
0.572571,-0.662816
0.572882,-0.662688
0.573194,-0.662559
0.573506,-0.66243
0.573817,-0.662301
0.574129,-0.662173
0.574441,-0.662044
0.574752,-0.661915
0.575064,-0.661786
0.575376,-0.661657
0.575687,-0.661529
0.575999,-0.6614
0.576311,-0.661271
0.576622,-0.661142
0.576934,-0.661014
0.577246,-0.660885
0.577557,-0.660756
0.577869,-0.660627
0.578181,-0.660499
0.578492,-0.66037
0.578804,-0.660241
0.579116,-0.660112
0.579427,-0.659984
0.579739,-0.659855
0.580051,-0.659726
0.580363,-0.659597
0.580674,-0.659468
0.580986,-0.65934
0.581298,-0.659211
0.581609,-0.659082
0.581921,-0.658953
0.582233,-0.658825
0.582544,-0.658696
0.582856,-0.658567
0.583168,-0.658438
0.583479,-0.65831
0.583791,-0.658181
0.584103,-0.658052
0.584236,-0.657967
0.584369,-0.657882
0.584503,-0.657797
0.584636,-0.657712
0.584769,-0.657627
0.584903,-0.657542
0.585036,-0.657457
0.58517,-0.657372
0.585303,-0.657287
0.585436,-0.657202
0.58557,-0.657117
0.585703,-0.657031
0.585836,-0.656946
0.58597,-0.656861
0.586103,-0.656776
0.586236,-0.656691
0.58637,-0.656606
0.586503,-0.656521
0.586637,-0.656436
0.58677,-0.656351
0.586903,-0.656266
0.587037,-0.656181
0.58717,-0.656096
0.587303,-0.656011
0.587437,-0.655926
0.58757,-0.655841
0.587704,-0.655756
0.587837,-0.655671
0.58797,-0.655586
0.588104,-0.655501
0.588237,-0.655415
0.58837,-0.65533
0.588504,-0.655245
0.588637,-0.65516
0.58877,-0.655075
0.588904,-0.65499
0.589037,-0.654905
0.589171,-0.65482
0.589304,-0.654735
0.589437,-0.65465
0.589571,-0.654565
0.589704,-0.65448
0.589837,-0.654395
0.589971,-0.65431
0.590104,-0.654225
0.590237,-0.65414
0.590371,-0.654055
0.590504,-0.65397
0.590638,-0.653885
0.590771,-0.653799
0.590904,-0.653714
0.591038,-0.653629
0.591171,-0.653544
0.591304,-0.653459
0.591438,-0.653374
0.591571,-0.653289
0.591704,-0.653204
0.591838,-0.653119
0.591971,-0.653034
0.592105,-0.652949
0.592238,-0.652864
0.592371,-0.652779
0.592505,-0.652694
0.592638,-0.652609
0.592771,-0.652524
0.592905,-0.652439
0.593038,-0.652354
0.593171,-0.652269
0.593305,-0.652183
0.593438,-0.652098
0.593572,-0.652013
0.593705,-0.651928
0.593838,-0.651843
0.593972,-0.651758
0.594105,-0.651673
0.594238,-0.651588
0.594372,-0.651503
0.594505,-0.651418
0.594639,-0.651333
0.594772,-0.651248
0.594905,-0.651163
0.595039,-0.651078
0.595172,-0.650993
0.595305,-0.650908
0.595439,-0.650823
0.595572,-0.650738
0.595705,-0.650652
0.595839,-0.650567
0.595972,-0.650482
0.596106,-0.650397
0.596239,-0.650312
0.596372,-0.650227
0.596506,-0.650142
0.596639,-0.650057
0.596772,-0.649972
0.596906,-0.649887
0.597039,-0.649802
0.597172,-0.649717
0.597306,-0.649632
0.597439,-0.649547
0.597573,-0.649462
0.597706,-0.649377
0.597839,-0.649292
0.597973,-0.649207
0.598106,-0.649122
0.598239,-0.649036
0.598373,-0.648951
0.598506,-0.648866
0.598639,-0.648781
0.598773,-0.648696
0.598906,-0.648611
0.59904,-0.648526
0.599173,-0.648441
0.599306,-0.648356
0.59944,-0.648271
0.599573,-0.648186
0.599706,-0.648101
0.59984,-0.648016
0.599973,-0.647931
0.600107,-0.647846
0.60024,-0.647761
0.600373,-0.647676
0.600507,-0.647591
0.60064,-0.647506
0.600773,-0.64742
0.600907,-0.647335
0.60104,-0.64725
0.601173,-0.647165
0.601307,-0.64708
0.60144,-0.646995
0.601574,-0.64691
0.601707,-0.646825
0.60184,-0.64674
0.601974,-0.646655
0.602107,-0.64657
0.60224,-0.646485
0.602374,-0.6464
0.602507,-0.646315
0.60264,-0.64623
0.602774,-0.646145
0.602907,-0.64606
0.603041,-0.645975
0.603174,-0.64589
0.603307,-0.645804
0.603441,-0.645719
0.603574,-0.645634
0.603707,-0.645549
0.603841,-0.645464
0.603974,-0.645379
