O
25
1,0,-1,0.78,-0.5,0.75,0.0,0.0,0.0,0.3,0.4,0.02,0,0.8,False
2,0,-1,1.1,-0.5,0.93,0.0,0.0,0.0,0.02,0.4,0.2,0,0.8,False
3,0,-1,0.78,-0.5,1.11,0.0,0.0,0.0,0.3,0.4,0.02,0,0.8,False
4,0,-1,0.8,-0.92,0.93,0.0,0.0,0.0,0.32,0.02,0.2,0,0.8,False
5,0,-1,0.8,-0.08,0.93,0.0,0.0,0.0,0.32,0.02,0.2,0,0.8,False
6,2,0,0.723887838139837,-0.7660030302209216,0.855604885466611,0.0,0.0,2.518046588912174,0.03203527396478951,0.03203527396478951,0.1712097709332219,0.0025245926589975154,0.9707916452140586,False
7,0,0,0.5401204192790261,-0.35154061379872203,0.86,0.0,0.0,5.719616380664963,0.04190009180979169,0.05494102302754653,0.09,0.3671294297206124,0.9103449613845767,False
8,2,0,0.9995327620409805,-0.4719129995970279,0.8459436813425022,0.0,0.0,0.8172701343798494,0.03,0.03,0.15188736268500422,0.1718396162747547,1.0209531512808108,False
9,2,0,0.5710997594177857,-0.7344350164687045,0.8582529473043187,0.0,0.0,0.5837994504276813,0.03,0.03,0.17650589460863725,0.33072386356725014,0.9003143544798502,False
10,0,0,0.8238285883597801,-0.36743630240369535,0.8767385485039694,0.0,0.0,3.836816251473209,0.04008974896509779,0.041506182479913764,0.1067385485039693,0.21393047384202235,1.0144284439383058,False
11,0,1,0.9190465496821978,-0.7502840429254762,0.86,0.0,0.0,0.15762946945403067,0.03227878604282897,0.03,0.09,0.3658056633678061,1.0842607208578625,True
12,2,1,0.7745168993361646,-0.6292071071404367,0.8477898854567752,0.0,0.0,6.030010544690901,0.03,0.03,0.15557977091355032,0.05406870010510245,0.9277835278343602,True
13,2,1,1.0265795099971033,-0.2606687635967164,0.865343605880719,0.0,0.0,0.15989791714183205,0.03,0.03,0.19068721176143796,0.1643306401024736,1.0245540524290115,True
14,2,1,0.6792238123085309,-0.451740137599585,0.8450000000000001,0.0,0.0,0.2748030197835943,0.03,0.03,0.15,0.48778512108542393,0.8692311357877955,True
15,2,1,0.9167362310047531,-0.6065235797174565,0.8450000000000001,0.0,0.0,2.7268093319086706,0.04733673089713948,0.04733673089713948,0.15,0.3799091149325043,1.0996838344113204,True
16,2,1,0.6823919299422991,-0.36940777673258607,0.8450000000000001,0.0,0.0,3.2928456860463835,0.03,0.03,0.15,0.09827096036015825,0.9778031497977631,True
17,2,1,0.610436634662974,-0.6167686581287819,0.8450000000000001,0.0,0.0,3.251587504777517,0.03,0.03,0.15,0.27408811543096884,1.0860837138492545,True
18,2,1,0.7487036090979312,-0.22548982931850436,0.8450000000000001,0.0,0.0,2.8967788057031547,0.03,0.03,0.15,0.2703609602567291,0.8104892607537322,True
19,2,1,0.7688527139337407,-0.4955593814593108,0.8646689198269533,0.0,0.0,5.7768576529363145,0.03,0.03,0.18933783965390646,0.4354939766579305,1.1953229936673626,True
20,2,1,0.6246483358577632,-0.8341284448878071,0.8450000000000001,0.0,0.0,5.2224061109430355,0.03,0.03,0.15,0.07932039219712395,1.0648647868226337,True
21,2,1,0.5561054461344468,-0.49207789784895883,0.8450000000000001,0.0,0.0,0.4761383948581392,0.03851997708462596,0.03851997708462596,0.15,0.4508712825841174,0.9935121206839441,True
22,2,1,0.8520830326396642,-0.835349012059265,0.8691809501406054,0.0,0.0,4.656391636462397,0.03,0.03,0.19836190028121084,0.26401366612702065,0.8845394697628984,True
23,0,1,1.0163290424097797,-0.7805500200762318,0.8690197739757058,0.0,0.0,3.4900188391442093,0.03,0.03,0.09901977397570584,0.3091384267101795,0.883854629938902,True
24,2,1,0.6576035242731949,-0.16853938422331727,0.8450000000000001,0.0,0.0,1.7352511626308535,0.03296917460195025,0.03296917460195025,0.15,0.15616736011091065,0.9271764399827789,True
25,0,1,0.8404558811072327,-0.1533460973194959,0.86,0.0,0.0,1.254008055462624,0.03,0.03,0.09,0.3582177870571867,1.1050860736289434,True
R
0.0,0.0,0.0,0.0,0.0,0.0,1.0
S
8
torso_lift_joint,0
r_shoulder_pan_joint,-1.69017
r_shoulder_lift_joint,-0.0788625
r_upper_arm_roll_joint,-1.69017
r_elbow_flex_joint,-1.2717
r_forearm_roll_joint,-0.151824
r_wrist_flex_joint,-1.25254
r_wrist_roll_joint,0.675062
G
0.486731,-0.436026,0.86,1.00723,-0,0
ooi
7
A
599
0.310248,-0.673113
0.310667,-0.673047
0.311086,-0.67298
0.311505,-0.672914
0.311924,-0.672847
0.312344,-0.672781
0.312763,-0.672714
0.313182,-0.672648
0.313601,-0.672581
0.31402,-0.672515
0.314439,-0.672448
0.314858,-0.672382
0.315277,-0.672315
0.315696,-0.672248
0.316115,-0.672182
0.316534,-0.672115
0.316953,-0.672049
0.317372,-0.671982
0.317791,-0.671916
0.318211,-0.671849
0.31863,-0.671783
0.319049,-0.671716
0.319468,-0.67165
0.319887,-0.671583
0.320306,-0.671517
0.320725,-0.67145
0.321144,-0.671384
0.321563,-0.671317
0.321982,-0.671251
0.322401,-0.671184
0.32282,-0.671118
0.323239,-0.671051
0.323658,-0.670985
0.324078,-0.670918
0.324497,-0.670852
0.324916,-0.670785
0.325335,-0.670719
0.325754,-0.670652
0.326173,-0.670586
0.326592,-0.670519
0.327011,-0.670453
0.32743,-0.670386
0.327849,-0.67032
0.328268,-0.670253
0.328687,-0.670187
0.329106,-0.67012
0.329525,-0.670054
0.329945,-0.669987
0.330364,-0.669921
0.330783,-0.669854
0.331202,-0.669788
0.331621,-0.669721
0.33204,-0.669655
0.332459,-0.669588
0.332878,-0.669522
0.333297,-0.669455
0.333716,-0.669389
0.334135,-0.669322
0.334554,-0.669256
0.334973,-0.669189
0.335392,-0.669123
0.335812,-0.669056
0.336231,-0.66899
0.33665,-0.668923
0.337069,-0.668857
0.337488,-0.66879
0.337907,-0.668724
0.338326,-0.668657
0.338745,-0.668591
0.339164,-0.668524
0.339583,-0.668458
0.340002,-0.668391
0.340421,-0.668325
0.34084,-0.668258
0.341259,-0.668192
0.341679,-0.668125
0.342098,-0.668059
0.342517,-0.667992
0.342936,-0.667926
0.343355,-0.667859
0.343774,-0.667793
0.344193,-0.667726
0.344612,-0.66766
0.345031,-0.667593
0.34545,-0.667527
0.345869,-0.66746
0.346288,-0.667394
0.346707,-0.667327
0.347126,-0.667261
0.347546,-0.667194
0.347965,-0.667128
0.348384,-0.667061
0.348803,-0.666995
0.349222,-0.666928
0.349641,-0.666861
0.35006,-0.666795
0.350479,-0.666728
0.350898,-0.666662
0.351317,-0.666595
0.351736,-0.666529
0.352155,-0.666462
0.352574,-0.666396
0.352993,-0.666329
0.353413,-0.666263
0.353832,-0.666196
0.354251,-0.66613
0.35467,-0.666063
0.355089,-0.665997
0.355508,-0.66593
0.355927,-0.665864
0.356346,-0.665797
0.356765,-0.665731
0.357184,-0.665664
0.357603,-0.665598
0.358022,-0.665531
0.358441,-0.665465
0.35886,-0.665398
0.35928,-0.665332
0.359699,-0.665265
0.360118,-0.665199
0.360537,-0.665132
0.360956,-0.665066
0.361375,-0.664999
0.361794,-0.664933
0.362213,-0.664866
0.362632,-0.6648
0.363051,-0.664733
0.36347,-0.664667
0.363889,-0.6646
0.364308,-0.664534
0.364728,-0.664467
0.365147,-0.664401
0.365566,-0.664334
0.365985,-0.664268
0.366404,-0.664201
0.366823,-0.664135
0.367242,-0.664068
0.367661,-0.664002
0.36808,-0.663935
0.368499,-0.663869
0.368918,-0.663802
0.369337,-0.663736
0.369756,-0.663669
0.370175,-0.663603
0.370595,-0.663536
0.371014,-0.66347
0.371433,-0.663403
0.371852,-0.663337
0.372271,-0.66327
0.37269,-0.663204
0.373109,-0.663137
0.372973,-0.662696
0.372838,-0.662256
0.372702,-0.661815
0.372567,-0.661374
0.372431,-0.660933
0.372296,-0.660493
0.37216,-0.660052
0.372025,-0.659611
0.371889,-0.65917
0.371754,-0.65873
0.371618,-0.658289
0.371483,-0.657848
0.371347,-0.657407
0.371212,-0.656967
0.371076,-0.656526
0.370941,-0.656085
0.370805,-0.655644
0.37067,-0.655204
0.370534,-0.654763
0.370399,-0.654322
0.370263,-0.653881
0.370127,-0.653441
0.369992,-0.653
0.369856,-0.652559
0.369721,-0.652118
0.369585,-0.651678
0.36945,-0.651237
0.369314,-0.650796
0.369179,-0.650355
0.369043,-0.649915
0.368908,-0.649474
0.368772,-0.649033
0.368637,-0.648592
0.368501,-0.648152
0.368366,-0.647711
0.36823,-0.64727
0.368095,-0.646829
0.367959,-0.646389
0.367824,-0.645948
0.367688,-0.645507
0.367553,-0.645066
0.367417,-0.644626
0.367282,-0.644185
0.367146,-0.643744
0.367011,-0.643303
0.366875,-0.642863
0.366739,-0.642422
0.366604,-0.641981
0.366468,-0.64154
0.366333,-0.6411
0.366197,-0.640659
0.366062,-0.640218
0.365926,-0.639777
0.365791,-0.639337
0.365655,-0.638896
0.36552,-0.638455
0.365384,-0.638014
0.365249,-0.637574
0.365113,-0.637133
0.364978,-0.636692
0.364842,-0.636251
0.364707,-0.635811
0.364571,-0.63537
0.364436,-0.634929
0.3643,-0.634488
0.364165,-0.634048
0.364029,-0.633607
0.363894,-0.633166
0.363758,-0.632725
0.363623,-0.632285
0.363487,-0.631844
0.363351,-0.631403
0.363216,-0.630962
0.36308,-0.630522
0.362945,-0.630081
0.362809,-0.62964
0.362674,-0.629199
0.362538,-0.628759
0.362403,-0.628318
0.362267,-0.627877
0.362132,-0.627436
0.361996,-0.626996
0.361861,-0.626555
0.361725,-0.626114
0.36159,-0.625673
0.361454,-0.625233
0.361319,-0.624792
0.361183,-0.624351
0.361048,-0.62391
0.360912,-0.62347
0.360777,-0.623029
0.360641,-0.622588
0.360506,-0.622147
0.36037,-0.621707
0.360234,-0.621266
0.360099,-0.620825
0.359963,-0.620384
0.359828,-0.619944
0.359692,-0.619503
0.359557,-0.619062
0.359421,-0.618621
0.359286,-0.618181
0.35915,-0.61774
0.359015,-0.617299
0.358879,-0.616858
0.358744,-0.616418
0.358608,-0.615977
0.358473,-0.615536
0.358337,-0.615095
0.358202,-0.614655
0.358066,-0.614214
0.357931,-0.613773
0.357795,-0.613332
0.35766,-0.612892
0.357524,-0.612451
0.357389,-0.61201
0.357253,-0.611569
0.357118,-0.611129
0.356982,-0.610688
0.356846,-0.610247
0.356711,-0.609806
0.356575,-0.609365
0.35644,-0.608925
0.356304,-0.608484
0.356169,-0.608043
0.356033,-0.607602
0.355898,-0.607162
0.355762,-0.606721
0.355627,-0.60628
0.355491,-0.605839
0.355356,-0.605399
0.35522,-0.604958
0.355085,-0.604517
0.354949,-0.604076
0.354814,-0.603636
0.354678,-0.603195
0.354543,-0.602754
0.354407,-0.602313
0.354272,-0.601873
0.354136,-0.601432
0.354001,-0.600991
0.353865,-0.60055
0.35373,-0.60011
0.353594,-0.599669
0.353458,-0.599228
0.353323,-0.598787
0.353187,-0.598347
0.353052,-0.597906
0.352916,-0.597465
0.353082,-0.59659
0.353247,-0.595715
0.353413,-0.594841
0.353578,-0.593966
0.353744,-0.593091
0.353909,-0.592216
0.354075,-0.591341
0.35424,-0.590466
0.354405,-0.589591
0.354571,-0.588716
0.354736,-0.587842
0.354902,-0.586967
0.355067,-0.586092
0.355233,-0.585217
0.355398,-0.584342
0.355564,-0.583467
0.355729,-0.582592
0.355895,-0.581717
0.35606,-0.580843
0.356225,-0.579968
0.356391,-0.579093
0.356556,-0.578218
0.356722,-0.577343
0.356887,-0.576468
0.357053,-0.575593
0.357218,-0.574718
0.357384,-0.573844
0.357549,-0.572969
0.357715,-0.572094
0.35788,-0.571219
0.358045,-0.570344
0.358211,-0.569469
0.358376,-0.568594
0.358542,-0.567719
0.358707,-0.566845
0.358873,-0.56597
0.359038,-0.565095
0.359204,-0.56422
0.359369,-0.563345
0.359535,-0.56247
0.3597,-0.561595
0.359865,-0.56072
0.360031,-0.559846
0.360196,-0.558971
0.360362,-0.558096
0.360527,-0.557221
0.360693,-0.556346
0.360858,-0.555471
0.361024,-0.554596
0.361189,-0.553721
0.361355,-0.552847
0.36152,-0.551972
0.361685,-0.551097
0.361851,-0.550222
0.362016,-0.549347
0.362182,-0.548472
0.362347,-0.547597
0.362513,-0.546722
0.362678,-0.545848
0.362844,-0.544973
0.363009,-0.544098
0.363175,-0.543223
0.36334,-0.542348
0.363505,-0.541473
0.363671,-0.540598
0.363836,-0.539723
0.364002,-0.538849
0.364167,-0.537974
0.364333,-0.537099
0.364498,-0.536224
0.364664,-0.535349
0.364829,-0.534474
0.364995,-0.533599
0.36516,-0.532724
0.365325,-0.53185
0.365491,-0.530975
0.365656,-0.5301
0.365822,-0.529225
0.365987,-0.52835
0.366153,-0.527475
0.366318,-0.5266
0.366484,-0.525725
0.366649,-0.52485
0.366815,-0.523976
0.36698,-0.523101
0.367145,-0.522226
0.367311,-0.521351
0.367476,-0.520476
0.367642,-0.519601
0.367807,-0.518726
0.367973,-0.517851
0.368138,-0.516977
0.368304,-0.516102
0.368469,-0.515227
0.368634,-0.514352
0.3688,-0.513477
0.368965,-0.512602
0.369131,-0.511727
0.369296,-0.510852
0.369462,-0.509978
0.369627,-0.509103
0.369793,-0.508228
0.369958,-0.507353
0.370124,-0.506478
0.370289,-0.505603
0.370454,-0.504728
0.37062,-0.503853
0.370785,-0.502979
0.370951,-0.502104
0.371116,-0.501229
0.371282,-0.500354
0.371447,-0.499479
0.371613,-0.498604
0.371778,-0.497729
0.371944,-0.496854
0.372109,-0.49598
0.372274,-0.495105
0.37244,-0.49423
0.372605,-0.493355
0.372771,-0.49248
0.372936,-0.491605
0.373102,-0.49073
0.373267,-0.489855
0.373433,-0.488981
0.373598,-0.488106
0.373764,-0.487231
0.373929,-0.486356
0.374094,-0.485481
0.37426,-0.484606
0.374425,-0.483731
0.374591,-0.482856
0.374756,-0.481982
0.374922,-0.481107
0.375087,-0.480232
0.375253,-0.479357
0.375418,-0.478482
0.375584,-0.477607
0.375749,-0.476732
0.375914,-0.475857
0.37608,-0.474983
0.376245,-0.474108
0.376411,-0.473233
0.376576,-0.472358
0.376742,-0.471483
0.376907,-0.470608
0.377073,-0.469733
0.377238,-0.468858
0.377404,-0.467984
0.377569,-0.467109
0.377734,-0.466234
0.378466,-0.466031
0.379198,-0.465828
0.379929,-0.465626
0.380661,-0.465423
0.381392,-0.46522
0.382124,-0.465017
0.382855,-0.464815
0.383587,-0.464612
0.384318,-0.464409
0.38505,-0.464206
0.385781,-0.464004
0.386513,-0.463801
0.387244,-0.463598
0.387976,-0.463395
0.388707,-0.463193
0.389439,-0.46299
0.39017,-0.462787
0.390902,-0.462585
0.391633,-0.462382
0.392365,-0.462179
0.393096,-0.461976
0.393828,-0.461774
0.394559,-0.461571
0.395291,-0.461368
0.396023,-0.461165
0.396754,-0.460963
0.397486,-0.46076
0.398217,-0.460557
0.398949,-0.460354
0.39968,-0.460152
0.400412,-0.459949
0.401143,-0.459746
0.401875,-0.459544
0.402606,-0.459341
0.403338,-0.459138
0.404069,-0.458935
0.404801,-0.458733
0.405532,-0.45853
0.406264,-0.458327
0.406995,-0.458124
0.407727,-0.457922
0.408458,-0.457719
0.40919,-0.457516
0.409921,-0.457313
0.410653,-0.457111
0.411384,-0.456908
0.412116,-0.456705
0.412848,-0.456502
0.413579,-0.4563
0.414311,-0.456097
0.415042,-0.455894
0.415774,-0.455692
0.416505,-0.455489
0.417237,-0.455286
0.417968,-0.455083
0.4187,-0.454881
0.419431,-0.454678
0.420163,-0.454475
0.420894,-0.454272
0.421626,-0.45407
0.422357,-0.453867
0.423089,-0.453664
0.42382,-0.453461
0.424552,-0.453259
0.425283,-0.453056
0.426015,-0.452853
0.426746,-0.45265
0.427478,-0.452448
0.428209,-0.452245
0.428941,-0.452042
0.429673,-0.45184
0.430404,-0.451637
0.431136,-0.451434
0.431867,-0.451231
0.432599,-0.451029
0.43333,-0.450826
0.434062,-0.450623
0.434793,-0.45042
0.435525,-0.450218
0.436256,-0.450015
0.436988,-0.449812
0.437719,-0.449609
0.438451,-0.449407
0.439182,-0.449204
0.439914,-0.449001
0.440645,-0.448799
0.441377,-0.448596
0.442108,-0.448393
0.44284,-0.44819
0.443571,-0.447988
0.444303,-0.447785
0.445034,-0.447582
0.445766,-0.447379
0.446498,-0.447177
0.447229,-0.446974
0.447961,-0.446771
0.448692,-0.446568
0.449424,-0.446366
0.450155,-0.446163
0.450887,-0.44596
0.451618,-0.445757
0.45235,-0.445555
0.453081,-0.445352
0.453813,-0.445149
0.454544,-0.444947
0.455276,-0.444744
0.456007,-0.444541
0.456739,-0.444338
0.45747,-0.444136
0.458202,-0.443933
0.458933,-0.44373
0.459665,-0.443527
0.460396,-0.443325
0.461128,-0.443122
0.46186,-0.442919
0.462591,-0.442716
0.463323,-0.442514
0.464054,-0.442311
0.464786,-0.442108
0.465517,-0.441905
0.466249,-0.441703
0.46698,-0.4415
0.467712,-0.441297
0.468443,-0.441095
0.469175,-0.440892
0.469906,-0.440689
0.470638,-0.440486
0.471369,-0.440284
0.472101,-0.440081
0.472832,-0.439878
0.473564,-0.439675
0.474295,-0.439473
0.475027,-0.43927
0.475758,-0.439067
0.47649,-0.438864
0.477221,-0.438662
0.477953,-0.438459
0.478685,-0.438256
0.479416,-0.438054
0.480148,-0.437851
0.480879,-0.437648
0.481611,-0.437445
0.482342,-0.437243
0.483074,-0.43704
0.483805,-0.436837
0.484537,-0.436634
0.485268,-0.436432
0.486,-0.436229
0.486731,-0.436026
