O
25
1,0,-1,0.78,-0.5,0.75,0.0,0.0,0.0,0.3,0.4,0.02,0,0.8,False
2,0,-1,1.1,-0.5,0.93,0.0,0.0,0.0,0.02,0.4,0.2,0,0.8,False
3,0,-1,0.78,-0.5,1.11,0.0,0.0,0.0,0.3,0.4,0.02,0,0.8,False
4,0,-1,0.8,-0.92,0.93,0.0,0.0,0.0,0.32,0.02,0.2,0,0.8,False
5,0,-1,0.8,-0.08,0.93,0.0,0.0,0.0,0.32,0.02,0.2,0,0.8,False
6,0,0,0.7796590538535882,-0.3006521052257288,0.86,0.0,0.0,6.138202237332862,0.07961983646973642,0.07940892339965286,0.09,0.29700073463487237,1.137420001464834,False
7,2,0,0.8857279053011788,-0.832130754160731,0.8450000000000001,0.0,0.0,5.685899712738236,0.03,0.03,0.15,0.26082209388249433,1.1861381626500123,False
8,0,0,0.6664369030542028,-0.6622981837643506,0.8695267179344633,0.0,0.0,5.29886167081795,0.03,0.05767897378740457,0.0995267179344633,0.07253823136486831,0.8847659997320977,False
9,2,0,0.582982911884434,-0.3024146650993066,0.8488840589945637,0.0,0.0,1.65055276578277,0.03,0.03,0.15776811798912713,0.3889871837913649,0.8500649785973211,False
10,2,0,0.6740841707108041,-0.5150145492265681,0.8450000000000001,0.0,0.0,2.389053236459646,0.05057291896705297,0.05057291896705297,0.15,0.2275914600077476,1.1079918057010123,False
11,2,1,0.9626933577690584,-0.2842614896338097,0.8450000000000001,0.0,0.0,2.5095421780427074,0.03493921175639388,0.03493921175639388,0.15,0.1545076858490576,1.0608879176241284,True
12,2,1,0.964098594449169,-0.4358177185424892,0.8450000000000001,0.0,0.0,2.132816502938691,0.03,0.03,0.15,0.016973417858701434,1.0954806187219834,True
13,2,1,0.8587457845608557,-0.510181172677841,0.8450000000000001,0.0,0.0,1.474754105518082,0.03,0.03,0.15,0.30898342161666575,0.8164373299465544,True
14,2,1,0.9255516667538187,-0.6570886685897834,0.8652641675433029,0.0,0.0,5.241582322563969,0.06610597794761515,0.06610597794761515,0.19052833508660588,0.2298150582127681,1.1709757779815768,True
15,0,1,0.6575373530046555,-0.830649054760786,0.86,0.0,0.0,6.09570748179368,0.05394307766442803,0.03704181811206845,0.09,0.01799494856278816,1.0299321775030135,True
16,2,1,0.5620220077331222,-0.20282094333826517,0.8450000000000001,0.0,0.0,6.184518582999855,0.03,0.03,0.15,0.04358731610484595,0.9507499207821785,True
17,2,1,0.5416678057348651,-0.4286930243800317,0.8450000000000001,0.0,0.0,1.5456982132640802,0.03,0.03,0.15,0.00047391987519934675,0.8027781412880243,True
18,0,1,0.5315430239289938,-0.7238398884670874,0.86,0.0,0.0,6.143533295441631,0.03,0.05288164090953201,0.09,0.2848398154569806,0.9614473201395011,True
19,2,1,1.0025546912667713,-0.8024537833389391,0.8568614541128179,0.0,0.0,0.9147476156093987,0.03,0.03,0.1737229082256357,0.4982252672268176,1.0168189965826284,True
20,2,1,0.5266999243862172,-0.6132949133396246,0.8450000000000001,0.0,0.0,4.075831987142453,0.03,0.03,0.15,0.21631787461239932,0.868548136539393,True
21,2,1,0.7659537493608082,-0.15940293950017392,0.8529366347917727,0.0,0.0,5.125869550706975,0.03,0.03,0.1658732695835454,0.23603746744613513,1.1542843791984785,True
22,2,1,0.893346022382704,-0.15825424286123857,0.8579272343430895,0.0,0.0,6.2417899601666385,0.03,0.03,0.175854468686179,0.2486335520094448,0.9399612117584917,True
23,2,1,0.6300869829796114,-0.3937668785713124,0.8450000000000001,0.0,0.0,1.8826698457870277,0.03,0.03,0.15,0.11109899063308631,1.1434313982495146,True
24,2,1,0.5174819087564407,-0.5263371155054453,0.8450000000000001,0.0,0.0,4.822977350011168,0.03,0.03,0.15,0.37924874273748865,1.17319092738875,True
25,2,1,0.5102987414462705,-0.8528061272706948,0.8450000000000001,0.0,0.0,1.288370158332788,0.03,0.03,0.15,0.3544939126759376,1.073237341109412,True
R
0.0,0.0,0.0,0.0,0.0,0.0,1.0
S
8
torso_lift_joint,0
r_shoulder_pan_joint,-1.69017
r_shoulder_lift_joint,-0.0788625
r_upper_arm_roll_joint,-1.69017
r_elbow_flex_joint,-1.2717
r_forearm_roll_joint,-0.151824
r_wrist_flex_joint,-1.25254
r_wrist_roll_joint,0.675062
G
0.580916,-0.719123,0.869527,0.586473,-0,0
ooi
8
A
599
0.310248,-0.673113
0.310772,-0.673463
0.311296,-0.673813
0.31182,-0.674163
0.312344,-0.674513
0.312869,-0.674862
0.313393,-0.675212
0.313917,-0.675562
0.314441,-0.675912
0.314965,-0.676262
0.315489,-0.676612
0.316013,-0.676962
0.316537,-0.677311
0.317061,-0.677661
0.317585,-0.678011
0.318109,-0.678361
0.318633,-0.678711
0.319157,-0.679061
0.319681,-0.679411
0.320206,-0.67976
0.32073,-0.68011
0.321254,-0.68046
0.321778,-0.68081
0.322302,-0.68116
0.322826,-0.68151
0.32335,-0.68186
0.323874,-0.682209
0.324398,-0.682559
0.324922,-0.682909
0.325446,-0.683259
0.32597,-0.683609
0.326494,-0.683959
0.327018,-0.684309
0.327542,-0.684658
0.328067,-0.685008
0.328591,-0.685358
0.329115,-0.685708
0.329639,-0.686058
0.330163,-0.686408
0.330687,-0.686758
0.331211,-0.687107
0.331735,-0.687457
0.332259,-0.687807
0.332783,-0.688157
0.333307,-0.688507
0.333831,-0.688857
0.334355,-0.689207
0.334879,-0.689556
0.335404,-0.689906
0.335928,-0.690256
0.336452,-0.690606
0.336976,-0.690956
0.3375,-0.691306
0.338024,-0.691656
0.338548,-0.692005
0.339072,-0.692355
0.339596,-0.692705
0.34012,-0.693055
0.340644,-0.693405
0.341168,-0.693755
0.341692,-0.694105
0.342216,-0.694454
0.342741,-0.694804
0.343265,-0.695154
0.343789,-0.695504
0.344313,-0.695854
0.344837,-0.696204
0.345361,-0.696554
0.345885,-0.696903
0.346409,-0.697253
0.346933,-0.697603
0.347457,-0.697953
0.347981,-0.698303
0.348505,-0.698653
0.349029,-0.699003
0.349553,-0.699352
0.350078,-0.699702
0.350602,-0.700052
0.351126,-0.700402
0.35165,-0.700752
0.352174,-0.701102
0.352698,-0.701452
0.353222,-0.701801
0.353746,-0.702151
0.35427,-0.702501
0.354794,-0.702851
0.355318,-0.703201
0.355842,-0.703551
0.356366,-0.703901
0.35689,-0.70425
0.357414,-0.7046
0.357939,-0.70495
0.358463,-0.7053
0.358987,-0.70565
0.359511,-0.706
0.360035,-0.70635
0.360559,-0.706699
0.361083,-0.707049
0.361607,-0.707399
0.362131,-0.707749
0.362655,-0.708099
0.363179,-0.708449
0.363703,-0.708799
0.364227,-0.709148
0.364751,-0.709498
0.365276,-0.709848
0.3658,-0.710198
0.366324,-0.710548
0.366848,-0.710898
0.367372,-0.711248
0.367896,-0.711597
0.36842,-0.711947
0.368944,-0.712297
0.369468,-0.712647
0.369992,-0.712997
0.370516,-0.713347
0.37104,-0.713697
0.371564,-0.714046
0.372088,-0.714396
0.372613,-0.714746
0.373137,-0.715096
0.373661,-0.715446
0.374185,-0.715796
0.374709,-0.716146
0.375233,-0.716495
0.375757,-0.716845
0.376281,-0.717195
0.376805,-0.717545
0.377329,-0.717895
0.377853,-0.718245
0.378377,-0.718595
0.378901,-0.718944
0.379425,-0.719294
0.37995,-0.719644
0.380474,-0.719994
0.380998,-0.720344
0.381522,-0.720694
0.382046,-0.721044
0.38257,-0.721393
0.383094,-0.721743
0.383618,-0.722093
0.384142,-0.722443
0.384666,-0.722793
0.38519,-0.723143
0.385714,-0.723493
0.386238,-0.723842
0.386762,-0.724192
0.387286,-0.724542
0.387811,-0.724892
0.388335,-0.725242
0.388859,-0.725592
0.389398,-0.725294
0.389938,-0.724997
0.390477,-0.724699
0.391017,-0.724401
0.391557,-0.724104
0.392096,-0.723806
0.392636,-0.723509
0.393175,-0.723211
0.393715,-0.722914
0.394254,-0.722616
0.394794,-0.722319
0.395334,-0.722021
0.395873,-0.721724
0.396413,-0.721426
0.396952,-0.721128
0.397492,-0.720831
0.398032,-0.720533
0.398571,-0.720236
0.399111,-0.719938
0.39965,-0.719641
0.40019,-0.719343
0.400729,-0.719046
0.401269,-0.718748
0.401809,-0.718451
0.402348,-0.718153
0.402888,-0.717856
0.403427,-0.717558
0.403967,-0.71726
0.404506,-0.716963
0.405046,-0.716665
0.405586,-0.716368
0.406125,-0.71607
0.406665,-0.715773
0.407204,-0.715475
0.407744,-0.715178
0.408283,-0.71488
0.408823,-0.714583
0.409363,-0.714285
0.409902,-0.713987
0.410442,-0.71369
0.410981,-0.713392
0.411521,-0.713095
0.412061,-0.712797
0.4126,-0.7125
0.41314,-0.712202
0.413679,-0.711905
0.414219,-0.711607
0.414758,-0.71131
0.415298,-0.711012
0.415838,-0.710714
0.416377,-0.710417
0.416917,-0.710119
0.417456,-0.709822
0.417996,-0.709524
0.418535,-0.709227
0.419075,-0.708929
0.419615,-0.708632
0.420154,-0.708334
0.420694,-0.708037
0.421233,-0.707739
0.421773,-0.707441
0.422312,-0.707144
0.422852,-0.706846
0.423392,-0.706549
0.423931,-0.706251
0.424471,-0.705954
0.42501,-0.705656
0.42555,-0.705359
0.42609,-0.705061
0.426629,-0.704764
0.427169,-0.704466
0.427708,-0.704168
0.428248,-0.703871
0.428787,-0.703573
0.429327,-0.703276
0.429867,-0.702978
0.430406,-0.702681
0.430946,-0.702383
0.431485,-0.702086
0.432025,-0.701788
0.432564,-0.701491
0.433104,-0.701193
0.433644,-0.700895
0.434183,-0.700598
0.434723,-0.7003
0.435262,-0.700003
0.435802,-0.699705
0.436341,-0.699408
0.436881,-0.69911
0.437421,-0.698813
0.43796,-0.698515
0.4385,-0.698218
0.439039,-0.69792
0.439579,-0.697622
0.440119,-0.697325
0.440658,-0.697027
0.441198,-0.69673
0.441737,-0.696432
0.442277,-0.696135
0.442816,-0.695837
0.443356,-0.69554
0.443896,-0.695242
0.444435,-0.694945
0.444975,-0.694647
0.445514,-0.694349
0.446054,-0.694052
0.446593,-0.693754
0.447133,-0.693457
0.447673,-0.693159
0.448212,-0.692862
0.448752,-0.692564
0.449291,-0.692267
0.449831,-0.691969
0.45037,-0.691672
0.45091,-0.691374
0.45145,-0.691076
0.451989,-0.690779
0.452529,-0.690481
0.453068,-0.690184
0.453608,-0.689886
0.454148,-0.689589
0.454687,-0.689291
0.455227,-0.688994
0.455766,-0.688696
0.456306,-0.688399
0.456845,-0.688101
0.457385,-0.687803
0.457925,-0.687506
0.458464,-0.687208
0.459004,-0.686911
0.459543,-0.686613
0.460083,-0.686316
0.460622,-0.686018
0.461162,-0.685721
0.461702,-0.685423
0.462241,-0.685126
0.462781,-0.684828
0.46332,-0.684531
0.46386,-0.684233
0.464399,-0.683935
0.464939,-0.683638
0.465479,-0.68334
0.466018,-0.683043
0.466558,-0.682745
0.467097,-0.682448
0.467637,-0.68215
0.468177,-0.681853
0.468716,-0.681555
0.469256,-0.681258
0.470283,-0.681356
0.47131,-0.681454
0.472337,-0.681552
0.473364,-0.68165
0.474391,-0.681748
0.475417,-0.681846
0.476444,-0.681944
0.477471,-0.682042
0.478498,-0.68214
0.479525,-0.682238
0.480552,-0.682336
0.481579,-0.682434
0.482606,-0.682532
0.483633,-0.68263
0.48466,-0.682728
0.485687,-0.682826
0.486714,-0.682924
0.487741,-0.683022
0.488768,-0.68312
0.489795,-0.683218
0.490822,-0.683316
0.491849,-0.683414
0.492876,-0.683512
0.493903,-0.68361
0.49493,-0.683708
0.495957,-0.683806
0.496984,-0.683904
0.498011,-0.684002
0.499038,-0.6841
0.500065,-0.684198
0.501092,-0.684296
0.502119,-0.684394
0.503146,-0.684492
0.504173,-0.68459
0.5052,-0.684688
0.506226,-0.684786
0.507253,-0.684884
0.50828,-0.684982
0.509307,-0.68508
0.510334,-0.685178
0.511361,-0.685276
0.512388,-0.685374
0.513415,-0.685472
0.514442,-0.68557
0.515469,-0.685668
0.516496,-0.685766
0.517523,-0.685864
0.51855,-0.685962
0.519577,-0.68606
0.520604,-0.686158
0.521631,-0.686256
0.522658,-0.686354
0.523685,-0.686452
0.524712,-0.68655
0.525739,-0.686648
0.526766,-0.686746
0.527793,-0.686844
0.52882,-0.686942
0.529847,-0.68704
0.530874,-0.687138
0.531901,-0.687236
0.532928,-0.687334
0.533955,-0.687432
0.534982,-0.68753
0.536008,-0.687628
0.537035,-0.687726
0.538062,-0.687824
0.539089,-0.687922
0.540116,-0.68802
0.541143,-0.688118
0.54217,-0.688216
0.543197,-0.688314
0.544224,-0.688412
0.545251,-0.68851
0.546278,-0.688608
0.547305,-0.688706
0.548332,-0.688804
0.549359,-0.688902
0.550386,-0.689
0.551413,-0.689098
0.55244,-0.689196
0.553467,-0.689294
0.554494,-0.689392
0.555521,-0.68949
0.556548,-0.689588
0.557575,-0.689686
0.558602,-0.689784
0.559629,-0.689882
0.560656,-0.68998
0.561683,-0.690078
0.56271,-0.690176
0.563737,-0.690274
0.564764,-0.690372
0.565791,-0.69047
0.566817,-0.690568
0.567844,-0.690666
0.568871,-0.690764
0.569898,-0.690862
0.570925,-0.69096
0.571952,-0.691058
0.572979,-0.691156
0.574006,-0.691254
0.575033,-0.691352
0.57606,-0.69145
0.577087,-0.691548
0.578114,-0.691646
0.579141,-0.691744
0.580168,-0.691842
0.581195,-0.69194
0.582222,-0.692038
0.583249,-0.692136
0.584276,-0.692234
0.585303,-0.692332
0.58633,-0.69243
0.587357,-0.692528
0.588384,-0.692626
0.589411,-0.692724
0.590438,-0.692822
0.591465,-0.69292
0.592492,-0.693018
0.593519,-0.693116
0.594546,-0.693214
0.595573,-0.693312
0.596599,-0.69341
0.597626,-0.693508
0.598653,-0.693606
0.59968,-0.693704
0.600707,-0.693802
0.601734,-0.6939
0.602761,-0.693998
0.603788,-0.694096
0.604815,-0.694194
0.605842,-0.694292
0.606869,-0.69439
0.607896,-0.694488
0.608923,-0.694586
0.60995,-0.694684
0.610977,-0.694782
0.612004,-0.69488
0.613031,-0.694978
0.614058,-0.695076
0.615085,-0.695174
0.616112,-0.695272
0.617139,-0.69537
0.618166,-0.695468
0.619193,-0.695566
0.62022,-0.695664
0.621247,-0.695762
0.622274,-0.69586
0.623301,-0.695958
0.623016,-0.696114
0.622732,-0.696269
0.622447,-0.696425
0.622163,-0.69658
0.621878,-0.696736
0.621594,-0.696891
0.621309,-0.697047
0.621025,-0.697202
0.62074,-0.697358
0.620456,-0.697513
0.620172,-0.697669
0.619887,-0.697824
0.619603,-0.697979
0.619318,-0.698135
0.619034,-0.69829
0.618749,-0.698446
0.618465,-0.698601
0.61818,-0.698757
0.617896,-0.698912
0.617611,-0.699068
0.617327,-0.699223
0.617042,-0.699379
0.616758,-0.699534
0.616474,-0.69969
0.616189,-0.699845
0.615905,-0.700001
0.61562,-0.700156
0.615336,-0.700312
0.615051,-0.700467
0.614767,-0.700622
0.614482,-0.700778
0.614198,-0.700933
0.613913,-0.701089
0.613629,-0.701244
0.613344,-0.7014
0.61306,-0.701555
0.612776,-0.701711
0.612491,-0.701866
0.612207,-0.702022
0.611922,-0.702177
0.611638,-0.702333
0.611353,-0.702488
0.611069,-0.702644
0.610784,-0.702799
0.6105,-0.702955
0.610215,-0.70311
0.609931,-0.703265
0.609646,-0.703421
0.609362,-0.703576
0.609078,-0.703732
0.608793,-0.703887
0.608509,-0.704043
0.608224,-0.704198
0.60794,-0.704354
0.607655,-0.704509
0.607371,-0.704665
0.607086,-0.70482
0.606802,-0.704976
0.606517,-0.705131
0.606233,-0.705287
0.605948,-0.705442
0.605664,-0.705598
0.60538,-0.705753
0.605095,-0.705908
0.604811,-0.706064
0.604526,-0.706219
0.604242,-0.706375
0.603957,-0.70653
0.603673,-0.706686
0.603388,-0.706841
0.603104,-0.706997
0.602819,-0.707152
0.602535,-0.707308
0.60225,-0.707463
0.601966,-0.707619
0.601682,-0.707774
0.601397,-0.70793
0.601113,-0.708085
0.600828,-0.708241
0.600544,-0.708396
0.600259,-0.708551
0.599975,-0.708707
0.59969,-0.708862
0.599406,-0.709018
0.599121,-0.709173
0.598837,-0.709329
0.598552,-0.709484
0.598268,-0.70964
0.597984,-0.709795
0.597699,-0.709951
0.597415,-0.710106
0.59713,-0.710262
0.596846,-0.710417
0.596561,-0.710573
0.596277,-0.710728
0.595992,-0.710884
0.595708,-0.711039
0.595423,-0.711194
0.595139,-0.71135
0.594854,-0.711505
0.59457,-0.711661
0.594286,-0.711816
0.594001,-0.711972
0.593717,-0.712127
0.593432,-0.712283
0.593148,-0.712438
0.592863,-0.712594
0.592579,-0.712749
0.592294,-0.712905
0.59201,-0.71306
0.591725,-0.713216
0.591441,-0.713371
0.591156,-0.713527
0.590872,-0.713682
0.590587,-0.713837
0.590303,-0.713993
0.590019,-0.714148
0.589734,-0.714304
0.58945,-0.714459
0.589165,-0.714615
0.588881,-0.71477
0.588596,-0.714926
0.588312,-0.715081
0.588027,-0.715237
0.587743,-0.715392
0.587458,-0.715548
0.587174,-0.715703
0.586889,-0.715859
0.586605,-0.716014
0.586321,-0.71617
0.586036,-0.716325
0.585752,-0.71648
0.585467,-0.716636
0.585183,-0.716791
0.584898,-0.716947
0.584614,-0.717102
0.584329,-0.717258
0.584045,-0.717413
0.58376,-0.717569
0.583476,-0.717724
0.583191,-0.71788
0.582907,-0.718035
0.582623,-0.718191
0.582338,-0.718346
0.582054,-0.718502
0.581769,-0.718657
0.581485,-0.718813
0.5812,-0.718968
0.580916,-0.719123
