O
25
1,0,-1,0.78,-0.5,0.75,0.0,0.0,0.0,0.3,0.4,0.02,0,0.8,False
2,0,-1,1.1,-0.5,0.93,0.0,0.0,0.0,0.02,0.4,0.2,0,0.8,False
3,0,-1,0.78,-0.5,1.11,0.0,0.0,0.0,0.3,0.4,0.02,0,0.8,False
4,0,-1,0.8,-0.92,0.93,0.0,0.0,0.0,0.32,0.02,0.2,0,0.8,False
5,0,-1,0.8,-0.08,0.93,0.0,0.0,0.0,0.32,0.02,0.2,0,0.8,False
6,2,0,1.0114147126560422,-0.4968596071995403,0.8513427122268743,0.0,0.0,1.880417022398946,0.03,0.03,0.16268542445374853,0.03729638614298292,0.8713563069824971,False
7,2,0,0.6396115132443582,-0.49731116653567536,0.8450000000000001,0.0,0.0,5.58869140509744,0.04836072896001047,0.04836072896001047,0.15,0.13791994718367462,1.0144581148918261,False
8,2,0,0.545355256214762,-0.22721858927397287,0.8450000000000001,0.0,0.0,3.3503916546844064,0.03,0.03,0.15,0.44937039745497026,1.1001730668001217,False
9,2,0,0.9614351083444164,-0.7039228262401587,0.8450000000000001,0.0,0.0,3.352969141758993,0.07106825331447467,0.07106825331447467,0.15,0.028035094855792586,1.167778922744654,False
10,2,0,0.7650844950401754,-0.20473393821034513,0.8534507110912996,0.0,0.0,5.440144792435603,0.03,0.03,0.16690142218259907,0.32493071431653614,0.8533710981771793,False
11,2,1,0.6671691778349709,-0.3231673240500399,0.8450000000000001,0.0,0.0,0.4563666373047681,0.046111028349805204,0.046111028349805204,0.15,0.08909480121600177,0.915920529750257,True
12,0,1,0.9418236857330741,-0.32695514538515247,0.9175155743410811,0.0,0.0,5.580952773045136,0.03,0.05749695940106562,0.14751557434108106,0.2988483795568954,0.8488670172164926,True
13,0,1,0.6279998434071883,-0.6907324806609632,0.86,0.0,0.0,2.91188628191985,0.06724176096526868,0.039354386295862354,0.09,0.1421374072428589,0.9844688455054629,True
14,2,1,0.8842940280836278,-0.44092809638007374,0.8491419357615292,0.0,0.0,3.5145555431424387,0.03,0.03,0.15828387152305834,0.42434979077960217,0.9347731169321261,True
15,2,1,1.0189952274277683,-0.19867878286476148,0.8450000000000001,0.0,0.0,1.9410175692002378,0.03522781298284236,0.03522781298284236,0.15,0.047106295123471476,1.0110567346559958,True
16,0,1,0.7638745823751873,-0.602628706818328,0.9077843113156908,0.0,0.0,3.254993482623885,0.03,0.06250608160880133,0.13778431131569077,0.4229781874596922,1.0419184250787463,True
17,2,1,0.5550632068839917,-0.8413239897823536,0.8450000000000001,0.0,0.0,5.781162384024838,0.03,0.03,0.15,0.29588139306792033,1.1590449485517613,True
18,2,1,0.8756798946043193,-0.5733638309797646,0.8450000000000001,0.0,0.0,4.72991583000363,0.03,0.03,0.15,0.3878702286862581,1.1208144189394806,True
19,2,1,0.7248462576241053,-0.8176425316343131,0.8450000000000001,0.0,0.0,2.0234644223613496,0.03,0.03,0.15,0.49441906485192144,1.1969948758449696,True
20,0,1,0.6356616068135632,-0.16499228890254913,0.9229756614033915,0.0,0.0,0.007091455575471582,0.044143678626998216,0.03,0.15297566140339153,0.06498925916812393,0.9263159063502795,True
21,2,1,0.8220032047571905,-0.35030222194974636,0.8592674119890092,0.0,0.0,2.0731623130821797,0.03,0.03,0.1785348239780184,0.22812129951756271,1.0512214549296326,True
22,0,1,0.5479246151615885,-0.3548908548955223,0.918378985783533,0.0,0.0,1.8012973746603753,0.05006516752524176,0.03,0.14837898578353304,0.07295090418343975,0.9634318439496875,True
23,2,1,0.5188407267523373,-0.4851125675723913,0.8563189600417831,0.0,0.0,3.0440815149799008,0.03,0.03,0.17263792008356615,0.41333697944778114,1.0228419317441246,True
24,2,1,0.7815502122498998,-0.4503324999157873,0.8450000000000001,0.0,0.0,2.910216944219662,0.03,0.03,0.15,0.032886814458851,1.0446096703317884,True
25,2,1,0.8216582236406096,-0.7374179145214066,0.8450000000000001,0.0,0.0,3.8863084708445,0.03,0.03,0.15,0.15527374136182986,0.8828292227827065,True
R
0.0,0.0,0.0,0.0,0.0,0.0,1.0
S
8
torso_lift_joint,0
r_shoulder_pan_joint,-1.69017
r_shoulder_lift_joint,-0.0788625
r_upper_arm_roll_joint,-1.69017
r_elbow_flex_joint,-1.2717
r_forearm_roll_joint,-0.151824
r_wrist_flex_joint,-1.25254
r_wrist_roll_joint,0.675062
G
0.711894,-0.257609,0.853451,0.782428,-0,0
ooi
10
A
300
0.310248,-0.673113
0.311963,-0.670632
0.313679,-0.668151
0.315394,-0.665669
0.317109,-0.663188
0.318824,-0.660707
0.32054,-0.658226
0.322255,-0.655744
0.32397,-0.653263
0.325685,-0.650782
0.3274,-0.648301
0.329116,-0.645819
0.330831,-0.643338
0.332546,-0.640857
0.334261,-0.638376
0.335977,-0.635894
0.337692,-0.633413
0.339407,-0.630932
0.341122,-0.628451
0.342838,-0.625969
0.344553,-0.623488
0.346268,-0.621007
0.347983,-0.618526
0.349698,-0.616045
0.351414,-0.613563
0.353129,-0.611082
0.354844,-0.608601
0.356559,-0.60612
0.358275,-0.603638
0.35999,-0.601157
0.361705,-0.598676
0.36342,-0.596195
0.365135,-0.593713
0.366851,-0.591232
0.368566,-0.588751
0.370281,-0.58627
0.371996,-0.583788
0.373712,-0.581307
0.375427,-0.578826
0.377142,-0.576345
0.378857,-0.573863
0.380573,-0.571382
0.382288,-0.568901
0.384003,-0.56642
0.385718,-0.563938
0.387433,-0.561457
0.389149,-0.558976
0.390864,-0.556495
0.392579,-0.554013
0.394294,-0.551532
0.39601,-0.549051
0.397725,-0.54657
0.39944,-0.544089
0.401155,-0.541607
0.40287,-0.539126
0.404586,-0.536645
0.406301,-0.534164
0.408016,-0.531682
0.409731,-0.529201
0.411447,-0.52672
0.413162,-0.524239
0.414877,-0.521757
0.416592,-0.519276
0.418308,-0.516795
0.420023,-0.514314
0.421738,-0.511832
0.423453,-0.509351
0.425168,-0.50687
0.426884,-0.504389
0.428599,-0.501907
0.430314,-0.499426
0.432029,-0.496945
0.433745,-0.494464
0.43546,-0.491982
0.437175,-0.489501
0.43889,-0.48702
0.440606,-0.484539
0.442321,-0.482057
0.444036,-0.479576
0.445751,-0.477095
0.447466,-0.474614
0.449182,-0.472132
0.450897,-0.469651
0.452612,-0.46717
0.454327,-0.464689
0.456043,-0.462208
0.457758,-0.459726
0.459473,-0.457245
0.461188,-0.454764
0.462903,-0.452283
0.464619,-0.449801
0.466334,-0.44732
0.468049,-0.444839
0.469764,-0.442358
0.47148,-0.439876
0.473195,-0.437395
0.47491,-0.434914
0.476625,-0.432433
0.478341,-0.429951
0.480056,-0.42747
0.481771,-0.424989
0.483486,-0.422508
0.485201,-0.420026
0.486917,-0.417545
0.488632,-0.415064
0.490347,-0.412583
0.492062,-0.410101
0.493778,-0.40762
0.495493,-0.405139
0.497208,-0.402658
0.498923,-0.400176
0.500638,-0.397695
0.502354,-0.395214
0.504069,-0.392733
0.505784,-0.390252
0.507499,-0.38777
0.509215,-0.385289
0.51093,-0.382808
0.512645,-0.380327
0.51436,-0.377845
0.516076,-0.375364
0.517791,-0.372883
0.519506,-0.370402
0.521221,-0.36792
0.522936,-0.365439
0.524652,-0.362958
0.526367,-0.360477
0.528082,-0.357995
0.529797,-0.355514
0.531513,-0.353033
0.533228,-0.350552
0.534943,-0.34807
0.536658,-0.345589
0.538373,-0.343108
0.540089,-0.340627
0.541804,-0.338145
0.543519,-0.335664
0.545234,-0.333183
0.54695,-0.330702
0.548665,-0.32822
0.55038,-0.325739
0.552095,-0.323258
0.553811,-0.320777
0.555526,-0.318295
0.557241,-0.315814
0.558956,-0.313333
0.560671,-0.310852
0.562387,-0.308371
0.564102,-0.305889
0.565817,-0.303408
0.567532,-0.300927
0.568501,-0.300636
0.56947,-0.300345
0.570439,-0.300055
0.571408,-0.299764
0.572377,-0.299473
0.573346,-0.299182
0.574314,-0.298892
0.575283,-0.298601
0.576252,-0.29831
0.577221,-0.29802
0.57819,-0.297729
0.579159,-0.297438
0.580128,-0.297147
0.581097,-0.296857
0.582065,-0.296566
0.583034,-0.296275
0.584003,-0.295985
0.584972,-0.295694
0.585941,-0.295403
0.58691,-0.295112
0.587879,-0.294822
0.588848,-0.294531
0.589816,-0.29424
0.590785,-0.293949
0.591754,-0.293659
0.592723,-0.293368
0.593692,-0.293077
0.594661,-0.292787
0.59563,-0.292496
0.596599,-0.292205
0.597567,-0.291914
0.598536,-0.291624
0.599505,-0.291333
0.600474,-0.291042
0.601443,-0.290752
0.602412,-0.290461
0.603381,-0.29017
0.604349,-0.289879
0.605318,-0.289589
0.606287,-0.289298
0.607256,-0.289007
0.608225,-0.288716
0.609194,-0.288426
0.610163,-0.288135
0.611132,-0.287844
0.6121,-0.287554
0.613069,-0.287263
0.614038,-0.286972
0.615007,-0.286681
0.615976,-0.286391
0.616945,-0.2861
0.617914,-0.285809
0.618883,-0.285519
0.619851,-0.285228
0.62082,-0.284937
0.621789,-0.284646
0.622758,-0.284356
0.623727,-0.284065
0.624696,-0.283774
0.625665,-0.283483
0.626634,-0.283193
0.627602,-0.282902
0.628571,-0.282611
0.62954,-0.282321
0.630509,-0.28203
0.631478,-0.281739
0.632447,-0.281448
0.633416,-0.281158
0.634384,-0.280867
0.635353,-0.280576
0.636322,-0.280286
0.637291,-0.279995
0.63826,-0.279704
0.639229,-0.279413
0.640198,-0.279123
0.641167,-0.278832
0.642135,-0.278541
0.643104,-0.27825
0.644073,-0.27796
0.645042,-0.277669
0.646011,-0.277378
0.64698,-0.277088
0.647949,-0.276797
0.648918,-0.276506
0.649886,-0.276215
0.650855,-0.275925
0.651824,-0.275634
0.652793,-0.275343
0.653762,-0.275053
0.654731,-0.274762
0.6557,-0.274471
0.656669,-0.27418
0.657637,-0.27389
0.658606,-0.273599
0.659575,-0.273308
0.660544,-0.273017
0.661513,-0.272727
0.662482,-0.272436
0.663451,-0.272145
0.66442,-0.271855
0.665388,-0.271564
0.666357,-0.271273
0.667326,-0.270982
0.668295,-0.270692
0.669264,-0.270401
0.670233,-0.27011
0.671202,-0.26982
0.67217,-0.269529
0.673139,-0.269238
0.674108,-0.268947
0.675077,-0.268657
0.676046,-0.268366
0.677015,-0.268075
0.677984,-0.267784
0.678953,-0.267494
0.679921,-0.267203
0.68089,-0.266912
0.681859,-0.266622
0.682828,-0.266331
0.683797,-0.26604
0.684766,-0.265749
0.685735,-0.265459
0.686704,-0.265168
0.687672,-0.264877
0.688641,-0.264587
0.68961,-0.264296
0.690579,-0.264005
0.691548,-0.263714
0.692517,-0.263424
0.693486,-0.263133
0.694455,-0.262842
0.695423,-0.262551
0.696392,-0.262261
0.697361,-0.26197
0.69833,-0.261679
0.699299,-0.261389
0.700268,-0.261098
0.701237,-0.260807
0.702205,-0.260516
0.703174,-0.260226
0.704143,-0.259935
0.705112,-0.259644
0.706081,-0.259354
0.70705,-0.259063
0.708019,-0.258772
0.708988,-0.258481
0.709956,-0.258191
0.710925,-0.2579
0.711894,-0.257609
