O
25
1,0,-1,0.78,-0.5,0.75,0.0,0.0,0.0,0.3,0.4,0.02,0,0.8,False
2,0,-1,1.1,-0.5,0.93,0.0,0.0,0.0,0.02,0.4,0.2,0,0.8,False
3,0,-1,0.78,-0.5,1.11,0.0,0.0,0.0,0.3,0.4,0.02,0,0.8,False
4,0,-1,0.8,-0.92,0.93,0.0,0.0,0.0,0.32,0.02,0.2,0,0.8,False
5,0,-1,0.8,-0.08,0.93,0.0,0.0,0.0,0.32,0.02,0.2,0,0.8,False
6,0,0,0.9402443277781035,-0.7849162043302232,0.9030633008578078,0.0,0.0,1.8765909078804484,0.05380377938231521,0.04190727984742063,0.1330633008578078,0.2663941101633152,0.8576318689485648,False
7,2,0,0.6081348497827167,-0.3316392247296933,0.8450000000000001,0.0,0.0,2.5642239627797294,0.03132417216155045,0.03132417216155045,0.15,0.4251999618291098,0.9172025138842181,False
8,2,0,0.9647842160837414,-0.38971775126396524,0.8450000000000001,0.0,0.0,0.21874214693018698,0.03828877146310979,0.03828877146310979,0.15,0.1393869112882033,1.1902536562825956,False
9,0,0,0.9515379745170935,-0.5513029000670653,0.86,0.0,0.0,4.794428540059054,0.07609772470460838,0.030768404218070877,0.09,0.20583345603672792,0.8186067512239138,False
10,2,0,0.6542742080366923,-0.22429281754842434,0.8450000000000001,0.0,0.0,3.9714887452079637,0.03,0.03,0.15,0.1817461501830805,0.8285354240288001,False
11,2,1,0.7797285795098985,-0.7927324649468944,0.8450000000000001,0.0,0.0,5.936556637274546,0.05926684642347896,0.05926684642347896,0.15,0.00044749167662205824,1.0597852170162487,True
12,2,1,0.599280403276286,-0.8272874391769144,0.8450000000000001,0.0,0.0,6.273499722407076,0.04168507381992808,0.04168507381992808,0.15,0.0719382019976268,1.1952884399739672,True
13,2,1,0.6873666027860669,-0.6512807011935584,0.8450000000000001,0.0,0.0,2.3019141134333774,0.03,0.03,0.15,0.09209307731161154,1.0719391714428548,True
14,2,1,0.8071185901476909,-0.398954649666534,0.8450000000000001,0.0,0.0,4.4888711497715095,0.07653963498253745,0.07653963498253745,0.15,0.2875162776965069,0.9339821551685786,True
15,2,1,0.5800155549335476,-0.5100387751213127,0.8516052012916231,0.0,0.0,0.6943748228068644,0.05618761908335855,0.05618761908335855,0.16321040258324626,0.4850504642878863,0.9627681149608455,True
16,2,1,0.9625324739387141,-0.22441385998494412,0.8450000000000001,0.0,0.0,5.23669718033669,0.03537174079121429,0.03537174079121429,0.15,0.3073897828183433,0.8040173956121386,True
17,2,1,0.5678303117751793,-0.7332122441729153,0.8467907416519891,0.0,0.0,4.909293196788972,0.03,0.03,0.15358148330397814,0.37794203997600223,1.1766006454515885,True
18,0,1,0.8013966574478169,-0.6295116950658313,0.86,0.0,0.0,1.1880182683940517,0.03,0.03,0.09,0.31611900681724253,0.8907866552771401,True
19,2,1,0.8080336781647566,-0.25892489887050885,0.8450000000000001,0.0,0.0,1.6532799112547811,0.03,0.03,0.15,0.3497933465812985,1.0235282841288469,True
20,2,1,0.5395565287610391,-0.21317853844848533,0.8450000000000001,0.0,0.0,2.2620078071244065,0.03,0.03,0.15,0.3819514714588838,0.9235087585027733,True
21,2,1,1.0337982489503377,-0.6390731997817902,0.8450000000000001,0.0,0.0,1.429163488329505,0.03,0.03,0.15,0.3002204316393052,1.0092609822888656,True
22,0,1,0.8474093587113813,-0.16338878491161624,0.8860777653559592,0.0,0.0,3.5857877546155126,0.0325980793689764,0.03,0.11607776535595914,0.34609055957783647,0.9831223486172072,True
23,2,1,0.5478415974155201,-0.6332163014479851,0.8450000000000001,0.0,0.0,6.194093586236947,0.03,0.03,0.15,0.39009208649130916,0.8735981686508518,True
24,0,1,0.8160066406677078,-0.5370195716878007,0.8855629464038592,0.0,0.0,1.8118102577314366,0.03,0.03,0.11556294640385925,0.18177044317751312,0.8549871669875726,True
25,0,1,0.5135688924326842,-0.3528856754250226,0.86,0.0,0.0,2.635715152796907,0.03,0.03,0.09,0.3243347850794889,0.9482102291748744,True
R
0.0,0.0,0.0,0.0,0.0,0.0,1.0
S
8
torso_lift_joint,0
r_shoulder_pan_joint,-1.69017
r_shoulder_lift_joint,-0.0788625
r_upper_arm_roll_joint,-1.69017
r_elbow_flex_joint,-1.2717
r_forearm_roll_joint,-0.151824
r_wrist_flex_joint,-1.25254
r_wrist_roll_joint,0.675062
G
0.535786,-0.35595,0.845,0.324172,-0,0
ooi
7
A
599
0.310248,-0.673113
0.310819,-0.67321
0.31139,-0.673307
0.311961,-0.673404
0.312532,-0.673501
0.313103,-0.673598
0.313673,-0.673695
0.314244,-0.673792
0.314815,-0.673889
0.315386,-0.673986
0.315957,-0.674083
0.316528,-0.67418
0.317099,-0.674277
0.31767,-0.674374
0.318241,-0.674471
0.318811,-0.674568
0.319382,-0.674665
0.319953,-0.674762
0.320524,-0.674859
0.321095,-0.674955
0.321666,-0.675052
0.322237,-0.675149
0.322808,-0.675246
0.323378,-0.675343
0.323949,-0.67544
0.32452,-0.675537
0.325091,-0.675634
0.325662,-0.675731
0.326233,-0.675828
0.326804,-0.675925
0.327375,-0.676022
0.327945,-0.676119
0.328516,-0.676216
0.329087,-0.676313
0.329658,-0.67641
0.330229,-0.676507
0.3308,-0.676604
0.331371,-0.676701
0.331942,-0.676798
0.332513,-0.676895
0.333083,-0.676992
0.333654,-0.677089
0.334225,-0.677186
0.334796,-0.677283
0.335367,-0.67738
0.335938,-0.677477
0.336509,-0.677574
0.33708,-0.677671
0.33765,-0.677768
0.338221,-0.677865
0.338792,-0.677961
0.339363,-0.678058
0.339934,-0.678155
0.340505,-0.678252
0.341076,-0.678349
0.341647,-0.678446
0.342217,-0.678543
0.342788,-0.67864
0.343359,-0.678737
0.34393,-0.678834
0.344501,-0.678931
0.345072,-0.679028
0.345643,-0.679125
0.346214,-0.679222
0.346785,-0.679319
0.347355,-0.679416
0.347926,-0.679513
0.348497,-0.67961
0.349068,-0.679707
0.349639,-0.679804
0.35021,-0.679901
0.350781,-0.679998
0.351352,-0.680095
0.351922,-0.680192
0.352493,-0.680289
0.353064,-0.680386
0.353635,-0.680483
0.354206,-0.68058
0.354777,-0.680677
0.355348,-0.680774
0.355919,-0.680871
0.356489,-0.680967
0.35706,-0.681064
0.357631,-0.681161
0.358202,-0.681258
0.358773,-0.681355
0.359344,-0.681452
0.359915,-0.681549
0.360486,-0.681646
0.361057,-0.681743
0.361627,-0.68184
0.362198,-0.681937
0.362769,-0.682034
0.36334,-0.682131
0.363911,-0.682228
0.364482,-0.682325
0.365053,-0.682422
0.365624,-0.682519
0.366194,-0.682616
0.366765,-0.682713
0.367336,-0.68281
0.367907,-0.682907
0.368478,-0.683004
0.369049,-0.683101
0.36962,-0.683198
0.370191,-0.683295
0.370761,-0.683392
0.371332,-0.683489
0.371903,-0.683586
0.372474,-0.683683
0.373045,-0.68378
0.373616,-0.683877
0.374187,-0.683974
0.374758,-0.68407
0.375329,-0.684167
0.375899,-0.684264
0.37647,-0.684361
0.377041,-0.684458
0.377612,-0.684555
0.378183,-0.684652
0.378754,-0.684749
0.379325,-0.684846
0.379896,-0.684943
0.380466,-0.68504
0.381037,-0.685137
0.381608,-0.685234
0.382179,-0.685331
0.38275,-0.685428
0.383321,-0.685525
0.383892,-0.685622
0.384463,-0.685719
0.385033,-0.685816
0.385604,-0.685913
0.386175,-0.68601
0.386746,-0.686107
0.387317,-0.686204
0.387888,-0.686301
0.388459,-0.686398
0.38903,-0.686495
0.389601,-0.686592
0.390171,-0.686689
0.390742,-0.686786
0.391313,-0.686883
0.391884,-0.68698
0.392455,-0.687076
0.393026,-0.687173
0.393597,-0.68727
0.394168,-0.687367
0.394738,-0.687464
0.395309,-0.687561
0.39588,-0.687658
0.396813,-0.686889
0.397745,-0.686119
0.398678,-0.68535
0.39961,-0.68458
0.400542,-0.68381
0.401475,-0.683041
0.402407,-0.682271
0.40334,-0.681502
0.404272,-0.680732
0.405205,-0.679962
0.406137,-0.679193
0.407069,-0.678423
0.408002,-0.677654
0.408934,-0.676884
0.409867,-0.676114
0.410799,-0.675345
0.411732,-0.674575
0.412664,-0.673806
0.413597,-0.673036
0.414529,-0.672266
0.415461,-0.671497
0.416394,-0.670727
0.417326,-0.669958
0.418259,-0.669188
0.419191,-0.668418
0.420124,-0.667649
0.421056,-0.666879
0.421989,-0.66611
0.422921,-0.66534
0.423853,-0.66457
0.424786,-0.663801
0.425718,-0.663031
0.426651,-0.662262
0.427583,-0.661492
0.428516,-0.660722
0.429448,-0.659953
0.43038,-0.659183
0.431313,-0.658414
0.432245,-0.657644
0.433178,-0.656874
0.43411,-0.656105
0.435043,-0.655335
0.435975,-0.654566
0.436908,-0.653796
0.43784,-0.653026
0.438772,-0.652257
0.439705,-0.651487
0.440637,-0.650718
0.44157,-0.649948
0.442502,-0.649178
0.443435,-0.648409
0.444367,-0.647639
0.4453,-0.64687
0.446232,-0.6461
0.447164,-0.645331
0.448097,-0.644561
0.449029,-0.643791
0.449962,-0.643022
0.450894,-0.642252
0.451827,-0.641483
0.452759,-0.640713
0.453691,-0.639943
0.454624,-0.639174
0.455556,-0.638404
0.456489,-0.637635
0.457421,-0.636865
0.458354,-0.636095
0.459286,-0.635326
0.460219,-0.634556
0.461151,-0.633787
0.462083,-0.633017
0.463016,-0.632247
0.463948,-0.631478
0.464881,-0.630708
0.465813,-0.629939
0.466746,-0.629169
0.467678,-0.628399
0.46861,-0.62763
0.469543,-0.62686
0.470475,-0.626091
0.471408,-0.625321
0.47234,-0.624551
0.473273,-0.623782
0.474205,-0.623012
0.475138,-0.622243
0.47607,-0.621473
0.477002,-0.620703
0.477935,-0.619934
0.478867,-0.619164
0.4798,-0.618395
0.480732,-0.617625
0.481665,-0.616855
0.482597,-0.616086
0.48353,-0.615316
0.484462,-0.614547
0.485394,-0.613777
0.486327,-0.613007
0.487259,-0.612238
0.488192,-0.611468
0.489124,-0.610699
0.490057,-0.609929
0.490989,-0.609159
0.491921,-0.60839
0.492854,-0.60762
0.493786,-0.606851
0.494719,-0.606081
0.495651,-0.605311
0.496584,-0.604542
0.497516,-0.603772
0.498449,-0.603003
0.499381,-0.602233
0.500313,-0.601464
0.501246,-0.600694
0.502178,-0.599924
0.503111,-0.599155
0.504043,-0.598385
0.504976,-0.597616
0.505908,-0.596846
0.506841,-0.596076
0.507773,-0.595307
0.508705,-0.594537
0.509638,-0.593768
0.51057,-0.592998
0.511503,-0.592228
0.512435,-0.591459
0.513368,-0.590689
0.5143,-0.58992
0.515232,-0.58915
0.516165,-0.58838
0.517097,-0.587611
0.51803,-0.586841
0.518962,-0.586072
0.519895,-0.585302
0.520827,-0.584532
0.52176,-0.583763
0.522692,-0.582993
0.523624,-0.582224
0.524557,-0.581454
0.525489,-0.580684
0.526422,-0.579915
0.527354,-0.579145
0.528287,-0.578376
0.529219,-0.577606
0.530151,-0.576836
0.531084,-0.576067
0.532016,-0.575297
0.532949,-0.574528
0.533881,-0.573758
0.534814,-0.572988
0.534865,-0.571782
0.534916,-0.570576
0.534968,-0.56937
0.535019,-0.568163
0.535071,-0.566957
0.535122,-0.565751
0.535173,-0.564545
0.535225,-0.563339
0.535276,-0.562132
0.535328,-0.560926
0.535379,-0.55972
0.53543,-0.558514
0.535482,-0.557307
0.535533,-0.556101
0.535585,-0.554895
0.535636,-0.553689
0.535687,-0.552482
0.535739,-0.551276
0.53579,-0.55007
0.535841,-0.548864
0.535893,-0.547657
0.535944,-0.546451
0.535996,-0.545245
0.536047,-0.544039
0.536098,-0.542832
0.53615,-0.541626
0.536201,-0.54042
0.536253,-0.539214
0.536304,-0.538007
0.536355,-0.536801
0.536407,-0.535595
0.536458,-0.534389
0.53651,-0.533182
0.536561,-0.531976
0.536612,-0.53077
0.536664,-0.529564
0.536715,-0.528357
0.536766,-0.527151
0.536818,-0.525945
0.536869,-0.524739
0.536921,-0.523532
0.536972,-0.522326
0.537023,-0.52112
0.537075,-0.519914
0.537126,-0.518708
0.537178,-0.517501
0.537229,-0.516295
0.53728,-0.515089
0.537332,-0.513883
0.537383,-0.512676
0.537435,-0.51147
0.537486,-0.510264
0.537537,-0.509058
0.537589,-0.507851
0.53764,-0.506645
0.537691,-0.505439
0.537743,-0.504233
0.537794,-0.503026
0.537846,-0.50182
0.537897,-0.500614
0.537948,-0.499408
0.538,-0.498201
0.538051,-0.496995
0.538103,-0.495789
0.538154,-0.494583
0.538205,-0.493376
0.538257,-0.49217
0.538308,-0.490964
0.53836,-0.489758
0.538411,-0.488551
0.538462,-0.487345
0.538514,-0.486139
0.538565,-0.484933
0.538617,-0.483726
0.538668,-0.48252
0.538719,-0.481314
0.538771,-0.480108
0.538822,-0.478901
0.538873,-0.477695
0.538925,-0.476489
0.538976,-0.475283
0.539028,-0.474076
0.539079,-0.47287
0.53913,-0.471664
0.539182,-0.470458
0.539233,-0.469252
0.539285,-0.468045
0.539336,-0.466839
0.539387,-0.465633
0.539439,-0.464427
0.53949,-0.46322
0.539542,-0.462014
0.539593,-0.460808
0.539644,-0.459602
0.539696,-0.458395
0.539747,-0.457189
0.539798,-0.455983
0.53985,-0.454777
0.539901,-0.45357
0.539953,-0.452364
0.540004,-0.451158
0.540055,-0.449952
0.540107,-0.448745
0.540158,-0.447539
0.54021,-0.446333
0.540261,-0.445127
0.540312,-0.44392
0.540364,-0.442714
0.540415,-0.441508
0.540467,-0.440302
0.540518,-0.439095
0.540569,-0.437889
0.540621,-0.436683
0.540672,-0.435477
0.540723,-0.43427
0.540775,-0.433064
0.540826,-0.431858
0.540878,-0.430652
0.540929,-0.429445
0.54098,-0.428239
0.541032,-0.427033
0.541083,-0.425827
0.541135,-0.424621
0.541186,-0.423414
0.541237,-0.422208
0.541289,-0.421002
0.54134,-0.419796
0.541392,-0.418589
0.541443,-0.417383
0.541494,-0.416177
0.541546,-0.414971
0.541597,-0.413764
0.541648,-0.412558
0.5417,-0.411352
0.541751,-0.410146
0.541803,-0.408939
0.541854,-0.407733
0.541905,-0.406527
0.541957,-0.405321
0.542008,-0.404114
0.54206,-0.402908
0.542111,-0.401702
0.542162,-0.400496
0.542214,-0.399289
0.542265,-0.398083
0.542317,-0.396877
0.542368,-0.395671
0.542419,-0.394464
0.542471,-0.393258
0.542522,-0.392052
0.542477,-0.39181
0.542432,-0.391567
0.542386,-0.391325
0.542341,-0.391083
0.542296,-0.39084
0.542251,-0.390598
0.542206,-0.390356
0.54216,-0.390114
0.542115,-0.389871
0.54207,-0.389629
0.542025,-0.389387
0.54198,-0.389144
0.541934,-0.388902
0.541889,-0.38866
0.541844,-0.388418
0.541799,-0.388175
0.541754,-0.387933
0.541708,-0.387691
0.541663,-0.387448
0.541618,-0.387206
0.541573,-0.386964
0.541528,-0.386722
0.541482,-0.386479
0.541437,-0.386237
0.541392,-0.385995
0.541347,-0.385752
0.541301,-0.38551
0.541256,-0.385268
0.541211,-0.385025
0.541166,-0.384783
0.541121,-0.384541
0.541075,-0.384299
0.54103,-0.384056
0.540985,-0.383814
0.54094,-0.383572
0.540895,-0.383329
0.540849,-0.383087
0.540804,-0.382845
0.540759,-0.382603
0.540714,-0.38236
0.540669,-0.382118
0.540623,-0.381876
0.540578,-0.381633
0.540533,-0.381391
0.540488,-0.381149
0.540443,-0.380906
0.540397,-0.380664
0.540352,-0.380422
0.540307,-0.38018
0.540262,-0.379937
0.540216,-0.379695
0.540171,-0.379453
0.540126,-0.37921
0.540081,-0.378968
0.540036,-0.378726
0.53999,-0.378484
0.539945,-0.378241
0.5399,-0.377999
0.539855,-0.377757
0.53981,-0.377514
0.539764,-0.377272
0.539719,-0.37703
0.539674,-0.376788
0.539629,-0.376545
0.539584,-0.376303
0.539538,-0.376061
0.539493,-0.375818
0.539448,-0.375576
0.539403,-0.375334
0.539358,-0.375091
0.539312,-0.374849
0.539267,-0.374607
0.539222,-0.374365
0.539177,-0.374122
0.539131,-0.37388
0.539086,-0.373638
0.539041,-0.373395
0.538996,-0.373153
0.538951,-0.372911
0.538905,-0.372669
0.53886,-0.372426
0.538815,-0.372184
0.53877,-0.371942
0.538725,-0.371699
0.538679,-0.371457
0.538634,-0.371215
0.538589,-0.370972
0.538544,-0.37073
0.538499,-0.370488
0.538453,-0.370246
0.538408,-0.370003
0.538363,-0.369761
0.538318,-0.369519
0.538273,-0.369276
0.538227,-0.369034
0.538182,-0.368792
0.538137,-0.36855
0.538092,-0.368307
0.538046,-0.368065
0.538001,-0.367823
0.537956,-0.36758
0.537911,-0.367338
0.537866,-0.367096
0.53782,-0.366853
0.537775,-0.366611
0.53773,-0.366369
0.537685,-0.366127
0.53764,-0.365884
0.537594,-0.365642
0.537549,-0.3654
0.537504,-0.365157
0.537459,-0.364915
0.537414,-0.364673
0.537368,-0.364431
0.537323,-0.364188
0.537278,-0.363946
0.537233,-0.363704
0.537188,-0.363461
0.537142,-0.363219
0.537097,-0.362977
0.537052,-0.362735
0.537007,-0.362492
0.536961,-0.36225
0.536916,-0.362008
0.536871,-0.361765
0.536826,-0.361523
0.536781,-0.361281
0.536735,-0.361038
0.53669,-0.360796
0.536645,-0.360554
0.5366,-0.360312
0.536555,-0.360069
0.536509,-0.359827
0.536464,-0.359585
0.536419,-0.359342
0.536374,-0.3591
0.536329,-0.358858
0.536283,-0.358616
0.536238,-0.358373
0.536193,-0.358131
0.536148,-0.357889
0.536102,-0.357646
0.536057,-0.357404
0.536012,-0.357162
0.535967,-0.356919
0.535922,-0.356677
0.535876,-0.356435
0.535831,-0.356193
0.535786,-0.35595
