O
25
1,0,-1,0.78,-0.5,0.75,0.0,0.0,0.0,0.3,0.4,0.02,0,0.8,False
2,0,-1,1.1,-0.5,0.93,0.0,0.0,0.0,0.02,0.4,0.2,0,0.8,False
3,0,-1,0.78,-0.5,1.11,0.0,0.0,0.0,0.3,0.4,0.02,0,0.8,False
4,0,-1,0.8,-0.92,0.93,0.0,0.0,0.0,0.32,0.02,0.2,0,0.8,False
5,0,-1,0.8,-0.08,0.93,0.0,0.0,0.0,0.32,0.02,0.2,0,0.8,False
6,2,0,0.5714406174849739,-0.24594084458642274,0.8450000000000001,0.0,0.0,3.7176772019499156,0.0387967300499638,0.0387967300499638,0.15,0.2288232284280805,1.1488096824408305,False
7,2,0,0.8296580315148502,-0.6351433144234389,0.8568585817965242,0.0,0.0,3.3271790151739316,0.06731911385771841,0.06731911385771841,0.1737171635930484,0.27872753279312534,1.1419050555051884,False
8,0,0,0.6215520363994306,-0.6199391727682101,0.86,0.0,0.0,1.6591218822878877,0.03,0.07417209748087833,0.09,0.02922624491550524,0.9397215116459157,False
9,2,0,0.6238781491365684,-0.7683995796289244,0.8450000000000001,0.0,0.0,1.7505210327272847,0.04953976730956673,0.04953976730956673,0.15,0.20037055491121325,0.9107416189655848,False
10,0,0,0.8313216059711692,-0.44931497801966186,0.86,0.0,0.0,1.354494377112413,0.03,0.0393231229167028,0.09,0.09327196741453486,0.9718839964938968,False
11,0,1,0.7314164626674236,-0.2490110543253421,0.86,0.0,0.0,2.6377443871108586,0.05504295097804762,0.053319354625602965,0.09,0.13454284106817072,0.9851994603462145,True
12,2,1,0.7848311463760794,-0.8244560467464552,0.8450000000000001,0.0,0.0,4.657015075494596,0.03,0.03,0.15,0.34999230258982916,0.9392316272015423,True
13,0,1,0.9934086740608925,-0.4226483334619204,0.86,0.0,0.0,0.7422489471651074,0.03,0.03784156151768805,0.09,0.11513746933438368,1.1020232863172013,True
14,0,1,1.0282508778581452,-0.2269550664238572,0.8764760550256074,0.0,0.0,5.988948037785688,0.03,0.038804162595911296,0.10647605502560742,0.40250660906150965,0.884123139741767,True
15,2,1,0.8754830903120624,-0.3239426180298526,0.8536997346097708,0.0,0.0,4.097109700755496,0.04283759748504195,0.04283759748504195,0.16739946921954163,0.046717944480408335,0.9899958597549229,True
16,2,1,0.5310412878501991,-0.4722766889152215,0.8450000000000001,0.0,0.0,6.134862484890975,0.03,0.03,0.15,0.023687224949377916,0.9623189331592881,True
17,0,1,0.9696910401687147,-0.5802184563322654,0.86,0.0,0.0,0.3845667150493238,0.03,0.04041765416515763,0.09,0.14987406100623413,0.930354621523724,True
18,0,1,0.586448463555512,-0.377786013481688,0.86,0.0,0.0,3.1696925198422785,0.03719293934874596,0.040023465859543306,0.09,0.39309086122490133,0.8787765871241584,True
19,2,1,0.7178830254560801,-0.4336419796212134,0.8450000000000001,0.0,0.0,1.020535638579931,0.03,0.03,0.15,0.4946596765505803,0.8943433751765876,True
20,2,1,0.8797152046775152,-0.16616323768166985,0.8450000000000001,0.0,0.0,4.699306932259417,0.03,0.03,0.15,0.07660892892107668,0.9059425669188795,True
21,2,1,0.5127020777870178,-0.7841750933528953,0.8450000000000001,0.0,0.0,2.998224490611423,0.030848776230471078,0.030848776230471078,0.15,0.482704915580513,1.0788228457422468,True
22,2,1,0.9251303445151666,-0.834058073299847,0.8450000000000001,0.0,0.0,3.47568761793201,0.04091329442651095,0.04091329442651095,0.15,0.030939742434271444,0.95350605037436,True
23,0,1,1.0228940959157424,-0.8459642294541462,0.9081978659088091,0.0,0.0,1.4994883416426084,0.03,0.03,0.13819786590880911,0.22256242380879593,1.025241150523891,True
24,0,1,0.9797736195800323,-0.6986121963054953,0.9079405623433071,0.0,0.0,0.5282874099707723,0.040232543911387336,0.045603702428618956,0.1379405623433071,0.28289535513686553,0.9362018475408953,True
25,2,1,0.6351460633483966,-0.5276991146703662,0.8604561268463361,0.0,0.0,3.6437897680214615,0.03,0.03,0.1809122536926723,0.07041155862797377,0.8011836824458399,True
R
0.0,0.0,0.0,0.0,0.0,0.0,1.0
S
8
torso_lift_joint,0
r_shoulder_pan_joint,-1.69017
r_shoulder_lift_joint,-0.0788625
r_upper_arm_roll_joint,-1.69017
r_elbow_flex_joint,-1.2717
r_forearm_roll_joint,-0.151824
r_wrist_flex_joint,-1.25254
r_wrist_roll_joint,0.675062
G
0.504431,-0.296256,0.845,0.644052,-0,0
ooi
6
A
599
0.310248,-0.673113
0.310487,-0.672883
0.310725,-0.672652
0.310964,-0.672421
0.311202,-0.672191
0.311441,-0.67196
0.311679,-0.67173
0.311918,-0.671499
0.312156,-0.671269
0.312395,-0.671038
0.312633,-0.670807
0.312872,-0.670577
0.313111,-0.670346
0.313349,-0.670116
0.313588,-0.669885
0.313826,-0.669655
0.314065,-0.669424
0.314303,-0.669193
0.314542,-0.668963
0.31478,-0.668732
0.315019,-0.668502
0.315257,-0.668271
0.315496,-0.668041
0.315734,-0.66781
0.315973,-0.667579
0.316211,-0.667349
0.31645,-0.667118
0.316689,-0.666888
0.316927,-0.666657
0.317166,-0.666427
0.317404,-0.666196
0.317643,-0.665965
0.317881,-0.665735
0.31812,-0.665504
0.318358,-0.665274
0.318597,-0.665043
0.318835,-0.664813
0.319074,-0.664582
0.319312,-0.664352
0.319551,-0.664121
0.319789,-0.66389
0.320028,-0.66366
0.320267,-0.663429
0.320505,-0.663199
0.320744,-0.662968
0.320982,-0.662738
0.321221,-0.662507
0.321459,-0.662276
0.321698,-0.662046
0.321936,-0.661815
0.322175,-0.661585
0.322413,-0.661354
0.322652,-0.661124
0.32289,-0.660893
0.323129,-0.660662
0.323367,-0.660432
0.323606,-0.660201
0.323845,-0.659971
0.324083,-0.65974
0.324322,-0.65951
0.32456,-0.659279
0.324799,-0.659048
0.325037,-0.658818
0.325276,-0.658587
0.325514,-0.658357
0.325753,-0.658126
0.325991,-0.657896
0.32623,-0.657665
0.326468,-0.657434
0.326707,-0.657204
0.326945,-0.656973
0.327184,-0.656743
0.327422,-0.656512
0.327661,-0.656282
0.3279,-0.656051
0.328138,-0.655821
0.328377,-0.65559
0.328615,-0.655359
0.328854,-0.655129
0.329092,-0.654898
0.329331,-0.654668
0.329569,-0.654437
0.329808,-0.654207
0.330046,-0.653976
0.330285,-0.653745
0.330523,-0.653515
0.330762,-0.653284
0.331,-0.653054
0.331239,-0.652823
0.331478,-0.652593
0.331716,-0.652362
0.331955,-0.652131
0.332193,-0.651901
0.332432,-0.65167
0.33267,-0.65144
0.332909,-0.651209
0.333147,-0.650979
0.333386,-0.650748
0.333624,-0.650517
0.333863,-0.650287
0.334101,-0.650056
0.33434,-0.649826
0.334578,-0.649595
0.334817,-0.649365
0.335056,-0.649134
0.335294,-0.648904
0.335533,-0.648673
0.335771,-0.648442
0.33601,-0.648212
0.336248,-0.647981
0.336487,-0.647751
0.336725,-0.64752
0.336964,-0.64729
0.337202,-0.647059
0.337441,-0.646828
0.337679,-0.646598
0.337918,-0.646367
0.338156,-0.646137
0.338395,-0.645906
0.338634,-0.645676
0.338872,-0.645445
0.339111,-0.645214
0.339349,-0.644984
0.339588,-0.644753
0.339826,-0.644523
0.340065,-0.644292
0.340303,-0.644062
0.340542,-0.643831
0.34078,-0.6436
0.341019,-0.64337
0.341257,-0.643139
0.341496,-0.642909
0.341734,-0.642678
0.341973,-0.642448
0.342212,-0.642217
0.34245,-0.641986
0.342689,-0.641756
0.342927,-0.641525
0.343166,-0.641295
0.343404,-0.641064
0.343643,-0.640834
0.343881,-0.640603
0.34412,-0.640373
0.344358,-0.640142
0.344597,-0.639911
0.344835,-0.639681
0.345074,-0.63945
0.345312,-0.63922
0.345551,-0.638989
0.345789,-0.638759
0.346028,-0.638528
0.347029,-0.637343
0.34803,-0.636157
0.349031,-0.634972
0.350032,-0.633786
0.351033,-0.632601
0.352034,-0.631416
0.353035,-0.63023
0.354036,-0.629045
0.355037,-0.627859
0.356038,-0.626674
0.357039,-0.625489
0.35804,-0.624303
0.359041,-0.623118
0.360042,-0.621932
0.361043,-0.620747
0.362044,-0.619562
0.363045,-0.618376
0.364046,-0.617191
0.365047,-0.616005
0.366048,-0.61482
0.367049,-0.613635
0.36805,-0.612449
0.369051,-0.611264
0.370052,-0.610078
0.371053,-0.608893
0.372054,-0.607708
0.373054,-0.606522
0.374055,-0.605337
0.375056,-0.604151
0.376057,-0.602966
0.377058,-0.601781
0.378059,-0.600595
0.37906,-0.59941
0.380061,-0.598224
0.381062,-0.597039
0.382063,-0.595854
0.383064,-0.594668
0.384065,-0.593483
0.385066,-0.592297
0.386067,-0.591112
0.387068,-0.589927
0.388069,-0.588741
0.38907,-0.587556
0.390071,-0.58637
0.391072,-0.585185
0.392073,-0.584
0.393074,-0.582814
0.394075,-0.581629
0.395076,-0.580443
0.396077,-0.579258
0.397078,-0.578073
0.398079,-0.576887
0.39908,-0.575702
0.400081,-0.574516
0.401082,-0.573331
0.402083,-0.572146
0.403084,-0.57096
0.404085,-0.569775
0.405086,-0.568589
0.406087,-0.567404
0.407088,-0.566219
0.408089,-0.565033
0.40909,-0.563848
0.410091,-0.562662
0.411092,-0.561477
0.412093,-0.560292
0.413094,-0.559106
0.414095,-0.557921
0.415096,-0.556735
0.416097,-0.55555
0.417098,-0.554365
0.418099,-0.553179
0.4191,-0.551994
0.420101,-0.550808
0.421102,-0.549623
0.422103,-0.548438
0.423103,-0.547252
0.424104,-0.546067
0.425105,-0.544881
0.426106,-0.543696
0.427107,-0.542511
0.428108,-0.541325
0.429109,-0.54014
0.43011,-0.538954
0.431111,-0.537769
0.432112,-0.536584
0.433113,-0.535398
0.434114,-0.534213
0.435115,-0.533027
0.436116,-0.531842
0.437117,-0.530657
0.438118,-0.529471
0.439119,-0.528286
0.44012,-0.5271
0.441121,-0.525915
0.442122,-0.52473
0.443123,-0.523544
0.444124,-0.522359
0.445125,-0.521173
0.446126,-0.519988
0.447127,-0.518803
0.448128,-0.517617
0.449129,-0.516432
0.45013,-0.515246
0.451131,-0.514061
0.452132,-0.512876
0.453133,-0.51169
0.454134,-0.510505
0.455135,-0.509319
0.456136,-0.508134
0.457137,-0.506949
0.458138,-0.505763
0.459139,-0.504578
0.46014,-0.503392
0.461141,-0.502207
0.462142,-0.501022
0.463143,-0.499836
0.464144,-0.498651
0.465145,-0.497465
0.466146,-0.49628
0.467147,-0.495095
0.468148,-0.493909
0.469149,-0.492724
0.47015,-0.491538
0.471151,-0.490353
0.472152,-0.489168
0.473153,-0.487982
0.474153,-0.486797
0.475154,-0.485611
0.476155,-0.484426
0.477156,-0.483241
0.478157,-0.482055
0.479158,-0.48087
0.480159,-0.479684
0.48116,-0.478499
0.482161,-0.477314
0.483162,-0.476128
0.484163,-0.474943
0.485164,-0.473757
0.486165,-0.472572
0.487166,-0.471387
0.488167,-0.470201
0.489168,-0.469016
0.490169,-0.46783
0.49117,-0.466645
0.492171,-0.46546
0.493172,-0.464274
0.494173,-0.463089
0.495174,-0.461903
0.495277,-0.461501
0.49538,-0.461099
0.495483,-0.460697
0.495585,-0.460295
0.495688,-0.459893
0.495791,-0.459491
0.495894,-0.459089
0.495997,-0.458687
0.496099,-0.458285
0.496202,-0.457883
0.496305,-0.457481
0.496408,-0.457079
0.496511,-0.456677
0.496613,-0.456275
0.496716,-0.455873
0.496819,-0.455471
0.496922,-0.455069
0.497025,-0.454667
0.497128,-0.454265
0.49723,-0.453863
0.497333,-0.453461
0.497436,-0.453059
0.497539,-0.452657
0.497642,-0.452255
0.497744,-0.451853
0.497847,-0.451451
0.49795,-0.451049
0.498053,-0.450647
0.498156,-0.450245
0.498259,-0.449842
0.498361,-0.44944
0.498464,-0.449038
0.498567,-0.448636
0.49867,-0.448234
0.498773,-0.447832
0.498875,-0.44743
0.498978,-0.447028
0.499081,-0.446626
0.499184,-0.446224
0.499287,-0.445822
0.499389,-0.44542
0.499492,-0.445018
0.499595,-0.444616
0.499698,-0.444214
0.499801,-0.443812
0.499904,-0.44341
0.500006,-0.443008
0.500109,-0.442606
0.500212,-0.442204
0.500315,-0.441802
0.500418,-0.4414
0.50052,-0.440998
0.500623,-0.440596
0.500726,-0.440194
0.500829,-0.439792
0.500932,-0.43939
0.501034,-0.438988
0.501137,-0.438586
0.50124,-0.438184
0.501343,-0.437781
0.501446,-0.437379
0.501549,-0.436977
0.501651,-0.436575
0.501754,-0.436173
0.501857,-0.435771
0.50196,-0.435369
0.502063,-0.434967
0.502165,-0.434565
0.502268,-0.434163
0.502371,-0.433761
0.502474,-0.433359
0.502577,-0.432957
0.50268,-0.432555
0.502782,-0.432153
0.502885,-0.431751
0.502988,-0.431349
0.503091,-0.430947
0.503194,-0.430545
0.503296,-0.430143
0.503399,-0.429741
0.503502,-0.429339
0.503605,-0.428937
0.503708,-0.428535
0.50381,-0.428133
0.503913,-0.427731
0.504016,-0.427329
0.504119,-0.426927
0.504222,-0.426525
0.504325,-0.426122
0.504427,-0.42572
0.50453,-0.425318
0.504633,-0.424916
0.504736,-0.424514
0.504839,-0.424112
0.504941,-0.42371
0.505044,-0.423308
0.505147,-0.422906
0.50525,-0.422504
0.505353,-0.422102
0.505455,-0.4217
0.505558,-0.421298
0.505661,-0.420896
0.505764,-0.420494
0.505867,-0.420092
0.50597,-0.41969
0.506072,-0.419288
0.506175,-0.418886
0.506278,-0.418484
0.506381,-0.418082
0.506484,-0.41768
0.506586,-0.417278
0.506689,-0.416876
0.506792,-0.416474
0.506895,-0.416072
0.506998,-0.41567
0.507101,-0.415268
0.507203,-0.414866
0.507306,-0.414464
0.507409,-0.414061
0.507512,-0.413659
0.507615,-0.413257
0.507717,-0.412855
0.50782,-0.412453
0.507923,-0.412051
0.508026,-0.411649
0.508129,-0.411247
0.508231,-0.410845
0.508334,-0.410443
0.508437,-0.410041
0.50854,-0.409639
0.508643,-0.409237
0.508746,-0.408835
0.508848,-0.408433
0.508951,-0.408031
0.509054,-0.407629
0.509157,-0.407227
0.50926,-0.406825
0.509362,-0.406423
0.509465,-0.406021
0.509568,-0.405619
0.509671,-0.405217
0.509774,-0.404815
0.509876,-0.404413
0.509979,-0.404011
0.510082,-0.403609
0.510185,-0.403207
0.510288,-0.402805
0.510391,-0.402403
0.510493,-0.402
0.510596,-0.401598
0.510555,-0.400891
0.510513,-0.400184
0.510472,-0.399477
0.510431,-0.39877
0.510389,-0.398063
0.510348,-0.397356
0.510307,-0.396649
0.510265,-0.395942
0.510224,-0.395235
0.510182,-0.394528
0.510141,-0.393821
0.5101,-0.393114
0.510058,-0.392407
0.510017,-0.3917
0.509976,-0.390993
0.509934,-0.390286
0.509893,-0.389579
0.509851,-0.388872
0.50981,-0.388165
0.509769,-0.387458
0.509727,-0.386752
0.509686,-0.386045
0.509645,-0.385338
0.509603,-0.384631
0.509562,-0.383924
0.50952,-0.383217
0.509479,-0.38251
0.509438,-0.381803
0.509396,-0.381096
0.509355,-0.380389
0.509313,-0.379682
0.509272,-0.378975
0.509231,-0.378268
0.509189,-0.377561
0.509148,-0.376854
0.509107,-0.376147
0.509065,-0.37544
0.509024,-0.374733
0.508982,-0.374026
0.508941,-0.373319
0.5089,-0.372612
0.508858,-0.371905
0.508817,-0.371198
0.508776,-0.370491
0.508734,-0.369784
0.508693,-0.369077
0.508651,-0.36837
0.50861,-0.367663
0.508569,-0.366956
0.508527,-0.366249
0.508486,-0.365542
0.508445,-0.364835
0.508403,-0.364128
0.508362,-0.363421
0.50832,-0.362714
0.508279,-0.362007
0.508238,-0.3613
0.508196,-0.360593
0.508155,-0.359886
0.508114,-0.359179
0.508072,-0.358472
0.508031,-0.357765
0.507989,-0.357058
0.507948,-0.356351
0.507907,-0.355644
0.507865,-0.354937
0.507824,-0.35423
0.507783,-0.353523
0.507741,-0.352816
0.5077,-0.352109
0.507658,-0.351402
0.507617,-0.350695
0.507576,-0.349988
0.507534,-0.349281
0.507493,-0.348574
0.507452,-0.347867
0.50741,-0.34716
0.507369,-0.346453
0.507327,-0.345746
0.507286,-0.345039
0.507245,-0.344332
0.507203,-0.343625
0.507162,-0.342918
0.50712,-0.342211
0.507079,-0.341504
0.507038,-0.340797
0.506996,-0.34009
0.506955,-0.339383
0.506914,-0.338676
0.506872,-0.337969
0.506831,-0.337262
0.506789,-0.336555
0.506748,-0.335848
0.506707,-0.335141
0.506665,-0.334434
0.506624,-0.333727
0.506583,-0.33302
0.506541,-0.332313
0.5065,-0.331606
0.506458,-0.330899
0.506417,-0.330192
0.506376,-0.329485
0.506334,-0.328778
0.506293,-0.328071
0.506252,-0.327364
0.50621,-0.326657
0.506169,-0.32595
0.506127,-0.325243
0.506086,-0.324536
0.506045,-0.323829
0.506003,-0.323122
0.505962,-0.322415
0.505921,-0.321708
0.505879,-0.321001
0.505838,-0.320294
0.505796,-0.319587
0.505755,-0.31888
0.505714,-0.318173
0.505672,-0.317466
0.505631,-0.316759
0.50559,-0.316052
0.505548,-0.315345
0.505507,-0.314638
0.505465,-0.313931
0.505424,-0.313224
0.505383,-0.312517
0.505341,-0.31181
0.5053,-0.311103
0.505259,-0.310396
0.505217,-0.309689
0.505176,-0.308982
0.505134,-0.308275
0.505093,-0.307568
0.505052,-0.306861
0.50501,-0.306154
0.504969,-0.305447
0.504927,-0.30474
0.504886,-0.304033
0.504845,-0.303326
0.504803,-0.302619
0.504762,-0.301912
0.504721,-0.301205
0.504679,-0.300498
0.504638,-0.299791
0.504596,-0.299084
0.504555,-0.298377
0.504514,-0.29767
0.504472,-0.296963
0.504431,-0.296256
