O
25
1,0,-1,0.78,-0.5,0.75,0.0,0.0,0.0,0.3,0.4,0.02,0,0.8,False
2,0,-1,1.1,-0.5,0.93,0.0,0.0,0.0,0.02,0.4,0.2,0,0.8,False
3,0,-1,0.78,-0.5,1.11,0.0,0.0,0.0,0.3,0.4,0.02,0,0.8,False
4,0,-1,0.8,-0.92,0.93,0.0,0.0,0.0,0.32,0.02,0.2,0,0.8,False
5,0,-1,0.8,-0.08,0.93,0.0,0.0,0.0,0.32,0.02,0.2,0,0.8,False
6,2,0,0.7788507133478361,-0.18534668200234028,0.8450000000000001,0.0,0.0,0.25100835323043275,0.03,0.03,0.15,0.2380383596364602,1.1787467302239234,False
7,0,0,0.7670445248688976,-0.5787776455127115,0.8855817213449294,0.0,0.0,2.4427608016678093,0.03847878442335769,0.03,0.11558172134492935,0.4465441036735412,1.0450099137961808,False
8,0,0,0.9648084004409883,-0.4978945283712834,0.9185654535006826,0.0,0.0,1.718808989329249,0.06195854348707307,0.03,0.14856545350068256,0.4491085343199261,1.1435090483387096,False
9,2,0,0.6982598395290992,-0.46259927503366316,0.8450000000000001,0.0,0.0,3.993864491154417,0.03,0.03,0.15,0.3184572821793868,0.9216348691647753,False
10,2,0,0.7397915559213275,-0.8350041481593968,0.8450000000000001,0.0,0.0,0.892339369487728,0.03,0.03,0.15,0.38192756630621855,1.1438978980398142,False
11,2,1,0.7604516388316642,-0.355134069863123,0.8450000000000001,0.0,0.0,6.034025024201575,0.03,0.03,0.15,0.04220165693976563,1.0147153438575178,True
12,0,1,0.9910356159013669,-0.7383763271190766,0.9006939197852333,0.0,0.0,2.5684955606695428,0.05107545377118689,0.06578448793950759,0.13069391978523323,0.09851073456198972,0.8300623100994133,True
13,2,1,0.9711023039683288,-0.3726057591326032,0.8450000000000001,0.0,0.0,2.469951927971176,0.03233682347255988,0.03233682347255988,0.15,0.12975008460449927,1.1905919401400156,True
14,0,1,0.9141379443653453,-0.18269820184404462,0.8720799494820661,0.0,0.0,0.40258919402571725,0.05999525070093333,0.034585380679448344,0.10207994948206607,0.0866035779436034,0.8716258139846158,True
15,2,1,0.5822336701002402,-0.20958665067557558,0.8450000000000001,0.0,0.0,5.079856186989139,0.03,0.03,0.15,0.0584864871735607,0.9778883879916438,True
16,0,1,0.7577907008714091,-0.7256444665909638,0.86,0.0,0.0,0.9868090345314914,0.04374568475257852,0.03,0.09,0.3168263661348873,1.0238761520450663,True
17,0,1,0.5789099129435821,-0.565381931902651,0.86,0.0,0.0,4.426958450797212,0.06675392283444338,0.03,0.09,0.18187905660162873,0.8459319251320921,True
18,2,1,0.688489108099109,-0.1938446804926086,0.851666690914079,0.0,0.0,2.273774658056902,0.03,0.03,0.1633333818281579,0.3247843637760388,0.8139513502736939,True
19,2,1,0.6164266765549753,-0.8288803097760713,0.8628634664705254,0.0,0.0,5.9808013822505,0.040114606110171654,0.040114606110171654,0.18572693294105072,0.25181295810269894,1.1944745659013938,True
20,0,1,0.5103542222701568,-0.4223105271962701,0.86,0.0,0.0,4.1901958470464695,0.03,0.03,0.09,0.0175036244502057,0.800839691284527,True
21,2,1,0.5549115870124737,-0.7135851704880378,0.8500254167243386,0.0,0.0,3.002889406328939,0.04484853198970337,0.04484853198970337,0.16005083344867707,0.05864613692773729,1.101645995479216,True
22,2,1,0.8607572476554974,-0.45694583126378047,0.8450000000000001,0.0,0.0,4.539293594285258,0.03,0.03,0.15,0.16799134325381138,0.8800524323831949,True
23,2,1,0.6122690913102053,-0.37284148939540296,0.8450000000000001,0.0,0.0,4.887871368199745,0.03,0.03,0.15,0.2040118868701643,1.1528620291089986,True
24,0,1,0.840524465645025,-0.3409611018091032,0.86,0.0,0.0,4.6877414764836045,0.03212488907897076,0.03,0.09,0.08396489111079702,1.1359094891215165,True
25,2,1,0.8555716526626468,-0.840366263247154,0.8450000000000001,0.0,0.0,1.966520523558071,0.03,0.03,0.15,0.27596755191868677,1.1760899049697544,True
R
0.0,0.0,0.0,0.0,0.0,0.0,1.0
S
8
torso_lift_joint,0
r_shoulder_pan_joint,-1.69017
r_shoulder_lift_joint,-0.0788625
r_upper_arm_roll_joint,-1.69017
r_elbow_flex_joint,-1.2717
r_forearm_roll_joint,-0.151824
r_wrist_flex_joint,-1.25254
r_wrist_roll_joint,0.675062
G
0.629787,-0.493201,0.845,0.420294,-0,0
ooi
9
A
599
0.310248,-0.673113
0.311344,-0.672911
0.31244,-0.67271
0.313535,-0.672508
0.314631,-0.672307
0.315727,-0.672105
0.316823,-0.671904
0.317918,-0.671702
0.319014,-0.6715
0.32011,-0.671299
0.321206,-0.671097
0.322301,-0.670896
0.323397,-0.670694
0.324493,-0.670493
0.325589,-0.670291
0.326684,-0.670089
0.32778,-0.669888
0.328876,-0.669686
0.329972,-0.669485
0.331067,-0.669283
0.332163,-0.669082
0.333259,-0.66888
0.334355,-0.668678
0.33545,-0.668477
0.336546,-0.668275
0.337642,-0.668074
0.338738,-0.667872
0.339833,-0.667671
0.340929,-0.667469
0.342025,-0.667267
0.343121,-0.667066
0.344216,-0.666864
0.345312,-0.666663
0.346408,-0.666461
0.347504,-0.666259
0.348599,-0.666058
0.349695,-0.665856
0.350791,-0.665655
0.351887,-0.665453
0.352982,-0.665252
0.354078,-0.66505
0.355174,-0.664848
0.35627,-0.664647
0.357365,-0.664445
0.358461,-0.664244
0.359557,-0.664042
0.360653,-0.663841
0.361748,-0.663639
0.362844,-0.663437
0.36394,-0.663236
0.365036,-0.663034
0.366131,-0.662833
0.367227,-0.662631
0.368323,-0.66243
0.369418,-0.662228
0.370514,-0.662026
0.37161,-0.661825
0.372706,-0.661623
0.373801,-0.661422
0.374897,-0.66122
0.375993,-0.661018
0.377089,-0.660817
0.378184,-0.660615
0.37928,-0.660414
0.380376,-0.660212
0.381472,-0.660011
0.382567,-0.659809
0.383663,-0.659607
0.384759,-0.659406
0.385855,-0.659204
0.38695,-0.659003
0.388046,-0.658801
0.389142,-0.6586
0.390238,-0.658398
0.391333,-0.658196
0.392429,-0.657995
0.393525,-0.657793
0.394621,-0.657592
0.395716,-0.65739
0.396812,-0.657189
0.397908,-0.656987
0.399004,-0.656785
0.400099,-0.656584
0.401195,-0.656382
0.402291,-0.656181
0.403387,-0.655979
0.404482,-0.655777
0.405578,-0.655576
0.406674,-0.655374
0.40777,-0.655173
0.408865,-0.654971
0.409961,-0.65477
0.411057,-0.654568
0.412153,-0.654366
0.413248,-0.654165
0.414344,-0.653963
0.41544,-0.653762
0.416536,-0.65356
0.417631,-0.653359
0.418727,-0.653157
0.419823,-0.652955
0.420919,-0.652754
0.422014,-0.652552
0.42311,-0.652351
0.424206,-0.652149
0.425302,-0.651948
0.426397,-0.651746
0.427493,-0.651544
0.428589,-0.651343
0.429685,-0.651141
0.43078,-0.65094
0.431876,-0.650738
0.432972,-0.650536
0.434068,-0.650335
0.435163,-0.650133
0.436259,-0.649932
0.437355,-0.64973
0.438451,-0.649529
0.439546,-0.649327
0.440642,-0.649125
0.441738,-0.648924
0.442834,-0.648722
0.443929,-0.648521
0.445025,-0.648319
0.446121,-0.648118
0.447216,-0.647916
0.448312,-0.647714
0.449408,-0.647513
0.450504,-0.647311
0.451599,-0.64711
0.452695,-0.646908
0.453791,-0.646707
0.454887,-0.646505
0.455982,-0.646303
0.457078,-0.646102
0.458174,-0.6459
0.45927,-0.645699
0.460365,-0.645497
0.461461,-0.645295
0.462557,-0.645094
0.463653,-0.644892
0.464748,-0.644691
0.465844,-0.644489
0.46694,-0.644288
0.468036,-0.644086
0.469131,-0.643884
0.470227,-0.643683
0.471323,-0.643481
0.472419,-0.64328
0.473514,-0.643078
0.47461,-0.642877
0.474544,-0.642964
0.474479,-0.643051
0.474413,-0.643139
0.474347,-0.643226
0.474281,-0.643313
0.474216,-0.6434
0.47415,-0.643488
0.474084,-0.643575
0.474018,-0.643662
0.473953,-0.64375
0.473887,-0.643837
0.473821,-0.643924
0.473755,-0.644012
0.47369,-0.644099
0.473624,-0.644186
0.473558,-0.644274
0.473493,-0.644361
0.473427,-0.644448
0.473361,-0.644536
0.473295,-0.644623
0.47323,-0.64471
0.473164,-0.644798
0.473098,-0.644885
0.473032,-0.644972
0.472967,-0.64506
0.472901,-0.645147
0.472835,-0.645234
0.472769,-0.645322
0.472704,-0.645409
0.472638,-0.645496
0.472572,-0.645583
0.472506,-0.645671
0.472441,-0.645758
0.472375,-0.645845
0.472309,-0.645933
0.472243,-0.64602
0.472178,-0.646107
0.472112,-0.646195
0.472046,-0.646282
0.47198,-0.646369
0.471915,-0.646457
0.471849,-0.646544
0.471783,-0.646631
0.471717,-0.646719
0.471652,-0.646806
0.471586,-0.646893
0.47152,-0.646981
0.471455,-0.647068
0.471389,-0.647155
0.471323,-0.647243
0.471257,-0.64733
0.471192,-0.647417
0.471126,-0.647504
0.47106,-0.647592
0.470994,-0.647679
0.470929,-0.647766
0.470863,-0.647854
0.470797,-0.647941
0.470731,-0.648028
0.470666,-0.648116
0.4706,-0.648203
0.470534,-0.64829
0.470468,-0.648378
0.470403,-0.648465
0.470337,-0.648552
0.470271,-0.64864
0.470205,-0.648727
0.47014,-0.648814
0.470074,-0.648902
0.470008,-0.648989
0.469942,-0.649076
0.469877,-0.649164
0.469811,-0.649251
0.469745,-0.649338
0.469679,-0.649426
0.469614,-0.649513
0.469548,-0.6496
0.469482,-0.649687
0.469416,-0.649775
0.469351,-0.649862
0.469285,-0.649949
0.469219,-0.650037
0.469154,-0.650124
0.469088,-0.650211
0.469022,-0.650299
0.468956,-0.650386
0.468891,-0.650473
0.468825,-0.650561
0.468759,-0.650648
0.468693,-0.650735
0.468628,-0.650823
0.468562,-0.65091
0.468496,-0.650997
0.46843,-0.651085
0.468365,-0.651172
0.468299,-0.651259
0.468233,-0.651347
0.468167,-0.651434
0.468102,-0.651521
0.468036,-0.651608
0.46797,-0.651696
0.467904,-0.651783
0.467839,-0.65187
0.467773,-0.651958
0.467707,-0.652045
0.467641,-0.652132
0.467576,-0.65222
0.46751,-0.652307
0.467444,-0.652394
0.467378,-0.652482
0.467313,-0.652569
0.467247,-0.652656
0.467181,-0.652744
0.467115,-0.652831
0.46705,-0.652918
0.466984,-0.653006
0.466918,-0.653093
0.466853,-0.65318
0.466787,-0.653268
0.466721,-0.653355
0.466655,-0.653442
0.46659,-0.65353
0.466524,-0.653617
0.466458,-0.653704
0.466392,-0.653791
0.466327,-0.653879
0.466261,-0.653966
0.466195,-0.654053
0.466129,-0.654141
0.466064,-0.654228
0.465998,-0.654315
0.465932,-0.654403
0.465866,-0.65449
0.465801,-0.654577
0.465735,-0.654665
0.465669,-0.654752
0.465603,-0.654839
0.465538,-0.654927
0.465472,-0.655014
0.465406,-0.655101
0.46534,-0.655189
0.465275,-0.655276
0.465209,-0.655363
0.465143,-0.655451
0.465077,-0.655538
0.465012,-0.655625
0.464946,-0.655713
0.46488,-0.6558
0.464814,-0.655887
0.46588,-0.654848
0.466945,-0.653808
0.46801,-0.652768
0.469075,-0.651729
0.47014,-0.650689
0.471205,-0.649649
0.47227,-0.64861
0.473335,-0.64757
0.4744,-0.64653
0.475466,-0.645491
0.476531,-0.644451
0.477596,-0.643412
0.478661,-0.642372
0.479726,-0.641332
0.480791,-0.640293
0.481856,-0.639253
0.482921,-0.638213
0.483986,-0.637174
0.485052,-0.636134
0.486117,-0.635094
0.487182,-0.634055
0.488247,-0.633015
0.489312,-0.631976
0.490377,-0.630936
0.491442,-0.629896
0.492507,-0.628857
0.493572,-0.627817
0.494638,-0.626777
0.495703,-0.625738
0.496768,-0.624698
0.497833,-0.623658
0.498898,-0.622619
0.499963,-0.621579
0.501028,-0.62054
0.502093,-0.6195
0.503158,-0.61846
0.504223,-0.617421
0.505289,-0.616381
0.506354,-0.615341
0.507419,-0.614302
0.508484,-0.613262
0.509549,-0.612222
0.510614,-0.611183
0.511679,-0.610143
0.512744,-0.609104
0.513809,-0.608064
0.514875,-0.607024
0.51594,-0.605985
0.517005,-0.604945
0.51807,-0.603905
0.519135,-0.602866
0.5202,-0.601826
0.521265,-0.600786
0.52233,-0.599747
0.523395,-0.598707
0.524461,-0.597668
0.525526,-0.596628
0.526591,-0.595588
0.527656,-0.594549
0.528721,-0.593509
0.529786,-0.592469
0.530851,-0.59143
0.531916,-0.59039
0.532981,-0.58935
0.534047,-0.588311
0.535112,-0.587271
0.536177,-0.586232
0.537242,-0.585192
0.538307,-0.584152
0.539372,-0.583113
0.540437,-0.582073
0.541502,-0.581033
0.542567,-0.579994
0.543632,-0.578954
0.544698,-0.577914
0.545763,-0.576875
0.546828,-0.575835
0.547893,-0.574796
0.548958,-0.573756
0.550023,-0.572716
0.551088,-0.571677
0.552153,-0.570637
0.553218,-0.569597
0.554284,-0.568558
0.555349,-0.567518
0.556414,-0.566478
0.557479,-0.565439
0.558544,-0.564399
0.559609,-0.56336
0.560674,-0.56232
0.561739,-0.56128
0.562804,-0.560241
0.56387,-0.559201
0.564935,-0.558161
0.566,-0.557122
0.567065,-0.556082
0.56813,-0.555042
0.569195,-0.554003
0.57026,-0.552963
0.571325,-0.551924
0.57239,-0.550884
0.573456,-0.549844
0.574521,-0.548805
0.575586,-0.547765
0.576651,-0.546725
0.577716,-0.545686
0.578781,-0.544646
0.579846,-0.543606
0.580911,-0.542567
0.581976,-0.541527
0.583041,-0.540488
0.584107,-0.539448
0.585172,-0.538408
0.586237,-0.537369
0.587302,-0.536329
0.588367,-0.535289
0.589432,-0.53425
0.590497,-0.53321
0.591562,-0.53217
0.592627,-0.531131
0.593693,-0.530091
0.594758,-0.529052
0.595823,-0.528012
0.596888,-0.526972
0.597953,-0.525933
0.599018,-0.524893
0.600083,-0.523853
0.601148,-0.522814
0.602213,-0.521774
0.603279,-0.520734
0.604344,-0.519695
0.605409,-0.518655
0.606474,-0.517616
0.607539,-0.516576
0.608604,-0.515536
0.609669,-0.514497
0.610734,-0.513457
0.611799,-0.512417
0.612865,-0.511378
0.61393,-0.510338
0.614995,-0.509298
0.61606,-0.508259
0.617125,-0.507219
0.61819,-0.50618
0.619255,-0.50514
0.62032,-0.5041
0.621385,-0.503061
0.62245,-0.502021
0.623516,-0.500981
0.624581,-0.499942
0.624616,-0.499896
0.624651,-0.499851
0.624686,-0.499806
0.62472,-0.499761
0.624755,-0.499716
0.62479,-0.49967
0.624825,-0.499625
0.62486,-0.49958
0.624895,-0.499535
0.62493,-0.499489
0.624965,-0.499444
0.625,-0.499399
0.625035,-0.499354
0.62507,-0.499308
0.625105,-0.499263
0.62514,-0.499218
0.625175,-0.499173
0.62521,-0.499127
0.625245,-0.499082
0.62528,-0.499037
0.625314,-0.498992
0.625349,-0.498947
0.625384,-0.498901
0.625419,-0.498856
0.625454,-0.498811
0.625489,-0.498766
0.625524,-0.49872
0.625559,-0.498675
0.625594,-0.49863
0.625629,-0.498585
0.625664,-0.498539
0.625699,-0.498494
0.625734,-0.498449
0.625769,-0.498404
0.625804,-0.498358
0.625839,-0.498313
0.625874,-0.498268
0.625909,-0.498223
0.625943,-0.498178
0.625978,-0.498132
0.626013,-0.498087
0.626048,-0.498042
0.626083,-0.497997
0.626118,-0.497951
0.626153,-0.497906
0.626188,-0.497861
0.626223,-0.497816
0.626258,-0.49777
0.626293,-0.497725
0.626328,-0.49768
0.626363,-0.497635
0.626398,-0.497589
0.626433,-0.497544
0.626468,-0.497499
0.626503,-0.497454
0.626537,-0.497408
0.626572,-0.497363
0.626607,-0.497318
0.626642,-0.497273
0.626677,-0.497228
0.626712,-0.497182
0.626747,-0.497137
0.626782,-0.497092
0.626817,-0.497047
0.626852,-0.497001
0.626887,-0.496956
0.626922,-0.496911
0.626957,-0.496866
0.626992,-0.49682
0.627027,-0.496775
0.627062,-0.49673
0.627097,-0.496685
0.627132,-0.496639
0.627166,-0.496594
0.627201,-0.496549
0.627236,-0.496504
0.627271,-0.496459
0.627306,-0.496413
0.627341,-0.496368
0.627376,-0.496323
0.627411,-0.496278
0.627446,-0.496232
0.627481,-0.496187
0.627516,-0.496142
0.627551,-0.496097
0.627586,-0.496051
0.627621,-0.496006
0.627656,-0.495961
0.627691,-0.495916
0.627726,-0.49587
0.62776,-0.495825
0.627795,-0.49578
0.62783,-0.495735
0.627865,-0.495689
0.6279,-0.495644
0.627935,-0.495599
0.62797,-0.495554
0.628005,-0.495509
0.62804,-0.495463
0.628075,-0.495418
0.62811,-0.495373
0.628145,-0.495328
0.62818,-0.495282
0.628215,-0.495237
0.62825,-0.495192
0.628285,-0.495147
0.62832,-0.495101
0.628355,-0.495056
0.628389,-0.495011
0.628424,-0.494966
0.628459,-0.49492
0.628494,-0.494875
0.628529,-0.49483
0.628564,-0.494785
0.628599,-0.49474
0.628634,-0.494694
0.628669,-0.494649
0.628704,-0.494604
0.628739,-0.494559
0.628774,-0.494513
0.628809,-0.494468
0.628844,-0.494423
0.628879,-0.494378
0.628914,-0.494332
0.628949,-0.494287
0.628983,-0.494242
0.629018,-0.494197
0.629053,-0.494151
0.629088,-0.494106
0.629123,-0.494061
0.629158,-0.494016
0.629193,-0.49397
0.629228,-0.493925
0.629263,-0.49388
0.629298,-0.493835
0.629333,-0.49379
0.629368,-0.493744
0.629403,-0.493699
0.629438,-0.493654
0.629473,-0.493609
0.629508,-0.493563
0.629543,-0.493518
0.629578,-0.493473
0.629612,-0.493428
0.629647,-0.493382
0.629682,-0.493337
0.629717,-0.493292
0.629752,-0.493247
0.629787,-0.493201
