O
25
1,0,-1,0.78,-0.5,0.75,0.0,0.0,0.0,0.3,0.4,0.02,0,0.8,False
2,0,-1,1.1,-0.5,0.93,0.0,0.0,0.0,0.02,0.4,0.2,0,0.8,False
3,0,-1,0.78,-0.5,1.11,0.0,0.0,0.0,0.3,0.4,0.02,0,0.8,False
4,0,-1,0.8,-0.92,0.93,0.0,0.0,0.0,0.32,0.02,0.2,0,0.8,False
5,0,-1,0.8,-0.08,0.93,0.0,0.0,0.0,0.32,0.02,0.2,0,0.8,False
6,0,0,0.9551758269390862,-0.34629722525146345,0.9156996455182633,0.0,0.0,0.9503016296853333,0.069734389442792,0.07204451336068916,0.14569964551826328,0.47016370707322835,1.0942930638470432,False
7,2,0,0.974035115113978,-0.638861021242705,0.8450000000000001,0.0,0.0,0.542323654539255,0.05993633448763107,0.05993633448763107,0.15,0.4973572623435502,1.1479098302940625,False
8,2,0,0.6855795402968798,-0.7518060108731098,0.8565133963855561,0.0,0.0,6.259510638950476,0.040969239597756356,0.040969239597756356,0.17302679277111216,0.19945058841484264,0.8605483442494213,False
9,2,0,0.5178329710847304,-0.17152518932634064,0.8450000000000001,0.0,0.0,5.581226344171644,0.036744269516292276,0.036744269516292276,0.15,0.194174486851598,0.9764243564512266,False
10,0,0,0.6818015688579309,-0.30775498403215873,0.86,0.0,0.0,5.236985738802079,0.03,0.0693622827098168,0.09,0.1452669234133156,0.828142234037664,False
11,0,1,0.7567270096040429,-0.48153811876057057,0.86,0.0,0.0,1.022119219166188,0.04153414742315303,0.07759650916345932,0.09,0.3870251189107532,0.9525816201522882,True
12,2,1,0.5562656060098966,-0.5867281138868997,0.8450000000000001,0.0,0.0,2.9434018514608207,0.03,0.03,0.15,0.04857096898000118,0.8921200616072804,True
13,0,1,0.6826030434963,-0.6279639719886239,0.8825979291920132,0.0,0.0,1.0044986068716248,0.03,0.058657272661773244,0.1125979291920132,0.2533060389960138,1.0267557711132513,True
14,0,1,0.5326942507046031,-0.7934553635092966,0.86,0.0,0.0,0.6934664425733217,0.03,0.05715069292341156,0.09,0.3562289970719951,0.9297146105237684,True
15,2,1,0.5425097635422439,-0.3081504731312512,0.8450000000000001,0.0,0.0,1.474127126114334,0.03,0.03,0.15,0.4245517562596711,0.8272609509628769,True
16,2,1,0.7942008339467641,-0.19842316162850682,0.8450000000000001,0.0,0.0,5.9374550095263645,0.03,0.03,0.15,0.03414091285979909,0.8565633786200886,True
17,2,1,0.5810057805354468,-0.49985766584397007,0.8450000000000001,0.0,0.0,3.085355178757134,0.03,0.03,0.15,0.4512628991463244,0.9201112682934459,True
18,2,1,0.9663619163502613,-0.17684874674778805,0.8450000000000001,0.0,0.0,1.9292303537609368,0.03,0.03,0.15,0.001452965466457512,1.171112281558695,True
19,2,1,0.7010674419845229,-0.1962823856399466,0.8450000000000001,0.0,0.0,5.149641429491743,0.03,0.03,0.15,0.042641786060347575,1.0757299746306057,True
20,0,1,0.8922844958225318,-0.8289048888292851,0.86,0.0,0.0,3.2672968667627766,0.042839402278818585,0.04581074836884284,0.09,0.3314453929793435,0.8442551906317552,True
21,2,1,0.8252962102204207,-0.6390546473729134,0.8450000000000001,0.0,0.0,3.672102599583449,0.03,0.03,0.15,0.08118211429370531,1.1704414222157218,True
22,2,1,0.9929862858515216,-0.8349087117743246,0.8450000000000001,0.0,0.0,0.23740517168468292,0.03,0.03,0.15,0.08771457144213402,0.9267016683836125,True
23,0,1,0.6884868560290003,-0.851870933901582,0.9142542946960234,0.0,0.0,3.2099622867875626,0.03,0.03,0.14425429469602333,0.2715335529659522,1.186011892841186,True
24,2,1,0.7876183184288611,-0.7787532283516357,0.8450000000000001,0.0,0.0,1.369524882509463,0.03875891291899661,0.03875891291899661,0.15,0.31559941995341806,1.0494390374102442,True
25,0,1,0.5108497315926065,-0.4019964891595526,0.869849658554883,0.0,0.0,3.2594443567776383,0.03,0.03,0.099849658554883,0.31851468740525724,0.8717377383689218,True
R
0.0,0.0,0.0,0.0,0.0,0.0,1.0
S
8
torso_lift_joint,0
r_shoulder_pan_joint,-1.69017
r_shoulder_lift_joint,-0.0788625
r_upper_arm_roll_joint,-1.69017
r_elbow_flex_joint,-1.2717
r_forearm_roll_joint,-0.151824
r_wrist_flex_joint,-1.25254
r_wrist_roll_joint,0.675062
G
0.582818,-0.365035,0.86,0.524597,-0,0
ooi
10
A
599
0.310248,-0.673113
0.310548,-0.672894
0.310848,-0.672674
0.311148,-0.672455
0.311447,-0.672235
0.311747,-0.672016
0.312047,-0.671796
0.312347,-0.671577
0.312646,-0.671357
0.312946,-0.671138
0.313246,-0.670918
0.313546,-0.670699
0.313846,-0.670479
0.314145,-0.67026
0.314445,-0.67004
0.314745,-0.669821
0.315045,-0.669601
0.315344,-0.669382
0.315644,-0.669162
0.315944,-0.668943
0.316244,-0.668724
0.316544,-0.668504
0.316843,-0.668285
0.317143,-0.668065
0.317443,-0.667846
0.317743,-0.667626
0.318043,-0.667407
0.318342,-0.667187
0.318642,-0.666968
0.318942,-0.666748
0.319242,-0.666529
0.319541,-0.666309
0.319841,-0.66609
0.320141,-0.66587
0.320441,-0.665651
0.320741,-0.665431
0.32104,-0.665212
0.32134,-0.664992
0.32164,-0.664773
0.32194,-0.664553
0.322239,-0.664334
0.322539,-0.664115
0.322839,-0.663895
0.323139,-0.663676
0.323439,-0.663456
0.323738,-0.663237
0.324038,-0.663017
0.324338,-0.662798
0.324638,-0.662578
0.324937,-0.662359
0.325237,-0.662139
0.325537,-0.66192
0.325837,-0.6617
0.326137,-0.661481
0.326436,-0.661261
0.326736,-0.661042
0.327036,-0.660822
0.327336,-0.660603
0.327636,-0.660383
0.327935,-0.660164
0.328235,-0.659944
0.328535,-0.659725
0.328835,-0.659506
0.329134,-0.659286
0.329434,-0.659067
0.329734,-0.658847
0.330034,-0.658628
0.330334,-0.658408
0.330633,-0.658189
0.330933,-0.657969
0.331233,-0.65775
0.331533,-0.65753
0.331832,-0.657311
0.332132,-0.657091
0.332432,-0.656872
0.332732,-0.656652
0.333032,-0.656433
0.333331,-0.656213
0.333631,-0.655994
0.333931,-0.655774
0.334231,-0.655555
0.334531,-0.655335
0.33483,-0.655116
0.33513,-0.654897
0.33543,-0.654677
0.33573,-0.654458
0.336029,-0.654238
0.336329,-0.654019
0.336629,-0.653799
0.336929,-0.65358
0.337229,-0.65336
0.337528,-0.653141
0.337828,-0.652921
0.338128,-0.652702
0.338428,-0.652482
0.338727,-0.652263
0.339027,-0.652043
0.339327,-0.651824
0.339627,-0.651604
0.339927,-0.651385
0.340226,-0.651165
0.340526,-0.650946
0.340826,-0.650726
0.341126,-0.650507
0.341425,-0.650288
0.341725,-0.650068
0.342025,-0.649849
0.342325,-0.649629
0.342625,-0.64941
0.342924,-0.64919
0.343224,-0.648971
0.343524,-0.648751
0.343824,-0.648532
0.344124,-0.648312
0.344423,-0.648093
0.344723,-0.647873
0.345023,-0.647654
0.345323,-0.647434
0.345622,-0.647215
0.345922,-0.646995
0.346222,-0.646776
0.346522,-0.646556
0.346822,-0.646337
0.347121,-0.646117
0.347421,-0.645898
0.347721,-0.645679
0.348021,-0.645459
0.34832,-0.64524
0.34862,-0.64502
0.34892,-0.644801
0.34922,-0.644581
0.34952,-0.644362
0.349819,-0.644142
0.350119,-0.643923
0.350419,-0.643703
0.350719,-0.643484
0.351019,-0.643264
0.351318,-0.643045
0.351618,-0.642825
0.351918,-0.642606
0.352218,-0.642386
0.352517,-0.642167
0.352817,-0.641947
0.353117,-0.641728
0.353417,-0.641508
0.353717,-0.641289
0.354016,-0.641069
0.354316,-0.64085
0.354616,-0.640631
0.354916,-0.640411
0.355215,-0.640192
0.35533,-0.639881
0.355445,-0.639571
0.355559,-0.63926
0.355674,-0.63895
0.355789,-0.638639
0.355903,-0.638329
0.356018,-0.638018
0.356132,-0.637708
0.356247,-0.637397
0.356362,-0.637087
0.356476,-0.636776
0.356591,-0.636466
0.356706,-0.636155
0.35682,-0.635845
0.356935,-0.635534
0.357049,-0.635224
0.357164,-0.634913
0.357279,-0.634603
0.357393,-0.634292
0.357508,-0.633982
0.357622,-0.633671
0.357737,-0.633361
0.357852,-0.63305
0.357966,-0.632739
0.358081,-0.632429
0.358196,-0.632118
0.35831,-0.631808
0.358425,-0.631497
0.358539,-0.631187
0.358654,-0.630876
0.358769,-0.630566
0.358883,-0.630255
0.358998,-0.629945
0.359113,-0.629634
0.359227,-0.629324
0.359342,-0.629013
0.359456,-0.628703
0.359571,-0.628392
0.359686,-0.628082
0.3598,-0.627771
0.359915,-0.627461
0.360029,-0.62715
0.360144,-0.62684
0.360259,-0.626529
0.360373,-0.626219
0.360488,-0.625908
0.360603,-0.625598
0.360717,-0.625287
0.360832,-0.624977
0.360946,-0.624666
0.361061,-0.624356
0.361176,-0.624045
0.36129,-0.623735
0.361405,-0.623424
0.36152,-0.623114
0.361634,-0.622803
0.361749,-0.622493
0.361863,-0.622182
0.361978,-0.621872
0.362093,-0.621561
0.362207,-0.621251
0.362322,-0.62094
0.362436,-0.62063
0.362551,-0.620319
0.362666,-0.620009
0.36278,-0.619698
0.362895,-0.619388
0.36301,-0.619077
0.363124,-0.618767
0.363239,-0.618456
0.363353,-0.618146
0.363468,-0.617835
0.363583,-0.617525
0.363697,-0.617214
0.363812,-0.616904
0.363927,-0.616593
0.364041,-0.616283
0.364156,-0.615972
0.36427,-0.615662
0.364385,-0.615351
0.3645,-0.615041
0.364614,-0.61473
0.364729,-0.61442
0.364843,-0.614109
0.364958,-0.613799
0.365073,-0.613488
0.365187,-0.613178
0.365302,-0.612867
0.365417,-0.612557
0.365531,-0.612246
0.365646,-0.611936
0.36576,-0.611625
0.365875,-0.611315
0.36599,-0.611004
0.366104,-0.610694
0.366219,-0.610383
0.366334,-0.610073
0.366448,-0.609762
0.366563,-0.609452
0.366677,-0.609141
0.366792,-0.608831
0.366907,-0.60852
0.367021,-0.60821
0.367136,-0.607899
0.36725,-0.607589
0.367365,-0.607278
0.36748,-0.606968
0.367594,-0.606657
0.367709,-0.606347
0.367824,-0.606036
0.367938,-0.605726
0.368053,-0.605415
0.368167,-0.605105
0.368282,-0.604794
0.368397,-0.604484
0.368511,-0.604173
0.368626,-0.603863
0.368741,-0.603552
0.368855,-0.603242
0.36897,-0.602931
0.369084,-0.602621
0.369199,-0.60231
0.369314,-0.602
0.369428,-0.601689
0.369543,-0.601379
0.369657,-0.601068
0.369772,-0.600758
0.369887,-0.600447
0.370001,-0.600137
0.370116,-0.599826
0.370231,-0.599516
0.370345,-0.599205
0.37046,-0.598895
0.370574,-0.598584
0.370689,-0.598274
0.370804,-0.597963
0.370918,-0.597653
0.371033,-0.597342
0.371148,-0.597032
0.371262,-0.596721
0.371377,-0.596411
0.371491,-0.5961
0.371606,-0.59579
0.371721,-0.595479
0.371835,-0.595169
0.37195,-0.594858
0.372064,-0.594547
0.372179,-0.594237
0.372294,-0.593926
0.373271,-0.59305
0.374248,-0.592173
0.375226,-0.591297
0.376203,-0.59042
0.377181,-0.589543
0.378158,-0.588667
0.379135,-0.58779
0.380113,-0.586913
0.38109,-0.586037
0.382067,-0.58516
0.383045,-0.584283
0.384022,-0.583407
0.385,-0.58253
0.385977,-0.581653
0.386954,-0.580777
0.387932,-0.5799
0.388909,-0.579023
0.389886,-0.578147
0.390864,-0.57727
0.391841,-0.576393
0.392818,-0.575517
0.393796,-0.57464
0.394773,-0.573764
0.395751,-0.572887
0.396728,-0.57201
0.397705,-0.571134
0.398683,-0.570257
0.39966,-0.56938
0.400637,-0.568504
0.401615,-0.567627
0.402592,-0.56675
0.40357,-0.565874
0.404547,-0.564997
0.405524,-0.56412
0.406502,-0.563244
0.407479,-0.562367
0.408456,-0.56149
0.409434,-0.560614
0.410411,-0.559737
0.411388,-0.558861
0.412366,-0.557984
0.413343,-0.557107
0.414321,-0.556231
0.415298,-0.555354
0.416275,-0.554477
0.417253,-0.553601
0.41823,-0.552724
0.419207,-0.551847
0.420185,-0.550971
0.421162,-0.550094
0.42214,-0.549217
0.423117,-0.548341
0.424094,-0.547464
0.425072,-0.546587
0.426049,-0.545711
0.427026,-0.544834
0.428004,-0.543957
0.428981,-0.543081
0.429959,-0.542204
0.430936,-0.541328
0.431913,-0.540451
0.432891,-0.539574
0.433868,-0.538698
0.434845,-0.537821
0.435823,-0.536944
0.4368,-0.536068
0.437777,-0.535191
0.438755,-0.534314
0.439732,-0.533438
0.44071,-0.532561
0.441687,-0.531684
0.442664,-0.530808
0.443642,-0.529931
0.444619,-0.529054
0.445596,-0.528178
0.446574,-0.527301
0.447551,-0.526424
0.448529,-0.525548
0.449506,-0.524671
0.450483,-0.523795
0.451461,-0.522918
0.452438,-0.522041
0.453415,-0.521165
0.454393,-0.520288
0.45537,-0.519411
0.456347,-0.518535
0.457325,-0.517658
0.458302,-0.516781
0.45928,-0.515905
0.460257,-0.515028
0.461234,-0.514151
0.462212,-0.513275
0.463189,-0.512398
0.464166,-0.511521
0.465144,-0.510645
0.466121,-0.509768
0.467099,-0.508891
0.468076,-0.508015
0.469053,-0.507138
0.470031,-0.506262
0.471008,-0.505385
0.471985,-0.504508
0.472963,-0.503632
0.47394,-0.502755
0.474918,-0.501878
0.475895,-0.501002
0.476872,-0.500125
0.47785,-0.499248
0.478827,-0.498372
0.479804,-0.497495
0.480782,-0.496618
0.481759,-0.495742
0.482736,-0.494865
0.483714,-0.493988
0.484691,-0.493112
0.485669,-0.492235
0.486646,-0.491359
0.487623,-0.490482
0.488601,-0.489605
0.489578,-0.488729
0.490555,-0.487852
0.491533,-0.486975
0.49251,-0.486099
0.493488,-0.485222
0.494465,-0.484345
0.495442,-0.483469
0.49642,-0.482592
0.497397,-0.481715
0.498374,-0.480839
0.499352,-0.479962
0.500329,-0.479085
0.501306,-0.478209
0.502284,-0.477332
0.503261,-0.476455
0.504239,-0.475579
0.505216,-0.474702
0.506193,-0.473826
0.507171,-0.472949
0.508148,-0.472072
0.509125,-0.471196
0.510103,-0.470319
0.51108,-0.469442
0.512058,-0.468566
0.513035,-0.467689
0.514012,-0.466812
0.51499,-0.465936
0.515967,-0.465059
0.516944,-0.464182
0.517922,-0.463306
0.518899,-0.462429
0.519328,-0.461775
0.519757,-0.461122
0.520186,-0.460468
0.520615,-0.459814
0.521044,-0.459161
0.521473,-0.458507
0.521902,-0.457854
0.522331,-0.4572
0.52276,-0.456546
0.523189,-0.455893
0.523618,-0.455239
0.524047,-0.454585
0.524476,-0.453932
0.524905,-0.453278
0.525334,-0.452624
0.525763,-0.451971
0.526192,-0.451317
0.526621,-0.450663
0.52705,-0.45001
0.527479,-0.449356
0.527908,-0.448702
0.528337,-0.448049
0.528766,-0.447395
0.529195,-0.446741
0.529624,-0.446088
0.530053,-0.445434
0.530482,-0.44478
0.530911,-0.444127
0.53134,-0.443473
0.531769,-0.44282
0.532198,-0.442166
0.532627,-0.441512
0.533056,-0.440859
0.533485,-0.440205
0.533914,-0.439551
0.534343,-0.438898
0.534772,-0.438244
0.535201,-0.43759
0.53563,-0.436937
0.536059,-0.436283
0.536488,-0.435629
0.536917,-0.434976
0.537346,-0.434322
0.537775,-0.433668
0.538204,-0.433015
0.538632,-0.432361
0.539061,-0.431707
0.53949,-0.431054
0.539919,-0.4304
0.540348,-0.429746
0.540777,-0.429093
0.541206,-0.428439
0.541635,-0.427786
0.542064,-0.427132
0.542493,-0.426478
0.542922,-0.425825
0.543351,-0.425171
0.54378,-0.424517
0.544209,-0.423864
0.544638,-0.42321
0.545067,-0.422556
0.545496,-0.421903
0.545925,-0.421249
0.546354,-0.420595
0.546783,-0.419942
0.547212,-0.419288
0.547641,-0.418634
0.54807,-0.417981
0.548499,-0.417327
0.548928,-0.416673
0.549357,-0.41602
0.549786,-0.415366
0.550215,-0.414712
0.550644,-0.414059
0.551073,-0.413405
0.551502,-0.412752
0.551931,-0.412098
0.55236,-0.411444
0.552789,-0.410791
0.553218,-0.410137
0.553647,-0.409483
0.554076,-0.40883
0.554505,-0.408176
0.554934,-0.407522
0.555363,-0.406869
0.555792,-0.406215
0.556221,-0.405561
0.55665,-0.404908
0.557079,-0.404254
0.557508,-0.4036
0.557937,-0.402947
0.558366,-0.402293
0.558795,-0.401639
0.559224,-0.400986
0.559653,-0.400332
0.560082,-0.399678
0.560511,-0.399025
0.56094,-0.398371
0.561369,-0.397718
0.561798,-0.397064
0.562227,-0.39641
0.562656,-0.395757
0.563085,-0.395103
0.563514,-0.394449
0.563943,-0.393796
0.564372,-0.393142
0.564801,-0.392488
0.56523,-0.391835
0.565659,-0.391181
0.566088,-0.390527
0.566517,-0.389874
0.566946,-0.38922
0.567375,-0.388566
0.567804,-0.387913
0.568233,-0.387259
0.568662,-0.386605
0.56909,-0.385952
0.569519,-0.385298
0.569948,-0.384644
0.570377,-0.383991
0.570806,-0.383337
0.571235,-0.382684
0.571664,-0.38203
0.572093,-0.381376
0.572522,-0.380723
0.572951,-0.380069
0.57338,-0.379415
0.573809,-0.378762
0.574238,-0.378108
0.574667,-0.377454
0.575096,-0.376801
0.575525,-0.376147
0.575954,-0.375493
0.576383,-0.37484
0.576812,-0.374186
0.577241,-0.373532
0.57767,-0.372879
0.578099,-0.372225
0.578528,-0.371571
0.578957,-0.370918
0.579386,-0.370264
0.579815,-0.369611
0.580244,-0.368957
0.580673,-0.368303
0.581102,-0.36765
0.581531,-0.366996
0.58196,-0.366342
0.582389,-0.365689
0.582818,-0.365035
