O
25
1,0,-1,0.78,-0.5,0.75,0.0,0.0,0.0,0.3,0.4,0.02,0,0.8,False
2,0,-1,1.1,-0.5,0.93,0.0,0.0,0.0,0.02,0.4,0.2,0,0.8,False
3,0,-1,0.78,-0.5,1.11,0.0,0.0,0.0,0.3,0.4,0.02,0,0.8,False
4,0,-1,0.8,-0.92,0.93,0.0,0.0,0.0,0.32,0.02,0.2,0,0.8,False
5,0,-1,0.8,-0.08,0.93,0.0,0.0,0.0,0.32,0.02,0.2,0,0.8,False
6,2,0,0.5417632234664488,-0.23235906812178253,0.8450000000000001,0.0,0.0,1.3655932696371829,0.03,0.03,0.15,0.35267723216106844,0.9952954399141638,False
7,2,0,0.8911193093817589,-0.7395312004125472,0.8450000000000001,0.0,0.0,5.711293828551787,0.03,0.03,0.15,0.03091294922368215,0.9999896364167393,False
8,2,0,0.854017777516265,-0.5881052012455379,0.8667440354937512,0.0,0.0,2.1040496491740006,0.03135692753712979,0.03135692753712979,0.19348807098750256,0.35732770257453855,1.1779445247614286,False
9,0,0,0.6588585684246587,-0.6926951343841171,0.86,0.0,0.0,4.6764064605668185,0.0481940113462627,0.061493019960124774,0.09,0.3649592117608457,0.8379182355492423,False
10,0,0,1.018247901055933,-0.703642656041982,0.86,0.0,0.0,2.149869009375746,0.03306900584036809,0.03,0.09,0.39300504785371976,0.8169310695327574,False
11,2,1,0.6683704985568847,-0.3333244482519686,0.8450000000000001,0.0,0.0,2.4237982028929057,0.03,0.03,0.15,0.08467783510585336,0.8893047683229411,True
12,2,1,0.5874848746794834,-0.5545694495027961,0.8450000000000001,0.0,0.0,0.07753839411558106,0.03215333376013197,0.03215333376013197,0.15,0.4316338059920281,0.9867171469238193,True
13,2,1,0.6967230836657365,-0.5853747790332084,0.8450000000000001,0.0,0.0,6.214446352457826,0.04249430978049855,0.04249430978049855,0.15,0.3949803260648959,0.9181236902040735,True
14,2,1,0.8217135711483398,-0.2614146114253362,0.8450000000000001,0.0,0.0,0.8476648542185765,0.03,0.03,0.15,0.030221197772272834,1.1617892151129265,True
15,2,1,0.9050746128148086,-0.15709227859755948,0.8450000000000001,0.0,0.0,6.195865618064751,0.03979680933668312,0.03979680933668312,0.15,0.007806974601812899,1.0468458406139758,True
16,0,1,0.9740865727363002,-0.5673756001001975,0.86,0.0,0.0,0.8358191499556205,0.04679746398707125,0.033409301224883226,0.09,0.04996250170199312,0.986253795803884,True
17,2,1,1.019542806253026,-0.1965413396762109,0.8450000000000001,0.0,0.0,3.5308901357675264,0.03672940138588182,0.03672940138588182,0.15,0.3688232216286709,0.8366986411853097,True
18,2,1,0.812501601825635,-0.8543512576609765,0.8450000000000001,0.0,0.0,0.17236948829330295,0.03,0.03,0.15,0.07488176834076893,1.0084798577035026,True
19,2,1,0.7709095141549304,-0.36676749666547803,0.8450000000000001,0.0,0.0,5.133913982188324,0.03,0.03,0.15,0.11443407436735153,1.112437598723362,True
20,0,1,0.5332615458005942,-0.664137725694794,0.86,0.0,0.0,2.657808527788602,0.03,0.044830012356407,0.09,0.4485812593675399,0.8010933245590048,True
21,0,1,0.5482199644300297,-0.3391518543280566,0.8668297304617597,0.0,0.0,0.8320641851437933,0.03,0.04751108520971646,0.09682973046175972,0.11419860088120354,0.8561849970914988,True
22,2,1,0.6922607185955176,-0.24457218391892332,0.8450000000000001,0.0,0.0,4.818372592313656,0.03,0.03,0.15,0.22989834529121317,0.8450003453815401,True
23,2,1,0.9338431135825364,-0.3284178220979803,0.8450000000000001,0.0,0.0,6.245179354024451,0.03,0.03,0.15,0.3714737656145382,1.1853031745012,True
24,2,1,0.6905341389077182,-0.47250011331563535,0.8457875383753084,0.0,0.0,3.9456051784370185,0.03,0.03,0.15157507675061688,0.24813959353484238,1.1589946706931573,True
25,0,1,0.8520611902479662,-0.4845984080175374,0.86,0.0,0.0,0.7485784892000081,0.03,0.03,0.09,0.06612338807460427,1.0660949901675663,True
R
0.0,0.0,0.0,0.0,0.0,0.0,1.0
S
8
torso_lift_joint,0
r_shoulder_pan_joint,-1.69017
r_shoulder_lift_joint,-0.0788625
r_upper_arm_roll_joint,-1.69017
r_elbow_flex_joint,-1.2717
r_forearm_roll_joint,-0.151824
r_wrist_flex_joint,-1.25254
r_wrist_roll_joint,0.675062
G
0.484974,-0.281349,0.845,0.711799,-0,0
ooi
6
A
599
0.310248,-0.673113
0.310595,-0.672204
0.310943,-0.671295
0.31129,-0.670385
0.311637,-0.669476
0.311984,-0.668567
0.312331,-0.667657
0.312678,-0.666748
0.313026,-0.665839
0.313373,-0.66493
0.31372,-0.66402
0.314067,-0.663111
0.314414,-0.662202
0.314762,-0.661293
0.315109,-0.660383
0.315456,-0.659474
0.315803,-0.658565
0.31615,-0.657655
0.316498,-0.656746
0.316845,-0.655837
0.317192,-0.654928
0.317539,-0.654018
0.317886,-0.653109
0.318233,-0.6522
0.318581,-0.651291
0.318928,-0.650381
0.319275,-0.649472
0.319622,-0.648563
0.319969,-0.647653
0.320317,-0.646744
0.320664,-0.645835
0.321011,-0.644926
0.321358,-0.644016
0.321705,-0.643107
0.322053,-0.642198
0.3224,-0.641289
0.322747,-0.640379
0.323094,-0.63947
0.323441,-0.638561
0.323788,-0.637652
0.324136,-0.636742
0.324483,-0.635833
0.32483,-0.634924
0.325177,-0.634014
0.325524,-0.633105
0.325872,-0.632196
0.326219,-0.631287
0.326566,-0.630377
0.326913,-0.629468
0.32726,-0.628559
0.327607,-0.62765
0.327955,-0.62674
0.328302,-0.625831
0.328649,-0.624922
0.328996,-0.624012
0.329343,-0.623103
0.329691,-0.622194
0.330038,-0.621285
0.330385,-0.620375
0.330732,-0.619466
0.331079,-0.618557
0.331427,-0.617648
0.331774,-0.616738
0.332121,-0.615829
0.332468,-0.61492
0.332815,-0.61401
0.333162,-0.613101
0.33351,-0.612192
0.333857,-0.611283
0.334204,-0.610373
0.334551,-0.609464
0.334898,-0.608555
0.335246,-0.607646
0.335593,-0.606736
0.33594,-0.605827
0.336287,-0.604918
0.336634,-0.604008
0.336982,-0.603099
0.337329,-0.60219
0.337676,-0.601281
0.338023,-0.600371
0.33837,-0.599462
0.338717,-0.598553
0.339065,-0.597644
0.339412,-0.596734
0.339759,-0.595825
0.340106,-0.594916
0.340453,-0.594007
0.340801,-0.593097
0.341148,-0.592188
0.341495,-0.591279
0.341842,-0.590369
0.342189,-0.58946
0.342537,-0.588551
0.342884,-0.587642
0.343231,-0.586732
0.343578,-0.585823
0.343925,-0.584914
0.344272,-0.584005
0.34462,-0.583095
0.344967,-0.582186
0.345314,-0.581277
0.345661,-0.580367
0.346008,-0.579458
0.346356,-0.578549
0.346703,-0.57764
0.34705,-0.57673
0.347397,-0.575821
0.347744,-0.574912
0.348091,-0.574003
0.348439,-0.573093
0.348786,-0.572184
0.349133,-0.571275
0.34948,-0.570365
0.349827,-0.569456
0.350175,-0.568547
0.350522,-0.567638
0.350869,-0.566728
0.351216,-0.565819
0.351563,-0.56491
0.351911,-0.564001
0.352258,-0.563091
0.352605,-0.562182
0.352952,-0.561273
0.353299,-0.560363
0.353646,-0.559454
0.353994,-0.558545
0.354341,-0.557636
0.354688,-0.556726
0.355035,-0.555817
0.355382,-0.554908
0.35573,-0.553999
0.356077,-0.553089
0.356424,-0.55218
0.356771,-0.551271
0.357118,-0.550362
0.357466,-0.549452
0.357813,-0.548543
0.35816,-0.547634
0.358507,-0.546724
0.358854,-0.545815
0.359201,-0.544906
0.359549,-0.543997
0.359896,-0.543087
0.360243,-0.542178
0.36059,-0.541269
0.360937,-0.54036
0.361285,-0.53945
0.361632,-0.538541
0.361979,-0.537632
0.362326,-0.536722
0.362268,-0.536264
0.362211,-0.535807
0.362153,-0.535349
0.362096,-0.534891
0.362038,-0.534433
0.36198,-0.533975
0.361923,-0.533517
0.361865,-0.533059
0.361807,-0.532601
0.36175,-0.532143
0.361692,-0.531685
0.361634,-0.531227
0.361577,-0.530769
0.361519,-0.530311
0.361461,-0.529853
0.361404,-0.529395
0.361346,-0.528937
0.361288,-0.528479
0.361231,-0.528021
0.361173,-0.527563
0.361115,-0.527105
0.361058,-0.526647
0.361,-0.526189
0.360943,-0.525731
0.360885,-0.525274
0.360827,-0.524816
0.36077,-0.524358
0.360712,-0.5239
0.360654,-0.523442
0.360597,-0.522984
0.360539,-0.522526
0.360481,-0.522068
0.360424,-0.52161
0.360366,-0.521152
0.360308,-0.520694
0.360251,-0.520236
0.360193,-0.519778
0.360135,-0.51932
0.360078,-0.518862
0.36002,-0.518404
0.359963,-0.517946
0.359905,-0.517488
0.359847,-0.51703
0.35979,-0.516572
0.359732,-0.516114
0.359674,-0.515656
0.359617,-0.515198
0.359559,-0.514741
0.359501,-0.514283
0.359444,-0.513825
0.359386,-0.513367
0.359328,-0.512909
0.359271,-0.512451
0.359213,-0.511993
0.359155,-0.511535
0.359098,-0.511077
0.35904,-0.510619
0.358982,-0.510161
0.358925,-0.509703
0.358867,-0.509245
0.35881,-0.508787
0.358752,-0.508329
0.358694,-0.507871
0.358637,-0.507413
0.358579,-0.506955
0.358521,-0.506497
0.358464,-0.506039
0.358406,-0.505581
0.358348,-0.505123
0.358291,-0.504665
0.358233,-0.504208
0.358175,-0.50375
0.358118,-0.503292
0.35806,-0.502834
0.358002,-0.502376
0.357945,-0.501918
0.357887,-0.50146
0.357829,-0.501002
0.357772,-0.500544
0.357714,-0.500086
0.357657,-0.499628
0.357599,-0.49917
0.357541,-0.498712
0.357484,-0.498254
0.357426,-0.497796
0.357368,-0.497338
0.357311,-0.49688
0.357253,-0.496422
0.357195,-0.495964
0.357138,-0.495506
0.35708,-0.495048
0.357022,-0.49459
0.356965,-0.494132
0.356907,-0.493675
0.356849,-0.493217
0.356792,-0.492759
0.356734,-0.492301
0.356676,-0.491843
0.356619,-0.491385
0.356561,-0.490927
0.356504,-0.490469
0.356446,-0.490011
0.356388,-0.489553
0.356331,-0.489095
0.356273,-0.488637
0.356215,-0.488179
0.356158,-0.487721
0.3561,-0.487263
0.356042,-0.486805
0.355985,-0.486347
0.355927,-0.485889
0.355869,-0.485431
0.355812,-0.484973
0.355754,-0.484515
0.355696,-0.484057
0.355639,-0.483599
0.355581,-0.483142
0.355524,-0.482684
0.355466,-0.482226
0.355408,-0.481768
0.355351,-0.48131
0.355293,-0.480852
0.355235,-0.480394
0.355178,-0.479936
0.35512,-0.479478
0.355062,-0.47902
0.355005,-0.478562
0.354947,-0.478104
0.354889,-0.477646
0.354832,-0.477188
0.354774,-0.47673
0.354716,-0.476272
0.354659,-0.475814
0.354601,-0.475356
0.354543,-0.474898
0.354486,-0.47444
0.354428,-0.473982
0.354371,-0.473524
0.354313,-0.473066
0.354255,-0.472609
0.354198,-0.472151
0.35414,-0.471693
0.354082,-0.471235
0.354025,-0.470777
0.353967,-0.470319
0.353909,-0.469861
0.353852,-0.469403
0.353794,-0.468945
0.353736,-0.468487
0.354539,-0.467769
0.355341,-0.46705
0.356144,-0.466332
0.356946,-0.465614
0.357749,-0.464895
0.358551,-0.464177
0.359353,-0.463459
0.360156,-0.462741
0.360958,-0.462022
0.361761,-0.461304
0.362563,-0.460586
0.363366,-0.459867
0.364168,-0.459149
0.364971,-0.458431
0.365773,-0.457712
0.366575,-0.456994
0.367378,-0.456276
0.36818,-0.455558
0.368983,-0.454839
0.369785,-0.454121
0.370588,-0.453403
0.37139,-0.452684
0.372192,-0.451966
0.372995,-0.451248
0.373797,-0.450529
0.3746,-0.449811
0.375402,-0.449093
0.376205,-0.448375
0.377007,-0.447656
0.37781,-0.446938
0.378612,-0.44622
0.379414,-0.445501
0.380217,-0.444783
0.381019,-0.444065
0.381822,-0.443346
0.382624,-0.442628
0.383427,-0.44191
0.384229,-0.441192
0.385031,-0.440473
0.385834,-0.439755
0.386636,-0.439037
0.387439,-0.438318
0.388241,-0.4376
0.389044,-0.436882
0.389846,-0.436164
0.390649,-0.435445
0.391451,-0.434727
0.392253,-0.434009
0.393056,-0.43329
0.393858,-0.432572
0.394661,-0.431854
0.395463,-0.431135
0.396266,-0.430417
0.397068,-0.429699
0.39787,-0.428981
0.398673,-0.428262
0.399475,-0.427544
0.400278,-0.426826
0.40108,-0.426107
0.401883,-0.425389
0.402685,-0.424671
0.403488,-0.423952
0.40429,-0.423234
0.405092,-0.422516
0.405895,-0.421798
0.406697,-0.421079
0.4075,-0.420361
0.408302,-0.419643
0.409105,-0.418924
0.409907,-0.418206
0.410709,-0.417488
0.411512,-0.416769
0.412314,-0.416051
0.413117,-0.415333
0.413919,-0.414615
0.414722,-0.413896
0.415524,-0.413178
0.416327,-0.41246
0.417129,-0.411741
0.417931,-0.411023
0.418734,-0.410305
0.419536,-0.409586
0.420339,-0.408868
0.421141,-0.40815
0.421944,-0.407432
0.422746,-0.406713
0.423549,-0.405995
0.424351,-0.405277
0.425153,-0.404558
0.425956,-0.40384
0.426758,-0.403122
0.427561,-0.402404
0.428363,-0.401685
0.429166,-0.400967
0.429968,-0.400249
0.43077,-0.39953
0.431573,-0.398812
0.432375,-0.398094
0.433178,-0.397375
0.43398,-0.396657
0.434783,-0.395939
0.435585,-0.395221
0.436388,-0.394502
0.43719,-0.393784
0.437992,-0.393066
0.438795,-0.392347
0.439597,-0.391629
0.4404,-0.390911
0.441202,-0.390192
0.442005,-0.389474
0.442807,-0.388756
0.443609,-0.388038
0.444412,-0.387319
0.445214,-0.386601
0.446017,-0.385883
0.446819,-0.385164
0.447622,-0.384446
0.448424,-0.383728
0.449227,-0.383009
0.450029,-0.382291
0.450831,-0.381573
0.451634,-0.380855
0.452436,-0.380136
0.453239,-0.379418
0.454041,-0.3787
0.454844,-0.377981
0.455646,-0.377263
0.456448,-0.376545
0.457251,-0.375826
0.458053,-0.375108
0.458856,-0.37439
0.459658,-0.373672
0.460461,-0.372953
0.461263,-0.372235
0.462066,-0.371517
0.462868,-0.370798
0.46367,-0.37008
0.464473,-0.369362
0.465275,-0.368644
0.466078,-0.367925
0.46688,-0.367207
0.467683,-0.366489
0.468485,-0.36577
0.469287,-0.365052
0.47009,-0.364334
0.470892,-0.363615
0.471695,-0.362897
0.472497,-0.362179
0.4733,-0.361461
0.474102,-0.360742
0.474175,-0.360209
0.474248,-0.359677
0.474321,-0.359144
0.474394,-0.358611
0.474467,-0.358078
0.47454,-0.357545
0.474613,-0.357012
0.474686,-0.35648
0.474759,-0.355947
0.474832,-0.355414
0.474905,-0.354881
0.474978,-0.354348
0.475051,-0.353815
0.475124,-0.353282
0.475197,-0.35275
0.47527,-0.352217
0.475343,-0.351684
0.475416,-0.351151
0.475488,-0.350618
0.475561,-0.350085
0.475634,-0.349553
0.475707,-0.34902
0.47578,-0.348487
0.475853,-0.347954
0.475926,-0.347421
0.475999,-0.346888
0.476072,-0.346356
0.476145,-0.345823
0.476218,-0.34529
0.476291,-0.344757
0.476364,-0.344224
0.476437,-0.343691
0.47651,-0.343158
0.476583,-0.342626
0.476656,-0.342093
0.476729,-0.34156
0.476802,-0.341027
0.476875,-0.340494
0.476948,-0.339961
0.477021,-0.339429
0.477094,-0.338896
0.477167,-0.338363
0.47724,-0.33783
0.477313,-0.337297
0.477386,-0.336764
0.477459,-0.336232
0.477532,-0.335699
0.477605,-0.335166
0.477677,-0.334633
0.47775,-0.3341
0.477823,-0.333567
0.477896,-0.333034
0.477969,-0.332502
0.478042,-0.331969
0.478115,-0.331436
0.478188,-0.330903
0.478261,-0.33037
0.478334,-0.329837
0.478407,-0.329305
0.47848,-0.328772
0.478553,-0.328239
0.478626,-0.327706
0.478699,-0.327173
0.478772,-0.32664
0.478845,-0.326108
0.478918,-0.325575
0.478991,-0.325042
0.479064,-0.324509
0.479137,-0.323976
0.47921,-0.323443
0.479283,-0.32291
0.479356,-0.322378
0.479429,-0.321845
0.479502,-0.321312
0.479575,-0.320779
0.479648,-0.320246
0.479721,-0.319713
0.479794,-0.319181
0.479866,-0.318648
0.479939,-0.318115
0.480012,-0.317582
0.480085,-0.317049
0.480158,-0.316516
0.480231,-0.315984
0.480304,-0.315451
0.480377,-0.314918
0.48045,-0.314385
0.480523,-0.313852
0.480596,-0.313319
0.480669,-0.312786
0.480742,-0.312254
0.480815,-0.311721
0.480888,-0.311188
0.480961,-0.310655
0.481034,-0.310122
0.481107,-0.309589
0.48118,-0.309057
0.481253,-0.308524
0.481326,-0.307991
0.481399,-0.307458
0.481472,-0.306925
0.481545,-0.306392
0.481618,-0.30586
0.481691,-0.305327
0.481764,-0.304794
0.481837,-0.304261
0.48191,-0.303728
0.481982,-0.303195
0.482055,-0.302662
0.482128,-0.30213
0.482201,-0.301597
0.482274,-0.301064
0.482347,-0.300531
0.48242,-0.299998
0.482493,-0.299465
0.482566,-0.298933
0.482639,-0.2984
0.482712,-0.297867
0.482785,-0.297334
0.482858,-0.296801
0.482931,-0.296268
0.483004,-0.295736
0.483077,-0.295203
0.48315,-0.29467
0.483223,-0.294137
0.483296,-0.293604
0.483369,-0.293071
0.483442,-0.292539
0.483515,-0.292006
0.483588,-0.291473
0.483661,-0.29094
0.483734,-0.290407
0.483807,-0.289874
0.48388,-0.289341
0.483953,-0.288809
0.484026,-0.288276
0.484099,-0.287743
0.484171,-0.28721
0.484244,-0.286677
0.484317,-0.286144
0.48439,-0.285612
0.484463,-0.285079
0.484536,-0.284546
0.484609,-0.284013
0.484682,-0.28348
0.484755,-0.282947
0.484828,-0.282415
0.484901,-0.281882
0.484974,-0.281349
