O
25
1,0,-1,0.78,-0.5,0.75,0.0,0.0,0.0,0.3,0.4,0.02,0,0.8,False
2,0,-1,1.1,-0.5,0.93,0.0,0.0,0.0,0.02,0.4,0.2,0,0.8,False
3,0,-1,0.78,-0.5,1.11,0.0,0.0,0.0,0.3,0.4,0.02,0,0.8,False
4,0,-1,0.8,-0.92,0.93,0.0,0.0,0.0,0.32,0.02,0.2,0,0.8,False
5,0,-1,0.8,-0.08,0.93,0.0,0.0,0.0,0.32,0.02,0.2,0,0.8,False
6,2,0,0.9122584190539463,-0.6346295844387881,0.8547997625897472,0.0,0.0,5.817547343923037,0.07908125533337104,0.07908125533337104,0.16959952517949445,0.125638238662923,1.1815389623858958,False
7,2,0,0.5744004409572494,-0.3723827814595876,0.8450000000000001,0.0,0.0,1.9343915673015697,0.03,0.03,0.15,0.26748979191184147,0.8158591441536465,False
8,0,0,0.6057605239986378,-0.5314453476524932,0.86,0.0,0.0,3.8376297112148663,0.06779292152603589,0.03,0.09,0.2031127558944213,1.1484750174506746,False
9,2,0,0.8093929345987231,-0.2432599952373936,0.8450000000000001,0.0,0.0,0.06794819848506958,0.07017623040657077,0.07017623040657077,0.15,0.38766656958334894,1.0700855309602495,False
10,0,0,0.9342162165481307,-0.8208986956305091,0.86,0.0,0.0,1.4448088924824614,0.03,0.07353543582790169,0.09,0.010688751988471468,0.9066236504007646,False
11,2,1,0.6069894628617525,-0.15161271490495476,0.8450000000000001,0.0,0.0,1.9003172295852098,0.03,0.03,0.15,0.20938160315609272,0.8846137329997952,True
12,2,1,0.6751673842580197,-0.82405774737292,0.8608979586207717,0.0,0.0,0.3147892435574119,0.04498161423099347,0.04498161423099347,0.18179591724154343,0.3312724814640093,0.9709320137039347,True
13,0,1,1.0071368171098052,-0.19878667238956538,0.86,0.0,0.0,5.967854243652129,0.03,0.03,0.09,0.150029151320957,1.1356792223452197,True
14,2,1,0.9475187519868801,-0.47518935118799127,0.8450000000000001,0.0,0.0,2.962757243698293,0.03,0.03,0.15,0.06515018196565675,1.155050472438883,True
15,2,1,0.6489491021446306,-0.6647694490250416,0.8450000000000001,0.0,0.0,0.6663267935285968,0.03,0.03,0.15,0.05665345092762242,0.8484312043065328,True
16,2,1,0.7072693096364127,-0.39031371844225715,0.869580436716087,0.0,0.0,4.588806335352858,0.03,0.03,0.19916087343217406,0.3744355769125156,0.8704316918050496,True
17,2,1,0.5361061243429573,-0.7553957034652942,0.8450000000000001,0.0,0.0,1.8255094464902815,0.03,0.03,0.15,0.35180571880008404,1.0550786475761313,True
18,0,1,0.9601840590408094,-0.31785616832783226,0.9046632057331072,0.0,0.0,1.4074353878708266,0.03,0.03,0.13466320573310717,0.12690662656320512,0.9066035151384644,True
19,2,1,0.8086725488827682,-0.45416367770501853,0.8619420758680751,0.0,0.0,0.6591854254023229,0.03,0.03,0.1838841517361503,0.033296256514426414,0.8717941446077905,True
20,0,1,0.7861921496169946,-0.8195810336184692,0.86,0.0,0.0,5.958401753419442,0.03,0.038211168307530595,0.09,0.15133318935238582,0.9020770332398937,True
21,2,1,0.5712042849548127,-0.26800982218922587,0.8450000000000001,0.0,0.0,0.2433499235982791,0.03,0.03,0.15,0.16717298874383707,0.958356831544181,True
22,2,1,0.7574740558961581,-0.5861253123208217,0.8450000000000001,0.0,0.0,1.2709508933581866,0.03,0.03,0.15,0.22067006075867612,0.9897392349242464,True
23,0,1,0.6874227810028056,-0.24896147285957093,0.9117084540355762,0.0,0.0,0.12128294640257177,0.03,0.04430325955126223,0.14170845403557625,0.05771551692328791,0.8969225557014211,True
24,0,1,0.519699347004213,-0.8488850536590875,0.8731749995128315,0.0,0.0,5.151054013398983,0.03,0.03,0.10317499951283152,0.3375185383638212,1.0996332672103066,True
25,2,1,0.8399818060068669,-0.36370444518056666,0.8698465255542503,0.0,0.0,0.09205879536856318,0.03,0.03,0.19969305110850072,0.17784855453629833,1.119169733525828,True
R
0.0,0.0,0.0,0.0,0.0,0.0,1.0
S
8
torso_lift_joint,0
r_shoulder_pan_joint,-1.69017
r_shoulder_lift_joint,-0.0788625
r_upper_arm_roll_joint,-1.69017
r_elbow_flex_joint,-1.2717
r_forearm_roll_joint,-0.151824
r_wrist_flex_joint,-1.25254
r_wrist_roll_joint,0.675062
G
0.506503,-0.40424,0.845,0.438702,-0,0
ooi
7
A
599
0.310248,-0.673113
0.310533,-0.671937
0.310818,-0.670761
0.311103,-0.669585
0.311388,-0.668409
0.311673,-0.667233
0.311958,-0.666057
0.312243,-0.66488
0.312528,-0.663704
0.312812,-0.662528
0.313097,-0.661352
0.313382,-0.660176
0.313667,-0.659
0.313952,-0.657824
0.314237,-0.656648
0.314522,-0.655472
0.314807,-0.654296
0.315092,-0.65312
0.315377,-0.651943
0.315662,-0.650767
0.315947,-0.649591
0.316232,-0.648415
0.316516,-0.647239
0.316801,-0.646063
0.317086,-0.644887
0.317371,-0.643711
0.317656,-0.642535
0.317941,-0.641359
0.318226,-0.640183
0.318511,-0.639007
0.318796,-0.63783
0.319081,-0.636654
0.319366,-0.635478
0.319651,-0.634302
0.319936,-0.633126
0.32022,-0.63195
0.320505,-0.630774
0.32079,-0.629598
0.321075,-0.628422
0.32136,-0.627246
0.321645,-0.62607
0.32193,-0.624893
0.322215,-0.623717
0.3225,-0.622541
0.322785,-0.621365
0.32307,-0.620189
0.323355,-0.619013
0.32364,-0.617837
0.323924,-0.616661
0.324209,-0.615485
0.324494,-0.614309
0.324779,-0.613133
0.325064,-0.611956
0.325349,-0.61078
0.325634,-0.609604
0.325919,-0.608428
0.326204,-0.607252
0.326489,-0.606076
0.326774,-0.6049
0.327059,-0.603724
0.327344,-0.602548
0.327628,-0.601372
0.327913,-0.600196
0.328198,-0.59902
0.328483,-0.597843
0.328768,-0.596667
0.329053,-0.595491
0.329338,-0.594315
0.329623,-0.593139
0.329908,-0.591963
0.330193,-0.590787
0.330478,-0.589611
0.330763,-0.588435
0.331048,-0.587259
0.331332,-0.586083
0.331617,-0.584906
0.331902,-0.58373
0.332187,-0.582554
0.332472,-0.581378
0.332757,-0.580202
0.333042,-0.579026
0.333327,-0.57785
0.333612,-0.576674
0.333897,-0.575498
0.334182,-0.574322
0.334467,-0.573146
0.334752,-0.57197
0.335036,-0.570793
0.335321,-0.569617
0.335606,-0.568441
0.335891,-0.567265
0.336176,-0.566089
0.336461,-0.564913
0.336746,-0.563737
0.337031,-0.562561
0.337316,-0.561385
0.337601,-0.560209
0.337886,-0.559033
0.338171,-0.557856
0.338456,-0.55668
0.33874,-0.555504
0.339025,-0.554328
0.33931,-0.553152
0.339595,-0.551976
0.33988,-0.5508
0.340165,-0.549624
0.34045,-0.548448
0.340735,-0.547272
0.34102,-0.546096
0.341305,-0.544919
0.34159,-0.543743
0.341875,-0.542567
0.34216,-0.541391
0.342444,-0.540215
0.342729,-0.539039
0.343014,-0.537863
0.343299,-0.536687
0.343584,-0.535511
0.343869,-0.534335
0.344154,-0.533159
0.344439,-0.531983
0.344724,-0.530806
0.345009,-0.52963
0.345294,-0.528454
0.345579,-0.527278
0.345864,-0.526102
0.346148,-0.524926
0.346433,-0.52375
0.346718,-0.522574
0.347003,-0.521398
0.347288,-0.520222
0.347573,-0.519046
0.347858,-0.517869
0.348143,-0.516693
0.348428,-0.515517
0.348713,-0.514341
0.348998,-0.513165
0.349283,-0.511989
0.349568,-0.510813
0.349852,-0.509637
0.350137,-0.508461
0.350422,-0.507285
0.350707,-0.506109
0.350992,-0.504932
0.351277,-0.503756
0.351562,-0.50258
0.351847,-0.501404
0.352132,-0.500228
0.352417,-0.499052
0.352702,-0.497876
0.352987,-0.4967
0.35321,-0.496995
0.353433,-0.497289
0.353656,-0.497584
0.353879,-0.497879
0.354102,-0.498174
0.354325,-0.498469
0.354548,-0.498763
0.354771,-0.499058
0.354994,-0.499353
0.355217,-0.499648
0.35544,-0.499943
0.355663,-0.500238
0.355887,-0.500532
0.35611,-0.500827
0.356333,-0.501122
0.356556,-0.501417
0.356779,-0.501712
0.357002,-0.502006
0.357225,-0.502301
0.357448,-0.502596
0.357671,-0.502891
0.357894,-0.503186
0.358117,-0.50348
0.35834,-0.503775
0.358563,-0.50407
0.358786,-0.504365
0.359009,-0.50466
0.359233,-0.504954
0.359456,-0.505249
0.359679,-0.505544
0.359902,-0.505839
0.360125,-0.506134
0.360348,-0.506428
0.360571,-0.506723
0.360794,-0.507018
0.361017,-0.507313
0.36124,-0.507608
0.361463,-0.507902
0.361686,-0.508197
0.361909,-0.508492
0.362132,-0.508787
0.362356,-0.509082
0.362579,-0.509376
0.362802,-0.509671
0.363025,-0.509966
0.363248,-0.510261
0.363471,-0.510556
0.363694,-0.51085
0.363917,-0.511145
0.36414,-0.51144
0.364363,-0.511735
0.364586,-0.51203
0.364809,-0.512324
0.365032,-0.512619
0.365255,-0.512914
0.365479,-0.513209
0.365702,-0.513504
0.365925,-0.513798
0.366148,-0.514093
0.366371,-0.514388
0.366594,-0.514683
0.366817,-0.514978
0.36704,-0.515272
0.367263,-0.515567
0.367486,-0.515862
0.367709,-0.516157
0.367932,-0.516452
0.368155,-0.516746
0.368378,-0.517041
0.368601,-0.517336
0.368825,-0.517631
0.369048,-0.517926
0.369271,-0.51822
0.369494,-0.518515
0.369717,-0.51881
0.36994,-0.519105
0.370163,-0.5194
0.370386,-0.519694
0.370609,-0.519989
0.370832,-0.520284
0.371055,-0.520579
0.371278,-0.520874
0.371501,-0.521169
0.371724,-0.521463
0.371948,-0.521758
0.372171,-0.522053
0.372394,-0.522348
0.372617,-0.522643
0.37284,-0.522937
0.373063,-0.523232
0.373286,-0.523527
0.373509,-0.523822
0.373732,-0.524117
0.373955,-0.524411
0.374178,-0.524706
0.374401,-0.525001
0.374624,-0.525296
0.374847,-0.525591
0.37507,-0.525885
0.375294,-0.52618
0.375517,-0.526475
0.37574,-0.52677
0.375963,-0.527065
0.376186,-0.527359
0.376409,-0.527654
0.376632,-0.527949
0.376855,-0.528244
0.377078,-0.528539
0.377301,-0.528833
0.377524,-0.529128
0.377747,-0.529423
0.37797,-0.529718
0.378193,-0.530013
0.378417,-0.530307
0.37864,-0.530602
0.378863,-0.530897
0.379086,-0.531192
0.379309,-0.531487
0.379532,-0.531781
0.379755,-0.532076
0.379978,-0.532371
0.380201,-0.532666
0.380424,-0.532961
0.380647,-0.533255
0.38087,-0.53355
0.381093,-0.533845
0.381316,-0.53414
0.38154,-0.534435
0.381763,-0.534729
0.381986,-0.535024
0.382209,-0.535319
0.382432,-0.535614
0.382655,-0.535909
0.382878,-0.536203
0.383101,-0.536498
0.383324,-0.536793
0.383547,-0.537088
0.38377,-0.537383
0.383993,-0.537677
0.384216,-0.537972
0.384439,-0.538267
0.384662,-0.538562
0.384886,-0.538857
0.385109,-0.539151
0.385332,-0.539446
0.385555,-0.539741
0.385778,-0.540036
0.386001,-0.540331
0.386224,-0.540625
0.387227,-0.539483
0.388229,-0.538341
0.389232,-0.537199
0.390234,-0.536057
0.391237,-0.534914
0.39224,-0.533772
0.393242,-0.53263
0.394245,-0.531488
0.395248,-0.530346
0.39625,-0.529203
0.397253,-0.528061
0.398255,-0.526919
0.399258,-0.525777
0.400261,-0.524634
0.401263,-0.523492
0.402266,-0.52235
0.403269,-0.521208
0.404271,-0.520066
0.405274,-0.518923
0.406276,-0.517781
0.407279,-0.516639
0.408282,-0.515497
0.409284,-0.514355
0.410287,-0.513212
0.41129,-0.51207
0.412292,-0.510928
0.413295,-0.509786
0.414297,-0.508643
0.4153,-0.507501
0.416303,-0.506359
0.417305,-0.505217
0.418308,-0.504075
0.419311,-0.502932
0.420313,-0.50179
0.421316,-0.500648
0.422318,-0.499506
0.423321,-0.498364
0.424324,-0.497221
0.425326,-0.496079
0.426329,-0.494937
0.427332,-0.493795
0.428334,-0.492652
0.429337,-0.49151
0.430339,-0.490368
0.431342,-0.489226
0.432345,-0.488084
0.433347,-0.486941
0.43435,-0.485799
0.435353,-0.484657
0.436355,-0.483515
0.437358,-0.482372
0.43836,-0.48123
0.439363,-0.480088
0.440366,-0.478946
0.441368,-0.477804
0.442371,-0.476661
0.443374,-0.475519
0.444376,-0.474377
0.445379,-0.473235
0.446381,-0.472093
0.447384,-0.47095
0.448387,-0.469808
0.449389,-0.468666
0.450392,-0.467524
0.451395,-0.466381
0.452397,-0.465239
0.4534,-0.464097
0.454402,-0.462955
0.455405,-0.461813
0.456408,-0.46067
0.45741,-0.459528
0.458413,-0.458386
0.459416,-0.457244
0.460418,-0.456102
0.461421,-0.454959
0.462423,-0.453817
0.463426,-0.452675
0.464429,-0.451533
0.465431,-0.45039
0.466434,-0.449248
0.467436,-0.448106
0.468439,-0.446964
0.469442,-0.445822
0.470444,-0.444679
0.471447,-0.443537
0.47245,-0.442395
0.473452,-0.441253
0.474455,-0.44011
0.475457,-0.438968
0.47646,-0.437826
0.477463,-0.436684
0.478465,-0.435542
0.479468,-0.434399
0.480471,-0.433257
0.481473,-0.432115
0.482476,-0.430973
0.483478,-0.429831
0.484481,-0.428688
0.485484,-0.427546
0.486486,-0.426404
0.487489,-0.425262
0.488492,-0.424119
0.489494,-0.422977
0.490497,-0.421835
0.491499,-0.420693
0.492502,-0.419551
0.493505,-0.418408
0.494507,-0.417266
0.49551,-0.416124
0.496513,-0.414982
0.497515,-0.41384
0.498518,-0.412697
0.49952,-0.411555
0.500523,-0.410413
0.501526,-0.409271
0.502528,-0.408128
0.503531,-0.406986
0.504534,-0.405844
0.505536,-0.404702
0.506539,-0.40356
0.507541,-0.402417
0.508544,-0.401275
0.509547,-0.400133
0.510549,-0.398991
0.511552,-0.397848
0.512555,-0.396706
0.513557,-0.395564
0.51456,-0.394422
0.515562,-0.39328
0.516565,-0.392137
0.517568,-0.390995
0.51857,-0.389853
0.519573,-0.388711
0.520576,-0.387569
0.521578,-0.386426
0.522581,-0.385284
0.523583,-0.384142
0.524586,-0.383
0.525589,-0.381857
0.526591,-0.380715
0.527594,-0.379573
0.528597,-0.378431
0.529599,-0.377289
0.530602,-0.376146
0.531604,-0.375004
0.532607,-0.373862
0.53361,-0.37272
0.534612,-0.371578
0.535615,-0.370435
0.536618,-0.369293
0.536415,-0.369528
0.536213,-0.369762
0.536011,-0.369997
0.535809,-0.370231
0.535607,-0.370466
0.535405,-0.3707
0.535203,-0.370935
0.535001,-0.371169
0.534799,-0.371404
0.534596,-0.371639
0.534394,-0.371873
0.534192,-0.372108
0.53399,-0.372342
0.533788,-0.372577
0.533586,-0.372811
0.533384,-0.373046
0.533182,-0.37328
0.532979,-0.373515
0.532777,-0.373749
0.532575,-0.373984
0.532373,-0.374219
0.532171,-0.374453
0.531969,-0.374688
0.531767,-0.374922
0.531565,-0.375157
0.531363,-0.375391
0.53116,-0.375626
0.530958,-0.37586
0.530756,-0.376095
0.530554,-0.376329
0.530352,-0.376564
0.53015,-0.376799
0.529948,-0.377033
0.529746,-0.377268
0.529544,-0.377502
0.529341,-0.377737
0.529139,-0.377971
0.528937,-0.378206
0.528735,-0.37844
0.528533,-0.378675
0.528331,-0.378909
0.528129,-0.379144
0.527927,-0.379378
0.527725,-0.379613
0.527522,-0.379848
0.52732,-0.380082
0.527118,-0.380317
0.526916,-0.380551
0.526714,-0.380786
0.526512,-0.38102
0.52631,-0.381255
0.526108,-0.381489
0.525906,-0.381724
0.525703,-0.381958
0.525501,-0.382193
0.525299,-0.382428
0.525097,-0.382662
0.524895,-0.382897
0.524693,-0.383131
0.524491,-0.383366
0.524289,-0.3836
0.524087,-0.383835
0.523884,-0.384069
0.523682,-0.384304
0.52348,-0.384538
0.523278,-0.384773
0.523076,-0.385008
0.522874,-0.385242
0.522672,-0.385477
0.52247,-0.385711
0.522267,-0.385946
0.522065,-0.38618
0.521863,-0.386415
0.521661,-0.386649
0.521459,-0.386884
0.521257,-0.387118
0.521055,-0.387353
0.520853,-0.387588
0.520651,-0.387822
0.520448,-0.388057
0.520246,-0.388291
0.520044,-0.388526
0.519842,-0.38876
0.51964,-0.388995
0.519438,-0.389229
0.519236,-0.389464
0.519034,-0.389698
0.518832,-0.389933
0.518629,-0.390167
0.518427,-0.390402
0.518225,-0.390637
0.518023,-0.390871
0.517821,-0.391106
0.517619,-0.39134
0.517417,-0.391575
0.517215,-0.391809
0.517013,-0.392044
0.51681,-0.392278
0.516608,-0.392513
0.516406,-0.392747
0.516204,-0.392982
0.516002,-0.393217
0.5158,-0.393451
0.515598,-0.393686
0.515396,-0.39392
0.515194,-0.394155
0.514991,-0.394389
0.514789,-0.394624
0.514587,-0.394858
0.514385,-0.395093
0.514183,-0.395327
0.513981,-0.395562
0.513779,-0.395797
0.513577,-0.396031
0.513375,-0.396266
0.513172,-0.3965
0.51297,-0.396735
0.512768,-0.396969
0.512566,-0.397204
0.512364,-0.397438
0.512162,-0.397673
0.51196,-0.397907
0.511758,-0.398142
0.511555,-0.398377
0.511353,-0.398611
0.511151,-0.398846
0.510949,-0.39908
0.510747,-0.399315
0.510545,-0.399549
0.510343,-0.399784
0.510141,-0.400018
0.509939,-0.400253
0.509736,-0.400487
0.509534,-0.400722
0.509332,-0.400957
0.50913,-0.401191
0.508928,-0.401426
0.508726,-0.40166
0.508524,-0.401895
0.508322,-0.402129
0.50812,-0.402364
0.507917,-0.402598
0.507715,-0.402833
0.507513,-0.403067
0.507311,-0.403302
0.507109,-0.403536
0.506907,-0.403771
0.506705,-0.404006
0.506503,-0.40424
