O
25
1,0,-1,0.78,-0.5,0.75,0.0,0.0,0.0,0.3,0.4,0.02,0,0.8,False
2,0,-1,1.1,-0.5,0.93,0.0,0.0,0.0,0.02,0.4,0.2,0,0.8,False
3,0,-1,0.78,-0.5,1.11,0.0,0.0,0.0,0.3,0.4,0.02,0,0.8,False
4,0,-1,0.8,-0.92,0.93,0.0,0.0,0.0,0.32,0.02,0.2,0,0.8,False
5,0,-1,0.8,-0.08,0.93,0.0,0.0,0.0,0.32,0.02,0.2,0,0.8,False
6,2,0,0.6631725840460048,-0.6241567792750791,0.8450000000000001,0.0,0.0,4.686758314092801,0.0568947432713368,0.0568947432713368,0.15,0.190934616158545,1.0800956549268033,False
7,2,0,0.8157316823244865,-0.5459452062249417,0.8656978053584299,0.0,0.0,2.2436179585528335,0.04535318255119278,0.04535318255119278,0.1913956107168598,0.3763086791681799,0.8498904383299531,False
8,0,0,0.6556919392935857,-0.38622514237185673,0.86,0.0,0.0,2.1855563633058703,0.031493922385862745,0.03,0.09,0.4007031261174817,0.8134990784848557,False
9,0,0,0.9731979215272342,-0.6326188095627236,0.86,0.0,0.0,3.861758755710496,0.03,0.037588212341441114,0.09,0.37136765698032337,0.8710603881959813,False
10,2,0,1.002384726180527,-0.24127631978798503,0.8450000000000001,0.0,0.0,4.769169543014674,0.03,0.03,0.15,0.25149458666371594,0.9197640356638043,False
11,2,1,0.8355635811048943,-0.17274541900614204,0.8579672468708825,0.0,0.0,2.2100147038521882,0.03,0.03,0.175934493741765,0.09235486756706873,0.8403764763056574,True
12,0,1,0.915525646912269,-0.8538364863979228,0.9239029985955174,0.0,0.0,0.043246156884248384,0.06680108992633961,0.03,0.15390299859551737,0.473688168683923,0.9226593197089881,True
13,2,1,0.7977262234825541,-0.32087164586744477,0.8450000000000001,0.0,0.0,4.843292952706162,0.07920353972666887,0.07920353972666887,0.15,0.004494927152664252,1.0867895933479674,True
14,2,1,0.9422029615658831,-0.37480009552433263,0.8594705517691741,0.0,0.0,6.240695123153369,0.03,0.03,0.1789411035383482,0.2998514631559705,0.9653554574826602,True
15,0,1,0.5223428588046185,-0.19372534220556825,0.908190737990521,0.0,0.0,1.9231878711822787,0.03,0.07191289172134364,0.13819073799052098,0.26528116611471764,1.1729214965086427,True
16,2,1,0.6947123561694665,-0.4887519848890484,0.8450000000000001,0.0,0.0,4.774029858556031,0.04138360897465464,0.04138360897465464,0.15,0.46036019906820447,1.0777368015446593,True
17,0,1,0.5651531733004647,-0.7742007785012862,0.86,0.0,0.0,2.945165527687564,0.04215626653408596,0.03,0.09,0.14735498147738735,0.9343680272787046,True
18,0,1,0.8022747822064149,-0.8452556765339533,0.8903000335424388,0.0,0.0,2.979492418802825,0.03,0.03,0.12030003354243878,0.28825050096433263,0.8497962834959969,True
19,2,1,0.5486128130725767,-0.33127911128828647,0.8450000000000001,0.0,0.0,0.09212306511309899,0.03,0.03,0.15,0.21088712689208622,0.8234972701187857,True
20,2,1,0.8052870562010124,-0.75751793475981,0.8450000000000001,0.0,0.0,4.449080308555228,0.03,0.03,0.15,0.26566013362533025,1.0977349799389335,True
21,2,1,0.6674571114101671,-0.7799763014170041,0.8450000000000001,0.0,0.0,5.6222300476918585,0.03,0.03,0.15,0.2613455106621821,0.9578606344939244,True
22,2,1,0.523890396748091,-0.6564264258208451,0.8450000000000001,0.0,0.0,6.093267520479555,0.04312361450150798,0.04312361450150798,0.15,0.465610632335169,0.894815925663633,True
23,2,1,0.6864826640485571,-0.17949162973021882,0.851984925242081,0.0,0.0,0.2781460156389258,0.03,0.03,0.16396985048416204,0.13685422069534242,0.8832152458271901,True
24,2,1,0.9368939201375706,-0.46635064385384595,0.8450000000000001,0.0,0.0,1.0993616059879152,0.03,0.03,0.15,0.01032195691010418,0.9435848489808083,True
25,0,1,0.5211698606336527,-0.5344664495722926,0.86,0.0,0.0,4.051548043756861,0.03,0.05810199223161384,0.09,0.05508588198808201,0.9952019259378224,True
R
0.0,0.0,0.0,0.0,0.0,0.0,1.0
S
8
torso_lift_joint,0
r_shoulder_pan_joint,-1.69017
r_shoulder_lift_joint,-0.0788625
r_upper_arm_roll_joint,-1.69017
r_elbow_flex_joint,-1.2717
r_forearm_roll_joint,-0.151824
r_wrist_flex_joint,-1.25254
r_wrist_roll_joint,0.675062
G
0.593203,-0.430344,0.86,0.61476,-0,0
ooi
8
A
599
0.310248,-0.673113
0.310976,-0.672726
0.311705,-0.672339
0.312433,-0.671951
0.313161,-0.671564
0.313889,-0.671177
0.314617,-0.67079
0.315345,-0.670403
0.316074,-0.670015
0.316802,-0.669628
0.31753,-0.669241
0.318258,-0.668854
0.318986,-0.668467
0.319715,-0.668079
0.320443,-0.667692
0.321171,-0.667305
0.321899,-0.666918
0.322627,-0.666531
0.323356,-0.666143
0.324084,-0.665756
0.324812,-0.665369
0.32554,-0.664982
0.326268,-0.664595
0.326996,-0.664207
0.327725,-0.66382
0.328453,-0.663433
0.329181,-0.663046
0.329909,-0.662659
0.330637,-0.662271
0.331366,-0.661884
0.332094,-0.661497
0.332822,-0.66111
0.33355,-0.660723
0.334278,-0.660335
0.335007,-0.659948
0.335735,-0.659561
0.336463,-0.659174
0.337191,-0.658787
0.337919,-0.658399
0.338647,-0.658012
0.339376,-0.657625
0.340104,-0.657238
0.340832,-0.656851
0.34156,-0.656463
0.342288,-0.656076
0.343017,-0.655689
0.343745,-0.655302
0.344473,-0.654915
0.345201,-0.654527
0.345929,-0.65414
0.346657,-0.653753
0.347386,-0.653366
0.348114,-0.652979
0.348842,-0.652591
0.34957,-0.652204
0.350298,-0.651817
0.351027,-0.65143
0.351755,-0.651043
0.352483,-0.650655
0.353211,-0.650268
0.353939,-0.649881
0.354668,-0.649494
0.355396,-0.649107
0.356124,-0.648719
0.356852,-0.648332
0.35758,-0.647945
0.358308,-0.647558
0.359037,-0.64717
0.359765,-0.646783
0.360493,-0.646396
0.361221,-0.646009
0.361949,-0.645622
0.362678,-0.645234
0.363406,-0.644847
0.364134,-0.64446
0.364862,-0.644073
0.36559,-0.643686
0.366319,-0.643298
0.367047,-0.642911
0.367775,-0.642524
0.368503,-0.642137
0.369231,-0.64175
0.369959,-0.641362
0.370688,-0.640975
0.371416,-0.640588
0.372144,-0.640201
0.372872,-0.639814
0.3736,-0.639426
0.374329,-0.639039
0.375057,-0.638652
0.375785,-0.638265
0.376513,-0.637878
0.377241,-0.63749
0.377969,-0.637103
0.378698,-0.636716
0.379426,-0.636329
0.380154,-0.635942
0.380882,-0.635554
0.38161,-0.635167
0.382339,-0.63478
0.383067,-0.634393
0.383795,-0.634006
0.384523,-0.633618
0.385251,-0.633231
0.38598,-0.632844
0.386708,-0.632457
0.387436,-0.63207
0.388164,-0.631682
0.388892,-0.631295
0.38962,-0.630908
0.390349,-0.630521
0.391077,-0.630134
0.391805,-0.629746
0.392533,-0.629359
0.393261,-0.628972
0.39399,-0.628585
0.394718,-0.628198
0.395446,-0.62781
0.396174,-0.627423
0.396902,-0.627036
0.397631,-0.626649
0.398359,-0.626262
0.399087,-0.625874
0.399815,-0.625487
0.400543,-0.6251
0.401271,-0.624713
0.402,-0.624326
0.402728,-0.623938
0.403456,-0.623551
0.404184,-0.623164
0.404912,-0.622777
0.405641,-0.62239
0.406369,-0.622002
0.407097,-0.621615
0.407825,-0.621228
0.408553,-0.620841
0.409281,-0.620453
0.41001,-0.620066
0.410738,-0.619679
0.411466,-0.619292
0.412194,-0.618905
0.412922,-0.618517
0.413651,-0.61813
0.414379,-0.617743
0.415107,-0.617356
0.415835,-0.616969
0.416563,-0.616581
0.417292,-0.616194
0.41802,-0.615807
0.418748,-0.61542
0.419476,-0.615033
0.418743,-0.614881
0.418011,-0.614729
0.417278,-0.614577
0.416545,-0.614425
0.415813,-0.614274
0.41508,-0.614122
0.414347,-0.61397
0.413615,-0.613818
0.412882,-0.613666
0.412149,-0.613514
0.411417,-0.613363
0.410684,-0.613211
0.409951,-0.613059
0.409218,-0.612907
0.408486,-0.612755
0.407753,-0.612603
0.40702,-0.612452
0.406288,-0.6123
0.405555,-0.612148
0.404822,-0.611996
0.40409,-0.611844
0.403357,-0.611693
0.402624,-0.611541
0.401892,-0.611389
0.401159,-0.611237
0.400426,-0.611085
0.399693,-0.610933
0.398961,-0.610782
0.398228,-0.61063
0.397495,-0.610478
0.396763,-0.610326
0.39603,-0.610174
0.395297,-0.610023
0.394565,-0.609871
0.393832,-0.609719
0.393099,-0.609567
0.392367,-0.609415
0.391634,-0.609263
0.390901,-0.609112
0.390169,-0.60896
0.389436,-0.608808
0.388703,-0.608656
0.38797,-0.608504
0.387238,-0.608352
0.386505,-0.608201
0.385772,-0.608049
0.38504,-0.607897
0.384307,-0.607745
0.383574,-0.607593
0.382842,-0.607442
0.382109,-0.60729
0.381376,-0.607138
0.380644,-0.606986
0.379911,-0.606834
0.379178,-0.606682
0.378445,-0.606531
0.377713,-0.606379
0.37698,-0.606227
0.376247,-0.606075
0.375515,-0.605923
0.374782,-0.605771
0.374049,-0.60562
0.373317,-0.605468
0.372584,-0.605316
0.371851,-0.605164
0.371119,-0.605012
0.370386,-0.604861
0.369653,-0.604709
0.368921,-0.604557
0.368188,-0.604405
0.367455,-0.604253
0.366722,-0.604101
0.36599,-0.60395
0.365257,-0.603798
0.364524,-0.603646
0.363792,-0.603494
0.363059,-0.603342
0.362326,-0.60319
0.361594,-0.603039
0.360861,-0.602887
0.360128,-0.602735
0.359396,-0.602583
0.358663,-0.602431
0.35793,-0.60228
0.357197,-0.602128
0.356465,-0.601976
0.355732,-0.601824
0.354999,-0.601672
0.354267,-0.60152
0.353534,-0.601369
0.352801,-0.601217
0.352069,-0.601065
0.351336,-0.600913
0.350603,-0.600761
0.349871,-0.60061
0.349138,-0.600458
0.348405,-0.600306
0.347673,-0.600154
0.34694,-0.600002
0.346207,-0.59985
0.345474,-0.599699
0.344742,-0.599547
0.344009,-0.599395
0.343276,-0.599243
0.342544,-0.599091
0.341811,-0.598939
0.341078,-0.598788
0.340346,-0.598636
0.339613,-0.598484
0.33888,-0.598332
0.338148,-0.59818
0.337415,-0.598029
0.336682,-0.597877
0.335949,-0.597725
0.335217,-0.597573
0.334484,-0.597421
0.333751,-0.597269
0.333019,-0.597118
0.332286,-0.596966
0.331553,-0.596814
0.330821,-0.596662
0.330088,-0.59651
0.329355,-0.596358
0.328623,-0.596207
0.32789,-0.596055
0.327157,-0.595903
0.326425,-0.595751
0.325692,-0.595599
0.324959,-0.595448
0.324226,-0.595296
0.323494,-0.595144
0.322761,-0.594992
0.322028,-0.59484
0.321296,-0.594688
0.320563,-0.594537
0.31983,-0.594385
0.319098,-0.594233
0.318365,-0.594081
0.317632,-0.593929
0.3169,-0.593777
0.316167,-0.593626
0.315434,-0.593474
0.314701,-0.593322
0.313969,-0.59317
0.313236,-0.593018
0.312503,-0.592867
0.311771,-0.592715
0.311038,-0.592563
0.310305,-0.592411
0.312015,-0.592713
0.313724,-0.593014
0.315434,-0.593316
0.317143,-0.593617
0.318852,-0.593919
0.320562,-0.59422
0.322271,-0.594522
0.32398,-0.594823
0.32569,-0.595125
0.327399,-0.595426
0.329109,-0.595728
0.330818,-0.596029
0.332527,-0.596331
0.334237,-0.596633
0.335946,-0.596934
0.337656,-0.597236
0.339365,-0.597537
0.341074,-0.597839
0.342784,-0.59814
0.344493,-0.598442
0.346203,-0.598743
0.347912,-0.599045
0.349621,-0.599346
0.351331,-0.599648
0.35304,-0.599949
0.35475,-0.600251
0.356459,-0.600552
0.358168,-0.600854
0.359878,-0.601155
0.361587,-0.601457
0.363296,-0.601759
0.365006,-0.60206
0.366715,-0.602362
0.368425,-0.602663
0.370134,-0.602965
0.371843,-0.603266
0.373553,-0.603568
0.375262,-0.603869
0.376972,-0.604171
0.378681,-0.604472
0.38039,-0.604774
0.3821,-0.605075
0.383809,-0.605377
0.385519,-0.605678
0.387228,-0.60598
0.388937,-0.606281
0.390647,-0.606583
0.392356,-0.606885
0.394066,-0.607186
0.395775,-0.607488
0.397484,-0.607789
0.399194,-0.608091
0.400903,-0.608392
0.402612,-0.608694
0.404322,-0.608995
0.406031,-0.609297
0.407741,-0.609598
0.40945,-0.6099
0.411159,-0.610201
0.412869,-0.610503
0.414578,-0.610804
0.416288,-0.611106
0.417997,-0.611408
0.419706,-0.611709
0.421416,-0.612011
0.423125,-0.612312
0.424835,-0.612614
0.426544,-0.612915
0.428253,-0.613217
0.429963,-0.613518
0.431672,-0.61382
0.433381,-0.614121
0.435091,-0.614423
0.4368,-0.614724
0.43851,-0.615026
0.440219,-0.615327
0.441928,-0.615629
0.443638,-0.61593
0.445347,-0.616232
0.447057,-0.616534
0.448766,-0.616835
0.450475,-0.617137
0.452185,-0.617438
0.453894,-0.61774
0.455604,-0.618041
0.457313,-0.618343
0.459022,-0.618644
0.460732,-0.618946
0.462441,-0.619247
0.464151,-0.619549
0.46586,-0.61985
0.467569,-0.620152
0.469279,-0.620453
0.470988,-0.620755
0.472697,-0.621056
0.474407,-0.621358
0.476116,-0.62166
0.477826,-0.621961
0.479535,-0.622263
0.481244,-0.622564
0.482954,-0.622866
0.484663,-0.623167
0.486373,-0.623469
0.488082,-0.62377
0.489791,-0.624072
0.491501,-0.624373
0.49321,-0.624675
0.49492,-0.624976
0.496629,-0.625278
0.498338,-0.625579
0.500048,-0.625881
0.501757,-0.626182
0.503467,-0.626484
0.505176,-0.626786
0.506885,-0.627087
0.508595,-0.627389
0.510304,-0.62769
0.512013,-0.627992
0.513723,-0.628293
0.515432,-0.628595
0.517142,-0.628896
0.518851,-0.629198
0.52056,-0.629499
0.52227,-0.629801
0.523979,-0.630102
0.525689,-0.630404
0.527398,-0.630705
0.529107,-0.631007
0.530817,-0.631309
0.532526,-0.63161
0.534236,-0.631912
0.535945,-0.632213
0.537654,-0.632515
0.539364,-0.632816
0.541073,-0.633118
0.542783,-0.633419
0.544492,-0.633721
0.546201,-0.634022
0.547911,-0.634324
0.54962,-0.634625
0.551329,-0.634927
0.553039,-0.635228
0.554748,-0.63553
0.556458,-0.635831
0.558167,-0.636133
0.559876,-0.636435
0.561586,-0.636736
0.563295,-0.637038
0.565005,-0.637339
0.566714,-0.637641
0.566892,-0.636249
0.56707,-0.634858
0.567247,-0.633467
0.567425,-0.632076
0.567603,-0.630684
0.567781,-0.629293
0.567958,-0.627902
0.568136,-0.626511
0.568314,-0.625119
0.568492,-0.623728
0.56867,-0.622337
0.568847,-0.620946
0.569025,-0.619554
0.569203,-0.618163
0.569381,-0.616772
0.569558,-0.615381
0.569736,-0.613989
0.569914,-0.612598
0.570092,-0.611207
0.57027,-0.609816
0.570447,-0.608424
0.570625,-0.607033
0.570803,-0.605642
0.570981,-0.604251
0.571158,-0.602859
0.571336,-0.601468
0.571514,-0.600077
0.571692,-0.598686
0.57187,-0.597294
0.572047,-0.595903
0.572225,-0.594512
0.572403,-0.593121
0.572581,-0.591729
0.572758,-0.590338
0.572936,-0.588947
0.573114,-0.587556
0.573292,-0.586164
0.57347,-0.584773
0.573647,-0.583382
0.573825,-0.581991
0.574003,-0.580599
0.574181,-0.579208
0.574359,-0.577817
0.574536,-0.576426
0.574714,-0.575034
0.574892,-0.573643
0.57507,-0.572252
0.575247,-0.570861
0.575425,-0.569469
0.575603,-0.568078
0.575781,-0.566687
0.575959,-0.565296
0.576136,-0.563904
0.576314,-0.562513
0.576492,-0.561122
0.57667,-0.55973
0.576847,-0.558339
0.577025,-0.556948
0.577203,-0.555557
0.577381,-0.554165
0.577559,-0.552774
0.577736,-0.551383
0.577914,-0.549992
0.578092,-0.5486
0.57827,-0.547209
0.578447,-0.545818
0.578625,-0.544427
0.578803,-0.543035
0.578981,-0.541644
0.579159,-0.540253
0.579336,-0.538862
0.579514,-0.53747
0.579692,-0.536079
0.57987,-0.534688
0.580047,-0.533297
0.580225,-0.531905
0.580403,-0.530514
0.580581,-0.529123
0.580759,-0.527732
0.580936,-0.52634
0.581114,-0.524949
0.581292,-0.523558
0.58147,-0.522167
0.581647,-0.520775
0.581825,-0.519384
0.582003,-0.517993
0.582181,-0.516602
0.582359,-0.51521
0.582536,-0.513819
0.582714,-0.512428
0.582892,-0.511037
0.58307,-0.509645
0.583247,-0.508254
0.583425,-0.506863
0.583603,-0.505472
0.583781,-0.50408
0.583959,-0.502689
0.584136,-0.501298
0.584314,-0.499907
0.584492,-0.498515
0.58467,-0.497124
0.584848,-0.495733
0.585025,-0.494342
0.585203,-0.49295
0.585381,-0.491559
0.585559,-0.490168
0.585736,-0.488777
0.585914,-0.487385
0.586092,-0.485994
0.58627,-0.484603
0.586448,-0.483212
0.586625,-0.48182
0.586803,-0.480429
0.586981,-0.479038
0.587159,-0.477647
0.587336,-0.476255
0.587514,-0.474864
0.587692,-0.473473
0.58787,-0.472082
0.588048,-0.47069
0.588225,-0.469299
0.588403,-0.467908
0.588581,-0.466517
0.588759,-0.465125
0.588936,-0.463734
0.589114,-0.462343
0.589292,-0.460952
0.58947,-0.45956
0.589648,-0.458169
0.589825,-0.456778
0.590003,-0.455387
0.590181,-0.453995
0.590359,-0.452604
0.590536,-0.451213
0.590714,-0.449822
0.590892,-0.44843
0.59107,-0.447039
0.591248,-0.445648
0.591425,-0.444256
0.591603,-0.442865
0.591781,-0.441474
0.591959,-0.440083
0.592136,-0.438691
0.592314,-0.4373
0.592492,-0.435909
0.59267,-0.434518
0.592848,-0.433126
0.593025,-0.431735
0.593203,-0.430344
