O
25
1,0,-1,0.78,-0.5,0.75,0.0,0.0,0.0,0.3,0.4,0.02,0,0.8,False
2,0,-1,1.1,-0.5,0.93,0.0,0.0,0.0,0.02,0.4,0.2,0,0.8,False
3,0,-1,0.78,-0.5,1.11,0.0,0.0,0.0,0.3,0.4,0.02,0,0.8,False
4,0,-1,0.8,-0.92,0.93,0.0,0.0,0.0,0.32,0.02,0.2,0,0.8,False
5,0,-1,0.8,-0.08,0.93,0.0,0.0,0.0,0.32,0.02,0.2,0,0.8,False
6,2,0,0.7216814611067007,-0.357452535520725,0.8450000000000001,0.0,0.0,5.123477805611608,0.0470161417027986,0.0470161417027986,0.15,0.05398225839486731,0.8529478310055064,False
7,2,0,0.8116608650688119,-0.6447990315993546,0.8450000000000001,0.0,0.0,1.633302698039024,0.03,0.03,0.15,0.04262179789484,0.8723996946485033,False
8,2,0,0.674557973263998,-0.7371598354752518,0.8579520327814125,0.0,0.0,5.26753858501823,0.03,0.03,0.17590406556282495,0.1694601166575359,1.1174469379542522,False
9,2,0,0.9156897682396175,-0.4165617676277341,0.8450000000000001,0.0,0.0,5.34389548112743,0.061348258602785394,0.061348258602785394,0.15,0.0875948553116408,0.8196327201418183,False
10,2,0,0.6623774495323542,-0.5286066089837674,0.8450000000000001,0.0,0.0,3.2818097007730813,0.04122133324967705,0.04122133324967705,0.15,0.11595611778113973,0.8723708172127984,False
11,2,1,0.8214478023446481,-0.8301685166320371,0.8450000000000001,0.0,0.0,0.5783128816809333,0.03,0.03,0.15,0.4020453119814474,0.9684559480234096,True
12,2,1,0.8977566187878052,-0.6815556616351777,0.8450000000000001,0.0,0.0,4.800621073384924,0.03,0.03,0.15,0.040301165973921416,0.8778596319383754,True
13,0,1,0.971206837742352,-0.7955838626002273,0.86,0.0,0.0,0.14905729429427844,0.04384761397214147,0.05731853346783068,0.09,0.49260903259917366,1.0080790552491052,True
14,2,1,0.6931174789545259,-0.17840376924639623,0.8556057753647176,0.0,0.0,1.9771696915027344,0.03,0.03,0.1712115507294352,0.40449669720272374,1.191654487076131,True
15,2,1,0.9809496739407363,-0.19763973389697576,0.8484316800731169,0.0,0.0,4.523935033908809,0.03705766059178962,0.03705766059178962,0.1568633601462338,0.14015905720205268,1.1175696736896197,True
16,0,1,0.5424935647752199,-0.7780160468206336,0.8679386886273263,0.0,0.0,6.012242380311922,0.03,0.03,0.09793868862732627,0.3709594771862111,1.0433753394527612,True
17,2,1,0.5426768986397195,-0.4684823071212787,0.8450000000000001,0.0,0.0,3.7170858764150867,0.03,0.03,0.15,0.4198426474152551,0.8435897425301364,True
18,0,1,0.6615291276855145,-0.6397490648577635,0.8631370164277818,0.0,0.0,1.5939342284258238,0.03,0.03,0.09313701642778181,0.31485953396844113,1.047098667268283,True
19,2,1,0.5588359261827064,-0.2770803512249519,0.8450000000000001,0.0,0.0,2.6353932351463376,0.03,0.03,0.15,0.41789816207105046,0.8077301499609469,True
20,0,1,0.9491607096377235,-0.577233052945056,0.86,0.0,0.0,4.667829905822932,0.030584014391629704,0.03,0.09,0.06340273078913361,1.0794943593931114,True
21,2,1,0.8412713797204385,-0.20185970053813762,0.8450000000000001,0.0,0.0,5.731197299300675,0.03070025021585679,0.03070025021585679,0.15,0.14580848097399374,0.8845835304444338,True
22,2,1,0.5417335298225877,-0.147935425718986,0.848531945832593,0.0,0.0,3.2901375107475936,0.03,0.03,0.1570638916651859,0.30447845024931286,1.0104040971686379,True
23,0,1,0.9737835798268313,-0.683592089304548,0.9123609669864765,0.0,0.0,0.05532387811529488,0.03,0.03,0.1423609669864765,0.022146480755885545,1.175843820700252,True
24,2,1,0.8374756566307267,-0.5605348162645931,0.8450000000000001,0.0,0.0,3.218495428321011,0.03,0.03,0.15,0.24690474985686772,1.0940660205259691,True
25,2,1,0.5460703384249046,-0.6732096307257883,0.8450000000000001,0.0,0.0,5.941428625389539,0.03,0.03,0.15,0.2964345808216227,0.9228141439295237,True
R
0.0,0.0,0.0,0.0,0.0,0.0,1.0
S
8
torso_lift_joint,0
r_shoulder_pan_joint,-1.69017
r_shoulder_lift_joint,-0.0788625
r_upper_arm_roll_joint,-1.69017
r_elbow_flex_joint,-1.2717
r_forearm_roll_joint,-0.151824
r_wrist_flex_joint,-1.25254
r_wrist_roll_joint,0.675062
G
0.600367,-0.748143,0.857952,0.146977,-0,0
ooi
8
A
599
0.310248,-0.673113
0.311026,-0.672871
0.311804,-0.672628
0.312582,-0.672386
0.313359,-0.672144
0.314137,-0.671902
0.314915,-0.671659
0.315693,-0.671417
0.316471,-0.671175
0.317249,-0.670932
0.318026,-0.67069
0.318804,-0.670448
0.319582,-0.670205
0.32036,-0.669963
0.321138,-0.669721
0.321916,-0.669478
0.322693,-0.669236
0.323471,-0.668994
0.324249,-0.668751
0.325027,-0.668509
0.325805,-0.668267
0.326582,-0.668025
0.32736,-0.667782
0.328138,-0.66754
0.328916,-0.667298
0.329694,-0.667055
0.330472,-0.666813
0.331249,-0.666571
0.332027,-0.666328
0.332805,-0.666086
0.333583,-0.665844
0.334361,-0.665601
0.335139,-0.665359
0.335916,-0.665117
0.336694,-0.664874
0.337472,-0.664632
0.33825,-0.66439
0.339028,-0.664148
0.339805,-0.663905
0.340583,-0.663663
0.341361,-0.663421
0.342139,-0.663178
0.342917,-0.662936
0.343695,-0.662694
0.344472,-0.662451
0.34525,-0.662209
0.346028,-0.661967
0.346806,-0.661724
0.347584,-0.661482
0.348361,-0.66124
0.349139,-0.660997
0.349917,-0.660755
0.350695,-0.660513
0.351473,-0.66027
0.352251,-0.660028
0.353028,-0.659786
0.353806,-0.659544
0.354584,-0.659301
0.355362,-0.659059
0.35614,-0.658817
0.356918,-0.658574
0.357695,-0.658332
0.358473,-0.65809
0.359251,-0.657847
0.360029,-0.657605
0.360807,-0.657363
0.361584,-0.65712
0.362362,-0.656878
0.36314,-0.656636
0.363918,-0.656393
0.364696,-0.656151
0.365474,-0.655909
0.366251,-0.655667
0.367029,-0.655424
0.367807,-0.655182
0.368585,-0.65494
0.369363,-0.654697
0.370141,-0.654455
0.370918,-0.654213
0.371696,-0.65397
0.372474,-0.653728
0.373252,-0.653486
0.37403,-0.653243
0.374807,-0.653001
0.375585,-0.652759
0.376363,-0.652516
0.377141,-0.652274
0.377919,-0.652032
0.378697,-0.65179
0.379474,-0.651547
0.380252,-0.651305
0.38103,-0.651063
0.381808,-0.65082
0.382586,-0.650578
0.383364,-0.650336
0.384141,-0.650093
0.384919,-0.649851
0.385697,-0.649609
0.386475,-0.649366
0.387253,-0.649124
0.38803,-0.648882
0.388808,-0.648639
0.389586,-0.648397
0.390364,-0.648155
0.391142,-0.647913
0.39192,-0.64767
0.392697,-0.647428
0.393475,-0.647186
0.394253,-0.646943
0.395031,-0.646701
0.395809,-0.646459
0.396586,-0.646216
0.397364,-0.645974
0.398142,-0.645732
0.39892,-0.645489
0.399698,-0.645247
0.400476,-0.645005
0.401253,-0.644762
0.402031,-0.64452
0.402809,-0.644278
0.403587,-0.644036
0.404365,-0.643793
0.405143,-0.643551
0.40592,-0.643309
0.406698,-0.643066
0.407476,-0.642824
0.408254,-0.642582
0.409032,-0.642339
0.409809,-0.642097
0.410587,-0.641855
0.411365,-0.641612
0.412143,-0.64137
0.412921,-0.641128
0.413699,-0.640885
0.414476,-0.640643
0.415254,-0.640401
0.416032,-0.640159
0.41681,-0.639916
0.417588,-0.639674
0.418366,-0.639432
0.419143,-0.639189
0.419921,-0.638947
0.420699,-0.638705
0.421477,-0.638462
0.422255,-0.63822
0.423032,-0.637978
0.42381,-0.637735
0.424588,-0.637493
0.425366,-0.637251
0.426144,-0.637008
0.426922,-0.636766
0.425924,-0.637907
0.424926,-0.639048
0.423928,-0.640189
0.42293,-0.64133
0.421933,-0.642471
0.420935,-0.643612
0.419937,-0.644753
0.418939,-0.645894
0.417942,-0.647035
0.416944,-0.648176
0.415946,-0.649317
0.414948,-0.650458
0.413951,-0.651599
0.412953,-0.65274
0.411955,-0.653881
0.410957,-0.655023
0.409959,-0.656164
0.408962,-0.657305
0.407964,-0.658446
0.406966,-0.659587
0.405968,-0.660728
0.404971,-0.661869
0.403973,-0.66301
0.402975,-0.664151
0.401977,-0.665292
0.40098,-0.666433
0.399982,-0.667574
0.398984,-0.668715
0.397986,-0.669856
0.396988,-0.670997
0.395991,-0.672138
0.394993,-0.673279
0.393995,-0.67442
0.392997,-0.675561
0.392,-0.676702
0.391002,-0.677843
0.390004,-0.678984
0.389006,-0.680125
0.388008,-0.681266
0.387011,-0.682407
0.386013,-0.683548
0.385015,-0.684689
0.384017,-0.68583
0.38302,-0.686971
0.382022,-0.688112
0.381024,-0.689253
0.380026,-0.690394
0.379029,-0.691535
0.378031,-0.692676
0.377033,-0.693817
0.376035,-0.694958
0.375037,-0.696099
0.37404,-0.69724
0.373042,-0.698381
0.372044,-0.699522
0.371046,-0.700663
0.370049,-0.701804
0.369051,-0.702945
0.368053,-0.704087
0.367055,-0.705228
0.366058,-0.706369
0.36506,-0.70751
0.364062,-0.708651
0.363064,-0.709792
0.362066,-0.710933
0.361069,-0.712074
0.360071,-0.713215
0.359073,-0.714356
0.358075,-0.715497
0.357078,-0.716638
0.35608,-0.717779
0.355082,-0.71892
0.354084,-0.720061
0.353086,-0.721202
0.352089,-0.722343
0.351091,-0.723484
0.350093,-0.724625
0.349095,-0.725766
0.348098,-0.726907
0.3471,-0.728048
0.346102,-0.729189
0.345104,-0.73033
0.344107,-0.731471
0.343109,-0.732612
0.342111,-0.733753
0.341113,-0.734894
0.340115,-0.736035
0.339118,-0.737176
0.33812,-0.738317
0.337122,-0.739458
0.336124,-0.740599
0.335127,-0.74174
0.334129,-0.742881
0.333131,-0.744022
0.332133,-0.745163
0.331135,-0.746304
0.330138,-0.747445
0.32914,-0.748586
0.328142,-0.749727
0.327144,-0.750868
0.326147,-0.752009
0.325149,-0.75315
0.324151,-0.754292
0.323153,-0.755433
0.322156,-0.756574
0.321158,-0.757715
0.32016,-0.758856
0.319162,-0.759997
0.318164,-0.761138
0.317167,-0.762279
0.316169,-0.76342
0.315171,-0.764561
0.314173,-0.765702
0.313176,-0.766843
0.312178,-0.767984
0.31118,-0.769125
0.310182,-0.770266
0.309185,-0.771407
0.308187,-0.772548
0.307189,-0.773689
0.306191,-0.77483
0.305193,-0.775971
0.304196,-0.777112
0.303198,-0.778253
0.3022,-0.779394
0.301202,-0.780535
0.300205,-0.781676
0.299207,-0.782817
0.298209,-0.783958
0.297211,-0.785099
0.296213,-0.78624
0.295216,-0.787381
0.294218,-0.788522
0.29322,-0.789663
0.292222,-0.790804
0.291225,-0.791945
0.290227,-0.793086
0.289229,-0.794227
0.288231,-0.795368
0.287234,-0.796509
0.286236,-0.79765
0.285238,-0.798791
0.28424,-0.799932
0.283242,-0.801073
0.282245,-0.802214
0.281247,-0.803355
0.280249,-0.804497
0.279251,-0.805638
0.278254,-0.806779
0.279251,-0.806661
0.280249,-0.806544
0.281247,-0.806426
0.282245,-0.806309
0.283243,-0.806191
0.284241,-0.806073
0.285239,-0.805956
0.286237,-0.805838
0.287235,-0.805721
0.288232,-0.805603
0.28923,-0.805486
0.290228,-0.805368
0.291226,-0.805251
0.292224,-0.805133
0.293222,-0.805016
0.29422,-0.804898
0.295218,-0.804781
0.296216,-0.804663
0.297213,-0.804546
0.298211,-0.804428
0.299209,-0.804311
0.300207,-0.804193
0.301205,-0.804076
0.302203,-0.803958
0.303201,-0.803841
0.304199,-0.803723
0.305197,-0.803606
0.306194,-0.803488
0.307192,-0.803371
0.30819,-0.803253
0.309188,-0.803136
0.310186,-0.803018
0.311184,-0.802901
0.312182,-0.802783
0.31318,-0.802666
0.314178,-0.802548
0.315175,-0.80243
0.316173,-0.802313
0.317171,-0.802195
0.318169,-0.802078
0.319167,-0.80196
0.320165,-0.801843
0.321163,-0.801725
0.322161,-0.801608
0.323159,-0.80149
0.324156,-0.801373
0.325154,-0.801255
0.326152,-0.801138
0.32715,-0.80102
0.328148,-0.800903
0.329146,-0.800785
0.330144,-0.800668
0.331142,-0.80055
0.332139,-0.800433
0.333137,-0.800315
0.334135,-0.800198
0.335133,-0.80008
0.336131,-0.799963
0.337129,-0.799845
0.338127,-0.799728
0.339125,-0.79961
0.340123,-0.799493
0.34112,-0.799375
0.342118,-0.799258
0.343116,-0.79914
0.344114,-0.799023
0.345112,-0.798905
0.34611,-0.798788
0.347108,-0.79867
0.348106,-0.798552
0.349104,-0.798435
0.350101,-0.798317
0.351099,-0.7982
0.352097,-0.798082
0.353095,-0.797965
0.354093,-0.797847
0.355091,-0.79773
0.356089,-0.797612
0.357087,-0.797495
0.358085,-0.797377
0.359082,-0.79726
0.36008,-0.797142
0.361078,-0.797025
0.362076,-0.796907
0.363074,-0.79679
0.364072,-0.796672
0.36507,-0.796555
0.366068,-0.796437
0.367066,-0.79632
0.368063,-0.796202
0.369061,-0.796085
0.370059,-0.795967
0.371057,-0.79585
0.372055,-0.795732
0.373053,-0.795615
0.374051,-0.795497
0.375049,-0.79538
0.376046,-0.795262
0.377044,-0.795145
0.378042,-0.795027
0.37904,-0.79491
0.380038,-0.794792
0.381036,-0.794674
0.382034,-0.794557
0.383032,-0.794439
0.38403,-0.794322
0.385027,-0.794204
0.386025,-0.794087
0.387023,-0.793969
0.388021,-0.793852
0.389019,-0.793734
0.390017,-0.793617
0.391015,-0.793499
0.392013,-0.793382
0.393011,-0.793264
0.394008,-0.793147
0.395006,-0.793029
0.396004,-0.792912
0.397002,-0.792794
0.398,-0.792677
0.398998,-0.792559
0.399996,-0.792442
0.400994,-0.792324
0.401992,-0.792207
0.402989,-0.792089
0.403987,-0.791972
0.404985,-0.791854
0.405983,-0.791737
0.406981,-0.791619
0.407979,-0.791502
0.408977,-0.791384
0.409975,-0.791267
0.410973,-0.791149
0.41197,-0.791031
0.412968,-0.790914
0.413966,-0.790796
0.414964,-0.790679
0.415962,-0.790561
0.41696,-0.790444
0.417958,-0.790326
0.418956,-0.790209
0.419954,-0.790091
0.420951,-0.789974
0.421949,-0.789856
0.422947,-0.789739
0.423945,-0.789621
0.424943,-0.789504
0.425941,-0.789386
0.426939,-0.789269
0.427937,-0.789151
0.429094,-0.788876
0.430251,-0.788601
0.431408,-0.788326
0.432566,-0.78805
0.433723,-0.787775
0.43488,-0.7875
0.436037,-0.787225
0.437195,-0.786949
0.438352,-0.786674
0.439509,-0.786399
0.440666,-0.786124
0.441824,-0.785849
0.442981,-0.785573
0.444138,-0.785298
0.445295,-0.785023
0.446453,-0.784748
0.44761,-0.784473
0.448767,-0.784197
0.449924,-0.783922
0.451082,-0.783647
0.452239,-0.783372
0.453396,-0.783096
0.454553,-0.782821
0.455711,-0.782546
0.456868,-0.782271
0.458025,-0.781996
0.459182,-0.78172
0.46034,-0.781445
0.461497,-0.78117
0.462654,-0.780895
0.463811,-0.780619
0.464969,-0.780344
0.466126,-0.780069
0.467283,-0.779794
0.46844,-0.779519
0.469598,-0.779243
0.470755,-0.778968
0.471912,-0.778693
0.473069,-0.778418
0.474227,-0.778142
0.475384,-0.777867
0.476541,-0.777592
0.477698,-0.777317
0.478856,-0.777042
0.480013,-0.776766
0.48117,-0.776491
0.482327,-0.776216
0.483485,-0.775941
0.484642,-0.775665
0.485799,-0.77539
0.486956,-0.775115
0.488114,-0.77484
0.489271,-0.774565
0.490428,-0.774289
0.491585,-0.774014
0.492743,-0.773739
0.4939,-0.773464
0.495057,-0.773188
0.496214,-0.772913
0.497372,-0.772638
0.498529,-0.772363
0.499686,-0.772088
0.500843,-0.771812
0.502,-0.771537
0.503158,-0.771262
0.504315,-0.770987
0.505472,-0.770712
0.506629,-0.770436
0.507787,-0.770161
0.508944,-0.769886
0.510101,-0.769611
0.511258,-0.769335
0.512416,-0.76906
0.513573,-0.768785
0.51473,-0.76851
0.515887,-0.768235
0.517045,-0.767959
0.518202,-0.767684
0.519359,-0.767409
0.520516,-0.767134
0.521674,-0.766858
0.522831,-0.766583
0.523988,-0.766308
0.525145,-0.766033
0.526303,-0.765758
0.52746,-0.765482
0.528617,-0.765207
0.529774,-0.764932
0.530932,-0.764657
0.532089,-0.764381
0.533246,-0.764106
0.534403,-0.763831
0.535561,-0.763556
0.536718,-0.763281
0.537875,-0.763005
0.539032,-0.76273
0.54019,-0.762455
0.541347,-0.76218
0.542504,-0.761904
0.543661,-0.761629
0.544819,-0.761354
0.545976,-0.761079
0.547133,-0.760804
0.54829,-0.760528
0.549448,-0.760253
0.550605,-0.759978
0.551762,-0.759703
0.552919,-0.759427
0.554077,-0.759152
0.555234,-0.758877
0.556391,-0.758602
0.557548,-0.758327
0.558706,-0.758051
0.559863,-0.757776
0.56102,-0.757501
0.562177,-0.757226
0.563335,-0.756951
0.564492,-0.756675
0.565649,-0.7564
0.566806,-0.756125
0.567964,-0.75585
0.569121,-0.755574
0.570278,-0.755299
0.571435,-0.755024
0.572593,-0.754749
0.57375,-0.754474
0.574907,-0.754198
0.576064,-0.753923
0.577222,-0.753648
0.578379,-0.753373
0.579536,-0.753097
0.580693,-0.752822
0.581851,-0.752547
0.583008,-0.752272
0.584165,-0.751997
0.585322,-0.751721
0.58648,-0.751446
0.587637,-0.751171
0.588794,-0.750896
0.589951,-0.75062
0.591109,-0.750345
0.592266,-0.75007
0.593423,-0.749795
0.59458,-0.74952
0.595738,-0.749244
0.596895,-0.748969
0.598052,-0.748694
0.599209,-0.748419
0.600367,-0.748143
