O
25
1,0,-1,0.78,-0.5,0.75,0.0,0.0,0.0,0.3,0.4,0.02,0,0.8,False
2,0,-1,1.1,-0.5,0.93,0.0,0.0,0.0,0.02,0.4,0.2,0,0.8,False
3,0,-1,0.78,-0.5,1.11,0.0,0.0,0.0,0.3,0.4,0.02,0,0.8,False
4,0,-1,0.8,-0.92,0.93,0.0,0.0,0.0,0.32,0.02,0.2,0,0.8,False
5,0,-1,0.8,-0.08,0.93,0.0,0.0,0.0,0.32,0.02,0.2,0,0.8,False
6,0,0,0.8450018495925055,-0.49140710827223016,0.86,0.0,0.0,4.6882957448338,0.054235747713775914,0.0780513010679433,0.09,0.43169488863740546,1.061422077024703,False
7,0,0,0.8939051285789785,-0.7575103989874289,0.9183593932324053,0.0,0.0,6.139618571315963,0.059746137653180105,0.04009008786702661,0.14835939323240535,0.36268726112337013,1.0133556302058595,False
8,0,0,0.7035588382035127,-0.16082785678767664,0.86,0.0,0.0,3.708558407874427,0.03020927569416947,0.03275863453179332,0.09,0.20284143165764612,0.8524898570508371,False
9,0,0,0.5702424816479466,-0.30185844715326726,0.8910981409009857,0.0,0.0,4.093623232105488,0.060890983386848944,0.038635264286638875,0.12109814090098564,0.09575401053776306,0.8033509053108346,False
10,2,0,0.8268016774425033,-0.3272489508853833,0.8450000000000001,0.0,0.0,0.23391106376928708,0.05774050029824888,0.05774050029824888,0.15,0.2594465283931014,1.1530795060485879,False
11,2,1,0.9354612748173324,-0.16048083720960094,0.8450000000000001,0.0,0.0,4.787654396125693,0.040158279380254305,0.040158279380254305,0.15,0.4993065912681767,1.0454072429023722,True
12,0,1,0.9622864272910495,-0.2993194857103293,0.8610648824704066,0.0,0.0,5.590403520514325,0.03348450200767584,0.034129486104799246,0.09106488247040652,0.11173757400538387,0.9787057990549355,True
13,0,1,0.6747060442689755,-0.7989322203497915,0.86,0.0,0.0,6.075340021886974,0.03,0.03,0.09,0.14588751715199771,0.9613663826309183,True
14,2,1,0.877030414614756,-0.8573390413515426,0.8458562262834155,0.0,0.0,0.004921458190794548,0.03,0.03,0.15171245256683097,0.49446121845043406,0.8078975028674192,True
15,0,1,0.9543708925793566,-0.6042636267051195,0.86,0.0,0.0,0.22687806253859844,0.07123708451764595,0.03,0.09,0.4622871949047748,1.050783663285994,True
16,2,1,0.7561448610393946,-0.6604513869907153,0.8450000000000001,0.0,0.0,4.550470627956474,0.054514481527945885,0.054514481527945885,0.15,0.13109350877981873,1.1805782117919943,True
17,0,1,0.6359312283541629,-0.5193715141505485,0.86,0.0,0.0,2.283159239515254,0.03,0.03,0.09,0.206172902888753,0.9649219945724725,True
18,2,1,0.6450705940632073,-0.7178757823496452,0.8450000000000001,0.0,0.0,3.126184997877796,0.03,0.03,0.15,0.2321556077111629,0.834628637910501,True
19,0,1,0.7795223145593698,-0.7992293833394813,0.9005710391379796,0.0,0.0,1.734100618894123,0.03,0.03,0.13057103913797963,0.31430856209180963,1.1137410318273226,True
20,2,1,0.565609276806399,-0.7259191931435012,0.8450000000000001,0.0,0.0,1.5491414803346224,0.03,0.03,0.15,0.2899125647841014,1.1694070630056854,True
21,2,1,0.7010912016090287,-0.3266253148619567,0.8450000000000001,0.0,0.0,1.9766396999562776,0.03,0.03,0.15,0.34754475085554243,0.864185678964695,True
22,2,1,0.5977034753889042,-0.1594068340557988,0.8450000000000001,0.0,0.0,3.7783697347473506,0.03,0.03,0.15,0.35783743122793354,0.8137484408687473,True
23,2,1,1.0194941382036498,-0.44757933340117506,0.8597589299621324,0.0,0.0,2.0685805547316747,0.03,0.03,0.17951785992426483,0.35787413070117813,0.817570969707105,True
24,0,1,0.5839639239253488,-0.6363559533786229,0.86,0.0,0.0,1.4422985331646676,0.03,0.0773416014002998,0.09,0.004606771011155197,1.0517444453403955,True
25,0,1,0.546264649507828,-0.49163707238909116,0.8873237781378487,0.0,0.0,4.6442418029671995,0.03,0.03,0.11732377813784872,0.0011854969020714812,0.8580539840640979,True
R
0.0,0.0,0.0,0.0,0.0,0.0,1.0
S
8
torso_lift_joint,0
r_shoulder_pan_joint,-1.69017
r_shoulder_lift_joint,-0.0788625
r_upper_arm_roll_joint,-1.69017
r_elbow_flex_joint,-1.2717
r_forearm_roll_joint,-0.151824
r_wrist_flex_joint,-1.25254
r_wrist_roll_joint,0.675062
G
0.508823,-0.388117,0.891098,0.952031,-0,0
ooi
9
A
599
0.310248,-0.673113
0.310405,-0.672282
0.310562,-0.671451
0.310719,-0.670619
0.310875,-0.669788
0.311032,-0.668957
0.311189,-0.668126
0.311346,-0.667294
0.311503,-0.666463
0.31166,-0.665632
0.311816,-0.664801
0.311973,-0.66397
0.31213,-0.663138
0.312287,-0.662307
0.312444,-0.661476
0.3126,-0.660645
0.312757,-0.659813
0.312914,-0.658982
0.313071,-0.658151
0.313228,-0.65732
0.313385,-0.656488
0.313541,-0.655657
0.313698,-0.654826
0.313855,-0.653995
0.314012,-0.653164
0.314169,-0.652332
0.314326,-0.651501
0.314482,-0.65067
0.314639,-0.649839
0.314796,-0.649007
0.314953,-0.648176
0.31511,-0.647345
0.315266,-0.646514
0.315423,-0.645682
0.31558,-0.644851
0.315737,-0.64402
0.315894,-0.643189
0.316051,-0.642358
0.316207,-0.641526
0.316364,-0.640695
0.316521,-0.639864
0.316678,-0.639033
0.316835,-0.638201
0.316991,-0.63737
0.317148,-0.636539
0.317305,-0.635708
0.317462,-0.634876
0.317619,-0.634045
0.317776,-0.633214
0.317932,-0.632383
0.318089,-0.631552
0.318246,-0.63072
0.318403,-0.629889
0.31856,-0.629058
0.318716,-0.628227
0.318873,-0.627395
0.31903,-0.626564
0.319187,-0.625733
0.319344,-0.624902
0.319501,-0.624071
0.319657,-0.623239
0.319814,-0.622408
0.319971,-0.621577
0.320128,-0.620746
0.320285,-0.619914
0.320441,-0.619083
0.320598,-0.618252
0.320755,-0.617421
0.320912,-0.616589
0.321069,-0.615758
0.321226,-0.614927
0.321382,-0.614096
0.321539,-0.613265
0.321696,-0.612433
0.321853,-0.611602
0.32201,-0.610771
0.322167,-0.60994
0.322323,-0.609108
0.32248,-0.608277
0.322637,-0.607446
0.322794,-0.606615
0.322951,-0.605783
0.323107,-0.604952
0.323264,-0.604121
0.323421,-0.60329
0.323578,-0.602459
0.323735,-0.601627
0.323892,-0.600796
0.324048,-0.599965
0.324205,-0.599134
0.324362,-0.598302
0.324519,-0.597471
0.324676,-0.59664
0.324832,-0.595809
0.324989,-0.594977
0.325146,-0.594146
0.325303,-0.593315
0.32546,-0.592484
0.325617,-0.591653
0.325773,-0.590821
0.32593,-0.58999
0.326087,-0.589159
0.326244,-0.588328
0.326401,-0.587496
0.326557,-0.586665
0.326714,-0.585834
0.326871,-0.585003
0.327028,-0.584171
0.327185,-0.58334
0.327342,-0.582509
0.327498,-0.581678
0.327655,-0.580847
0.327812,-0.580015
0.327969,-0.579184
0.328126,-0.578353
0.328282,-0.577522
0.328439,-0.57669
0.328596,-0.575859
0.328753,-0.575028
0.32891,-0.574197
0.329067,-0.573365
0.329223,-0.572534
0.32938,-0.571703
0.329537,-0.570872
0.329694,-0.570041
0.329851,-0.569209
0.330008,-0.568378
0.330164,-0.567547
0.330321,-0.566716
0.330478,-0.565884
0.330635,-0.565053
0.330792,-0.564222
0.330948,-0.563391
0.331105,-0.562559
0.331262,-0.561728
0.331419,-0.560897
0.331576,-0.560066
0.331733,-0.559235
0.331889,-0.558403
0.332046,-0.557572
0.332203,-0.556741
0.33236,-0.55591
0.332517,-0.555078
0.332673,-0.554247
0.33283,-0.553416
0.332987,-0.552585
0.333144,-0.551753
0.333301,-0.550922
0.333458,-0.550091
0.333614,-0.54926
0.333771,-0.548429
0.333137,-0.54805
0.332502,-0.547672
0.331867,-0.547293
0.331232,-0.546915
0.330598,-0.546536
0.329963,-0.546158
0.329328,-0.545779
0.328694,-0.545401
0.328059,-0.545022
0.327424,-0.544644
0.32679,-0.544265
0.326155,-0.543886
0.32552,-0.543508
0.324886,-0.543129
0.324251,-0.542751
0.323616,-0.542372
0.322982,-0.541994
0.322347,-0.541615
0.321712,-0.541237
0.321077,-0.540858
0.320443,-0.54048
0.319808,-0.540101
0.319173,-0.539723
0.318539,-0.539344
0.317904,-0.538966
0.317269,-0.538587
0.316635,-0.538209
0.316,-0.53783
0.315365,-0.537452
0.314731,-0.537073
0.314096,-0.536695
0.313461,-0.536316
0.312827,-0.535938
0.312192,-0.535559
0.311557,-0.535181
0.310923,-0.534802
0.310288,-0.534424
0.309653,-0.534045
0.309018,-0.533667
0.308384,-0.533288
0.307749,-0.53291
0.307114,-0.532531
0.30648,-0.532153
0.305845,-0.531774
0.30521,-0.531396
0.304576,-0.531017
0.303941,-0.530639
0.303306,-0.53026
0.302672,-0.529882
0.302037,-0.529503
0.301402,-0.529125
0.300768,-0.528746
0.300133,-0.528368
0.299498,-0.527989
0.298864,-0.527611
0.298229,-0.527232
0.297594,-0.526854
0.296959,-0.526475
0.296325,-0.526097
0.29569,-0.525718
0.295055,-0.52534
0.294421,-0.524961
0.293786,-0.524583
0.293151,-0.524204
0.292517,-0.523826
0.291882,-0.523447
0.291247,-0.523069
0.290613,-0.52269
0.289978,-0.522312
0.289343,-0.521933
0.288709,-0.521555
0.288074,-0.521176
0.287439,-0.520798
0.286804,-0.520419
0.28617,-0.520041
0.285535,-0.519662
0.2849,-0.519284
0.284266,-0.518905
0.283631,-0.518527
0.282996,-0.518148
0.282362,-0.51777
0.281727,-0.517391
0.281092,-0.517013
0.280458,-0.516634
0.279823,-0.516256
0.279188,-0.515877
0.278554,-0.515499
0.277919,-0.51512
0.277284,-0.514742
0.27665,-0.514363
0.276015,-0.513985
0.27538,-0.513606
0.274745,-0.513227
0.274111,-0.512849
0.273476,-0.51247
0.272841,-0.512092
0.272207,-0.511713
0.271572,-0.511335
0.270937,-0.510956
0.270303,-0.510578
0.269668,-0.510199
0.269033,-0.509821
0.268399,-0.509442
0.267764,-0.509064
0.267129,-0.508685
0.266495,-0.508307
0.26586,-0.507928
0.265225,-0.50755
0.264591,-0.507171
0.263956,-0.506793
0.263321,-0.506414
0.262686,-0.506036
0.262052,-0.505657
0.261417,-0.505279
0.260782,-0.5049
0.260148,-0.504522
0.259513,-0.504143
0.258878,-0.503765
0.258244,-0.503386
0.257609,-0.503008
0.256974,-0.502629
0.25634,-0.502251
0.255705,-0.501872
0.25507,-0.501494
0.254436,-0.501115
0.253801,-0.500737
0.253166,-0.500358
0.252531,-0.49998
0.251897,-0.499601
0.251262,-0.499223
0.250627,-0.498844
0.249993,-0.498466
0.249358,-0.498087
0.248723,-0.497709
0.248089,-0.49733
0.247454,-0.496952
0.246819,-0.496573
0.246185,-0.496195
0.24555,-0.495816
0.244915,-0.495438
0.244281,-0.495059
0.243646,-0.494681
0.243011,-0.494302
0.242377,-0.493924
0.241742,-0.493545
0.241107,-0.493167
0.240472,-0.492788
0.239838,-0.49241
0.239203,-0.492031
0.240064,-0.49151
0.240924,-0.490989
0.241785,-0.490468
0.242645,-0.489947
0.243506,-0.489426
0.244366,-0.488904
0.245227,-0.488383
0.246087,-0.487862
0.246948,-0.487341
0.247808,-0.48682
0.248669,-0.486299
0.249529,-0.485778
0.25039,-0.485257
0.25125,-0.484736
0.252111,-0.484214
0.252972,-0.483693
0.253832,-0.483172
0.254693,-0.482651
0.255553,-0.48213
0.256414,-0.481609
0.257274,-0.481088
0.258135,-0.480567
0.258995,-0.480046
0.259856,-0.479524
0.260716,-0.479003
0.261577,-0.478482
0.262437,-0.477961
0.263298,-0.47744
0.264158,-0.476919
0.265019,-0.476398
0.265879,-0.475877
0.26674,-0.475356
0.267601,-0.474834
0.268461,-0.474313
0.269322,-0.473792
0.270182,-0.473271
0.271043,-0.47275
0.271903,-0.472229
0.272764,-0.471708
0.273624,-0.471187
0.274485,-0.470665
0.275345,-0.470144
0.276206,-0.469623
0.277066,-0.469102
0.277927,-0.468581
0.278787,-0.46806
0.279648,-0.467539
0.280508,-0.467018
0.281369,-0.466497
0.282229,-0.465975
0.28309,-0.465454
0.283951,-0.464933
0.284811,-0.464412
0.285672,-0.463891
0.286532,-0.46337
0.287393,-0.462849
0.288253,-0.462328
0.289114,-0.461807
0.289974,-0.461285
0.290835,-0.460764
0.291695,-0.460243
0.292556,-0.459722
0.293416,-0.459201
0.294277,-0.45868
0.295137,-0.458159
0.295998,-0.457638
0.296858,-0.457117
0.297719,-0.456595
0.298579,-0.456074
0.29944,-0.455553
0.300301,-0.455032
0.301161,-0.454511
0.302022,-0.45399
0.302882,-0.453469
0.303743,-0.452948
0.304603,-0.452427
0.305464,-0.451905
0.306324,-0.451384
0.307185,-0.450863
0.308045,-0.450342
0.308906,-0.449821
0.309766,-0.4493
0.310627,-0.448779
0.311487,-0.448258
0.312348,-0.447736
0.313208,-0.447215
0.314069,-0.446694
0.31493,-0.446173
0.31579,-0.445652
0.316651,-0.445131
0.317511,-0.44461
0.318372,-0.444089
0.319232,-0.443568
0.320093,-0.443046
0.320953,-0.442525
0.321814,-0.442004
0.322674,-0.441483
0.323535,-0.440962
0.324395,-0.440441
0.325256,-0.43992
0.326116,-0.439399
0.326977,-0.438878
0.327837,-0.438356
0.328698,-0.437835
0.329558,-0.437314
0.330419,-0.436793
0.33128,-0.436272
0.33214,-0.435751
0.333001,-0.43523
0.333861,-0.434709
0.334722,-0.434188
0.335582,-0.433666
0.336443,-0.433145
0.337303,-0.432624
0.338164,-0.432103
0.339024,-0.431582
0.339885,-0.431061
0.340745,-0.43054
0.341606,-0.430019
0.342466,-0.429497
0.343327,-0.428976
0.344187,-0.428455
0.345048,-0.427934
0.345908,-0.427413
0.346769,-0.426892
0.34763,-0.426371
0.34849,-0.42585
0.349351,-0.425329
0.350211,-0.424807
0.351072,-0.424286
0.351932,-0.423765
0.352793,-0.423244
0.353653,-0.422723
0.354514,-0.422202
0.355374,-0.421681
0.356235,-0.42116
0.357095,-0.420639
0.357956,-0.420117
0.358816,-0.419596
0.359677,-0.419075
0.360537,-0.418554
0.361398,-0.418033
0.362259,-0.417512
0.363119,-0.416991
0.36398,-0.41647
0.36484,-0.415949
0.365701,-0.415427
0.366561,-0.414906
0.367422,-0.414385
0.368282,-0.413864
0.369225,-0.413691
0.370169,-0.413518
0.371112,-0.413346
0.372055,-0.413173
0.372998,-0.413
0.373942,-0.412827
0.374885,-0.412654
0.375828,-0.412482
0.376771,-0.412309
0.377714,-0.412136
0.378658,-0.411963
0.379601,-0.41179
0.380544,-0.411618
0.381487,-0.411445
0.382431,-0.411272
0.383374,-0.411099
0.384317,-0.410926
0.38526,-0.410754
0.386203,-0.410581
0.387147,-0.410408
0.38809,-0.410235
0.389033,-0.410062
0.389976,-0.40989
0.39092,-0.409717
0.391863,-0.409544
0.392806,-0.409371
0.393749,-0.409198
0.394692,-0.409026
0.395636,-0.408853
0.396579,-0.40868
0.397522,-0.408507
0.398465,-0.408334
0.399409,-0.408162
0.400352,-0.407989
0.401295,-0.407816
0.402238,-0.407643
0.403181,-0.40747
0.404125,-0.407298
0.405068,-0.407125
0.406011,-0.406952
0.406954,-0.406779
0.407898,-0.406606
0.408841,-0.406434
0.409784,-0.406261
0.410727,-0.406088
0.41167,-0.405915
0.412614,-0.405742
0.413557,-0.40557
0.4145,-0.405397
0.415443,-0.405224
0.416387,-0.405051
0.41733,-0.404878
0.418273,-0.404706
0.419216,-0.404533
0.42016,-0.40436
0.421103,-0.404187
0.422046,-0.404014
0.422989,-0.403842
0.423932,-0.403669
0.424876,-0.403496
0.425819,-0.403323
0.426762,-0.40315
0.427705,-0.402978
0.428649,-0.402805
0.429592,-0.402632
0.430535,-0.402459
0.431478,-0.402286
0.432421,-0.402114
0.433365,-0.401941
0.434308,-0.401768
0.435251,-0.401595
0.436194,-0.401422
0.437138,-0.40125
0.438081,-0.401077
0.439024,-0.400904
0.439967,-0.400731
0.44091,-0.400558
0.441854,-0.400386
0.442797,-0.400213
0.44374,-0.40004
0.444683,-0.399867
0.445627,-0.399694
0.44657,-0.399522
0.447513,-0.399349
0.448456,-0.399176
0.449399,-0.399003
0.450343,-0.39883
0.451286,-0.398658
0.452229,-0.398485
0.453172,-0.398312
0.454116,-0.398139
0.455059,-0.397966
0.456002,-0.397794
0.456945,-0.397621
0.457888,-0.397448
0.458832,-0.397275
0.459775,-0.397102
0.460718,-0.39693
0.461661,-0.396757
0.462605,-0.396584
0.463548,-0.396411
0.464491,-0.396238
0.465434,-0.396066
0.466377,-0.395893
0.467321,-0.39572
0.468264,-0.395547
0.469207,-0.395374
0.47015,-0.395202
0.471094,-0.395029
0.472037,-0.394856
0.47298,-0.394683
0.473923,-0.39451
0.474866,-0.394338
0.47581,-0.394165
0.476753,-0.393992
0.477696,-0.393819
0.478639,-0.393646
0.479583,-0.393474
0.480526,-0.393301
0.481469,-0.393128
0.482412,-0.392955
0.483355,-0.392782
0.484299,-0.39261
0.485242,-0.392437
0.486185,-0.392264
0.487128,-0.392091
0.488072,-0.391918
0.489015,-0.391746
0.489958,-0.391573
0.490901,-0.3914
0.491844,-0.391227
0.492788,-0.391054
0.493731,-0.390882
0.494674,-0.390709
0.495617,-0.390536
0.496561,-0.390363
0.497504,-0.39019
0.498447,-0.390018
0.49939,-0.389845
0.500334,-0.389672
0.501277,-0.389499
0.50222,-0.389326
0.503163,-0.389154
0.504106,-0.388981
0.50505,-0.388808
0.505993,-0.388635
0.506936,-0.388462
0.507879,-0.38829
0.508823,-0.388117
