O
25
1,0,-1,0.78,-0.5,0.75,0.0,0.0,0.0,0.3,0.4,0.02,0,0.8,False
2,0,-1,1.1,-0.5,0.93,0.0,0.0,0.0,0.02,0.4,0.2,0,0.8,False
3,0,-1,0.78,-0.5,1.11,0.0,0.0,0.0,0.3,0.4,0.02,0,0.8,False
4,0,-1,0.8,-0.92,0.93,0.0,0.0,0.0,0.32,0.02,0.2,0,0.8,False
5,0,-1,0.8,-0.08,0.93,0.0,0.0,0.0,0.32,0.02,0.2,0,0.8,False
6,0,0,0.7780912856628788,-0.7189695317487218,0.86,0.0,0.0,4.931458769934656,0.048440001228837265,0.07244094544901852,0.09,0.33321656823548657,0.8060596334605169,False
7,2,0,0.5803938237548708,-0.39273462089321964,0.8450000000000001,0.0,0.0,4.579886199580778,0.05552318016228984,0.05552318016228984,0.15,0.4764889226535924,1.001263577245098,False
8,2,0,0.9791743250888525,-0.7376635329337075,0.8450000000000001,0.0,0.0,4.5502370812492625,0.07264927975342314,0.07264927975342314,0.15,0.3877366343317198,1.0867852006444916,False
9,2,0,0.740154498901292,-0.35665263508348577,0.8450000000000001,0.0,0.0,3.625463759035364,0.03,0.03,0.15,0.3131402482474077,0.9459453168359229,False
10,2,0,0.7322291956306811,-0.47247066366231605,0.8450000000000001,0.0,0.0,0.6077631119367507,0.03,0.03,0.15,0.37651006951928073,0.8332923153442244,False
11,2,1,1.0009983477631308,-0.15342642875834445,0.8675267133029354,0.0,0.0,3.53677923745243,0.03195826671179324,0.03195826671179324,0.19505342660587088,0.10652996435156636,1.1871280812304836,True
12,0,1,0.9860089269790665,-0.32209994830839184,0.86,0.0,0.0,0.11367112159498947,0.03,0.05010957894758061,0.09,0.12175962601966572,1.0801707953522872,True
13,2,1,0.9873482722237471,-0.49412756239006056,0.8689963597236829,0.0,0.0,4.833974760960103,0.03096624072562925,0.03096624072562925,0.19799271944736574,0.05602394519854903,1.0810050333522505,True
14,2,1,0.7281676903113244,-0.2366333711158114,0.8450000000000001,0.0,0.0,5.680734037303163,0.03,0.03,0.15,0.13019937223013872,0.8043554619535731,True
15,0,1,0.8934261221421393,-0.39730508217551175,0.86,0.0,0.0,1.569902679659644,0.06352750323194656,0.04249594539620697,0.09,0.27533927003456077,0.8099950620970288,True
16,2,1,0.6825387771575823,-0.6027433178907863,0.8450000000000001,0.0,0.0,3.2595986214159787,0.034137324572654316,0.034137324572654316,0.15,0.25230113443895447,1.0299667901241207,True
17,0,1,0.5290479284746357,-0.722132550630854,0.86,0.0,0.0,1.677235278324403,0.03,0.03,0.09,0.2475754484307956,1.1252319628161125,True
18,2,1,0.8955624918178946,-0.15288378458378016,0.8450000000000001,0.0,0.0,1.4105229262469463,0.03,0.03,0.15,0.26145459090326334,0.9566090033297371,True
19,2,1,0.8569044043575799,-0.5493667965796922,0.8450000000000001,0.0,0.0,0.5862965746086801,0.04984550330789579,0.04984550330789579,0.15,0.33038312498681627,0.9538131958693709,True
20,0,1,0.8241596868095322,-0.24672173143641452,0.86,0.0,0.0,3.3315507532608906,0.03,0.03,0.09,0.4894105085893931,0.8753871569876743,True
21,0,1,0.5838929699499653,-0.5800149781673702,0.86,0.0,0.0,5.3409292622663775,0.03,0.03,0.09,0.26801233390325957,0.9037578317912829,True
22,0,1,0.6394315012003967,-0.7860585946315823,0.906561022036345,0.0,0.0,6.058759023903198,0.03,0.03,0.13656102203634504,0.4290474746925227,1.1621977982403255,True
23,2,1,0.5131334374867919,-0.19314871620415708,0.8450000000000001,0.0,0.0,1.1497868455163844,0.03,0.03,0.15,0.20489995334677769,1.195783177352238,True
24,0,1,0.53123736357857,-0.8317676993150522,0.8871632401961799,0.0,0.0,2.4812956318731834,0.033627628391420056,0.03,0.11716324019617984,0.12569346205863446,0.9784792490097675,True
25,0,1,0.6194426594135265,-0.1877330490531186,0.86,0.0,0.0,1.1056995821129993,0.03,0.03,0.09,0.26116629077851566,0.8580159332702834,True
R
0.0,0.0,0.0,0.0,0.0,0.0,1.0
S
8
torso_lift_joint,0
r_shoulder_pan_joint,-1.69017
r_shoulder_lift_joint,-0.0788625
r_upper_arm_roll_joint,-1.69017
r_elbow_flex_joint,-1.2717
r_forearm_roll_joint,-0.151824
r_wrist_flex_joint,-1.25254
r_wrist_roll_joint,0.675062
G
0.674305,-0.520113,0.845,0.688306,-0,0
ooi
10
A
599
0.310248,-0.673113
0.310675,-0.673346
0.311102,-0.673579
0.311529,-0.673811
0.311956,-0.674044
0.312383,-0.674277
0.31281,-0.67451
0.313238,-0.674742
0.313665,-0.674975
0.314092,-0.675208
0.314519,-0.675441
0.314946,-0.675673
0.315373,-0.675906
0.3158,-0.676139
0.316227,-0.676372
0.316654,-0.676605
0.317081,-0.676837
0.317508,-0.67707
0.317935,-0.677303
0.318362,-0.677536
0.318789,-0.677768
0.319216,-0.678001
0.319643,-0.678234
0.32007,-0.678467
0.320497,-0.678699
0.320924,-0.678932
0.321351,-0.679165
0.321778,-0.679398
0.322206,-0.67963
0.322633,-0.679863
0.32306,-0.680096
0.323487,-0.680329
0.323914,-0.680562
0.324341,-0.680794
0.324768,-0.681027
0.325195,-0.68126
0.325622,-0.681493
0.326049,-0.681725
0.326476,-0.681958
0.326903,-0.682191
0.32733,-0.682424
0.327757,-0.682656
0.328184,-0.682889
0.328611,-0.683122
0.329038,-0.683355
0.329465,-0.683587
0.329892,-0.68382
0.330319,-0.684053
0.330746,-0.684286
0.331174,-0.684518
0.331601,-0.684751
0.332028,-0.684984
0.332455,-0.685217
0.332882,-0.68545
0.333309,-0.685682
0.333736,-0.685915
0.334163,-0.686148
0.33459,-0.686381
0.335017,-0.686613
0.335444,-0.686846
0.335871,-0.687079
0.336298,-0.687312
0.336725,-0.687544
0.337152,-0.687777
0.337579,-0.68801
0.338006,-0.688243
0.338433,-0.688475
0.33886,-0.688708
0.339287,-0.688941
0.339714,-0.689174
0.340142,-0.689407
0.340569,-0.689639
0.340996,-0.689872
0.341423,-0.690105
0.34185,-0.690338
0.342277,-0.69057
0.342704,-0.690803
0.343131,-0.691036
0.343558,-0.691269
0.343985,-0.691501
0.344412,-0.691734
0.344839,-0.691967
0.345266,-0.6922
0.345693,-0.692432
0.34612,-0.692665
0.346547,-0.692898
0.346974,-0.693131
0.347401,-0.693364
0.347828,-0.693596
0.348255,-0.693829
0.348682,-0.694062
0.34911,-0.694295
0.349537,-0.694527
0.349964,-0.69476
0.350391,-0.694993
0.350818,-0.695226
0.351245,-0.695458
0.351672,-0.695691
0.352099,-0.695924
0.352526,-0.696157
0.352953,-0.696389
0.35338,-0.696622
0.353807,-0.696855
0.354234,-0.697088
0.354661,-0.69732
0.355088,-0.697553
0.355515,-0.697786
0.355942,-0.698019
0.356369,-0.698252
0.356796,-0.698484
0.357223,-0.698717
0.357651,-0.69895
0.358078,-0.699183
0.358505,-0.699415
0.358932,-0.699648
0.359359,-0.699881
0.359786,-0.700114
0.360213,-0.700346
0.36064,-0.700579
0.361067,-0.700812
0.361494,-0.701045
0.361921,-0.701277
0.362348,-0.70151
0.362775,-0.701743
0.363202,-0.701976
0.363629,-0.702209
0.364056,-0.702441
0.364483,-0.702674
0.36491,-0.702907
0.365337,-0.70314
0.365764,-0.703372
0.366191,-0.703605
0.366619,-0.703838
0.367046,-0.704071
0.367473,-0.704303
0.3679,-0.704536
0.368327,-0.704769
0.368754,-0.705002
0.369181,-0.705234
0.369608,-0.705467
0.370035,-0.7057
0.370462,-0.705933
0.370889,-0.706166
0.371316,-0.706398
0.371743,-0.706631
0.37217,-0.706864
0.372597,-0.707097
0.373024,-0.707329
0.373451,-0.707562
0.373878,-0.707795
0.374305,-0.708028
0.374051,-0.707716
0.373797,-0.707404
0.373542,-0.707092
0.373288,-0.706781
0.373034,-0.706469
0.372779,-0.706157
0.372525,-0.705845
0.372271,-0.705534
0.372016,-0.705222
0.371762,-0.70491
0.371508,-0.704598
0.371253,-0.704287
0.370999,-0.703975
0.370745,-0.703663
0.37049,-0.703351
0.370236,-0.70304
0.369982,-0.702728
0.369727,-0.702416
0.369473,-0.702104
0.369218,-0.701793
0.368964,-0.701481
0.36871,-0.701169
0.368455,-0.700857
0.368201,-0.700546
0.367947,-0.700234
0.367692,-0.699922
0.367438,-0.69961
0.367184,-0.699299
0.366929,-0.698987
0.366675,-0.698675
0.366421,-0.698363
0.366166,-0.698051
0.365912,-0.69774
0.365658,-0.697428
0.365403,-0.697116
0.365149,-0.696804
0.364895,-0.696493
0.36464,-0.696181
0.364386,-0.695869
0.364132,-0.695557
0.363877,-0.695246
0.363623,-0.694934
0.363369,-0.694622
0.363114,-0.69431
0.36286,-0.693999
0.362606,-0.693687
0.362351,-0.693375
0.362097,-0.693063
0.361843,-0.692752
0.361588,-0.69244
0.361334,-0.692128
0.361079,-0.691816
0.360825,-0.691505
0.360571,-0.691193
0.360316,-0.690881
0.360062,-0.690569
0.359808,-0.690258
0.359553,-0.689946
0.359299,-0.689634
0.359045,-0.689322
0.35879,-0.689011
0.358536,-0.688699
0.358282,-0.688387
0.358027,-0.688075
0.357773,-0.687764
0.357519,-0.687452
0.357264,-0.68714
0.35701,-0.686828
0.356756,-0.686517
0.356501,-0.686205
0.356247,-0.685893
0.355993,-0.685581
0.355738,-0.68527
0.355484,-0.684958
0.35523,-0.684646
0.354975,-0.684334
0.354721,-0.684023
0.354467,-0.683711
0.354212,-0.683399
0.353958,-0.683087
0.353703,-0.682776
0.353449,-0.682464
0.353195,-0.682152
0.35294,-0.68184
0.352686,-0.681529
0.352432,-0.681217
0.352177,-0.680905
0.351923,-0.680593
0.351669,-0.680281
0.351414,-0.67997
0.35116,-0.679658
0.350906,-0.679346
0.350651,-0.679034
0.350397,-0.678723
0.350143,-0.678411
0.349888,-0.678099
0.349634,-0.677787
0.34938,-0.677476
0.349125,-0.677164
0.348871,-0.676852
0.348617,-0.67654
0.348362,-0.676229
0.348108,-0.675917
0.347854,-0.675605
0.347599,-0.675293
0.347345,-0.674982
0.347091,-0.67467
0.346836,-0.674358
0.346582,-0.674046
0.346327,-0.673735
0.346073,-0.673423
0.345819,-0.673111
0.345564,-0.672799
0.34531,-0.672488
0.345056,-0.672176
0.344801,-0.671864
0.344547,-0.671552
0.344293,-0.671241
0.344038,-0.670929
0.343784,-0.670617
0.34353,-0.670305
0.343275,-0.669994
0.343021,-0.669682
0.342767,-0.66937
0.342512,-0.669058
0.342258,-0.668747
0.342004,-0.668435
0.341749,-0.668123
0.341495,-0.667811
0.341241,-0.6675
0.340986,-0.667188
0.340732,-0.666876
0.340478,-0.666564
0.340223,-0.666253
0.339969,-0.665941
0.339715,-0.665629
0.33946,-0.665317
0.339206,-0.665006
0.338952,-0.664694
0.338697,-0.664382
0.338443,-0.66407
0.338188,-0.663759
0.337934,-0.663447
0.33768,-0.663135
0.337425,-0.662823
0.337171,-0.662511
0.336917,-0.6622
0.336662,-0.661888
0.336408,-0.661576
0.337175,-0.661118
0.337942,-0.66066
0.338709,-0.660202
0.339476,-0.659744
0.340243,-0.659285
0.34101,-0.658827
0.341777,-0.658369
0.342544,-0.657911
0.343311,-0.657453
0.344078,-0.656995
0.344845,-0.656536
0.345612,-0.656078
0.346379,-0.65562
0.347146,-0.655162
0.347913,-0.654704
0.34868,-0.654246
0.349447,-0.653787
0.350214,-0.653329
0.350981,-0.652871
0.351748,-0.652413
0.352515,-0.651955
0.353282,-0.651497
0.354049,-0.651038
0.354816,-0.65058
0.355583,-0.650122
0.35635,-0.649664
0.357117,-0.649206
0.357884,-0.648748
0.358651,-0.648289
0.359418,-0.647831
0.360185,-0.647373
0.360952,-0.646915
0.361719,-0.646457
0.362486,-0.645999
0.363253,-0.645541
0.36402,-0.645082
0.364787,-0.644624
0.365554,-0.644166
0.366321,-0.643708
0.367087,-0.64325
0.367854,-0.642792
0.368621,-0.642333
0.369388,-0.641875
0.370155,-0.641417
0.370922,-0.640959
0.371689,-0.640501
0.372456,-0.640043
0.373223,-0.639584
0.37399,-0.639126
0.374757,-0.638668
0.375524,-0.63821
0.376291,-0.637752
0.377058,-0.637294
0.377825,-0.636835
0.378592,-0.636377
0.379359,-0.635919
0.380126,-0.635461
0.380893,-0.635003
0.38166,-0.634545
0.382427,-0.634086
0.383194,-0.633628
0.383961,-0.63317
0.384728,-0.632712
0.385495,-0.632254
0.386262,-0.631796
0.387029,-0.631337
0.387796,-0.630879
0.388563,-0.630421
0.38933,-0.629963
0.390097,-0.629505
0.390864,-0.629047
0.391631,-0.628588
0.392398,-0.62813
0.393165,-0.627672
0.393932,-0.627214
0.394699,-0.626756
0.395466,-0.626298
0.396233,-0.625839
0.397,-0.625381
0.397767,-0.624923
0.398534,-0.624465
0.399301,-0.624007
0.400068,-0.623549
0.400835,-0.62309
0.401602,-0.622632
0.402369,-0.622174
0.403136,-0.621716
0.403903,-0.621258
0.40467,-0.6208
0.405437,-0.620342
0.406204,-0.619883
0.406971,-0.619425
0.407738,-0.618967
0.408505,-0.618509
0.409272,-0.618051
0.410039,-0.617593
0.410806,-0.617134
0.411573,-0.616676
0.41234,-0.616218
0.413107,-0.61576
0.413874,-0.615302
0.414641,-0.614844
0.415408,-0.614385
0.416175,-0.613927
0.416942,-0.613469
0.417709,-0.613011
0.418476,-0.612553
0.419243,-0.612095
0.42001,-0.611636
0.420776,-0.611178
0.421543,-0.61072
0.42231,-0.610262
0.423077,-0.609804
0.423844,-0.609346
0.424611,-0.608887
0.425378,-0.608429
0.426145,-0.607971
0.426912,-0.607513
0.427679,-0.607055
0.428446,-0.606597
0.429213,-0.606138
0.42998,-0.60568
0.430747,-0.605222
0.431514,-0.604764
0.432281,-0.604306
0.433048,-0.603848
0.433815,-0.603389
0.434582,-0.602931
0.435349,-0.602473
0.436116,-0.602015
0.436883,-0.601557
0.43765,-0.601099
0.438417,-0.60064
0.439184,-0.600182
0.439951,-0.599724
0.440718,-0.599266
0.441485,-0.598808
0.442252,-0.59835
0.443019,-0.597891
0.443786,-0.597433
0.444553,-0.596975
0.44532,-0.596517
0.446087,-0.596059
0.446854,-0.595601
0.447621,-0.595142
0.448388,-0.594684
0.449155,-0.594226
0.449922,-0.593768
0.450689,-0.59331
0.451456,-0.592852
0.452952,-0.592364
0.454447,-0.591875
0.455943,-0.591387
0.457438,-0.590899
0.458934,-0.590411
0.46043,-0.589923
0.461925,-0.589434
0.463421,-0.588946
0.464917,-0.588458
0.466412,-0.58797
0.467908,-0.587482
0.469403,-0.586994
0.470899,-0.586505
0.472395,-0.586017
0.47389,-0.585529
0.475386,-0.585041
0.476882,-0.584553
0.478377,-0.584064
0.479873,-0.583576
0.481369,-0.583088
0.482864,-0.5826
0.48436,-0.582112
0.485855,-0.581624
0.487351,-0.581135
0.488847,-0.580647
0.490342,-0.580159
0.491838,-0.579671
0.493334,-0.579183
0.494829,-0.578694
0.496325,-0.578206
0.49782,-0.577718
0.499316,-0.57723
0.500812,-0.576742
0.502307,-0.576254
0.503803,-0.575765
0.505299,-0.575277
0.506794,-0.574789
0.50829,-0.574301
0.509786,-0.573813
0.511281,-0.573324
0.512777,-0.572836
0.514272,-0.572348
0.515768,-0.57186
0.517264,-0.571372
0.518759,-0.570884
0.520255,-0.570395
0.521751,-0.569907
0.523246,-0.569419
0.524742,-0.568931
0.526237,-0.568443
0.527733,-0.567955
0.529229,-0.567466
0.530724,-0.566978
0.53222,-0.56649
0.533716,-0.566002
0.535211,-0.565514
0.536707,-0.565025
0.538203,-0.564537
0.539698,-0.564049
0.541194,-0.563561
0.542689,-0.563073
0.544185,-0.562585
0.545681,-0.562096
0.547176,-0.561608
0.548672,-0.56112
0.550168,-0.560632
0.551663,-0.560144
0.553159,-0.559655
0.554654,-0.559167
0.55615,-0.558679
0.557646,-0.558191
0.559141,-0.557703
0.560637,-0.557215
0.562133,-0.556726
0.563628,-0.556238
0.565124,-0.55575
0.56662,-0.555262
0.568115,-0.554774
0.569611,-0.554285
0.571106,-0.553797
0.572602,-0.553309
0.574098,-0.552821
0.575593,-0.552333
0.577089,-0.551845
0.578585,-0.551356
0.58008,-0.550868
0.581576,-0.55038
0.583071,-0.549892
0.584567,-0.549404
0.586063,-0.548915
0.587558,-0.548427
0.589054,-0.547939
0.59055,-0.547451
0.592045,-0.546963
0.593541,-0.546475
0.595036,-0.545986
0.596532,-0.545498
0.598028,-0.54501
0.599523,-0.544522
0.601019,-0.544034
0.602515,-0.543546
0.60401,-0.543057
0.605506,-0.542569
0.607002,-0.542081
0.608497,-0.541593
0.609993,-0.541105
0.611488,-0.540616
0.612984,-0.540128
0.61448,-0.53964
0.615975,-0.539152
0.617471,-0.538664
0.618967,-0.538176
0.620462,-0.537687
0.621958,-0.537199
0.623453,-0.536711
0.624949,-0.536223
0.626445,-0.535735
0.62794,-0.535246
0.629436,-0.534758
0.630932,-0.53427
0.632427,-0.533782
0.633923,-0.533294
0.635419,-0.532806
0.636914,-0.532317
0.63841,-0.531829
0.639905,-0.531341
0.641401,-0.530853
0.642897,-0.530365
0.644392,-0.529876
0.645888,-0.529388
0.647384,-0.5289
0.648879,-0.528412
0.650375,-0.527924
0.65187,-0.527436
0.653366,-0.526947
0.654862,-0.526459
0.656357,-0.525971
0.657853,-0.525483
0.659349,-0.524995
0.660844,-0.524506
0.66234,-0.524018
0.663836,-0.52353
0.665331,-0.523042
0.666827,-0.522554
0.668322,-0.522066
0.669818,-0.521577
0.671314,-0.521089
0.672809,-0.520601
0.674305,-0.520113
