O
25
1,0,-1,0.78,-0.5,0.75,0.0,0.0,0.0,0.3,0.4,0.02,0,0.8,False
2,0,-1,1.1,-0.5,0.93,0.0,0.0,0.0,0.02,0.4,0.2,0,0.8,False
3,0,-1,0.78,-0.5,1.11,0.0,0.0,0.0,0.3,0.4,0.02,0,0.8,False
4,0,-1,0.8,-0.92,0.93,0.0,0.0,0.0,0.32,0.02,0.2,0,0.8,False
5,0,-1,0.8,-0.08,0.93,0.0,0.0,0.0,0.32,0.02,0.2,0,0.8,False
6,0,0,0.9598646863051912,-0.47380145819064495,0.86,0.0,0.0,1.7770303186830367,0.06806479629958934,0.03,0.09,0.013857781816867087,1.0332108931552566,False
7,2,0,0.8532215339670027,-0.6815388410158846,0.8450000000000001,0.0,0.0,0.256844148637339,0.07957438478509975,0.07957438478509975,0.15,0.11382566360229102,1.0489203443146728,False
8,0,0,0.9006260554868935,-0.8374529216080329,0.9177134470048561,0.0,0.0,0.3561067656750922,0.031219625143512158,0.031198665236511748,0.14771344700485609,0.42383167872957783,0.8710705190005844,False
9,0,0,0.5821447588353283,-0.6925158967633274,0.9089607467639895,0.0,0.0,0.7310087097485574,0.05328489801322246,0.03,0.1389607467639895,0.20028841203290032,0.9504278673248969,False
10,0,0,0.6982047383569525,-0.5044648145987598,0.884058764346745,0.0,0.0,0.32321930063185483,0.03,0.03189055361429025,0.11405876434674496,0.31715344477127483,0.9377138584018119,False
11,2,1,0.5424401158638832,-0.3537172143709068,0.8450000000000001,0.0,0.0,3.844351058128824,0.053510771452600324,0.053510771452600324,0.15,0.2522069755904743,0.9847026520325541,True
12,0,1,0.8382943985553386,-0.23635577600552882,0.8922628247879598,0.0,0.0,3.1623513698321344,0.07469499655857793,0.03,0.12226282478795986,0.4375864354270754,1.133178666197918,True
13,2,1,0.6648602104530068,-0.18536555183645176,0.8589588967114695,0.0,0.0,1.7964983470270115,0.03,0.03,0.17791779342293898,0.18196203919575965,1.0648427227109047,True
14,2,1,0.9754859603161603,-0.33091066093562804,0.8450000000000001,0.0,0.0,2.7453956748193717,0.03,0.03,0.15,0.1827497317324031,1.1481989301034776,True
15,2,1,0.6529742137583305,-0.8373604833925045,0.8450000000000001,0.0,0.0,4.919227788220631,0.038887323873139805,0.038887323873139805,0.15,0.2102424849397822,1.1446556138157709,True
16,0,1,0.5196161401364624,-0.5258636761768887,0.9213251189425687,0.0,0.0,3.0332946610878935,0.03,0.05962845167056268,0.15132511894256873,0.056584003104184044,0.8095183496837784,True
17,0,1,0.6949541220951223,-0.6662992324680441,0.86,0.0,0.0,3.7604329506683,0.03,0.03,0.09,0.4656906833181743,0.9850819910290638,True
18,2,1,0.8543903404366986,-0.5238513357808812,0.8524231098048316,0.0,0.0,5.322113402657066,0.03,0.03,0.16484621960966303,0.02161873820224519,1.1567110011588726,True
19,0,1,0.8419200411189176,-0.3167385057626383,0.9087333041391965,0.0,0.0,2.940653690808257,0.04611929843441102,0.03,0.13873330413919643,0.07630596640164428,1.0950648020373306,True
20,0,1,0.6120866287404537,-0.563155828610472,0.86,0.0,0.0,1.5158517137646221,0.03,0.03,0.09,0.2048345677539135,0.9863191989988693,True
21,2,1,0.7075822789814006,-0.3388312748964124,0.8450000000000001,0.0,0.0,1.142353892313627,0.03,0.03,0.15,0.3073579926096315,0.8024078378070201,True
22,2,1,0.5465713174772621,-0.8369526429264994,0.8450000000000001,0.0,0.0,4.850617349759751,0.03,0.03,0.15,0.4279878860190747,1.1502712642617359,True
23,2,1,0.7953034810662114,-0.4268069187849143,0.8450000000000001,0.0,0.0,4.983476044081718,0.03,0.03,0.15,0.29630291966634564,1.0790976900025266,True
24,2,1,1.021222799813498,-0.6036674315089465,0.8450000000000001,0.0,0.0,5.337627491033828,0.03,0.03,0.15,0.4694653453295229,1.0285490810719768,True
25,2,1,0.5766442203824725,-0.1791540241614359,0.8450000000000001,0.0,0.0,1.7584110584631427,0.032623343738616396,0.032623343738616396,0.15,0.3601279915950065,1.024526224997731,True
R
0.0,0.0,0.0,0.0,0.0,0.0,1.0
S
8
torso_lift_joint,0
r_shoulder_pan_joint,-1.69017
r_shoulder_lift_joint,-0.0788625
r_upper_arm_roll_joint,-1.69017
r_elbow_flex_joint,-1.2717
r_forearm_roll_joint,-0.151824
r_wrist_flex_joint,-1.25254
r_wrist_roll_joint,0.675062
G
0.625296,-0.528887,0.884059,0.323219,-0,0
ooi
10
A
599
0.310248,-0.673113
0.310857,-0.672398
0.311465,-0.671682
0.312074,-0.670967
0.312682,-0.670252
0.31329,-0.669536
0.313899,-0.668821
0.314507,-0.668106
0.315116,-0.66739
0.315724,-0.666675
0.316333,-0.66596
0.316941,-0.665244
0.31755,-0.664529
0.318158,-0.663814
0.318767,-0.663098
0.319375,-0.662383
0.319984,-0.661668
0.320592,-0.660952
0.3212,-0.660237
0.321809,-0.659522
0.322417,-0.658806
0.323026,-0.658091
0.323634,-0.657375
0.324243,-0.65666
0.324851,-0.655945
0.32546,-0.655229
0.326068,-0.654514
0.326677,-0.653799
0.327285,-0.653083
0.327894,-0.652368
0.328502,-0.651653
0.32911,-0.650937
0.329719,-0.650222
0.330327,-0.649507
0.330936,-0.648791
0.331544,-0.648076
0.332153,-0.647361
0.332761,-0.646645
0.33337,-0.64593
0.333978,-0.645215
0.334587,-0.644499
0.335195,-0.643784
0.335804,-0.643069
0.336412,-0.642353
0.33702,-0.641638
0.337629,-0.640923
0.338237,-0.640207
0.338846,-0.639492
0.339454,-0.638777
0.340063,-0.638061
0.340671,-0.637346
0.34128,-0.63663
0.341888,-0.635915
0.342497,-0.6352
0.343105,-0.634484
0.343714,-0.633769
0.344322,-0.633054
0.34493,-0.632338
0.345539,-0.631623
0.346147,-0.630908
0.346756,-0.630192
0.347364,-0.629477
0.347973,-0.628762
0.348581,-0.628046
0.34919,-0.627331
0.349798,-0.626616
0.350407,-0.6259
0.351015,-0.625185
0.351624,-0.62447
0.352232,-0.623754
0.35284,-0.623039
0.353449,-0.622324
0.354057,-0.621608
0.354666,-0.620893
0.355274,-0.620178
0.355883,-0.619462
0.356491,-0.618747
0.3571,-0.618032
0.357708,-0.617316
0.358317,-0.616601
0.358925,-0.615885
0.359533,-0.61517
0.360142,-0.614455
0.36075,-0.613739
0.361359,-0.613024
0.361967,-0.612309
0.362576,-0.611593
0.363184,-0.610878
0.363793,-0.610163
0.364401,-0.609447
0.36501,-0.608732
0.365618,-0.608017
0.366227,-0.607301
0.366835,-0.606586
0.367443,-0.605871
0.368052,-0.605155
0.36866,-0.60444
0.369269,-0.603725
0.369877,-0.603009
0.370486,-0.602294
0.371094,-0.601579
0.371703,-0.600863
0.372311,-0.600148
0.37292,-0.599433
0.373528,-0.598717
0.374137,-0.598002
0.374745,-0.597287
0.375353,-0.596571
0.375962,-0.595856
0.37657,-0.59514
0.377179,-0.594425
0.377787,-0.59371
0.378396,-0.592994
0.379004,-0.592279
0.379613,-0.591564
0.380221,-0.590848
0.38083,-0.590133
0.381438,-0.589418
0.382047,-0.588702
0.382655,-0.587987
0.383263,-0.587272
0.383872,-0.586556
0.38448,-0.585841
0.385089,-0.585126
0.385697,-0.58441
0.386306,-0.583695
0.386914,-0.58298
0.387523,-0.582264
0.388131,-0.581549
0.38874,-0.580834
0.389348,-0.580118
0.389957,-0.579403
0.390565,-0.578688
0.391173,-0.577972
0.391782,-0.577257
0.39239,-0.576542
0.392999,-0.575826
0.393607,-0.575111
0.394216,-0.574395
0.394824,-0.57368
0.395433,-0.572965
0.396041,-0.572249
0.39665,-0.571534
0.397258,-0.570819
0.397867,-0.570103
0.398475,-0.569388
0.399083,-0.568673
0.399692,-0.567957
0.4003,-0.567242
0.400909,-0.566527
0.401517,-0.565811
0.401423,-0.566077
0.401329,-0.566343
0.401234,-0.566609
0.40114,-0.566875
0.401046,-0.567141
0.400951,-0.567407
0.400857,-0.567672
0.400762,-0.567938
0.400668,-0.568204
0.400574,-0.56847
0.400479,-0.568736
0.400385,-0.569002
0.400291,-0.569268
0.400196,-0.569534
0.400102,-0.5698
0.400008,-0.570065
0.399913,-0.570331
0.399819,-0.570597
0.399725,-0.570863
0.39963,-0.571129
0.399536,-0.571395
0.399441,-0.571661
0.399347,-0.571927
0.399253,-0.572192
0.399158,-0.572458
0.399064,-0.572724
0.39897,-0.57299
0.398875,-0.573256
0.398781,-0.573522
0.398687,-0.573788
0.398592,-0.574054
0.398498,-0.574319
0.398404,-0.574585
0.398309,-0.574851
0.398215,-0.575117
0.398121,-0.575383
0.398026,-0.575649
0.397932,-0.575915
0.397837,-0.576181
0.397743,-0.576446
0.397649,-0.576712
0.397554,-0.576978
0.39746,-0.577244
0.397366,-0.57751
0.397271,-0.577776
0.397177,-0.578042
0.397083,-0.578308
0.396988,-0.578574
0.396894,-0.578839
0.3968,-0.579105
0.396705,-0.579371
0.396611,-0.579637
0.396517,-0.579903
0.396422,-0.580169
0.396328,-0.580435
0.396233,-0.580701
0.396139,-0.580966
0.396045,-0.581232
0.39595,-0.581498
0.395856,-0.581764
0.395762,-0.58203
0.395667,-0.582296
0.395573,-0.582562
0.395479,-0.582828
0.395384,-0.583093
0.39529,-0.583359
0.395196,-0.583625
0.395101,-0.583891
0.395007,-0.584157
0.394912,-0.584423
0.394818,-0.584689
0.394724,-0.584955
0.394629,-0.58522
0.394535,-0.585486
0.394441,-0.585752
0.394346,-0.586018
0.394252,-0.586284
0.394158,-0.58655
0.394063,-0.586816
0.393969,-0.587082
0.393875,-0.587348
0.39378,-0.587613
0.393686,-0.587879
0.393592,-0.588145
0.393497,-0.588411
0.393403,-0.588677
0.393308,-0.588943
0.393214,-0.589209
0.39312,-0.589475
0.393025,-0.58974
0.392931,-0.590006
0.392837,-0.590272
0.392742,-0.590538
0.392648,-0.590804
0.392554,-0.59107
0.392459,-0.591336
0.392365,-0.591602
0.392271,-0.591867
0.392176,-0.592133
0.392082,-0.592399
0.391988,-0.592665
0.391893,-0.592931
0.391799,-0.593197
0.391704,-0.593463
0.39161,-0.593729
0.391516,-0.593995
0.391421,-0.59426
0.391327,-0.594526
0.391233,-0.594792
0.391138,-0.595058
0.391044,-0.595324
0.39095,-0.59559
0.390855,-0.595856
0.390761,-0.596122
0.390667,-0.596387
0.390572,-0.596653
0.390478,-0.596919
0.390383,-0.597185
0.390289,-0.597451
0.390195,-0.597717
0.3901,-0.597983
0.390006,-0.598249
0.389912,-0.598514
0.389817,-0.59878
0.389723,-0.599046
0.389629,-0.599312
0.389534,-0.599578
0.38944,-0.599844
0.389346,-0.60011
0.389251,-0.600376
0.389157,-0.600641
0.389063,-0.600907
0.388968,-0.601173
0.388874,-0.601439
0.388779,-0.601705
0.388685,-0.601971
0.388591,-0.602237
0.388496,-0.602503
0.388402,-0.602769
0.388308,-0.603034
0.388213,-0.6033
0.388119,-0.603566
0.388025,-0.603832
0.38793,-0.604098
0.387836,-0.604364
0.387742,-0.60463
0.387647,-0.604896
0.387553,-0.605161
0.387458,-0.605427
0.387717,-0.605083
0.387976,-0.604738
0.388235,-0.604394
0.388494,-0.604049
0.388752,-0.603705
0.389011,-0.60336
0.38927,-0.603015
0.389529,-0.602671
0.389787,-0.602326
0.390046,-0.601982
0.390305,-0.601637
0.390564,-0.601293
0.390822,-0.600948
0.391081,-0.600604
0.39134,-0.600259
0.391599,-0.599915
0.391858,-0.59957
0.392116,-0.599225
0.392375,-0.598881
0.392634,-0.598536
0.392893,-0.598192
0.393151,-0.597847
0.39341,-0.597503
0.393669,-0.597158
0.393928,-0.596814
0.394186,-0.596469
0.394445,-0.596125
0.394704,-0.59578
0.394963,-0.595435
0.395221,-0.595091
0.39548,-0.594746
0.395739,-0.594402
0.395998,-0.594057
0.396257,-0.593713
0.396515,-0.593368
0.396774,-0.593024
0.397033,-0.592679
0.397292,-0.592335
0.39755,-0.59199
0.397809,-0.591646
0.398068,-0.591301
0.398327,-0.590956
0.398585,-0.590612
0.398844,-0.590267
0.399103,-0.589923
0.399362,-0.589578
0.399621,-0.589234
0.399879,-0.588889
0.400138,-0.588545
0.400397,-0.5882
0.400656,-0.587856
0.400914,-0.587511
0.401173,-0.587166
0.401432,-0.586822
0.401691,-0.586477
0.401949,-0.586133
0.402208,-0.585788
0.402467,-0.585444
0.402726,-0.585099
0.402984,-0.584755
0.403243,-0.58441
0.403502,-0.584066
0.403761,-0.583721
0.40402,-0.583376
0.404278,-0.583032
0.404537,-0.582687
0.404796,-0.582343
0.405055,-0.581998
0.405313,-0.581654
0.405572,-0.581309
0.405831,-0.580965
0.40609,-0.58062
0.406348,-0.580276
0.406607,-0.579931
0.406866,-0.579586
0.407125,-0.579242
0.407384,-0.578897
0.407642,-0.578553
0.407901,-0.578208
0.40816,-0.577864
0.408419,-0.577519
0.408677,-0.577175
0.408936,-0.57683
0.409195,-0.576486
0.409454,-0.576141
0.409712,-0.575796
0.409971,-0.575452
0.41023,-0.575107
0.410489,-0.574763
0.410747,-0.574418
0.411006,-0.574074
0.411265,-0.573729
0.411524,-0.573385
0.411783,-0.57304
0.412041,-0.572696
0.4123,-0.572351
0.412559,-0.572006
0.412818,-0.571662
0.413076,-0.571317
0.413335,-0.570973
0.413594,-0.570628
0.413853,-0.570284
0.414111,-0.569939
0.41437,-0.569595
0.414629,-0.56925
0.414888,-0.568906
0.415147,-0.568561
0.415405,-0.568216
0.415664,-0.567872
0.415923,-0.567527
0.416182,-0.567183
0.41644,-0.566838
0.416699,-0.566494
0.416958,-0.566149
0.417217,-0.565805
0.417475,-0.56546
0.417734,-0.565116
0.417993,-0.564771
0.418252,-0.564426
0.41851,-0.564082
0.418769,-0.563737
0.419028,-0.563393
0.419287,-0.563048
0.419546,-0.562704
0.419804,-0.562359
0.420063,-0.562015
0.420322,-0.56167
0.420581,-0.561326
0.420839,-0.560981
0.421098,-0.560636
0.421357,-0.560292
0.421616,-0.559947
0.421874,-0.559603
0.422133,-0.559258
0.422392,-0.558914
0.422651,-0.558569
0.42291,-0.558225
0.423168,-0.55788
0.423427,-0.557536
0.423686,-0.557191
0.423945,-0.556846
0.424203,-0.556502
0.424462,-0.556157
0.424721,-0.555813
0.42498,-0.555468
0.425238,-0.555124
0.425497,-0.554779
0.425756,-0.554435
0.426015,-0.55409
0.426273,-0.553746
0.427609,-0.553579
0.428945,-0.553412
0.430281,-0.553245
0.431616,-0.553078
0.432952,-0.552911
0.434288,-0.552745
0.435624,-0.552578
0.436959,-0.552411
0.438295,-0.552244
0.439631,-0.552077
0.440966,-0.55191
0.442302,-0.551744
0.443638,-0.551577
0.444974,-0.55141
0.446309,-0.551243
0.447645,-0.551076
0.448981,-0.550909
0.450316,-0.550742
0.451652,-0.550576
0.452988,-0.550409
0.454324,-0.550242
0.455659,-0.550075
0.456995,-0.549908
0.458331,-0.549741
0.459666,-0.549575
0.461002,-0.549408
0.462338,-0.549241
0.463674,-0.549074
0.465009,-0.548907
0.466345,-0.54874
0.467681,-0.548574
0.469017,-0.548407
0.470352,-0.54824
0.471688,-0.548073
0.473024,-0.547906
0.474359,-0.547739
0.475695,-0.547573
0.477031,-0.547406
0.478367,-0.547239
0.479702,-0.547072
0.481038,-0.546905
0.482374,-0.546738
0.483709,-0.546572
0.485045,-0.546405
0.486381,-0.546238
0.487717,-0.546071
0.489052,-0.545904
0.490388,-0.545737
0.491724,-0.545571
0.493059,-0.545404
0.494395,-0.545237
0.495731,-0.54507
0.497067,-0.544903
0.498402,-0.544736
0.499738,-0.54457
0.501074,-0.544403
0.50241,-0.544236
0.503745,-0.544069
0.505081,-0.543902
0.506417,-0.543735
0.507752,-0.543568
0.509088,-0.543402
0.510424,-0.543235
0.51176,-0.543068
0.513095,-0.542901
0.514431,-0.542734
0.515767,-0.542567
0.517102,-0.542401
0.518438,-0.542234
0.519774,-0.542067
0.52111,-0.5419
0.522445,-0.541733
0.523781,-0.541566
0.525117,-0.5414
0.526452,-0.541233
0.527788,-0.541066
0.529124,-0.540899
0.53046,-0.540732
0.531795,-0.540565
0.533131,-0.540399
0.534467,-0.540232
0.535803,-0.540065
0.537138,-0.539898
0.538474,-0.539731
0.53981,-0.539564
0.541145,-0.539398
0.542481,-0.539231
0.543817,-0.539064
0.545153,-0.538897
0.546488,-0.53873
0.547824,-0.538563
0.54916,-0.538397
0.550495,-0.53823
0.551831,-0.538063
0.553167,-0.537896
0.554503,-0.537729
0.555838,-0.537562
0.557174,-0.537396
0.55851,-0.537229
0.559845,-0.537062
0.561181,-0.536895
0.562517,-0.536728
0.563853,-0.536561
0.565188,-0.536395
0.566524,-0.536228
0.56786,-0.536061
0.569196,-0.535894
0.570531,-0.535727
0.571867,-0.53556
0.573203,-0.535393
0.574538,-0.535227
0.575874,-0.53506
0.57721,-0.534893
0.578546,-0.534726
0.579881,-0.534559
0.581217,-0.534392
0.582553,-0.534226
0.583888,-0.534059
0.585224,-0.533892
0.58656,-0.533725
0.587896,-0.533558
0.589231,-0.533391
0.590567,-0.533225
0.591903,-0.533058
0.593238,-0.532891
0.594574,-0.532724
0.59591,-0.532557
0.597246,-0.53239
0.598581,-0.532224
0.599917,-0.532057
0.601253,-0.53189
0.602589,-0.531723
0.603924,-0.531556
0.60526,-0.531389
0.606596,-0.531223
0.607931,-0.531056
0.609267,-0.530889
0.610603,-0.530722
0.611939,-0.530555
0.613274,-0.530388
0.61461,-0.530222
0.615946,-0.530055
0.617281,-0.529888
0.618617,-0.529721
0.619953,-0.529554
0.621289,-0.529387
0.622624,-0.529221
0.62396,-0.529054
0.625296,-0.528887
