O
25
1,0,-1,0.78,-0.5,0.75,0.0,0.0,0.0,0.3,0.4,0.02,0,0.8,False
2,0,-1,1.1,-0.5,0.93,0.0,0.0,0.0,0.02,0.4,0.2,0,0.8,False
3,0,-1,0.78,-0.5,1.11,0.0,0.0,0.0,0.3,0.4,0.02,0,0.8,False
4,0,-1,0.8,-0.92,0.93,0.0,0.0,0.0,0.32,0.02,0.2,0,0.8,False
5,0,-1,0.8,-0.08,0.93,0.0,0.0,0.0,0.32,0.02,0.2,0,0.8,False
6,0,0,0.6412807357429142,-0.44162900269549465,0.86,0.0,0.0,4.902442054234324,0.03,0.06534875184841496,0.09,0.4945008333004761,1.197170717291768,False
7,2,0,0.5370877810784386,-0.14771438114758217,0.8450000000000001,0.0,0.0,1.4974606399258632,0.03,0.03,0.15,0.29153527477588526,0.8019419744341485,False
8,0,0,0.8383550775113865,-0.5185626593165769,0.86,0.0,0.0,2.018699934066543,0.054875638352208676,0.037275621611293774,0.09,0.3255756156677162,1.0372268808498644,False
9,2,0,0.7966036179384308,-0.7946812314572105,0.8580226841408657,0.0,0.0,5.919181914296036,0.05205359141746542,0.05205359141746542,0.17604536828173137,0.4431942033098074,0.8666238149775909,False
10,2,0,0.9715974830643846,-0.7694049794963189,0.8526802620480761,0.0,0.0,4.866802721837685,0.07130196137636982,0.07130196137636982,0.16536052409615223,0.2580167684711456,0.9783718165135369,False
11,0,1,0.789990121148006,-0.29733959807909693,0.86,0.0,0.0,3.0695077531918535,0.0731718291022978,0.04036596154550771,0.09,0.2631909718695245,0.9613903978182614,True
12,2,1,0.64283975163309,-0.7436157771090306,0.8450000000000001,0.0,0.0,2.969389739175759,0.03,0.03,0.15,0.1896736478624444,1.108496952155002,True
13,2,1,0.6111388584745423,-0.5637252570964985,0.8450000000000001,0.0,0.0,5.840564044442146,0.03,0.03,0.15,0.007834071953403354,1.1664625618755353,True
14,2,1,0.5551776396948699,-0.8287984722861713,0.8450000000000001,0.0,0.0,3.0941129411914563,0.03,0.03,0.15,0.4118253677825644,1.003089083288756,True
15,0,1,0.9853746136082727,-0.2661872030095337,0.86,0.0,0.0,2.100448594489306,0.03,0.035196927395156986,0.09,0.29155768930918474,0.9943012382886043,True
16,2,1,0.7248722854924401,-0.5866568187613814,0.8450000000000001,0.0,0.0,5.524429325516581,0.03,0.03,0.15,0.2939626935126119,0.8859538545485007,True
17,0,1,0.5372997015192982,-0.24284247641585188,0.9107317661523735,0.0,0.0,6.016617203393289,0.03,0.038783699022199476,0.14073176615237354,0.21918179996481818,1.0411035934786443,True
18,2,1,0.516850923959446,-0.39441009275516875,0.8450000000000001,0.0,0.0,0.3078276600876265,0.03,0.03,0.15,0.46516543787100345,0.9324137563162873,True
19,2,1,0.7888840350446619,-0.15369461751749725,0.8450000000000001,0.0,0.0,0.37631403421827975,0.03,0.03,0.15,0.2281998731155137,1.1334555106324724,True
20,2,1,1.0272790298733514,-0.5866148561561356,0.8450000000000001,0.0,0.0,1.9261087686628366,0.03,0.03,0.15,0.016679757835679654,1.1753399643163815,True
21,2,1,0.6375944847515322,-0.23159453190907753,0.8450000000000001,0.0,0.0,4.85271058700284,0.03,0.03,0.15,0.2643307527989347,0.924983476579326,True
22,0,1,0.6607371618658718,-0.34732261618097915,0.86,0.0,0.0,3.0638050351361295,0.03,0.03,0.09,0.12977862186809308,0.8101060489205293,True
23,2,1,0.5260822590092009,-0.7353894478100558,0.8450000000000001,0.0,0.0,6.184195904832638,0.03,0.03,0.15,0.2824795027293173,0.8189339333877381,True
24,0,1,0.9681252338825859,-0.3993822888942932,0.86,0.0,0.0,0.2846881980741261,0.03,0.07145500216199263,0.09,0.4370873013682561,1.1033911904023845,True
25,0,1,1.0304539116185967,-0.17125768954338472,0.86,0.0,0.0,3.29472205971857,0.03,0.03697714028321485,0.09,0.3621723994276888,1.0011101849674222,True
R
0.0,0.0,0.0,0.0,0.0,0.0,1.0
S
8
torso_lift_joint,0
r_shoulder_pan_joint,-1.69017
r_shoulder_lift_joint,-0.0788625
r_upper_arm_roll_joint,-1.69017
r_elbow_flex_joint,-1.2717
r_forearm_roll_joint,-0.151824
r_wrist_flex_joint,-1.25254
r_wrist_roll_joint,0.675062
G
0.532919,-0.462475,0.86,0.190053,-0,0
ooi
6
A
599
0.310248,-0.673113
0.310611,-0.672525
0.310974,-0.671938
0.311337,-0.67135
0.3117,-0.670762
0.312063,-0.670175
0.312426,-0.669587
0.312789,-0.668999
0.313152,-0.668412
0.313515,-0.667824
0.313878,-0.667236
0.31424,-0.666648
0.314603,-0.666061
0.314966,-0.665473
0.315329,-0.664885
0.315692,-0.664298
0.316055,-0.66371
0.316418,-0.663122
0.316781,-0.662535
0.317144,-0.661947
0.317507,-0.661359
0.31787,-0.660772
0.318233,-0.660184
0.318596,-0.659596
0.318959,-0.659008
0.319322,-0.658421
0.319685,-0.657833
0.320047,-0.657245
0.32041,-0.656658
0.320773,-0.65607
0.321136,-0.655482
0.321499,-0.654895
0.321862,-0.654307
0.322225,-0.653719
0.322588,-0.653132
0.322951,-0.652544
0.323314,-0.651956
0.323677,-0.651369
0.32404,-0.650781
0.324403,-0.650193
0.324766,-0.649605
0.325129,-0.649018
0.325492,-0.64843
0.325854,-0.647842
0.326217,-0.647255
0.32658,-0.646667
0.326943,-0.646079
0.327306,-0.645492
0.327669,-0.644904
0.328032,-0.644316
0.328395,-0.643729
0.328758,-0.643141
0.329121,-0.642553
0.329484,-0.641965
0.329847,-0.641378
0.33021,-0.64079
0.330573,-0.640202
0.330936,-0.639615
0.331298,-0.639027
0.331661,-0.638439
0.332024,-0.637852
0.332387,-0.637264
0.33275,-0.636676
0.333113,-0.636089
0.333476,-0.635501
0.333839,-0.634913
0.334202,-0.634325
0.334565,-0.633738
0.334928,-0.63315
0.335291,-0.632562
0.335654,-0.631975
0.336017,-0.631387
0.33638,-0.630799
0.336743,-0.630212
0.337105,-0.629624
0.337468,-0.629036
0.337831,-0.628449
0.338194,-0.627861
0.338557,-0.627273
0.33892,-0.626685
0.339283,-0.626098
0.339646,-0.62551
0.340009,-0.624922
0.340372,-0.624335
0.340735,-0.623747
0.341098,-0.623159
0.341461,-0.622572
0.341824,-0.621984
0.342187,-0.621396
0.34255,-0.620809
0.342912,-0.620221
0.343275,-0.619633
0.343638,-0.619045
0.344001,-0.618458
0.344364,-0.61787
0.344727,-0.617282
0.34509,-0.616695
0.345453,-0.616107
0.345816,-0.615519
0.346179,-0.614932
0.346542,-0.614344
0.346905,-0.613756
0.347268,-0.613169
0.347631,-0.612581
0.347994,-0.611993
0.348356,-0.611406
0.348719,-0.610818
0.349082,-0.61023
0.349445,-0.609642
0.349808,-0.609055
0.350171,-0.608467
0.350534,-0.607879
0.350897,-0.607292
0.35126,-0.606704
0.351623,-0.606116
0.351986,-0.605529
0.352349,-0.604941
0.352712,-0.604353
0.353075,-0.603766
0.353438,-0.603178
0.353801,-0.60259
0.354163,-0.602002
0.354526,-0.601415
0.354889,-0.600827
0.355252,-0.600239
0.355615,-0.599652
0.355978,-0.599064
0.356341,-0.598476
0.356704,-0.597889
0.357067,-0.597301
0.35743,-0.596713
0.357793,-0.596126
0.358156,-0.595538
0.358519,-0.59495
0.358882,-0.594362
0.359245,-0.593775
0.359608,-0.593187
0.35997,-0.592599
0.360333,-0.592012
0.360696,-0.591424
0.361059,-0.590836
0.361422,-0.590249
0.361785,-0.589661
0.362148,-0.589073
0.362511,-0.588486
0.362874,-0.587898
0.363237,-0.58731
0.3636,-0.586722
0.363963,-0.586135
0.364326,-0.585547
0.364689,-0.584959
0.36587,-0.585216
0.367052,-0.585472
0.368234,-0.585729
0.369415,-0.585985
0.370597,-0.586242
0.371778,-0.586498
0.37296,-0.586755
0.374142,-0.587011
0.375323,-0.587268
0.376505,-0.587524
0.377687,-0.587781
0.378868,-0.588037
0.38005,-0.588293
0.381231,-0.58855
0.382413,-0.588806
0.383595,-0.589063
0.384776,-0.589319
0.385958,-0.589576
0.38714,-0.589832
0.388321,-0.590089
0.389503,-0.590345
0.390685,-0.590602
0.391866,-0.590858
0.393048,-0.591115
0.394229,-0.591371
0.395411,-0.591628
0.396593,-0.591884
0.397774,-0.59214
0.398956,-0.592397
0.400138,-0.592653
0.401319,-0.59291
0.402501,-0.593166
0.403682,-0.593423
0.404864,-0.593679
0.406046,-0.593936
0.407227,-0.594192
0.408409,-0.594449
0.409591,-0.594705
0.410772,-0.594962
0.411954,-0.595218
0.413136,-0.595475
0.414317,-0.595731
0.415499,-0.595987
0.41668,-0.596244
0.417862,-0.5965
0.419044,-0.596757
0.420225,-0.597013
0.421407,-0.59727
0.422589,-0.597526
0.42377,-0.597783
0.424952,-0.598039
0.426134,-0.598296
0.427315,-0.598552
0.428497,-0.598809
0.429678,-0.599065
0.43086,-0.599322
0.432042,-0.599578
0.433223,-0.599834
0.434405,-0.600091
0.435587,-0.600347
0.436768,-0.600604
0.43795,-0.60086
0.439131,-0.601117
0.440313,-0.601373
0.441495,-0.60163
0.442676,-0.601886
0.443858,-0.602143
0.44504,-0.602399
0.446221,-0.602656
0.447403,-0.602912
0.448585,-0.603169
0.449766,-0.603425
0.450948,-0.603681
0.452129,-0.603938
0.453311,-0.604194
0.454493,-0.604451
0.455674,-0.604707
0.456856,-0.604964
0.458038,-0.60522
0.459219,-0.605477
0.460401,-0.605733
0.461582,-0.60599
0.462764,-0.606246
0.463946,-0.606503
0.465127,-0.606759
0.466309,-0.607016
0.467491,-0.607272
0.468672,-0.607528
0.469854,-0.607785
0.471036,-0.608041
0.472217,-0.608298
0.473399,-0.608554
0.47458,-0.608811
0.475762,-0.609067
0.476944,-0.609324
0.478125,-0.60958
0.479307,-0.609837
0.480489,-0.610093
0.48167,-0.61035
0.482852,-0.610606
0.484034,-0.610863
0.485215,-0.611119
0.486397,-0.611375
0.487578,-0.611632
0.48876,-0.611888
0.489942,-0.612145
0.491123,-0.612401
0.492305,-0.612658
0.493487,-0.612914
0.494668,-0.613171
0.49585,-0.613427
0.497031,-0.613684
0.498213,-0.61394
0.499395,-0.614197
0.500576,-0.614453
0.501758,-0.61471
0.50294,-0.614966
0.504121,-0.615222
0.505303,-0.615479
0.506485,-0.615735
0.507666,-0.615992
0.508848,-0.616248
0.510029,-0.616505
0.511211,-0.616761
0.512393,-0.617018
0.513574,-0.617274
0.514756,-0.617531
0.515938,-0.617787
0.517119,-0.618044
0.518301,-0.6183
0.519482,-0.618557
0.520664,-0.618813
0.521846,-0.619069
0.523027,-0.619326
0.524209,-0.619582
0.525391,-0.619839
0.526572,-0.620095
0.527754,-0.620352
0.528936,-0.620608
0.530117,-0.620865
0.531299,-0.621121
0.53248,-0.621378
0.533662,-0.621634
0.534844,-0.621891
0.536025,-0.622147
0.537207,-0.622404
0.538389,-0.62266
0.53957,-0.622916
0.540752,-0.623173
0.540758,-0.622128
0.540763,-0.621083
0.540769,-0.620037
0.540775,-0.618992
0.54078,-0.617947
0.540786,-0.616902
0.540792,-0.615857
0.540798,-0.614811
0.540803,-0.613766
0.540809,-0.612721
0.540815,-0.611676
0.54082,-0.610631
0.540826,-0.609585
0.540832,-0.60854
0.540838,-0.607495
0.540843,-0.60645
0.540849,-0.605405
0.540855,-0.60436
0.540861,-0.603314
0.540866,-0.602269
0.540872,-0.601224
0.540878,-0.600179
0.540883,-0.599134
0.540889,-0.598088
0.540895,-0.597043
0.540901,-0.595998
0.540906,-0.594953
0.540912,-0.593908
0.540918,-0.592862
0.540923,-0.591817
0.540929,-0.590772
0.540935,-0.589727
0.540941,-0.588682
0.540946,-0.587636
0.540952,-0.586591
0.540958,-0.585546
0.540963,-0.584501
0.540969,-0.583456
0.540975,-0.582411
0.540981,-0.581365
0.540986,-0.58032
0.540992,-0.579275
0.540998,-0.57823
0.541003,-0.577185
0.541009,-0.576139
0.541015,-0.575094
0.541021,-0.574049
0.541026,-0.573004
0.541032,-0.571959
0.541038,-0.570913
0.541043,-0.569868
0.541049,-0.568823
0.541055,-0.567778
0.541061,-0.566733
0.541066,-0.565688
0.541072,-0.564642
0.541078,-0.563597
0.541083,-0.562552
0.541089,-0.561507
0.541095,-0.560462
0.541101,-0.559416
0.541106,-0.558371
0.541112,-0.557326
0.541118,-0.556281
0.541124,-0.555236
0.541129,-0.55419
0.541135,-0.553145
0.541141,-0.5521
0.541146,-0.551055
0.541152,-0.55001
0.541158,-0.548964
0.541164,-0.547919
0.541169,-0.546874
0.541175,-0.545829
0.541181,-0.544784
0.541186,-0.543739
0.541192,-0.542693
0.541198,-0.541648
0.541204,-0.540603
0.541209,-0.539558
0.541215,-0.538513
0.541221,-0.537467
0.541226,-0.536422
0.541232,-0.535377
0.541238,-0.534332
0.541244,-0.533287
0.541249,-0.532241
0.541255,-0.531196
0.541261,-0.530151
0.541266,-0.529106
0.541272,-0.528061
0.541278,-0.527015
0.541284,-0.52597
0.541289,-0.524925
0.541295,-0.52388
0.541301,-0.522835
0.541306,-0.52179
0.541312,-0.520744
0.541318,-0.519699
0.541324,-0.518654
0.541329,-0.517609
0.541335,-0.516564
0.541341,-0.515518
0.541347,-0.514473
0.541352,-0.513428
0.541358,-0.512383
0.541364,-0.511338
0.541369,-0.510292
0.541375,-0.509247
0.541381,-0.508202
0.541387,-0.507157
0.541392,-0.506112
0.541398,-0.505066
0.541404,-0.504021
0.541409,-0.502976
0.541415,-0.501931
0.541421,-0.500886
0.541427,-0.499841
0.541432,-0.498795
0.541438,-0.49775
0.541444,-0.496705
0.541449,-0.49566
0.541455,-0.494615
0.541461,-0.493569
0.541467,-0.492524
0.541472,-0.491479
0.541478,-0.490434
0.541484,-0.489389
0.541489,-0.488343
0.541495,-0.487298
0.541501,-0.486253
0.541507,-0.485208
0.541512,-0.484163
0.541518,-0.483117
0.541524,-0.482072
0.541529,-0.481027
0.541535,-0.479982
0.541541,-0.478937
0.541547,-0.477892
0.541552,-0.476846
0.541558,-0.475801
0.541564,-0.474756
0.54157,-0.473711
0.541575,-0.472666
0.541581,-0.47162
0.541587,-0.470575
0.541592,-0.46953
0.541598,-0.468485
0.541604,-0.46744
0.54161,-0.466394
0.541551,-0.466368
0.541493,-0.466342
0.541435,-0.466316
0.541376,-0.466289
0.541318,-0.466263
0.54126,-0.466237
0.541201,-0.46621
0.541143,-0.466184
0.541085,-0.466158
0.541026,-0.466131
0.540968,-0.466105
0.54091,-0.466079
0.540851,-0.466052
0.540793,-0.466026
0.540735,-0.466
0.540676,-0.465974
0.540618,-0.465947
0.54056,-0.465921
0.540501,-0.465895
0.540443,-0.465868
0.540385,-0.465842
0.540326,-0.465816
0.540268,-0.465789
0.54021,-0.465763
0.540151,-0.465737
0.540093,-0.465711
0.540035,-0.465684
0.539976,-0.465658
0.539918,-0.465632
0.53986,-0.465605
0.539801,-0.465579
0.539743,-0.465553
0.539685,-0.465526
0.539626,-0.4655
0.539568,-0.465474
0.53951,-0.465447
0.539451,-0.465421
0.539393,-0.465395
0.539335,-0.465369
0.539276,-0.465342
0.539218,-0.465316
0.53916,-0.46529
0.539101,-0.465263
0.539043,-0.465237
0.538985,-0.465211
0.538927,-0.465184
0.538868,-0.465158
0.53881,-0.465132
0.538752,-0.465106
0.538693,-0.465079
0.538635,-0.465053
0.538577,-0.465027
0.538518,-0.465
0.53846,-0.464974
0.538402,-0.464948
0.538343,-0.464921
0.538285,-0.464895
0.538227,-0.464869
0.538168,-0.464842
0.53811,-0.464816
0.538052,-0.46479
0.537993,-0.464764
0.537935,-0.464737
0.537877,-0.464711
0.537818,-0.464685
0.53776,-0.464658
0.537702,-0.464632
0.537643,-0.464606
0.537585,-0.464579
0.537527,-0.464553
0.537468,-0.464527
0.53741,-0.464501
0.537352,-0.464474
0.537293,-0.464448
0.537235,-0.464422
0.537177,-0.464395
0.537118,-0.464369
0.53706,-0.464343
0.537002,-0.464316
0.536943,-0.46429
0.536885,-0.464264
0.536827,-0.464237
0.536768,-0.464211
0.53671,-0.464185
0.536652,-0.464159
0.536593,-0.464132
0.536535,-0.464106
0.536477,-0.46408
0.536418,-0.464053
0.53636,-0.464027
0.536302,-0.464001
0.536244,-0.463974
0.536185,-0.463948
0.536127,-0.463922
0.536069,-0.463896
0.53601,-0.463869
0.535952,-0.463843
0.535894,-0.463817
0.535835,-0.46379
0.535777,-0.463764
0.535719,-0.463738
0.53566,-0.463711
0.535602,-0.463685
0.535544,-0.463659
0.535485,-0.463632
0.535427,-0.463606
0.535369,-0.46358
0.53531,-0.463554
0.535252,-0.463527
0.535194,-0.463501
0.535135,-0.463475
0.535077,-0.463448
0.535019,-0.463422
0.53496,-0.463396
0.534902,-0.463369
0.534844,-0.463343
0.534785,-0.463317
0.534727,-0.463291
0.534669,-0.463264
0.53461,-0.463238
0.534552,-0.463212
0.534494,-0.463185
0.534435,-0.463159
0.534377,-0.463133
0.534319,-0.463106
0.53426,-0.46308
0.534202,-0.463054
0.534144,-0.463027
0.534085,-0.463001
0.534027,-0.462975
0.533969,-0.462949
0.53391,-0.462922
0.533852,-0.462896
0.533794,-0.46287
0.533735,-0.462843
0.533677,-0.462817
0.533619,-0.462791
0.53356,-0.462764
0.533502,-0.462738
0.533444,-0.462712
0.533386,-0.462686
0.533327,-0.462659
0.533269,-0.462633
0.533211,-0.462607
0.533152,-0.46258
0.533094,-0.462554
0.533036,-0.462528
0.532977,-0.462501
0.532919,-0.462475
