O
25
1,0,-1,0.78,-0.5,0.75,0.0,0.0,0.0,0.3,0.4,0.02,0,0.8,False
2,0,-1,1.1,-0.5,0.93,0.0,0.0,0.0,0.02,0.4,0.2,0,0.8,False
3,0,-1,0.78,-0.5,1.11,0.0,0.0,0.0,0.3,0.4,0.02,0,0.8,False
4,0,-1,0.8,-0.92,0.93,0.0,0.0,0.0,0.32,0.02,0.2,0,0.8,False
5,0,-1,0.8,-0.08,0.93,0.0,0.0,0.0,0.32,0.02,0.2,0,0.8,False
6,0,0,0.670428336759046,-0.18599797327623235,0.86,0.0,0.0,3.9469085555633874,0.03896372731309231,0.03,0.09,0.4409068009725595,1.0066528202203882,False
7,0,0,0.8100096073626397,-0.520855577437515,0.86,0.0,0.0,4.089593693216626,0.053904737974309926,0.03,0.09,0.3019176599451471,1.139882002547255,False
8,2,0,0.7538306533331348,-0.7086059614438416,0.856125700263889,0.0,0.0,5.7759548506096,0.058073955667499934,0.058073955667499934,0.17225140052777796,0.3230270765484596,1.0086288207491665,False
9,0,0,0.8981816910877684,-0.7570352896006403,0.86,0.0,0.0,4.31099061183629,0.03,0.03,0.09,0.0799360691571595,1.0456887056380924,False
10,0,0,0.7806618143591479,-0.3327431199678029,0.86,0.0,0.0,4.167231353404568,0.03,0.038431447145854926,0.09,0.05890807420598909,1.1182777832981357,False
11,2,1,0.5101328277398525,-0.46106370857562723,0.8450000000000001,0.0,0.0,2.386648820765772,0.03,0.03,0.15,0.45880589976147107,0.8756530541295408,True
12,2,1,0.6686440989524741,-0.2864299439847733,0.8450000000000001,0.0,0.0,1.7819000968486645,0.03,0.03,0.15,0.4395046061500691,0.807247401595711,True
13,2,1,1.0170912914839505,-0.46762329300751815,0.8450000000000001,0.0,0.0,3.243241985142481,0.03410947475221666,0.03410947475221666,0.15,0.17241622659119676,1.0768534942212384,True
14,2,1,0.9045011398476694,-0.38908770422287625,0.8539334763750117,0.0,0.0,0.13609622860040863,0.045749412598669964,0.045749412598669964,0.16786695275002345,0.4248252638724164,1.0882517898087858,True
15,0,1,0.8781583390998942,-0.21541436700914907,0.86,0.0,0.0,4.117212357847144,0.046212156175079094,0.03,0.09,0.1626425325740149,1.080307913654323,True
16,2,1,0.5443277528157016,-0.664220062786173,0.8450000000000001,0.0,0.0,2.975534750970633,0.03937396958681654,0.03937396958681654,0.15,0.0522049930569668,1.16054696184615,True
17,2,1,0.5600304347823288,-0.7855333080447503,0.8528319093569731,0.0,0.0,4.768920127908416,0.033011089780920384,0.033011089780920384,0.16566381871394614,0.10600112196006534,0.955727369936475,True
18,0,1,1.0003579997065029,-0.5975905946304627,0.86,0.0,0.0,1.8848225987395841,0.03,0.03,0.09,0.38203863196764226,1.0509416495997925,True
19,0,1,1.0106635072644232,-0.7998917724105403,0.86,0.0,0.0,1.3563391120217174,0.036349195367706,0.03,0.09,0.4632897964311294,0.9561706150001487,True
20,2,1,0.9925166013833608,-0.2106587391204724,0.8450000000000001,0.0,0.0,3.3868603772556685,0.03,0.03,0.15,0.01374145171712532,1.0908994242394427,True
21,2,1,0.5577751682888675,-0.34036811153810664,0.8450000000000001,0.0,0.0,1.5843523908218702,0.03,0.03,0.15,0.045660944204873266,0.9979133324022786,True
22,2,1,0.6451041930252668,-0.504478566318697,0.8450000000000001,0.0,0.0,3.3965920850360565,0.06104374973239833,0.06104374973239833,0.15,0.38612695690102095,1.0673842337536394,True
23,2,1,0.9133742174211128,-0.535075148944494,0.861466387866894,0.0,0.0,0.01823722816229528,0.036714371111218884,0.036714371111218884,0.18293277573378794,0.15050571013277425,1.1718174299803923,True
24,0,1,0.5440980358354381,-0.17297283395937557,0.8630304899101706,0.0,0.0,1.0778598144410123,0.050056563347371005,0.030418419175589708,0.0930304899101706,0.34707464322472736,0.8272571334892564,True
25,2,1,0.5103043285936225,-0.562285489730052,0.8450000000000001,0.0,0.0,5.279285518208068,0.03,0.03,0.15,0.1498202681596283,1.1169092680564563,True
R
0.0,0.0,0.0,0.0,0.0,0.0,1.0
S
8
torso_lift_joint,0
r_shoulder_pan_joint,-1.69017
r_shoulder_lift_joint,-0.0788625
r_upper_arm_roll_joint,-1.69017
r_elbow_flex_joint,-1.2717
r_forearm_roll_joint,-0.151824
r_wrist_flex_joint,-1.25254
r_wrist_roll_joint,0.675062
G
0.612251,-0.24654,0.86,0.805316,-0,0
ooi
6
A
599
0.310248,-0.673113
0.309052,-0.672269
0.307855,-0.671424
0.306659,-0.67058
0.305462,-0.669736
0.304266,-0.668892
0.303069,-0.668047
0.301873,-0.667203
0.300676,-0.666359
0.29948,-0.665514
0.298283,-0.66467
0.297087,-0.663826
0.29589,-0.662981
0.294694,-0.662137
0.293497,-0.661293
0.292301,-0.660449
0.291104,-0.659604
0.289908,-0.65876
0.288711,-0.657916
0.287515,-0.657071
0.286319,-0.656227
0.285122,-0.655383
0.283926,-0.654538
0.282729,-0.653694
0.281533,-0.65285
0.280336,-0.652006
0.27914,-0.651161
0.277943,-0.650317
0.276747,-0.649473
0.27555,-0.648628
0.274354,-0.647784
0.273157,-0.64694
0.271961,-0.646095
0.270764,-0.645251
0.269568,-0.644407
0.268371,-0.643562
0.267175,-0.642718
0.265978,-0.641874
0.264782,-0.64103
0.263585,-0.640185
0.262389,-0.639341
0.261192,-0.638497
0.259996,-0.637652
0.258799,-0.636808
0.257603,-0.635964
0.256406,-0.635119
0.25521,-0.634275
0.254014,-0.633431
0.252817,-0.632587
0.251621,-0.631742
0.250424,-0.630898
0.249228,-0.630054
0.248031,-0.629209
0.246835,-0.628365
0.245638,-0.627521
0.244442,-0.626676
0.243245,-0.625832
0.242049,-0.624988
0.240852,-0.624144
0.239656,-0.623299
0.238459,-0.622455
0.237263,-0.621611
0.236066,-0.620766
0.23487,-0.619922
0.233673,-0.619078
0.232477,-0.618233
0.23128,-0.617389
0.230084,-0.616545
0.228887,-0.615701
0.227691,-0.614856
0.226494,-0.614012
0.225298,-0.613168
0.224101,-0.612323
0.222905,-0.611479
0.221708,-0.610635
0.220512,-0.60979
0.219316,-0.608946
0.218119,-0.608102
0.216923,-0.607257
0.215726,-0.606413
0.21453,-0.605569
0.213333,-0.604725
0.212137,-0.60388
0.21094,-0.603036
0.209744,-0.602192
0.208547,-0.601347
0.207351,-0.600503
0.206154,-0.599659
0.204958,-0.598814
0.203761,-0.59797
0.202565,-0.597126
0.201368,-0.596282
0.200172,-0.595437
0.198975,-0.594593
0.197779,-0.593749
0.196582,-0.592904
0.195386,-0.59206
0.194189,-0.591216
0.192993,-0.590371
0.191796,-0.589527
0.1906,-0.588683
0.189403,-0.587839
0.188207,-0.586994
0.187011,-0.58615
0.185814,-0.585306
0.184618,-0.584461
0.183421,-0.583617
0.182225,-0.582773
0.181028,-0.581928
0.179832,-0.581084
0.178635,-0.58024
0.177439,-0.579395
0.176242,-0.578551
0.175046,-0.577707
0.173849,-0.576863
0.172653,-0.576018
0.171456,-0.575174
0.17026,-0.57433
0.169063,-0.573485
0.167867,-0.572641
0.16667,-0.571797
0.165474,-0.570952
0.164277,-0.570108
0.163081,-0.569264
0.161884,-0.56842
0.160688,-0.567575
0.159491,-0.566731
0.158295,-0.565887
0.157098,-0.565042
0.155902,-0.564198
0.154705,-0.563354
0.153509,-0.562509
0.152313,-0.561665
0.151116,-0.560821
0.14992,-0.559977
0.148723,-0.559132
0.147527,-0.558288
0.14633,-0.557444
0.145134,-0.556599
0.143937,-0.555755
0.142741,-0.554911
0.141544,-0.554066
0.140348,-0.553222
0.139151,-0.552378
0.137955,-0.551534
0.136758,-0.550689
0.135562,-0.549845
0.134365,-0.549001
0.133169,-0.548156
0.131972,-0.547312
0.130776,-0.546468
0.132554,-0.546025
0.134333,-0.545583
0.136111,-0.545141
0.137889,-0.544698
0.139668,-0.544256
0.141446,-0.543814
0.143225,-0.543372
0.145003,-0.542929
0.146782,-0.542487
0.14856,-0.542045
0.150338,-0.541602
0.152117,-0.54116
0.153895,-0.540718
0.155674,-0.540275
0.157452,-0.539833
0.15923,-0.539391
0.161009,-0.538948
0.162787,-0.538506
0.164566,-0.538064
0.166344,-0.537622
0.168122,-0.537179
0.169901,-0.536737
0.171679,-0.536295
0.173458,-0.535852
0.175236,-0.53541
0.177014,-0.534968
0.178793,-0.534525
0.180571,-0.534083
0.18235,-0.533641
0.184128,-0.533198
0.185906,-0.532756
0.187685,-0.532314
0.189463,-0.531872
0.191242,-0.531429
0.19302,-0.530987
0.194799,-0.530545
0.196577,-0.530102
0.198355,-0.52966
0.200134,-0.529218
0.201912,-0.528775
0.203691,-0.528333
0.205469,-0.527891
0.207247,-0.527448
0.209026,-0.527006
0.210804,-0.526564
0.212583,-0.526122
0.214361,-0.525679
0.216139,-0.525237
0.217918,-0.524795
0.219696,-0.524352
0.221475,-0.52391
0.223253,-0.523468
0.225031,-0.523025
0.22681,-0.522583
0.228588,-0.522141
0.230367,-0.521698
0.232145,-0.521256
0.233923,-0.520814
0.235702,-0.520372
0.23748,-0.519929
0.239259,-0.519487
0.241037,-0.519045
0.242816,-0.518602
0.244594,-0.51816
0.246372,-0.517718
0.248151,-0.517275
0.249929,-0.516833
0.251708,-0.516391
0.253486,-0.515948
0.255264,-0.515506
0.257043,-0.515064
0.258821,-0.514622
0.2606,-0.514179
0.262378,-0.513737
0.264156,-0.513295
0.265935,-0.512852
0.267713,-0.51241
0.269492,-0.511968
0.27127,-0.511525
0.273048,-0.511083
0.274827,-0.510641
0.276605,-0.510198
0.278384,-0.509756
0.280162,-0.509314
0.28194,-0.508872
0.283719,-0.508429
0.285497,-0.507987
0.287276,-0.507545
0.289054,-0.507102
0.290833,-0.50666
0.292611,-0.506218
0.294389,-0.505775
0.296168,-0.505333
0.297946,-0.504891
0.299725,-0.504448
0.301503,-0.504006
0.303281,-0.503564
0.30506,-0.503122
0.306838,-0.502679
0.308617,-0.502237
0.310395,-0.501795
0.312173,-0.501352
0.313952,-0.50091
0.31573,-0.500468
0.317509,-0.500025
0.319287,-0.499583
0.321065,-0.499141
0.322844,-0.498698
0.324622,-0.498256
0.326401,-0.497814
0.328179,-0.497372
0.329957,-0.496929
0.331736,-0.496487
0.333514,-0.496045
0.335293,-0.495602
0.337071,-0.49516
0.33885,-0.494718
0.340628,-0.494275
0.342406,-0.493833
0.344185,-0.493391
0.345963,-0.492949
0.347742,-0.492506
0.34952,-0.492064
0.351298,-0.491622
0.353077,-0.491179
0.354855,-0.490737
0.356634,-0.490295
0.358412,-0.489852
0.36019,-0.48941
0.361969,-0.488968
0.363747,-0.488525
0.365526,-0.488083
0.367304,-0.487641
0.369082,-0.487199
0.370861,-0.486756
0.372639,-0.486314
0.374418,-0.485872
0.376196,-0.485429
0.377974,-0.484987
0.379753,-0.484545
0.381531,-0.484102
0.38331,-0.48366
0.385088,-0.483218
0.386867,-0.482775
0.388645,-0.482333
0.390423,-0.481891
0.392202,-0.481449
0.39398,-0.481006
0.395759,-0.480564
0.395666,-0.480068
0.395574,-0.479571
0.395482,-0.479075
0.39539,-0.478579
0.395298,-0.478083
0.395205,-0.477586
0.395113,-0.47709
0.395021,-0.476594
0.394929,-0.476098
0.394836,-0.475602
0.394744,-0.475105
0.394652,-0.474609
0.39456,-0.474113
0.394468,-0.473617
0.394375,-0.47312
0.394283,-0.472624
0.394191,-0.472128
0.394099,-0.471632
0.394007,-0.471135
0.393914,-0.470639
0.393822,-0.470143
0.39373,-0.469647
0.393638,-0.46915
0.393546,-0.468654
0.393453,-0.468158
0.393361,-0.467662
0.393269,-0.467166
0.393177,-0.466669
0.393085,-0.466173
0.392992,-0.465677
0.3929,-0.465181
0.392808,-0.464684
0.392716,-0.464188
0.392623,-0.463692
0.392531,-0.463196
0.392439,-0.462699
0.392347,-0.462203
0.392255,-0.461707
0.392162,-0.461211
0.39207,-0.460715
0.391978,-0.460218
0.391886,-0.459722
0.391794,-0.459226
0.391701,-0.45873
0.391609,-0.458233
0.391517,-0.457737
0.391425,-0.457241
0.391333,-0.456745
0.39124,-0.456248
0.391148,-0.455752
0.391056,-0.455256
0.390964,-0.45476
0.390871,-0.454263
0.390779,-0.453767
0.390687,-0.453271
0.390595,-0.452775
0.390503,-0.452279
0.39041,-0.451782
0.390318,-0.451286
0.390226,-0.45079
0.390134,-0.450294
0.390042,-0.449797
0.389949,-0.449301
0.389857,-0.448805
0.389765,-0.448309
0.389673,-0.447812
0.389581,-0.447316
0.389488,-0.44682
0.389396,-0.446324
0.389304,-0.445827
0.389212,-0.445331
0.38912,-0.444835
0.389027,-0.444339
0.388935,-0.443843
0.388843,-0.443346
0.388751,-0.44285
0.388658,-0.442354
0.388566,-0.441858
0.388474,-0.441361
0.388382,-0.440865
0.38829,-0.440369
0.388197,-0.439873
0.388105,-0.439376
0.388013,-0.43888
0.387921,-0.438384
0.387829,-0.437888
0.387736,-0.437391
0.387644,-0.436895
0.387552,-0.436399
0.38746,-0.435903
0.387368,-0.435407
0.387275,-0.43491
0.387183,-0.434414
0.387091,-0.433918
0.386999,-0.433422
0.386906,-0.432925
0.386814,-0.432429
0.386722,-0.431933
0.38663,-0.431437
0.386538,-0.43094
0.386445,-0.430444
0.386353,-0.429948
0.386261,-0.429452
0.386169,-0.428955
0.386077,-0.428459
0.385984,-0.427963
0.385892,-0.427467
0.3858,-0.426971
0.385708,-0.426474
0.385616,-0.425978
0.385523,-0.425482
0.385431,-0.424986
0.385339,-0.424489
0.385247,-0.423993
0.385155,-0.423497
0.385062,-0.423001
0.38497,-0.422504
0.384878,-0.422008
0.384786,-0.421512
0.384693,-0.421016
0.384601,-0.42052
0.384509,-0.420023
0.384417,-0.419527
0.384325,-0.419031
0.384232,-0.418535
0.38414,-0.418038
0.384048,-0.417542
0.383956,-0.417046
0.383864,-0.41655
0.383771,-0.416053
0.383679,-0.415557
0.383587,-0.415061
0.383495,-0.414565
0.383403,-0.414068
0.38331,-0.413572
0.383218,-0.413076
0.383126,-0.41258
0.383034,-0.412084
0.382941,-0.411587
0.382849,-0.411091
0.382757,-0.410595
0.382665,-0.410099
0.382573,-0.409602
0.38248,-0.409106
0.382388,-0.40861
0.382296,-0.408114
0.382204,-0.407617
0.382112,-0.407121
0.382019,-0.406625
0.381927,-0.406129
0.383473,-0.405058
0.385019,-0.403987
0.386565,-0.402916
0.38811,-0.401844
0.389656,-0.400773
0.391202,-0.399702
0.392748,-0.398631
0.394294,-0.39756
0.395839,-0.396489
0.397385,-0.395418
0.398931,-0.394347
0.400477,-0.393276
0.402023,-0.392205
0.403568,-0.391134
0.405114,-0.390063
0.40666,-0.388992
0.408206,-0.387921
0.409752,-0.38685
0.411297,-0.385778
0.412843,-0.384707
0.414389,-0.383636
0.415935,-0.382565
0.417481,-0.381494
0.419026,-0.380423
0.420572,-0.379352
0.422118,-0.378281
0.423664,-0.37721
0.42521,-0.376139
0.426755,-0.375068
0.428301,-0.373997
0.429847,-0.372926
0.431393,-0.371855
0.432939,-0.370784
0.434484,-0.369712
0.43603,-0.368641
0.437576,-0.36757
0.439122,-0.366499
0.440668,-0.365428
0.442213,-0.364357
0.443759,-0.363286
0.445305,-0.362215
0.446851,-0.361144
0.448397,-0.360073
0.449942,-0.359002
0.451488,-0.357931
0.453034,-0.35686
0.45458,-0.355789
0.456126,-0.354718
0.457671,-0.353647
0.459217,-0.352575
0.460763,-0.351504
0.462309,-0.350433
0.463855,-0.349362
0.4654,-0.348291
0.466946,-0.34722
0.468492,-0.346149
0.470038,-0.345078
0.471584,-0.344007
0.473129,-0.342936
0.474675,-0.341865
0.476221,-0.340794
0.477767,-0.339723
0.479313,-0.338652
0.480858,-0.337581
0.482404,-0.336509
0.48395,-0.335438
0.485496,-0.334367
0.487042,-0.333296
0.488587,-0.332225
0.490133,-0.331154
0.491679,-0.330083
0.493225,-0.329012
0.494771,-0.327941
0.496316,-0.32687
0.497862,-0.325799
0.499408,-0.324728
0.500954,-0.323657
0.5025,-0.322586
0.504045,-0.321515
0.505591,-0.320443
0.507137,-0.319372
0.508683,-0.318301
0.510229,-0.31723
0.511774,-0.316159
0.51332,-0.315088
0.514866,-0.314017
0.516412,-0.312946
0.517958,-0.311875
0.519503,-0.310804
0.521049,-0.309733
0.522595,-0.308662
0.524141,-0.307591
0.525687,-0.30652
0.527232,-0.305449
0.528778,-0.304378
0.530324,-0.303306
0.53187,-0.302235
0.533416,-0.301164
0.534961,-0.300093
0.536507,-0.299022
0.538053,-0.297951
0.539599,-0.29688
0.541145,-0.295809
0.54269,-0.294738
0.544236,-0.293667
0.545782,-0.292596
0.547328,-0.291525
0.548873,-0.290454
0.550419,-0.289383
0.551965,-0.288312
0.553511,-0.28724
0.555057,-0.286169
0.556602,-0.285098
0.558148,-0.284027
0.559694,-0.282956
0.56124,-0.281885
0.562786,-0.280814
0.564331,-0.279743
0.565877,-0.278672
0.567423,-0.277601
0.568969,-0.27653
0.570515,-0.275459
0.57206,-0.274388
0.573606,-0.273317
0.575152,-0.272246
0.576698,-0.271174
0.578244,-0.270103
0.579789,-0.269032
0.581335,-0.267961
0.582881,-0.26689
0.584427,-0.265819
0.585973,-0.264748
0.587518,-0.263677
0.589064,-0.262606
0.59061,-0.261535
0.592156,-0.260464
0.593702,-0.259393
0.595247,-0.258322
0.596793,-0.257251
0.598339,-0.25618
0.599885,-0.255109
0.601431,-0.254037
0.602976,-0.252966
0.604522,-0.251895
0.606068,-0.250824
0.607614,-0.249753
0.60916,-0.248682
0.610705,-0.247611
0.612251,-0.24654
