O
25
1,0,-1,0.78,-0.5,0.75,0.0,0.0,0.0,0.3,0.4,0.02,0,0.8,False
2,0,-1,1.1,-0.5,0.93,0.0,0.0,0.0,0.02,0.4,0.2,0,0.8,False
3,0,-1,0.78,-0.5,1.11,0.0,0.0,0.0,0.3,0.4,0.02,0,0.8,False
4,0,-1,0.8,-0.92,0.93,0.0,0.0,0.0,0.32,0.02,0.2,0,0.8,False
5,0,-1,0.8,-0.08,0.93,0.0,0.0,0.0,0.32,0.02,0.2,0,0.8,False
6,0,0,0.6736714639421585,-0.4329818625448664,0.86,0.0,0.0,1.8885984844592842,0.048851369673842376,0.03983355561663942,0.09,0.46184399811097093,1.1335162314125122,False
7,2,0,0.6988465108363223,-0.1940726752119316,0.8450000000000001,0.0,0.0,3.241834954898662,0.0487795755734546,0.0487795755734546,0.15,0.4731053236335557,1.1698564436202747,False
8,0,0,0.8568909333288489,-0.5524724099275385,0.86,0.0,0.0,2.3090433705740394,0.04891499081545824,0.07157932413065007,0.09,0.010864359293483006,1.135543631439616,False
9,2,0,0.9634298043324596,-0.8119635838201869,0.8486270809063047,0.0,0.0,3.508164947165689,0.04514028304067206,0.04514028304067206,0.15725416181260932,0.3790096592084435,1.1332520507411623,False
10,2,0,0.9751456832807139,-0.18631361507531052,0.8450000000000001,0.0,0.0,2.798674311125932,0.04668436594299717,0.04668436594299717,0.15,0.18931648681888458,1.1877321089726207,False
11,2,1,0.6632336472489575,-0.7316934433409634,0.8450000000000001,0.0,0.0,4.302748173221476,0.03,0.03,0.15,0.49403361985057587,1.1208552337816626,True
12,2,1,1.028955249754626,-0.4308285116173777,0.8450000000000001,0.0,0.0,0.14912359296859307,0.03,0.03,0.15,0.17062032070761002,1.0474655654939267,True
13,0,1,0.5876966975351119,-0.8324189344788826,0.86,0.0,0.0,4.004715488068208,0.03,0.03,0.09,0.40142120033052076,1.0749646228125453,True
14,2,1,0.6886908314085962,-0.6139965359230688,0.8450000000000001,0.0,0.0,2.963290553154974,0.04650033105873094,0.04650033105873094,0.15,0.23015636176482945,0.9286083469064429,True
15,0,1,0.7910221063677573,-0.8039776969741239,0.86,0.0,0.0,5.1834455149634024,0.07609641326367997,0.03,0.09,0.1323487106191265,0.850366605204647,True
16,2,1,0.539817564106491,-0.6803069849565215,0.8450000000000001,0.0,0.0,0.4091093487790427,0.03256442859532933,0.03256442859532933,0.15,0.1240570248847449,0.9402892503230933,True
17,2,1,0.558364908727639,-0.2880232549802173,0.8450000000000001,0.0,0.0,4.250890829329433,0.03376995849309519,0.03376995849309519,0.15,0.3918437763039259,1.1504315582871185,True
18,2,1,1.0176472439835698,-0.5640558618148724,0.8657446434975113,0.0,0.0,5.81371989097726,0.038814460944704074,0.038814460944704074,0.19148928699502263,0.018518366470238745,0.8125246527399692,True
19,0,1,0.8824589407890366,-0.32502626132935275,0.86,0.0,0.0,4.046355831595535,0.03,0.06224890479253777,0.09,0.12330017934328419,1.0397902844621316,True
20,2,1,0.8316262112290135,-0.1647591404169576,0.8450000000000001,0.0,0.0,2.6745560515903093,0.032679908459593614,0.032679908459593614,0.15,0.42273094121651356,0.8940978049033881,True
21,0,1,1.0021109312097538,-0.32840296357426646,0.86,0.0,0.0,3.414290468377368,0.03,0.03,0.09,0.052584820305817626,0.8303034089529517,True
22,2,1,1.015395142773611,-0.6760469808245124,0.8450000000000001,0.0,0.0,6.014748324468693,0.03,0.03,0.15,0.11058861819701415,1.0253827084171565,True
23,2,1,0.5719437827828977,-0.4363401033106519,0.8456196845638605,0.0,0.0,4.917345217329011,0.03,0.03,0.15123936912772082,0.4523777005732326,1.1673989996839929,True
24,0,1,0.5752573129919754,-0.5570490973587163,0.86,0.0,0.0,3.2194143321353286,0.03,0.03,0.09,0.44161513149135967,1.0701817282574293,True
25,0,1,0.9056733322156528,-0.6903243110456606,0.8936033988556881,0.0,0.0,3.2480918887799,0.036257434334656745,0.0354196134804565,0.12360339885568805,0.03519814172242264,1.1393866312772323,True
R
0.0,0.0,0.0,0.0,0.0,0.0,1.0
S
8
torso_lift_joint,0
r_shoulder_pan_joint,-1.69017
r_shoulder_lift_joint,-0.0788625
r_upper_arm_roll_joint,-1.69017
r_elbow_flex_joint,-1.2717
r_forearm_roll_joint,-0.151824
r_wrist_flex_joint,-1.25254
r_wrist_roll_joint,0.675062
G
0.58452,-0.462308,0.86,0.317802,-0,0
ooi
6
A
599
0.310248,-0.673113
0.310936,-0.672241
0.311625,-0.671369
0.312313,-0.670498
0.313001,-0.669626
0.31369,-0.668754
0.314378,-0.667882
0.315066,-0.66701
0.315754,-0.666138
0.316443,-0.665267
0.317131,-0.664395
0.317819,-0.663523
0.318508,-0.662651
0.319196,-0.661779
0.319884,-0.660908
0.320572,-0.660036
0.321261,-0.659164
0.321949,-0.658292
0.322637,-0.65742
0.323326,-0.656548
0.324014,-0.655677
0.324702,-0.654805
0.32539,-0.653933
0.326079,-0.653061
0.326767,-0.652189
0.327455,-0.651317
0.328144,-0.650446
0.328832,-0.649574
0.32952,-0.648702
0.330208,-0.64783
0.330897,-0.646958
0.331585,-0.646087
0.332273,-0.645215
0.332962,-0.644343
0.33365,-0.643471
0.334338,-0.642599
0.335026,-0.641727
0.335715,-0.640856
0.336403,-0.639984
0.337091,-0.639112
0.33778,-0.63824
0.338468,-0.637368
0.339156,-0.636496
0.339844,-0.635625
0.340533,-0.634753
0.341221,-0.633881
0.341909,-0.633009
0.342598,-0.632137
0.343286,-0.631266
0.343974,-0.630394
0.344662,-0.629522
0.345351,-0.62865
0.346039,-0.627778
0.346727,-0.626906
0.347416,-0.626035
0.348104,-0.625163
0.348792,-0.624291
0.34948,-0.623419
0.350169,-0.622547
0.350857,-0.621675
0.351545,-0.620804
0.352234,-0.619932
0.352922,-0.61906
0.35361,-0.618188
0.354298,-0.617316
0.354987,-0.616445
0.355675,-0.615573
0.356363,-0.614701
0.357052,-0.613829
0.35774,-0.612957
0.358428,-0.612085
0.359116,-0.611214
0.359805,-0.610342
0.360493,-0.60947
0.361181,-0.608598
0.36187,-0.607726
0.362558,-0.606854
0.363246,-0.605983
0.363935,-0.605111
0.364623,-0.604239
0.365311,-0.603367
0.365999,-0.602495
0.366688,-0.601624
0.367376,-0.600752
0.368064,-0.59988
0.368753,-0.599008
0.369441,-0.598136
0.370129,-0.597264
0.370817,-0.596393
0.371506,-0.595521
0.372194,-0.594649
0.372882,-0.593777
0.373571,-0.592905
0.374259,-0.592033
0.374947,-0.591162
0.375635,-0.59029
0.376324,-0.589418
0.377012,-0.588546
0.3777,-0.587674
0.378389,-0.586803
0.379077,-0.585931
0.379765,-0.585059
0.380453,-0.584187
0.381142,-0.583315
0.38183,-0.582443
0.382518,-0.581572
0.383207,-0.5807
0.383895,-0.579828
0.384583,-0.578956
0.385271,-0.578084
0.38596,-0.577212
0.386648,-0.576341
0.387336,-0.575469
0.388025,-0.574597
0.388713,-0.573725
0.389401,-0.572853
0.390089,-0.571982
0.390778,-0.57111
0.391466,-0.570238
0.392154,-0.569366
0.392843,-0.568494
0.393531,-0.567622
0.394219,-0.566751
0.394907,-0.565879
0.395596,-0.565007
0.396284,-0.564135
0.396972,-0.563263
0.397661,-0.562391
0.398349,-0.56152
0.399037,-0.560648
0.399725,-0.559776
0.400414,-0.558904
0.401102,-0.558032
0.40179,-0.557161
0.402479,-0.556289
0.403167,-0.555417
0.403855,-0.554545
0.404543,-0.553673
0.405232,-0.552801
0.40592,-0.55193
0.406608,-0.551058
0.407297,-0.550186
0.407985,-0.549314
0.408673,-0.548442
0.409361,-0.54757
0.41005,-0.546699
0.410738,-0.545827
0.411426,-0.544955
0.412115,-0.544083
0.412803,-0.543211
0.413491,-0.54234
0.414033,-0.541296
0.414576,-0.540253
0.415118,-0.539209
0.41566,-0.538166
0.416203,-0.537123
0.416745,-0.536079
0.417287,-0.535036
0.41783,-0.533993
0.418372,-0.532949
0.418914,-0.531906
0.419457,-0.530862
0.419999,-0.529819
0.420541,-0.528776
0.421083,-0.527732
0.421626,-0.526689
0.422168,-0.525646
0.42271,-0.524602
0.423253,-0.523559
0.423795,-0.522515
0.424337,-0.521472
0.42488,-0.520429
0.425422,-0.519385
0.425964,-0.518342
0.426507,-0.517299
0.427049,-0.516255
0.427591,-0.515212
0.428133,-0.514169
0.428676,-0.513125
0.429218,-0.512082
0.42976,-0.511038
0.430303,-0.509995
0.430845,-0.508952
0.431387,-0.507908
0.43193,-0.506865
0.432472,-0.505822
0.433014,-0.504778
0.433557,-0.503735
0.434099,-0.502691
0.434641,-0.501648
0.435183,-0.500605
0.435726,-0.499561
0.436268,-0.498518
0.43681,-0.497475
0.437353,-0.496431
0.437895,-0.495388
0.438437,-0.494344
0.43898,-0.493301
0.439522,-0.492258
0.440064,-0.491214
0.440607,-0.490171
0.441149,-0.489128
0.441691,-0.488084
0.442233,-0.487041
0.442776,-0.485997
0.443318,-0.484954
0.44386,-0.483911
0.444403,-0.482867
0.444945,-0.481824
0.445487,-0.480781
0.44603,-0.479737
0.446572,-0.478694
0.447114,-0.47765
0.447657,-0.476607
0.448199,-0.475564
0.448741,-0.47452
0.449284,-0.473477
0.449826,-0.472434
0.450368,-0.47139
0.45091,-0.470347
0.451453,-0.469304
0.451995,-0.46826
0.452537,-0.467217
0.45308,-0.466173
0.453622,-0.46513
0.454164,-0.464087
0.454707,-0.463043
0.455249,-0.462
0.455791,-0.460957
0.456334,-0.459913
0.456876,-0.45887
0.457418,-0.457826
0.45796,-0.456783
0.458503,-0.45574
0.459045,-0.454696
0.459587,-0.453653
0.46013,-0.45261
0.460672,-0.451566
0.461214,-0.450523
0.461757,-0.449479
0.462299,-0.448436
0.462841,-0.447393
0.463384,-0.446349
0.463926,-0.445306
0.464468,-0.444263
0.46501,-0.443219
0.465553,-0.442176
0.466095,-0.441132
0.466637,-0.440089
0.46718,-0.439046
0.467722,-0.438002
0.468264,-0.436959
0.468807,-0.435916
0.469349,-0.434872
0.469891,-0.433829
0.470434,-0.432786
0.470976,-0.431742
0.471518,-0.430699
0.472061,-0.429655
0.472603,-0.428612
0.473145,-0.427569
0.473687,-0.426525
0.47423,-0.425482
0.474772,-0.424439
0.475314,-0.423395
0.475857,-0.422352
0.476399,-0.421308
0.476941,-0.420265
0.477484,-0.419222
0.478026,-0.418178
0.478568,-0.417135
0.479111,-0.416092
0.479653,-0.415048
0.480195,-0.414005
0.480737,-0.412961
0.48128,-0.411918
0.481822,-0.410875
0.482364,-0.409831
0.482907,-0.408788
0.483449,-0.407745
0.483991,-0.406701
0.484534,-0.405658
0.485076,-0.404614
0.485618,-0.403571
0.486161,-0.402528
0.486703,-0.401484
0.487245,-0.400441
0.487787,-0.399398
0.48833,-0.398354
0.488872,-0.397311
0.489414,-0.396267
0.489957,-0.395224
0.490499,-0.394181
0.491041,-0.393137
0.491584,-0.392094
0.492126,-0.391051
0.492668,-0.390007
0.493211,-0.388964
0.493753,-0.387921
0.494295,-0.386877
0.495311,-0.386568
0.496328,-0.38626
0.497344,-0.385951
0.49836,-0.385642
0.499377,-0.385333
0.500393,-0.385025
0.501409,-0.384716
0.502426,-0.384407
0.503442,-0.384098
0.504458,-0.38379
0.505475,-0.383481
0.506491,-0.383172
0.507507,-0.382864
0.508524,-0.382555
0.50954,-0.382246
0.510556,-0.381937
0.511573,-0.381629
0.512589,-0.38132
0.513605,-0.381011
0.514621,-0.380702
0.515638,-0.380394
0.516654,-0.380085
0.51767,-0.379776
0.518687,-0.379467
0.519703,-0.379159
0.520719,-0.37885
0.521736,-0.378541
0.522752,-0.378232
0.523768,-0.377924
0.524785,-0.377615
0.525801,-0.377306
0.526817,-0.376997
0.527834,-0.376689
0.52885,-0.37638
0.529866,-0.376071
0.530883,-0.375763
0.531899,-0.375454
0.532915,-0.375145
0.533931,-0.374836
0.534948,-0.374528
0.535964,-0.374219
0.53698,-0.37391
0.537997,-0.373601
0.539013,-0.373293
0.540029,-0.372984
0.541046,-0.372675
0.542062,-0.372366
0.543078,-0.372058
0.544095,-0.371749
0.545111,-0.37144
0.546127,-0.371131
0.547144,-0.370823
0.54816,-0.370514
0.549176,-0.370205
0.550192,-0.369896
0.551209,-0.369588
0.552225,-0.369279
0.553241,-0.36897
0.554258,-0.368662
0.555274,-0.368353
0.55629,-0.368044
0.557307,-0.367735
0.558323,-0.367427
0.559339,-0.367118
0.560356,-0.366809
0.561372,-0.3665
0.562388,-0.366192
0.563405,-0.365883
0.564421,-0.365574
0.565437,-0.365265
0.566454,-0.364957
0.56747,-0.364648
0.568486,-0.364339
0.569502,-0.36403
0.570519,-0.363722
0.571535,-0.363413
0.572551,-0.363104
0.573568,-0.362795
0.574584,-0.362487
0.5756,-0.362178
0.576617,-0.361869
0.577633,-0.361561
0.578649,-0.361252
0.579666,-0.360943
0.580682,-0.360634
0.581698,-0.360326
0.582715,-0.360017
0.583731,-0.359708
0.584747,-0.359399
0.585763,-0.359091
0.58678,-0.358782
0.587796,-0.358473
0.588812,-0.358164
0.589829,-0.357856
0.590845,-0.357547
0.591861,-0.357238
0.592878,-0.356929
0.593894,-0.356621
0.59491,-0.356312
0.595927,-0.356003
0.596943,-0.355694
0.597959,-0.355386
0.598976,-0.355077
0.599992,-0.354768
0.601008,-0.35446
0.602025,-0.354151
0.603041,-0.353842
0.604057,-0.353533
0.605073,-0.353225
0.60609,-0.352916
0.607106,-0.352607
0.608122,-0.352298
0.609139,-0.35199
0.610155,-0.351681
0.611171,-0.351372
0.612188,-0.351063
0.613204,-0.350755
0.61422,-0.350446
0.615237,-0.350137
0.616253,-0.349828
0.617269,-0.34952
0.618286,-0.349211
0.619302,-0.348902
0.620318,-0.348593
0.621334,-0.348285
0.622351,-0.347976
0.623367,-0.347667
0.624383,-0.347359
0.6254,-0.34705
0.626416,-0.346741
0.627432,-0.346432
0.628449,-0.346124
0.629465,-0.345815
0.630481,-0.345506
0.631498,-0.345197
0.632514,-0.344889
0.63353,-0.34458
0.634547,-0.344271
0.635563,-0.343962
0.636579,-0.343654
0.637596,-0.343345
0.638612,-0.343036
0.639628,-0.342727
0.640644,-0.342419
0.641661,-0.34211
0.642677,-0.341801
0.643693,-0.341492
0.64471,-0.341184
0.645726,-0.340875
0.646742,-0.340566
0.646325,-0.341383
0.645907,-0.3422
0.64549,-0.343017
0.645072,-0.343834
0.644654,-0.344652
0.644237,-0.345469
0.643819,-0.346286
0.643402,-0.347103
0.642984,-0.34792
0.642566,-0.348737
0.642149,-0.349554
0.641731,-0.350371
0.641314,-0.351188
0.640896,-0.352005
0.640478,-0.352822
0.640061,-0.353639
0.639643,-0.354456
0.639226,-0.355273
0.638808,-0.35609
0.63839,-0.356907
0.637973,-0.357725
0.637555,-0.358542
0.637138,-0.359359
0.63672,-0.360176
0.636302,-0.360993
0.635885,-0.36181
0.635467,-0.362627
0.63505,-0.363444
0.634632,-0.364261
0.634214,-0.365078
0.633797,-0.365895
0.633379,-0.366712
0.632961,-0.367529
0.632544,-0.368346
0.632126,-0.369163
0.631709,-0.36998
0.631291,-0.370798
0.630873,-0.371615
0.630456,-0.372432
0.630038,-0.373249
0.629621,-0.374066
0.629203,-0.374883
0.628785,-0.3757
0.628368,-0.376517
0.62795,-0.377334
0.627533,-0.378151
0.627115,-0.378968
0.626697,-0.379785
0.62628,-0.380602
0.625862,-0.381419
0.625445,-0.382236
0.625027,-0.383053
0.624609,-0.383871
0.624192,-0.384688
0.623774,-0.385505
0.623357,-0.386322
0.622939,-0.387139
0.622521,-0.387956
0.622104,-0.388773
0.621686,-0.38959
0.621269,-0.390407
0.620851,-0.391224
0.620433,-0.392041
0.620016,-0.392858
0.619598,-0.393675
0.619181,-0.394492
0.618763,-0.395309
0.618345,-0.396126
0.617928,-0.396944
0.61751,-0.397761
0.617093,-0.398578
0.616675,-0.399395
0.616257,-0.400212
0.61584,-0.401029
0.615422,-0.401846
0.615005,-0.402663
0.614587,-0.40348
0.614169,-0.404297
0.613752,-0.405114
0.613334,-0.405931
0.612917,-0.406748
0.612499,-0.407565
0.612081,-0.408382
0.611664,-0.409199
0.611246,-0.410017
0.610829,-0.410834
0.610411,-0.411651
0.609993,-0.412468
0.609576,-0.413285
0.609158,-0.414102
0.608741,-0.414919
0.608323,-0.415736
0.607905,-0.416553
0.607488,-0.41737
0.60707,-0.418187
0.606653,-0.419004
0.606235,-0.419821
0.605817,-0.420638
0.6054,-0.421455
0.604982,-0.422272
0.604565,-0.42309
0.604147,-0.423907
0.603729,-0.424724
0.603312,-0.425541
0.602894,-0.426358
0.602477,-0.427175
0.602059,-0.427992
0.601641,-0.428809
0.601224,-0.429626
0.600806,-0.430443
0.600389,-0.43126
0.599971,-0.432077
0.599553,-0.432894
0.599136,-0.433711
0.598718,-0.434528
0.598301,-0.435345
0.597883,-0.436163
0.597465,-0.43698
0.597048,-0.437797
0.59663,-0.438614
0.596213,-0.439431
0.595795,-0.440248
0.595377,-0.441065
0.59496,-0.441882
0.594542,-0.442699
0.594125,-0.443516
0.593707,-0.444333
0.593289,-0.44515
0.592872,-0.445967
0.592454,-0.446784
0.592037,-0.447601
0.591619,-0.448418
0.591201,-0.449236
0.590784,-0.450053
0.590366,-0.45087
0.589949,-0.451687
0.589531,-0.452504
0.589113,-0.453321
0.588696,-0.454138
0.588278,-0.454955
0.587861,-0.455772
0.587443,-0.456589
0.587025,-0.457406
0.586608,-0.458223
0.58619,-0.45904
0.585773,-0.459857
0.585355,-0.460674
0.584937,-0.461491
0.58452,-0.462308
