O
25
1,0,-1,0.78,-0.5,0.75,0.0,0.0,0.0,0.3,0.4,0.02,0,0.8,False
2,0,-1,1.1,-0.5,0.93,0.0,0.0,0.0,0.02,0.4,0.2,0,0.8,False
3,0,-1,0.78,-0.5,1.11,0.0,0.0,0.0,0.3,0.4,0.02,0,0.8,False
4,0,-1,0.8,-0.92,0.93,0.0,0.0,0.0,0.32,0.02,0.2,0,0.8,False
5,0,-1,0.8,-0.08,0.93,0.0,0.0,0.0,0.32,0.02,0.2,0,0.8,False
6,2,0,0.5994788110186018,-0.6565492097688609,0.8450000000000001,0.0,0.0,3.026436889177641,0.07808528510999292,0.07808528510999292,0.15,0.30822962597516945,0.848746331013126,False
7,0,0,0.9570023399633947,-0.2554880784774588,0.86,0.0,0.0,1.921877707356046,0.067104881162263,0.07486654149669705,0.09,0.08617248038107389,1.1290686865799768,False
8,0,0,0.8485702482186295,-0.47331574349820404,0.86,0.0,0.0,5.315111060831037,0.07675544562620969,0.054663935670314585,0.09,0.1386413958857396,1.1004617684472113,False
9,2,0,0.9143714329003441,-0.7060983066852057,0.8531389144993085,0.0,0.0,2.071857393969935,0.07468704345024044,0.07468704345024044,0.16627782899861684,0.35848545694672257,0.9328907445331571,False
10,0,0,0.5177028089174843,-0.20710667126223303,0.9245469948651878,0.0,0.0,1.2255708671282302,0.0315074769475942,0.04045667256195617,0.15454699486518775,0.01377141242262886,1.0182528461180984,False
11,2,1,0.6767898534258099,-0.20141768098028923,0.8564447522616676,0.0,0.0,1.811577545115792,0.03,0.03,0.17288950452333518,0.3834095977392401,1.0379847202507684,True
12,2,1,0.5450778967091702,-0.37353260798398064,0.8450000000000001,0.0,0.0,3.5032701090227834,0.03,0.03,0.15,0.3298065211260714,1.0049637680977952,True
13,2,1,0.6383124908703756,-0.8557042746506731,0.8450000000000001,0.0,0.0,6.161913161009989,0.03,0.03,0.15,0.4580715730478632,0.850690233590979,True
14,0,1,0.7519009263318439,-0.6404639544347581,0.86,0.0,0.0,1.6172896302772055,0.05913760824625571,0.03,0.09,0.25348107007026033,0.9710380534177551,True
15,2,1,0.8157845778477666,-0.25252281466493176,0.8450000000000001,0.0,0.0,3.3943897841230815,0.030012051712819534,0.030012051712819534,0.15,0.3430695748214365,0.9812064282323993,True
16,2,1,0.6764564899985561,-0.37246607214024186,0.8450000000000001,0.0,0.0,1.6925267878945403,0.03,0.03,0.15,0.1941076594516422,1.1637097136393804,True
17,2,1,0.9851447999227146,-0.5559553176543304,0.8450000000000001,0.0,0.0,1.8049282775463102,0.03,0.03,0.15,0.3538224508511912,1.0896478814652255,True
18,2,1,0.6579463410791505,-0.47847040996604273,0.8450000000000001,0.0,0.0,0.1344746117076587,0.053106490474795987,0.053106490474795987,0.15,0.010221563947742984,0.8339916432529467,True
19,2,1,0.5526519796502576,-0.48819918827393055,0.8450000000000001,0.0,0.0,4.549233945839304,0.03,0.03,0.15,0.447925467358761,0.9062010817303676,True
20,2,1,1.0123377179483217,-0.43144000614109257,0.8450000000000001,0.0,0.0,1.2267114075037429,0.0426596575629885,0.0426596575629885,0.15,0.38391700898918907,1.0219488716723129,True
21,2,1,0.7345798077116397,-0.8084619013464531,0.8450000000000001,0.0,0.0,1.354858848544712,0.03,0.03,0.15,0.20296267308288385,1.0386872118650077,True
22,2,1,0.7199967201712453,-0.2893981708302955,0.8450000000000001,0.0,0.0,4.791758263927901,0.03,0.03,0.15,0.1849607311146672,0.8845419044697388,True
23,2,1,0.5577876313943987,-0.8454092794167994,0.8450000000000001,0.0,0.0,2.895433446734986,0.03,0.03,0.15,0.14225694934644906,0.9627324345765995,True
24,2,1,0.7669005162519615,-0.165003195863048,0.8574909197323128,0.0,0.0,1.3482288107637463,0.03,0.03,0.17498183946462567,0.28624581396379783,0.9674394856148008,True
25,2,1,0.6065922565487747,-0.29182235940042567,0.8450000000000001,0.0,0.0,1.5484785169342508,0.03,0.03,0.15,0.11761264946648115,1.0013871114126351,True
R
0.0,0.0,0.0,0.0,0.0,0.0,1.0
S
8
torso_lift_joint,0
r_shoulder_pan_joint,-1.69017
r_shoulder_lift_joint,-0.0788625
r_upper_arm_roll_joint,-1.69017
r_elbow_flex_joint,-1.2717
r_forearm_roll_joint,-0.151824
r_wrist_flex_joint,-1.25254
r_wrist_roll_joint,0.675062
G
0.488784,-0.287521,0.924547,1.22557,-0,0
ooi
10
A
599
0.310248,-0.673113
0.310752,-0.672166
0.311255,-0.671218
0.311759,-0.670271
0.312262,-0.669323
0.312765,-0.668376
0.313269,-0.667428
0.313772,-0.666481
0.314276,-0.665534
0.314779,-0.664586
0.315283,-0.663639
0.315786,-0.662691
0.31629,-0.661744
0.316793,-0.660796
0.317296,-0.659849
0.3178,-0.658902
0.318303,-0.657954
0.318807,-0.657007
0.31931,-0.656059
0.319814,-0.655112
0.320317,-0.654164
0.320821,-0.653217
0.321324,-0.65227
0.321827,-0.651322
0.322331,-0.650375
0.322834,-0.649427
0.323338,-0.64848
0.323841,-0.647532
0.324345,-0.646585
0.324848,-0.645638
0.325352,-0.64469
0.325855,-0.643743
0.326358,-0.642795
0.326862,-0.641848
0.327365,-0.6409
0.327869,-0.639953
0.328372,-0.639005
0.328876,-0.638058
0.329379,-0.637111
0.329883,-0.636163
0.330386,-0.635216
0.330889,-0.634268
0.331393,-0.633321
0.331896,-0.632373
0.3324,-0.631426
0.332903,-0.630479
0.333407,-0.629531
0.33391,-0.628584
0.334414,-0.627636
0.334917,-0.626689
0.33542,-0.625741
0.335924,-0.624794
0.336427,-0.623847
0.336931,-0.622899
0.337434,-0.621952
0.337938,-0.621004
0.338441,-0.620057
0.338945,-0.619109
0.339448,-0.618162
0.339951,-0.617215
0.340455,-0.616267
0.340958,-0.61532
0.341462,-0.614372
0.341965,-0.613425
0.342469,-0.612477
0.342972,-0.61153
0.343476,-0.610582
0.343979,-0.609635
0.344482,-0.608688
0.344986,-0.60774
0.345489,-0.606793
0.345993,-0.605845
0.346496,-0.604898
0.347,-0.60395
0.347503,-0.603003
0.348007,-0.602056
0.34851,-0.601108
0.349013,-0.600161
0.349517,-0.599213
0.35002,-0.598266
0.350524,-0.597318
0.351027,-0.596371
0.351531,-0.595424
0.352034,-0.594476
0.352538,-0.593529
0.353041,-0.592581
0.353544,-0.591634
0.354048,-0.590686
0.354551,-0.589739
0.355055,-0.588792
0.355558,-0.587844
0.356062,-0.586897
0.356565,-0.585949
0.357069,-0.585002
0.357572,-0.584054
0.358075,-0.583107
0.358579,-0.582159
0.359082,-0.581212
0.359586,-0.580265
0.360089,-0.579317
0.360593,-0.57837
0.361096,-0.577422
0.3616,-0.576475
0.362103,-0.575527
0.362606,-0.57458
0.36311,-0.573633
0.363613,-0.572685
0.364117,-0.571738
0.36462,-0.57079
0.365124,-0.569843
0.365627,-0.568895
0.366131,-0.567948
0.366634,-0.567001
0.367137,-0.566053
0.367641,-0.565106
0.368144,-0.564158
0.368648,-0.563211
0.369151,-0.562263
0.369655,-0.561316
0.370158,-0.560369
0.370662,-0.559421
0.371165,-0.558474
0.371668,-0.557526
0.372172,-0.556579
0.372675,-0.555631
0.373179,-0.554684
0.373682,-0.553737
0.374186,-0.552789
0.374689,-0.551842
0.375193,-0.550894
0.375696,-0.549947
0.376199,-0.548999
0.376703,-0.548052
0.377206,-0.547104
0.37771,-0.546157
0.378213,-0.54521
0.378717,-0.544262
0.37922,-0.543315
0.379724,-0.542367
0.380227,-0.54142
0.38073,-0.540472
0.381234,-0.539525
0.381737,-0.538578
0.382241,-0.53763
0.382744,-0.536683
0.383248,-0.535735
0.383751,-0.534788
0.384255,-0.53384
0.384758,-0.532893
0.385262,-0.531946
0.385765,-0.530998
0.385159,-0.530791
0.384553,-0.530584
0.383947,-0.530377
0.383341,-0.53017
0.382735,-0.529962
0.382129,-0.529755
0.381523,-0.529548
0.380918,-0.529341
0.380312,-0.529134
0.379706,-0.528927
0.3791,-0.52872
0.378494,-0.528512
0.377888,-0.528305
0.377282,-0.528098
0.376676,-0.527891
0.37607,-0.527684
0.375464,-0.527477
0.374858,-0.52727
0.374252,-0.527063
0.373646,-0.526855
0.37304,-0.526648
0.372435,-0.526441
0.371829,-0.526234
0.371223,-0.526027
0.370617,-0.52582
0.370011,-0.525613
0.369405,-0.525405
0.368799,-0.525198
0.368193,-0.524991
0.367587,-0.524784
0.366981,-0.524577
0.366375,-0.52437
0.365769,-0.524163
0.365163,-0.523956
0.364557,-0.523748
0.363952,-0.523541
0.363346,-0.523334
0.36274,-0.523127
0.362134,-0.52292
0.361528,-0.522713
0.360922,-0.522506
0.360316,-0.522298
0.35971,-0.522091
0.359104,-0.521884
0.358498,-0.521677
0.357892,-0.52147
0.357286,-0.521263
0.35668,-0.521056
0.356074,-0.520848
0.355469,-0.520641
0.354863,-0.520434
0.354257,-0.520227
0.353651,-0.52002
0.353045,-0.519813
0.352439,-0.519606
0.351833,-0.519399
0.351227,-0.519191
0.350621,-0.518984
0.350015,-0.518777
0.349409,-0.51857
0.348803,-0.518363
0.348197,-0.518156
0.347591,-0.517949
0.346986,-0.517741
0.34638,-0.517534
0.345774,-0.517327
0.345168,-0.51712
0.344562,-0.516913
0.343956,-0.516706
0.34335,-0.516499
0.342744,-0.516292
0.342138,-0.516084
0.341532,-0.515877
0.340926,-0.51567
0.34032,-0.515463
0.339714,-0.515256
0.339108,-0.515049
0.338503,-0.514842
0.337897,-0.514634
0.337291,-0.514427
0.336685,-0.51422
0.336079,-0.514013
0.335473,-0.513806
0.334867,-0.513599
0.334261,-0.513392
0.333655,-0.513184
0.333049,-0.512977
0.332443,-0.51277
0.331837,-0.512563
0.331231,-0.512356
0.330625,-0.512149
0.33002,-0.511942
0.329414,-0.511735
0.328808,-0.511527
0.328202,-0.51132
0.327596,-0.511113
0.32699,-0.510906
0.326384,-0.510699
0.325778,-0.510492
0.325172,-0.510285
0.324566,-0.510077
0.32396,-0.50987
0.323354,-0.509663
0.322748,-0.509456
0.322142,-0.509249
0.321537,-0.509042
0.320931,-0.508835
0.320325,-0.508627
0.319719,-0.50842
0.319113,-0.508213
0.318507,-0.508006
0.317901,-0.507799
0.317295,-0.507592
0.316689,-0.507385
0.316083,-0.507178
0.315477,-0.50697
0.314871,-0.506763
0.314265,-0.506556
0.313659,-0.506349
0.313054,-0.506142
0.312448,-0.505935
0.311842,-0.505728
0.311236,-0.50552
0.31063,-0.505313
0.310024,-0.505106
0.309418,-0.504899
0.308812,-0.504692
0.308206,-0.504485
0.3076,-0.504278
0.306994,-0.504071
0.306388,-0.503863
0.305782,-0.503656
0.305176,-0.503449
0.304571,-0.503242
0.303965,-0.503035
0.303359,-0.502828
0.302753,-0.502621
0.302147,-0.502413
0.301541,-0.502206
0.300935,-0.501999
0.300329,-0.501792
0.299723,-0.501585
0.299117,-0.501378
0.298511,-0.501171
0.297905,-0.500963
0.297299,-0.500756
0.296693,-0.500549
0.296088,-0.500342
0.295482,-0.500135
0.295664,-0.499182
0.295846,-0.498229
0.296029,-0.497276
0.296211,-0.496323
0.296393,-0.49537
0.296576,-0.494418
0.296758,-0.493465
0.29694,-0.492512
0.297123,-0.491559
0.297305,-0.490606
0.297487,-0.489653
0.29767,-0.4887
0.297852,-0.487747
0.298034,-0.486794
0.298217,-0.485842
0.298399,-0.484889
0.298581,-0.483936
0.298764,-0.482983
0.298946,-0.48203
0.299129,-0.481077
0.299311,-0.480124
0.299493,-0.479171
0.299676,-0.478218
0.299858,-0.477266
0.30004,-0.476313
0.300223,-0.47536
0.300405,-0.474407
0.300587,-0.473454
0.30077,-0.472501
0.300952,-0.471548
0.301134,-0.470595
0.301317,-0.469642
0.301499,-0.46869
0.301681,-0.467737
0.301864,-0.466784
0.302046,-0.465831
0.302228,-0.464878
0.302411,-0.463925
0.302593,-0.462972
0.302775,-0.462019
0.302958,-0.461066
0.30314,-0.460114
0.303322,-0.459161
0.303505,-0.458208
0.303687,-0.457255
0.30387,-0.456302
0.304052,-0.455349
0.304234,-0.454396
0.304417,-0.453443
0.304599,-0.45249
0.304781,-0.451537
0.304964,-0.450585
0.305146,-0.449632
0.305328,-0.448679
0.305511,-0.447726
0.305693,-0.446773
0.305875,-0.44582
0.306058,-0.444867
0.30624,-0.443914
0.306422,-0.442961
0.306605,-0.442009
0.306787,-0.441056
0.306969,-0.440103
0.307152,-0.43915
0.307334,-0.438197
0.307516,-0.437244
0.307699,-0.436291
0.307881,-0.435338
0.308063,-0.434385
0.308246,-0.433433
0.308428,-0.43248
0.308611,-0.431527
0.308793,-0.430574
0.308975,-0.429621
0.309158,-0.428668
0.30934,-0.427715
0.309522,-0.426762
0.309705,-0.425809
0.309887,-0.424857
0.310069,-0.423904
0.310252,-0.422951
0.310434,-0.421998
0.310616,-0.421045
0.310799,-0.420092
0.310981,-0.419139
0.311163,-0.418186
0.311346,-0.417233
0.311528,-0.41628
0.31171,-0.415328
0.311893,-0.414375
0.312075,-0.413422
0.312257,-0.412469
0.31244,-0.411516
0.312622,-0.410563
0.312804,-0.40961
0.312987,-0.408657
0.313169,-0.407704
0.313352,-0.406752
0.313534,-0.405799
0.313716,-0.404846
0.313899,-0.403893
0.314081,-0.40294
0.314263,-0.401987
0.314446,-0.401034
0.314628,-0.400081
0.31481,-0.399128
0.314993,-0.398176
0.315175,-0.397223
0.315357,-0.39627
0.31554,-0.395317
0.315722,-0.394364
0.315904,-0.393411
0.316087,-0.392458
0.316269,-0.391505
0.316451,-0.390552
0.316634,-0.3896
0.316816,-0.388647
0.316998,-0.387694
0.317181,-0.386741
0.317363,-0.385788
0.317545,-0.384835
0.317728,-0.383882
0.31791,-0.382929
0.318092,-0.381976
0.318275,-0.381024
0.318457,-0.380071
0.31864,-0.379118
0.318822,-0.378165
0.319004,-0.377212
0.319187,-0.376259
0.319369,-0.375306
0.319551,-0.374353
0.319734,-0.3734
0.319916,-0.372447
0.320098,-0.371495
0.320281,-0.370542
0.320463,-0.369589
0.320645,-0.368636
0.320828,-0.367683
0.32101,-0.36673
0.321192,-0.365777
0.321375,-0.364824
0.321557,-0.363871
0.321739,-0.362919
0.321922,-0.361966
0.322104,-0.361013
0.322286,-0.36006
0.322469,-0.359107
0.322651,-0.358154
0.322833,-0.357201
0.323947,-0.356734
0.325061,-0.356266
0.326175,-0.355798
0.327289,-0.355331
0.328402,-0.354863
0.329516,-0.354395
0.33063,-0.353928
0.331744,-0.35346
0.332857,-0.352992
0.333971,-0.352525
0.335085,-0.352057
0.336199,-0.351589
0.337312,-0.351122
0.338426,-0.350654
0.33954,-0.350186
0.340654,-0.349719
0.341767,-0.349251
0.342881,-0.348784
0.343995,-0.348316
0.345109,-0.347848
0.346222,-0.347381
0.347336,-0.346913
0.34845,-0.346445
0.349564,-0.345978
0.350677,-0.34551
0.351791,-0.345042
0.352905,-0.344575
0.354019,-0.344107
0.355132,-0.343639
0.356246,-0.343172
0.35736,-0.342704
0.358474,-0.342236
0.359588,-0.341769
0.360701,-0.341301
0.361815,-0.340833
0.362929,-0.340366
0.364043,-0.339898
0.365156,-0.339431
0.36627,-0.338963
0.367384,-0.338495
0.368498,-0.338028
0.369611,-0.33756
0.370725,-0.337092
0.371839,-0.336625
0.372953,-0.336157
0.374066,-0.335689
0.37518,-0.335222
0.376294,-0.334754
0.377408,-0.334286
0.378521,-0.333819
0.379635,-0.333351
0.380749,-0.332883
0.381863,-0.332416
0.382976,-0.331948
0.38409,-0.33148
0.385204,-0.331013
0.386318,-0.330545
0.387431,-0.330078
0.388545,-0.32961
0.389659,-0.329142
0.390773,-0.328675
0.391887,-0.328207
0.393,-0.327739
0.394114,-0.327272
0.395228,-0.326804
0.396342,-0.326336
0.397455,-0.325869
0.398569,-0.325401
0.399683,-0.324933
0.400797,-0.324466
0.40191,-0.323998
0.403024,-0.32353
0.404138,-0.323063
0.405252,-0.322595
0.406365,-0.322127
0.407479,-0.32166
0.408593,-0.321192
0.409707,-0.320724
0.41082,-0.320257
0.411934,-0.319789
0.413048,-0.319322
0.414162,-0.318854
0.415275,-0.318386
0.416389,-0.317919
0.417503,-0.317451
0.418617,-0.316983
0.41973,-0.316516
0.420844,-0.316048
0.421958,-0.31558
0.423072,-0.315113
0.424186,-0.314645
0.425299,-0.314177
0.426413,-0.31371
0.427527,-0.313242
0.428641,-0.312774
0.429754,-0.312307
0.430868,-0.311839
0.431982,-0.311371
0.433096,-0.310904
0.434209,-0.310436
0.435323,-0.309969
0.436437,-0.309501
0.437551,-0.309033
0.438664,-0.308566
0.439778,-0.308098
0.440892,-0.30763
0.442006,-0.307163
0.443119,-0.306695
0.444233,-0.306227
0.445347,-0.30576
0.446461,-0.305292
0.447574,-0.304824
0.448688,-0.304357
0.449802,-0.303889
0.450916,-0.303421
0.452029,-0.302954
0.453143,-0.302486
0.454257,-0.302018
0.455371,-0.301551
0.456485,-0.301083
0.457598,-0.300616
0.458712,-0.300148
0.459826,-0.29968
0.46094,-0.299213
0.462053,-0.298745
0.463167,-0.298277
0.464281,-0.29781
0.465395,-0.297342
0.466508,-0.296874
0.467622,-0.296407
0.468736,-0.295939
0.46985,-0.295471
0.470963,-0.295004
0.472077,-0.294536
0.473191,-0.294068
0.474305,-0.293601
0.475418,-0.293133
0.476532,-0.292665
0.477646,-0.292198
0.47876,-0.29173
0.479873,-0.291263
0.480987,-0.290795
0.482101,-0.290327
0.483215,-0.28986
0.484328,-0.289392
0.485442,-0.288924
0.486556,-0.288457
0.48767,-0.287989
0.488784,-0.287521
