O
25
1,0,-1,0.78,-0.5,0.75,0.0,0.0,0.0,0.3,0.4,0.02,0,0.8,False
2,0,-1,1.1,-0.5,0.93,0.0,0.0,0.0,0.02,0.4,0.2,0,0.8,False
3,0,-1,0.78,-0.5,1.11,0.0,0.0,0.0,0.3,0.4,0.02,0,0.8,False
4,0,-1,0.8,-0.92,0.93,0.0,0.0,0.0,0.32,0.02,0.2,0,0.8,False
5,0,-1,0.8,-0.08,0.93,0.0,0.0,0.0,0.32,0.02,0.2,0,0.8,False
6,2,0,0.9528686118229075,-0.7062282064132399,0.8450000000000001,0.0,0.0,5.457208480516947,0.03,0.03,0.15,0.2743995152479582,0.8222747125078778,False
7,0,0,0.7897148666740614,-0.8164146971414552,0.86,0.0,0.0,5.863689813621365,0.03,0.03,0.09,0.24787346301367857,1.0878593254044446,False
8,0,0,0.7229945432198677,-0.5100850031690594,0.8837894094926977,0.0,0.0,3.341179679181932,0.07255868486280619,0.06453606443392851,0.11378940949269767,0.11270185582787906,0.9844546647216565,False
9,0,0,0.8877737971386389,-0.460517642554561,0.86,0.0,0.0,0.9487266139970629,0.06741765091066389,0.030878365729569996,0.09,0.20321353339378118,1.1984043867348797,False
10,0,0,0.5550975815335057,-0.329081638803432,0.86,0.0,0.0,3.6464886571722888,0.03,0.03,0.09,0.24061542497663846,0.8847428985257905,False
11,0,1,0.9142523468941377,-0.2987579326860832,0.86,0.0,0.0,5.508768205428305,0.06262563119981748,0.03,0.09,0.21220095965338287,1.0011367826165074,True
12,2,1,0.7749549025106658,-0.2824465482915003,0.8627005865461764,0.0,0.0,1.8862699007079629,0.03,0.03,0.18540117309235268,0.38549927692731273,1.167568833117265,True
13,2,1,0.5870035449696829,-0.7992791783137727,0.8450000000000001,0.0,0.0,3.252196967429778,0.03,0.03,0.15,0.48863207720486485,1.101520443219179,True
14,0,1,0.9175590000495699,-0.1562513089110682,0.86,0.0,0.0,3.6954495383515975,0.03,0.03,0.09,0.2270460565678199,0.9087092658110121,True
15,0,1,0.6868636789828301,-0.34824950267629484,0.86,0.0,0.0,3.287546253431226,0.03,0.07025013987852209,0.09,0.011620248018180845,0.9700586417980942,True
16,2,1,1.0138041462475766,-0.8452464291103083,0.8450000000000001,0.0,0.0,0.21226174656501096,0.03513677978693279,0.03513677978693279,0.15,0.25453901720804895,1.1587640171317513,True
17,0,1,0.6330684187759162,-0.70434933072806,0.86,0.0,0.0,4.576489081754142,0.03,0.03,0.09,0.35199144816158107,0.8806781001620434,True
18,2,1,0.5663956903763925,-0.5335080603041796,0.8450000000000001,0.0,0.0,1.6841755316641442,0.053282099056238805,0.053282099056238805,0.15,0.23630817849645647,0.9164724258090161,True
19,2,1,1.0062095958122081,-0.5610058019870858,0.8450000000000001,0.0,0.0,4.576076373516128,0.03,0.03,0.15,0.3455912788592917,1.1895259493035717,True
20,0,1,0.846672301230062,-0.7180465854902897,0.86,0.0,0.0,3.3310590839350365,0.03,0.03,0.09,0.3346865813457671,1.011548091826153,True
21,2,1,0.7143134157305979,-0.6721292159220302,0.8450000000000001,0.0,0.0,3.1508058758857485,0.03,0.03,0.15,0.0005937735436161162,0.9028104756708507,True
22,2,1,1.0291348666095441,-0.4286235764105378,0.8576736261941437,0.0,0.0,1.461655816755229,0.03,0.03,0.17534725238828724,0.18325745865527115,1.0188271535442306,True
23,2,1,0.5692086918372403,-0.17267596160591292,0.8450000000000001,0.0,0.0,0.7761458425279992,0.03,0.03,0.15,0.34118715623755264,1.1076672890309165,True
24,0,1,0.7293525544763513,-0.15513696314893055,0.86,0.0,0.0,3.4500183004330522,0.03,0.03,0.09,0.07750663103723848,1.1634111523307609,True
25,2,1,0.8855247891829712,-0.6057246937211334,0.8450000000000001,0.0,0.0,0.9334442356417044,0.03,0.03,0.15,0.20058461742375394,0.9150658109564044,True
R
0.0,0.0,0.0,0.0,0.0,0.0,1.0
S
8
torso_lift_joint,0
r_shoulder_pan_joint,-1.69017
r_shoulder_lift_joint,-0.0788625
r_upper_arm_roll_joint,-1.69017
r_elbow_flex_joint,-1.2717
r_forearm_roll_joint,-0.151824
r_wrist_flex_joint,-1.25254
r_wrist_roll_joint,0.675062
G
0.489456,-0.36536,0.86,0.504896,-0,0
ooi
10
A
599
0.310248,-0.673113
0.31053,-0.673024
0.310812,-0.672935
0.311095,-0.672846
0.311377,-0.672757
0.311659,-0.672667
0.311941,-0.672578
0.312223,-0.672489
0.312505,-0.6724
0.312787,-0.672311
0.31307,-0.672222
0.313352,-0.672133
0.313634,-0.672044
0.313916,-0.671954
0.314198,-0.671865
0.31448,-0.671776
0.314762,-0.671687
0.315045,-0.671598
0.315327,-0.671509
0.315609,-0.67142
0.315891,-0.671331
0.316173,-0.671242
0.316455,-0.671152
0.316737,-0.671063
0.31702,-0.670974
0.317302,-0.670885
0.317584,-0.670796
0.317866,-0.670707
0.318148,-0.670618
0.31843,-0.670529
0.318712,-0.670439
0.318994,-0.67035
0.319277,-0.670261
0.319559,-0.670172
0.319841,-0.670083
0.320123,-0.669994
0.320405,-0.669905
0.320687,-0.669816
0.320969,-0.669726
0.321252,-0.669637
0.321534,-0.669548
0.321816,-0.669459
0.322098,-0.66937
0.32238,-0.669281
0.322662,-0.669192
0.322944,-0.669103
0.323227,-0.669013
0.323509,-0.668924
0.323791,-0.668835
0.324073,-0.668746
0.324355,-0.668657
0.324637,-0.668568
0.324919,-0.668479
0.325202,-0.66839
0.325484,-0.6683
0.325766,-0.668211
0.326048,-0.668122
0.32633,-0.668033
0.326612,-0.667944
0.326894,-0.667855
0.327176,-0.667766
0.327459,-0.667677
0.327741,-0.667587
0.328023,-0.667498
0.328305,-0.667409
0.328587,-0.66732
0.328869,-0.667231
0.329151,-0.667142
0.329434,-0.667053
0.329716,-0.666964
0.329998,-0.666875
0.33028,-0.666785
0.330562,-0.666696
0.330844,-0.666607
0.331126,-0.666518
0.331409,-0.666429
0.331691,-0.66634
0.331973,-0.666251
0.332255,-0.666162
0.332537,-0.666072
0.332819,-0.665983
0.333101,-0.665894
0.333384,-0.665805
0.333666,-0.665716
0.333948,-0.665627
0.33423,-0.665538
0.334512,-0.665449
0.334794,-0.665359
0.335076,-0.66527
0.335359,-0.665181
0.335641,-0.665092
0.335923,-0.665003
0.336205,-0.664914
0.336487,-0.664825
0.336769,-0.664736
0.337051,-0.664646
0.337333,-0.664557
0.337616,-0.664468
0.337898,-0.664379
0.33818,-0.66429
0.338462,-0.664201
0.338744,-0.664112
0.339026,-0.664023
0.339308,-0.663933
0.339591,-0.663844
0.339873,-0.663755
0.340155,-0.663666
0.340437,-0.663577
0.340719,-0.663488
0.341001,-0.663399
0.341283,-0.66331
0.341566,-0.66322
0.341848,-0.663131
0.34213,-0.663042
0.342412,-0.662953
0.342694,-0.662864
0.342976,-0.662775
0.343258,-0.662686
0.343541,-0.662597
0.343823,-0.662508
0.344105,-0.662418
0.344387,-0.662329
0.344669,-0.66224
0.344951,-0.662151
0.345233,-0.662062
0.345515,-0.661973
0.345798,-0.661884
0.34608,-0.661795
0.346362,-0.661705
0.346644,-0.661616
0.346926,-0.661527
0.347208,-0.661438
0.34749,-0.661349
0.347773,-0.66126
0.348055,-0.661171
0.348337,-0.661082
0.348619,-0.660992
0.348901,-0.660903
0.349183,-0.660814
0.349465,-0.660725
0.349748,-0.660636
0.35003,-0.660547
0.350312,-0.660458
0.350594,-0.660369
0.350876,-0.660279
0.351158,-0.66019
0.35144,-0.660101
0.351723,-0.660012
0.352005,-0.659923
0.352287,-0.659834
0.352569,-0.659745
0.353298,-0.658315
0.354026,-0.656884
0.354755,-0.655454
0.355484,-0.654024
0.356212,-0.652594
0.356941,-0.651164
0.35767,-0.649733
0.358398,-0.648303
0.359127,-0.646873
0.359856,-0.645443
0.360584,-0.644013
0.361313,-0.642583
0.362042,-0.641152
0.362771,-0.639722
0.363499,-0.638292
0.364228,-0.636862
0.364957,-0.635432
0.365685,-0.634002
0.366414,-0.632571
0.367143,-0.631141
0.367871,-0.629711
0.3686,-0.628281
0.369329,-0.626851
0.370057,-0.625421
0.370786,-0.62399
0.371515,-0.62256
0.372243,-0.62113
0.372972,-0.6197
0.373701,-0.61827
0.374429,-0.61684
0.375158,-0.615409
0.375887,-0.613979
0.376615,-0.612549
0.377344,-0.611119
0.378073,-0.609689
0.378802,-0.608258
0.37953,-0.606828
0.380259,-0.605398
0.380988,-0.603968
0.381716,-0.602538
0.382445,-0.601108
0.383174,-0.599677
0.383902,-0.598247
0.384631,-0.596817
0.38536,-0.595387
0.386088,-0.593957
0.386817,-0.592527
0.387546,-0.591096
0.388274,-0.589666
0.389003,-0.588236
0.389732,-0.586806
0.39046,-0.585376
0.391189,-0.583946
0.391918,-0.582515
0.392646,-0.581085
0.393375,-0.579655
0.394104,-0.578225
0.394832,-0.576795
0.395561,-0.575364
0.39629,-0.573934
0.397019,-0.572504
0.397747,-0.571074
0.398476,-0.569644
0.399205,-0.568214
0.399933,-0.566783
0.400662,-0.565353
0.401391,-0.563923
0.402119,-0.562493
0.402848,-0.561063
0.403577,-0.559633
0.404305,-0.558202
0.405034,-0.556772
0.405763,-0.555342
0.406491,-0.553912
0.40722,-0.552482
0.407949,-0.551052
0.408677,-0.549621
0.409406,-0.548191
0.410135,-0.546761
0.410863,-0.545331
0.411592,-0.543901
0.412321,-0.54247
0.41305,-0.54104
0.413778,-0.53961
0.414507,-0.53818
0.415236,-0.53675
0.415964,-0.53532
0.416693,-0.533889
0.417422,-0.532459
0.41815,-0.531029
0.418879,-0.529599
0.419608,-0.528169
0.420336,-0.526739
0.421065,-0.525308
0.421794,-0.523878
0.422522,-0.522448
0.423251,-0.521018
0.42398,-0.519588
0.424708,-0.518158
0.425437,-0.516727
0.426166,-0.515297
0.426894,-0.513867
0.427623,-0.512437
0.428352,-0.511007
0.429081,-0.509577
0.429809,-0.508146
0.430538,-0.506716
0.431267,-0.505286
0.431995,-0.503856
0.432724,-0.502426
0.433453,-0.500995
0.434181,-0.499565
0.43491,-0.498135
0.435639,-0.496705
0.436367,-0.495275
0.437096,-0.493845
0.437825,-0.492414
0.438553,-0.490984
0.439282,-0.489554
0.440011,-0.488124
0.440739,-0.486694
0.441468,-0.485264
0.442197,-0.483833
0.442925,-0.482403
0.443654,-0.480973
0.444383,-0.479543
0.445112,-0.478113
0.44584,-0.476683
0.446569,-0.475252
0.447298,-0.473822
0.448026,-0.472392
0.448755,-0.470962
0.449484,-0.469532
0.450212,-0.468101
0.450941,-0.466671
0.45167,-0.465241
0.452398,-0.463811
0.453127,-0.462381
0.453856,-0.460951
0.454584,-0.45952
0.455313,-0.45809
0.456042,-0.45666
0.45677,-0.45523
0.457499,-0.4538
0.458228,-0.45237
0.458956,-0.450939
0.459685,-0.449509
0.460414,-0.448079
0.461143,-0.446649
0.460742,-0.447172
0.460342,-0.447694
0.459942,-0.448217
0.459542,-0.448739
0.459142,-0.449262
0.458742,-0.449785
0.458342,-0.450307
0.457942,-0.45083
0.457542,-0.451352
0.457142,-0.451875
0.456742,-0.452398
0.456342,-0.45292
0.455942,-0.453443
0.455542,-0.453966
0.455142,-0.454488
0.454742,-0.455011
0.454342,-0.455533
0.453942,-0.456056
0.453542,-0.456579
0.453142,-0.457101
0.452742,-0.457624
0.452342,-0.458147
0.451942,-0.458669
0.451542,-0.459192
0.451142,-0.459714
0.450742,-0.460237
0.450342,-0.46076
0.449942,-0.461282
0.449542,-0.461805
0.449142,-0.462328
0.448742,-0.46285
0.448341,-0.463373
0.447941,-0.463895
0.447541,-0.464418
0.447141,-0.464941
0.446741,-0.465463
0.446341,-0.465986
0.445941,-0.466509
0.445541,-0.467031
0.445141,-0.467554
0.444741,-0.468076
0.444341,-0.468599
0.443941,-0.469122
0.443541,-0.469644
0.443141,-0.470167
0.442741,-0.47069
0.442341,-0.471212
0.441941,-0.471735
0.441541,-0.472257
0.441141,-0.47278
0.440741,-0.473303
0.440341,-0.473825
0.439941,-0.474348
0.439541,-0.474871
0.439141,-0.475393
0.438741,-0.475916
0.438341,-0.476438
0.437941,-0.476961
0.437541,-0.477484
0.437141,-0.478006
0.436741,-0.478529
0.436341,-0.479051
0.43594,-0.479574
0.43554,-0.480097
0.43514,-0.480619
0.43474,-0.481142
0.43434,-0.481665
0.43394,-0.482187
0.43354,-0.48271
0.43314,-0.483232
0.43274,-0.483755
0.43234,-0.484278
0.43194,-0.4848
0.43154,-0.485323
0.43114,-0.485846
0.43074,-0.486368
0.43034,-0.486891
0.42994,-0.487413
0.42954,-0.487936
0.42914,-0.488459
0.42874,-0.488981
0.42834,-0.489504
0.42794,-0.490027
0.42754,-0.490549
0.42714,-0.491072
0.42674,-0.491594
0.42634,-0.492117
0.42594,-0.49264
0.42554,-0.493162
0.42514,-0.493685
0.42474,-0.494208
0.42434,-0.49473
0.42394,-0.495253
0.423539,-0.495775
0.423139,-0.496298
0.422739,-0.496821
0.422339,-0.497343
0.421939,-0.497866
0.421539,-0.498389
0.421139,-0.498911
0.420739,-0.499434
0.420339,-0.499956
0.419939,-0.500479
0.419539,-0.501002
0.419139,-0.501524
0.418739,-0.502047
0.418339,-0.502569
0.417939,-0.503092
0.417539,-0.503615
0.417139,-0.504137
0.416739,-0.50466
0.416339,-0.505183
0.415939,-0.505705
0.415539,-0.506228
0.415139,-0.50675
0.414739,-0.507273
0.414339,-0.507796
0.413939,-0.508318
0.413539,-0.508841
0.413139,-0.509364
0.412739,-0.509886
0.412339,-0.510409
0.411939,-0.510931
0.411539,-0.511454
0.411138,-0.511977
0.410738,-0.512499
0.410338,-0.513022
0.409938,-0.513545
0.409538,-0.514067
0.409138,-0.51459
0.408738,-0.515112
0.408338,-0.515635
0.407938,-0.516158
0.407538,-0.51668
0.407138,-0.517203
0.406738,-0.517726
0.406338,-0.518248
0.405938,-0.518771
0.405538,-0.519293
0.405138,-0.519816
0.404738,-0.520339
0.404338,-0.520861
0.403938,-0.521384
0.403538,-0.521907
0.403138,-0.522429
0.402738,-0.522952
0.402338,-0.523474
0.401938,-0.523997
0.401538,-0.52452
0.401138,-0.525042
0.40173,-0.523971
0.402323,-0.522899
0.402916,-0.521827
0.403509,-0.520756
0.404101,-0.519684
0.404694,-0.518612
0.405287,-0.51754
0.40588,-0.516469
0.406472,-0.515397
0.407065,-0.514325
0.407658,-0.513254
0.408251,-0.512182
0.408843,-0.51111
0.409436,-0.510039
0.410029,-0.508967
0.410621,-0.507895
0.411214,-0.506824
0.411807,-0.505752
0.4124,-0.50468
0.412992,-0.503608
0.413585,-0.502537
0.414178,-0.501465
0.414771,-0.500393
0.415363,-0.499322
0.415956,-0.49825
0.416549,-0.497178
0.417142,-0.496107
0.417734,-0.495035
0.418327,-0.493963
0.41892,-0.492892
0.419513,-0.49182
0.420105,-0.490748
0.420698,-0.489676
0.421291,-0.488605
0.421884,-0.487533
0.422476,-0.486461
0.423069,-0.48539
0.423662,-0.484318
0.424254,-0.483246
0.424847,-0.482175
0.42544,-0.481103
0.426033,-0.480031
0.426625,-0.47896
0.427218,-0.477888
0.427811,-0.476816
0.428404,-0.475745
0.428996,-0.474673
0.429589,-0.473601
0.430182,-0.472529
0.430775,-0.471458
0.431367,-0.470386
0.43196,-0.469314
0.432553,-0.468243
0.433146,-0.467171
0.433738,-0.466099
0.434331,-0.465028
0.434924,-0.463956
0.435517,-0.462884
0.436109,-0.461813
0.436702,-0.460741
0.437295,-0.459669
0.437887,-0.458597
0.43848,-0.457526
0.439073,-0.456454
0.439666,-0.455382
0.440258,-0.454311
0.440851,-0.453239
0.441444,-0.452167
0.442037,-0.451096
0.442629,-0.450024
0.443222,-0.448952
0.443815,-0.447881
0.444408,-0.446809
0.445,-0.445737
0.445593,-0.444665
0.446186,-0.443594
0.446779,-0.442522
0.447371,-0.44145
0.447964,-0.440379
0.448557,-0.439307
0.44915,-0.438235
0.449742,-0.437164
0.450335,-0.436092
0.450928,-0.43502
0.45152,-0.433949
0.452113,-0.432877
0.452706,-0.431805
0.453299,-0.430733
0.453891,-0.429662
0.454484,-0.42859
0.455077,-0.427518
0.45567,-0.426447
0.456262,-0.425375
0.456855,-0.424303
0.457448,-0.423232
0.458041,-0.42216
0.458633,-0.421088
0.459226,-0.420017
0.459819,-0.418945
0.460412,-0.417873
0.461004,-0.416802
0.461597,-0.41573
0.46219,-0.414658
0.462782,-0.413586
0.463375,-0.412515
0.463968,-0.411443
0.464561,-0.410371
0.465153,-0.4093
0.465746,-0.408228
0.466339,-0.407156
0.466932,-0.406085
0.467524,-0.405013
0.468117,-0.403941
0.46871,-0.40287
0.469303,-0.401798
0.469895,-0.400726
0.470488,-0.399654
0.471081,-0.398583
0.471674,-0.397511
0.472266,-0.396439
0.472859,-0.395368
0.473452,-0.394296
0.474045,-0.393224
0.474637,-0.392153
0.47523,-0.391081
0.475823,-0.390009
0.476415,-0.388938
0.477008,-0.387866
0.477601,-0.386794
0.478194,-0.385722
0.478786,-0.384651
0.479379,-0.383579
0.479972,-0.382507
0.480565,-0.381436
0.481157,-0.380364
0.48175,-0.379292
0.482343,-0.378221
0.482936,-0.377149
0.483528,-0.376077
0.484121,-0.375006
0.484714,-0.373934
0.485307,-0.372862
0.485899,-0.371791
0.486492,-0.370719
0.487085,-0.369647
0.487678,-0.368575
0.48827,-0.367504
0.488863,-0.366432
0.489456,-0.36536
