O
25
1,0,-1,0.78,-0.5,0.75,0.0,0.0,0.0,0.3,0.4,0.02,0,0.8,False
2,0,-1,1.1,-0.5,0.93,0.0,0.0,0.0,0.02,0.4,0.2,0,0.8,False
3,0,-1,0.78,-0.5,1.11,0.0,0.0,0.0,0.3,0.4,0.02,0,0.8,False
4,0,-1,0.8,-0.92,0.93,0.0,0.0,0.0,0.32,0.02,0.2,0,0.8,False
5,0,-1,0.8,-0.08,0.93,0.0,0.0,0.0,0.32,0.02,0.2,0,0.8,False
6,2,0,0.6920490849442162,-0.691145181501149,0.8452543482836111,0.0,0.0,5.152654742151663,0.03,0.03,0.15050869656722216,0.15299296679747243,1.1784875333970566,False
7,2,0,0.8492930206351461,-0.7255951913479363,0.8450000000000001,0.0,0.0,5.155270254450979,0.058275077175087724,0.058275077175087724,0.15,0.07741162798508089,0.8812967796709301,False
8,0,0,0.563197657824236,-0.4438828725523759,0.86,0.0,0.0,5.533417387695739,0.03,0.07543360661215058,0.09,0.1644332014390244,0.9185680519522337,False
9,0,0,0.8737804214802813,-0.21119392041546392,0.86,0.0,0.0,5.807293126883971,0.0476396204070916,0.06244695585864362,0.09,0.29061151931829116,0.8531823835791783,False
10,0,0,0.9738311930875063,-0.5304364255458678,0.86,0.0,0.0,2.310007862019036,0.03,0.03,0.09,0.3879884522290196,0.800048883776251,False
11,0,1,0.7958063362689157,-0.41327987546146394,0.86,0.0,0.0,5.549825275660273,0.036242548453811065,0.06014258230590759,0.09,0.4144633318544805,1.196005558268895,True
12,2,1,0.9456235091203808,-0.3959322726206673,0.8450000000000001,0.0,0.0,3.2455323450788223,0.03,0.03,0.15,0.2215151446664968,0.9947961728846781,True
13,2,1,1.0065165322904734,-0.7512046050708104,0.8450000000000001,0.0,0.0,3.4862411633711234,0.0381751229171613,0.0381751229171613,0.15,0.15021337958142156,1.1008554851992316,True
14,0,1,0.6616545657187033,-0.17236389403215646,0.8828410060134645,0.0,0.0,4.413772412670454,0.04390259549874322,0.03,0.11284100601346447,0.4415723135748517,0.9273775237337263,True
15,2,1,0.5723766416345335,-0.7805000613080006,0.8450000000000001,0.0,0.0,2.427365525527678,0.03,0.03,0.15,0.460337213304328,1.1205689928792246,True
16,2,1,0.7444247529971917,-0.2901009020288777,0.8566355868808574,0.0,0.0,0.1093814025546129,0.03,0.03,0.17327117376171472,0.2764093352765615,0.8719491095336475,True
17,2,1,0.5741397533901571,-0.24799970931980275,0.8492636712970911,0.0,0.0,2.995135780984732,0.03,0.03,0.15852734259418236,0.10048897134207901,1.0429183562706474,True
18,2,1,0.8805228357856809,-0.5854492550688057,0.8450000000000001,0.0,0.0,1.4570919430155722,0.03027522818698635,0.03027522818698635,0.15,0.4569070723040396,1.1266031200755653,True
19,0,1,0.6904310119299463,-0.5472193547222817,0.86,0.0,0.0,1.2319148454503939,0.03,0.03455564770257102,0.09,0.20202242124494696,1.0344676212015012,True
20,2,1,0.5352526134243707,-0.5979204825744793,0.8477469912701555,0.0,0.0,6.016795318971796,0.03530411017451978,0.03530411017451978,0.15549398254031085,0.48510470256297983,1.0646050380228211,True
21,2,1,0.711283993222417,-0.8372707443613895,0.8450000000000001,0.0,0.0,5.178394054865208,0.031840119041806524,0.031840119041806524,0.15,0.39666600314015354,1.0595622827721503,True
22,2,1,1.0354115532086332,-0.39748154352681764,0.8672390462934877,0.0,0.0,4.8716351608729935,0.03,0.03,0.1944780925869754,0.37743433359726297,0.879599757538006,True
23,0,1,1.0119441269764204,-0.6457713583722462,0.86,0.0,0.0,1.0514468438528648,0.03489636452427056,0.03,0.09,0.14074783380193173,0.8415181626890179,True
24,0,1,1.0176820495691796,-0.16698534399296083,0.8641169888159593,0.0,0.0,5.774949416351758,0.03,0.03,0.09411698881595931,0.27435328731153263,0.8044670887714831,True
25,2,1,1.0128729102937142,-0.26173528127921764,0.8450000000000001,0.0,0.0,2.8016340955035064,0.03045185292523345,0.03045185292523345,0.15,0.443662939026271,1.156476200506634,True
R
0.0,0.0,0.0,0.0,0.0,0.0,1.0
S
8
torso_lift_joint,0
r_shoulder_pan_joint,-1.69017
r_shoulder_lift_joint,-0.0788625
r_upper_arm_roll_joint,-1.69017
r_elbow_flex_joint,-1.2717
r_forearm_roll_joint,-0.151824
r_wrist_flex_joint,-1.25254
r_wrist_roll_joint,0.675062
G
0.619626,-0.710635,0.845254,0.262885,-0,0
ooi
6
A
599
0.310248,-0.673113
0.310168,-0.672341
0.310087,-0.671568
0.310007,-0.670795
0.309926,-0.670023
0.309846,-0.66925
0.309766,-0.668478
0.309685,-0.667705
0.309605,-0.666933
0.309524,-0.66616
0.309444,-0.665388
0.309363,-0.664615
0.309283,-0.663842
0.309203,-0.66307
0.309122,-0.662297
0.309042,-0.661525
0.308961,-0.660752
0.308881,-0.65998
0.3088,-0.659207
0.30872,-0.658435
0.308639,-0.657662
0.308559,-0.656889
0.308479,-0.656117
0.308398,-0.655344
0.308318,-0.654572
0.308237,-0.653799
0.308157,-0.653027
0.308076,-0.652254
0.307996,-0.651482
0.307916,-0.650709
0.307835,-0.649936
0.307755,-0.649164
0.307674,-0.648391
0.307594,-0.647619
0.307513,-0.646846
0.307433,-0.646074
0.307353,-0.645301
0.307272,-0.644529
0.307192,-0.643756
0.307111,-0.642984
0.307031,-0.642211
0.30695,-0.641438
0.30687,-0.640666
0.306789,-0.639893
0.306709,-0.639121
0.306629,-0.638348
0.306548,-0.637576
0.306468,-0.636803
0.306387,-0.636031
0.306307,-0.635258
0.306226,-0.634485
0.306146,-0.633713
0.306066,-0.63294
0.305985,-0.632168
0.305905,-0.631395
0.305824,-0.630623
0.305744,-0.62985
0.305663,-0.629078
0.305583,-0.628305
0.305502,-0.627532
0.305422,-0.62676
0.305342,-0.625987
0.305261,-0.625215
0.305181,-0.624442
0.3051,-0.62367
0.30502,-0.622897
0.304939,-0.622125
0.304859,-0.621352
0.304779,-0.620579
0.304698,-0.619807
0.304618,-0.619034
0.304537,-0.618262
0.304457,-0.617489
0.304376,-0.616717
0.304296,-0.615944
0.304216,-0.615172
0.304135,-0.614399
0.304055,-0.613627
0.303974,-0.612854
0.303894,-0.612081
0.303813,-0.611309
0.303733,-0.610536
0.303652,-0.609764
0.303572,-0.608991
0.303492,-0.608219
0.303411,-0.607446
0.303331,-0.606674
0.30325,-0.605901
0.30317,-0.605128
0.303089,-0.604356
0.303009,-0.603583
0.302929,-0.602811
0.302848,-0.602038
0.302768,-0.601266
0.302687,-0.600493
0.302607,-0.599721
0.302526,-0.598948
0.302446,-0.598175
0.302366,-0.597403
0.302285,-0.59663
0.302205,-0.595858
0.302124,-0.595085
0.302044,-0.594313
0.301963,-0.59354
0.301883,-0.592768
0.301802,-0.591995
0.301722,-0.591222
0.301642,-0.59045
0.301561,-0.589677
0.301481,-0.588905
0.3014,-0.588132
0.30132,-0.58736
0.301239,-0.586587
0.301159,-0.585815
0.301079,-0.585042
0.300998,-0.58427
0.300918,-0.583497
0.300837,-0.582724
0.300757,-0.581952
0.300676,-0.581179
0.300596,-0.580407
0.300516,-0.579634
0.300435,-0.578862
0.300355,-0.578089
0.300274,-0.577317
0.300194,-0.576544
0.300113,-0.575771
0.300033,-0.574999
0.299952,-0.574226
0.299872,-0.573454
0.299792,-0.572681
0.299711,-0.571909
0.299631,-0.571136
0.29955,-0.570364
0.29947,-0.569591
0.299389,-0.568818
0.299309,-0.568046
0.299229,-0.567273
0.299148,-0.566501
0.299068,-0.565728
0.298987,-0.564956
0.298907,-0.564183
0.298826,-0.563411
0.298746,-0.562638
0.298665,-0.561865
0.298585,-0.561093
0.298505,-0.56032
0.298424,-0.559548
0.298344,-0.558775
0.298263,-0.558003
0.298183,-0.55723
0.299472,-0.558232
0.300762,-0.559234
0.302051,-0.560236
0.30334,-0.561238
0.304629,-0.56224
0.305919,-0.563242
0.307208,-0.564244
0.308497,-0.565246
0.309787,-0.566248
0.311076,-0.56725
0.312365,-0.568253
0.313655,-0.569255
0.314944,-0.570257
0.316233,-0.571259
0.317523,-0.572261
0.318812,-0.573263
0.320101,-0.574265
0.321391,-0.575267
0.32268,-0.576269
0.323969,-0.577271
0.325259,-0.578273
0.326548,-0.579275
0.327837,-0.580277
0.329127,-0.581279
0.330416,-0.582281
0.331705,-0.583283
0.332995,-0.584285
0.334284,-0.585287
0.335573,-0.586289
0.336863,-0.587291
0.338152,-0.588293
0.339441,-0.589295
0.340731,-0.590297
0.34202,-0.591299
0.343309,-0.592301
0.344598,-0.593303
0.345888,-0.594305
0.347177,-0.595307
0.348466,-0.596309
0.349756,-0.597311
0.351045,-0.598313
0.352334,-0.599315
0.353624,-0.600318
0.354913,-0.60132
0.356202,-0.602322
0.357492,-0.603324
0.358781,-0.604326
0.36007,-0.605328
0.36136,-0.60633
0.362649,-0.607332
0.363938,-0.608334
0.365228,-0.609336
0.366517,-0.610338
0.367806,-0.61134
0.369096,-0.612342
0.370385,-0.613344
0.371674,-0.614346
0.372964,-0.615348
0.374253,-0.61635
0.375542,-0.617352
0.376832,-0.618354
0.378121,-0.619356
0.37941,-0.620358
0.3807,-0.62136
0.381989,-0.622362
0.383278,-0.623364
0.384568,-0.624366
0.385857,-0.625368
0.387146,-0.62637
0.388435,-0.627372
0.389725,-0.628374
0.391014,-0.629376
0.392303,-0.630378
0.393593,-0.63138
0.394882,-0.632383
0.396171,-0.633385
0.397461,-0.634387
0.39875,-0.635389
0.400039,-0.636391
0.401329,-0.637393
0.402618,-0.638395
0.403907,-0.639397
0.405197,-0.640399
0.406486,-0.641401
0.407775,-0.642403
0.409065,-0.643405
0.410354,-0.644407
0.411643,-0.645409
0.412933,-0.646411
0.414222,-0.647413
0.415511,-0.648415
0.416801,-0.649417
0.41809,-0.650419
0.419379,-0.651421
0.420669,-0.652423
0.421958,-0.653425
0.423247,-0.654427
0.424537,-0.655429
0.425826,-0.656431
0.427115,-0.657433
0.428404,-0.658435
0.429694,-0.659437
0.430983,-0.660439
0.432272,-0.661441
0.433562,-0.662443
0.434851,-0.663445
0.43614,-0.664448
0.43743,-0.66545
0.438719,-0.666452
0.440008,-0.667454
0.441298,-0.668456
0.442587,-0.669458
0.443876,-0.67046
0.445166,-0.671462
0.446455,-0.672464
0.447744,-0.673466
0.449034,-0.674468
0.450323,-0.67547
0.451612,-0.676472
0.452902,-0.677474
0.454191,-0.678476
0.45548,-0.679478
0.45677,-0.68048
0.458059,-0.681482
0.459348,-0.682484
0.460638,-0.683486
0.461927,-0.684488
0.463216,-0.68549
0.464506,-0.686492
0.465795,-0.687494
0.467084,-0.688496
0.468373,-0.689498
0.469663,-0.6905
0.470952,-0.691502
0.472241,-0.692504
0.473531,-0.693506
0.47482,-0.694508
0.476109,-0.69551
0.477399,-0.696513
0.478688,-0.697515
0.479977,-0.698517
0.481267,-0.699519
0.482556,-0.700521
0.483845,-0.701523
0.485135,-0.702525
0.486424,-0.703527
0.487713,-0.704529
0.489003,-0.705531
0.490292,-0.706533
0.489796,-0.70661
0.4893,-0.706688
0.488804,-0.706765
0.488308,-0.706842
0.487812,-0.70692
0.487316,-0.706997
0.48682,-0.707075
0.486324,-0.707152
0.485828,-0.707229
0.485332,-0.707307
0.484836,-0.707384
0.48434,-0.707462
0.483844,-0.707539
0.483348,-0.707616
0.482852,-0.707694
0.482356,-0.707771
0.48186,-0.707848
0.481364,-0.707926
0.480868,-0.708003
0.480372,-0.708081
0.479876,-0.708158
0.47938,-0.708235
0.478884,-0.708313
0.478388,-0.70839
0.477892,-0.708468
0.477396,-0.708545
0.4769,-0.708622
0.476404,-0.7087
0.475908,-0.708777
0.475412,-0.708855
0.474916,-0.708932
0.47442,-0.709009
0.473924,-0.709087
0.473428,-0.709164
0.472932,-0.709242
0.472436,-0.709319
0.47194,-0.709396
0.471444,-0.709474
0.470948,-0.709551
0.470452,-0.709628
0.469956,-0.709706
0.46946,-0.709783
0.468964,-0.709861
0.468468,-0.709938
0.467972,-0.710015
0.467476,-0.710093
0.46698,-0.71017
0.466484,-0.710248
0.465988,-0.710325
0.465492,-0.710402
0.464996,-0.71048
0.4645,-0.710557
0.464004,-0.710635
0.463508,-0.710712
0.463012,-0.710789
0.462516,-0.710867
0.46202,-0.710944
0.461524,-0.711022
0.461028,-0.711099
0.460532,-0.711176
0.460036,-0.711254
0.45954,-0.711331
0.459044,-0.711408
0.458548,-0.711486
0.458052,-0.711563
0.457556,-0.711641
0.45706,-0.711718
0.456564,-0.711795
0.456068,-0.711873
0.455572,-0.71195
0.455076,-0.712028
0.45458,-0.712105
0.454084,-0.712182
0.453588,-0.71226
0.453092,-0.712337
0.452596,-0.712415
0.4521,-0.712492
0.451604,-0.712569
0.451108,-0.712647
0.450612,-0.712724
0.450116,-0.712802
0.44962,-0.712879
0.449124,-0.712956
0.448628,-0.713034
0.448132,-0.713111
0.447636,-0.713188
0.44714,-0.713266
0.446644,-0.713343
0.446148,-0.713421
0.445652,-0.713498
0.445156,-0.713575
0.44466,-0.713653
0.444164,-0.71373
0.443668,-0.713808
0.443172,-0.713885
0.442676,-0.713962
0.44218,-0.71404
0.441684,-0.714117
0.441188,-0.714195
0.440691,-0.714272
0.440195,-0.714349
0.439699,-0.714427
0.439203,-0.714504
0.438707,-0.714582
0.438211,-0.714659
0.437715,-0.714736
0.437219,-0.714814
0.436723,-0.714891
0.436227,-0.714968
0.435731,-0.715046
0.435235,-0.715123
0.434739,-0.715201
0.434243,-0.715278
0.433747,-0.715355
0.433251,-0.715433
0.432755,-0.71551
0.432259,-0.715588
0.431763,-0.715665
0.431267,-0.715742
0.430771,-0.71582
0.430275,-0.715897
0.429779,-0.715975
0.429283,-0.716052
0.428787,-0.716129
0.428291,-0.716207
0.427795,-0.716284
0.427299,-0.716362
0.426803,-0.716439
0.426307,-0.716516
0.425811,-0.716594
0.425315,-0.716671
0.424819,-0.716748
0.424323,-0.716826
0.423827,-0.716903
0.423331,-0.716981
0.422835,-0.717058
0.422339,-0.717135
0.421843,-0.717213
0.421347,-0.71729
0.420851,-0.717368
0.420355,-0.717445
0.419859,-0.717522
0.419363,-0.7176
0.418867,-0.717677
0.418371,-0.717755
0.417875,-0.717832
0.417379,-0.717909
0.416883,-0.717987
0.416387,-0.718064
0.415891,-0.718142
0.417259,-0.718091
0.418626,-0.718041
0.419993,-0.71799
0.421361,-0.71794
0.422728,-0.71789
0.424095,-0.717839
0.425463,-0.717789
0.42683,-0.717738
0.428197,-0.717688
0.429565,-0.717638
0.430932,-0.717587
0.432299,-0.717537
0.433667,-0.717487
0.435034,-0.717436
0.436401,-0.717386
0.437769,-0.717335
0.439136,-0.717285
0.440503,-0.717235
0.441871,-0.717184
0.443238,-0.717134
0.444606,-0.717084
0.445973,-0.717033
0.44734,-0.716983
0.448708,-0.716932
0.450075,-0.716882
0.451442,-0.716832
0.45281,-0.716781
0.454177,-0.716731
0.455544,-0.716681
0.456912,-0.71663
0.458279,-0.71658
0.459646,-0.716529
0.461014,-0.716479
0.462381,-0.716429
0.463748,-0.716378
0.465116,-0.716328
0.466483,-0.716278
0.46785,-0.716227
0.469218,-0.716177
0.470585,-0.716126
0.471952,-0.716076
0.47332,-0.716026
0.474687,-0.715975
0.476054,-0.715925
0.477422,-0.715875
0.478789,-0.715824
0.480157,-0.715774
0.481524,-0.715723
0.482891,-0.715673
0.484259,-0.715623
0.485626,-0.715572
0.486993,-0.715522
0.488361,-0.715471
0.489728,-0.715421
0.491095,-0.715371
0.492463,-0.71532
0.49383,-0.71527
0.495197,-0.71522
0.496565,-0.715169
0.497932,-0.715119
0.499299,-0.715068
0.500667,-0.715018
0.502034,-0.714968
0.503401,-0.714917
0.504769,-0.714867
0.506136,-0.714817
0.507503,-0.714766
0.508871,-0.714716
0.510238,-0.714665
0.511605,-0.714615
0.512973,-0.714565
0.51434,-0.714514
0.515707,-0.714464
0.517075,-0.714414
0.518442,-0.714363
0.51981,-0.714313
0.521177,-0.714262
0.522544,-0.714212
0.523912,-0.714162
0.525279,-0.714111
0.526646,-0.714061
0.528014,-0.714011
0.529381,-0.71396
0.530748,-0.71391
0.532116,-0.713859
0.533483,-0.713809
0.53485,-0.713759
0.536218,-0.713708
0.537585,-0.713658
0.538952,-0.713608
0.54032,-0.713557
0.541687,-0.713507
0.543054,-0.713456
0.544422,-0.713406
0.545789,-0.713356
0.547156,-0.713305
0.548524,-0.713255
0.549891,-0.713204
0.551258,-0.713154
0.552626,-0.713104
0.553993,-0.713053
0.555361,-0.713003
0.556728,-0.712953
0.558095,-0.712902
0.559463,-0.712852
0.56083,-0.712801
0.562197,-0.712751
0.563565,-0.712701
0.564932,-0.71265
0.566299,-0.7126
0.567667,-0.71255
0.569034,-0.712499
0.570401,-0.712449
0.571769,-0.712398
0.573136,-0.712348
0.574503,-0.712298
0.575871,-0.712247
0.577238,-0.712197
0.578605,-0.712147
0.579973,-0.712096
0.58134,-0.712046
0.582707,-0.711995
0.584075,-0.711945
0.585442,-0.711895
0.586809,-0.711844
0.588177,-0.711794
0.589544,-0.711744
0.590911,-0.711693
0.592279,-0.711643
0.593646,-0.711592
0.595014,-0.711542
0.596381,-0.711492
0.597748,-0.711441
0.599116,-0.711391
0.600483,-0.711341
0.60185,-0.71129
0.603218,-0.71124
0.604585,-0.711189
0.605952,-0.711139
0.60732,-0.711089
0.608687,-0.711038
0.610054,-0.710988
0.611422,-0.710937
0.612789,-0.710887
0.614156,-0.710837
0.615524,-0.710786
0.616891,-0.710736
0.618258,-0.710686
0.619626,-0.710635
