O
25
1,0,-1,0.78,-0.5,0.75,0.0,0.0,0.0,0.3,0.4,0.02,0,0.8,False
2,0,-1,1.1,-0.5,0.93,0.0,0.0,0.0,0.02,0.4,0.2,0,0.8,False
3,0,-1,0.78,-0.5,1.11,0.0,0.0,0.0,0.3,0.4,0.02,0,0.8,False
4,0,-1,0.8,-0.92,0.93,0.0,0.0,0.0,0.32,0.02,0.2,0,0.8,False
5,0,-1,0.8,-0.08,0.93,0.0,0.0,0.0,0.32,0.02,0.2,0,0.8,False
6,2,0,0.6927501128397777,-0.619604910626746,0.8450000000000001,0.0,0.0,4.270631511166021,0.03363307520821612,0.03363307520821612,0.15,0.20493543086783284,0.8048008540540792,False
7,2,0,0.9512675813458396,-0.2895944922792518,0.8599000079874783,0.0,0.0,4.97611040480091,0.0591286398885421,0.0591286398885421,0.17980001597495654,0.3888411841639967,0.916467070804294,False
8,0,0,0.9096078827300464,-0.7145696684691876,0.86,0.0,0.0,1.6851498903798379,0.03,0.0682789654488499,0.09,0.14012999049971847,0.8678369787302386,False
9,2,0,0.9407401149806444,-0.5196549999932394,0.8450000000000001,0.0,0.0,3.2682506992093736,0.04729097831979176,0.04729097831979176,0.15,0.052918400748743044,0.9022743956389809,False
10,0,0,0.6724404309676313,-0.7543649223604748,0.86,0.0,0.0,3.250650165774892,0.03,0.03143675118748951,0.09,0.028246990936572125,0.836970160603415,False
11,2,1,0.5781558103610687,-0.5878018049838989,0.8450000000000001,0.0,0.0,5.179947270972761,0.03,0.03,0.15,0.22514692331207997,0.8985856170286556,True
12,2,1,0.589746933574944,-0.31474229856378644,0.8450000000000001,0.0,0.0,4.8594938196460635,0.03,0.03,0.15,0.134741436814312,1.1142912428788363,True
13,2,1,0.6020006812513182,-0.4425842957150245,0.8450000000000001,0.0,0.0,4.536645582055528,0.05901328039802199,0.05901328039802199,0.15,0.36715710613690805,1.0639234277041658,True
14,0,1,0.7735487844700496,-0.42577549504620743,0.9234029481145265,0.0,0.0,0.005271181096261604,0.03502334122800655,0.03,0.15340294811452643,0.26972195875071153,0.8755359394968881,True
15,2,1,0.7748706188844342,-0.798537572571665,0.8450000000000001,0.0,0.0,3.010825986519163,0.041941418298163634,0.041941418298163634,0.15,0.1282512957970398,0.9754020132803854,True
16,2,1,0.5788568924151088,-0.7696041065286509,0.8450000000000001,0.0,0.0,2.518556245682325,0.03,0.03,0.15,0.07523849653726739,0.9399919435918127,True
17,0,1,0.7698112044341284,-0.2976168773374641,0.86,0.0,0.0,0.11429742812691371,0.06535433831764106,0.03,0.09,0.42036046655039205,0.8583475425082686,True
18,0,1,0.8257284024636199,-0.5721851542333847,0.86,0.0,0.0,1.4052610408781223,0.03,0.03,0.09,0.08733830590187353,0.8878470740258073,True
19,2,1,0.577648618446148,-0.2118878659482306,0.8450000000000001,0.0,0.0,5.011844377778351,0.03,0.03,0.15,0.24194028335536993,0.8439525014765944,True
20,2,1,0.7440556719579774,-0.5182431291144896,0.8513150893022032,0.0,0.0,6.198413115368735,0.03,0.03,0.1626301786044063,0.2828629021039013,1.0240214645716772,True
21,2,1,0.9296231044361031,-0.15209372416113398,0.8450000000000001,0.0,0.0,1.5283352934452588,0.032902623331979804,0.032902623331979804,0.15,0.05999221713151498,1.0166683304556416,True
22,2,1,0.5806282746230974,-0.6802904821181425,0.8470164611563186,0.0,0.0,0.2776779447437445,0.03,0.03,0.1540329223126371,0.25721928871384336,0.9331309665982989,True
23,2,1,0.5130148324043152,-0.3240258284089451,0.8450000000000001,0.0,0.0,4.704815225074613,0.03,0.03,0.15,0.4607571319074582,1.089615222568931,True
24,2,1,0.7297343578275555,-0.17443073228377903,0.8450000000000001,0.0,0.0,2.0536423286671917,0.04752858590509684,0.04752858590509684,0.15,0.09083271665762732,1.1572565093860863,True
25,2,1,1.0122236417138455,-0.8322298332568082,0.8450000000000001,0.0,0.0,5.792353857751449,0.04115462815658501,0.04115462815658501,0.15,0.33448098329578146,0.9131022936068158,True
R
0.0,0.0,0.0,0.0,0.0,0.0,1.0
S
8
torso_lift_joint,0
r_shoulder_pan_joint,-1.69017
r_shoulder_lift_joint,-0.0788625
r_upper_arm_roll_joint,-1.69017
r_elbow_flex_joint,-1.2717
r_forearm_roll_joint,-0.151824
r_wrist_flex_joint,-1.25254
r_wrist_roll_joint,0.675062
G
0.615351,-0.605727,0.845,2.96417,-3.14159,3.14159
ooi
6
A
599
0.310248,-0.673113
0.310972,-0.673041
0.311695,-0.672969
0.312419,-0.672896
0.313142,-0.672824
0.313866,-0.672752
0.314589,-0.67268
0.315313,-0.672607
0.316037,-0.672535
0.31676,-0.672463
0.317484,-0.672391
0.318207,-0.672318
0.318931,-0.672246
0.319654,-0.672174
0.320378,-0.672102
0.321101,-0.67203
0.321825,-0.671957
0.322549,-0.671885
0.323272,-0.671813
0.323996,-0.671741
0.324719,-0.671668
0.325443,-0.671596
0.326166,-0.671524
0.32689,-0.671452
0.327613,-0.671379
0.328337,-0.671307
0.329061,-0.671235
0.329784,-0.671163
0.330508,-0.67109
0.331231,-0.671018
0.331955,-0.670946
0.332678,-0.670874
0.333402,-0.670802
0.334125,-0.670729
0.334849,-0.670657
0.335573,-0.670585
0.336296,-0.670513
0.33702,-0.67044
0.337743,-0.670368
0.338467,-0.670296
0.33919,-0.670224
0.339914,-0.670151
0.340637,-0.670079
0.341361,-0.670007
0.342085,-0.669935
0.342808,-0.669862
0.343532,-0.66979
0.344255,-0.669718
0.344979,-0.669646
0.345702,-0.669574
0.346426,-0.669501
0.347149,-0.669429
0.347873,-0.669357
0.348597,-0.669285
0.34932,-0.669212
0.350044,-0.66914
0.350767,-0.669068
0.351491,-0.668996
0.352214,-0.668923
0.352938,-0.668851
0.353661,-0.668779
0.354385,-0.668707
0.355109,-0.668634
0.355832,-0.668562
0.356556,-0.66849
0.357279,-0.668418
0.358003,-0.668346
0.358726,-0.668273
0.35945,-0.668201
0.360173,-0.668129
0.360897,-0.668057
0.36162,-0.667984
0.362344,-0.667912
0.363068,-0.66784
0.363791,-0.667768
0.364515,-0.667695
0.365238,-0.667623
0.365962,-0.667551
0.366685,-0.667479
0.367409,-0.667406
0.368132,-0.667334
0.368856,-0.667262
0.36958,-0.66719
0.370303,-0.667118
0.371027,-0.667045
0.37175,-0.666973
0.372474,-0.666901
0.373197,-0.666829
0.373921,-0.666756
0.374644,-0.666684
0.375368,-0.666612
0.376092,-0.66654
0.376815,-0.666467
0.377539,-0.666395
0.378262,-0.666323
0.378986,-0.666251
0.379709,-0.666178
0.380433,-0.666106
0.381156,-0.666034
0.38188,-0.665962
0.382604,-0.66589
0.383327,-0.665817
0.384051,-0.665745
0.384774,-0.665673
0.385498,-0.665601
0.386221,-0.665528
0.386945,-0.665456
0.387668,-0.665384
0.388392,-0.665312
0.389116,-0.665239
0.389839,-0.665167
0.390563,-0.665095
0.391286,-0.665023
0.39201,-0.66495
0.392733,-0.664878
0.393457,-0.664806
0.39418,-0.664734
0.394904,-0.664662
0.395628,-0.664589
0.396351,-0.664517
0.397075,-0.664445
0.397798,-0.664373
0.398522,-0.6643
0.399245,-0.664228
0.399969,-0.664156
0.400692,-0.664084
0.401416,-0.664011
0.402139,-0.663939
0.402863,-0.663867
0.403587,-0.663795
0.40431,-0.663722
0.405034,-0.66365
0.405757,-0.663578
0.406481,-0.663506
0.407204,-0.663434
0.407928,-0.663361
0.408651,-0.663289
0.409375,-0.663217
0.410099,-0.663145
0.410822,-0.663072
0.411546,-0.663
0.412269,-0.662928
0.412993,-0.662856
0.413716,-0.662783
0.41444,-0.662711
0.415163,-0.662639
0.415887,-0.662567
0.416611,-0.662494
0.417334,-0.662422
0.418058,-0.66235
0.418781,-0.662278
0.418711,-0.662612
0.418641,-0.662947
0.41857,-0.663281
0.4185,-0.663616
0.41843,-0.66395
0.418359,-0.664285
0.418289,-0.664619
0.418219,-0.664954
0.418148,-0.665288
0.418078,-0.665623
0.418008,-0.665957
0.417937,-0.666292
0.417867,-0.666626
0.417797,-0.666961
0.417726,-0.667295
0.417656,-0.66763
0.417585,-0.667964
0.417515,-0.668299
0.417445,-0.668633
0.417374,-0.668968
0.417304,-0.669302
0.417234,-0.669637
0.417163,-0.669971
0.417093,-0.670306
0.417023,-0.67064
0.416952,-0.670975
0.416882,-0.671309
0.416812,-0.671644
0.416741,-0.671978
0.416671,-0.672313
0.416601,-0.672647
0.41653,-0.672982
0.41646,-0.673316
0.41639,-0.673651
0.416319,-0.673985
0.416249,-0.67432
0.416179,-0.674654
0.416108,-0.674989
0.416038,-0.675323
0.415968,-0.675658
0.415897,-0.675992
0.415827,-0.676327
0.415757,-0.676661
0.415686,-0.676996
0.415616,-0.67733
0.415546,-0.677665
0.415475,-0.677999
0.415405,-0.678334
0.415335,-0.678668
0.415264,-0.679003
0.415194,-0.679337
0.415124,-0.679672
0.415053,-0.680007
0.414983,-0.680341
0.414913,-0.680676
0.414842,-0.68101
0.414772,-0.681345
0.414702,-0.681679
0.414631,-0.682014
0.414561,-0.682348
0.414491,-0.682683
0.41442,-0.683017
0.41435,-0.683352
0.41428,-0.683686
0.414209,-0.684021
0.414139,-0.684355
0.414069,-0.68469
0.413998,-0.685024
0.413928,-0.685359
0.413858,-0.685693
0.413787,-0.686028
0.413717,-0.686362
0.413647,-0.686697
0.413576,-0.687031
0.413506,-0.687366
0.413436,-0.6877
0.413365,-0.688035
0.413295,-0.688369
0.413225,-0.688704
0.413154,-0.689038
0.413084,-0.689373
0.413014,-0.689707
0.412943,-0.690042
0.412873,-0.690376
0.412803,-0.690711
0.412732,-0.691045
0.412662,-0.69138
0.412592,-0.691714
0.412521,-0.692049
0.412451,-0.692383
0.412381,-0.692718
0.41231,-0.693052
0.41224,-0.693387
0.41217,-0.693721
0.412099,-0.694056
0.412029,-0.69439
0.411959,-0.694725
0.411888,-0.695059
0.411818,-0.695394
0.411748,-0.695728
0.411677,-0.696063
0.411607,-0.696397
0.411537,-0.696732
0.411466,-0.697066
0.411396,-0.697401
0.411326,-0.697735
0.411255,-0.69807
0.411185,-0.698404
0.411115,-0.698739
0.411044,-0.699073
0.410974,-0.699408
0.410904,-0.699742
0.410833,-0.700077
0.410763,-0.700411
0.410693,-0.700746
0.410622,-0.70108
0.410552,-0.701415
0.410482,-0.701749
0.410411,-0.702084
0.410341,-0.702418
0.410271,-0.702753
0.4102,-0.703087
0.41013,-0.703422
0.41006,-0.703756
0.409989,-0.704091
0.409919,-0.704425
0.409849,-0.70476
0.409778,-0.705094
0.409708,-0.705429
0.409637,-0.705763
0.409567,-0.706098
0.409497,-0.706432
0.409426,-0.706767
0.409356,-0.707101
0.409286,-0.707436
0.409215,-0.70777
0.409145,-0.708105
0.409075,-0.708439
0.409004,-0.708774
0.408934,-0.709108
0.408864,-0.709443
0.408793,-0.709777
0.408723,-0.710112
0.408653,-0.710446
0.408582,-0.710781
0.408512,-0.711115
0.408442,-0.71145
0.408371,-0.711784
0.408301,-0.712119
0.409011,-0.712149
0.409721,-0.712178
0.410431,-0.712208
0.41114,-0.712237
0.41185,-0.712267
0.41256,-0.712296
0.41327,-0.712326
0.41398,-0.712355
0.41469,-0.712385
0.4154,-0.712414
0.416109,-0.712444
0.416819,-0.712473
0.417529,-0.712503
0.418239,-0.712532
0.418949,-0.712562
0.419659,-0.712591
0.420368,-0.712621
0.421078,-0.712651
0.421788,-0.71268
0.422498,-0.71271
0.423208,-0.712739
0.423918,-0.712769
0.424628,-0.712798
0.425337,-0.712828
0.426047,-0.712857
0.426757,-0.712887
0.427467,-0.712916
0.428177,-0.712946
0.428887,-0.712975
0.429596,-0.713005
0.430306,-0.713034
0.431016,-0.713064
0.431726,-0.713093
0.432436,-0.713123
0.433146,-0.713153
0.433856,-0.713182
0.434565,-0.713212
0.435275,-0.713241
0.435985,-0.713271
0.436695,-0.7133
0.437405,-0.71333
0.438115,-0.713359
0.438824,-0.713389
0.439534,-0.713418
0.440244,-0.713448
0.440954,-0.713477
0.441664,-0.713507
0.442374,-0.713536
0.443084,-0.713566
0.443793,-0.713595
0.444503,-0.713625
0.445213,-0.713655
0.445923,-0.713684
0.446633,-0.713714
0.447343,-0.713743
0.448052,-0.713773
0.448762,-0.713802
0.449472,-0.713832
0.450182,-0.713861
0.450892,-0.713891
0.451602,-0.71392
0.452312,-0.71395
0.453021,-0.713979
0.453731,-0.714009
0.454441,-0.714038
0.455151,-0.714068
0.455861,-0.714097
0.456571,-0.714127
0.45728,-0.714157
0.45799,-0.714186
0.4587,-0.714216
0.45941,-0.714245
0.46012,-0.714275
0.46083,-0.714304
0.46154,-0.714334
0.462249,-0.714363
0.462959,-0.714393
0.463669,-0.714422
0.464379,-0.714452
0.465089,-0.714481
0.465799,-0.714511
0.466508,-0.71454
0.467218,-0.71457
0.467928,-0.7146
0.468638,-0.714629
0.469348,-0.714659
0.470058,-0.714688
0.470768,-0.714718
0.471477,-0.714747
0.472187,-0.714777
0.472897,-0.714806
0.473607,-0.714836
0.474317,-0.714865
0.475027,-0.714895
0.475736,-0.714924
0.476446,-0.714954
0.477156,-0.714983
0.477866,-0.715013
0.478576,-0.715042
0.479286,-0.715072
0.479996,-0.715102
0.480705,-0.715131
0.481415,-0.715161
0.482125,-0.71519
0.482835,-0.71522
0.483545,-0.715249
0.484255,-0.715279
0.484964,-0.715308
0.485674,-0.715338
0.486384,-0.715367
0.487094,-0.715397
0.487804,-0.715426
0.488514,-0.715456
0.489224,-0.715485
0.489933,-0.715515
0.490643,-0.715544
0.491353,-0.715574
0.492063,-0.715604
0.492773,-0.715633
0.493483,-0.715663
0.494192,-0.715692
0.494902,-0.715722
0.495612,-0.715751
0.496322,-0.715781
0.497032,-0.71581
0.497742,-0.71584
0.498452,-0.715869
0.499161,-0.715899
0.499871,-0.715928
0.500581,-0.715958
0.501291,-0.715987
0.502001,-0.716017
0.502711,-0.716046
0.50342,-0.716076
0.50413,-0.716106
0.50484,-0.716135
0.50555,-0.716165
0.50626,-0.716194
0.50697,-0.716224
0.50768,-0.716253
0.508389,-0.716283
0.509099,-0.716312
0.509809,-0.716342
0.510519,-0.716371
0.511229,-0.716401
0.511939,-0.71643
0.512648,-0.71646
0.513358,-0.716489
0.514068,-0.716519
0.514778,-0.716548
0.515453,-0.715805
0.516128,-0.715061
0.516803,-0.714317
0.517478,-0.713573
0.518153,-0.71283
0.518828,-0.712086
0.519503,-0.711342
0.520178,-0.710598
0.520853,-0.709855
0.521528,-0.709111
0.522203,-0.708367
0.522878,-0.707623
0.523553,-0.706879
0.524228,-0.706136
0.524903,-0.705392
0.525578,-0.704648
0.526253,-0.703904
0.526928,-0.703161
0.527603,-0.702417
0.528278,-0.701673
0.528953,-0.700929
0.529628,-0.700186
0.530303,-0.699442
0.530978,-0.698698
0.531653,-0.697954
0.532328,-0.69721
0.533003,-0.696467
0.533678,-0.695723
0.534353,-0.694979
0.535028,-0.694235
0.535703,-0.693492
0.536378,-0.692748
0.537053,-0.692004
0.537728,-0.69126
0.538403,-0.690517
0.539078,-0.689773
0.539753,-0.689029
0.540428,-0.688285
0.541103,-0.687542
0.541778,-0.686798
0.542453,-0.686054
0.543128,-0.68531
0.543803,-0.684566
0.544478,-0.683823
0.545153,-0.683079
0.545827,-0.682335
0.546502,-0.681591
0.547177,-0.680848
0.547852,-0.680104
0.548527,-0.67936
0.549202,-0.678616
0.549877,-0.677873
0.550552,-0.677129
0.551227,-0.676385
0.551902,-0.675641
0.552577,-0.674897
0.553252,-0.674154
0.553927,-0.67341
0.554602,-0.672666
0.555277,-0.671922
0.555952,-0.671179
0.556627,-0.670435
0.557302,-0.669691
0.557977,-0.668947
0.558652,-0.668204
0.559327,-0.66746
0.560002,-0.666716
0.560677,-0.665972
0.561352,-0.665228
0.562027,-0.664485
0.562702,-0.663741
0.563377,-0.662997
0.564052,-0.662253
0.564727,-0.66151
0.565402,-0.660766
0.566077,-0.660022
0.566752,-0.659278
0.567427,-0.658535
0.568102,-0.657791
0.568777,-0.657047
0.569452,-0.656303
0.570127,-0.655559
0.570802,-0.654816
0.571477,-0.654072
0.572152,-0.653328
0.572827,-0.652584
0.573502,-0.651841
0.574177,-0.651097
0.574852,-0.650353
0.575527,-0.649609
0.576202,-0.648866
0.576877,-0.648122
0.577552,-0.647378
0.578227,-0.646634
0.578902,-0.64589
0.579577,-0.645147
0.580252,-0.644403
0.580927,-0.643659
0.581602,-0.642915
0.582277,-0.642172
0.582952,-0.641428
0.583627,-0.640684
0.584302,-0.63994
0.584977,-0.639197
0.585652,-0.638453
0.586327,-0.637709
0.587002,-0.636965
0.587677,-0.636221
0.588352,-0.635478
0.589027,-0.634734
0.589702,-0.63399
0.590377,-0.633246
0.591052,-0.632503
0.591727,-0.631759
0.592402,-0.631015
0.593077,-0.630271
0.593752,-0.629528
0.594427,-0.628784
0.595102,-0.62804
0.595777,-0.627296
0.596452,-0.626553
0.597127,-0.625809
0.597802,-0.625065
0.598477,-0.624321
0.599152,-0.623577
0.599827,-0.622834
0.600502,-0.62209
0.601177,-0.621346
0.601852,-0.620602
0.602527,-0.619859
0.603202,-0.619115
0.603877,-0.618371
0.604552,-0.617627
0.605227,-0.616884
0.605902,-0.61614
0.606577,-0.615396
0.607252,-0.614652
0.607926,-0.613908
0.608601,-0.613165
0.609276,-0.612421
0.609951,-0.611677
0.610626,-0.610933
0.611301,-0.61019
0.611976,-0.609446
0.612651,-0.608702
0.613326,-0.607958
0.614001,-0.607215
0.614676,-0.606471
0.615351,-0.605727
