O
25
1,0,-1,0.78,-0.5,0.75,0.0,0.0,0.0,0.3,0.4,0.02,0,0.8,False
2,0,-1,1.1,-0.5,0.93,0.0,0.0,0.0,0.02,0.4,0.2,0,0.8,False
3,0,-1,0.78,-0.5,1.11,0.0,0.0,0.0,0.3,0.4,0.02,0,0.8,False
4,0,-1,0.8,-0.92,0.93,0.0,0.0,0.0,0.32,0.02,0.2,0,0.8,False
5,0,-1,0.8,-0.08,0.93,0.0,0.0,0.0,0.32,0.02,0.2,0,0.8,False
6,0,0,0.806131553222522,-0.2939904970167395,0.86,0.0,0.0,3.6901798950648255,0.03,0.03835194383040809,0.09,0.0413403755481106,1.0024961922680784,False
7,0,0,0.9557305867295314,-0.25626395963851245,0.86,0.0,0.0,5.310276981553106,0.03,0.03,0.09,0.3907572629459315,1.1365455970373066,False
8,2,0,1.0103602600780177,-0.1416428867074735,0.8450000000000001,0.0,0.0,3.1956423237835163,0.03,0.03,0.15,0.33052672459454574,0.9053405012314443,False
9,2,0,0.861790408134004,-0.6756371332706111,0.8457919165302902,0.0,0.0,3.0694119869935013,0.05906943913590082,0.05906943913590082,0.15158383306058035,0.34618165789247707,0.9973519407302452,False
10,0,0,0.5838270750520786,-0.3519332222063988,0.9013824443234355,0.0,0.0,2.6723520884143284,0.03,0.0533611082009298,0.13138244432343554,0.03732180611364361,0.847384797904554,False
11,2,1,0.8183907026377072,-0.4768887110438759,0.8450000000000001,0.0,0.0,2.2074968789056535,0.03337378451818684,0.03337378451818684,0.15,0.2953950313677155,0.8176485002772264,True
12,0,1,0.5651969259993499,-0.7260402323815683,0.86,0.0,0.0,5.611308806162352,0.03,0.047416296384528406,0.09,0.3858199228251074,1.0010012503531756,True
13,2,1,0.6013406668663062,-0.5552006913609067,0.8450000000000001,0.0,0.0,3.373700798010441,0.07073798346896529,0.07073798346896529,0.15,0.10086015796396047,1.106234226664557,True
14,2,1,1.0256371808343543,-0.5252737179576301,0.851480878219097,0.0,0.0,1.5086112630265283,0.03708859342802008,0.03708859342802008,0.16296175643819397,0.2956993932237518,1.0996428884258393,True
15,2,1,0.6395348071842104,-0.20117613972198145,0.8450000000000001,0.0,0.0,5.618138740074994,0.03001836614799431,0.03001836614799431,0.15,0.4275138236840291,0.8731159300826046,True
16,0,1,0.913441685911724,-0.7896584317327892,0.86,0.0,0.0,1.4446419153601564,0.03,0.04542016402899628,0.09,0.27079423537878566,1.1462745391201177,True
17,0,1,0.5476150906862871,-0.15291230253524635,0.8923244807127548,0.0,0.0,1.5172784763470184,0.03,0.03452886497962676,0.12232448071275481,0.47275922961189865,1.0746318152656866,True
18,0,1,0.9717727107796035,-0.3774084814086785,0.8653347932490983,0.0,0.0,1.2308392729659712,0.03617559706407203,0.03,0.09533479324909828,0.48489895246753795,0.8247535318338904,True
19,2,1,1.0174009136224467,-0.8135936441411741,0.8450000000000001,0.0,0.0,5.691854991684526,0.03,0.03,0.15,0.3570624800669451,0.835602956308795,True
20,2,1,0.8569840066532115,-0.16377451301172008,0.8664253816023026,0.0,0.0,1.7256451692376826,0.03,0.03,0.19285076320460537,0.007712322597257737,1.1155922211980651,True
21,0,1,0.6839073323893605,-0.7331019567544782,0.86,0.0,0.0,4.442904468988085,0.03,0.03,0.09,0.42799834794210706,1.1761627923053897,True
22,0,1,0.7491277006507442,-0.18698121919380317,0.86,0.0,0.0,4.556824265116432,0.03,0.04080180754732338,0.09,0.13109969897968476,1.090166177794649,True
23,2,1,0.7495855538686798,-0.5961794248486756,0.8450000000000001,0.0,0.0,4.425785225630301,0.03,0.03,0.15,0.4161647688025262,0.8843238977601747,True
24,2,1,0.6181690755216301,-0.8441544903798021,0.8619710717711224,0.0,0.0,3.6642272266535425,0.03,0.03,0.1839421435422447,0.019211764429014733,0.9420785227698509,True
25,2,1,0.9978205633779862,-0.6418281330401744,0.8450000000000001,0.0,0.0,6.135024599866483,0.03,0.03,0.15,0.33897813626128576,1.0388436940566463,True
R
0.0,0.0,0.0,0.0,0.0,0.0,1.0
S
8
torso_lift_joint,0
r_shoulder_pan_joint,-1.69017
r_shoulder_lift_joint,-0.0788625
r_upper_arm_roll_joint,-1.69017
r_elbow_flex_joint,-1.2717
r_forearm_roll_joint,-0.151824
r_wrist_flex_joint,-1.25254
r_wrist_roll_joint,0.675062
G
0.539347,-0.439663,0.901382,1.10156,-0,0
ooi
10
A
599
0.310248,-0.673113
0.310974,-0.673278
0.311701,-0.673443
0.312427,-0.673607
0.313153,-0.673772
0.31388,-0.673937
0.314606,-0.674102
0.315332,-0.674267
0.316058,-0.674431
0.316785,-0.674596
0.317511,-0.674761
0.318237,-0.674926
0.318963,-0.67509
0.31969,-0.675255
0.320416,-0.67542
0.321142,-0.675585
0.321869,-0.67575
0.322595,-0.675914
0.323321,-0.676079
0.324047,-0.676244
0.324774,-0.676409
0.3255,-0.676574
0.326226,-0.676738
0.326952,-0.676903
0.327679,-0.677068
0.328405,-0.677233
0.329131,-0.677397
0.329858,-0.677562
0.330584,-0.677727
0.33131,-0.677892
0.332036,-0.678057
0.332763,-0.678221
0.333489,-0.678386
0.334215,-0.678551
0.334942,-0.678716
0.335668,-0.678881
0.336394,-0.679045
0.33712,-0.67921
0.337847,-0.679375
0.338573,-0.67954
0.339299,-0.679704
0.340025,-0.679869
0.340752,-0.680034
0.341478,-0.680199
0.342204,-0.680364
0.342931,-0.680528
0.343657,-0.680693
0.344383,-0.680858
0.345109,-0.681023
0.345836,-0.681188
0.346562,-0.681352
0.347288,-0.681517
0.348014,-0.681682
0.348741,-0.681847
0.349467,-0.682011
0.350193,-0.682176
0.35092,-0.682341
0.351646,-0.682506
0.352372,-0.682671
0.353098,-0.682835
0.353825,-0.683
0.354551,-0.683165
0.355277,-0.68333
0.356003,-0.683495
0.35673,-0.683659
0.357456,-0.683824
0.358182,-0.683989
0.358909,-0.684154
0.359635,-0.684318
0.360361,-0.684483
0.361087,-0.684648
0.361814,-0.684813
0.36254,-0.684978
0.363266,-0.685142
0.363992,-0.685307
0.364719,-0.685472
0.365445,-0.685637
0.366171,-0.685802
0.366898,-0.685966
0.367624,-0.686131
0.36835,-0.686296
0.369076,-0.686461
0.369803,-0.686625
0.370529,-0.68679
0.371255,-0.686955
0.371981,-0.68712
0.372708,-0.687285
0.373434,-0.687449
0.37416,-0.687614
0.374887,-0.687779
0.375613,-0.687944
0.376339,-0.688108
0.377065,-0.688273
0.377792,-0.688438
0.378518,-0.688603
0.379244,-0.688768
0.379971,-0.688932
0.380697,-0.689097
0.381423,-0.689262
0.382149,-0.689427
0.382876,-0.689592
0.383602,-0.689756
0.384328,-0.689921
0.385054,-0.690086
0.385781,-0.690251
0.386507,-0.690415
0.387233,-0.69058
0.38796,-0.690745
0.388686,-0.69091
0.389412,-0.691075
0.390138,-0.691239
0.390865,-0.691404
0.391591,-0.691569
0.392317,-0.691734
0.393043,-0.691899
0.39377,-0.692063
0.394496,-0.692228
0.395222,-0.692393
0.395949,-0.692558
0.396675,-0.692722
0.397401,-0.692887
0.398127,-0.693052
0.398854,-0.693217
0.39958,-0.693382
0.400306,-0.693546
0.401032,-0.693711
0.401759,-0.693876
0.402485,-0.694041
0.403211,-0.694206
0.403938,-0.69437
0.404664,-0.694535
0.40539,-0.6947
0.406116,-0.694865
0.406843,-0.695029
0.407569,-0.695194
0.408295,-0.695359
0.409021,-0.695524
0.409748,-0.695689
0.410474,-0.695853
0.4112,-0.696018
0.411927,-0.696183
0.412653,-0.696348
0.413379,-0.696513
0.414105,-0.696677
0.414832,-0.696842
0.415558,-0.697007
0.416284,-0.697172
0.417011,-0.697336
0.417737,-0.697501
0.418463,-0.697666
0.419189,-0.697831
0.419274,-0.697107
0.419359,-0.696382
0.419444,-0.695658
0.419528,-0.694934
0.419613,-0.69421
0.419698,-0.693486
0.419782,-0.692761
0.419867,-0.692037
0.419952,-0.691313
0.420037,-0.690589
0.420121,-0.689865
0.420206,-0.689141
0.420291,-0.688416
0.420376,-0.687692
0.42046,-0.686968
0.420545,-0.686244
0.42063,-0.68552
0.420714,-0.684795
0.420799,-0.684071
0.420884,-0.683347
0.420969,-0.682623
0.421053,-0.681899
0.421138,-0.681174
0.421223,-0.68045
0.421308,-0.679726
0.421392,-0.679002
0.421477,-0.678278
0.421562,-0.677553
0.421646,-0.676829
0.421731,-0.676105
0.421816,-0.675381
0.421901,-0.674657
0.421985,-0.673932
0.42207,-0.673208
0.422155,-0.672484
0.42224,-0.67176
0.422324,-0.671036
0.422409,-0.670312
0.422494,-0.669587
0.422578,-0.668863
0.422663,-0.668139
0.422748,-0.667415
0.422833,-0.666691
0.422917,-0.665966
0.423002,-0.665242
0.423087,-0.664518
0.423172,-0.663794
0.423256,-0.66307
0.423341,-0.662345
0.423426,-0.661621
0.42351,-0.660897
0.423595,-0.660173
0.42368,-0.659449
0.423765,-0.658724
0.423849,-0.658
0.423934,-0.657276
0.424019,-0.656552
0.424104,-0.655828
0.424188,-0.655104
0.424273,-0.654379
0.424358,-0.653655
0.424442,-0.652931
0.424527,-0.652207
0.424612,-0.651483
0.424697,-0.650758
0.424781,-0.650034
0.424866,-0.64931
0.424951,-0.648586
0.425036,-0.647862
0.42512,-0.647137
0.425205,-0.646413
0.42529,-0.645689
0.425374,-0.644965
0.425459,-0.644241
0.425544,-0.643516
0.425629,-0.642792
0.425713,-0.642068
0.425798,-0.641344
0.425883,-0.64062
0.425968,-0.639896
0.426052,-0.639171
0.426137,-0.638447
0.426222,-0.637723
0.426306,-0.636999
0.426391,-0.636275
0.426476,-0.63555
0.426561,-0.634826
0.426645,-0.634102
0.42673,-0.633378
0.426815,-0.632654
0.4269,-0.631929
0.426984,-0.631205
0.427069,-0.630481
0.427154,-0.629757
0.427238,-0.629033
0.427323,-0.628308
0.427408,-0.627584
0.427493,-0.62686
0.427577,-0.626136
0.427662,-0.625412
0.427747,-0.624687
0.427832,-0.623963
0.427916,-0.623239
0.428001,-0.622515
0.428086,-0.621791
0.42817,-0.621067
0.428255,-0.620342
0.42834,-0.619618
0.428425,-0.618894
0.428509,-0.61817
0.428594,-0.617446
0.428679,-0.616721
0.428764,-0.615997
0.428848,-0.615273
0.428933,-0.614549
0.429018,-0.613825
0.429102,-0.6131
0.429187,-0.612376
0.429272,-0.611652
0.429357,-0.610928
0.429441,-0.610204
0.429526,-0.609479
0.429611,-0.608755
0.429696,-0.608031
0.42978,-0.607307
0.429865,-0.606583
0.42995,-0.605859
0.430035,-0.605134
0.430119,-0.60441
0.430204,-0.603686
0.430289,-0.602962
0.430373,-0.602238
0.430458,-0.601513
0.430543,-0.600789
0.430628,-0.600065
0.430712,-0.599341
0.430797,-0.598617
0.430882,-0.597892
0.430967,-0.597168
0.431051,-0.596444
0.431136,-0.59572
0.431221,-0.594996
0.431305,-0.594271
0.43139,-0.593547
0.431475,-0.592823
0.43156,-0.592099
0.431644,-0.591375
0.431729,-0.590651
0.431814,-0.589926
0.430994,-0.58983
0.430173,-0.589734
0.429353,-0.589638
0.428533,-0.589542
0.427713,-0.589446
0.426893,-0.58935
0.426073,-0.589254
0.425253,-0.589158
0.424432,-0.589062
0.423612,-0.588966
0.422792,-0.588869
0.421972,-0.588773
0.421152,-0.588677
0.420332,-0.588581
0.419511,-0.588485
0.418691,-0.588389
0.417871,-0.588293
0.417051,-0.588197
0.416231,-0.588101
0.415411,-0.588005
0.414591,-0.587909
0.41377,-0.587813
0.41295,-0.587716
0.41213,-0.58762
0.41131,-0.587524
0.41049,-0.587428
0.40967,-0.587332
0.40885,-0.587236
0.408029,-0.58714
0.407209,-0.587044
0.406389,-0.586948
0.405569,-0.586852
0.404749,-0.586756
0.403929,-0.58666
0.403108,-0.586563
0.402288,-0.586467
0.401468,-0.586371
0.400648,-0.586275
0.399828,-0.586179
0.399008,-0.586083
0.398188,-0.585987
0.397367,-0.585891
0.396547,-0.585795
0.395727,-0.585699
0.394907,-0.585603
0.394087,-0.585507
0.393267,-0.58541
0.392446,-0.585314
0.391626,-0.585218
0.390806,-0.585122
0.389986,-0.585026
0.389166,-0.58493
0.388346,-0.584834
0.387526,-0.584738
0.386705,-0.584642
0.385885,-0.584546
0.385065,-0.58445
0.384245,-0.584354
0.383425,-0.584257
0.382605,-0.584161
0.381784,-0.584065
0.380964,-0.583969
0.380144,-0.583873
0.379324,-0.583777
0.378504,-0.583681
0.377684,-0.583585
0.376864,-0.583489
0.376043,-0.583393
0.375223,-0.583297
0.374403,-0.583201
0.373583,-0.583104
0.372763,-0.583008
0.371943,-0.582912
0.371122,-0.582816
0.370302,-0.58272
0.369482,-0.582624
0.368662,-0.582528
0.367842,-0.582432
0.367022,-0.582336
0.366202,-0.58224
0.365381,-0.582144
0.364561,-0.582048
0.363741,-0.581952
0.362921,-0.581855
0.362101,-0.581759
0.361281,-0.581663
0.36046,-0.581567
0.35964,-0.581471
0.35882,-0.581375
0.358,-0.581279
0.35718,-0.581183
0.35636,-0.581087
0.35554,-0.580991
0.354719,-0.580895
0.353899,-0.580799
0.353079,-0.580702
0.352259,-0.580606
0.351439,-0.58051
0.350619,-0.580414
0.349799,-0.580318
0.348978,-0.580222
0.348158,-0.580126
0.347338,-0.58003
0.346518,-0.579934
0.345698,-0.579838
0.344878,-0.579742
0.344057,-0.579646
0.343237,-0.579549
0.342417,-0.579453
0.341597,-0.579357
0.340777,-0.579261
0.339957,-0.579165
0.339137,-0.579069
0.338316,-0.578973
0.337496,-0.578877
0.336676,-0.578781
0.335856,-0.578685
0.335036,-0.578589
0.334216,-0.578493
0.333395,-0.578396
0.332575,-0.5783
0.331755,-0.578204
0.330935,-0.578108
0.330115,-0.578012
0.329295,-0.577916
0.328475,-0.57782
0.327654,-0.577724
0.326834,-0.577628
0.326014,-0.577532
0.325194,-0.577436
0.324374,-0.57734
0.323554,-0.577243
0.322733,-0.577147
0.321913,-0.577051
0.321093,-0.576955
0.320273,-0.576859
0.319453,-0.576763
0.318633,-0.576667
0.317813,-0.576571
0.316992,-0.576475
0.316172,-0.576379
0.315352,-0.576283
0.314532,-0.576187
0.313712,-0.576091
0.312892,-0.575994
0.312071,-0.575898
0.311251,-0.575802
0.310431,-0.575706
0.309611,-0.57561
0.308791,-0.575514
0.310338,-0.574602
0.311886,-0.573691
0.313433,-0.572779
0.31498,-0.571867
0.316528,-0.570955
0.318075,-0.570043
0.319622,-0.569132
0.32117,-0.56822
0.322717,-0.567308
0.324264,-0.566396
0.325812,-0.565485
0.327359,-0.564573
0.328907,-0.563661
0.330454,-0.562749
0.332001,-0.561838
0.333549,-0.560926
0.335096,-0.560014
0.336643,-0.559102
0.338191,-0.558191
0.339738,-0.557279
0.341285,-0.556367
0.342833,-0.555455
0.34438,-0.554544
0.345927,-0.553632
0.347475,-0.55272
0.349022,-0.551808
0.35057,-0.550897
0.352117,-0.549985
0.353664,-0.549073
0.355212,-0.548161
0.356759,-0.54725
0.358306,-0.546338
0.359854,-0.545426
0.361401,-0.544514
0.362948,-0.543603
0.364496,-0.542691
0.366043,-0.541779
0.36759,-0.540867
0.369138,-0.539956
0.370685,-0.539044
0.372233,-0.538132
0.37378,-0.53722
0.375327,-0.536309
0.376875,-0.535397
0.378422,-0.534485
0.379969,-0.533573
0.381517,-0.532662
0.383064,-0.53175
0.384611,-0.530838
0.386159,-0.529926
0.387706,-0.529015
0.389254,-0.528103
0.390801,-0.527191
0.392348,-0.526279
0.393896,-0.525368
0.395443,-0.524456
0.39699,-0.523544
0.398538,-0.522632
0.400085,-0.521721
0.401632,-0.520809
0.40318,-0.519897
0.404727,-0.518985
0.406274,-0.518074
0.407822,-0.517162
0.409369,-0.51625
0.410917,-0.515338
0.412464,-0.514426
0.414011,-0.513515
0.415559,-0.512603
0.417106,-0.511691
0.418653,-0.510779
0.420201,-0.509868
0.421748,-0.508956
0.423295,-0.508044
0.424843,-0.507132
0.42639,-0.506221
0.427937,-0.505309
0.429485,-0.504397
0.431032,-0.503485
0.43258,-0.502574
0.434127,-0.501662
0.435674,-0.50075
0.437222,-0.499838
0.438769,-0.498927
0.440316,-0.498015
0.441864,-0.497103
0.443411,-0.496191
0.444958,-0.49528
0.446506,-0.494368
0.448053,-0.493456
0.4496,-0.492544
0.451148,-0.491633
0.452695,-0.490721
0.454243,-0.489809
0.45579,-0.488897
0.457337,-0.487986
0.458885,-0.487074
0.460432,-0.486162
0.461979,-0.48525
0.463527,-0.484339
0.465074,-0.483427
0.466621,-0.482515
0.468169,-0.481603
0.469716,-0.480692
0.471264,-0.47978
0.472811,-0.478868
0.474358,-0.477956
0.475906,-0.477045
0.477453,-0.476133
0.479,-0.475221
0.480548,-0.474309
0.482095,-0.473398
0.483642,-0.472486
0.48519,-0.471574
0.486737,-0.470662
0.488284,-0.469751
0.489832,-0.468839
0.491379,-0.467927
0.492927,-0.467015
0.494474,-0.466104
0.496021,-0.465192
0.497569,-0.46428
0.499116,-0.463368
0.500663,-0.462457
0.502211,-0.461545
0.503758,-0.460633
0.505305,-0.459721
0.506853,-0.45881
0.5084,-0.457898
0.509947,-0.456986
0.511495,-0.456074
0.513042,-0.455162
0.51459,-0.454251
0.516137,-0.453339
0.517684,-0.452427
0.519232,-0.451515
0.520779,-0.450604
0.522326,-0.449692
0.523874,-0.44878
0.525421,-0.447868
0.526968,-0.446957
0.528516,-0.446045
0.530063,-0.445133
0.53161,-0.444221
0.533158,-0.44331
0.534705,-0.442398
0.536253,-0.441486
0.5378,-0.440574
0.539347,-0.439663
