O
25
1,0,-1,0.78,-0.5,0.75,0.0,0.0,0.0,0.3,0.4,0.02,0,0.8,False
2,0,-1,1.1,-0.5,0.93,0.0,0.0,0.0,0.02,0.4,0.2,0,0.8,False
3,0,-1,0.78,-0.5,1.11,0.0,0.0,0.0,0.3,0.4,0.02,0,0.8,False
4,0,-1,0.8,-0.92,0.93,0.0,0.0,0.0,0.32,0.02,0.2,0,0.8,False
5,0,-1,0.8,-0.08,0.93,0.0,0.0,0.0,0.32,0.02,0.2,0,0.8,False
6,2,0,0.8773876826149014,-0.3795967968820773,0.8450000000000001,0.0,0.0,1.513388525641033,0.05524241218667032,0.05524241218667032,0.15,0.270743113128577,1.0455928647330328,False
7,0,0,0.8126725018023981,-0.5482208276415784,0.9215366849976673,0.0,0.0,0.042327458462527036,0.05123216079922311,0.05545256403160126,0.1515366849976673,0.33991883309211546,1.152110491442655,False
8,2,0,0.6373187785166082,-0.5351709398372868,0.8554091380887822,0.0,0.0,2.985776499685272,0.03,0.03,0.17081827617756415,0.42572895668785116,0.9875601631904083,False
9,2,0,0.6683694422747553,-0.27469295123668347,0.8566976138597004,0.0,0.0,3.4455013673198334,0.05075952447065893,0.05075952447065893,0.1733952277194009,0.254190759455039,0.8955773157730581,False
10,0,0,0.6164693058132493,-0.42468443920777316,0.8732201780914459,0.0,0.0,1.8635900856494847,0.03,0.03,0.1032201780914459,0.03870006235725404,1.0523476458908916,False
11,2,1,0.6623771076581814,-0.8251324418588781,0.8450000000000001,0.0,0.0,2.565855773769918,0.03665577787931331,0.03665577787931331,0.15,0.09964011234608866,1.1236834685521293,True
12,2,1,0.9987656114594263,-0.2099379758501655,0.8450000000000001,0.0,0.0,0.9748757455412067,0.041451294141261225,0.041451294141261225,0.15,0.4007114365421784,1.152555151477038,True
13,0,1,0.924733237620146,-0.6640999894342166,0.86,0.0,0.0,4.882458714195344,0.03,0.05821815180354193,0.09,0.12362361632792562,1.0684592422100534,True
14,2,1,0.6247387523596858,-0.709002679130924,0.8645440048772517,0.0,0.0,0.623988449363834,0.03,0.03,0.1890880097545034,0.20105437700058698,0.8454320060486443,True
15,0,1,0.8009075682729891,-0.7237148680679383,0.8739883475267642,0.0,0.0,4.690838937005898,0.036605379527028505,0.03,0.10398834752676422,0.07194248096925815,1.0314948437953126,True
16,0,1,0.9254005538408545,-0.5299684087174846,0.86,0.0,0.0,4.233953156807396,0.038532178968341844,0.03,0.09,0.4816411089332717,0.8681526148341288,True
17,2,1,0.5246318480318053,-0.664987360446827,0.8450000000000001,0.0,0.0,3.941853596730725,0.03,0.03,0.15,0.30098506938658337,0.9399654863536964,True
18,2,1,0.9897734161092446,-0.8141880175955482,0.8450000000000001,0.0,0.0,3.143531568707668,0.03,0.03,0.15,0.02607748614227079,0.8588001540781884,True
19,0,1,1.0254827006345013,-0.36816419431017944,0.8949071562989666,0.0,0.0,2.8608225199784103,0.03,0.04427307393653675,0.1249071562989665,0.00337326213914374,0.9908002344966211,True
20,0,1,0.7912534232241882,-0.8239376949919762,0.86,0.0,0.0,2.502089917037775,0.03,0.03,0.09,0.09331548929219452,0.9363722962561549,True
21,0,1,0.8279024463540571,-0.19137305298550766,0.9196909099375704,0.0,0.0,3.661442850092566,0.030729801760359065,0.049227622943200905,0.14969090993757042,0.33707744973222153,1.171355912247431,True
22,2,1,0.7650810016333117,-0.4182485142221091,0.8450000000000001,0.0,0.0,0.09255629962512402,0.03,0.03,0.15,0.32639214154268875,1.0326527040977211,True
23,0,1,0.5160814395889619,-0.7607670016827242,0.86,0.0,0.0,3.273089750162429,0.03,0.03,0.09,0.32879018916492825,1.0064221581466937,True
24,2,1,0.527276784738008,-0.24246784367741636,0.8592543138910338,0.0,0.0,0.6392931748410566,0.03,0.03,0.17850862778206744,0.4326435672399839,0.8773591685688087,True
25,2,1,0.5236610528733265,-0.45901263422189154,0.8621598828611714,0.0,0.0,1.4447803633244207,0.03,0.03,0.18431976572234277,0.3929186414512417,1.017361365676624,True
R
0.0,0.0,0.0,0.0,0.0,0.0,1.0
S
8
torso_lift_joint,0
r_shoulder_pan_joint,-1.69017
r_shoulder_lift_joint,-0.0788625
r_upper_arm_roll_joint,-1.69017
r_elbow_flex_joint,-1.2717
r_forearm_roll_joint,-0.151824
r_wrist_flex_joint,-1.25254
r_wrist_roll_joint,0.675062
G
0.563834,-0.550171,0.855409,0.201362,-0,0
ooi
8
A
599
0.310248,-0.673113
0.310121,-0.673016
0.309994,-0.672918
0.309867,-0.672821
0.30974,-0.672723
0.309613,-0.672626
0.309486,-0.672529
0.309359,-0.672431
0.309231,-0.672334
0.309104,-0.672236
0.308977,-0.672139
0.30885,-0.672041
0.308723,-0.671944
0.308596,-0.671847
0.308469,-0.671749
0.308342,-0.671652
0.308215,-0.671554
0.308088,-0.671457
0.307961,-0.67136
0.307834,-0.671262
0.307706,-0.671165
0.307579,-0.671067
0.307452,-0.67097
0.307325,-0.670872
0.307198,-0.670775
0.307071,-0.670678
0.306944,-0.67058
0.306817,-0.670483
0.30669,-0.670385
0.306563,-0.670288
0.306436,-0.670191
0.306308,-0.670093
0.306181,-0.669996
0.306054,-0.669898
0.305927,-0.669801
0.3058,-0.669703
0.305673,-0.669606
0.305546,-0.669509
0.305419,-0.669411
0.305292,-0.669314
0.305165,-0.669216
0.305038,-0.669119
0.30491,-0.669022
0.304783,-0.668924
0.304656,-0.668827
0.304529,-0.668729
0.304402,-0.668632
0.304275,-0.668534
0.304148,-0.668437
0.304021,-0.66834
0.303894,-0.668242
0.303767,-0.668145
0.30364,-0.668047
0.303513,-0.66795
0.303385,-0.667853
0.303258,-0.667755
0.303131,-0.667658
0.303004,-0.66756
0.302877,-0.667463
0.30275,-0.667365
0.302623,-0.667268
0.302496,-0.667171
0.302369,-0.667073
0.302242,-0.666976
0.302115,-0.666878
0.301987,-0.666781
0.30186,-0.666683
0.301733,-0.666586
0.301606,-0.666489
0.301479,-0.666391
0.301352,-0.666294
0.301225,-0.666196
0.301098,-0.666099
0.300971,-0.666002
0.300844,-0.665904
0.300717,-0.665807
0.30059,-0.665709
0.300462,-0.665612
0.300335,-0.665514
0.300208,-0.665417
0.300081,-0.66532
0.299954,-0.665222
0.299827,-0.665125
0.2997,-0.665027
0.299573,-0.66493
0.299446,-0.664833
0.299319,-0.664735
0.299192,-0.664638
0.299064,-0.66454
0.298937,-0.664443
0.29881,-0.664345
0.298683,-0.664248
0.298556,-0.664151
0.298429,-0.664053
0.298302,-0.663956
0.298175,-0.663858
0.298048,-0.663761
0.297921,-0.663664
0.297794,-0.663566
0.297667,-0.663469
0.297539,-0.663371
0.297412,-0.663274
0.297285,-0.663176
0.297158,-0.663079
0.297031,-0.662982
0.296904,-0.662884
0.296777,-0.662787
0.29665,-0.662689
0.296523,-0.662592
0.296396,-0.662495
0.296269,-0.662397
0.296141,-0.6623
0.296014,-0.662202
0.295887,-0.662105
0.29576,-0.662007
0.295633,-0.66191
0.295506,-0.661813
0.295379,-0.661715
0.295252,-0.661618
0.295125,-0.66152
0.294998,-0.661423
0.294871,-0.661325
0.294743,-0.661228
0.294616,-0.661131
0.294489,-0.661033
0.294362,-0.660936
0.294235,-0.660838
0.294108,-0.660741
0.293981,-0.660644
0.293854,-0.660546
0.293727,-0.660449
0.2936,-0.660351
0.293473,-0.660254
0.293346,-0.660156
0.293218,-0.660059
0.293091,-0.659962
0.292964,-0.659864
0.292837,-0.659767
0.29271,-0.659669
0.292583,-0.659572
0.292456,-0.659475
0.292329,-0.659377
0.292202,-0.65928
0.292075,-0.659182
0.291948,-0.659085
0.29182,-0.658987
0.291693,-0.65889
0.291566,-0.658793
0.291439,-0.658695
0.291312,-0.658598
0.291185,-0.6585
0.291317,-0.657766
0.291448,-0.657031
0.29158,-0.656297
0.291712,-0.655562
0.291843,-0.654828
0.291975,-0.654093
0.292107,-0.653359
0.292238,-0.652624
0.29237,-0.65189
0.292502,-0.651155
0.292633,-0.650421
0.292765,-0.649686
0.292897,-0.648952
0.293028,-0.648218
0.29316,-0.647483
0.293292,-0.646749
0.293423,-0.646014
0.293555,-0.64528
0.293687,-0.644545
0.293818,-0.643811
0.29395,-0.643076
0.294082,-0.642342
0.294213,-0.641607
0.294345,-0.640873
0.294476,-0.640138
0.294608,-0.639404
0.29474,-0.638669
0.294871,-0.637935
0.295003,-0.6372
0.295135,-0.636466
0.295266,-0.635731
0.295398,-0.634997
0.29553,-0.634262
0.295661,-0.633528
0.295793,-0.632793
0.295925,-0.632059
0.296056,-0.631324
0.296188,-0.63059
0.29632,-0.629855
0.296451,-0.629121
0.296583,-0.628386
0.296715,-0.627652
0.296846,-0.626917
0.296978,-0.626183
0.29711,-0.625448
0.297241,-0.624714
0.297373,-0.623979
0.297505,-0.623245
0.297636,-0.62251
0.297768,-0.621776
0.2979,-0.621041
0.298031,-0.620307
0.298163,-0.619572
0.298295,-0.618838
0.298426,-0.618103
0.298558,-0.617369
0.29869,-0.616634
0.298821,-0.6159
0.298953,-0.615166
0.299084,-0.614431
0.299216,-0.613697
0.299348,-0.612962
0.299479,-0.612228
0.299611,-0.611493
0.299743,-0.610759
0.299874,-0.610024
0.300006,-0.60929
0.300138,-0.608555
0.300269,-0.607821
0.300401,-0.607086
0.300533,-0.606352
0.300664,-0.605617
0.300796,-0.604883
0.300928,-0.604148
0.301059,-0.603414
0.301191,-0.602679
0.301323,-0.601945
0.301454,-0.60121
0.301586,-0.600476
0.301718,-0.599741
0.301849,-0.599007
0.301981,-0.598272
0.302113,-0.597538
0.302244,-0.596803
0.302376,-0.596069
0.302508,-0.595334
0.302639,-0.5946
0.302771,-0.593865
0.302903,-0.593131
0.303034,-0.592396
0.303166,-0.591662
0.303298,-0.590927
0.303429,-0.590193
0.303561,-0.589458
0.303693,-0.588724
0.303824,-0.587989
0.303956,-0.587255
0.304087,-0.58652
0.304219,-0.585786
0.304351,-0.585051
0.304482,-0.584317
0.304614,-0.583582
0.304746,-0.582848
0.304877,-0.582114
0.305009,-0.581379
0.305141,-0.580645
0.305272,-0.57991
0.305404,-0.579176
0.305536,-0.578441
0.305667,-0.577707
0.305799,-0.576972
0.305931,-0.576238
0.306062,-0.575503
0.306194,-0.574769
0.306326,-0.574034
0.306457,-0.5733
0.306589,-0.572565
0.306721,-0.571831
0.306852,-0.571096
0.306984,-0.570362
0.307116,-0.569627
0.307247,-0.568893
0.307379,-0.568158
0.307511,-0.567424
0.307642,-0.566689
0.307774,-0.565955
0.307906,-0.56522
0.308037,-0.564486
0.308169,-0.563751
0.308301,-0.563017
0.308432,-0.562282
0.308564,-0.561548
0.308696,-0.560813
0.308827,-0.560079
0.308959,-0.559344
0.30909,-0.55861
0.309222,-0.557875
0.309354,-0.557141
0.309485,-0.556406
0.309617,-0.555672
0.309749,-0.554937
0.30988,-0.554203
0.310012,-0.553468
0.310144,-0.552734
0.310275,-0.551999
0.310407,-0.551265
0.310539,-0.55053
0.31067,-0.549796
0.310802,-0.549061
0.311866,-0.548599
0.31293,-0.548136
0.313994,-0.547674
0.315058,-0.547211
0.316122,-0.546749
0.317186,-0.546286
0.31825,-0.545824
0.319314,-0.545361
0.320378,-0.544899
0.321442,-0.544436
0.322506,-0.543974
0.32357,-0.543511
0.324634,-0.543049
0.325698,-0.542586
0.326761,-0.542124
0.327825,-0.541661
0.328889,-0.541199
0.329953,-0.540736
0.331017,-0.540274
0.332081,-0.539811
0.333145,-0.539349
0.334209,-0.538886
0.335273,-0.538424
0.336337,-0.537961
0.337401,-0.537499
0.338465,-0.537036
0.339529,-0.536574
0.340593,-0.536111
0.341657,-0.535649
0.342721,-0.535186
0.343785,-0.534723
0.344849,-0.534261
0.345913,-0.533798
0.346977,-0.533336
0.348041,-0.532873
0.349105,-0.532411
0.350169,-0.531948
0.351233,-0.531486
0.352297,-0.531023
0.353361,-0.530561
0.354425,-0.530098
0.355488,-0.529636
0.356552,-0.529173
0.357616,-0.528711
0.35868,-0.528248
0.359744,-0.527786
0.360808,-0.527323
0.361872,-0.526861
0.362936,-0.526398
0.364,-0.525936
0.365064,-0.525473
0.366128,-0.525011
0.367192,-0.524548
0.368256,-0.524086
0.36932,-0.523623
0.370384,-0.523161
0.371448,-0.522698
0.372512,-0.522236
0.373576,-0.521773
0.37464,-0.521311
0.375704,-0.520848
0.376768,-0.520386
0.377832,-0.519923
0.378896,-0.51946
0.37996,-0.518998
0.381024,-0.518535
0.382088,-0.518073
0.383152,-0.51761
0.384215,-0.517148
0.385279,-0.516685
0.386343,-0.516223
0.387407,-0.51576
0.388471,-0.515298
0.389535,-0.514835
0.390599,-0.514373
0.391663,-0.51391
0.392727,-0.513448
0.393791,-0.512985
0.394855,-0.512523
0.395919,-0.51206
0.396983,-0.511598
0.398047,-0.511135
0.399111,-0.510673
0.400175,-0.51021
0.401239,-0.509748
0.402303,-0.509285
0.403367,-0.508823
0.404431,-0.50836
0.405495,-0.507898
0.406559,-0.507435
0.407623,-0.506973
0.408687,-0.50651
0.409751,-0.506048
0.410815,-0.505585
0.411879,-0.505122
0.412942,-0.50466
0.414006,-0.504197
0.41507,-0.503735
0.416134,-0.503272
0.417198,-0.50281
0.418262,-0.502347
0.419326,-0.501885
0.42039,-0.501422
0.421454,-0.50096
0.422518,-0.500497
0.423582,-0.500035
0.424646,-0.499572
0.42571,-0.49911
0.426774,-0.498647
0.427838,-0.498185
0.428902,-0.497722
0.429966,-0.49726
0.43103,-0.496797
0.432094,-0.496335
0.433158,-0.495872
0.434222,-0.49541
0.435286,-0.494947
0.43635,-0.494485
0.437414,-0.494022
0.438478,-0.49356
0.439542,-0.493097
0.440606,-0.492635
0.441669,-0.492172
0.442733,-0.49171
0.443797,-0.491247
0.444861,-0.490784
0.445925,-0.490322
0.446989,-0.489859
0.448053,-0.489397
0.449117,-0.488934
0.450181,-0.488472
0.451245,-0.488009
0.452309,-0.487547
0.453373,-0.487084
0.454437,-0.486622
0.455501,-0.486159
0.456565,-0.485697
0.457629,-0.485234
0.458693,-0.484772
0.459757,-0.484309
0.460821,-0.483847
0.461885,-0.483384
0.462949,-0.482922
0.464013,-0.482459
0.465077,-0.481997
0.466141,-0.481534
0.467205,-0.481072
0.468269,-0.480609
0.469333,-0.480147
0.470397,-0.479684
0.471024,-0.480157
0.471651,-0.48063
0.472278,-0.481103
0.472905,-0.481576
0.473532,-0.482049
0.474159,-0.482523
0.474786,-0.482996
0.475413,-0.483469
0.47604,-0.483942
0.476667,-0.484415
0.477295,-0.484888
0.477922,-0.485361
0.478549,-0.485834
0.479176,-0.486307
0.479803,-0.48678
0.48043,-0.487253
0.481057,-0.487726
0.481684,-0.488199
0.482311,-0.488672
0.482938,-0.489145
0.483566,-0.489619
0.484193,-0.490092
0.48482,-0.490565
0.485447,-0.491038
0.486074,-0.491511
0.486701,-0.491984
0.487328,-0.492457
0.487955,-0.49293
0.488582,-0.493403
0.489209,-0.493876
0.489837,-0.494349
0.490464,-0.494822
0.491091,-0.495295
0.491718,-0.495768
0.492345,-0.496241
0.492972,-0.496715
0.493599,-0.497188
0.494226,-0.497661
0.494853,-0.498134
0.49548,-0.498607
0.496108,-0.49908
0.496735,-0.499553
0.497362,-0.500026
0.497989,-0.500499
0.498616,-0.500972
0.499243,-0.501445
0.49987,-0.501918
0.500497,-0.502391
0.501124,-0.502864
0.501751,-0.503338
0.502379,-0.503811
0.503006,-0.504284
0.503633,-0.504757
0.50426,-0.50523
0.504887,-0.505703
0.505514,-0.506176
0.506141,-0.506649
0.506768,-0.507122
0.507395,-0.507595
0.508022,-0.508068
0.508649,-0.508541
0.509277,-0.509014
0.509904,-0.509487
0.510531,-0.50996
0.511158,-0.510434
0.511785,-0.510907
0.512412,-0.51138
0.513039,-0.511853
0.513666,-0.512326
0.514293,-0.512799
0.51492,-0.513272
0.515548,-0.513745
0.516175,-0.514218
0.516802,-0.514691
0.517429,-0.515164
0.518056,-0.515637
0.518683,-0.51611
0.51931,-0.516583
0.519937,-0.517056
0.520564,-0.51753
0.521191,-0.518003
0.521819,-0.518476
0.522446,-0.518949
0.523073,-0.519422
0.5237,-0.519895
0.524327,-0.520368
0.524954,-0.520841
0.525581,-0.521314
0.526208,-0.521787
0.526835,-0.52226
0.527462,-0.522733
0.52809,-0.523206
0.528717,-0.523679
0.529344,-0.524152
0.529971,-0.524626
0.530598,-0.525099
0.531225,-0.525572
0.531852,-0.526045
0.532479,-0.526518
0.533106,-0.526991
0.533733,-0.527464
0.534361,-0.527937
0.534988,-0.52841
0.535615,-0.528883
0.536242,-0.529356
0.536869,-0.529829
0.537496,-0.530302
0.538123,-0.530775
0.53875,-0.531249
0.539377,-0.531722
0.540004,-0.532195
0.540632,-0.532668
0.541259,-0.533141
0.541886,-0.533614
0.542513,-0.534087
0.54314,-0.53456
0.543767,-0.535033
0.544394,-0.535506
0.545021,-0.535979
0.545648,-0.536452
0.546275,-0.536925
0.546902,-0.537398
0.54753,-0.537871
0.548157,-0.538345
0.548784,-0.538818
0.549411,-0.539291
0.550038,-0.539764
0.550665,-0.540237
0.551292,-0.54071
0.551919,-0.541183
0.552546,-0.541656
0.553173,-0.542129
0.553801,-0.542602
0.554428,-0.543075
0.555055,-0.543548
0.555682,-0.544021
0.556309,-0.544494
0.556936,-0.544967
0.557563,-0.545441
0.55819,-0.545914
0.558817,-0.546387
0.559444,-0.54686
0.560072,-0.547333
0.560699,-0.547806
0.561326,-0.548279
0.561953,-0.548752
0.56258,-0.549225
0.563207,-0.549698
0.563834,-0.550171
