O
25
1,0,-1,0.78,-0.5,0.75,0.0,0.0,0.0,0.3,0.4,0.02,0,0.8,False
2,0,-1,1.1,-0.5,0.93,0.0,0.0,0.0,0.02,0.4,0.2,0,0.8,False
3,0,-1,0.78,-0.5,1.11,0.0,0.0,0.0,0.3,0.4,0.02,0,0.8,False
4,0,-1,0.8,-0.92,0.93,0.0,0.0,0.0,0.32,0.02,0.2,0,0.8,False
5,0,-1,0.8,-0.08,0.93,0.0,0.0,0.0,0.32,0.02,0.2,0,0.8,False
6,2,0,0.8351338381178535,-0.33918973483207704,0.8450000000000001,0.0,0.0,2.090321796307466,0.060614841948279555,0.060614841948279555,0.15,0.4118921232937656,1.1864737547070214,False
7,2,0,0.6914694765845344,-0.3583617304685295,0.8450000000000001,0.0,0.0,3.749953204805215,0.03141400457612919,0.03141400457612919,0.15,0.4268468037166409,0.9441839221276767,False
8,2,0,0.880851405843123,-0.7000473539203924,0.8450000000000001,0.0,0.0,4.0678881673012794,0.06906629256886496,0.06906629256886496,0.15,0.39065628893918214,0.9082209807352054,False
9,0,0,0.7893882535239161,-0.19682011953075562,0.905682337746396,0.0,0.0,2.3634807036376797,0.03,0.03778032637796189,0.13568233774639596,0.10564889339077554,0.9373469868413351,False
10,2,0,0.5903442684729748,-0.33105785686814515,0.8450000000000001,0.0,0.0,4.9202257750292535,0.03,0.03,0.15,0.30184034661642173,1.1215966624757427,False
11,2,1,0.8945950566039625,-0.49687068080483177,0.8450000000000001,0.0,0.0,3.7296448689035735,0.03161496619241054,0.03161496619241054,0.15,0.21168287540525604,1.1539762721107882,True
12,0,1,0.6643636749643355,-0.6687887614354027,0.9104371663178021,0.0,0.0,4.459335126796176,0.07981469670834167,0.03,0.14043716631780212,0.11273155070693647,1.1779913207983634,True
13,2,1,0.5174330345366288,-0.7314682559718562,0.8450000000000001,0.0,0.0,0.7031311471099241,0.03,0.03,0.15,0.1264201888698026,0.925909752435523,True
14,2,1,0.6393357480534302,-0.16581066555679802,0.8567084642317445,0.0,0.0,3.892538926656195,0.03,0.03,0.173416928463489,0.3296405088399691,0.8652165749376777,True
15,2,1,0.787952680780517,-0.5086063506580675,0.8450967290177287,0.0,0.0,0.307689218600492,0.03,0.03,0.1501934580354575,0.3845242817226171,1.0559270667189722,True
16,0,1,0.6156379233585342,-0.48283974286183995,0.86,0.0,0.0,4.330840176816502,0.03,0.03,0.09,0.32732766842267963,0.9972153410900644,True
17,0,1,0.5330225185960439,-0.5936323898771416,0.9244487352624997,0.0,0.0,6.107586064793736,0.03,0.03,0.15444873526249972,0.40215695646291405,0.8977995724792703,True
18,2,1,0.9518425058700863,-0.18110553542375163,0.8450000000000001,0.0,0.0,3.240824271137068,0.04902462809729288,0.04902462809729288,0.15,0.061918060317734724,0.9160609343461513,True
19,2,1,0.5733127626652453,-0.8442391998555743,0.8450000000000001,0.0,0.0,2.6247404368039957,0.03,0.03,0.15,0.4436049680152267,1.0895214012651881,True
20,2,1,0.5177690701718892,-0.23202729164873936,0.8572919307020277,0.0,0.0,5.93691554157605,0.03,0.03,0.17458386140405535,0.20224226261566963,1.0822079938528164,True
21,2,1,0.9694236804967098,-0.31386614052103146,0.8450000000000001,0.0,0.0,2.841202314971772,0.030360325953237954,0.030360325953237954,0.15,0.10341695717684118,1.1080380063065056,True
22,2,1,1.0289211778189793,-0.7078866054409247,0.8450000000000001,0.0,0.0,1.4610172195931612,0.03344959201340874,0.03344959201340874,0.15,0.11989172483888388,1.0060669307514245,True
23,2,1,1.0196747454941242,-0.5857293078133423,0.8450000000000001,0.0,0.0,4.742203446674582,0.03,0.03,0.15,0.2800538487367239,1.0932959102963595,True
24,2,1,0.7029817806601921,-0.8328940178388909,0.8450000000000001,0.0,0.0,0.3893082535552683,0.039057900129882576,0.039057900129882576,0.15,0.21391748991517007,0.9334456808485964,True
25,0,1,1.0275028162213335,-0.483870742319488,0.86,0.0,0.0,0.9211025940509404,0.03,0.03,0.09,0.2761397387884902,0.8333917064023428,True
R
0.0,0.0,0.0,0.0,0.0,0.0,1.0
S
8
torso_lift_joint,0
r_shoulder_pan_joint,-1.69017
r_shoulder_lift_joint,-0.0788625
r_upper_arm_roll_joint,-1.69017
r_elbow_flex_joint,-1.2717
r_forearm_roll_joint,-0.151824
r_wrist_flex_joint,-1.25254
r_wrist_roll_joint,0.675062
G
0.527749,-0.372372,0.845,0.583381,-0,0
ooi
10
A
599
0.310248,-0.673113
0.310524,-0.671737
0.3108,-0.670361
0.311076,-0.668985
0.311352,-0.667609
0.311628,-0.666234
0.311904,-0.664858
0.31218,-0.663482
0.312456,-0.662106
0.312732,-0.66073
0.313008,-0.659354
0.313285,-0.657978
0.313561,-0.656602
0.313837,-0.655226
0.314113,-0.65385
0.314389,-0.652475
0.314665,-0.651099
0.314941,-0.649723
0.315217,-0.648347
0.315493,-0.646971
0.315769,-0.645595
0.316045,-0.644219
0.316321,-0.642843
0.316597,-0.641467
0.316873,-0.640091
0.317149,-0.638715
0.317425,-0.63734
0.317701,-0.635964
0.317977,-0.634588
0.318253,-0.633212
0.318529,-0.631836
0.318805,-0.63046
0.319081,-0.629084
0.319357,-0.627708
0.319633,-0.626332
0.319909,-0.624956
0.320185,-0.623581
0.320461,-0.622205
0.320737,-0.620829
0.321013,-0.619453
0.321289,-0.618077
0.321565,-0.616701
0.321841,-0.615325
0.322118,-0.613949
0.322394,-0.612573
0.32267,-0.611197
0.322946,-0.609822
0.323222,-0.608446
0.323498,-0.60707
0.323774,-0.605694
0.32405,-0.604318
0.324326,-0.602942
0.324602,-0.601566
0.324878,-0.60019
0.325154,-0.598814
0.32543,-0.597438
0.325706,-0.596062
0.325982,-0.594687
0.326258,-0.593311
0.326534,-0.591935
0.32681,-0.590559
0.327086,-0.589183
0.327362,-0.587807
0.327638,-0.586431
0.327914,-0.585055
0.32819,-0.583679
0.328466,-0.582303
0.328742,-0.580928
0.329018,-0.579552
0.329294,-0.578176
0.32957,-0.5768
0.329846,-0.575424
0.330122,-0.574048
0.330398,-0.572672
0.330674,-0.571296
0.33095,-0.56992
0.331227,-0.568544
0.331503,-0.567168
0.331779,-0.565793
0.332055,-0.564417
0.332331,-0.563041
0.332607,-0.561665
0.332883,-0.560289
0.333159,-0.558913
0.333435,-0.557537
0.333711,-0.556161
0.333987,-0.554785
0.334263,-0.553409
0.334539,-0.552034
0.334815,-0.550658
0.335091,-0.549282
0.335367,-0.547906
0.335643,-0.54653
0.335919,-0.545154
0.336195,-0.543778
0.336471,-0.542402
0.336747,-0.541026
0.337023,-0.53965
0.337299,-0.538275
0.337575,-0.536899
0.337851,-0.535523
0.338127,-0.534147
0.338403,-0.532771
0.338679,-0.531395
0.338955,-0.530019
0.339231,-0.528643
0.339507,-0.527267
0.339783,-0.525891
0.34006,-0.524515
0.340336,-0.52314
0.340612,-0.521764
0.340888,-0.520388
0.341164,-0.519012
0.34144,-0.517636
0.341716,-0.51626
0.341992,-0.514884
0.342268,-0.513508
0.342544,-0.512132
0.34282,-0.510756
0.343096,-0.509381
0.343372,-0.508005
0.343648,-0.506629
0.343924,-0.505253
0.3442,-0.503877
0.344476,-0.502501
0.344752,-0.501125
0.345028,-0.499749
0.345304,-0.498373
0.34558,-0.496997
0.345856,-0.495621
0.346132,-0.494246
0.346408,-0.49287
0.346684,-0.491494
0.34696,-0.490118
0.347236,-0.488742
0.347512,-0.487366
0.347788,-0.48599
0.348064,-0.484614
0.34834,-0.483238
0.348616,-0.481862
0.348892,-0.480487
0.349169,-0.479111
0.349445,-0.477735
0.349721,-0.476359
0.349997,-0.474983
0.350273,-0.473607
0.350549,-0.472231
0.350825,-0.470855
0.351101,-0.469479
0.351377,-0.468103
0.351653,-0.466728
0.352399,-0.467575
0.353146,-0.468422
0.353892,-0.469269
0.354639,-0.470116
0.355385,-0.470963
0.356132,-0.47181
0.356878,-0.472658
0.357625,-0.473505
0.358371,-0.474352
0.359118,-0.475199
0.359864,-0.476046
0.360611,-0.476893
0.361357,-0.47774
0.362104,-0.478588
0.36285,-0.479435
0.363597,-0.480282
0.364344,-0.481129
0.36509,-0.481976
0.365837,-0.482823
0.366583,-0.48367
0.36733,-0.484518
0.368076,-0.485365
0.368823,-0.486212
0.369569,-0.487059
0.370316,-0.487906
0.371062,-0.488753
0.371809,-0.4896
0.372555,-0.490448
0.373302,-0.491295
0.374048,-0.492142
0.374795,-0.492989
0.375541,-0.493836
0.376288,-0.494683
0.377034,-0.495531
0.377781,-0.496378
0.378527,-0.497225
0.379274,-0.498072
0.38002,-0.498919
0.380767,-0.499766
0.381513,-0.500613
0.38226,-0.501461
0.383006,-0.502308
0.383753,-0.503155
0.384499,-0.504002
0.385246,-0.504849
0.385992,-0.505696
0.386739,-0.506543
0.387485,-0.507391
0.388232,-0.508238
0.388978,-0.509085
0.389725,-0.509932
0.390471,-0.510779
0.391218,-0.511626
0.391964,-0.512473
0.392711,-0.513321
0.393458,-0.514168
0.394204,-0.515015
0.394951,-0.515862
0.395697,-0.516709
0.396444,-0.517556
0.39719,-0.518404
0.397937,-0.519251
0.398683,-0.520098
0.39943,-0.520945
0.400176,-0.521792
0.400923,-0.522639
0.401669,-0.523486
0.402416,-0.524334
0.403162,-0.525181
0.403909,-0.526028
0.404655,-0.526875
0.405402,-0.527722
0.406148,-0.528569
0.406895,-0.529416
0.407641,-0.530264
0.408388,-0.531111
0.409134,-0.531958
0.409881,-0.532805
0.410627,-0.533652
0.411374,-0.534499
0.41212,-0.535346
0.412867,-0.536194
0.413613,-0.537041
0.41436,-0.537888
0.415106,-0.538735
0.415853,-0.539582
0.416599,-0.540429
0.417346,-0.541277
0.418092,-0.542124
0.418839,-0.542971
0.419585,-0.543818
0.420332,-0.544665
0.421078,-0.545512
0.421825,-0.546359
0.422572,-0.547207
0.423318,-0.548054
0.424065,-0.548901
0.424811,-0.549748
0.425558,-0.550595
0.426304,-0.551442
0.427051,-0.552289
0.427797,-0.553137
0.428544,-0.553984
0.42929,-0.554831
0.430037,-0.555678
0.430783,-0.556525
0.43153,-0.557372
0.432276,-0.558219
0.433023,-0.559067
0.433769,-0.559914
0.434516,-0.560761
0.435262,-0.561608
0.436009,-0.562455
0.436755,-0.563302
0.437502,-0.56415
0.438248,-0.564997
0.438995,-0.565844
0.439741,-0.566691
0.440488,-0.567538
0.441234,-0.568385
0.441981,-0.569232
0.442727,-0.57008
0.443474,-0.570927
0.44422,-0.571774
0.444967,-0.572621
0.445713,-0.573468
0.44646,-0.574315
0.447206,-0.575162
0.447953,-0.57601
0.448699,-0.576857
0.449446,-0.577704
0.450192,-0.578551
0.450939,-0.579398
0.451686,-0.580245
0.452432,-0.581092
0.453179,-0.58194
0.453925,-0.582787
0.454672,-0.583634
0.455418,-0.584481
0.456165,-0.585328
0.456911,-0.586175
0.457658,-0.587023
0.458404,-0.58787
0.459151,-0.588717
0.459897,-0.589564
0.460644,-0.590411
0.46139,-0.591258
0.462137,-0.592105
0.462883,-0.592953
0.463356,-0.591555
0.46383,-0.590157
0.464303,-0.58876
0.464776,-0.587362
0.465249,-0.585965
0.465722,-0.584567
0.466195,-0.58317
0.466668,-0.581772
0.467142,-0.580375
0.467615,-0.578977
0.468088,-0.57758
0.468561,-0.576182
0.469034,-0.574785
0.469507,-0.573387
0.469981,-0.571989
0.470454,-0.570592
0.470927,-0.569194
0.4714,-0.567797
0.471873,-0.566399
0.472346,-0.565002
0.47282,-0.563604
0.473293,-0.562207
0.473766,-0.560809
0.474239,-0.559412
0.474712,-0.558014
0.475185,-0.556616
0.475659,-0.555219
0.476132,-0.553821
0.476605,-0.552424
0.477078,-0.551026
0.477551,-0.549629
0.478024,-0.548231
0.478498,-0.546834
0.478971,-0.545436
0.479444,-0.544039
0.479917,-0.542641
0.48039,-0.541244
0.480863,-0.539846
0.481336,-0.538448
0.48181,-0.537051
0.482283,-0.535653
0.482756,-0.534256
0.483229,-0.532858
0.483702,-0.531461
0.484175,-0.530063
0.484649,-0.528666
0.485122,-0.527268
0.485595,-0.525871
0.486068,-0.524473
0.486541,-0.523076
0.487014,-0.521678
0.487488,-0.52028
0.487961,-0.518883
0.488434,-0.517485
0.488907,-0.516088
0.48938,-0.51469
0.489853,-0.513293
0.490327,-0.511895
0.4908,-0.510498
0.491273,-0.5091
0.491746,-0.507703
0.492219,-0.506305
0.492692,-0.504907
0.493166,-0.50351
0.493639,-0.502112
0.494112,-0.500715
0.494585,-0.499317
0.495058,-0.49792
0.495531,-0.496522
0.496004,-0.495125
0.496478,-0.493727
0.496951,-0.49233
0.497424,-0.490932
0.497897,-0.489535
0.49837,-0.488137
0.498843,-0.486739
0.499317,-0.485342
0.49979,-0.483944
0.500263,-0.482547
0.500736,-0.481149
0.501209,-0.479752
0.501682,-0.478354
0.502156,-0.476957
0.502629,-0.475559
0.503102,-0.474162
0.503575,-0.472764
0.504048,-0.471367
0.504521,-0.469969
0.504995,-0.468571
0.505468,-0.467174
0.505941,-0.465776
0.506414,-0.464379
0.506887,-0.462981
0.50736,-0.461584
0.507833,-0.460186
0.508307,-0.458789
0.50878,-0.457391
0.509253,-0.455994
0.509726,-0.454596
0.510199,-0.453198
0.510672,-0.451801
0.511146,-0.450403
0.511619,-0.449006
0.512092,-0.447608
0.512565,-0.446211
0.513038,-0.444813
0.513511,-0.443416
0.513985,-0.442018
0.514458,-0.440621
0.514931,-0.439223
0.515404,-0.437826
0.515877,-0.436428
0.51635,-0.43503
0.516824,-0.433633
0.517297,-0.432235
0.51777,-0.430838
0.518243,-0.42944
0.518716,-0.428043
0.519189,-0.426645
0.519663,-0.425248
0.520136,-0.42385
0.520609,-0.422453
0.521082,-0.421055
0.521555,-0.419657
0.522028,-0.41826
0.522501,-0.416862
0.522975,-0.415465
0.523448,-0.414067
0.523921,-0.41267
0.524394,-0.411272
0.524867,-0.409875
0.52534,-0.408477
0.525814,-0.40708
0.526287,-0.405682
0.52676,-0.404285
0.527233,-0.402887
0.527706,-0.401489
0.528179,-0.400092
0.528653,-0.398694
0.529126,-0.397297
0.529599,-0.395899
0.530072,-0.394502
0.530545,-0.393104
0.531018,-0.391707
0.531492,-0.390309
0.531965,-0.388912
0.532438,-0.387514
0.532911,-0.386117
0.533384,-0.384719
0.533857,-0.383321
0.533816,-0.383248
0.533775,-0.383174
0.533734,-0.383101
0.533693,-0.383027
0.533652,-0.382954
0.533611,-0.382881
0.53357,-0.382807
0.533529,-0.382734
0.533488,-0.38266
0.533447,-0.382587
0.533406,-0.382513
0.533365,-0.38244
0.533324,-0.382366
0.533283,-0.382293
0.533242,-0.382219
0.533201,-0.382146
0.53316,-0.382072
0.533119,-0.381999
0.533078,-0.381925
0.533037,-0.381852
0.532996,-0.381778
0.532955,-0.381705
0.532914,-0.381631
0.532873,-0.381558
0.532832,-0.381484
0.532791,-0.381411
0.53275,-0.381337
0.532709,-0.381264
0.532668,-0.38119
0.532627,-0.381117
0.532586,-0.381043
0.532545,-0.38097
0.532504,-0.380896
0.532463,-0.380823
0.532422,-0.380749
0.532381,-0.380676
0.53234,-0.380602
0.532299,-0.380529
0.532258,-0.380455
0.532217,-0.380382
0.532176,-0.380308
0.532135,-0.380235
0.532094,-0.380161
0.532053,-0.380088
0.532013,-0.380014
0.531972,-0.379941
0.531931,-0.379867
0.53189,-0.379794
0.531849,-0.37972
0.531808,-0.379647
0.531767,-0.379573
0.531726,-0.3795
0.531685,-0.379427
0.531644,-0.379353
0.531603,-0.37928
0.531562,-0.379206
0.531521,-0.379133
0.53148,-0.379059
0.531439,-0.378986
0.531398,-0.378912
0.531357,-0.378839
0.531316,-0.378765
0.531275,-0.378692
0.531234,-0.378618
0.531193,-0.378545
0.531152,-0.378471
0.531111,-0.378398
0.53107,-0.378324
0.531029,-0.378251
0.530988,-0.378177
0.530947,-0.378104
0.530906,-0.37803
0.530865,-0.377957
0.530824,-0.377883
0.530783,-0.37781
0.530742,-0.377736
0.530701,-0.377663
0.53066,-0.377589
0.530619,-0.377516
0.530578,-0.377442
0.530537,-0.377369
0.530496,-0.377295
0.530455,-0.377222
0.530414,-0.377148
0.530373,-0.377075
0.530332,-0.377001
0.530291,-0.376928
0.53025,-0.376854
0.530209,-0.376781
0.530168,-0.376707
0.530127,-0.376634
0.530086,-0.37656
0.530045,-0.376487
0.530004,-0.376413
0.529963,-0.37634
0.529922,-0.376266
0.529881,-0.376193
0.52984,-0.376119
0.529799,-0.376046
0.529758,-0.375973
0.529717,-0.375899
0.529676,-0.375826
0.529635,-0.375752
0.529594,-0.375679
0.529553,-0.375605
0.529512,-0.375532
0.529471,-0.375458
0.52943,-0.375385
0.529389,-0.375311
0.529348,-0.375238
0.529307,-0.375164
0.529266,-0.375091
0.529225,-0.375017
0.529184,-0.374944
0.529143,-0.37487
0.529102,-0.374797
0.529061,-0.374723
0.52902,-0.37465
0.528979,-0.374576
0.528938,-0.374503
0.528897,-0.374429
0.528856,-0.374356
0.528815,-0.374282
0.528774,-0.374209
0.528733,-0.374135
0.528692,-0.374062
0.528651,-0.373988
0.52861,-0.373915
0.528569,-0.373841
0.528528,-0.373768
0.528487,-0.373694
0.528446,-0.373621
0.528405,-0.373547
0.528364,-0.373474
0.528323,-0.3734
0.528282,-0.373327
0.528241,-0.373253
0.5282,-0.37318
0.528159,-0.373106
0.528118,-0.373033
0.528077,-0.372959
0.528036,-0.372886
0.527995,-0.372812
0.527954,-0.372739
0.527913,-0.372665
0.527872,-0.372592
0.527831,-0.372519
0.52779,-0.372445
0.527749,-0.372372
