O
25
1,0,-1,0.78,-0.5,0.75,0.0,0.0,0.0,0.3,0.4,0.02,0,0.8,False
2,0,-1,1.1,-0.5,0.93,0.0,0.0,0.0,0.02,0.4,0.2,0,0.8,False
3,0,-1,0.78,-0.5,1.11,0.0,0.0,0.0,0.3,0.4,0.02,0,0.8,False
4,0,-1,0.8,-0.92,0.93,0.0,0.0,0.0,0.32,0.02,0.2,0,0.8,False
5,0,-1,0.8,-0.08,0.93,0.0,0.0,0.0,0.32,0.02,0.2,0,0.8,False
6,0,0,0.6534127219825788,-0.6632139773877013,0.8872206896023257,0.0,0.0,2.002983734815725,0.03,0.03,0.11722068960232564,0.031288810152943713,1.024068326908515,False
7,0,0,0.5719243467893312,-0.358698875624508,0.86,0.0,0.0,1.1839956122860074,0.03,0.03,0.09,0.34833172596037687,1.052122489582569,False
8,2,0,0.8849665662129496,-0.7379127239076833,0.8619888777975537,0.0,0.0,6.020908804230315,0.03,0.03,0.18397775559510757,0.18531107145756898,0.9429266258411746,False
9,2,0,0.9137432091989757,-0.40117899890810216,0.8667355340990007,0.0,0.0,4.544521277949244,0.05847748892436091,0.05847748892436091,0.19347106819800128,0.4817208997455913,1.0018947419403033,False
10,0,0,0.9964743048113922,-0.7442607428359618,0.86,0.0,0.0,1.7129730581930316,0.07798209425075109,0.03,0.09,0.021265078452467,0.8844856996080376,False
11,0,1,0.7781809632731169,-0.48720377881000265,0.86,0.0,0.0,1.9064886525158122,0.04676843244384306,0.03,0.09,0.021247707192633802,0.8504430279424047,True
12,2,1,0.886723879595684,-0.5391708152764085,0.8450000000000001,0.0,0.0,1.8315822613541364,0.03433810856067403,0.03433810856067403,0.15,0.4301546760016317,1.168439033547164,True
13,0,1,0.7377043260876,-0.3236506818131235,0.8828119184188508,0.0,0.0,2.035276950936886,0.048718560016114826,0.04513345663967701,0.11281191841885069,0.400514763686068,0.8968027332007078,True
14,2,1,0.5713131048816121,-0.17307614055355036,0.8450000000000001,0.0,0.0,0.5381403839966694,0.03,0.03,0.15,0.3632110336060496,0.8035668884872705,True
15,0,1,0.7389901982285894,-0.8040783709205537,0.896315805968229,0.0,0.0,4.976338185786209,0.03,0.040585908964649996,0.12631580596822906,0.19681983459541408,0.9662381624126173,True
16,2,1,0.5271074057246807,-0.5875463335419591,0.8450000000000001,0.0,0.0,5.1855790063999505,0.03,0.03,0.15,0.023858601449690042,0.8635903907130168,True
17,0,1,1.0024161942956114,-0.15753873578843702,0.8674671346885597,0.0,0.0,1.3435333824834865,0.03,0.03,0.0974671346885597,0.16197494156882275,0.8150291202444345,True
18,0,1,0.6919700109542286,-0.19093044844689333,0.879870710499689,0.0,0.0,3.686113602538043,0.04053313956108614,0.040532384130895854,0.10987071049968894,0.18518860954650196,1.161492364122987,True
19,2,1,0.8615075939334985,-0.26397125499082064,0.8450000000000001,0.0,0.0,4.30602673157091,0.030567381076279414,0.030567381076279414,0.15,0.45484761418745806,1.1715750287272553,True
20,2,1,0.5772967395246514,-0.8313611137716814,0.8450000000000001,0.0,0.0,0.5684191249413839,0.03,0.03,0.15,0.18265540148535864,0.9805377555206656,True
21,0,1,0.5153582337930841,-0.4448760910310055,0.86,0.0,0.0,1.4001009569983065,0.03,0.03399903307459865,0.09,0.32497952779690625,0.9222617725263844,True
22,2,1,0.869463216970638,-0.1797003675961416,0.8450000000000001,0.0,0.0,1.491552181390688,0.03,0.03,0.15,0.2516953294606774,1.1827692418264197,True
23,2,1,1.0166719548508625,-0.6121865276938069,0.8450000000000001,0.0,0.0,4.5319910494419755,0.03,0.03,0.15,0.3632066553943063,0.8509757716023114,True
24,0,1,0.7662186560506653,-0.6853545187909212,0.9008768053603897,0.0,0.0,1.5607607944911988,0.03,0.03,0.13087680536038976,0.4028524681629941,0.807322487647594,True
25,0,1,0.6418355432525513,-0.5618977257949398,0.86,0.0,0.0,0.8313122166933025,0.03,0.03,0.09,0.23573084600980698,1.1314451307062645,True
R
0.0,0.0,0.0,0.0,0.0,0.0,1.0
S
8
torso_lift_joint,0
r_shoulder_pan_joint,-1.69017
r_shoulder_lift_joint,-0.0788625
r_upper_arm_roll_joint,-1.69017
r_elbow_flex_joint,-1.2717
r_forearm_roll_joint,-0.151824
r_wrist_flex_joint,-1.25254
r_wrist_roll_joint,0.675062
G
0.585309,-0.694628,0.887221,0.432187,-0,0
ooi
6
A
599
0.310248,-0.673113
0.31062,-0.67386
0.310992,-0.674606
0.311363,-0.675353
0.311735,-0.676099
0.312107,-0.676846
0.312478,-0.677592
0.31285,-0.678339
0.313222,-0.679085
0.313594,-0.679832
0.313965,-0.680579
0.314337,-0.681325
0.314709,-0.682072
0.31508,-0.682818
0.315452,-0.683565
0.315824,-0.684311
0.316195,-0.685058
0.316567,-0.685804
0.316939,-0.686551
0.317311,-0.687298
0.317682,-0.688044
0.318054,-0.688791
0.318426,-0.689537
0.318797,-0.690284
0.319169,-0.69103
0.319541,-0.691777
0.319913,-0.692523
0.320284,-0.69327
0.320656,-0.694017
0.321028,-0.694763
0.321399,-0.69551
0.321771,-0.696256
0.322143,-0.697003
0.322515,-0.697749
0.322886,-0.698496
0.323258,-0.699242
0.32363,-0.699989
0.324001,-0.700735
0.324373,-0.701482
0.324745,-0.702229
0.325116,-0.702975
0.325488,-0.703722
0.32586,-0.704468
0.326232,-0.705215
0.326603,-0.705961
0.326975,-0.706708
0.327347,-0.707454
0.327718,-0.708201
0.32809,-0.708948
0.328462,-0.709694
0.328834,-0.710441
0.329205,-0.711187
0.329577,-0.711934
0.329949,-0.71268
0.33032,-0.713427
0.330692,-0.714173
0.331064,-0.71492
0.331435,-0.715667
0.331807,-0.716413
0.332179,-0.71716
0.332551,-0.717906
0.332922,-0.718653
0.333294,-0.719399
0.333666,-0.720146
0.334037,-0.720892
0.334409,-0.721639
0.334781,-0.722386
0.335153,-0.723132
0.335524,-0.723879
0.335896,-0.724625
0.336268,-0.725372
0.336639,-0.726118
0.337011,-0.726865
0.337383,-0.727611
0.337755,-0.728358
0.338126,-0.729104
0.338498,-0.729851
0.33887,-0.730598
0.339241,-0.731344
0.339613,-0.732091
0.339985,-0.732837
0.340356,-0.733584
0.340728,-0.73433
0.3411,-0.735077
0.341472,-0.735823
0.341843,-0.73657
0.342215,-0.737317
0.342587,-0.738063
0.342958,-0.73881
0.34333,-0.739556
0.343702,-0.740303
0.344074,-0.741049
0.344445,-0.741796
0.344817,-0.742542
0.345189,-0.743289
0.34556,-0.744036
0.345932,-0.744782
0.346304,-0.745529
0.346675,-0.746275
0.347047,-0.747022
0.347419,-0.747768
0.347791,-0.748515
0.348162,-0.749261
0.348534,-0.750008
0.348906,-0.750754
0.349277,-0.751501
0.349649,-0.752248
0.350021,-0.752994
0.350393,-0.753741
0.350764,-0.754487
0.351136,-0.755234
0.351508,-0.75598
0.351879,-0.756727
0.352251,-0.757473
0.352623,-0.75822
0.352995,-0.758967
0.353366,-0.759713
0.353738,-0.76046
0.35411,-0.761206
0.354481,-0.761953
0.354853,-0.762699
0.355225,-0.763446
0.355596,-0.764192
0.355968,-0.764939
0.35634,-0.765686
0.356712,-0.766432
0.357083,-0.767179
0.357455,-0.767925
0.357827,-0.768672
0.358198,-0.769418
0.35857,-0.770165
0.358942,-0.770911
0.359314,-0.771658
0.359685,-0.772404
0.360057,-0.773151
0.360429,-0.773898
0.3608,-0.774644
0.361172,-0.775391
0.361544,-0.776137
0.361915,-0.776884
0.362287,-0.77763
0.362659,-0.778377
0.363031,-0.779123
0.363402,-0.77987
0.363774,-0.780617
0.364146,-0.781363
0.364517,-0.78211
0.364889,-0.782856
0.365261,-0.783603
0.365633,-0.784349
0.366004,-0.785096
0.365328,-0.785672
0.364653,-0.786249
0.363977,-0.786825
0.363301,-0.787402
0.362625,-0.787978
0.361949,-0.788555
0.361274,-0.789131
0.360598,-0.789708
0.359922,-0.790284
0.359246,-0.79086
0.35857,-0.791437
0.357895,-0.792013
0.357219,-0.79259
0.356543,-0.793166
0.355867,-0.793743
0.355191,-0.794319
0.354515,-0.794896
0.35384,-0.795472
0.353164,-0.796049
0.352488,-0.796625
0.351812,-0.797201
0.351136,-0.797778
0.350461,-0.798354
0.349785,-0.798931
0.349109,-0.799507
0.348433,-0.800084
0.347757,-0.80066
0.347082,-0.801237
0.346406,-0.801813
0.34573,-0.80239
0.345054,-0.802966
0.344378,-0.803542
0.343702,-0.804119
0.343027,-0.804695
0.342351,-0.805272
0.341675,-0.805848
0.340999,-0.806425
0.340323,-0.807001
0.339648,-0.807578
0.338972,-0.808154
0.338296,-0.808731
0.33762,-0.809307
0.336944,-0.809883
0.336269,-0.81046
0.335593,-0.811036
0.334917,-0.811613
0.334241,-0.812189
0.333565,-0.812766
0.332889,-0.813342
0.332214,-0.813919
0.331538,-0.814495
0.330862,-0.815072
0.330186,-0.815648
0.32951,-0.816225
0.328835,-0.816801
0.328159,-0.817377
0.327483,-0.817954
0.326807,-0.81853
0.326131,-0.819107
0.325456,-0.819683
0.32478,-0.82026
0.324104,-0.820836
0.323428,-0.821413
0.322752,-0.821989
0.322077,-0.822566
0.321401,-0.823142
0.320725,-0.823718
0.320049,-0.824295
0.319373,-0.824871
0.318697,-0.825448
0.318022,-0.826024
0.317346,-0.826601
0.31667,-0.827177
0.315994,-0.827754
0.315318,-0.82833
0.314643,-0.828907
0.313967,-0.829483
0.313291,-0.830059
0.312615,-0.830636
0.311939,-0.831212
0.311264,-0.831789
0.310588,-0.832365
0.309912,-0.832942
0.309236,-0.833518
0.30856,-0.834095
0.307884,-0.834671
0.307209,-0.835248
0.306533,-0.835824
0.305857,-0.8364
0.305181,-0.836977
0.304505,-0.837553
0.30383,-0.83813
0.303154,-0.838706
0.302478,-0.839283
0.301802,-0.839859
0.301126,-0.840436
0.300451,-0.841012
0.299775,-0.841589
0.299099,-0.842165
0.298423,-0.842741
0.297747,-0.843318
0.297071,-0.843894
0.296396,-0.844471
0.29572,-0.845047
0.295044,-0.845624
0.294368,-0.8462
0.293692,-0.846777
0.293017,-0.847353
0.292341,-0.84793
0.291665,-0.848506
0.290989,-0.849083
0.290313,-0.849659
0.289638,-0.850235
0.288962,-0.850812
0.288286,-0.851388
0.28761,-0.851965
0.286934,-0.852541
0.286258,-0.853118
0.285583,-0.853694
0.284907,-0.854271
0.284231,-0.854847
0.283555,-0.855424
0.282879,-0.856
0.282204,-0.856576
0.281528,-0.857153
0.280852,-0.857729
0.280176,-0.858306
0.2795,-0.858882
0.278825,-0.859459
0.278149,-0.860035
0.277473,-0.860612
0.276797,-0.861188
0.276121,-0.861765
0.275445,-0.862341
0.27477,-0.862917
0.274094,-0.863494
0.273418,-0.86407
0.272742,-0.864647
0.272066,-0.865223
0.271391,-0.8658
0.270715,-0.866376
0.270039,-0.866953
0.269363,-0.867529
0.268687,-0.868106
0.268012,-0.868682
0.267336,-0.869258
0.26666,-0.869835
0.265984,-0.870411
0.265308,-0.870988
0.266439,-0.870155
0.26757,-0.869322
0.268701,-0.868489
0.269832,-0.867657
0.270963,-0.866824
0.272094,-0.865991
0.273225,-0.865158
0.274356,-0.864325
0.275486,-0.863492
0.276617,-0.86266
0.277748,-0.861827
0.278879,-0.860994
0.28001,-0.860161
0.281141,-0.859328
0.282272,-0.858496
0.283403,-0.857663
0.284534,-0.85683
0.285665,-0.855997
0.286796,-0.855164
0.287927,-0.854332
0.289057,-0.853499
0.290188,-0.852666
0.291319,-0.851833
0.29245,-0.851
0.293581,-0.850167
0.294712,-0.849335
0.295843,-0.848502
0.296974,-0.847669
0.298105,-0.846836
0.299236,-0.846003
0.300367,-0.845171
0.301497,-0.844338
0.302628,-0.843505
0.303759,-0.842672
0.30489,-0.841839
0.306021,-0.841006
0.307152,-0.840174
0.308283,-0.839341
0.309414,-0.838508
0.310545,-0.837675
0.311676,-0.836842
0.312807,-0.83601
0.313937,-0.835177
0.315068,-0.834344
0.316199,-0.833511
0.31733,-0.832678
0.318461,-0.831845
0.319592,-0.831013
0.320723,-0.83018
0.321854,-0.829347
0.322985,-0.828514
0.324116,-0.827681
0.325247,-0.826849
0.326377,-0.826016
0.327508,-0.825183
0.328639,-0.82435
0.32977,-0.823517
0.330901,-0.822684
0.332032,-0.821852
0.333163,-0.821019
0.334294,-0.820186
0.335425,-0.819353
0.336556,-0.81852
0.337687,-0.817688
0.338817,-0.816855
0.339948,-0.816022
0.341079,-0.815189
0.34221,-0.814356
0.343341,-0.813523
0.344472,-0.812691
0.345603,-0.811858
0.346734,-0.811025
0.347865,-0.810192
0.348996,-0.809359
0.350127,-0.808527
0.351257,-0.807694
0.352388,-0.806861
0.353519,-0.806028
0.35465,-0.805195
0.355781,-0.804363
0.356912,-0.80353
0.358043,-0.802697
0.359174,-0.801864
0.360305,-0.801031
0.361436,-0.800198
0.362567,-0.799366
0.363697,-0.798533
0.364828,-0.7977
0.365959,-0.796867
0.36709,-0.796034
0.368221,-0.795202
0.369352,-0.794369
0.370483,-0.793536
0.371614,-0.792703
0.372745,-0.79187
0.373876,-0.791037
0.375007,-0.790205
0.376137,-0.789372
0.377268,-0.788539
0.378399,-0.787706
0.37953,-0.786873
0.380661,-0.786041
0.381792,-0.785208
0.382923,-0.784375
0.384054,-0.783542
0.385185,-0.782709
0.386316,-0.781876
0.387447,-0.781044
0.388577,-0.780211
0.389708,-0.779378
0.390839,-0.778545
0.39197,-0.777712
0.393101,-0.77688
0.394232,-0.776047
0.395363,-0.775214
0.396494,-0.774381
0.397625,-0.773548
0.398756,-0.772715
0.399887,-0.771883
0.401017,-0.77105
0.402148,-0.770217
0.403279,-0.769384
0.40441,-0.768551
0.405541,-0.767719
0.406672,-0.766886
0.407803,-0.766053
0.408934,-0.76522
0.410065,-0.764387
0.411196,-0.763554
0.412327,-0.762722
0.413457,-0.761889
0.414588,-0.761056
0.415719,-0.760223
0.41685,-0.75939
0.417981,-0.758558
0.419112,-0.757725
0.420243,-0.756892
0.421374,-0.756059
0.422505,-0.755226
0.423636,-0.754394
0.424767,-0.753561
0.425897,-0.752728
0.427028,-0.751895
0.428159,-0.751062
0.42929,-0.750229
0.430421,-0.749397
0.431552,-0.748564
0.432683,-0.747731
0.433814,-0.746898
0.434945,-0.746065
0.435954,-0.74572
0.436963,-0.745375
0.437972,-0.74503
0.438981,-0.744684
0.43999,-0.744339
0.441,-0.743994
0.442009,-0.743649
0.443018,-0.743304
0.444027,-0.742958
0.445036,-0.742613
0.446045,-0.742268
0.447055,-0.741923
0.448064,-0.741578
0.449073,-0.741232
0.450082,-0.740887
0.451091,-0.740542
0.4521,-0.740197
0.45311,-0.739851
0.454119,-0.739506
0.455128,-0.739161
0.456137,-0.738816
0.457146,-0.738471
0.458155,-0.738125
0.459164,-0.73778
0.460174,-0.737435
0.461183,-0.73709
0.462192,-0.736745
0.463201,-0.736399
0.46421,-0.736054
0.465219,-0.735709
0.466229,-0.735364
0.467238,-0.735018
0.468247,-0.734673
0.469256,-0.734328
0.470265,-0.733983
0.471274,-0.733638
0.472283,-0.733292
0.473293,-0.732947
0.474302,-0.732602
0.475311,-0.732257
0.47632,-0.731912
0.477329,-0.731566
0.478338,-0.731221
0.479348,-0.730876
0.480357,-0.730531
0.481366,-0.730185
0.482375,-0.72984
0.483384,-0.729495
0.484393,-0.72915
0.485402,-0.728805
0.486412,-0.728459
0.487421,-0.728114
0.48843,-0.727769
0.489439,-0.727424
0.490448,-0.727079
0.491457,-0.726733
0.492467,-0.726388
0.493476,-0.726043
0.494485,-0.725698
0.495494,-0.725352
0.496503,-0.725007
0.497512,-0.724662
0.498521,-0.724317
0.499531,-0.723972
0.50054,-0.723626
0.501549,-0.723281
0.502558,-0.722936
0.503567,-0.722591
0.504576,-0.722246
0.505586,-0.7219
0.506595,-0.721555
0.507604,-0.72121
0.508613,-0.720865
0.509622,-0.720519
0.510631,-0.720174
0.511641,-0.719829
0.51265,-0.719484
0.513659,-0.719139
0.514668,-0.718793
0.515677,-0.718448
0.516686,-0.718103
0.517695,-0.717758
0.518705,-0.717413
0.519714,-0.717067
0.520723,-0.716722
0.521732,-0.716377
0.522741,-0.716032
0.52375,-0.715686
0.52476,-0.715341
0.525769,-0.714996
0.526778,-0.714651
0.527787,-0.714306
0.528796,-0.71396
0.529805,-0.713615
0.530814,-0.71327
0.531824,-0.712925
0.532833,-0.71258
0.533842,-0.712234
0.534851,-0.711889
0.53586,-0.711544
0.536869,-0.711199
0.537879,-0.710853
0.538888,-0.710508
0.539897,-0.710163
0.540906,-0.709818
0.541915,-0.709473
0.542924,-0.709127
0.543933,-0.708782
0.544943,-0.708437
0.545952,-0.708092
0.546961,-0.707746
0.54797,-0.707401
0.548979,-0.707056
0.549988,-0.706711
0.550998,-0.706366
0.552007,-0.70602
0.553016,-0.705675
0.554025,-0.70533
0.555034,-0.704985
0.556043,-0.70464
0.557052,-0.704294
0.558062,-0.703949
0.559071,-0.703604
0.56008,-0.703259
0.561089,-0.702913
0.562098,-0.702568
0.563107,-0.702223
0.564117,-0.701878
0.565126,-0.701533
0.566135,-0.701187
0.567144,-0.700842
0.568153,-0.700497
0.569162,-0.700152
0.570172,-0.699807
0.571181,-0.699461
0.57219,-0.699116
0.573199,-0.698771
0.574208,-0.698426
0.575217,-0.69808
0.576226,-0.697735
0.577236,-0.69739
0.578245,-0.697045
0.579254,-0.6967
0.580263,-0.696354
0.581272,-0.696009
0.582281,-0.695664
0.583291,-0.695319
0.5843,-0.694974
0.585309,-0.694628
