O
25
1,0,-1,0.78,-0.5,0.75,0.0,0.0,0.0,0.3,0.4,0.02,0,0.8,False
2,0,-1,1.1,-0.5,0.93,0.0,0.0,0.0,0.02,0.4,0.2,0,0.8,False
3,0,-1,0.78,-0.5,1.11,0.0,0.0,0.0,0.3,0.4,0.02,0,0.8,False
4,0,-1,0.8,-0.92,0.93,0.0,0.0,0.0,0.32,0.02,0.2,0,0.8,False
5,0,-1,0.8,-0.08,0.93,0.0,0.0,0.0,0.32,0.02,0.2,0,0.8,False
6,2,0,0.6495525607611322,-0.8241004525330307,0.8536093202831652,0.0,0.0,2.206612283753686,0.03,0.03,0.16721864056633026,0.36971722297188925,0.849991905351448,False
7,0,0,0.578956812550999,-0.3456376997126662,0.9177522655655904,0.0,0.0,5.727415903821611,0.041616884583491005,0.05237058311595698,0.1477522655655904,0.020785777564356345,0.8472799735752939,False
8,0,0,0.6259685471744699,-0.1825493624145016,0.8803511449123717,0.0,0.0,4.380332474519435,0.03,0.031180249500179343,0.1103511449123716,0.08878584748914053,0.8457471468463351,False
9,2,0,0.9531602221475325,-0.2520705514720364,0.8450000000000001,0.0,0.0,2.3633225660771173,0.05192507746594104,0.05192507746594104,0.15,0.30217031124850846,1.0038524295493383,False
10,2,0,0.723985531349359,-0.35104038157960005,0.8450000000000001,0.0,0.0,4.413933032589325,0.03,0.03,0.15,0.4017742939435911,1.1621421504822338,False
11,2,1,0.7866199801977334,-0.6646903336989547,0.8450000000000001,0.0,0.0,1.830381099045207,0.03,0.03,0.15,0.2336175903064257,0.8345428198399403,True
12,0,1,0.8289052505130923,-0.30365840799093,0.86,0.0,0.0,1.075834070562509,0.03,0.03,0.09,0.39858456729097047,0.8344104252614465,True
13,2,1,0.5947018210855639,-0.5152786157094849,0.8450000000000001,0.0,0.0,6.1394879160440325,0.03,0.03,0.15,0.3845700261828245,0.8365436970734587,True
14,2,1,0.6601160330870796,-0.6550280513136022,0.8450000000000001,0.0,0.0,3.082509710587799,0.03,0.03,0.15,0.21285145968670938,0.9199981318502549,True
15,2,1,0.9654890673883263,-0.6521027224084595,0.8594740608665885,0.0,0.0,6.076183738438921,0.03,0.03,0.17894812173317692,0.2578080572131093,1.1890087757898367,True
16,2,1,0.8516110836091559,-0.4664190815817544,0.8642186790244155,0.0,0.0,1.6073801568481552,0.06862325956659279,0.06862325956659279,0.18843735804883102,0.46147402721819514,1.172160417900645,True
17,0,1,0.5222864952204738,-0.22461425868674378,0.86,0.0,0.0,4.139717556982179,0.03,0.03,0.09,0.4075457329809799,0.8350042721184877,True
18,0,1,0.7890239940533246,-0.8041349747069432,0.86,0.0,0.0,3.6815655844724775,0.03,0.07688419792551252,0.09,0.20977046602092275,0.8608972631036623,True
19,0,1,0.731301640080113,-0.539750977640255,0.86,0.0,0.0,3.2156371062186637,0.03343073551633334,0.03,0.09,0.4891721723788892,0.9555715493413355,True
20,2,1,0.7315469856654312,-0.19169064970805705,0.8596170049810252,0.0,0.0,4.261167271355954,0.03,0.03,0.17923400996205036,0.0990066407064985,0.9695592574107901,True
21,2,1,0.514139130505867,-0.6266665531744476,0.8528951606151094,0.0,0.0,5.002022792928215,0.03,0.03,0.1657903212302189,0.17967794078412258,0.983294450426486,True
22,2,1,0.9963374541896985,-0.5670614370936189,0.8450000000000001,0.0,0.0,4.522932233268157,0.03,0.03,0.15,0.07690147742779035,0.8002927737959904,True
23,2,1,0.9852552221963875,-0.4237592296927689,0.8450000000000001,0.0,0.0,5.749185637916742,0.031851989192148565,0.031851989192148565,0.15,0.18561572119727737,1.1531791321291924,True
24,0,1,0.9948240244539772,-0.8293764477818488,0.86,0.0,0.0,4.6300036731751355,0.03,0.05245705852738771,0.09,0.03925493007053066,0.8427951843890111,True
25,2,1,0.547162205493683,-0.768737194262987,0.8450000000000001,0.0,0.0,6.165818106861363,0.03,0.03,0.15,0.48771552027451376,0.9686354400692729,True
R
0.0,0.0,0.0,0.0,0.0,0.0,1.0
S
8
torso_lift_joint,0
r_shoulder_pan_joint,-1.69017
r_shoulder_lift_joint,-0.0788625
r_upper_arm_roll_joint,-1.69017
r_elbow_flex_joint,-1.2717
r_forearm_roll_joint,-0.151824
r_wrist_flex_joint,-1.25254
r_wrist_roll_joint,0.675062
G
0.527584,-0.428353,0.917752,1.01503,-0,0
ooi
7
A
599
0.310248,-0.673113
0.310229,-0.673352
0.310209,-0.673592
0.310189,-0.673831
0.31017,-0.674071
0.31015,-0.67431
0.310131,-0.67455
0.310111,-0.674789
0.310091,-0.675028
0.310072,-0.675268
0.310052,-0.675507
0.310033,-0.675747
0.310013,-0.675986
0.309993,-0.676225
0.309974,-0.676465
0.309954,-0.676704
0.309935,-0.676944
0.309915,-0.677183
0.309895,-0.677422
0.309876,-0.677662
0.309856,-0.677901
0.309837,-0.678141
0.309817,-0.67838
0.309797,-0.678619
0.309778,-0.678859
0.309758,-0.679098
0.309739,-0.679338
0.309719,-0.679577
0.309699,-0.679816
0.30968,-0.680056
0.30966,-0.680295
0.309641,-0.680535
0.309621,-0.680774
0.309601,-0.681014
0.309582,-0.681253
0.309562,-0.681492
0.309543,-0.681732
0.309523,-0.681971
0.309503,-0.682211
0.309484,-0.68245
0.309464,-0.682689
0.309445,-0.682929
0.309425,-0.683168
0.309405,-0.683408
0.309386,-0.683647
0.309366,-0.683886
0.309347,-0.684126
0.309327,-0.684365
0.309307,-0.684605
0.309288,-0.684844
0.309268,-0.685083
0.309249,-0.685323
0.309229,-0.685562
0.309209,-0.685802
0.30919,-0.686041
0.30917,-0.68628
0.309151,-0.68652
0.309131,-0.686759
0.309111,-0.686999
0.309092,-0.687238
0.309072,-0.687478
0.309053,-0.687717
0.309033,-0.687956
0.309013,-0.688196
0.308994,-0.688435
0.308974,-0.688675
0.308955,-0.688914
0.308935,-0.689153
0.308915,-0.689393
0.308896,-0.689632
0.308876,-0.689872
0.308857,-0.690111
0.308837,-0.69035
0.308817,-0.69059
0.308798,-0.690829
0.308778,-0.691069
0.308759,-0.691308
0.308739,-0.691547
0.308719,-0.691787
0.3087,-0.692026
0.30868,-0.692266
0.308661,-0.692505
0.308641,-0.692744
0.308621,-0.692984
0.308602,-0.693223
0.308582,-0.693463
0.308563,-0.693702
0.308543,-0.693942
0.308523,-0.694181
0.308504,-0.69442
0.308484,-0.69466
0.308465,-0.694899
0.308445,-0.695139
0.308425,-0.695378
0.308406,-0.695617
0.308386,-0.695857
0.308367,-0.696096
0.308347,-0.696336
0.308327,-0.696575
0.308308,-0.696814
0.308288,-0.697054
0.308269,-0.697293
0.308249,-0.697533
0.308229,-0.697772
0.30821,-0.698011
0.30819,-0.698251
0.308171,-0.69849
0.308151,-0.69873
0.308131,-0.698969
0.308112,-0.699208
0.308092,-0.699448
0.308073,-0.699687
0.308053,-0.699927
0.308033,-0.700166
0.308014,-0.700406
0.307994,-0.700645
0.307975,-0.700884
0.307955,-0.701124
0.307935,-0.701363
0.307916,-0.701603
0.307896,-0.701842
0.307877,-0.702081
0.307857,-0.702321
0.307837,-0.70256
0.307818,-0.7028
0.307798,-0.703039
0.307779,-0.703278
0.307759,-0.703518
0.307739,-0.703757
0.30772,-0.703997
0.3077,-0.704236
0.307681,-0.704475
0.307661,-0.704715
0.307641,-0.704954
0.307622,-0.705194
0.307602,-0.705433
0.307583,-0.705672
0.307563,-0.705912
0.307543,-0.706151
0.307524,-0.706391
0.307504,-0.70663
0.307485,-0.70687
0.307465,-0.707109
0.307445,-0.707348
0.307426,-0.707588
0.307406,-0.707827
0.307386,-0.708067
0.307367,-0.708306
0.307347,-0.708545
0.307328,-0.708785
0.307308,-0.709024
0.30861,-0.708233
0.309912,-0.707442
0.311213,-0.706651
0.312515,-0.705859
0.313817,-0.705068
0.315119,-0.704277
0.31642,-0.703486
0.317722,-0.702694
0.319024,-0.701903
0.320326,-0.701112
0.321627,-0.700321
0.322929,-0.69953
0.324231,-0.698738
0.325533,-0.697947
0.326834,-0.697156
0.328136,-0.696365
0.329438,-0.695574
0.33074,-0.694782
0.332041,-0.693991
0.333343,-0.6932
0.334645,-0.692409
0.335947,-0.691617
0.337248,-0.690826
0.33855,-0.690035
0.339852,-0.689244
0.341154,-0.688453
0.342456,-0.687661
0.343757,-0.68687
0.345059,-0.686079
0.346361,-0.685288
0.347663,-0.684496
0.348964,-0.683705
0.350266,-0.682914
0.351568,-0.682123
0.35287,-0.681332
0.354171,-0.68054
0.355473,-0.679749
0.356775,-0.678958
0.358077,-0.678167
0.359378,-0.677376
0.36068,-0.676584
0.361982,-0.675793
0.363284,-0.675002
0.364585,-0.674211
0.365887,-0.673419
0.367189,-0.672628
0.368491,-0.671837
0.369792,-0.671046
0.371094,-0.670255
0.372396,-0.669463
0.373698,-0.668672
0.374999,-0.667881
0.376301,-0.66709
0.377603,-0.666299
0.378905,-0.665507
0.380206,-0.664716
0.381508,-0.663925
0.38281,-0.663134
0.384112,-0.662342
0.385413,-0.661551
0.386715,-0.66076
0.388017,-0.659969
0.389319,-0.659178
0.39062,-0.658386
0.391922,-0.657595
0.393224,-0.656804
0.394526,-0.656013
0.395828,-0.655221
0.397129,-0.65443
0.398431,-0.653639
0.399733,-0.652848
0.401035,-0.652057
0.402336,-0.651265
0.403638,-0.650474
0.40494,-0.649683
0.406242,-0.648892
0.407543,-0.648101
0.408845,-0.647309
0.410147,-0.646518
0.411449,-0.645727
0.41275,-0.644936
0.414052,-0.644144
0.415354,-0.643353
0.416656,-0.642562
0.417957,-0.641771
0.419259,-0.64098
0.420561,-0.640188
0.421863,-0.639397
0.423164,-0.638606
0.424466,-0.637815
0.425768,-0.637024
0.42707,-0.636232
0.428371,-0.635441
0.429673,-0.63465
0.430975,-0.633859
0.432277,-0.633067
0.433578,-0.632276
0.43488,-0.631485
0.436182,-0.630694
0.437484,-0.629903
0.438785,-0.629111
0.440087,-0.62832
0.441389,-0.627529
0.442691,-0.626738
0.443992,-0.625946
0.445294,-0.625155
0.446596,-0.624364
0.447898,-0.623573
0.4492,-0.622782
0.450501,-0.62199
0.451803,-0.621199
0.453105,-0.620408
0.454407,-0.619617
0.455708,-0.618826
0.45701,-0.618034
0.458312,-0.617243
0.459614,-0.616452
0.460915,-0.615661
0.462217,-0.614869
0.463519,-0.614078
0.464821,-0.613287
0.466122,-0.612496
0.467424,-0.611705
0.468726,-0.610913
0.470028,-0.610122
0.471329,-0.609331
0.472631,-0.60854
0.473933,-0.607748
0.475235,-0.606957
0.476536,-0.606166
0.477838,-0.605375
0.47914,-0.604584
0.480442,-0.603792
0.481743,-0.603001
0.483045,-0.60221
0.484347,-0.601419
0.485649,-0.600628
0.48695,-0.599836
0.488252,-0.599045
0.489554,-0.598254
0.490856,-0.597463
0.492157,-0.596671
0.493459,-0.59588
0.494761,-0.595089
0.496063,-0.594298
0.497364,-0.593507
0.498666,-0.592715
0.499968,-0.591924
0.50127,-0.591133
0.500623,-0.59117
0.499977,-0.591207
0.499331,-0.591244
0.498684,-0.591282
0.498038,-0.591319
0.497391,-0.591356
0.496745,-0.591393
0.496099,-0.59143
0.495452,-0.591468
0.494806,-0.591505
0.49416,-0.591542
0.493513,-0.591579
0.492867,-0.591616
0.49222,-0.591653
0.491574,-0.591691
0.490928,-0.591728
0.490281,-0.591765
0.489635,-0.591802
0.488988,-0.591839
0.488342,-0.591876
0.487696,-0.591914
0.487049,-0.591951
0.486403,-0.591988
0.485757,-0.592025
0.48511,-0.592062
0.484464,-0.5921
0.483817,-0.592137
0.483171,-0.592174
0.482525,-0.592211
0.481878,-0.592248
0.481232,-0.592285
0.480585,-0.592323
0.479939,-0.59236
0.479293,-0.592397
0.478646,-0.592434
0.478,-0.592471
0.477354,-0.592509
0.476707,-0.592546
0.476061,-0.592583
0.475414,-0.59262
0.474768,-0.592657
0.474122,-0.592694
0.473475,-0.592732
0.472829,-0.592769
0.472182,-0.592806
0.471536,-0.592843
0.47089,-0.59288
0.470243,-0.592917
0.469597,-0.592955
0.468951,-0.592992
0.468304,-0.593029
0.467658,-0.593066
0.467011,-0.593103
0.466365,-0.593141
0.465719,-0.593178
0.465072,-0.593215
0.464426,-0.593252
0.463779,-0.593289
0.463133,-0.593326
0.462487,-0.593364
0.46184,-0.593401
0.461194,-0.593438
0.460548,-0.593475
0.459901,-0.593512
0.459255,-0.593549
0.458608,-0.593587
0.457962,-0.593624
0.457316,-0.593661
0.456669,-0.593698
0.456023,-0.593735
0.455376,-0.593773
0.45473,-0.59381
0.454084,-0.593847
0.453437,-0.593884
0.452791,-0.593921
0.452145,-0.593958
0.451498,-0.593996
0.450852,-0.594033
0.450205,-0.59407
0.449559,-0.594107
0.448913,-0.594144
0.448266,-0.594181
0.44762,-0.594219
0.446973,-0.594256
0.446327,-0.594293
0.445681,-0.59433
0.445034,-0.594367
0.444388,-0.594405
0.443742,-0.594442
0.443095,-0.594479
0.442449,-0.594516
0.441802,-0.594553
0.441156,-0.59459
0.44051,-0.594628
0.439863,-0.594665
0.439217,-0.594702
0.43857,-0.594739
0.437924,-0.594776
0.437278,-0.594813
0.436631,-0.594851
0.435985,-0.594888
0.435339,-0.594925
0.434692,-0.594962
0.434046,-0.594999
0.433399,-0.595037
0.432753,-0.595074
0.432107,-0.595111
0.43146,-0.595148
0.430814,-0.595185
0.430167,-0.595222
0.429521,-0.59526
0.428875,-0.595297
0.428228,-0.595334
0.427582,-0.595371
0.426936,-0.595408
0.426289,-0.595446
0.425643,-0.595483
0.424996,-0.59552
0.42435,-0.595557
0.423704,-0.595594
0.423057,-0.595631
0.422411,-0.595669
0.421764,-0.595706
0.421118,-0.595743
0.420472,-0.59578
0.419825,-0.595817
0.419179,-0.595854
0.418533,-0.595892
0.417886,-0.595929
0.41724,-0.595966
0.416593,-0.596003
0.415947,-0.59604
0.415301,-0.596078
0.414654,-0.596115
0.414008,-0.596152
0.413361,-0.596189
0.412715,-0.596226
0.412069,-0.596263
0.411422,-0.596301
0.410776,-0.596338
0.41013,-0.596375
0.409483,-0.596412
0.408837,-0.596449
0.40819,-0.596486
0.407544,-0.596524
0.406898,-0.596561
0.406251,-0.596598
0.405605,-0.596635
0.404958,-0.596672
0.404312,-0.59671
0.405139,-0.59558
0.405967,-0.59445
0.406794,-0.59332
0.407621,-0.59219
0.408449,-0.59106
0.409276,-0.58993
0.410103,-0.5888
0.410931,-0.58767
0.411758,-0.58654
0.412585,-0.58541
0.413413,-0.584281
0.41424,-0.583151
0.415067,-0.582021
0.415895,-0.580891
0.416722,-0.579761
0.417549,-0.578631
0.418377,-0.577501
0.419204,-0.576371
0.420031,-0.575241
0.420859,-0.574111
0.421686,-0.572981
0.422513,-0.571852
0.423341,-0.570722
0.424168,-0.569592
0.424995,-0.568462
0.425823,-0.567332
0.42665,-0.566202
0.427477,-0.565072
0.428305,-0.563942
0.429132,-0.562812
0.429959,-0.561682
0.430787,-0.560553
0.431614,-0.559423
0.432441,-0.558293
0.433269,-0.557163
0.434096,-0.556033
0.434923,-0.554903
0.435751,-0.553773
0.436578,-0.552643
0.437405,-0.551513
0.438233,-0.550383
0.43906,-0.549253
0.439887,-0.548124
0.440715,-0.546994
0.441542,-0.545864
0.442369,-0.544734
0.443197,-0.543604
0.444024,-0.542474
0.444851,-0.541344
0.445679,-0.540214
0.446506,-0.539084
0.447333,-0.537954
0.448161,-0.536824
0.448988,-0.535695
0.449815,-0.534565
0.450643,-0.533435
0.45147,-0.532305
0.452297,-0.531175
0.453125,-0.530045
0.453952,-0.528915
0.454779,-0.527785
0.455607,-0.526655
0.456434,-0.525525
0.457261,-0.524396
0.458089,-0.523266
0.458916,-0.522136
0.459743,-0.521006
0.460571,-0.519876
0.461398,-0.518746
0.462225,-0.517616
0.463053,-0.516486
0.46388,-0.515356
0.464707,-0.514226
0.465535,-0.513096
0.466362,-0.511967
0.467189,-0.510837
0.468017,-0.509707
0.468844,-0.508577
0.469671,-0.507447
0.470499,-0.506317
0.471326,-0.505187
0.472153,-0.504057
0.472981,-0.502927
0.473808,-0.501797
0.474635,-0.500667
0.475463,-0.499538
0.47629,-0.498408
0.477117,-0.497278
0.477945,-0.496148
0.478772,-0.495018
0.479599,-0.493888
0.480427,-0.492758
0.481254,-0.491628
0.482081,-0.490498
0.482909,-0.489368
0.483736,-0.488239
0.484563,-0.487109
0.485391,-0.485979
0.486218,-0.484849
0.487045,-0.483719
0.487873,-0.482589
0.4887,-0.481459
0.489527,-0.480329
0.490354,-0.479199
0.491182,-0.478069
0.492009,-0.476939
0.492836,-0.47581
0.493664,-0.47468
0.494491,-0.47355
0.495318,-0.47242
0.496146,-0.47129
0.496973,-0.47016
0.4978,-0.46903
0.498628,-0.4679
0.499455,-0.46677
0.500282,-0.46564
0.50111,-0.46451
0.501937,-0.463381
0.502764,-0.462251
0.503592,-0.461121
0.504419,-0.459991
0.505246,-0.458861
0.506074,-0.457731
0.506901,-0.456601
0.507728,-0.455471
0.508556,-0.454341
0.509383,-0.453211
0.51021,-0.452082
0.511038,-0.450952
0.511865,-0.449822
0.512692,-0.448692
0.51352,-0.447562
0.514347,-0.446432
0.515174,-0.445302
0.516002,-0.444172
0.516829,-0.443042
0.517656,-0.441912
0.518484,-0.440782
0.519311,-0.439653
0.520138,-0.438523
0.520966,-0.437393
0.521793,-0.436263
0.52262,-0.435133
0.523448,-0.434003
0.524275,-0.432873
0.525102,-0.431743
0.52593,-0.430613
0.526757,-0.429483
0.527584,-0.428353
