O
25
1,0,-1,0.78,-0.5,0.75,0.0,0.0,0.0,0.3,0.4,0.02,0,0.8,False
2,0,-1,1.1,-0.5,0.93,0.0,0.0,0.0,0.02,0.4,0.2,0,0.8,False
3,0,-1,0.78,-0.5,1.11,0.0,0.0,0.0,0.3,0.4,0.02,0,0.8,False
4,0,-1,0.8,-0.92,0.93,0.0,0.0,0.0,0.32,0.02,0.2,0,0.8,False
5,0,-1,0.8,-0.08,0.93,0.0,0.0,0.0,0.32,0.02,0.2,0,0.8,False
6,0,0,0.567709365667087,-0.204981986811843,0.9193355682321949,0.0,0.0,3.3933105212511703,0.06744762111543719,0.03886053808708843,0.14933556823219488,0.4463209196280896,0.8819517156256796,False
7,2,0,0.6266277050736276,-0.47336924521938134,0.8450000000000001,0.0,0.0,2.2317979725245554,0.03,0.03,0.15,0.1314833361578518,1.0497589205532254,False
8,0,0,0.8753886752290443,-0.5115163010873891,0.86,0.0,0.0,4.735734612280518,0.03,0.07645628824923949,0.09,0.1511732497985246,1.1434135371120795,False
9,0,0,0.5934610852259046,-0.6489830989976426,0.86,0.0,0.0,4.978283050837297,0.03,0.03,0.09,0.11673647648620689,0.8914022223902373,False
10,2,0,0.7093052027023603,-0.2506518447683913,0.8450000000000001,0.0,0.0,4.699405584874872,0.03,0.03,0.15,0.09542680369879819,0.8834179639745339,False
11,2,1,0.9338088416085324,-0.7995458318172536,0.8450000000000001,0.0,0.0,5.750318913078428,0.06157938289423738,0.06157938289423738,0.15,0.3576964407396238,0.9692070782606266,True
12,0,1,0.7451140423900977,-0.694833644672896,0.86,0.0,0.0,4.009888604784665,0.03397705068112799,0.03,0.09,0.299709810515204,1.0295177971810856,True
13,2,1,0.9297595999096407,-0.3100241568104999,0.8450000000000001,0.0,0.0,3.9124224282758635,0.07720562121068192,0.07720562121068192,0.15,0.47167053926989705,1.009201127491842,True
14,2,1,0.539172280484972,-0.5171558083385812,0.8657607840469216,0.0,0.0,4.701236814123398,0.031778856315457495,0.031778856315457495,0.19152156809384327,0.2633118688666479,1.0788987034165296,True
15,2,1,0.9387080988996618,-0.6247476204197979,0.8470385244166501,0.0,0.0,3.017480308473308,0.030870353890460712,0.030870353890460712,0.15407704883329998,0.42554294682677524,1.0070574985398395,True
16,2,1,0.5685430365350036,-0.8485776583461783,0.8450000000000001,0.0,0.0,1.2825929283296549,0.03,0.03,0.15,0.2556215139490616,1.0494149816429394,True
17,2,1,0.5263176462643071,-0.36491003351147533,0.8557528085591729,0.0,0.0,5.343571045438593,0.03,0.03,0.17150561711834564,0.2980376345471204,0.8685090873903916,True
18,2,1,0.7352614156048368,-0.5667041092563752,0.8450000000000001,0.0,0.0,4.790289238492439,0.03,0.03,0.15,0.14986016985614858,1.115054893651708,True
19,0,1,0.6168918793827304,-0.31996614594465633,0.86,0.0,0.0,5.005067532265307,0.03,0.03,0.09,0.4104417539857077,1.0486636998313315,True
20,2,1,1.0203682768805598,-0.1528078106112184,0.8450000000000001,0.0,0.0,4.4444184454722215,0.03,0.03,0.15,0.2902958187843197,1.1934652539414095,True
21,2,1,0.773594975823608,-0.8349759958278947,0.8450000000000001,0.0,0.0,4.124015121935883,0.03335526522053089,0.03335526522053089,0.15,0.4651804513969165,0.8344673113490467,True
22,2,1,0.5299812361526595,-0.7527569297990725,0.8598231468400106,0.0,0.0,0.25907888467322676,0.03,0.03,0.17964629368002127,0.022630661068953062,0.9173127838486875,True
23,2,1,0.9945920017543646,-0.4692694533142112,0.8450000000000001,0.0,0.0,1.564604036042842,0.03,0.03,0.15,0.3332619350232153,0.8997351372412703,True
24,0,1,0.7713994823160109,-0.38663385686961516,0.86,0.0,0.0,2.94378220768872,0.03,0.03,0.09,0.21234339561092863,1.1742505629897517,True
25,2,1,1.0345550867478515,-0.5565979897827402,0.8450000000000001,0.0,0.0,0.1484286014632585,0.03,0.03,0.15,0.05484535454703621,0.8568051411294467,True
R
0.0,0.0,0.0,0.0,0.0,0.0,1.0
S
8
torso_lift_joint,0
r_shoulder_pan_joint,-1.69017
r_shoulder_lift_joint,-0.0788625
r_upper_arm_roll_joint,-1.69017
r_elbow_flex_joint,-1.2717
r_forearm_roll_joint,-0.151824
r_wrist_flex_joint,-1.25254
r_wrist_roll_joint,0.675062
G
0.558914,-0.505616,0.845,0.444452,-0,0
ooi
7
A
599
0.310248,-0.673113
0.31077,-0.673269
0.311291,-0.673425
0.311813,-0.673581
0.312334,-0.673736
0.312855,-0.673892
0.313377,-0.674048
0.313898,-0.674204
0.31442,-0.67436
0.314941,-0.674516
0.315463,-0.674672
0.315984,-0.674827
0.316506,-0.674983
0.317027,-0.675139
0.317549,-0.675295
0.31807,-0.675451
0.318592,-0.675607
0.319113,-0.675763
0.319635,-0.675918
0.320156,-0.676074
0.320677,-0.67623
0.321199,-0.676386
0.32172,-0.676542
0.322242,-0.676698
0.322763,-0.676854
0.323285,-0.677009
0.323806,-0.677165
0.324328,-0.677321
0.324849,-0.677477
0.325371,-0.677633
0.325892,-0.677789
0.326414,-0.677945
0.326935,-0.6781
0.327456,-0.678256
0.327978,-0.678412
0.328499,-0.678568
0.329021,-0.678724
0.329542,-0.67888
0.330064,-0.679036
0.330585,-0.679191
0.331107,-0.679347
0.331628,-0.679503
0.33215,-0.679659
0.332671,-0.679815
0.333193,-0.679971
0.333714,-0.680127
0.334235,-0.680282
0.334757,-0.680438
0.335278,-0.680594
0.3358,-0.68075
0.336321,-0.680906
0.336843,-0.681062
0.337364,-0.681218
0.337886,-0.681373
0.338407,-0.681529
0.338929,-0.681685
0.33945,-0.681841
0.339972,-0.681997
0.340493,-0.682153
0.341015,-0.682308
0.341536,-0.682464
0.342057,-0.68262
0.342579,-0.682776
0.3431,-0.682932
0.343622,-0.683088
0.344143,-0.683244
0.344665,-0.683399
0.345186,-0.683555
0.345708,-0.683711
0.346229,-0.683867
0.346751,-0.684023
0.347272,-0.684179
0.347794,-0.684335
0.348315,-0.68449
0.348836,-0.684646
0.349358,-0.684802
0.349879,-0.684958
0.350401,-0.685114
0.350922,-0.68527
0.351444,-0.685426
0.351965,-0.685581
0.352487,-0.685737
0.353008,-0.685893
0.35353,-0.686049
0.354051,-0.686205
0.354573,-0.686361
0.355094,-0.686517
0.355615,-0.686672
0.356137,-0.686828
0.356658,-0.686984
0.35718,-0.68714
0.357701,-0.687296
0.358223,-0.687452
0.358744,-0.687608
0.359266,-0.687763
0.359787,-0.687919
0.360309,-0.688075
0.36083,-0.688231
0.361352,-0.688387
0.361873,-0.688543
0.362395,-0.688699
0.362916,-0.688854
0.363437,-0.68901
0.363959,-0.689166
0.36448,-0.689322
0.365002,-0.689478
0.365523,-0.689634
0.366045,-0.689789
0.366566,-0.689945
0.367088,-0.690101
0.367609,-0.690257
0.368131,-0.690413
0.368652,-0.690569
0.369174,-0.690725
0.369695,-0.69088
0.370216,-0.691036
0.370738,-0.691192
0.371259,-0.691348
0.371781,-0.691504
0.372302,-0.69166
0.372824,-0.691816
0.373345,-0.691971
0.373867,-0.692127
0.374388,-0.692283
0.37491,-0.692439
0.375431,-0.692595
0.375953,-0.692751
0.376474,-0.692907
0.376995,-0.693062
0.377517,-0.693218
0.378038,-0.693374
0.37856,-0.69353
0.379081,-0.693686
0.379603,-0.693842
0.380124,-0.693998
0.380646,-0.694153
0.381167,-0.694309
0.381689,-0.694465
0.38221,-0.694621
0.382732,-0.694777
0.383253,-0.694933
0.383775,-0.695089
0.384296,-0.695244
0.384817,-0.6954
0.385339,-0.695556
0.38586,-0.695712
0.386382,-0.695868
0.386903,-0.696024
0.387425,-0.69618
0.387946,-0.696335
0.388468,-0.696491
0.387426,-0.696007
0.386385,-0.695522
0.385344,-0.695038
0.384303,-0.694553
0.383262,-0.694069
0.382221,-0.693584
0.381179,-0.6931
0.380138,-0.692615
0.379097,-0.69213
0.378056,-0.691646
0.377015,-0.691161
0.375973,-0.690677
0.374932,-0.690192
0.373891,-0.689708
0.37285,-0.689223
0.371809,-0.688739
0.370767,-0.688254
0.369726,-0.68777
0.368685,-0.687285
0.367644,-0.686801
0.366603,-0.686316
0.365561,-0.685832
0.36452,-0.685347
0.363479,-0.684862
0.362438,-0.684378
0.361397,-0.683893
0.360355,-0.683409
0.359314,-0.682924
0.358273,-0.68244
0.357232,-0.681955
0.356191,-0.681471
0.355149,-0.680986
0.354108,-0.680502
0.353067,-0.680017
0.352026,-0.679533
0.350985,-0.679048
0.349943,-0.678564
0.348902,-0.678079
0.347861,-0.677594
0.34682,-0.67711
0.345779,-0.676625
0.344737,-0.676141
0.343696,-0.675656
0.342655,-0.675172
0.341614,-0.674687
0.340573,-0.674203
0.339531,-0.673718
0.33849,-0.673234
0.337449,-0.672749
0.336408,-0.672265
0.335367,-0.67178
0.334325,-0.671296
0.333284,-0.670811
0.332243,-0.670327
0.331202,-0.669842
0.330161,-0.669357
0.329119,-0.668873
0.328078,-0.668388
0.327037,-0.667904
0.325996,-0.667419
0.324955,-0.666935
0.323913,-0.66645
0.322872,-0.665966
0.321831,-0.665481
0.32079,-0.664997
0.319749,-0.664512
0.318708,-0.664028
0.317666,-0.663543
0.316625,-0.663059
0.315584,-0.662574
0.314543,-0.662089
0.313502,-0.661605
0.31246,-0.66112
0.311419,-0.660636
0.310378,-0.660151
0.309337,-0.659667
0.308296,-0.659182
0.307254,-0.658698
0.306213,-0.658213
0.305172,-0.657729
0.304131,-0.657244
0.30309,-0.65676
0.302048,-0.656275
0.301007,-0.655791
0.299966,-0.655306
0.298925,-0.654821
0.297884,-0.654337
0.296842,-0.653852
0.295801,-0.653368
0.29476,-0.652883
0.293719,-0.652399
0.292678,-0.651914
0.291636,-0.65143
0.290595,-0.650945
0.289554,-0.650461
0.288513,-0.649976
0.287472,-0.649492
0.28643,-0.649007
0.285389,-0.648523
0.284348,-0.648038
0.283307,-0.647554
0.282266,-0.647069
0.281224,-0.646584
0.280183,-0.6461
0.279142,-0.645615
0.278101,-0.645131
0.27706,-0.644646
0.276018,-0.644162
0.274977,-0.643677
0.273936,-0.643193
0.272895,-0.642708
0.271854,-0.642224
0.270812,-0.641739
0.269771,-0.641255
0.26873,-0.64077
0.267689,-0.640286
0.266648,-0.639801
0.265606,-0.639316
0.264565,-0.638832
0.263524,-0.638347
0.262483,-0.637863
0.261442,-0.637378
0.260401,-0.636894
0.259359,-0.636409
0.258318,-0.635925
0.257277,-0.63544
0.256236,-0.634956
0.255195,-0.634471
0.254153,-0.633987
0.253112,-0.633502
0.252071,-0.633018
0.25103,-0.632533
0.249989,-0.632049
0.248947,-0.631564
0.247906,-0.631079
0.246865,-0.630595
0.245824,-0.63011
0.244783,-0.629626
0.243741,-0.629141
0.2427,-0.628657
0.241659,-0.628172
0.240618,-0.627688
0.239577,-0.627203
0.238535,-0.626719
0.237494,-0.626234
0.236453,-0.62575
0.235412,-0.625265
0.234371,-0.624781
0.233329,-0.624296
0.23443,-0.623966
0.235531,-0.623637
0.236632,-0.623307
0.237733,-0.622978
0.238834,-0.622648
0.239935,-0.622319
0.241036,-0.621989
0.242137,-0.62166
0.243238,-0.62133
0.244339,-0.621001
0.245439,-0.620671
0.24654,-0.620342
0.247641,-0.620012
0.248742,-0.619683
0.249843,-0.619353
0.250944,-0.619024
0.252045,-0.618694
0.253146,-0.618365
0.254247,-0.618035
0.255348,-0.617706
0.256449,-0.617376
0.25755,-0.617047
0.25865,-0.616717
0.259751,-0.616388
0.260852,-0.616058
0.261953,-0.615729
0.263054,-0.615399
0.264155,-0.61507
0.265256,-0.61474
0.266357,-0.614411
0.267458,-0.614081
0.268559,-0.613752
0.26966,-0.613422
0.270761,-0.613093
0.271861,-0.612763
0.272962,-0.612434
0.274063,-0.612104
0.275164,-0.611775
0.276265,-0.611445
0.277366,-0.611116
0.278467,-0.610786
0.279568,-0.610457
0.280669,-0.610127
0.28177,-0.609798
0.282871,-0.609468
0.283972,-0.609139
0.285072,-0.608809
0.286173,-0.60848
0.287274,-0.60815
0.288375,-0.607821
0.289476,-0.607491
0.290577,-0.607162
0.291678,-0.606832
0.292779,-0.606503
0.29388,-0.606173
0.294981,-0.605844
0.296082,-0.605514
0.297182,-0.605185
0.298283,-0.604855
0.299384,-0.604526
0.300485,-0.604196
0.301586,-0.603867
0.302687,-0.603537
0.303788,-0.603208
0.304889,-0.602878
0.30599,-0.602549
0.307091,-0.602219
0.308192,-0.60189
0.309293,-0.60156
0.310393,-0.601231
0.311494,-0.600901
0.312595,-0.600572
0.313696,-0.600242
0.314797,-0.599913
0.315898,-0.599583
0.316999,-0.599254
0.3181,-0.598924
0.319201,-0.598595
0.320302,-0.598265
0.321403,-0.597936
0.322504,-0.597606
0.323604,-0.597277
0.324705,-0.596947
0.325806,-0.596618
0.326907,-0.596288
0.328008,-0.595959
0.329109,-0.595629
0.33021,-0.5953
0.331311,-0.59497
0.332412,-0.594641
0.333513,-0.594311
0.334614,-0.593982
0.335715,-0.593652
0.336815,-0.593322
0.337916,-0.592993
0.339017,-0.592663
0.340118,-0.592334
0.341219,-0.592004
0.34232,-0.591675
0.343421,-0.591345
0.344522,-0.591016
0.345623,-0.590686
0.346724,-0.590357
0.347825,-0.590027
0.348926,-0.589698
0.350026,-0.589368
0.351127,-0.589039
0.352228,-0.588709
0.353329,-0.58838
0.35443,-0.58805
0.355531,-0.587721
0.356632,-0.587391
0.357733,-0.587062
0.358834,-0.586732
0.359935,-0.586403
0.361036,-0.586073
0.362137,-0.585744
0.363237,-0.585414
0.364338,-0.585085
0.365439,-0.584755
0.36654,-0.584426
0.367641,-0.584096
0.368742,-0.583767
0.369843,-0.583437
0.370944,-0.583108
0.372045,-0.582778
0.373146,-0.582449
0.374247,-0.582119
0.375347,-0.58179
0.376448,-0.58146
0.377549,-0.581131
0.37865,-0.580801
0.379751,-0.580472
0.380852,-0.580142
0.381953,-0.579813
0.383054,-0.579483
0.384155,-0.579154
0.385256,-0.578824
0.386357,-0.578495
0.387458,-0.578165
0.388558,-0.577836
0.389659,-0.577506
0.39076,-0.577177
0.391861,-0.576847
0.392962,-0.576518
0.394063,-0.576188
0.395164,-0.575859
0.396265,-0.575529
0.397366,-0.5752
0.398467,-0.57487
0.399544,-0.574405
0.40062,-0.573941
0.401697,-0.573476
0.402774,-0.573011
0.403851,-0.572546
0.404928,-0.572081
0.406005,-0.571617
0.407081,-0.571152
0.408158,-0.570687
0.409235,-0.570222
0.410312,-0.569758
0.411389,-0.569293
0.412465,-0.568828
0.413542,-0.568363
0.414619,-0.567898
0.415696,-0.567434
0.416773,-0.566969
0.41785,-0.566504
0.418926,-0.566039
0.420003,-0.565574
0.42108,-0.56511
0.422157,-0.564645
0.423234,-0.56418
0.424311,-0.563715
0.425387,-0.56325
0.426464,-0.562786
0.427541,-0.562321
0.428618,-0.561856
0.429695,-0.561391
0.430772,-0.560926
0.431848,-0.560462
0.432925,-0.559997
0.434002,-0.559532
0.435079,-0.559067
0.436156,-0.558603
0.437233,-0.558138
0.438309,-0.557673
0.439386,-0.557208
0.440463,-0.556743
0.44154,-0.556279
0.442617,-0.555814
0.443694,-0.555349
0.44477,-0.554884
0.445847,-0.554419
0.446924,-0.553955
0.448001,-0.55349
0.449078,-0.553025
0.450155,-0.55256
0.451231,-0.552095
0.452308,-0.551631
0.453385,-0.551166
0.454462,-0.550701
0.455539,-0.550236
0.456615,-0.549772
0.457692,-0.549307
0.458769,-0.548842
0.459846,-0.548377
0.460923,-0.547912
0.462,-0.547448
0.463076,-0.546983
0.464153,-0.546518
0.46523,-0.546053
0.466307,-0.545588
0.467384,-0.545124
0.468461,-0.544659
0.469537,-0.544194
0.470614,-0.543729
0.471691,-0.543264
0.472768,-0.5428
0.473845,-0.542335
0.474922,-0.54187
0.475998,-0.541405
0.477075,-0.540941
0.478152,-0.540476
0.479229,-0.540011
0.480306,-0.539546
0.481383,-0.539081
0.482459,-0.538617
0.483536,-0.538152
0.484613,-0.537687
0.48569,-0.537222
0.486767,-0.536757
0.487844,-0.536293
0.48892,-0.535828
0.489997,-0.535363
0.491074,-0.534898
0.492151,-0.534433
0.493228,-0.533969
0.494304,-0.533504
0.495381,-0.533039
0.496458,-0.532574
0.497535,-0.532109
0.498612,-0.531645
0.499689,-0.53118
0.500765,-0.530715
0.501842,-0.53025
0.502919,-0.529786
0.503996,-0.529321
0.505073,-0.528856
0.50615,-0.528391
0.507226,-0.527926
0.508303,-0.527462
0.50938,-0.526997
0.510457,-0.526532
0.511534,-0.526067
0.512611,-0.525602
0.513687,-0.525138
0.514764,-0.524673
0.515841,-0.524208
0.516918,-0.523743
0.517995,-0.523278
0.519072,-0.522814
0.520148,-0.522349
0.521225,-0.521884
0.522302,-0.521419
0.523379,-0.520955
0.524456,-0.52049
0.525533,-0.520025
0.526609,-0.51956
0.527686,-0.519095
0.528763,-0.518631
0.52984,-0.518166
0.530917,-0.517701
0.531993,-0.517236
0.53307,-0.516771
0.534147,-0.516307
0.535224,-0.515842
0.536301,-0.515377
0.537378,-0.514912
0.538454,-0.514447
0.539531,-0.513983
0.540608,-0.513518
0.541685,-0.513053
0.542762,-0.512588
0.543839,-0.512124
0.544915,-0.511659
0.545992,-0.511194
0.547069,-0.510729
0.548146,-0.510264
0.549223,-0.5098
0.5503,-0.509335
0.551376,-0.50887
0.552453,-0.508405
0.55353,-0.50794
0.554607,-0.507476
0.555684,-0.507011
0.556761,-0.506546
0.557837,-0.506081
0.558914,-0.505616
