O
25
1,0,-1,0.78,-0.5,0.75,0.0,0.0,0.0,0.3,0.4,0.02,0,0.8,False
2,0,-1,1.1,-0.5,0.93,0.0,0.0,0.0,0.02,0.4,0.2,0,0.8,False
3,0,-1,0.78,-0.5,1.11,0.0,0.0,0.0,0.3,0.4,0.02,0,0.8,False
4,0,-1,0.8,-0.92,0.93,0.0,0.0,0.0,0.32,0.02,0.2,0,0.8,False
5,0,-1,0.8,-0.08,0.93,0.0,0.0,0.0,0.32,0.02,0.2,0,0.8,False
6,2,0,0.5850147339510127,-0.3629684205115735,0.8450000000000001,0.0,0.0,4.406035390592569,0.03,0.03,0.15,0.34391634079264155,1.069564824596764,False
7,0,0,0.7630063851372502,-0.8086955719589808,0.86,0.0,0.0,3.3864836790450212,0.03,0.03,0.09,0.25521624773793256,0.9090186339299036,False
8,0,0,0.8860969306081081,-0.4943693054662071,0.9197049363429286,0.0,0.0,6.173897588382662,0.07623324275830476,0.06462778457487943,0.14970493634292856,0.349629798092486,0.9225281107646122,False
9,0,0,0.8796569117242311,-0.7712868994488662,0.86,0.0,0.0,0.44411624020352203,0.035028980905873926,0.043324576521325854,0.09,0.32341537840767237,0.9522039608597129,False
10,0,0,0.6825349775636604,-0.1935321608718732,0.86,0.0,0.0,0.39182651673438157,0.059257835829010015,0.031569189382729144,0.09,0.13662385830472135,0.8636380337172885,False
11,0,1,0.8431393090534297,-0.2402617439049366,0.86,0.0,0.0,5.35216017446869,0.06035641967211509,0.03,0.09,0.07872638625165423,1.1620277783735224,True
12,2,1,0.6397315064477342,-0.6418661974455165,0.8450000000000001,0.0,0.0,3.328985991518095,0.03,0.03,0.15,0.4642111904833059,0.8822527971163391,True
13,2,1,0.5349003945008262,-0.25540485908626676,0.8450000000000001,0.0,0.0,1.3472140819587881,0.03,0.03,0.15,0.498545606725902,0.9518183323618931,True
14,2,1,1.0188910501887314,-0.6712208103117047,0.8514223561345755,0.0,0.0,2.855345441652426,0.03,0.03,0.16284471226915112,0.11611151566240863,0.8036887860361024,True
15,0,1,0.5658135111930405,-0.808389891740177,0.86,0.0,0.0,0.05635235882312782,0.07632913488341196,0.041442048934916605,0.09,0.2397411982822354,0.9919123879119967,True
16,2,1,0.6448714681809116,-0.5171626300139567,0.8450000000000001,0.0,0.0,2.523395071938095,0.05069706964165732,0.05069706964165732,0.15,0.040914491311225654,0.9833335344252978,True
17,0,1,0.9421045981087528,-0.362467555395773,0.8602643680814545,0.0,0.0,6.116956046305615,0.07030225876294446,0.03,0.0902643680814544,0.3957117720434223,0.9894743783689788,True
18,2,1,0.7357713789951121,-0.3790926398033365,0.8450000000000001,0.0,0.0,0.3513631618581374,0.03,0.03,0.15,0.4561596196350352,0.8916769340470588,True
19,2,1,0.534956533011611,-0.7087938378046458,0.849123587489652,0.0,0.0,4.71622268170566,0.03,0.03,0.158247174979304,0.21865892282110966,1.1739885366956793,True
20,0,1,0.7958644680804692,-0.6425839146528609,0.8611762738604569,0.0,0.0,3.1517929106812117,0.06718343487790561,0.03,0.09117627386045696,0.29451247152803367,1.032118743232326,True
21,2,1,0.996905077110338,-0.15360657299735225,0.8450000000000001,0.0,0.0,0.2492416148752815,0.03,0.03,0.15,0.2906335647100649,0.8996178137781358,True
22,2,1,0.5170735392067577,-0.5384814403038596,0.8450000000000001,0.0,0.0,4.673836009998988,0.03,0.03,0.15,0.27162748051833324,1.0118030102099542,True
23,2,1,1.0343922095633693,-0.5105562993056874,0.8450000000000001,0.0,0.0,4.905126554896497,0.03,0.03,0.15,0.3825051291605253,0.9178105642731899,True
24,2,1,0.9134259579252989,-0.6695111543524254,0.8450000000000001,0.0,0.0,1.5549467900801972,0.03,0.03,0.15,0.11281799220309774,1.0901545856047714,True
25,2,1,1.020075237710494,-0.7832338022475112,0.8450000000000001,0.0,0.0,1.3332824364921905,0.03,0.03,0.15,0.05620690469762457,1.1061557746947854,True
R
0.0,0.0,0.0,0.0,0.0,0.0,1.0
S
8
torso_lift_joint,0
r_shoulder_pan_joint,-1.69017
r_shoulder_lift_joint,-0.0788625
r_upper_arm_roll_joint,-1.69017
r_elbow_flex_joint,-1.2717
r_forearm_roll_joint,-0.151824
r_wrist_flex_joint,-1.25254
r_wrist_roll_joint,0.675062
G
0.522525,-0.404442,0.845,0.585944,-0,0
ooi
6
A
599
0.310248,-0.673113
0.310497,-0.672795
0.310745,-0.672477
0.310994,-0.672159
0.311242,-0.67184
0.31149,-0.671522
0.311739,-0.671204
0.311987,-0.670886
0.312236,-0.670568
0.312484,-0.67025
0.312733,-0.669931
0.312981,-0.669613
0.31323,-0.669295
0.313478,-0.668977
0.313727,-0.668659
0.313975,-0.668341
0.314223,-0.668023
0.314472,-0.667704
0.31472,-0.667386
0.314969,-0.667068
0.315217,-0.66675
0.315466,-0.666432
0.315714,-0.666114
0.315963,-0.665795
0.316211,-0.665477
0.31646,-0.665159
0.316708,-0.664841
0.316956,-0.664523
0.317205,-0.664205
0.317453,-0.663886
0.317702,-0.663568
0.31795,-0.66325
0.318199,-0.662932
0.318447,-0.662614
0.318696,-0.662296
0.318944,-0.661978
0.319193,-0.661659
0.319441,-0.661341
0.319689,-0.661023
0.319938,-0.660705
0.320186,-0.660387
0.320435,-0.660069
0.320683,-0.65975
0.320932,-0.659432
0.32118,-0.659114
0.321429,-0.658796
0.321677,-0.658478
0.321926,-0.65816
0.322174,-0.657841
0.322422,-0.657523
0.322671,-0.657205
0.322919,-0.656887
0.323168,-0.656569
0.323416,-0.656251
0.323665,-0.655932
0.323913,-0.655614
0.324162,-0.655296
0.32441,-0.654978
0.324659,-0.65466
0.324907,-0.654342
0.325155,-0.654024
0.325404,-0.653705
0.325652,-0.653387
0.325901,-0.653069
0.326149,-0.652751
0.326398,-0.652433
0.326646,-0.652115
0.326895,-0.651796
0.327143,-0.651478
0.327392,-0.65116
0.32764,-0.650842
0.327889,-0.650524
0.328137,-0.650206
0.328385,-0.649887
0.328634,-0.649569
0.328882,-0.649251
0.329131,-0.648933
0.329379,-0.648615
0.329628,-0.648297
0.329876,-0.647979
0.330125,-0.64766
0.330373,-0.647342
0.330622,-0.647024
0.33087,-0.646706
0.331118,-0.646388
0.331367,-0.64607
0.331615,-0.645751
0.331864,-0.645433
0.332112,-0.645115
0.332361,-0.644797
0.332609,-0.644479
0.332858,-0.644161
0.333106,-0.643842
0.333355,-0.643524
0.333603,-0.643206
0.333851,-0.642888
0.3341,-0.64257
0.334348,-0.642252
0.334597,-0.641933
0.334845,-0.641615
0.335094,-0.641297
0.335342,-0.640979
0.335591,-0.640661
0.335839,-0.640343
0.336088,-0.640025
0.336336,-0.639706
0.336584,-0.639388
0.336833,-0.63907
0.337081,-0.638752
0.33733,-0.638434
0.337578,-0.638116
0.337827,-0.637797
0.338075,-0.637479
0.338324,-0.637161
0.338572,-0.636843
0.338821,-0.636525
0.339069,-0.636207
0.339317,-0.635888
0.339566,-0.63557
0.339814,-0.635252
0.340063,-0.634934
0.340311,-0.634616
0.34056,-0.634298
0.340808,-0.63398
0.341057,-0.633661
0.341305,-0.633343
0.341554,-0.633025
0.341802,-0.632707
0.34205,-0.632389
0.342299,-0.632071
0.342547,-0.631752
0.342796,-0.631434
0.343044,-0.631116
0.343293,-0.630798
0.343541,-0.63048
0.34379,-0.630162
0.344038,-0.629843
0.344287,-0.629525
0.344535,-0.629207
0.344783,-0.628889
0.345032,-0.628571
0.34528,-0.628253
0.345529,-0.627934
0.345777,-0.627616
0.346026,-0.627298
0.346274,-0.62698
0.346523,-0.626662
0.346771,-0.626344
0.34702,-0.626026
0.347268,-0.625707
0.347516,-0.625389
0.347738,-0.625331
0.347959,-0.625273
0.34818,-0.625215
0.348401,-0.625156
0.348623,-0.625098
0.348844,-0.62504
0.349065,-0.624982
0.349286,-0.624923
0.349508,-0.624865
0.349729,-0.624807
0.34995,-0.624749
0.350171,-0.624691
0.350393,-0.624632
0.350614,-0.624574
0.350835,-0.624516
0.351057,-0.624458
0.351278,-0.6244
0.351499,-0.624341
0.35172,-0.624283
0.351942,-0.624225
0.352163,-0.624167
0.352384,-0.624108
0.352605,-0.62405
0.352827,-0.623992
0.353048,-0.623934
0.353269,-0.623876
0.35349,-0.623817
0.353712,-0.623759
0.353933,-0.623701
0.354154,-0.623643
0.354375,-0.623584
0.354597,-0.623526
0.354818,-0.623468
0.355039,-0.62341
0.35526,-0.623352
0.355482,-0.623293
0.355703,-0.623235
0.355924,-0.623177
0.356145,-0.623119
0.356367,-0.623061
0.356588,-0.623002
0.356809,-0.622944
0.35703,-0.622886
0.357252,-0.622828
0.357473,-0.622769
0.357694,-0.622711
0.357915,-0.622653
0.358137,-0.622595
0.358358,-0.622537
0.358579,-0.622478
0.3588,-0.62242
0.359022,-0.622362
0.359243,-0.622304
0.359464,-0.622245
0.359685,-0.622187
0.359907,-0.622129
0.360128,-0.622071
0.360349,-0.622013
0.36057,-0.621954
0.360792,-0.621896
0.361013,-0.621838
0.361234,-0.62178
0.361455,-0.621722
0.361677,-0.621663
0.361898,-0.621605
0.362119,-0.621547
0.36234,-0.621489
0.362562,-0.62143
0.362783,-0.621372
0.363004,-0.621314
0.363225,-0.621256
0.363447,-0.621198
0.363668,-0.621139
0.363889,-0.621081
0.36411,-0.621023
0.364332,-0.620965
0.364553,-0.620907
0.364774,-0.620848
0.364995,-0.62079
0.365217,-0.620732
0.365438,-0.620674
0.365659,-0.620615
0.36588,-0.620557
0.366102,-0.620499
0.366323,-0.620441
0.366544,-0.620383
0.366765,-0.620324
0.366987,-0.620266
0.367208,-0.620208
0.367429,-0.62015
0.36765,-0.620091
0.367872,-0.620033
0.368093,-0.619975
0.368314,-0.619917
0.368535,-0.619859
0.368757,-0.6198
0.368978,-0.619742
0.369199,-0.619684
0.36942,-0.619626
0.369642,-0.619568
0.369863,-0.619509
0.370084,-0.619451
0.370305,-0.619393
0.370527,-0.619335
0.370748,-0.619276
0.370969,-0.619218
0.37119,-0.61916
0.371412,-0.619102
0.371633,-0.619044
0.371854,-0.618985
0.372075,-0.618927
0.372297,-0.618869
0.372518,-0.618811
0.372739,-0.618752
0.37296,-0.618694
0.373182,-0.618636
0.373403,-0.618578
0.373624,-0.61852
0.373845,-0.618461
0.374067,-0.618403
0.374288,-0.618345
0.374509,-0.618287
0.37473,-0.618229
0.374952,-0.61817
0.375173,-0.618112
0.375394,-0.618054
0.375615,-0.617996
0.375837,-0.617937
0.376058,-0.617879
0.376279,-0.617821
0.3765,-0.617763
0.376722,-0.617705
0.376943,-0.617646
0.377164,-0.617588
0.377385,-0.61753
0.377607,-0.617472
0.377828,-0.617413
0.378049,-0.617355
0.37827,-0.617297
0.378492,-0.617239
0.378713,-0.617181
0.378934,-0.617122
0.379155,-0.617064
0.379377,-0.617006
0.379598,-0.616948
0.379819,-0.61689
0.38004,-0.616831
0.380262,-0.616773
0.380483,-0.616715
0.381551,-0.616493
0.382619,-0.616271
0.383688,-0.61605
0.384756,-0.615828
0.385824,-0.615606
0.386892,-0.615384
0.38796,-0.615163
0.389029,-0.614941
0.390097,-0.614719
0.391165,-0.614497
0.392233,-0.614275
0.393301,-0.614054
0.39437,-0.613832
0.395438,-0.61361
0.396506,-0.613388
0.397574,-0.613167
0.398642,-0.612945
0.399711,-0.612723
0.400779,-0.612501
0.401847,-0.61228
0.402915,-0.612058
0.403983,-0.611836
0.405052,-0.611614
0.40612,-0.611392
0.407188,-0.611171
0.408256,-0.610949
0.409324,-0.610727
0.410393,-0.610505
0.411461,-0.610284
0.412529,-0.610062
0.413597,-0.60984
0.414665,-0.609618
0.415734,-0.609397
0.416802,-0.609175
0.41787,-0.608953
0.418938,-0.608731
0.420006,-0.608509
0.421075,-0.608288
0.422143,-0.608066
0.423211,-0.607844
0.424279,-0.607622
0.425347,-0.607401
0.426416,-0.607179
0.427484,-0.606957
0.428552,-0.606735
0.42962,-0.606514
0.430688,-0.606292
0.431757,-0.60607
0.432825,-0.605848
0.433893,-0.605626
0.434961,-0.605405
0.436029,-0.605183
0.437098,-0.604961
0.438166,-0.604739
0.439234,-0.604518
0.440302,-0.604296
0.44137,-0.604074
0.442439,-0.603852
0.443507,-0.603631
0.444575,-0.603409
0.445643,-0.603187
0.446711,-0.602965
0.44778,-0.602744
0.448848,-0.602522
0.449916,-0.6023
0.450984,-0.602078
0.452052,-0.601856
0.453121,-0.601635
0.454189,-0.601413
0.455257,-0.601191
0.456325,-0.600969
0.457393,-0.600748
0.458462,-0.600526
0.45953,-0.600304
0.460598,-0.600082
0.461666,-0.599861
0.462734,-0.599639
0.463803,-0.599417
0.464871,-0.599195
0.465939,-0.598973
0.467007,-0.598752
0.468075,-0.59853
0.469144,-0.598308
0.470212,-0.598086
0.47128,-0.597865
0.472348,-0.597643
0.473416,-0.597421
0.474485,-0.597199
0.475553,-0.596978
0.476621,-0.596756
0.477689,-0.596534
0.478757,-0.596312
0.479826,-0.59609
0.480894,-0.595869
0.481962,-0.595647
0.48303,-0.595425
0.484098,-0.595203
0.485167,-0.594982
0.486235,-0.59476
0.487303,-0.594538
0.488371,-0.594316
0.489439,-0.594095
0.490508,-0.593873
0.491576,-0.593651
0.492644,-0.593429
0.493712,-0.593207
0.49478,-0.592986
0.495849,-0.592764
0.496917,-0.592542
0.497985,-0.59232
0.499053,-0.592099
0.500121,-0.591877
0.50119,-0.591655
0.502258,-0.591433
0.503326,-0.591212
0.504394,-0.59099
0.505462,-0.590768
0.506531,-0.590546
0.507599,-0.590325
0.508667,-0.590103
0.509735,-0.589881
0.510803,-0.589659
0.511872,-0.589437
0.51294,-0.589216
0.514008,-0.588994
0.515076,-0.588772
0.516144,-0.58855
0.517213,-0.588329
0.518281,-0.588107
0.519349,-0.587885
0.520417,-0.587663
0.521485,-0.587442
0.522554,-0.58722
0.523622,-0.586998
0.52469,-0.586776
0.525758,-0.586554
0.526826,-0.586333
0.527895,-0.586111
0.528963,-0.585889
0.530031,-0.585667
0.531099,-0.585446
0.532167,-0.585224
0.533236,-0.585002
0.534304,-0.58478
0.535372,-0.584559
0.53644,-0.584337
0.537508,-0.584115
0.538577,-0.583893
0.539645,-0.583671
0.540713,-0.58345
0.540591,-0.582248
0.540469,-0.581047
0.540347,-0.579846
0.540225,-0.578644
0.540103,-0.577443
0.539981,-0.576241
0.539859,-0.57504
0.539737,-0.573839
0.539615,-0.572637
0.539492,-0.571436
0.53937,-0.570234
0.539248,-0.569033
0.539126,-0.567832
0.539004,-0.56663
0.538882,-0.565429
0.53876,-0.564227
0.538638,-0.563026
0.538516,-0.561825
0.538394,-0.560623
0.538272,-0.559422
0.53815,-0.55822
0.538028,-0.557019
0.537906,-0.555818
0.537784,-0.554616
0.537661,-0.553415
0.537539,-0.552214
0.537417,-0.551012
0.537295,-0.549811
0.537173,-0.548609
0.537051,-0.547408
0.536929,-0.546207
0.536807,-0.545005
0.536685,-0.543804
0.536563,-0.542602
0.536441,-0.541401
0.536319,-0.5402
0.536197,-0.538998
0.536075,-0.537797
0.535953,-0.536595
0.535831,-0.535394
0.535708,-0.534193
0.535586,-0.532991
0.535464,-0.53179
0.535342,-0.530588
0.53522,-0.529387
0.535098,-0.528186
0.534976,-0.526984
0.534854,-0.525783
0.534732,-0.524582
0.53461,-0.52338
0.534488,-0.522179
0.534366,-0.520977
0.534244,-0.519776
0.534122,-0.518575
0.534,-0.517373
0.533877,-0.516172
0.533755,-0.51497
0.533633,-0.513769
0.533511,-0.512568
0.533389,-0.511366
0.533267,-0.510165
0.533145,-0.508963
0.533023,-0.507762
0.532901,-0.506561
0.532779,-0.505359
0.532657,-0.504158
0.532535,-0.502956
0.532413,-0.501755
0.532291,-0.500554
0.532169,-0.499352
0.532046,-0.498151
0.531924,-0.49695
0.531802,-0.495748
0.53168,-0.494547
0.531558,-0.493345
0.531436,-0.492144
0.531314,-0.490943
0.531192,-0.489741
0.53107,-0.48854
0.530948,-0.487338
0.530826,-0.486137
0.530704,-0.484936
0.530582,-0.483734
0.53046,-0.482533
0.530338,-0.481331
0.530216,-0.48013
0.530093,-0.478929
0.529971,-0.477727
0.529849,-0.476526
0.529727,-0.475324
0.529605,-0.474123
0.529483,-0.472922
0.529361,-0.47172
0.529239,-0.470519
0.529117,-0.469318
0.528995,-0.468116
0.528873,-0.466915
0.528751,-0.465713
0.528629,-0.464512
0.528507,-0.463311
0.528385,-0.462109
0.528262,-0.460908
0.52814,-0.459706
0.528018,-0.458505
0.527896,-0.457304
0.527774,-0.456102
0.527652,-0.454901
0.52753,-0.453699
0.527408,-0.452498
0.527286,-0.451297
0.527164,-0.450095
0.527042,-0.448894
0.52692,-0.447692
0.526798,-0.446491
0.526676,-0.44529
0.526554,-0.444088
0.526432,-0.442887
0.526309,-0.441686
0.526187,-0.440484
0.526065,-0.439283
0.525943,-0.438081
0.525821,-0.43688
0.525699,-0.435679
0.525577,-0.434477
0.525455,-0.433276
0.525333,-0.432074
0.525211,-0.430873
0.525089,-0.429672
0.524967,-0.42847
0.524845,-0.427269
0.524723,-0.426067
0.524601,-0.424866
0.524478,-0.423665
0.524356,-0.422463
0.524234,-0.421262
0.524112,-0.42006
0.52399,-0.418859
0.523868,-0.417658
0.523746,-0.416456
0.523624,-0.415255
0.523502,-0.414054
0.52338,-0.412852
0.523258,-0.411651
0.523136,-0.410449
0.523014,-0.409248
0.522892,-0.408047
0.52277,-0.406845
0.522648,-0.405644
0.522525,-0.404442
