O
25
1,0,-1,0.78,-0.5,0.75,0.0,0.0,0.0,0.3,0.4,0.02,0,0.8,False
2,0,-1,1.1,-0.5,0.93,0.0,0.0,0.0,0.02,0.4,0.2,0,0.8,False
3,0,-1,0.78,-0.5,1.11,0.0,0.0,0.0,0.3,0.4,0.02,0,0.8,False
4,0,-1,0.8,-0.92,0.93,0.0,0.0,0.0,0.32,0.02,0.2,0,0.8,False
5,0,-1,0.8,-0.08,0.93,0.0,0.0,0.0,0.32,0.02,0.2,0,0.8,False
6,2,0,0.8093458464459222,-0.6754329705704507,0.8516569795518424,0.0,0.0,2.6716893601421616,0.061101830040033285,0.061101830040033285,0.1633139591036846,0.13508787616959816,1.1975210895484798,False
7,0,0,0.6563909052233075,-0.3921445991818203,0.86,0.0,0.0,0.3591688719673863,0.04717542768682995,0.03,0.09,0.36021376473676814,1.018754242967291,False
8,2,0,0.8508684569862313,-0.2769694296162002,0.8450000000000001,0.0,0.0,3.9949112234702278,0.06896590098137045,0.06896590098137045,0.15,0.023862583882574673,0.9153162903328668,False
9,2,0,0.975026330115198,-0.7891250808713725,0.8450000000000001,0.0,0.0,4.604340916338103,0.03,0.03,0.15,0.23672228883060248,1.0316956739547751,False
10,2,0,0.630246536811125,-0.2991545179026571,0.8450000000000001,0.0,0.0,1.460685340952806,0.03,0.03,0.15,0.4941852232088764,0.9626919024943585,False
11,2,1,0.5199731227336445,-0.5184038202203045,0.8450000000000001,0.0,0.0,0.9191334163439581,0.03,0.03,0.15,0.0333868689758674,0.8892171280190092,True
12,2,1,0.520429708634742,-0.8459758096290299,0.8674420218915626,0.0,0.0,2.25663756567732,0.03,0.03,0.19488404378312524,0.10256654263807358,1.0934404708868373,True
13,0,1,0.7513854967563063,-0.8579427946853474,0.86,0.0,0.0,0.019471869931014286,0.07880223707375757,0.03,0.09,0.35131513799517805,0.9899886036128684,True
14,2,1,0.5362614143871928,-0.3461112366250364,0.8670652163703881,0.0,0.0,1.8361925939135066,0.039302404435535156,0.039302404435535156,0.19413043274077624,0.39401611562936767,0.9312746041311223,True
15,2,1,0.5569457388795498,-0.617857085578513,0.8450000000000001,0.0,0.0,1.815830128921305,0.03,0.03,0.15,0.3549931532413675,1.1975591065733484,True
16,2,1,0.7735379932242098,-0.46049510622361733,0.8450000000000001,0.0,0.0,1.5599708944831618,0.03,0.03,0.15,0.031249062249111947,0.8574305292053219,True
17,0,1,0.988065845709355,-0.5700773339647933,0.86,0.0,0.0,0.35104098909747655,0.031004547740870542,0.03,0.09,0.16769355202410513,0.9579974285656868,True
18,2,1,0.9428190036047664,-0.4850136991425953,0.8450000000000001,0.0,0.0,6.282068998006721,0.03,0.03,0.15,0.2771688718928301,0.8745284126114743,True
19,2,1,0.6640048818407129,-0.7391800057861723,0.8450000000000001,0.0,0.0,2.142745614491741,0.03,0.03,0.15,0.06729581236088994,1.0782382915658046,True
20,2,1,0.6739949007754076,-0.49367914170073485,0.8450000000000001,0.0,0.0,4.586691016842209,0.03,0.03,0.15,0.39854053597014516,0.9042506668246834,True
21,2,1,1.025497242195363,-0.16867740277900434,0.8450000000000001,0.0,0.0,2.2862911633491527,0.03,0.03,0.15,0.42252554619226884,1.1675429069046832,True
22,0,1,0.6677719858100635,-0.620581372495923,0.8985705105327334,0.0,0.0,1.0747790402992954,0.03,0.036358156804656865,0.1285705105327334,0.07255273235563309,0.9572324946766688,True
23,2,1,0.9949668052371375,-0.35237004189260523,0.8450000000000001,0.0,0.0,1.7731186458083383,0.03,0.03,0.15,0.35441447073866766,1.0214899795626466,True
24,2,1,0.9630763833121672,-0.6978393224016757,0.8450000000000001,0.0,0.0,4.06188217423739,0.03,0.03,0.15,0.23675460454354957,0.8062260749686447,True
25,0,1,0.5572379751948248,-0.7153037270755981,0.9188546633553762,0.0,0.0,0.3526177001317083,0.03,0.031061123599620457,0.1488546633553762,0.4763312784368979,0.9046847714844707,True
R
0.0,0.0,0.0,0.0,0.0,0.0,1.0
S
8
torso_lift_joint,0
r_shoulder_pan_joint,-1.69017
r_shoulder_lift_joint,-0.0788625
r_upper_arm_roll_joint,-1.69017
r_elbow_flex_joint,-1.2717
r_forearm_roll_joint,-0.151824
r_wrist_flex_joint,-1.25254
r_wrist_roll_joint,0.675062
G
0.570097,-0.424544,0.86,0.359169,-0,0
ooi
7
A
599
0.310248,-0.673113
0.311012,-0.672721
0.311776,-0.672329
0.31254,-0.671936
0.313304,-0.671544
0.314068,-0.671152
0.314832,-0.67076
0.315596,-0.670368
0.316359,-0.669975
0.317123,-0.669583
0.317887,-0.669191
0.318651,-0.668799
0.319415,-0.668407
0.320179,-0.668014
0.320943,-0.667622
0.321707,-0.66723
0.322471,-0.666838
0.323235,-0.666446
0.323998,-0.666053
0.324762,-0.665661
0.325526,-0.665269
0.32629,-0.664877
0.327054,-0.664485
0.327818,-0.664092
0.328582,-0.6637
0.329346,-0.663308
0.33011,-0.662916
0.330874,-0.662523
0.331638,-0.662131
0.332401,-0.661739
0.333165,-0.661347
0.333929,-0.660955
0.334693,-0.660562
0.335457,-0.66017
0.336221,-0.659778
0.336985,-0.659386
0.337749,-0.658994
0.338513,-0.658601
0.339277,-0.658209
0.34004,-0.657817
0.340804,-0.657425
0.341568,-0.657033
0.342332,-0.65664
0.343096,-0.656248
0.34386,-0.655856
0.344624,-0.655464
0.345388,-0.655072
0.346152,-0.654679
0.346916,-0.654287
0.34768,-0.653895
0.348443,-0.653503
0.349207,-0.653111
0.349971,-0.652718
0.350735,-0.652326
0.351499,-0.651934
0.352263,-0.651542
0.353027,-0.65115
0.353791,-0.650757
0.354555,-0.650365
0.355319,-0.649973
0.356082,-0.649581
0.356846,-0.649188
0.35761,-0.648796
0.358374,-0.648404
0.359138,-0.648012
0.359902,-0.64762
0.360666,-0.647227
0.36143,-0.646835
0.362194,-0.646443
0.362958,-0.646051
0.363722,-0.645659
0.364485,-0.645266
0.365249,-0.644874
0.366013,-0.644482
0.366777,-0.64409
0.367541,-0.643698
0.368305,-0.643305
0.369069,-0.642913
0.369833,-0.642521
0.370597,-0.642129
0.371361,-0.641737
0.372124,-0.641344
0.372888,-0.640952
0.373652,-0.64056
0.374416,-0.640168
0.37518,-0.639776
0.375944,-0.639383
0.376708,-0.638991
0.377472,-0.638599
0.378236,-0.638207
0.379,-0.637814
0.379764,-0.637422
0.380527,-0.63703
0.381291,-0.636638
0.382055,-0.636246
0.382819,-0.635853
0.383583,-0.635461
0.384347,-0.635069
0.385111,-0.634677
0.385875,-0.634285
0.386639,-0.633892
0.387403,-0.6335
0.388166,-0.633108
0.38893,-0.632716
0.389694,-0.632324
0.390458,-0.631931
0.391222,-0.631539
0.391986,-0.631147
0.39275,-0.630755
0.393514,-0.630363
0.394278,-0.62997
0.395042,-0.629578
0.395806,-0.629186
0.396569,-0.628794
0.397333,-0.628402
0.398097,-0.628009
0.398861,-0.627617
0.399625,-0.627225
0.400389,-0.626833
0.401153,-0.626441
0.401917,-0.626048
0.402681,-0.625656
0.403445,-0.625264
0.404208,-0.624872
0.404972,-0.624479
0.405736,-0.624087
0.4065,-0.623695
0.407264,-0.623303
0.408028,-0.622911
0.408792,-0.622518
0.409556,-0.622126
0.41032,-0.621734
0.411084,-0.621342
0.411847,-0.62095
0.412611,-0.620557
0.413375,-0.620165
0.414139,-0.619773
0.414903,-0.619381
0.415667,-0.618989
0.416431,-0.618596
0.417195,-0.618204
0.417959,-0.617812
0.418723,-0.61742
0.419487,-0.617028
0.42025,-0.616635
0.421014,-0.616243
0.421778,-0.615851
0.422542,-0.615459
0.423306,-0.615067
0.42407,-0.614674
0.424834,-0.614282
0.42624,-0.614773
0.427646,-0.615264
0.429051,-0.615755
0.430457,-0.616246
0.431863,-0.616738
0.433269,-0.617229
0.434675,-0.61772
0.436081,-0.618211
0.437487,-0.618702
0.438892,-0.619193
0.440298,-0.619684
0.441704,-0.620175
0.44311,-0.620666
0.444516,-0.621157
0.445922,-0.621648
0.447328,-0.622139
0.448734,-0.622631
0.450139,-0.623122
0.451545,-0.623613
0.452951,-0.624104
0.454357,-0.624595
0.455763,-0.625086
0.457169,-0.625577
0.458575,-0.626068
0.45998,-0.626559
0.461386,-0.62705
0.462792,-0.627541
0.464198,-0.628033
0.465604,-0.628524
0.46701,-0.629015
0.468416,-0.629506
0.469821,-0.629997
0.471227,-0.630488
0.472633,-0.630979
0.474039,-0.63147
0.475445,-0.631961
0.476851,-0.632452
0.478257,-0.632943
0.479662,-0.633434
0.481068,-0.633926
0.482474,-0.634417
0.48388,-0.634908
0.485286,-0.635399
0.486692,-0.63589
0.488098,-0.636381
0.489504,-0.636872
0.490909,-0.637363
0.492315,-0.637854
0.493721,-0.638345
0.495127,-0.638836
0.496533,-0.639328
0.497939,-0.639819
0.499345,-0.64031
0.50075,-0.640801
0.502156,-0.641292
0.503562,-0.641783
0.504968,-0.642274
0.506374,-0.642765
0.50778,-0.643256
0.509186,-0.643747
0.510591,-0.644238
0.511997,-0.644729
0.513403,-0.645221
0.514809,-0.645712
0.516215,-0.646203
0.517621,-0.646694
0.519027,-0.647185
0.520432,-0.647676
0.521838,-0.648167
0.523244,-0.648658
0.52465,-0.649149
0.526056,-0.64964
0.527462,-0.650131
0.528868,-0.650622
0.530273,-0.651114
0.531679,-0.651605
0.533085,-0.652096
0.534491,-0.652587
0.535897,-0.653078
0.537303,-0.653569
0.538709,-0.65406
0.540115,-0.654551
0.54152,-0.655042
0.542926,-0.655533
0.544332,-0.656024
0.545738,-0.656516
0.547144,-0.657007
0.54855,-0.657498
0.549956,-0.657989
0.551361,-0.65848
0.552767,-0.658971
0.554173,-0.659462
0.555579,-0.659953
0.556985,-0.660444
0.558391,-0.660935
0.559797,-0.661426
0.561202,-0.661917
0.562608,-0.662409
0.564014,-0.6629
0.56542,-0.663391
0.566826,-0.663882
0.568232,-0.664373
0.569638,-0.664864
0.571043,-0.665355
0.572449,-0.665846
0.573855,-0.666337
0.575261,-0.666828
0.576667,-0.667319
0.578073,-0.667811
0.579479,-0.668302
0.580884,-0.668793
0.58229,-0.669284
0.583696,-0.669775
0.585102,-0.670266
0.586508,-0.670757
0.587914,-0.671248
0.58932,-0.671739
0.590726,-0.67223
0.592131,-0.672721
0.593537,-0.673212
0.594943,-0.673704
0.596349,-0.674195
0.597755,-0.674686
0.599161,-0.675177
0.600567,-0.675668
0.601972,-0.676159
0.603378,-0.67665
0.604784,-0.677141
0.60619,-0.677632
0.607596,-0.678123
0.609002,-0.678614
0.610408,-0.679106
0.611813,-0.679597
0.613219,-0.680088
0.614625,-0.680579
0.616031,-0.68107
0.617437,-0.681561
0.618843,-0.682052
0.620249,-0.682543
0.621654,-0.683034
0.62306,-0.683525
0.624466,-0.684016
0.625872,-0.684507
0.627278,-0.684999
0.628684,-0.68549
0.63009,-0.685981
0.631495,-0.686472
0.632901,-0.686963
0.634307,-0.687454
0.633929,-0.685776
0.63355,-0.684098
0.633172,-0.68242
0.632793,-0.680742
0.632415,-0.679064
0.632037,-0.677386
0.631658,-0.675708
0.63128,-0.67403
0.630901,-0.672352
0.630523,-0.670674
0.630144,-0.668996
0.629766,-0.667318
0.629387,-0.66564
0.629009,-0.663962
0.62863,-0.662284
0.628252,-0.660606
0.627874,-0.658928
0.627495,-0.65725
0.627117,-0.655571
0.626738,-0.653893
0.62636,-0.652215
0.625981,-0.650537
0.625603,-0.648859
0.625224,-0.647181
0.624846,-0.645503
0.624468,-0.643825
0.624089,-0.642147
0.623711,-0.640469
0.623332,-0.638791
0.622954,-0.637113
0.622575,-0.635435
0.622197,-0.633757
0.621818,-0.632079
0.62144,-0.630401
0.621061,-0.628723
0.620683,-0.627045
0.620305,-0.625367
0.619926,-0.623689
0.619548,-0.622011
0.619169,-0.620333
0.618791,-0.618655
0.618412,-0.616977
0.618034,-0.615299
0.617655,-0.613621
0.617277,-0.611943
0.616899,-0.610265
0.61652,-0.608587
0.616142,-0.606909
0.615763,-0.605231
0.615385,-0.603553
0.615006,-0.601875
0.614628,-0.600197
0.614249,-0.598519
0.613871,-0.596841
0.613493,-0.595163
0.613114,-0.593485
0.612736,-0.591807
0.612357,-0.590129
0.611979,-0.58845
0.6116,-0.586772
0.611222,-0.585094
0.610843,-0.583416
0.610465,-0.581738
0.610086,-0.58006
0.609708,-0.578382
0.60933,-0.576704
0.608951,-0.575026
0.608573,-0.573348
0.608194,-0.57167
0.607816,-0.569992
0.607437,-0.568314
0.607059,-0.566636
0.60668,-0.564958
0.606302,-0.56328
0.605924,-0.561602
0.605545,-0.559924
0.605167,-0.558246
0.604788,-0.556568
0.60441,-0.55489
0.604031,-0.553212
0.603653,-0.551534
0.603274,-0.549856
0.602896,-0.548178
0.602517,-0.5465
0.602139,-0.544822
0.601761,-0.543144
0.601382,-0.541466
0.601004,-0.539788
0.600625,-0.53811
0.600247,-0.536432
0.599868,-0.534754
0.59949,-0.533076
0.599111,-0.531398
0.598733,-0.52972
0.598355,-0.528042
0.597976,-0.526364
0.597598,-0.524686
0.597219,-0.523008
0.596841,-0.52133
0.596462,-0.519651
0.596084,-0.517973
0.595705,-0.516295
0.595327,-0.514617
0.594948,-0.512939
0.59457,-0.511261
0.594192,-0.509583
0.593813,-0.507905
0.593435,-0.506227
0.593056,-0.504549
0.592678,-0.502871
0.592299,-0.501193
0.591921,-0.499515
0.591542,-0.497837
0.591164,-0.496159
0.590786,-0.494481
0.590407,-0.492803
0.590029,-0.491125
0.58965,-0.489447
0.589272,-0.487769
0.588893,-0.486091
0.588515,-0.484413
0.588136,-0.482735
0.587758,-0.481057
0.587379,-0.479379
0.587001,-0.477701
0.586623,-0.476023
0.586244,-0.474345
0.585866,-0.472667
0.585487,-0.470989
0.585109,-0.469311
0.58473,-0.467633
0.584352,-0.465955
0.583973,-0.464277
0.583595,-0.462599
0.583217,-0.460921
0.582838,-0.459243
0.58246,-0.457565
0.582081,-0.455887
0.581703,-0.454209
0.581324,-0.45253
0.580946,-0.450852
0.580567,-0.449174
0.580189,-0.447496
0.57981,-0.445818
0.579432,-0.44414
0.579054,-0.442462
0.578675,-0.440784
0.578297,-0.439106
0.577918,-0.437428
0.57754,-0.43575
0.57749,-0.435675
0.57744,-0.4356
0.57739,-0.435525
0.57734,-0.435449
0.57729,-0.435374
0.57724,-0.435299
0.57719,-0.435224
0.57714,-0.435149
0.57709,-0.435073
0.57704,-0.434998
0.57699,-0.434923
0.57694,-0.434848
0.57689,-0.434772
0.576841,-0.434697
0.576791,-0.434622
0.576741,-0.434547
0.576691,-0.434472
0.576641,-0.434396
0.576591,-0.434321
0.576541,-0.434246
0.576491,-0.434171
0.576441,-0.434096
0.576391,-0.43402
0.576341,-0.433945
0.576291,-0.43387
0.576241,-0.433795
0.576191,-0.43372
0.576141,-0.433644
0.576091,-0.433569
0.576041,-0.433494
0.575991,-0.433419
0.575941,-0.433344
0.575891,-0.433268
0.575842,-0.433193
0.575792,-0.433118
0.575742,-0.433043
0.575692,-0.432967
0.575642,-0.432892
0.575592,-0.432817
0.575542,-0.432742
0.575492,-0.432667
0.575442,-0.432591
0.575392,-0.432516
0.575342,-0.432441
0.575292,-0.432366
0.575242,-0.432291
0.575192,-0.432215
0.575142,-0.43214
0.575092,-0.432065
0.575042,-0.43199
0.574992,-0.431915
0.574942,-0.431839
0.574892,-0.431764
0.574843,-0.431689
0.574793,-0.431614
0.574743,-0.431538
0.574693,-0.431463
0.574643,-0.431388
0.574593,-0.431313
0.574543,-0.431238
0.574493,-0.431162
0.574443,-0.431087
0.574393,-0.431012
0.574343,-0.430937
0.574293,-0.430862
0.574243,-0.430786
0.574193,-0.430711
0.574143,-0.430636
0.574093,-0.430561
0.574043,-0.430486
0.573993,-0.43041
0.573943,-0.430335
0.573893,-0.43026
0.573844,-0.430185
0.573794,-0.430109
0.573744,-0.430034
0.573694,-0.429959
0.573644,-0.429884
0.573594,-0.429809
0.573544,-0.429733
0.573494,-0.429658
0.573444,-0.429583
0.573394,-0.429508
0.573344,-0.429433
0.573294,-0.429357
0.573244,-0.429282
0.573194,-0.429207
0.573144,-0.429132
0.573094,-0.429057
0.573044,-0.428981
0.572994,-0.428906
0.572944,-0.428831
0.572894,-0.428756
0.572845,-0.42868
0.572795,-0.428605
0.572745,-0.42853
0.572695,-0.428455
0.572645,-0.42838
0.572595,-0.428304
0.572545,-0.428229
0.572495,-0.428154
0.572445,-0.428079
0.572395,-0.428004
0.572345,-0.427928
0.572295,-0.427853
0.572245,-0.427778
0.572195,-0.427703
0.572145,-0.427628
0.572095,-0.427552
0.572045,-0.427477
0.571995,-0.427402
0.571945,-0.427327
0.571895,-0.427251
0.571846,-0.427176
0.571796,-0.427101
0.571746,-0.427026
0.571696,-0.426951
0.571646,-0.426875
0.571596,-0.4268
0.571546,-0.426725
0.571496,-0.42665
0.571446,-0.426575
0.571396,-0.426499
0.571346,-0.426424
0.571296,-0.426349
0.571246,-0.426274
0.571196,-0.426199
0.571146,-0.426123
0.571096,-0.426048
0.571046,-0.425973
0.570996,-0.425898
0.570946,-0.425822
0.570896,-0.425747
0.570847,-0.425672
0.570797,-0.425597
0.570747,-0.425522
0.570697,-0.425446
0.570647,-0.425371
0.570597,-0.425296
0.570547,-0.425221
0.570497,-0.425146
0.570447,-0.42507
0.570397,-0.424995
0.570347,-0.42492
0.570297,-0.424845
0.570247,-0.42477
0.570197,-0.424694
0.570147,-0.424619
0.570097,-0.424544
