O
25
1,0,-1,0.78,-0.5,0.75,0.0,0.0,0.0,0.3,0.4,0.02,0,0.8,False
2,0,-1,1.1,-0.5,0.93,0.0,0.0,0.0,0.02,0.4,0.2,0,0.8,False
3,0,-1,0.78,-0.5,1.11,0.0,0.0,0.0,0.3,0.4,0.02,0,0.8,False
4,0,-1,0.8,-0.92,0.93,0.0,0.0,0.0,0.32,0.02,0.2,0,0.8,False
5,0,-1,0.8,-0.08,0.93,0.0,0.0,0.0,0.32,0.02,0.2,0,0.8,False
6,0,0,0.6904419243240656,-0.34472767057969034,0.86,0.0,0.0,2.349474517972818,0.05111936887202971,0.0785984312022153,0.09,0.1823500616688205,1.1878985861652325,False
7,0,0,0.6539674228314631,-0.7499070074145608,0.8759641438128309,0.0,0.0,1.144074747057439,0.03,0.03484050337843661,0.10596414381283088,0.022797105707427545,1.061506033386599,False
8,0,0,0.7749152701967318,-0.6485381384855605,0.86,0.0,0.0,2.627050659954909,0.03401273972695468,0.032197951797247,0.09,0.4794257960206161,1.0579729437523029,False
9,0,0,0.9548294445068235,-0.48912918792901855,0.86,0.0,0.0,5.846170350873252,0.03,0.03,0.09,0.4550977253052674,1.1540793334675437,False
10,2,0,0.7903775421415717,-0.16194193017631675,0.8450000000000001,0.0,0.0,2.771550667253534,0.03,0.03,0.15,0.036630244104777776,0.8830608529985726,False
11,0,1,0.614972283134098,-0.17603948992033625,0.86,0.0,0.0,4.994000662992443,0.03,0.03,0.09,0.08016093736371843,0.8774373565292671,True
12,0,1,1.0033247053162822,-0.6770976513419584,0.86,0.0,0.0,4.005872331642573,0.03,0.03,0.09,0.41930281990860485,1.1392457951896868,True
13,2,1,0.9374536071864048,-0.8011831571553548,0.858340136898966,0.0,0.0,0.6689339832714555,0.04685225414648751,0.04685225414648751,0.17668027379793208,0.4917167123297167,0.8666321111946673,True
14,0,1,0.5248510868081065,-0.788174620091809,0.86,0.0,0.0,4.1093397600572334,0.03,0.03723658115689571,0.09,0.13955267272218386,0.9590934674979813,True
15,0,1,1.0171357921437587,-0.3147450377074954,0.8890068955455043,0.0,0.0,5.952295597609916,0.03543167671042303,0.050099603221626925,0.11900689554550421,0.4046610236639069,1.1485148227803665,True
16,2,1,0.5233114566666112,-0.3345475688070063,0.8450000000000001,0.0,0.0,4.213802527759808,0.0369679665406092,0.0369679665406092,0.15,0.268572442387779,0.8708077786886874,True
17,2,1,0.6365792203270979,-0.4976154729345261,0.8450000000000001,0.0,0.0,1.9779045787652598,0.03,0.03,0.15,0.3915260626822507,1.17107822657327,True
18,0,1,0.8581845726826483,-0.3502798263867217,0.86,0.0,0.0,2.985153937026188,0.04850743024172016,0.06378126838649323,0.09,0.3797233825947935,1.0939089041668006,True
19,0,1,0.5198128622804219,-0.491288644156811,0.86,0.0,0.0,1.6500734202521203,0.03,0.03,0.09,0.04301904627250508,1.0061190500663642,True
20,2,1,0.9962424544960438,-0.18753463625867073,0.8509129399328238,0.0,0.0,4.729595254591349,0.03,0.03,0.1618258798656477,0.30973402183745946,1.1359649739055628,True
21,0,1,0.5714201037462274,-0.6261710693583764,0.86,0.0,0.0,3.544159565204142,0.03,0.06225521021658592,0.09,0.16213221723236237,0.962789723174993,True
22,0,1,0.7791617104243715,-0.8208656300969115,0.8745185066037747,0.0,0.0,3.708699786169242,0.03474844441832666,0.03306235074077204,0.10451850660377471,0.3383648011314037,0.9011097249342201,True
23,2,1,0.5253077457522638,-0.15185202391139485,0.8450000000000001,0.0,0.0,2.722169207185655,0.03,0.03,0.15,0.47859417250998554,1.1156235685794305,True
24,2,1,0.7538750917920622,-0.5022102156322996,0.8450000000000001,0.0,0.0,2.7447892044785487,0.03,0.03,0.15,0.44987855811726385,0.8733962178049132,True
25,2,1,0.9022378510985722,-0.19900345373655481,0.8452835611259449,0.0,0.0,3.756177285046993,0.03,0.03,0.1505671222518897,0.06108163082749052,1.1276696234362475,True
R
0.0,0.0,0.0,0.0,0.0,0.0,1.0
S
8
torso_lift_joint,0
r_shoulder_pan_joint,-1.69017
r_shoulder_lift_joint,-0.0788625
r_upper_arm_roll_joint,-1.69017
r_elbow_flex_joint,-1.2717
r_forearm_roll_joint,-0.151824
r_wrist_flex_joint,-1.25254
r_wrist_roll_joint,0.675062
G
0.581286,-0.716862,0.875964,2.71487,-3.14159,3.14159
ooi
7
A
599
0.310248,-0.673113
0.309694,-0.673846
0.309139,-0.67458
0.308584,-0.675313
0.30803,-0.676046
0.307475,-0.676779
0.30692,-0.677512
0.306366,-0.678246
0.305811,-0.678979
0.305256,-0.679712
0.304702,-0.680445
0.304147,-0.681179
0.303592,-0.681912
0.303038,-0.682645
0.302483,-0.683378
0.301928,-0.684111
0.301374,-0.684845
0.300819,-0.685578
0.300265,-0.686311
0.29971,-0.687044
0.299155,-0.687778
0.298601,-0.688511
0.298046,-0.689244
0.297491,-0.689977
0.296937,-0.690711
0.296382,-0.691444
0.295827,-0.692177
0.295273,-0.69291
0.294718,-0.693643
0.294163,-0.694377
0.293609,-0.69511
0.293054,-0.695843
0.2925,-0.696576
0.291945,-0.69731
0.29139,-0.698043
0.290836,-0.698776
0.290281,-0.699509
0.289726,-0.700242
0.289172,-0.700976
0.288617,-0.701709
0.288062,-0.702442
0.287508,-0.703175
0.286953,-0.703909
0.286398,-0.704642
0.285844,-0.705375
0.285289,-0.706108
0.284734,-0.706841
0.28418,-0.707575
0.283625,-0.708308
0.283071,-0.709041
0.282516,-0.709774
0.281961,-0.710508
0.281407,-0.711241
0.280852,-0.711974
0.280297,-0.712707
0.279743,-0.713441
0.279188,-0.714174
0.278633,-0.714907
0.278079,-0.71564
0.277524,-0.716373
0.276969,-0.717107
0.276415,-0.71784
0.27586,-0.718573
0.275305,-0.719306
0.274751,-0.72004
0.274196,-0.720773
0.273642,-0.721506
0.273087,-0.722239
0.272532,-0.722972
0.271978,-0.723706
0.271423,-0.724439
0.270868,-0.725172
0.270314,-0.725905
0.269759,-0.726639
0.269204,-0.727372
0.26865,-0.728105
0.268095,-0.728838
0.26754,-0.729572
0.266986,-0.730305
0.266431,-0.731038
0.265876,-0.731771
0.265322,-0.732504
0.264767,-0.733238
0.264213,-0.733971
0.263658,-0.734704
0.263103,-0.735437
0.262549,-0.736171
0.261994,-0.736904
0.261439,-0.737637
0.260885,-0.73837
0.26033,-0.739103
0.259775,-0.739837
0.259221,-0.74057
0.258666,-0.741303
0.258111,-0.742036
0.257557,-0.74277
0.257002,-0.743503
0.256448,-0.744236
0.255893,-0.744969
0.255338,-0.745702
0.254784,-0.746436
0.254229,-0.747169
0.253674,-0.747902
0.25312,-0.748635
0.252565,-0.749369
0.25201,-0.750102
0.251456,-0.750835
0.250901,-0.751568
0.250346,-0.752302
0.249792,-0.753035
0.249237,-0.753768
0.248682,-0.754501
0.248128,-0.755234
0.247573,-0.755968
0.247019,-0.756701
0.246464,-0.757434
0.245909,-0.758167
0.245355,-0.758901
0.2448,-0.759634
0.244245,-0.760367
0.243691,-0.7611
0.243136,-0.761833
0.242581,-0.762567
0.242027,-0.7633
0.241472,-0.764033
0.240917,-0.764766
0.240363,-0.7655
0.239808,-0.766233
0.239253,-0.766966
0.238699,-0.767699
0.238144,-0.768433
0.23759,-0.769166
0.237035,-0.769899
0.23648,-0.770632
0.235926,-0.771365
0.235371,-0.772099
0.234816,-0.772832
0.234262,-0.773565
0.233707,-0.774298
0.233152,-0.775032
0.232598,-0.775765
0.232043,-0.776498
0.231488,-0.777231
0.230934,-0.777964
0.230379,-0.778698
0.229824,-0.779431
0.22927,-0.780164
0.228715,-0.780897
0.228161,-0.781631
0.227606,-0.782364
0.227051,-0.783097
0.228865,-0.78304
0.230679,-0.782983
0.232492,-0.782926
0.234306,-0.78287
0.23612,-0.782813
0.237934,-0.782756
0.239747,-0.782699
0.241561,-0.782642
0.243375,-0.782585
0.245188,-0.782528
0.247002,-0.782471
0.248816,-0.782415
0.25063,-0.782358
0.252443,-0.782301
0.254257,-0.782244
0.256071,-0.782187
0.257884,-0.78213
0.259698,-0.782073
0.261512,-0.782016
0.263326,-0.78196
0.265139,-0.781903
0.266953,-0.781846
0.268767,-0.781789
0.27058,-0.781732
0.272394,-0.781675
0.274208,-0.781618
0.276022,-0.781561
0.277835,-0.781505
0.279649,-0.781448
0.281463,-0.781391
0.283276,-0.781334
0.28509,-0.781277
0.286904,-0.78122
0.288718,-0.781163
0.290531,-0.781106
0.292345,-0.78105
0.294159,-0.780993
0.295972,-0.780936
0.297786,-0.780879
0.2996,-0.780822
0.301414,-0.780765
0.303227,-0.780708
0.305041,-0.780651
0.306855,-0.780595
0.308668,-0.780538
0.310482,-0.780481
0.312296,-0.780424
0.31411,-0.780367
0.315923,-0.78031
0.317737,-0.780253
0.319551,-0.780196
0.321364,-0.78014
0.323178,-0.780083
0.324992,-0.780026
0.326805,-0.779969
0.328619,-0.779912
0.330433,-0.779855
0.332247,-0.779798
0.33406,-0.779741
0.335874,-0.779685
0.337688,-0.779628
0.339501,-0.779571
0.341315,-0.779514
0.343129,-0.779457
0.344943,-0.7794
0.346756,-0.779343
0.34857,-0.779286
0.350384,-0.77923
0.352197,-0.779173
0.354011,-0.779116
0.355825,-0.779059
0.357639,-0.779002
0.359452,-0.778945
0.361266,-0.778888
0.36308,-0.778831
0.364893,-0.778775
0.366707,-0.778718
0.368521,-0.778661
0.370335,-0.778604
0.372148,-0.778547
0.373962,-0.77849
0.375776,-0.778433
0.377589,-0.778376
0.379403,-0.77832
0.381217,-0.778263
0.383031,-0.778206
0.384844,-0.778149
0.386658,-0.778092
0.388472,-0.778035
0.390285,-0.777978
0.392099,-0.777921
0.393913,-0.777865
0.395727,-0.777808
0.39754,-0.777751
0.399354,-0.777694
0.401168,-0.777637
0.402981,-0.77758
0.404795,-0.777523
0.406609,-0.777466
0.408423,-0.77741
0.410236,-0.777353
0.41205,-0.777296
0.413864,-0.777239
0.415677,-0.777182
0.417491,-0.777125
0.419305,-0.777068
0.421119,-0.777011
0.422932,-0.776955
0.424746,-0.776898
0.42656,-0.776841
0.428373,-0.776784
0.430187,-0.776727
0.432001,-0.77667
0.433815,-0.776613
0.435628,-0.776556
0.437442,-0.7765
0.439256,-0.776443
0.441069,-0.776386
0.442883,-0.776329
0.444697,-0.776272
0.446511,-0.776215
0.448324,-0.776158
0.450138,-0.776101
0.451952,-0.776045
0.453765,-0.775988
0.455579,-0.775931
0.457393,-0.775874
0.459207,-0.775817
0.46102,-0.77576
0.462834,-0.775703
0.464648,-0.775646
0.466461,-0.77559
0.468275,-0.775533
0.470089,-0.775476
0.471903,-0.775419
0.473716,-0.775362
0.47553,-0.775305
0.477344,-0.775248
0.479157,-0.775191
0.480971,-0.775135
0.482785,-0.775078
0.484599,-0.775021
0.486412,-0.774964
0.488226,-0.774907
0.49004,-0.77485
0.491853,-0.774793
0.493667,-0.774736
0.495481,-0.77468
0.497295,-0.774623
0.496271,-0.774772
0.495248,-0.774922
0.494224,-0.775071
0.493201,-0.775221
0.492177,-0.77537
0.491154,-0.77552
0.49013,-0.775669
0.489107,-0.775819
0.488083,-0.775968
0.48706,-0.776118
0.486036,-0.776268
0.485013,-0.776417
0.48399,-0.776567
0.482966,-0.776716
0.481943,-0.776866
0.480919,-0.777015
0.479896,-0.777165
0.478872,-0.777314
0.477849,-0.777464
0.476825,-0.777613
0.475802,-0.777763
0.474778,-0.777912
0.473755,-0.778062
0.472732,-0.778211
0.471708,-0.778361
0.470685,-0.77851
0.469661,-0.77866
0.468638,-0.778809
0.467614,-0.778959
0.466591,-0.779109
0.465567,-0.779258
0.464544,-0.779408
0.46352,-0.779557
0.462497,-0.779707
0.461473,-0.779856
0.46045,-0.780006
0.459427,-0.780155
0.458403,-0.780305
0.45738,-0.780454
0.456356,-0.780604
0.455333,-0.780753
0.454309,-0.780903
0.453286,-0.781052
0.452262,-0.781202
0.451239,-0.781351
0.450215,-0.781501
0.449192,-0.78165
0.448168,-0.7818
0.447145,-0.78195
0.446122,-0.782099
0.445098,-0.782249
0.444075,-0.782398
0.443051,-0.782548
0.442028,-0.782697
0.441004,-0.782847
0.439981,-0.782996
0.438957,-0.783146
0.437934,-0.783295
0.43691,-0.783445
0.435887,-0.783594
0.434863,-0.783744
0.43384,-0.783893
0.432817,-0.784043
0.431793,-0.784192
0.43077,-0.784342
0.429746,-0.784492
0.428723,-0.784641
0.427699,-0.784791
0.426676,-0.78494
0.425652,-0.78509
0.424629,-0.785239
0.423605,-0.785389
0.422582,-0.785538
0.421559,-0.785688
0.420535,-0.785837
0.419512,-0.785987
0.418488,-0.786136
0.417465,-0.786286
0.416441,-0.786435
0.415418,-0.786585
0.414394,-0.786734
0.413371,-0.786884
0.412347,-0.787033
0.411324,-0.787183
0.4103,-0.787333
0.409277,-0.787482
0.408254,-0.787632
0.40723,-0.787781
0.406207,-0.787931
0.405183,-0.78808
0.40416,-0.78823
0.403136,-0.788379
0.402113,-0.788529
0.401089,-0.788678
0.400066,-0.788828
0.399042,-0.788977
0.398019,-0.789127
0.396995,-0.789276
0.395972,-0.789426
0.394949,-0.789575
0.393925,-0.789725
0.392902,-0.789875
0.391878,-0.790024
0.390855,-0.790174
0.389831,-0.790323
0.388808,-0.790473
0.387784,-0.790622
0.386761,-0.790772
0.385737,-0.790921
0.384714,-0.791071
0.38369,-0.79122
0.382667,-0.79137
0.381644,-0.791519
0.38062,-0.791669
0.379597,-0.791818
0.378573,-0.791968
0.37755,-0.792117
0.376526,-0.792267
0.375503,-0.792416
0.374479,-0.792566
0.373456,-0.792716
0.372432,-0.792865
0.371409,-0.793015
0.370386,-0.793164
0.369362,-0.793314
0.368339,-0.793463
0.367315,-0.793613
0.366292,-0.793762
0.365268,-0.793912
0.364245,-0.794061
0.363221,-0.794211
0.362198,-0.79436
0.361174,-0.79451
0.360151,-0.794659
0.359127,-0.794809
0.358104,-0.794958
0.357081,-0.795108
0.356057,-0.795257
0.355034,-0.795407
0.35401,-0.795557
0.352987,-0.795706
0.351963,-0.795856
0.35094,-0.796005
0.349916,-0.796155
0.348893,-0.796304
0.347869,-0.796454
0.346846,-0.796603
0.345822,-0.796753
0.344799,-0.796902
0.343776,-0.797052
0.34537,-0.796514
0.346964,-0.795975
0.348558,-0.795437
0.350152,-0.794899
0.351746,-0.794361
0.35334,-0.793823
0.354934,-0.793285
0.356528,-0.792746
0.358122,-0.792208
0.359716,-0.79167
0.36131,-0.791132
0.362904,-0.790594
0.364498,-0.790055
0.366092,-0.789517
0.367686,-0.788979
0.36928,-0.788441
0.370874,-0.787903
0.372468,-0.787364
0.374062,-0.786826
0.375656,-0.786288
0.37725,-0.78575
0.378844,-0.785212
0.380438,-0.784674
0.382032,-0.784135
0.383626,-0.783597
0.38522,-0.783059
0.386814,-0.782521
0.388408,-0.781983
0.390002,-0.781444
0.391597,-0.780906
0.393191,-0.780368
0.394785,-0.77983
0.396379,-0.779292
0.397973,-0.778753
0.399567,-0.778215
0.401161,-0.777677
0.402755,-0.777139
0.404349,-0.776601
0.405943,-0.776063
0.407537,-0.775524
0.409131,-0.774986
0.410725,-0.774448
0.412319,-0.77391
0.413913,-0.773372
0.415507,-0.772833
0.417101,-0.772295
0.418695,-0.771757
0.420289,-0.771219
0.421883,-0.770681
0.423477,-0.770142
0.425071,-0.769604
0.426665,-0.769066
0.428259,-0.768528
0.429853,-0.76799
0.431447,-0.767452
0.433041,-0.766913
0.434635,-0.766375
0.436229,-0.765837
0.437823,-0.765299
0.439418,-0.764761
0.441012,-0.764222
0.442606,-0.763684
0.4442,-0.763146
0.445794,-0.762608
0.447388,-0.76207
0.448982,-0.761531
0.450576,-0.760993
0.45217,-0.760455
0.453764,-0.759917
0.455358,-0.759379
0.456952,-0.758841
0.458546,-0.758302
0.46014,-0.757764
0.461734,-0.757226
0.463328,-0.756688
0.464922,-0.75615
0.466516,-0.755611
0.46811,-0.755073
0.469704,-0.754535
0.471298,-0.753997
0.472892,-0.753459
0.474486,-0.75292
0.47608,-0.752382
0.477674,-0.751844
0.479268,-0.751306
0.480862,-0.750768
0.482456,-0.75023
0.48405,-0.749691
0.485644,-0.749153
0.487238,-0.748615
0.488833,-0.748077
0.490427,-0.747539
0.492021,-0.747
0.493615,-0.746462
0.495209,-0.745924
0.496803,-0.745386
0.498397,-0.744848
0.499991,-0.744309
0.501585,-0.743771
0.503179,-0.743233
0.504773,-0.742695
0.506367,-0.742157
0.507961,-0.741619
0.509555,-0.74108
0.511149,-0.740542
0.512743,-0.740004
0.514337,-0.739466
0.515931,-0.738928
0.517525,-0.738389
0.519119,-0.737851
0.520713,-0.737313
0.522307,-0.736775
0.523901,-0.736237
0.525495,-0.735698
0.527089,-0.73516
0.528683,-0.734622
0.530277,-0.734084
0.531871,-0.733546
0.533465,-0.733008
0.535059,-0.732469
0.536653,-0.731931
0.538248,-0.731393
0.539842,-0.730855
0.541436,-0.730317
0.54303,-0.729778
0.544624,-0.72924
0.546218,-0.728702
0.547812,-0.728164
0.549406,-0.727626
0.551,-0.727087
0.552594,-0.726549
0.554188,-0.726011
0.555782,-0.725473
0.557376,-0.724935
0.55897,-0.724397
0.560564,-0.723858
0.562158,-0.72332
0.563752,-0.722782
0.565346,-0.722244
0.56694,-0.721706
0.568534,-0.721167
0.570128,-0.720629
0.571722,-0.720091
0.573316,-0.719553
0.57491,-0.719015
0.576504,-0.718476
0.578098,-0.717938
0.579692,-0.7174
0.581286,-0.716862
