O
25
1,0,-1,0.78,-0.5,0.75,0.0,0.0,0.0,0.3,0.4,0.02,0,0.8,False
2,0,-1,1.1,-0.5,0.93,0.0,0.0,0.0,0.02,0.4,0.2,0,0.8,False
3,0,-1,0.78,-0.5,1.11,0.0,0.0,0.0,0.3,0.4,0.02,0,0.8,False
4,0,-1,0.8,-0.92,0.93,0.0,0.0,0.0,0.32,0.02,0.2,0,0.8,False
5,0,-1,0.8,-0.08,0.93,0.0,0.0,0.0,0.32,0.02,0.2,0,0.8,False
6,0,0,0.849987694036221,-0.5174962496571052,0.9187377684701659,0.0,0.0,2.27871911836003,0.03,0.06276892397265349,0.14873776847016584,0.13306702062849685,1.1998508192478599,False
7,2,0,0.615390034647587,-0.3345939674732953,0.8450000000000001,0.0,0.0,5.463885664597168,0.07081181708395405,0.07081181708395405,0.15,0.30058912476985405,1.1198160329382572,False
8,2,0,0.6576941321001462,-0.796515333291524,0.8450000000000001,0.0,0.0,3.7693692611424696,0.031020170274671525,0.031020170274671525,0.15,0.4901263124775333,0.924969784798696,False
9,2,0,0.8922954389087437,-0.17906347306581805,0.8450000000000001,0.0,0.0,5.005055664499593,0.05166366884888873,0.05166366884888873,0.15,0.4015269291267407,0.890108192090059,False
10,0,0,1.0286913149146886,-0.14292501628428733,0.86,0.0,0.0,4.66621117088833,0.03,0.03,0.09,0.06800769406665819,0.9155346722082981,False
11,2,1,1.0152085614203081,-0.4059590926339753,0.8450000000000001,0.0,0.0,3.1064940713283917,0.044346434114697554,0.044346434114697554,0.15,0.383140640341048,1.1882395567472208,True
12,2,1,0.7767301844259605,-0.7738780738539381,0.8450000000000001,0.0,0.0,3.1066655170894175,0.03,0.03,0.15,0.1048281985965357,0.8438764573435248,True
13,2,1,0.5351554829863662,-0.6479253680320217,0.8450000000000001,0.0,0.0,3.1975368510163658,0.04996755265406923,0.04996755265406923,0.15,0.18472888523453718,1.0937949833507907,True
14,2,1,0.8631537321581375,-0.6298764533135986,0.8450000000000001,0.0,0.0,4.654072349841732,0.03,0.03,0.15,0.09490493071240008,1.1827339087255466,True
15,2,1,0.8746056531507962,-0.7361866803550453,0.8450000000000001,0.0,0.0,6.053029513520201,0.04618100188335041,0.04618100188335041,0.15,0.24658659847921888,0.8120090485724801,True
16,2,1,0.7267629746973309,-0.5105154219182213,0.8450000000000001,0.0,0.0,2.9030218646834056,0.03,0.03,0.15,0.1710786406750303,0.9247740691432316,True
17,2,1,0.5463207794053971,-0.48459552613452517,0.8450000000000001,0.0,0.0,3.407924451806872,0.03,0.03,0.15,0.43888424018188915,1.1496307787787405,True
18,2,1,0.9851571890819895,-0.6935856532742832,0.8450000000000001,0.0,0.0,3.6680715734076177,0.03,0.03,0.15,0.45712951324084616,0.9344520195134798,True
19,0,1,0.8309332246465608,-0.30918555779040957,0.86,0.0,0.0,6.052763190860322,0.0406858885445479,0.03,0.09,0.13531374526920853,0.9358028607117819,True
20,2,1,0.7141040612488299,-0.616582186880412,0.8623892974897852,0.0,0.0,4.560182716812146,0.039208983205045504,0.039208983205045504,0.18477859497957036,0.19859361029612604,1.0859864162152781,True
21,2,1,0.9709216494792559,-0.3008936920324813,0.8577238232745968,0.0,0.0,0.1822423562406688,0.03,0.03,0.1754476465491938,0.25164298151711423,1.0468868158767068,True
22,2,1,1.0171456696594294,-0.5320680615098615,0.8450000000000001,0.0,0.0,0.0496858154892673,0.03,0.03,0.15,0.1473322701987832,0.9820368396916204,True
23,2,1,0.8581734245693,-0.40592820704807764,0.8450000000000001,0.0,0.0,1.6121042346093892,0.03,0.03,0.15,0.4955295840931768,1.020905130934901,True
24,2,1,0.7452538333736706,-0.17674547709267374,0.8450000000000001,0.0,0.0,0.06722510344556157,0.03,0.03,0.15,0.24791195954748607,1.1636579864955892,True
25,2,1,0.6125762587095351,-0.15423846631436122,0.8450000000000001,0.0,0.0,1.8566996989277167,0.03,0.03,0.15,0.23516654111365293,0.9993413187721862,True
R
0.0,0.0,0.0,0.0,0.0,0.0,1.0
S
8
torso_lift_joint,0
r_shoulder_pan_joint,-1.69017
r_shoulder_lift_joint,-0.0788625
r_upper_arm_roll_joint,-1.69017
r_elbow_flex_joint,-1.2717
r_forearm_roll_joint,-0.151824
r_wrist_flex_joint,-1.25254
r_wrist_roll_joint,0.675062
G
0.582763,-0.783696,0.845,2.97215,-3.14159,3.14159
ooi
8
A
599
0.310248,-0.673113
0.309662,-0.673358
0.309076,-0.673603
0.30849,-0.673848
0.307904,-0.674094
0.307318,-0.674339
0.306732,-0.674584
0.306146,-0.674829
0.30556,-0.675074
0.304974,-0.675319
0.304387,-0.675564
0.303801,-0.675809
0.303215,-0.676054
0.302629,-0.676299
0.302043,-0.676545
0.301457,-0.67679
0.300871,-0.677035
0.300285,-0.67728
0.299699,-0.677525
0.299113,-0.67777
0.298527,-0.678015
0.297941,-0.67826
0.297355,-0.678505
0.296768,-0.678751
0.296182,-0.678996
0.295596,-0.679241
0.29501,-0.679486
0.294424,-0.679731
0.293838,-0.679976
0.293252,-0.680221
0.292666,-0.680466
0.29208,-0.680711
0.291494,-0.680957
0.290908,-0.681202
0.290322,-0.681447
0.289736,-0.681692
0.28915,-0.681937
0.288563,-0.682182
0.287977,-0.682427
0.287391,-0.682672
0.286805,-0.682917
0.286219,-0.683163
0.285633,-0.683408
0.285047,-0.683653
0.284461,-0.683898
0.283875,-0.684143
0.283289,-0.684388
0.282703,-0.684633
0.282117,-0.684878
0.281531,-0.685123
0.280944,-0.685369
0.280358,-0.685614
0.279772,-0.685859
0.279186,-0.686104
0.2786,-0.686349
0.278014,-0.686594
0.277428,-0.686839
0.276842,-0.687084
0.276256,-0.687329
0.27567,-0.687574
0.275084,-0.68782
0.274498,-0.688065
0.273912,-0.68831
0.273326,-0.688555
0.272739,-0.6888
0.272153,-0.689045
0.271567,-0.68929
0.270981,-0.689535
0.270395,-0.68978
0.269809,-0.690026
0.269223,-0.690271
0.268637,-0.690516
0.268051,-0.690761
0.267465,-0.691006
0.266879,-0.691251
0.266293,-0.691496
0.265707,-0.691741
0.26512,-0.691986
0.264534,-0.692232
0.263948,-0.692477
0.263362,-0.692722
0.262776,-0.692967
0.26219,-0.693212
0.261604,-0.693457
0.261018,-0.693702
0.260432,-0.693947
0.259846,-0.694192
0.25926,-0.694438
0.258674,-0.694683
0.258088,-0.694928
0.257502,-0.695173
0.256915,-0.695418
0.256329,-0.695663
0.255743,-0.695908
0.255157,-0.696153
0.254571,-0.696398
0.253985,-0.696643
0.253399,-0.696889
0.252813,-0.697134
0.252227,-0.697379
0.251641,-0.697624
0.251055,-0.697869
0.250469,-0.698114
0.249883,-0.698359
0.249296,-0.698604
0.24871,-0.698849
0.248124,-0.699095
0.247538,-0.69934
0.246952,-0.699585
0.246366,-0.69983
0.24578,-0.700075
0.245194,-0.70032
0.244608,-0.700565
0.244022,-0.70081
0.243436,-0.701055
0.24285,-0.701301
0.242264,-0.701546
0.241677,-0.701791
0.241091,-0.702036
0.240505,-0.702281
0.239919,-0.702526
0.239333,-0.702771
0.238747,-0.703016
0.238161,-0.703261
0.237575,-0.703507
0.236989,-0.703752
0.236403,-0.703997
0.235817,-0.704242
0.235231,-0.704487
0.234645,-0.704732
0.234059,-0.704977
0.233472,-0.705222
0.232886,-0.705467
0.2323,-0.705713
0.231714,-0.705958
0.231128,-0.706203
0.230542,-0.706448
0.229956,-0.706693
0.22937,-0.706938
0.228784,-0.707183
0.228198,-0.707428
0.227612,-0.707673
0.227026,-0.707918
0.22644,-0.708164
0.225853,-0.708409
0.225267,-0.708654
0.224681,-0.708899
0.224095,-0.709144
0.223509,-0.709389
0.222923,-0.709634
0.222337,-0.709879
0.223167,-0.710351
0.223997,-0.710823
0.224828,-0.711295
0.225658,-0.711767
0.226488,-0.712239
0.227318,-0.712711
0.228148,-0.713183
0.228979,-0.713654
0.229809,-0.714126
0.230639,-0.714598
0.231469,-0.71507
0.232299,-0.715542
0.23313,-0.716014
0.23396,-0.716486
0.23479,-0.716958
0.23562,-0.717429
0.23645,-0.717901
0.23728,-0.718373
0.238111,-0.718845
0.238941,-0.719317
0.239771,-0.719789
0.240601,-0.720261
0.241431,-0.720733
0.242262,-0.721204
0.243092,-0.721676
0.243922,-0.722148
0.244752,-0.72262
0.245582,-0.723092
0.246413,-0.723564
0.247243,-0.724036
0.248073,-0.724508
0.248903,-0.724979
0.249733,-0.725451
0.250563,-0.725923
0.251394,-0.726395
0.252224,-0.726867
0.253054,-0.727339
0.253884,-0.727811
0.254714,-0.728283
0.255545,-0.728754
0.256375,-0.729226
0.257205,-0.729698
0.258035,-0.73017
0.258865,-0.730642
0.259696,-0.731114
0.260526,-0.731586
0.261356,-0.732058
0.262186,-0.732529
0.263016,-0.733001
0.263847,-0.733473
0.264677,-0.733945
0.265507,-0.734417
0.266337,-0.734889
0.267167,-0.735361
0.267997,-0.735833
0.268828,-0.736304
0.269658,-0.736776
0.270488,-0.737248
0.271318,-0.73772
0.272148,-0.738192
0.272979,-0.738664
0.273809,-0.739136
0.274639,-0.739608
0.275469,-0.74008
0.276299,-0.740551
0.27713,-0.741023
0.27796,-0.741495
0.27879,-0.741967
0.27962,-0.742439
0.28045,-0.742911
0.28128,-0.743383
0.282111,-0.743855
0.282941,-0.744326
0.283771,-0.744798
0.284601,-0.74527
0.285431,-0.745742
0.286262,-0.746214
0.287092,-0.746686
0.287922,-0.747158
0.288752,-0.74763
0.289582,-0.748101
0.290413,-0.748573
0.291243,-0.749045
0.292073,-0.749517
0.292903,-0.749989
0.293733,-0.750461
0.294563,-0.750933
0.295394,-0.751405
0.296224,-0.751876
0.297054,-0.752348
0.297884,-0.75282
0.298714,-0.753292
0.299545,-0.753764
0.300375,-0.754236
0.301205,-0.754708
0.302035,-0.75518
0.302865,-0.755651
0.303696,-0.756123
0.304526,-0.756595
0.305356,-0.757067
0.306186,-0.757539
0.307016,-0.758011
0.307847,-0.758483
0.308677,-0.758955
0.309507,-0.759426
0.310337,-0.759898
0.311167,-0.76037
0.311997,-0.760842
0.312828,-0.761314
0.313658,-0.761786
0.314488,-0.762258
0.315318,-0.76273
0.316148,-0.763202
0.316979,-0.763673
0.317809,-0.764145
0.318639,-0.764617
0.319469,-0.765089
0.320299,-0.765561
0.32113,-0.766033
0.32196,-0.766505
0.32279,-0.766977
0.32362,-0.767448
0.32445,-0.76792
0.32528,-0.768392
0.326111,-0.768864
0.326941,-0.769336
0.327771,-0.769808
0.328601,-0.77028
0.329431,-0.770752
0.330262,-0.771223
0.331092,-0.771695
0.331922,-0.772167
0.332752,-0.772639
0.333582,-0.773111
0.334413,-0.773583
0.335243,-0.774055
0.336073,-0.774527
0.336903,-0.774998
0.337733,-0.77547
0.338564,-0.775942
0.339394,-0.776414
0.340224,-0.776886
0.341054,-0.777358
0.341884,-0.77783
0.342714,-0.778302
0.343545,-0.778773
0.344375,-0.779245
0.345205,-0.779717
0.346035,-0.780189
0.346662,-0.779977
0.347289,-0.779764
0.347915,-0.779552
0.348542,-0.77934
0.349169,-0.779128
0.349795,-0.778915
0.350422,-0.778703
0.351049,-0.778491
0.351676,-0.778278
0.352302,-0.778066
0.352929,-0.777854
0.353556,-0.777641
0.354182,-0.777429
0.354809,-0.777217
0.355436,-0.777005
0.356063,-0.776792
0.356689,-0.77658
0.357316,-0.776368
0.357943,-0.776155
0.358569,-0.775943
0.359196,-0.775731
0.359823,-0.775518
0.360449,-0.775306
0.361076,-0.775094
0.361703,-0.774881
0.36233,-0.774669
0.362956,-0.774457
0.363583,-0.774245
0.36421,-0.774032
0.364836,-0.77382
0.365463,-0.773608
0.36609,-0.773395
0.366717,-0.773183
0.367343,-0.772971
0.36797,-0.772758
0.368597,-0.772546
0.369223,-0.772334
0.36985,-0.772121
0.370477,-0.771909
0.371103,-0.771697
0.37173,-0.771485
0.372357,-0.771272
0.372984,-0.77106
0.37361,-0.770848
0.374237,-0.770635
0.374864,-0.770423
0.37549,-0.770211
0.376117,-0.769998
0.376744,-0.769786
0.377371,-0.769574
0.377997,-0.769362
0.378624,-0.769149
0.379251,-0.768937
0.379877,-0.768725
0.380504,-0.768512
0.381131,-0.7683
0.381757,-0.768088
0.382384,-0.767875
0.383011,-0.767663
0.383638,-0.767451
0.384264,-0.767238
0.384891,-0.767026
0.385518,-0.766814
0.386144,-0.766602
0.386771,-0.766389
0.387398,-0.766177
0.388025,-0.765965
0.388651,-0.765752
0.389278,-0.76554
0.389905,-0.765328
0.390531,-0.765115
0.391158,-0.764903
0.391785,-0.764691
0.392411,-0.764479
0.393038,-0.764266
0.393665,-0.764054
0.394292,-0.763842
0.394918,-0.763629
0.395545,-0.763417
0.396172,-0.763205
0.396798,-0.762992
0.397425,-0.76278
0.398052,-0.762568
0.398679,-0.762355
0.399305,-0.762143
0.399932,-0.761931
0.400559,-0.761719
0.401185,-0.761506
0.401812,-0.761294
0.402439,-0.761082
0.403065,-0.760869
0.403692,-0.760657
0.404319,-0.760445
0.404946,-0.760232
0.405572,-0.76002
0.406199,-0.759808
0.406826,-0.759595
0.407452,-0.759383
0.408079,-0.759171
0.408706,-0.758959
0.409333,-0.758746
0.409959,-0.758534
0.410586,-0.758322
0.411213,-0.758109
0.411839,-0.757897
0.412466,-0.757685
0.413093,-0.757472
0.41372,-0.75726
0.414346,-0.757048
0.414973,-0.756836
0.4156,-0.756623
0.416226,-0.756411
0.416853,-0.756199
0.41748,-0.755986
0.418106,-0.755774
0.418733,-0.755562
0.41936,-0.755349
0.419987,-0.755137
0.420613,-0.754925
0.42124,-0.754712
0.421867,-0.7545
0.422493,-0.754288
0.42312,-0.754076
0.423747,-0.753863
0.424374,-0.753651
0.425,-0.753439
0.425627,-0.753226
0.426254,-0.753014
0.42688,-0.752802
0.427507,-0.752589
0.428134,-0.752377
0.42876,-0.752165
0.429387,-0.751952
0.430014,-0.75174
0.430641,-0.751528
0.431267,-0.751316
0.431894,-0.751103
0.432521,-0.750891
0.433147,-0.750679
0.433774,-0.750466
0.434401,-0.750254
0.435028,-0.750042
0.435654,-0.749829
0.436281,-0.749617
0.436908,-0.749405
0.437534,-0.749193
0.438161,-0.74898
0.438788,-0.748768
0.439414,-0.748556
0.440041,-0.748343
0.440999,-0.748581
0.441957,-0.748818
0.442915,-0.749055
0.443873,-0.749292
0.44483,-0.74953
0.445788,-0.749767
0.446746,-0.750004
0.447704,-0.750241
0.448662,-0.750479
0.44962,-0.750716
0.450578,-0.750953
0.451536,-0.75119
0.452493,-0.751428
0.453451,-0.751665
0.454409,-0.751902
0.455367,-0.75214
0.456325,-0.752377
0.457283,-0.752614
0.458241,-0.752851
0.459198,-0.753089
0.460156,-0.753326
0.461114,-0.753563
0.462072,-0.7538
0.46303,-0.754038
0.463988,-0.754275
0.464946,-0.754512
0.465903,-0.754749
0.466861,-0.754987
0.467819,-0.755224
0.468777,-0.755461
0.469735,-0.755699
0.470693,-0.755936
0.471651,-0.756173
0.472608,-0.75641
0.473566,-0.756648
0.474524,-0.756885
0.475482,-0.757122
0.47644,-0.757359
0.477398,-0.757597
0.478356,-0.757834
0.479314,-0.758071
0.480271,-0.758308
0.481229,-0.758546
0.482187,-0.758783
0.483145,-0.75902
0.484103,-0.759258
0.485061,-0.759495
0.486019,-0.759732
0.486976,-0.759969
0.487934,-0.760207
0.488892,-0.760444
0.48985,-0.760681
0.490808,-0.760918
0.491766,-0.761156
0.492724,-0.761393
0.493681,-0.76163
0.494639,-0.761867
0.495597,-0.762105
0.496555,-0.762342
0.497513,-0.762579
0.498471,-0.762816
0.499429,-0.763054
0.500386,-0.763291
0.501344,-0.763528
0.502302,-0.763766
0.50326,-0.764003
0.504218,-0.76424
0.505176,-0.764477
0.506134,-0.764715
0.507092,-0.764952
0.508049,-0.765189
0.509007,-0.765426
0.509965,-0.765664
0.510923,-0.765901
0.511881,-0.766138
0.512839,-0.766375
0.513797,-0.766613
0.514754,-0.76685
0.515712,-0.767087
0.51667,-0.767325
0.517628,-0.767562
0.518586,-0.767799
0.519544,-0.768036
0.520502,-0.768274
0.521459,-0.768511
0.522417,-0.768748
0.523375,-0.768985
0.524333,-0.769223
0.525291,-0.76946
0.526249,-0.769697
0.527207,-0.769934
0.528164,-0.770172
0.529122,-0.770409
0.53008,-0.770646
0.531038,-0.770884
0.531996,-0.771121
0.532954,-0.771358
0.533912,-0.771595
0.53487,-0.771833
0.535827,-0.77207
0.536785,-0.772307
0.537743,-0.772544
0.538701,-0.772782
0.539659,-0.773019
0.540617,-0.773256
0.541575,-0.773493
0.542532,-0.773731
0.54349,-0.773968
0.544448,-0.774205
0.545406,-0.774443
0.546364,-0.77468
0.547322,-0.774917
0.54828,-0.775154
0.549237,-0.775392
0.550195,-0.775629
0.551153,-0.775866
0.552111,-0.776103
0.553069,-0.776341
0.554027,-0.776578
0.554985,-0.776815
0.555943,-0.777052
0.5569,-0.77729
0.557858,-0.777527
0.558816,-0.777764
0.559774,-0.778001
0.560732,-0.778239
0.56169,-0.778476
0.562648,-0.778713
0.563605,-0.778951
0.564563,-0.779188
0.565521,-0.779425
0.566479,-0.779662
0.567437,-0.7799
0.568395,-0.780137
0.569353,-0.780374
0.57031,-0.780611
0.571268,-0.780849
0.572226,-0.781086
0.573184,-0.781323
0.574142,-0.78156
0.5751,-0.781798
0.576058,-0.782035
0.577015,-0.782272
0.577973,-0.78251
0.578931,-0.782747
0.579889,-0.782984
0.580847,-0.783221
0.581805,-0.783459
0.582763,-0.783696
