O
25
1,0,-1,0.78,-0.5,0.75,0.0,0.0,0.0,0.3,0.4,0.02,0,0.8,False
2,0,-1,1.1,-0.5,0.93,0.0,0.0,0.0,0.02,0.4,0.2,0,0.8,False
3,0,-1,0.78,-0.5,1.11,0.0,0.0,0.0,0.3,0.4,0.02,0,0.8,False
4,0,-1,0.8,-0.92,0.93,0.0,0.0,0.0,0.32,0.02,0.2,0,0.8,False
5,0,-1,0.8,-0.08,0.93,0.0,0.0,0.0,0.32,0.02,0.2,0,0.8,False
6,0,0,0.6865217292470192,-0.355285193909161,0.86,0.0,0.0,3.2079303928069542,0.042648012064869255,0.05327261129200862,0.09,0.22950148010469812,1.015082947494661,False
7,2,0,1.0125863148876713,-0.6990307590610101,0.8450000000000001,0.0,0.0,3.32088076632381,0.03,0.03,0.15,0.48966266152022997,1.1516197640457158,False
8,2,0,0.7032922378503509,-0.5535482781458607,0.862113439129113,0.0,0.0,2.5855268174204586,0.032321212585523174,0.032321212585523174,0.18422687825822595,0.20636774994296242,0.9323795999630212,False
9,2,0,0.8230254211911512,-0.29555375816648477,0.8450000000000001,0.0,0.0,5.4875077127175995,0.046131828245809116,0.046131828245809116,0.15,0.11366710258245771,1.022114817119047,False
10,2,0,1.003978229676317,-0.1751949151513491,0.8450000000000001,0.0,0.0,0.014459729004747924,0.03,0.03,0.15,0.2988173004551188,0.8801043374741471,False
11,2,1,0.5890920153663897,-0.5674991090098931,0.8503424607691377,0.0,0.0,5.008520132684428,0.04414474963693508,0.04414474963693508,0.1606849215382754,0.10049884822344618,0.8350750308240442,True
12,2,1,0.8414213957810073,-0.46545710576516014,0.8635253385397972,0.0,0.0,4.395616869742172,0.06619508344131074,0.06619508344131074,0.1870506770795943,0.20302744490785252,0.9942450854816646,True
13,2,1,0.6605602465201934,-0.22872221750890154,0.8450000000000001,0.0,0.0,4.704371014102735,0.0357240141928128,0.0357240141928128,0.15,0.2238384742400874,0.8598909524779806,True
14,2,1,0.7061035301411606,-0.7977469220793934,0.8450000000000001,0.0,0.0,6.0034042046633616,0.03,0.03,0.15,0.3938820863286768,0.8796930698102003,True
15,2,1,0.9997297515876817,-0.2731212406889939,0.8457921567126692,0.0,0.0,1.8865370592239012,0.03,0.03,0.15158431342533843,0.45916542434419877,1.0604944325871644,True
16,2,1,1.0096811493963584,-0.38032182409844145,0.8643485905006221,0.0,0.0,1.342771745653716,0.04152627716561559,0.04152627716561559,0.18869718100124397,0.37888310293211686,1.1105544214013514,True
17,0,1,0.8711063849900348,-0.8079313700040691,0.86,0.0,0.0,4.138302090075003,0.05418669514734657,0.05788469952015921,0.09,0.13325724884467605,1.0593057049721164,True
18,0,1,0.5697381876566968,-0.17772570651097475,0.86,0.0,0.0,2.6341949174273402,0.03,0.03489392870356235,0.09,0.07935380865286207,0.9743492602459668,True
19,0,1,0.5883398510358454,-0.4046333555558138,0.8958901209126975,0.0,0.0,0.044509600999284776,0.03,0.03,0.12589012091269752,0.14952418485954255,0.8761383041417888,True
20,0,1,0.9048312488117747,-0.6526136308231542,0.86,0.0,0.0,1.6677752469046656,0.05693018426716028,0.05581363194550496,0.09,0.3732682485931267,1.1429356653462863,True
21,0,1,0.5359256642057998,-0.30820806280056223,0.86,0.0,0.0,0.9139199911203112,0.03,0.03,0.09,0.06477699898250328,1.0945964713533023,True
22,2,1,0.5826607730993227,-0.714834590767304,0.8450000000000001,0.0,0.0,5.8811809653796345,0.04142525581080706,0.04142525581080706,0.15,0.20922859044203945,1.0473517398574104,True
23,2,1,1.0013176660355017,-0.5090022485220295,0.8450000000000001,0.0,0.0,5.899376849020913,0.03,0.03,0.15,0.07815550990221626,0.8892913913847232,True
24,0,1,0.7805986484798211,-0.18136809378496432,0.8757648275652777,0.0,0.0,1.5842111660061358,0.03,0.04939966302750365,0.10576482756527775,0.020993582215777684,1.0516552800407104,True
25,2,1,0.7004120181765265,-0.6708958502308198,0.8450000000000001,0.0,0.0,3.463447502743301,0.03178654863259487,0.03178654863259487,0.15,0.2796803360596827,1.0580374187501755,True
R
0.0,0.0,0.0,0.0,0.0,0.0,1.0
S
8
torso_lift_joint,0
r_shoulder_pan_joint,-1.69017
r_shoulder_lift_joint,-0.0788625
r_upper_arm_roll_joint,-1.69017
r_elbow_flex_joint,-1.2717
r_forearm_roll_joint,-0.151824
r_wrist_flex_joint,-1.25254
r_wrist_roll_joint,0.675062
G
0.630528,-0.527397,0.862113,2.79657,-3.14159,3.14159
ooi
8
A
599
0.310248,-0.673113
0.31101,-0.672742
0.311772,-0.672371
0.312534,-0.672
0.313297,-0.671629
0.314059,-0.671257
0.314821,-0.670886
0.315583,-0.670515
0.316345,-0.670144
0.317107,-0.669773
0.317869,-0.669402
0.318631,-0.669031
0.319393,-0.66866
0.320155,-0.668288
0.320917,-0.667917
0.321679,-0.667546
0.322442,-0.667175
0.323204,-0.666804
0.323966,-0.666433
0.324728,-0.666062
0.32549,-0.665691
0.326252,-0.665319
0.327014,-0.664948
0.327776,-0.664577
0.328538,-0.664206
0.3293,-0.663835
0.330062,-0.663464
0.330824,-0.663093
0.331587,-0.662722
0.332349,-0.66235
0.333111,-0.661979
0.333873,-0.661608
0.334635,-0.661237
0.335397,-0.660866
0.336159,-0.660495
0.336921,-0.660124
0.337683,-0.659753
0.338445,-0.659381
0.339207,-0.65901
0.33997,-0.658639
0.340732,-0.658268
0.341494,-0.657897
0.342256,-0.657526
0.343018,-0.657155
0.34378,-0.656784
0.344542,-0.656412
0.345304,-0.656041
0.346066,-0.65567
0.346828,-0.655299
0.34759,-0.654928
0.348352,-0.654557
0.349115,-0.654186
0.349877,-0.653815
0.350639,-0.653444
0.351401,-0.653072
0.352163,-0.652701
0.352925,-0.65233
0.353687,-0.651959
0.354449,-0.651588
0.355211,-0.651217
0.355973,-0.650846
0.356735,-0.650475
0.357497,-0.650103
0.35826,-0.649732
0.359022,-0.649361
0.359784,-0.64899
0.360546,-0.648619
0.361308,-0.648248
0.36207,-0.647877
0.362832,-0.647506
0.363594,-0.647134
0.364356,-0.646763
0.365118,-0.646392
0.36588,-0.646021
0.366643,-0.64565
0.367405,-0.645279
0.368167,-0.644908
0.368929,-0.644537
0.369691,-0.644165
0.370453,-0.643794
0.371215,-0.643423
0.371977,-0.643052
0.372739,-0.642681
0.373501,-0.64231
0.374263,-0.641939
0.375025,-0.641568
0.375788,-0.641196
0.37655,-0.640825
0.377312,-0.640454
0.378074,-0.640083
0.378836,-0.639712
0.379598,-0.639341
0.38036,-0.63897
0.381122,-0.638599
0.381884,-0.638227
0.382646,-0.637856
0.383408,-0.637485
0.38417,-0.637114
0.384933,-0.636743
0.385695,-0.636372
0.386457,-0.636001
0.387219,-0.63563
0.387981,-0.635258
0.388743,-0.634887
0.389505,-0.634516
0.390267,-0.634145
0.391029,-0.633774
0.391791,-0.633403
0.392553,-0.633032
0.393316,-0.632661
0.394078,-0.632289
0.39484,-0.631918
0.395602,-0.631547
0.396364,-0.631176
0.397126,-0.630805
0.397888,-0.630434
0.39865,-0.630063
0.399412,-0.629692
0.400174,-0.62932
0.400936,-0.628949
0.401698,-0.628578
0.402461,-0.628207
0.403223,-0.627836
0.403985,-0.627465
0.404747,-0.627094
0.405509,-0.626723
0.406271,-0.626351
0.407033,-0.62598
0.407795,-0.625609
0.408557,-0.625238
0.409319,-0.624867
0.410081,-0.624496
0.410843,-0.624125
0.411606,-0.623754
0.412368,-0.623382
0.41313,-0.623011
0.413892,-0.62264
0.414654,-0.622269
0.415416,-0.621898
0.416178,-0.621527
0.41694,-0.621156
0.417702,-0.620785
0.418464,-0.620413
0.419226,-0.620042
0.419989,-0.619671
0.420751,-0.6193
0.421513,-0.618929
0.422275,-0.618558
0.423037,-0.618187
0.423799,-0.617816
0.424561,-0.617444
0.426032,-0.617234
0.427502,-0.617024
0.428973,-0.616813
0.430444,-0.616603
0.431915,-0.616393
0.433385,-0.616182
0.434856,-0.615972
0.436327,-0.615761
0.437797,-0.615551
0.439268,-0.615341
0.440739,-0.61513
0.442209,-0.61492
0.44368,-0.614709
0.445151,-0.614499
0.446622,-0.614289
0.448092,-0.614078
0.449563,-0.613868
0.451034,-0.613657
0.452504,-0.613447
0.453975,-0.613237
0.455446,-0.613026
0.456917,-0.612816
0.458387,-0.612605
0.459858,-0.612395
0.461329,-0.612185
0.462799,-0.611974
0.46427,-0.611764
0.465741,-0.611553
0.467211,-0.611343
0.468682,-0.611133
0.470153,-0.610922
0.471624,-0.610712
0.473094,-0.610502
0.474565,-0.610291
0.476036,-0.610081
0.477506,-0.60987
0.478977,-0.60966
0.480448,-0.60945
0.481918,-0.609239
0.483389,-0.609029
0.48486,-0.608818
0.486331,-0.608608
0.487801,-0.608398
0.489272,-0.608187
0.490743,-0.607977
0.492213,-0.607766
0.493684,-0.607556
0.495155,-0.607346
0.496626,-0.607135
0.498096,-0.606925
0.499567,-0.606714
0.501038,-0.606504
0.502508,-0.606294
0.503979,-0.606083
0.50545,-0.605873
0.50692,-0.605662
0.508391,-0.605452
0.509862,-0.605242
0.511333,-0.605031
0.512803,-0.604821
0.514274,-0.604611
0.515745,-0.6044
0.517215,-0.60419
0.518686,-0.603979
0.520157,-0.603769
0.521627,-0.603559
0.523098,-0.603348
0.524569,-0.603138
0.52604,-0.602927
0.52751,-0.602717
0.528981,-0.602507
0.530452,-0.602296
0.531922,-0.602086
0.533393,-0.601875
0.534864,-0.601665
0.536335,-0.601455
0.537805,-0.601244
0.539276,-0.601034
0.540747,-0.600823
0.542217,-0.600613
0.543688,-0.600403
0.545159,-0.600192
0.546629,-0.599982
0.5481,-0.599771
0.549571,-0.599561
0.551042,-0.599351
0.552512,-0.59914
0.553983,-0.59893
0.555454,-0.598719
0.556924,-0.598509
0.558395,-0.598299
0.559866,-0.598088
0.561336,-0.597878
0.562807,-0.597668
0.564278,-0.597457
0.565749,-0.597247
0.567219,-0.597036
0.56869,-0.596826
0.570161,-0.596616
0.571631,-0.596405
0.573102,-0.596195
0.574573,-0.595984
0.576044,-0.595774
0.577514,-0.595564
0.578985,-0.595353
0.580456,-0.595143
0.581926,-0.594932
0.583397,-0.594722
0.584868,-0.594512
0.586338,-0.594301
0.587809,-0.594091
0.58928,-0.59388
0.590751,-0.59367
0.592221,-0.59346
0.593692,-0.593249
0.595163,-0.593039
0.596633,-0.592828
0.598104,-0.592618
0.599575,-0.592408
0.601045,-0.592197
0.602516,-0.591987
0.603987,-0.591777
0.605458,-0.591566
0.606928,-0.591356
0.608399,-0.591145
0.60987,-0.590935
0.61134,-0.590725
0.612811,-0.590514
0.614282,-0.590304
0.615753,-0.590093
0.617223,-0.589883
0.618694,-0.589673
0.620165,-0.589462
0.621635,-0.589252
0.623106,-0.589041
0.624577,-0.588831
0.626047,-0.588621
0.627518,-0.58841
0.628989,-0.5882
0.63046,-0.587989
0.63193,-0.587779
0.633401,-0.587569
0.634872,-0.587358
0.636342,-0.587148
0.637813,-0.586937
0.639284,-0.586727
0.640754,-0.586517
0.642225,-0.586306
0.643696,-0.586096
0.643418,-0.585165
0.64314,-0.584234
0.642863,-0.583303
0.642585,-0.582373
0.642307,-0.581442
0.642029,-0.580511
0.641751,-0.57958
0.641474,-0.578649
0.641196,-0.577719
0.640918,-0.576788
0.64064,-0.575857
0.640362,-0.574926
0.640085,-0.573995
0.639807,-0.573065
0.639529,-0.572134
0.639251,-0.571203
0.638973,-0.570272
0.638696,-0.569341
0.638418,-0.568411
0.63814,-0.56748
0.637862,-0.566549
0.637585,-0.565618
0.637307,-0.564687
0.637029,-0.563757
0.636751,-0.562826
0.636473,-0.561895
0.636196,-0.560964
0.635918,-0.560033
0.63564,-0.559103
0.635362,-0.558172
0.635084,-0.557241
0.634807,-0.55631
0.634529,-0.555379
0.634251,-0.554448
0.633973,-0.553518
0.633695,-0.552587
0.633418,-0.551656
0.63314,-0.550725
0.632862,-0.549794
0.632584,-0.548864
0.632307,-0.547933
0.632029,-0.547002
0.631751,-0.546071
0.631473,-0.54514
0.631195,-0.54421
0.630918,-0.543279
0.63064,-0.542348
0.630362,-0.541417
0.630084,-0.540486
0.629806,-0.539556
0.629529,-0.538625
0.629251,-0.537694
0.628973,-0.536763
0.628695,-0.535832
0.628418,-0.534902
0.62814,-0.533971
0.627862,-0.53304
0.627584,-0.532109
0.627306,-0.531178
0.627029,-0.530248
0.626751,-0.529317
0.626473,-0.528386
0.626195,-0.527455
0.625917,-0.526524
0.62564,-0.525593
0.625362,-0.524663
0.625084,-0.523732
0.624806,-0.522801
0.624528,-0.52187
0.624251,-0.520939
0.623973,-0.520009
0.623695,-0.519078
0.623417,-0.518147
0.62314,-0.517216
0.622862,-0.516285
0.622584,-0.515355
0.622306,-0.514424
0.622028,-0.513493
0.621751,-0.512562
0.621473,-0.511631
0.621195,-0.510701
0.620917,-0.50977
0.620639,-0.508839
0.620362,-0.507908
0.620084,-0.506977
0.619806,-0.506047
0.619528,-0.505116
0.61925,-0.504185
0.618973,-0.503254
0.618695,-0.502323
0.618417,-0.501393
0.618139,-0.500462
0.617862,-0.499531
0.617584,-0.4986
0.617306,-0.497669
0.617028,-0.496738
0.61675,-0.495808
0.616473,-0.494877
0.616195,-0.493946
0.615917,-0.493015
0.615639,-0.492084
0.615361,-0.491154
0.615084,-0.490223
0.614806,-0.489292
0.614528,-0.488361
0.61425,-0.48743
0.613973,-0.4865
0.613695,-0.485569
0.613417,-0.484638
0.613139,-0.483707
0.612861,-0.482776
0.612584,-0.481846
0.612306,-0.480915
0.612028,-0.479984
0.61175,-0.479053
0.611472,-0.478122
0.611195,-0.477192
0.610917,-0.476261
0.610639,-0.47533
0.610361,-0.474399
0.610083,-0.473468
0.609806,-0.472538
0.609528,-0.471607
0.60925,-0.470676
0.608972,-0.469745
0.608695,-0.468814
0.608417,-0.467883
0.608139,-0.466953
0.607861,-0.466022
0.607583,-0.465091
0.607306,-0.46416
0.607028,-0.463229
0.60675,-0.462299
0.606472,-0.461368
0.606194,-0.460437
0.605917,-0.459506
0.605639,-0.458575
0.605361,-0.457645
0.605083,-0.456714
0.604806,-0.455783
0.604528,-0.454852
0.60425,-0.453921
0.603972,-0.452991
0.603694,-0.45206
0.603417,-0.451129
0.603139,-0.450198
0.602861,-0.449267
0.602583,-0.448337
0.602305,-0.447406
0.602028,-0.446475
0.602219,-0.447018
0.60241,-0.447561
0.602601,-0.448104
0.602793,-0.448647
0.602984,-0.44919
0.603175,-0.449734
0.603367,-0.450277
0.603558,-0.45082
0.603749,-0.451363
0.60394,-0.451906
0.604132,-0.452449
0.604323,-0.452992
0.604514,-0.453535
0.604705,-0.454078
0.604897,-0.454621
0.605088,-0.455165
0.605279,-0.455708
0.605471,-0.456251
0.605662,-0.456794
0.605853,-0.457337
0.606044,-0.45788
0.606236,-0.458423
0.606427,-0.458966
0.606618,-0.459509
0.60681,-0.460052
0.607001,-0.460596
0.607192,-0.461139
0.607383,-0.461682
0.607575,-0.462225
0.607766,-0.462768
0.607957,-0.463311
0.608148,-0.463854
0.60834,-0.464397
0.608531,-0.46494
0.608722,-0.465483
0.608914,-0.466027
0.609105,-0.46657
0.609296,-0.467113
0.609487,-0.467656
0.609679,-0.468199
0.60987,-0.468742
0.610061,-0.469285
0.610252,-0.469828
0.610444,-0.470371
0.610635,-0.470915
0.610826,-0.471458
0.611018,-0.472001
0.611209,-0.472544
0.6114,-0.473087
0.611591,-0.47363
0.611783,-0.474173
0.611974,-0.474716
0.612165,-0.475259
0.612356,-0.475802
0.612548,-0.476346
0.612739,-0.476889
0.61293,-0.477432
0.613122,-0.477975
0.613313,-0.478518
0.613504,-0.479061
0.613695,-0.479604
0.613887,-0.480147
0.614078,-0.48069
0.614269,-0.481233
0.614461,-0.481777
0.614652,-0.48232
0.614843,-0.482863
0.615034,-0.483406
0.615226,-0.483949
0.615417,-0.484492
0.615608,-0.485035
0.615799,-0.485578
0.615991,-0.486121
0.616182,-0.486664
0.616373,-0.487208
0.616565,-0.487751
0.616756,-0.488294
0.616947,-0.488837
0.617138,-0.48938
0.61733,-0.489923
0.617521,-0.490466
0.617712,-0.491009
0.617903,-0.491552
0.618095,-0.492095
0.618286,-0.492639
0.618477,-0.493182
0.618669,-0.493725
0.61886,-0.494268
0.619051,-0.494811
0.619242,-0.495354
0.619434,-0.495897
0.619625,-0.49644
0.619816,-0.496983
0.620008,-0.497526
0.620199,-0.49807
0.62039,-0.498613
0.620581,-0.499156
0.620773,-0.499699
0.620964,-0.500242
0.621155,-0.500785
0.621346,-0.501328
0.621538,-0.501871
0.621729,-0.502414
0.62192,-0.502957
0.622112,-0.503501
0.622303,-0.504044
0.622494,-0.504587
0.622685,-0.50513
0.622877,-0.505673
0.623068,-0.506216
0.623259,-0.506759
0.62345,-0.507302
0.623642,-0.507845
0.623833,-0.508389
0.624024,-0.508932
0.624216,-0.509475
0.624407,-0.510018
0.624598,-0.510561
0.624789,-0.511104
0.624981,-0.511647
0.625172,-0.51219
0.625363,-0.512733
0.625554,-0.513276
0.625746,-0.51382
0.625937,-0.514363
0.626128,-0.514906
0.62632,-0.515449
0.626511,-0.515992
0.626702,-0.516535
0.626893,-0.517078
0.627085,-0.517621
0.627276,-0.518164
0.627467,-0.518707
0.627659,-0.519251
0.62785,-0.519794
0.628041,-0.520337
0.628232,-0.52088
0.628424,-0.521423
0.628615,-0.521966
0.628806,-0.522509
0.628997,-0.523052
0.629189,-0.523595
0.62938,-0.524138
0.629571,-0.524682
0.629763,-0.525225
0.629954,-0.525768
0.630145,-0.526311
0.630336,-0.526854
0.630528,-0.527397
