O
25
1,0,-1,0.78,-0.5,0.75,0.0,0.0,0.0,0.3,0.4,0.02,0,0.8,False
2,0,-1,1.1,-0.5,0.93,0.0,0.0,0.0,0.02,0.4,0.2,0,0.8,False
3,0,-1,0.78,-0.5,1.11,0.0,0.0,0.0,0.3,0.4,0.02,0,0.8,False
4,0,-1,0.8,-0.92,0.93,0.0,0.0,0.0,0.32,0.02,0.2,0,0.8,False
5,0,-1,0.8,-0.08,0.93,0.0,0.0,0.0,0.32,0.02,0.2,0,0.8,False
6,2,0,0.6236385709768529,-0.4297189510392449,0.8450000000000001,0.0,0.0,1.58623973241245,0.03,0.03,0.15,0.05099765885722807,1.0583089609437697,False
7,0,0,0.9817627625474876,-0.614880685883371,0.8856163365469296,0.0,0.0,4.535034926174745,0.03,0.0756072702533391,0.11561633654692963,0.2994886919290674,0.8337783507752475,False
8,0,0,0.7041997131038463,-0.20647846923425395,0.9138364084728542,0.0,0.0,5.079651673563392,0.05545558283168901,0.04906862980931762,0.14383640847285414,0.39491357968487123,1.0131049974146846,False
9,2,0,1.0134277093734885,-0.7690089622085172,0.8488528009057383,0.0,0.0,0.24749840817270277,0.03375273145747307,0.03375273145747307,0.15770560181147666,0.33195748077350434,0.9833671039663714,False
10,2,0,0.8777071991658605,-0.33599681662850445,0.8450000000000001,0.0,0.0,2.422176495425487,0.05092540207428828,0.05092540207428828,0.15,0.3339269705237635,1.1205674550766624,False
11,0,1,0.6471263905837805,-0.7169807366678318,0.860530326508681,0.0,0.0,6.0116035012737905,0.06941254156704389,0.07783979296808578,0.09053032650868104,0.12076250685461587,1.0821760081847416,True
12,2,1,0.5590819447647404,-0.5206727607676211,0.8450000000000001,0.0,0.0,3.498920897812598,0.03,0.03,0.15,0.17265270797645493,1.0797497594640397,True
13,2,1,0.8200285464878413,-0.7367653602653655,0.8450000000000001,0.0,0.0,6.258433020637241,0.06766062244672244,0.06766062244672244,0.15,0.053619961027100704,0.8380589719835764,True
14,2,1,0.7857658760554367,-0.47880800173517307,0.8450000000000001,0.0,0.0,1.0218619618622162,0.03,0.03,0.15,0.1383131365571646,0.8079726795062775,True
15,0,1,0.8627529870327363,-0.16787367944472242,0.9037556685364903,0.0,0.0,0.20732251582276032,0.03,0.03,0.13375566853649026,0.3011444101085755,0.810752981373795,True
16,2,1,0.558645906851986,-0.18312889909853947,0.8450000000000001,0.0,0.0,5.688790277223167,0.03,0.03,0.15,0.49455819349165014,1.0986901335198618,True
17,2,1,1.0079306988317678,-0.5068048616934051,0.8450000000000001,0.0,0.0,2.5485098511408966,0.03,0.03,0.15,0.1617263241054709,0.9970267281495984,True
18,2,1,0.5208498401328863,-0.37766896023486674,0.8450000000000001,0.0,0.0,5.034255031672795,0.03,0.03,0.15,0.17351324493598042,1.1602824680787247,True
19,2,1,0.6909559162087822,-0.3263116519718571,0.8450000000000001,0.0,0.0,5.888718588901579,0.03,0.03,0.15,0.08170569111800136,0.8091219735465182,True
20,0,1,0.9929287796808289,-0.20706991834642186,0.86,0.0,0.0,4.751653507180062,0.03244197772541434,0.03,0.09,0.4870933377614718,1.1478779939022543,True
21,2,1,0.5301975485336464,-0.28577760478022973,0.858056761391556,0.0,0.0,4.590700432887843,0.03,0.03,0.1761135227831119,0.3738340382603712,1.167879471151609,True
22,0,1,1.019718537133874,-0.37242170219019904,0.86,0.0,0.0,2.174604442623306,0.03,0.03,0.09,0.3374840417383457,0.8198173276125316,True
23,2,1,0.8829237634118754,-0.5237539479743392,0.8450000000000001,0.0,0.0,2.8585551517526495,0.03,0.03,0.15,0.0221555909317398,1.1212640814386945,True
24,0,1,0.8587689555806705,-0.6205634451202333,0.86,0.0,0.0,4.808807110558858,0.03070311074217675,0.03,0.09,0.06842279054470257,1.151849357707255,True
25,2,1,0.6504170471817564,-0.5283511639816214,0.8450000000000001,0.0,0.0,5.674054095764205,0.03,0.03,0.15,0.09125459824583393,0.836045677069583,True
R
0.0,0.0,0.0,0.0,0.0,0.0,1.0
S
8
torso_lift_joint,0
r_shoulder_pan_joint,-1.69017
r_shoulder_lift_joint,-0.0788625
r_upper_arm_roll_joint,-1.69017
r_elbow_flex_joint,-1.2717
r_forearm_roll_joint,-0.151824
r_wrist_flex_joint,-1.25254
r_wrist_roll_joint,0.675062
G
0.555097,-0.460167,0.845,0.418049,-0,0
ooi
6
A
599
0.310248,-0.673113
0.310154,-0.673156
0.31006,-0.673199
0.309966,-0.673241
0.309872,-0.673284
0.309778,-0.673327
0.309683,-0.67337
0.309589,-0.673412
0.309495,-0.673455
0.309401,-0.673498
0.309307,-0.673541
0.309213,-0.673583
0.309119,-0.673626
0.309025,-0.673669
0.30893,-0.673712
0.308836,-0.673755
0.308742,-0.673797
0.308648,-0.67384
0.308554,-0.673883
0.30846,-0.673926
0.308366,-0.673968
0.308272,-0.674011
0.308177,-0.674054
0.308083,-0.674097
0.307989,-0.674139
0.307895,-0.674182
0.307801,-0.674225
0.307707,-0.674268
0.307613,-0.67431
0.307519,-0.674353
0.307424,-0.674396
0.30733,-0.674439
0.307236,-0.674481
0.307142,-0.674524
0.307048,-0.674567
0.306954,-0.67461
0.30686,-0.674653
0.306766,-0.674695
0.306671,-0.674738
0.306577,-0.674781
0.306483,-0.674824
0.306389,-0.674866
0.306295,-0.674909
0.306201,-0.674952
0.306107,-0.674995
0.306013,-0.675037
0.305918,-0.67508
0.305824,-0.675123
0.30573,-0.675166
0.305636,-0.675208
0.305542,-0.675251
0.305448,-0.675294
0.305354,-0.675337
0.30526,-0.675379
0.305165,-0.675422
0.305071,-0.675465
0.304977,-0.675508
0.304883,-0.675551
0.304789,-0.675593
0.304695,-0.675636
0.304601,-0.675679
0.304506,-0.675722
0.304412,-0.675764
0.304318,-0.675807
0.304224,-0.67585
0.30413,-0.675893
0.304036,-0.675935
0.303942,-0.675978
0.303848,-0.676021
0.303753,-0.676064
0.303659,-0.676106
0.303565,-0.676149
0.303471,-0.676192
0.303377,-0.676235
0.303283,-0.676277
0.303189,-0.67632
0.303095,-0.676363
0.303,-0.676406
0.302906,-0.676449
0.302812,-0.676491
0.302718,-0.676534
0.302624,-0.676577
0.30253,-0.67662
0.302436,-0.676662
0.302342,-0.676705
0.302247,-0.676748
0.302153,-0.676791
0.302059,-0.676833
0.301965,-0.676876
0.301871,-0.676919
0.301777,-0.676962
0.301683,-0.677004
0.301589,-0.677047
0.301494,-0.67709
0.3014,-0.677133
0.301306,-0.677175
0.301212,-0.677218
0.301118,-0.677261
0.301024,-0.677304
0.30093,-0.677347
0.300836,-0.677389
0.300741,-0.677432
0.300647,-0.677475
0.300553,-0.677518
0.300459,-0.67756
0.300365,-0.677603
0.300271,-0.677646
0.300177,-0.677689
0.300083,-0.677731
0.299988,-0.677774
0.299894,-0.677817
0.2998,-0.67786
0.299706,-0.677902
0.299612,-0.677945
0.299518,-0.677988
0.299424,-0.678031
0.29933,-0.678073
0.299235,-0.678116
0.299141,-0.678159
0.299047,-0.678202
0.298953,-0.678245
0.298859,-0.678287
0.298765,-0.67833
0.298671,-0.678373
0.298577,-0.678416
0.298482,-0.678458
0.298388,-0.678501
0.298294,-0.678544
0.2982,-0.678587
0.298106,-0.678629
0.298012,-0.678672
0.297918,-0.678715
0.297824,-0.678758
0.297729,-0.6788
0.297635,-0.678843
0.297541,-0.678886
0.297447,-0.678929
0.297353,-0.678972
0.297259,-0.679014
0.297165,-0.679057
0.297071,-0.6791
0.296976,-0.679143
0.296882,-0.679185
0.296788,-0.679228
0.296694,-0.679271
0.2966,-0.679314
0.296506,-0.679356
0.296412,-0.679399
0.296318,-0.679442
0.296223,-0.679485
0.296129,-0.679527
0.296842,-0.678722
0.297555,-0.677916
0.298268,-0.677111
0.298981,-0.676305
0.299694,-0.6755
0.300407,-0.674694
0.30112,-0.673889
0.301833,-0.673083
0.302546,-0.672278
0.303259,-0.671472
0.303971,-0.670667
0.304684,-0.669861
0.305397,-0.669056
0.30611,-0.66825
0.306823,-0.667445
0.307536,-0.666639
0.308249,-0.665834
0.308962,-0.665028
0.309675,-0.664223
0.310388,-0.663417
0.311101,-0.662612
0.311814,-0.661806
0.312527,-0.661001
0.31324,-0.660195
0.313952,-0.65939
0.314665,-0.658584
0.315378,-0.657779
0.316091,-0.656973
0.316804,-0.656168
0.317517,-0.655362
0.31823,-0.654557
0.318943,-0.653751
0.319656,-0.652946
0.320369,-0.65214
0.321082,-0.651335
0.321795,-0.650529
0.322508,-0.649724
0.32322,-0.648918
0.323933,-0.648113
0.324646,-0.647307
0.325359,-0.646502
0.326072,-0.645696
0.326785,-0.644891
0.327498,-0.644085
0.328211,-0.64328
0.328924,-0.642474
0.329637,-0.641669
0.33035,-0.640863
0.331063,-0.640058
0.331776,-0.639252
0.332488,-0.638447
0.333201,-0.637641
0.333914,-0.636836
0.334627,-0.63603
0.33534,-0.635225
0.336053,-0.634419
0.336766,-0.633614
0.337479,-0.632808
0.338192,-0.632003
0.338905,-0.631197
0.339618,-0.630392
0.340331,-0.629586
0.341044,-0.628781
0.341757,-0.627975
0.342469,-0.62717
0.343182,-0.626364
0.343895,-0.625559
0.344608,-0.624753
0.345321,-0.623947
0.346034,-0.623142
0.346747,-0.622336
0.34746,-0.621531
0.348173,-0.620725
0.348886,-0.61992
0.349599,-0.619114
0.350312,-0.618309
0.351025,-0.617503
0.351737,-0.616698
0.35245,-0.615892
0.353163,-0.615087
0.353876,-0.614281
0.354589,-0.613476
0.355302,-0.61267
0.356015,-0.611865
0.356728,-0.611059
0.357441,-0.610254
0.358154,-0.609448
0.358867,-0.608643
0.35958,-0.607837
0.360293,-0.607032
0.361006,-0.606226
0.361718,-0.605421
0.362431,-0.604615
0.363144,-0.60381
0.363857,-0.603004
0.36457,-0.602199
0.365283,-0.601393
0.365996,-0.600588
0.366709,-0.599782
0.367422,-0.598977
0.368135,-0.598171
0.368848,-0.597366
0.369561,-0.59656
0.370274,-0.595755
0.370986,-0.594949
0.371699,-0.594144
0.372412,-0.593338
0.373125,-0.592533
0.373838,-0.591727
0.374551,-0.590922
0.375264,-0.590116
0.375977,-0.589311
0.37669,-0.588505
0.377403,-0.5877
0.378116,-0.586894
0.378829,-0.586089
0.379542,-0.585283
0.380255,-0.584478
0.380967,-0.583672
0.38168,-0.582867
0.382393,-0.582061
0.383106,-0.581256
0.383819,-0.58045
0.384532,-0.579645
0.385245,-0.578839
0.385958,-0.578034
0.386671,-0.577228
0.387384,-0.576423
0.388097,-0.575617
0.38881,-0.574812
0.389523,-0.574006
0.390235,-0.573201
0.390948,-0.572395
0.391661,-0.57159
0.392374,-0.570784
0.393087,-0.569979
0.3938,-0.569173
0.394513,-0.568368
0.395226,-0.567562
0.395939,-0.566757
0.396652,-0.565951
0.397365,-0.565146
0.398078,-0.56434
0.398791,-0.563535
0.399504,-0.562729
0.400216,-0.561924
0.400929,-0.561118
0.401642,-0.560313
0.402355,-0.559507
0.402556,-0.559356
0.402757,-0.559206
0.402957,-0.559055
0.403158,-0.558905
0.403358,-0.558754
0.403559,-0.558603
0.40376,-0.558453
0.40396,-0.558302
0.404161,-0.558152
0.404362,-0.558001
0.404562,-0.55785
0.404763,-0.5577
0.404964,-0.557549
0.405164,-0.557399
0.405365,-0.557248
0.405566,-0.557098
0.405766,-0.556947
0.405967,-0.556796
0.406168,-0.556646
0.406368,-0.556495
0.406569,-0.556345
0.40677,-0.556194
0.40697,-0.556043
0.407171,-0.555893
0.407371,-0.555742
0.407572,-0.555592
0.407773,-0.555441
0.407973,-0.55529
0.408174,-0.55514
0.408375,-0.554989
0.408575,-0.554839
0.408776,-0.554688
0.408977,-0.554537
0.409177,-0.554387
0.409378,-0.554236
0.409579,-0.554086
0.409779,-0.553935
0.40998,-0.553784
0.410181,-0.553634
0.410381,-0.553483
0.410582,-0.553333
0.410783,-0.553182
0.410983,-0.553032
0.411184,-0.552881
0.411385,-0.55273
0.411585,-0.55258
0.411786,-0.552429
0.411986,-0.552279
0.412187,-0.552128
0.412388,-0.551977
0.412588,-0.551827
0.412789,-0.551676
0.41299,-0.551526
0.41319,-0.551375
0.413391,-0.551224
0.413592,-0.551074
0.413792,-0.550923
0.413993,-0.550773
0.414194,-0.550622
0.414394,-0.550471
0.414595,-0.550321
0.414796,-0.55017
0.414996,-0.55002
0.415197,-0.549869
0.415398,-0.549718
0.415598,-0.549568
0.415799,-0.549417
0.415999,-0.549267
0.4162,-0.549116
0.416401,-0.548966
0.416601,-0.548815
0.416802,-0.548664
0.417003,-0.548514
0.417203,-0.548363
0.417404,-0.548213
0.417605,-0.548062
0.417805,-0.547911
0.418006,-0.547761
0.418207,-0.54761
0.418407,-0.54746
0.418608,-0.547309
0.418809,-0.547158
0.419009,-0.547008
0.41921,-0.546857
0.419411,-0.546707
0.419611,-0.546556
0.419812,-0.546405
0.420012,-0.546255
0.420213,-0.546104
0.420414,-0.545954
0.420614,-0.545803
0.420815,-0.545652
0.421016,-0.545502
0.421216,-0.545351
0.421417,-0.545201
0.421618,-0.54505
0.421818,-0.5449
0.422019,-0.544749
0.42222,-0.544598
0.42242,-0.544448
0.422621,-0.544297
0.422822,-0.544147
0.423022,-0.543996
0.423223,-0.543845
0.423424,-0.543695
0.423624,-0.543544
0.423825,-0.543394
0.424026,-0.543243
0.424226,-0.543092
0.424427,-0.542942
0.424627,-0.542791
0.424828,-0.542641
0.425029,-0.54249
0.425229,-0.542339
0.42543,-0.542189
0.425631,-0.542038
0.425831,-0.541888
0.426032,-0.541737
0.426233,-0.541586
0.426433,-0.541436
0.426634,-0.541285
0.426835,-0.541135
0.427035,-0.540984
0.427236,-0.540834
0.427437,-0.540683
0.427637,-0.540532
0.427838,-0.540382
0.428039,-0.540231
0.428239,-0.540081
0.42844,-0.53993
0.42864,-0.539779
0.428841,-0.539629
0.429042,-0.539478
0.429242,-0.539328
0.429443,-0.539177
0.429644,-0.539026
0.429844,-0.538876
0.430045,-0.538725
0.430246,-0.538575
0.430446,-0.538424
0.430647,-0.538273
0.430848,-0.538123
0.431048,-0.537972
0.431249,-0.537822
0.43145,-0.537671
0.43165,-0.53752
0.431851,-0.53737
0.432052,-0.537219
0.432252,-0.537069
0.432453,-0.536918
0.433276,-0.536403
0.434099,-0.535888
0.434922,-0.535373
0.435745,-0.534858
0.436568,-0.534343
0.437392,-0.533827
0.438215,-0.533312
0.439038,-0.532797
0.439861,-0.532282
0.440684,-0.531767
0.441507,-0.531252
0.44233,-0.530737
0.443153,-0.530222
0.443976,-0.529707
0.4448,-0.529192
0.445623,-0.528676
0.446446,-0.528161
0.447269,-0.527646
0.448092,-0.527131
0.448915,-0.526616
0.449738,-0.526101
0.450561,-0.525586
0.451385,-0.525071
0.452208,-0.524556
0.453031,-0.52404
0.453854,-0.523525
0.454677,-0.52301
0.4555,-0.522495
0.456323,-0.52198
0.457146,-0.521465
0.457969,-0.52095
0.458793,-0.520435
0.459616,-0.51992
0.460439,-0.519405
0.461262,-0.518889
0.462085,-0.518374
0.462908,-0.517859
0.463731,-0.517344
0.464554,-0.516829
0.465378,-0.516314
0.466201,-0.515799
0.467024,-0.515284
0.467847,-0.514769
0.46867,-0.514253
0.469493,-0.513738
0.470316,-0.513223
0.471139,-0.512708
0.471962,-0.512193
0.472786,-0.511678
0.473609,-0.511163
0.474432,-0.510648
0.475255,-0.510133
0.476078,-0.509617
0.476901,-0.509102
0.477724,-0.508587
0.478547,-0.508072
0.479371,-0.507557
0.480194,-0.507042
0.481017,-0.506527
0.48184,-0.506012
0.482663,-0.505497
0.483486,-0.504982
0.484309,-0.504466
0.485132,-0.503951
0.485955,-0.503436
0.486779,-0.502921
0.487602,-0.502406
0.488425,-0.501891
0.489248,-0.501376
0.490071,-0.500861
0.490894,-0.500346
0.491717,-0.49983
0.49254,-0.499315
0.493364,-0.4988
0.494187,-0.498285
0.49501,-0.49777
0.495833,-0.497255
0.496656,-0.49674
0.497479,-0.496225
0.498302,-0.49571
0.499125,-0.495195
0.499948,-0.494679
0.500772,-0.494164
0.501595,-0.493649
0.502418,-0.493134
0.503241,-0.492619
0.504064,-0.492104
0.504887,-0.491589
0.50571,-0.491074
0.506533,-0.490559
0.507357,-0.490043
0.50818,-0.489528
0.509003,-0.489013
0.509826,-0.488498
0.510649,-0.487983
0.511472,-0.487468
0.512295,-0.486953
0.513118,-0.486438
0.513941,-0.485923
0.514765,-0.485408
0.515588,-0.484892
0.516411,-0.484377
0.517234,-0.483862
0.518057,-0.483347
0.51888,-0.482832
0.519703,-0.482317
0.520526,-0.481802
0.52135,-0.481287
0.522173,-0.480772
0.522996,-0.480256
0.523819,-0.479741
0.524642,-0.479226
0.525465,-0.478711
0.526288,-0.478196
0.527111,-0.477681
0.527934,-0.477166
0.528758,-0.476651
0.529581,-0.476136
0.530404,-0.475621
0.531227,-0.475105
0.53205,-0.47459
0.532873,-0.474075
0.533696,-0.47356
0.534519,-0.473045
0.535343,-0.47253
0.536166,-0.472015
0.536989,-0.4715
0.537812,-0.470985
0.538635,-0.470469
0.539458,-0.469954
0.540281,-0.469439
0.541104,-0.468924
0.541927,-0.468409
0.542751,-0.467894
0.543574,-0.467379
0.544397,-0.466864
0.54522,-0.466349
0.546043,-0.465834
0.546866,-0.465318
0.547689,-0.464803
0.548512,-0.464288
0.549336,-0.463773
0.550159,-0.463258
0.550982,-0.462743
0.551805,-0.462228
0.552628,-0.461713
0.553451,-0.461198
0.554274,-0.460682
0.555097,-0.460167
