O
25
1,0,-1,0.78,-0.5,0.75,0.0,0.0,0.0,0.3,0.4,0.02,0,0.8,False
2,0,-1,1.1,-0.5,0.93,0.0,0.0,0.0,0.02,0.4,0.2,0,0.8,False
3,0,-1,0.78,-0.5,1.11,0.0,0.0,0.0,0.3,0.4,0.02,0,0.8,False
4,0,-1,0.8,-0.92,0.93,0.0,0.0,0.0,0.32,0.02,0.2,0,0.8,False
5,0,-1,0.8,-0.08,0.93,0.0,0.0,0.0,0.32,0.02,0.2,0,0.8,False
6,2,0,0.5304513582900199,-0.35408439079415066,0.8450000000000001,0.0,0.0,2.223667730194921,0.03,0.03,0.15,0.31448929971737527,0.9732744244715781,False
7,2,0,0.5731668565955106,-0.6298207385811685,0.8450000000000001,0.0,0.0,3.5256144600322448,0.06216181300971602,0.06216181300971602,0.15,0.19187547110060393,0.8461640609447714,False
8,2,0,0.8333672150669398,-0.4631968981545556,0.8450000000000001,0.0,0.0,3.1296064751324457,0.07004532691622146,0.07004532691622146,0.15,0.32371921056494035,1.0315024697999136,False
9,2,0,0.8540814794299364,-0.7983317331312737,0.8580141502364214,0.0,0.0,4.686549382165455,0.05989131534269108,0.05989131534269108,0.17602830047284262,0.305646877532748,0.8054453678574162,False
10,0,0,0.6734310718865628,-0.7857499470367743,0.8626768697373703,0.0,0.0,2.4867556673549953,0.034238430232603194,0.03,0.09267686973737038,0.17842917112466522,1.0505820802217514,False
11,0,1,0.6214535269445071,-0.2470247846775685,0.86,0.0,0.0,6.252857998357272,0.07820375216170891,0.040225696003303286,0.09,0.41692140403998007,0.9170499254557076,True
12,0,1,0.9640541166069303,-0.6363251292317397,0.9001673605633396,0.0,0.0,3.6912843569503284,0.03,0.03,0.13016736056333952,0.3555442863948009,0.9899094246361331,True
13,2,1,0.8567230237217316,-0.21528765554318718,0.8450000000000001,0.0,0.0,3.986307750706997,0.061471686995445404,0.061471686995445404,0.15,0.12498582788728607,0.9380618933107672,True
14,0,1,0.6748188986330015,-0.3965857583852349,0.86,0.0,0.0,3.882758132883312,0.034774689052286666,0.06637721219277001,0.09,0.23267769901794272,0.8799982511913704,True
15,2,1,0.9774235559910351,-0.5440453697661396,0.8450000000000001,0.0,0.0,3.2030073522574454,0.03,0.03,0.15,0.42844021359730694,0.817663231284882,True
16,2,1,1.0083247575958447,-0.754256553132167,0.8450000000000001,0.0,0.0,3.283665606799098,0.04608376432997159,0.04608376432997159,0.15,0.35871311797339406,1.107906699120167,True
17,2,1,1.002829466429674,-0.4532687483678148,0.8450000000000001,0.0,0.0,1.7167127774218436,0.03,0.03,0.15,0.025803162282927394,0.8844217040563142,True
18,0,1,0.7471338062578166,-0.664697565302639,0.9120074336970108,0.0,0.0,5.5263299150927105,0.03,0.04260469266667763,0.1420074336970108,0.16752403768821345,0.9339258776246109,True
19,0,1,0.540349917773625,-0.8114162477714696,0.86,0.0,0.0,5.009761561041584,0.03,0.05037567541596833,0.09,0.04645361924431873,1.0226567259005648,True
20,2,1,1.0054694180382122,-0.36586791296098664,0.8450000000000001,0.0,0.0,0.7937345516519059,0.03,0.03,0.15,0.08827631919047901,0.9614507954058655,True
21,0,1,0.5655681596252268,-0.15270096462891247,0.8828602203599334,0.0,0.0,6.219246942876429,0.05532343158869642,0.03,0.11286022035993343,0.3377544892809269,1.1790886353979126,True
22,0,1,0.8544208407241013,-0.6179193680075399,0.86,0.0,0.0,4.739298321184857,0.03,0.03,0.09,0.44905245160352586,1.0896474585484597,True
23,2,1,1.004270644559507,-0.19880093871318927,0.8450000000000001,0.0,0.0,6.131117450785432,0.04232916527314304,0.04232916527314304,0.15,0.4913617983454511,0.8006275499106269,True
24,0,1,0.7081705106058869,-0.5370375836278096,0.86,0.0,0.0,1.2892935010760038,0.04327378653920341,0.03,0.09,0.15756006041238285,0.9611000298895169,True
25,0,1,0.5310276959661185,-0.5017455552013811,0.86,0.0,0.0,4.816317967492669,0.03,0.03,0.09,0.05817147692620467,0.999827303519223,True
R
0.0,0.0,0.0,0.0,0.0,0.0,1.0
S
8
torso_lift_joint,0
r_shoulder_pan_joint,-1.69017
r_shoulder_lift_joint,-0.0788625
r_upper_arm_roll_joint,-1.69017
r_elbow_flex_joint,-1.2717
r_forearm_roll_joint,-0.151824
r_wrist_flex_joint,-1.25254
r_wrist_roll_joint,0.675062
G
0.465957,-0.392366,0.845,0.535675,-0,0
ooi
6
A
599
0.310248,-0.673113
0.310802,-0.672378
0.311355,-0.671643
0.311909,-0.670908
0.312462,-0.670172
0.313016,-0.669437
0.313569,-0.668702
0.314123,-0.667967
0.314676,-0.667232
0.31523,-0.666497
0.315783,-0.665762
0.316337,-0.665026
0.31689,-0.664291
0.317444,-0.663556
0.317997,-0.662821
0.318551,-0.662086
0.319104,-0.661351
0.319657,-0.660616
0.320211,-0.65988
0.320764,-0.659145
0.321318,-0.65841
0.321871,-0.657675
0.322425,-0.65694
0.322978,-0.656205
0.323532,-0.655469
0.324085,-0.654734
0.324639,-0.653999
0.325192,-0.653264
0.325746,-0.652529
0.326299,-0.651794
0.326853,-0.651059
0.327406,-0.650323
0.32796,-0.649588
0.328513,-0.648853
0.329067,-0.648118
0.32962,-0.647383
0.330174,-0.646648
0.330727,-0.645913
0.331281,-0.645177
0.331834,-0.644442
0.332388,-0.643707
0.332941,-0.642972
0.333495,-0.642237
0.334048,-0.641502
0.334602,-0.640766
0.335155,-0.640031
0.335709,-0.639296
0.336262,-0.638561
0.336816,-0.637826
0.337369,-0.637091
0.337923,-0.636356
0.338476,-0.63562
0.33903,-0.634885
0.339583,-0.63415
0.340137,-0.633415
0.34069,-0.63268
0.341244,-0.631945
0.341797,-0.63121
0.342351,-0.630474
0.342904,-0.629739
0.343458,-0.629004
0.344011,-0.628269
0.344565,-0.627534
0.345118,-0.626799
0.345671,-0.626063
0.346225,-0.625328
0.346778,-0.624593
0.347332,-0.623858
0.347885,-0.623123
0.348439,-0.622388
0.348992,-0.621653
0.349546,-0.620917
0.350099,-0.620182
0.350653,-0.619447
0.351206,-0.618712
0.35176,-0.617977
0.352313,-0.617242
0.352867,-0.616507
0.35342,-0.615771
0.353974,-0.615036
0.354527,-0.614301
0.355081,-0.613566
0.355634,-0.612831
0.356188,-0.612096
0.356741,-0.61136
0.357295,-0.610625
0.357848,-0.60989
0.358402,-0.609155
0.358955,-0.60842
0.359509,-0.607685
0.360062,-0.60695
0.360616,-0.606214
0.361169,-0.605479
0.361723,-0.604744
0.362276,-0.604009
0.36283,-0.603274
0.363383,-0.602539
0.363937,-0.601804
0.36449,-0.601068
0.365044,-0.600333
0.365597,-0.599598
0.366151,-0.598863
0.366704,-0.598128
0.367258,-0.597393
0.367811,-0.596657
0.368365,-0.595922
0.368918,-0.595187
0.369472,-0.594452
0.370025,-0.593717
0.370579,-0.592982
0.371132,-0.592247
0.371685,-0.591511
0.372239,-0.590776
0.372792,-0.590041
0.373346,-0.589306
0.373899,-0.588571
0.374453,-0.587836
0.375006,-0.587101
0.37556,-0.586365
0.376113,-0.58563
0.376667,-0.584895
0.37722,-0.58416
0.377774,-0.583425
0.378327,-0.58269
0.378881,-0.581954
0.379434,-0.581219
0.379988,-0.580484
0.380541,-0.579749
0.381095,-0.579014
0.381648,-0.578279
0.382202,-0.577544
0.382755,-0.576808
0.383309,-0.576073
0.383862,-0.575338
0.384416,-0.574603
0.384969,-0.573868
0.385523,-0.573133
0.386076,-0.572398
0.38663,-0.571662
0.387183,-0.570927
0.387737,-0.570192
0.38829,-0.569457
0.388844,-0.568722
0.389397,-0.567987
0.389951,-0.567251
0.390504,-0.566516
0.391058,-0.565781
0.391611,-0.565046
0.392165,-0.564311
0.392718,-0.563576
0.393272,-0.562841
0.393592,-0.562481
0.393911,-0.562122
0.394231,-0.561763
0.394551,-0.561404
0.394871,-0.561044
0.395191,-0.560685
0.395511,-0.560326
0.395831,-0.559967
0.396151,-0.559607
0.396471,-0.559248
0.396791,-0.558889
0.397111,-0.55853
0.397431,-0.55817
0.397751,-0.557811
0.398071,-0.557452
0.39839,-0.557093
0.39871,-0.556733
0.39903,-0.556374
0.39935,-0.556015
0.39967,-0.555656
0.39999,-0.555296
0.40031,-0.554937
0.40063,-0.554578
0.40095,-0.554219
0.40127,-0.553859
0.40159,-0.5535
0.40191,-0.553141
0.40223,-0.552782
0.40255,-0.552422
0.40287,-0.552063
0.403189,-0.551704
0.403509,-0.551345
0.403829,-0.550985
0.404149,-0.550626
0.404469,-0.550267
0.404789,-0.549908
0.405109,-0.549549
0.405429,-0.549189
0.405749,-0.54883
0.406069,-0.548471
0.406389,-0.548112
0.406709,-0.547752
0.407029,-0.547393
0.407349,-0.547034
0.407669,-0.546675
0.407988,-0.546315
0.408308,-0.545956
0.408628,-0.545597
0.408948,-0.545238
0.409268,-0.544878
0.409588,-0.544519
0.409908,-0.54416
0.410228,-0.543801
0.410548,-0.543441
0.410868,-0.543082
0.411188,-0.542723
0.411508,-0.542364
0.411828,-0.542004
0.412148,-0.541645
0.412468,-0.541286
0.412787,-0.540927
0.413107,-0.540567
0.413427,-0.540208
0.413747,-0.539849
0.414067,-0.53949
0.414387,-0.53913
0.414707,-0.538771
0.415027,-0.538412
0.415347,-0.538053
0.415667,-0.537693
0.415987,-0.537334
0.416307,-0.536975
0.416627,-0.536616
0.416947,-0.536256
0.417266,-0.535897
0.417586,-0.535538
0.417906,-0.535179
0.418226,-0.534819
0.418546,-0.53446
0.418866,-0.534101
0.419186,-0.533742
0.419506,-0.533383
0.419826,-0.533023
0.420146,-0.532664
0.420466,-0.532305
0.420786,-0.531946
0.421106,-0.531586
0.421426,-0.531227
0.421746,-0.530868
0.422065,-0.530509
0.422385,-0.530149
0.422705,-0.52979
0.423025,-0.529431
0.423345,-0.529072
0.423665,-0.528712
0.423985,-0.528353
0.424305,-0.527994
0.424625,-0.527635
0.424945,-0.527275
0.425265,-0.526916
0.425585,-0.526557
0.425905,-0.526198
0.426225,-0.525838
0.426545,-0.525479
0.426864,-0.52512
0.427184,-0.524761
0.427504,-0.524401
0.427824,-0.524042
0.428144,-0.523683
0.428464,-0.523324
0.428784,-0.522964
0.429104,-0.522605
0.429424,-0.522246
0.429744,-0.521887
0.430064,-0.521527
0.430384,-0.521168
0.430704,-0.520809
0.431024,-0.52045
0.431344,-0.52009
0.431663,-0.519731
0.431983,-0.519372
0.432303,-0.519013
0.432623,-0.518654
0.432943,-0.518294
0.433263,-0.517935
0.433583,-0.517576
0.433903,-0.517217
0.434223,-0.516857
0.434543,-0.516498
0.434863,-0.516139
0.435183,-0.51578
0.435503,-0.51542
0.435823,-0.515061
0.436142,-0.514702
0.436462,-0.514343
0.436782,-0.513983
0.437102,-0.513624
0.437422,-0.513265
0.437742,-0.512906
0.438062,-0.512546
0.438382,-0.512187
0.438702,-0.511828
0.439022,-0.511469
0.439342,-0.511109
0.439662,-0.51075
0.439982,-0.510391
0.440302,-0.510032
0.440622,-0.509672
0.440941,-0.509313
0.441027,-0.508911
0.441112,-0.508509
0.441198,-0.508107
0.441283,-0.507705
0.441368,-0.507303
0.441454,-0.506901
0.441539,-0.506499
0.441624,-0.506097
0.44171,-0.505695
0.441795,-0.505293
0.44188,-0.504891
0.441966,-0.504489
0.442051,-0.504087
0.442136,-0.503685
0.442222,-0.503283
0.442307,-0.502881
0.442392,-0.502479
0.442478,-0.502077
0.442563,-0.501675
0.442648,-0.501273
0.442734,-0.500871
0.442819,-0.500469
0.442904,-0.500067
0.44299,-0.499665
0.443075,-0.499263
0.443161,-0.498861
0.443246,-0.498459
0.443331,-0.498057
0.443417,-0.497655
0.443502,-0.497253
0.443587,-0.496851
0.443673,-0.496449
0.443758,-0.496047
0.443843,-0.495645
0.443929,-0.495243
0.444014,-0.494841
0.444099,-0.494439
0.444185,-0.494037
0.44427,-0.493635
0.444355,-0.493233
0.444441,-0.492831
0.444526,-0.492429
0.444611,-0.492027
0.444697,-0.491625
0.444782,-0.491223
0.444867,-0.490821
0.444953,-0.490419
0.445038,-0.490017
0.445124,-0.489615
0.445209,-0.489213
0.445294,-0.488811
0.44538,-0.488409
0.445465,-0.488007
0.44555,-0.487605
0.445636,-0.487203
0.445721,-0.486801
0.445806,-0.486399
0.445892,-0.485997
0.445977,-0.485595
0.446062,-0.485192
0.446148,-0.48479
0.446233,-0.484388
0.446318,-0.483986
0.446404,-0.483584
0.446489,-0.483182
0.446574,-0.48278
0.44666,-0.482378
0.446745,-0.481976
0.44683,-0.481574
0.446916,-0.481172
0.447001,-0.48077
0.447087,-0.480368
0.447172,-0.479966
0.447257,-0.479564
0.447343,-0.479162
0.447428,-0.47876
0.447513,-0.478358
0.447599,-0.477956
0.447684,-0.477554
0.447769,-0.477152
0.447855,-0.47675
0.44794,-0.476348
0.448025,-0.475946
0.448111,-0.475544
0.448196,-0.475142
0.448281,-0.47474
0.448367,-0.474338
0.448452,-0.473936
0.448537,-0.473534
0.448623,-0.473132
0.448708,-0.47273
0.448793,-0.472328
0.448879,-0.471926
0.448964,-0.471524
0.449049,-0.471122
0.449135,-0.47072
0.44922,-0.470318
0.449306,-0.469916
0.449391,-0.469514
0.449476,-0.469112
0.449562,-0.46871
0.449647,-0.468308
0.449732,-0.467906
0.449818,-0.467504
0.449903,-0.467102
0.449988,-0.4667
0.450074,-0.466298
0.450159,-0.465896
0.450244,-0.465494
0.45033,-0.465092
0.450415,-0.46469
0.4505,-0.464288
0.450586,-0.463886
0.450671,-0.463484
0.450756,-0.463082
0.450842,-0.46268
0.450927,-0.462278
0.451012,-0.461876
0.451098,-0.461474
0.451183,-0.461072
0.451269,-0.46067
0.451354,-0.460268
0.451439,-0.459866
0.451525,-0.459464
0.45161,-0.459062
0.451695,-0.45866
0.451781,-0.458258
0.451866,-0.457856
0.451951,-0.457454
0.452037,-0.457052
0.452122,-0.45665
0.452207,-0.456248
0.452293,-0.455846
0.452378,-0.455444
0.452463,-0.455042
0.452549,-0.45464
0.452634,-0.454238
0.452719,-0.453836
0.452805,-0.453434
0.45289,-0.453032
0.452975,-0.45263
0.453061,-0.452228
0.453146,-0.451826
0.453232,-0.451424
0.453317,-0.451022
0.453402,-0.45062
0.453488,-0.450218
0.453573,-0.449816
0.453658,-0.449414
0.453744,-0.449012
0.453826,-0.448631
0.453908,-0.448251
0.45399,-0.447871
0.454071,-0.447491
0.454153,-0.447111
0.454235,-0.44673
0.454317,-0.44635
0.454399,-0.44597
0.454481,-0.44559
0.454563,-0.44521
0.454645,-0.44483
0.454727,-0.444449
0.454809,-0.444069
0.454891,-0.443689
0.454973,-0.443309
0.455055,-0.442929
0.455137,-0.442549
0.455219,-0.442168
0.455301,-0.441788
0.455383,-0.441408
0.455465,-0.441028
0.455547,-0.440648
0.455629,-0.440268
0.455711,-0.439887
0.455793,-0.439507
0.455875,-0.439127
0.455957,-0.438747
0.456039,-0.438367
0.456121,-0.437987
0.456203,-0.437606
0.456285,-0.437226
0.456367,-0.436846
0.456449,-0.436466
0.456531,-0.436086
0.456613,-0.435706
0.456695,-0.435325
0.456776,-0.434945
0.456858,-0.434565
0.45694,-0.434185
0.457022,-0.433805
0.457104,-0.433424
0.457186,-0.433044
0.457268,-0.432664
0.45735,-0.432284
0.457432,-0.431904
0.457514,-0.431524
0.457596,-0.431143
0.457678,-0.430763
0.45776,-0.430383
0.457842,-0.430003
0.457924,-0.429623
0.458006,-0.429243
0.458088,-0.428862
0.45817,-0.428482
0.458252,-0.428102
0.458334,-0.427722
0.458416,-0.427342
0.458498,-0.426962
0.45858,-0.426581
0.458662,-0.426201
0.458744,-0.425821
0.458826,-0.425441
0.458908,-0.425061
0.45899,-0.424681
0.459072,-0.4243
0.459154,-0.42392
0.459236,-0.42354
0.459318,-0.42316
0.459399,-0.42278
0.459481,-0.4224
0.459563,-0.422019
0.459645,-0.421639
0.459727,-0.421259
0.459809,-0.420879
0.459891,-0.420499
0.459973,-0.420119
0.460055,-0.419738
0.460137,-0.419358
0.460219,-0.418978
0.460301,-0.418598
0.460383,-0.418218
0.460465,-0.417837
0.460547,-0.417457
0.460629,-0.417077
0.460711,-0.416697
0.460793,-0.416317
0.460875,-0.415937
0.460957,-0.415556
0.461039,-0.415176
0.461121,-0.414796
0.461203,-0.414416
0.461285,-0.414036
0.461367,-0.413656
0.461449,-0.413275
0.461531,-0.412895
0.461613,-0.412515
0.461695,-0.412135
0.461777,-0.411755
0.461859,-0.411375
0.461941,-0.410994
0.462023,-0.410614
0.462104,-0.410234
0.462186,-0.409854
0.462268,-0.409474
0.46235,-0.409094
0.462432,-0.408713
0.462514,-0.408333
0.462596,-0.407953
0.462678,-0.407573
0.46276,-0.407193
0.462842,-0.406813
0.462924,-0.406432
0.463006,-0.406052
0.463088,-0.405672
0.46317,-0.405292
0.463252,-0.404912
0.463334,-0.404531
0.463416,-0.404151
0.463498,-0.403771
0.46358,-0.403391
0.463662,-0.403011
0.463744,-0.402631
0.463826,-0.40225
0.463908,-0.40187
0.46399,-0.40149
0.464072,-0.40111
0.464154,-0.40073
0.464236,-0.40035
0.464318,-0.399969
0.4644,-0.399589
0.464482,-0.399209
0.464564,-0.398829
0.464646,-0.398449
0.464728,-0.398069
0.464809,-0.397688
0.464891,-0.397308
0.464973,-0.396928
0.465055,-0.396548
0.465137,-0.396168
0.465219,-0.395788
0.465301,-0.395407
0.465383,-0.395027
0.465465,-0.394647
0.465547,-0.394267
0.465629,-0.393887
0.465711,-0.393507
0.465793,-0.393126
0.465875,-0.392746
0.465957,-0.392366
