O
10
1,0,-1,0.78,-0.5,0.75,0.0,0.0,0.0,0.3,0.4,0.02,0,0.8,False
2,0,-1,1.1,-0.5,0.93,0.0,0.0,0.0,0.02,0.4,0.2,0,0.8,False
3,0,-1,0.78,-0.5,1.11,0.0,0.0,0.0,0.3,0.4,0.02,0,0.8,False
4,0,-1,0.8,-0.92,0.93,0.0,0.0,0.0,0.32,0.02,0.2,0,0.8,False
5,0,-1,0.8,-0.08,0.93,0.0,0.0,0.0,0.32,0.02,0.2,0,0.8,False
6,0,0,0.6984428795088932,-0.42620337887778176,0.86,0.0,0.0,4.093026256648143,0.038188347418172605,0.03716634645829777,0.09,0.0352178303497685,0.8199492387812981,False
7,2,0,0.8113628463474291,-0.5875590858037281,0.8450000000000001,0.0,0.0,2.288551969775393,0.03,0.03,0.15,0.23458383922694065,0.956095827416633,False
8,0,0,1.0102591403893961,-0.3793771410852266,0.86,0.0,0.0,2.726536809184497,0.03,0.03439755627026645,0.09,0.4801532625190914,1.0260561829698853,False
9,2,0,0.641309323410746,-0.7226572551447275,0.8450000000000001,0.0,0.0,6.023201794658745,0.06498292750859257,0.06498292750859257,0.15,0.22920164136272259,0.9780536560376373,False
10,2,0,0.882788219068559,-0.19759735892077168,0.8450000000000001,0.0,0.0,0.0750332463362282,0.03,0.03,0.15,0.10742606546778077,1.0963409212105546,False
R
0.0,0.0,0.0,0.0,0.0,0.0,1.0
S
8
torso_lift_joint,0
r_shoulder_pan_joint,-1.69017
r_shoulder_lift_joint,-0.0788625
r_upper_arm_roll_joint,-1.69017
r_elbow_flex_joint,-1.2717
r_forearm_roll_joint,-0.151824
r_wrist_flex_joint,-1.25254
r_wrist_roll_joint,0.675062
G
0.650151,-0.493939,0.86,0.951434,-0,0
ooi
6
A
599
0.310248,-0.673113
0.310892,-0.672951
0.311535,-0.672788
0.312178,-0.672626
0.312822,-0.672463
0.313465,-0.672301
0.314108,-0.672138
0.314752,-0.671976
0.315395,-0.671813
0.316038,-0.671651
0.316682,-0.671488
0.317325,-0.671326
0.317969,-0.671163
0.318612,-0.671001
0.319255,-0.670838
0.319899,-0.670676
0.320542,-0.670514
0.321185,-0.670351
0.321829,-0.670189
0.322472,-0.670026
0.323116,-0.669864
0.323759,-0.669701
0.324402,-0.669539
0.325046,-0.669376
0.325689,-0.669214
0.326332,-0.669051
0.326976,-0.668889
0.327619,-0.668726
0.328262,-0.668564
0.328906,-0.668401
0.329549,-0.668239
0.330193,-0.668076
0.330836,-0.667914
0.331479,-0.667751
0.332123,-0.667589
0.332766,-0.667427
0.333409,-0.667264
0.334053,-0.667102
0.334696,-0.666939
0.33534,-0.666777
0.335983,-0.666614
0.336626,-0.666452
0.33727,-0.666289
0.337913,-0.666127
0.338556,-0.665964
0.3392,-0.665802
0.339843,-0.665639
0.340486,-0.665477
0.34113,-0.665314
0.341773,-0.665152
0.342417,-0.664989
0.34306,-0.664827
0.343703,-0.664664
0.344347,-0.664502
0.34499,-0.66434
0.345633,-0.664177
0.346277,-0.664015
0.34692,-0.663852
0.347563,-0.66369
0.348207,-0.663527
0.34885,-0.663365
0.349494,-0.663202
0.350137,-0.66304
0.35078,-0.662877
0.351424,-0.662715
0.352067,-0.662552
0.35271,-0.66239
0.353354,-0.662227
0.353997,-0.662065
0.354641,-0.661902
0.355284,-0.66174
0.355927,-0.661578
0.356571,-0.661415
0.357214,-0.661253
0.357857,-0.66109
0.358501,-0.660928
0.359144,-0.660765
0.359787,-0.660603
0.360431,-0.66044
0.361074,-0.660278
0.361718,-0.660115
0.362361,-0.659953
0.363004,-0.65979
0.363648,-0.659628
0.364291,-0.659465
0.364934,-0.659303
0.365578,-0.65914
0.366221,-0.658978
0.366865,-0.658815
0.367508,-0.658653
0.368151,-0.658491
0.368795,-0.658328
0.369438,-0.658166
0.370081,-0.658003
0.370725,-0.657841
0.371368,-0.657678
0.372011,-0.657516
0.372655,-0.657353
0.373298,-0.657191
0.373942,-0.657028
0.374585,-0.656866
0.375228,-0.656703
0.375872,-0.656541
0.376515,-0.656378
0.377158,-0.656216
0.377802,-0.656053
0.378445,-0.655891
0.379088,-0.655728
0.379732,-0.655566
0.380375,-0.655404
0.381019,-0.655241
0.381662,-0.655079
0.382305,-0.654916
0.382949,-0.654754
0.383592,-0.654591
0.384235,-0.654429
0.384879,-0.654266
0.385522,-0.654104
0.386166,-0.653941
0.386809,-0.653779
0.387452,-0.653616
0.388096,-0.653454
0.388739,-0.653291
0.389382,-0.653129
0.390026,-0.652966
0.390669,-0.652804
0.391312,-0.652642
0.391956,-0.652479
0.392599,-0.652317
0.393243,-0.652154
0.393886,-0.651992
0.394529,-0.651829
0.395173,-0.651667
0.395816,-0.651504
0.396459,-0.651342
0.397103,-0.651179
0.397746,-0.651017
0.39839,-0.650854
0.399033,-0.650692
0.399676,-0.650529
0.40032,-0.650367
0.400963,-0.650204
0.401606,-0.650042
0.40225,-0.649879
0.402893,-0.649717
0.403536,-0.649555
0.40418,-0.649392
0.404823,-0.64923
0.405467,-0.649067
0.40611,-0.648905
0.406753,-0.648742
0.40694,-0.6478
0.407128,-0.646857
0.407315,-0.645915
0.407502,-0.644973
0.407689,-0.64403
0.407876,-0.643088
0.408063,-0.642146
0.40825,-0.641203
0.408438,-0.640261
0.408625,-0.639318
0.408812,-0.638376
0.408999,-0.637434
0.409186,-0.636491
0.409373,-0.635549
0.40956,-0.634606
0.409748,-0.633664
0.409935,-0.632722
0.410122,-0.631779
0.410309,-0.630837
0.410496,-0.629895
0.410683,-0.628952
0.410871,-0.62801
0.411058,-0.627067
0.411245,-0.626125
0.411432,-0.625183
0.411619,-0.62424
0.411806,-0.623298
0.411993,-0.622356
0.412181,-0.621413
0.412368,-0.620471
0.412555,-0.619528
0.412742,-0.618586
0.412929,-0.617644
0.413116,-0.616701
0.413303,-0.615759
0.413491,-0.614817
0.413678,-0.613874
0.413865,-0.612932
0.414052,-0.611989
0.414239,-0.611047
0.414426,-0.610105
0.414613,-0.609162
0.414801,-0.60822
0.414988,-0.607278
0.415175,-0.606335
0.415362,-0.605393
0.415549,-0.60445
0.415736,-0.603508
0.415923,-0.602566
0.416111,-0.601623
0.416298,-0.600681
0.416485,-0.599739
0.416672,-0.598796
0.416859,-0.597854
0.417046,-0.596911
0.417234,-0.595969
0.417421,-0.595027
0.417608,-0.594084
0.417795,-0.593142
0.417982,-0.592199
0.418169,-0.591257
0.418356,-0.590315
0.418544,-0.589372
0.418731,-0.58843
0.418918,-0.587488
0.419105,-0.586545
0.419292,-0.585603
0.419479,-0.58466
0.419666,-0.583718
0.419854,-0.582776
0.420041,-0.581833
0.420228,-0.580891
0.420415,-0.579949
0.420602,-0.579006
0.420789,-0.578064
0.420976,-0.577121
0.421164,-0.576179
0.421351,-0.575237
0.421538,-0.574294
0.421725,-0.573352
0.421912,-0.57241
0.422099,-0.571467
0.422286,-0.570525
0.422474,-0.569582
0.422661,-0.56864
0.422848,-0.567698
0.423035,-0.566755
0.423222,-0.565813
0.423409,-0.564871
0.423597,-0.563928
0.423784,-0.562986
0.423971,-0.562043
0.424158,-0.561101
0.424345,-0.560159
0.424532,-0.559216
0.424719,-0.558274
0.424907,-0.557331
0.425094,-0.556389
0.425281,-0.555447
0.425468,-0.554504
0.425655,-0.553562
0.425842,-0.55262
0.426029,-0.551677
0.426217,-0.550735
0.426404,-0.549792
0.426591,-0.54885
0.426778,-0.547908
0.426965,-0.546965
0.427152,-0.546023
0.427339,-0.545081
0.427527,-0.544138
0.427714,-0.543196
0.427901,-0.542253
0.428088,-0.541311
0.428275,-0.540369
0.428462,-0.539426
0.428649,-0.538484
0.428837,-0.537542
0.429024,-0.536599
0.429211,-0.535657
0.429398,-0.534714
0.429585,-0.533772
0.429772,-0.53283
0.42996,-0.531887
0.430147,-0.530945
0.430334,-0.530003
0.430521,-0.52906
0.430708,-0.528118
0.430895,-0.527175
0.431082,-0.526233
0.43127,-0.525291
0.431457,-0.524348
0.431644,-0.523406
0.431831,-0.522463
0.432018,-0.521521
0.432205,-0.520579
0.432392,-0.519636
0.43258,-0.518694
0.432767,-0.517752
0.432954,-0.516809
0.433141,-0.515867
0.433328,-0.514924
0.433515,-0.513982
0.433702,-0.51304
0.43389,-0.512097
0.434077,-0.511155
0.434264,-0.510213
0.434451,-0.50927
0.434638,-0.508328
0.434992,-0.508176
0.435346,-0.508025
0.4357,-0.507874
0.436053,-0.507722
0.436407,-0.507571
0.436761,-0.50742
0.437115,-0.507269
0.437468,-0.507117
0.437822,-0.506966
0.438176,-0.506815
0.43853,-0.506663
0.438884,-0.506512
0.439237,-0.506361
0.439591,-0.506209
0.439945,-0.506058
0.440299,-0.505907
0.440653,-0.505755
0.441006,-0.505604
0.44136,-0.505453
0.441714,-0.505301
0.442068,-0.50515
0.442421,-0.504999
0.442775,-0.504847
0.443129,-0.504696
0.443483,-0.504545
0.443837,-0.504393
0.44419,-0.504242
0.444544,-0.504091
0.444898,-0.503939
0.445252,-0.503788
0.445606,-0.503637
0.445959,-0.503485
0.446313,-0.503334
0.446667,-0.503183
0.447021,-0.503031
0.447374,-0.50288
0.447728,-0.502729
0.448082,-0.502577
0.448436,-0.502426
0.44879,-0.502275
0.449143,-0.502123
0.449497,-0.501972
0.449851,-0.501821
0.450205,-0.501669
0.450559,-0.501518
0.450912,-0.501367
0.451266,-0.501215
0.45162,-0.501064
0.451974,-0.500913
0.452327,-0.500761
0.452681,-0.50061
0.453035,-0.500459
0.453389,-0.500307
0.453743,-0.500156
0.454096,-0.500005
0.45445,-0.499853
0.454804,-0.499702
0.455158,-0.499551
0.455512,-0.499399
0.455865,-0.499248
0.456219,-0.499097
0.456573,-0.498946
0.456927,-0.498794
0.45728,-0.498643
0.457634,-0.498492
0.457988,-0.49834
0.458342,-0.498189
0.458696,-0.498038
0.459049,-0.497886
0.459403,-0.497735
0.459757,-0.497584
0.460111,-0.497432
0.460465,-0.497281
0.460818,-0.49713
0.461172,-0.496978
0.461526,-0.496827
0.46188,-0.496676
0.462233,-0.496524
0.462587,-0.496373
0.462941,-0.496222
0.463295,-0.49607
0.463649,-0.495919
0.464002,-0.495768
0.464356,-0.495616
0.46471,-0.495465
0.465064,-0.495314
0.465418,-0.495162
0.465771,-0.495011
0.466125,-0.49486
0.466479,-0.494708
0.466833,-0.494557
0.467186,-0.494406
0.46754,-0.494254
0.467894,-0.494103
0.468248,-0.493952
0.468602,-0.4938
0.468955,-0.493649
0.469309,-0.493498
0.469663,-0.493346
0.470017,-0.493195
0.470371,-0.493044
0.470724,-0.492892
0.471078,-0.492741
0.471432,-0.49259
0.471786,-0.492438
0.472139,-0.492287
0.472493,-0.492136
0.472847,-0.491984
0.473201,-0.491833
0.473555,-0.491682
0.473908,-0.49153
0.474262,-0.491379
0.474616,-0.491228
0.47497,-0.491076
0.475324,-0.490925
0.475677,-0.490774
0.476031,-0.490622
0.476385,-0.490471
0.476739,-0.49032
0.477092,-0.490169
0.477446,-0.490017
0.4778,-0.489866
0.478154,-0.489715
0.478508,-0.489563
0.478861,-0.489412
0.479215,-0.489261
0.479569,-0.489109
0.479923,-0.488958
0.480277,-0.488807
0.48063,-0.488655
0.480984,-0.488504
0.481338,-0.488353
0.481692,-0.488201
0.482045,-0.48805
0.482399,-0.487899
0.482753,-0.487747
0.483107,-0.487596
0.483461,-0.487445
0.483814,-0.487293
0.484168,-0.487142
0.484522,-0.486991
0.484876,-0.486839
0.485229,-0.486688
0.485583,-0.486537
0.485937,-0.486385
0.486291,-0.486234
0.486645,-0.486083
0.486998,-0.485931
0.487352,-0.48578
0.487706,-0.485629
0.488796,-0.485684
0.489886,-0.48574
0.490977,-0.485796
0.492067,-0.485852
0.493157,-0.485908
0.494247,-0.485963
0.495338,-0.486019
0.496428,-0.486075
0.497518,-0.486131
0.498608,-0.486186
0.499699,-0.486242
0.500789,-0.486298
0.501879,-0.486354
0.502969,-0.48641
0.504059,-0.486465
0.50515,-0.486521
0.50624,-0.486577
0.50733,-0.486633
0.50842,-0.486688
0.509511,-0.486744
0.510601,-0.4868
0.511691,-0.486856
0.512781,-0.486912
0.513872,-0.486967
0.514962,-0.487023
0.516052,-0.487079
0.517142,-0.487135
0.518233,-0.48719
0.519323,-0.487246
0.520413,-0.487302
0.521503,-0.487358
0.522593,-0.487414
0.523684,-0.487469
0.524774,-0.487525
0.525864,-0.487581
0.526954,-0.487637
0.528045,-0.487692
0.529135,-0.487748
0.530225,-0.487804
0.531315,-0.48786
0.532406,-0.487916
0.533496,-0.487971
0.534586,-0.488027
0.535676,-0.488083
0.536766,-0.488139
0.537857,-0.488194
0.538947,-0.48825
0.540037,-0.488306
0.541127,-0.488362
0.542218,-0.488418
0.543308,-0.488473
0.544398,-0.488529
0.545488,-0.488585
0.546579,-0.488641
0.547669,-0.488696
0.548759,-0.488752
0.549849,-0.488808
0.550939,-0.488864
0.55203,-0.488919
0.55312,-0.488975
0.55421,-0.489031
0.5553,-0.489087
0.556391,-0.489143
0.557481,-0.489198
0.558571,-0.489254
0.559661,-0.48931
0.560752,-0.489366
0.561842,-0.489421
0.562932,-0.489477
0.564022,-0.489533
0.565113,-0.489589
0.566203,-0.489645
0.567293,-0.4897
0.568383,-0.489756
0.569473,-0.489812
0.570564,-0.489868
0.571654,-0.489923
0.572744,-0.489979
0.573834,-0.490035
0.574925,-0.490091
0.576015,-0.490147
0.577105,-0.490202
0.578195,-0.490258
0.579286,-0.490314
0.580376,-0.49037
0.581466,-0.490425
0.582556,-0.490481
0.583646,-0.490537
0.584737,-0.490593
0.585827,-0.490649
0.586917,-0.490704
0.588007,-0.49076
0.589098,-0.490816
0.590188,-0.490872
0.591278,-0.490927
0.592368,-0.490983
0.593459,-0.491039
0.594549,-0.491095
0.595639,-0.491151
0.596729,-0.491206
0.59782,-0.491262
0.59891,-0.491318
0.6,-0.491374
0.60109,-0.491429
0.60218,-0.491485
0.603271,-0.491541
0.604361,-0.491597
0.605451,-0.491653
0.606541,-0.491708
0.607632,-0.491764
0.608722,-0.49182
0.609812,-0.491876
0.610902,-0.491931
0.611993,-0.491987
0.613083,-0.492043
0.614173,-0.492099
0.615263,-0.492155
0.616353,-0.49221
0.617444,-0.492266
0.618534,-0.492322
0.619624,-0.492378
0.620714,-0.492433
0.621805,-0.492489
0.622895,-0.492545
0.623985,-0.492601
0.625075,-0.492657
0.626166,-0.492712
0.627256,-0.492768
0.628346,-0.492824
0.629436,-0.49288
0.630526,-0.492935
0.631617,-0.492991
0.632707,-0.493047
0.633797,-0.493103
0.634887,-0.493159
0.635978,-0.493214
0.637068,-0.49327
0.638158,-0.493326
0.639248,-0.493382
0.640339,-0.493437
0.641429,-0.493493
0.642519,-0.493549
0.643609,-0.493605
0.6447,-0.49366
0.64579,-0.493716
0.64688,-0.493772
0.64797,-0.493828
0.64906,-0.493884
0.650151,-0.493939
