O
10
1,0,-1,0.78,-0.5,0.75,0.0,0.0,0.0,0.3,0.4,0.02,0,0.8,False
2,0,-1,1.1,-0.5,0.93,0.0,0.0,0.0,0.02,0.4,0.2,0,0.8,False
3,0,-1,0.78,-0.5,1.11,0.0,0.0,0.0,0.3,0.4,0.02,0,0.8,False
4,0,-1,0.8,-0.92,0.93,0.0,0.0,0.0,0.32,0.02,0.2,0,0.8,False
5,0,-1,0.8,-0.08,0.93,0.0,0.0,0.0,0.32,0.02,0.2,0,0.8,False
6,2,0,0.668538998262314,-0.3607191459433288,0.8699872293393129,0.0,0.0,5.764644130237155,0.06069916527442668,0.06069916527442668,0.19997445867862582,0.13206756730133007,0.8038943097795369,False
7,0,0,0.7095157162396571,-0.7532207434868723,0.9088848510052834,0.0,0.0,4.481622561557639,0.041045443334060405,0.044486460361505394,0.13888485100528336,0.4988204130474304,0.9634766295643112,False
8,2,0,0.8475715226850231,-0.5381789973304225,0.8450000000000001,0.0,0.0,0.17790222569529726,0.03,0.03,0.15,0.38685806664394473,0.9566842207904788,False
9,2,0,0.8614058742002497,-0.2994809961707352,0.8584996023666557,0.0,0.0,3.657577885038294,0.03,0.03,0.17699920473331132,0.347893683637214,0.9987397029329119,False
10,0,0,0.7485578402630011,-0.6325122567256425,0.86,0.0,0.0,3.8186002245580792,0.03,0.03,0.09,0.061014322907972984,1.1989112223445972,False
R
0.0,0.0,0.0,0.0,0.0,0.0,1.0
S
8
torso_lift_joint,0
r_shoulder_pan_joint,-1.69017
r_shoulder_lift_joint,-0.0788625
r_upper_arm_roll_joint,-1.69017
r_elbow_flex_joint,-1.2717
r_forearm_roll_joint,-0.151824
r_wrist_flex_joint,-1.25254
r_wrist_roll_joint,0.675062
G
0.622401,-0.732753,0.908885,2.91083,-3.14159,3.14159
ooi
7
A
599
0.310248,-0.673113
0.310857,-0.673769
0.311466,-0.674425
0.312075,-0.67508
0.312684,-0.675736
0.313293,-0.676392
0.313902,-0.677048
0.314511,-0.677704
0.31512,-0.678359
0.315729,-0.679015
0.316338,-0.679671
0.316947,-0.680327
0.317555,-0.680983
0.318164,-0.681638
0.318773,-0.682294
0.319382,-0.68295
0.319991,-0.683606
0.3206,-0.684262
0.321209,-0.684917
0.321818,-0.685573
0.322427,-0.686229
0.323036,-0.686885
0.323645,-0.687541
0.324254,-0.688196
0.324863,-0.688852
0.325472,-0.689508
0.326081,-0.690164
0.32669,-0.69082
0.327299,-0.691475
0.327908,-0.692131
0.328516,-0.692787
0.329125,-0.693443
0.329734,-0.694099
0.330343,-0.694754
0.330952,-0.69541
0.331561,-0.696066
0.33217,-0.696722
0.332779,-0.697378
0.333388,-0.698033
0.333997,-0.698689
0.334606,-0.699345
0.335215,-0.700001
0.335824,-0.700657
0.336433,-0.701312
0.337042,-0.701968
0.337651,-0.702624
0.33826,-0.70328
0.338868,-0.703936
0.339477,-0.704591
0.340086,-0.705247
0.340695,-0.705903
0.341304,-0.706559
0.341913,-0.707215
0.342522,-0.70787
0.343131,-0.708526
0.34374,-0.709182
0.344349,-0.709838
0.344958,-0.710494
0.345567,-0.711149
0.346176,-0.711805
0.346785,-0.712461
0.347394,-0.713117
0.348003,-0.713773
0.348612,-0.714428
0.34922,-0.715084
0.349829,-0.71574
0.350438,-0.716396
0.351047,-0.717052
0.351656,-0.717707
0.352265,-0.718363
0.352874,-0.719019
0.353483,-0.719675
0.354092,-0.720331
0.354701,-0.720986
0.35531,-0.721642
0.355919,-0.722298
0.356528,-0.722954
0.357137,-0.72361
0.357746,-0.724265
0.358355,-0.724921
0.358964,-0.725577
0.359573,-0.726233
0.360181,-0.726889
0.36079,-0.727544
0.361399,-0.7282
0.362008,-0.728856
0.362617,-0.729512
0.363226,-0.730168
0.363835,-0.730823
0.364444,-0.731479
0.365053,-0.732135
0.365662,-0.732791
0.366271,-0.733447
0.36688,-0.734102
0.367489,-0.734758
0.368098,-0.735414
0.368707,-0.73607
0.369316,-0.736726
0.369925,-0.737381
0.370533,-0.738037
0.371142,-0.738693
0.371751,-0.739349
0.37236,-0.740005
0.372969,-0.74066
0.373578,-0.741316
0.374187,-0.741972
0.374796,-0.742628
0.375405,-0.743284
0.376014,-0.743939
0.376623,-0.744595
0.377232,-0.745251
0.377841,-0.745907
0.37845,-0.746563
0.379059,-0.747218
0.379668,-0.747874
0.380277,-0.74853
0.380885,-0.749186
0.381494,-0.749842
0.382103,-0.750497
0.382712,-0.751153
0.383321,-0.751809
0.38393,-0.752465
0.384539,-0.753121
0.385148,-0.753776
0.385757,-0.754432
0.386366,-0.755088
0.386975,-0.755744
0.387584,-0.7564
0.388193,-0.757055
0.388802,-0.757711
0.389411,-0.758367
0.39002,-0.759023
0.390629,-0.759679
0.391238,-0.760334
0.391846,-0.76099
0.392455,-0.761646
0.393064,-0.762302
0.393673,-0.762958
0.394282,-0.763613
0.394891,-0.764269
0.3955,-0.764925
0.396109,-0.765581
0.396718,-0.766237
0.397327,-0.766892
0.397936,-0.767548
0.398545,-0.768204
0.399154,-0.76886
0.399763,-0.769516
0.400372,-0.770171
0.400981,-0.770827
0.40159,-0.771483
0.401465,-0.77171
0.40134,-0.771937
0.401215,-0.772164
0.40109,-0.772391
0.400965,-0.772617
0.40084,-0.772844
0.400715,-0.773071
0.40059,-0.773298
0.400466,-0.773525
0.400341,-0.773752
0.400216,-0.773979
0.400091,-0.774206
0.399966,-0.774432
0.399841,-0.774659
0.399716,-0.774886
0.399591,-0.775113
0.399467,-0.77534
0.399342,-0.775567
0.399217,-0.775794
0.399092,-0.776021
0.398967,-0.776247
0.398842,-0.776474
0.398717,-0.776701
0.398592,-0.776928
0.398467,-0.777155
0.398343,-0.777382
0.398218,-0.777609
0.398093,-0.777836
0.397968,-0.778062
0.397843,-0.778289
0.397718,-0.778516
0.397593,-0.778743
0.397468,-0.77897
0.397344,-0.779197
0.397219,-0.779424
0.397094,-0.77965
0.396969,-0.779877
0.396844,-0.780104
0.396719,-0.780331
0.396594,-0.780558
0.396469,-0.780785
0.396344,-0.781012
0.39622,-0.781239
0.396095,-0.781465
0.39597,-0.781692
0.395845,-0.781919
0.39572,-0.782146
0.395595,-0.782373
0.39547,-0.7826
0.395345,-0.782827
0.395221,-0.783054
0.395096,-0.78328
0.394971,-0.783507
0.394846,-0.783734
0.394721,-0.783961
0.394596,-0.784188
0.394471,-0.784415
0.394346,-0.784642
0.394221,-0.784869
0.394097,-0.785095
0.393972,-0.785322
0.393847,-0.785549
0.393722,-0.785776
0.393597,-0.786003
0.393472,-0.78623
0.393347,-0.786457
0.393222,-0.786684
0.393098,-0.78691
0.392973,-0.787137
0.392848,-0.787364
0.392723,-0.787591
0.392598,-0.787818
0.392473,-0.788045
0.392348,-0.788272
0.392223,-0.788499
0.392099,-0.788725
0.391974,-0.788952
0.391849,-0.789179
0.391724,-0.789406
0.391599,-0.789633
0.391474,-0.78986
0.391349,-0.790087
0.391224,-0.790313
0.391099,-0.79054
0.390975,-0.790767
0.39085,-0.790994
0.390725,-0.791221
0.3906,-0.791448
0.390475,-0.791675
0.39035,-0.791902
0.390225,-0.792128
0.3901,-0.792355
0.389976,-0.792582
0.389851,-0.792809
0.389726,-0.793036
0.389601,-0.793263
0.389476,-0.79349
0.389351,-0.793717
0.389226,-0.793943
0.389101,-0.79417
0.388976,-0.794397
0.388852,-0.794624
0.388727,-0.794851
0.388602,-0.795078
0.388477,-0.795305
0.388352,-0.795532
0.388227,-0.795758
0.388102,-0.795985
0.387977,-0.796212
0.387853,-0.796439
0.387728,-0.796666
0.387603,-0.796893
0.387478,-0.79712
0.387353,-0.797347
0.387228,-0.797573
0.387103,-0.7978
0.386978,-0.798027
0.386853,-0.798254
0.386729,-0.798481
0.386604,-0.798708
0.386479,-0.798935
0.386354,-0.799162
0.386229,-0.799388
0.386104,-0.799615
0.385979,-0.799842
0.385854,-0.800069
0.38573,-0.800296
0.385605,-0.800523
0.38548,-0.80075
0.385355,-0.800976
0.38523,-0.801203
0.385105,-0.80143
0.38498,-0.801657
0.384855,-0.801884
0.38473,-0.802111
0.384606,-0.802338
0.384481,-0.802565
0.384356,-0.802791
0.384231,-0.803018
0.384106,-0.803245
0.383981,-0.803472
0.383856,-0.803699
0.383731,-0.803926
0.383607,-0.804153
0.383482,-0.80438
0.383357,-0.804606
0.383232,-0.804833
0.383107,-0.80506
0.382982,-0.805287
0.383642,-0.805044
0.384303,-0.804801
0.384963,-0.804558
0.385623,-0.804315
0.386284,-0.804073
0.386944,-0.80383
0.387604,-0.803587
0.388265,-0.803344
0.388925,-0.803101
0.389585,-0.802858
0.390246,-0.802615
0.390906,-0.802372
0.391566,-0.802129
0.392227,-0.801886
0.392887,-0.801644
0.393547,-0.801401
0.394208,-0.801158
0.394868,-0.800915
0.395528,-0.800672
0.396189,-0.800429
0.396849,-0.800186
0.397509,-0.799943
0.39817,-0.7997
0.39883,-0.799457
0.39949,-0.799215
0.400151,-0.798972
0.400811,-0.798729
0.401471,-0.798486
0.402132,-0.798243
0.402792,-0.798
0.403452,-0.797757
0.404113,-0.797514
0.404773,-0.797271
0.405433,-0.797028
0.406094,-0.796786
0.406754,-0.796543
0.407414,-0.7963
0.408075,-0.796057
0.408735,-0.795814
0.409395,-0.795571
0.410056,-0.795328
0.410716,-0.795085
0.411376,-0.794842
0.412037,-0.794599
0.412697,-0.794357
0.413357,-0.794114
0.414018,-0.793871
0.414678,-0.793628
0.415338,-0.793385
0.415999,-0.793142
0.416659,-0.792899
0.417319,-0.792656
0.41798,-0.792413
0.41864,-0.79217
0.4193,-0.791928
0.419961,-0.791685
0.420621,-0.791442
0.421281,-0.791199
0.421942,-0.790956
0.422602,-0.790713
0.423262,-0.79047
0.423923,-0.790227
0.424583,-0.789984
0.425243,-0.789741
0.425904,-0.789499
0.426564,-0.789256
0.427224,-0.789013
0.427885,-0.78877
0.428545,-0.788527
0.429205,-0.788284
0.429866,-0.788041
0.430526,-0.787798
0.431186,-0.787555
0.431847,-0.787312
0.432507,-0.78707
0.433167,-0.786827
0.433828,-0.786584
0.434488,-0.786341
0.435148,-0.786098
0.435809,-0.785855
0.436469,-0.785612
0.437129,-0.785369
0.43779,-0.785126
0.43845,-0.784883
0.43911,-0.784641
0.439771,-0.784398
0.440431,-0.784155
0.441091,-0.783912
0.441752,-0.783669
0.442412,-0.783426
0.443072,-0.783183
0.443733,-0.78294
0.444393,-0.782697
0.445053,-0.782454
0.445714,-0.782212
0.446374,-0.781969
0.447034,-0.781726
0.447695,-0.781483
0.448355,-0.78124
0.449015,-0.780997
0.449676,-0.780754
0.450336,-0.780511
0.450996,-0.780268
0.451657,-0.780025
0.452317,-0.779783
0.452977,-0.77954
0.453638,-0.779297
0.454298,-0.779054
0.454958,-0.778811
0.455619,-0.778568
0.456279,-0.778325
0.456939,-0.778082
0.4576,-0.777839
0.45826,-0.777596
0.45892,-0.777354
0.459581,-0.777111
0.460241,-0.776868
0.460901,-0.776625
0.461562,-0.776382
0.462222,-0.776139
0.462882,-0.775896
0.463543,-0.775653
0.464203,-0.77541
0.464863,-0.775167
0.465524,-0.774925
0.466184,-0.774682
0.466844,-0.774439
0.467505,-0.774196
0.468165,-0.773953
0.468825,-0.77371
0.469486,-0.773467
0.470146,-0.773224
0.470806,-0.772981
0.471467,-0.772738
0.472127,-0.772496
0.472787,-0.772253
0.473448,-0.77201
0.474108,-0.771767
0.474768,-0.771524
0.475429,-0.771281
0.476089,-0.771038
0.476749,-0.770795
0.47741,-0.770552
0.47807,-0.770309
0.47873,-0.770067
0.479391,-0.769824
0.480051,-0.769581
0.480711,-0.769338
0.481372,-0.769095
0.482032,-0.768852
0.482974,-0.76861
0.483916,-0.768368
0.484858,-0.768125
0.4858,-0.767883
0.486742,-0.767641
0.487685,-0.767398
0.488627,-0.767156
0.489569,-0.766914
0.490511,-0.766672
0.491453,-0.766429
0.492395,-0.766187
0.493337,-0.765945
0.494279,-0.765702
0.495221,-0.76546
0.496163,-0.765218
0.497105,-0.764976
0.498047,-0.764733
0.498989,-0.764491
0.499932,-0.764249
0.500874,-0.764007
0.501816,-0.763764
0.502758,-0.763522
0.5037,-0.76328
0.504642,-0.763037
0.505584,-0.762795
0.506526,-0.762553
0.507468,-0.762311
0.50841,-0.762068
0.509352,-0.761826
0.510294,-0.761584
0.511236,-0.761342
0.512179,-0.761099
0.513121,-0.760857
0.514063,-0.760615
0.515005,-0.760372
0.515947,-0.76013
0.516889,-0.759888
0.517831,-0.759646
0.518773,-0.759403
0.519715,-0.759161
0.520657,-0.758919
0.521599,-0.758677
0.522541,-0.758434
0.523483,-0.758192
0.524426,-0.75795
0.525368,-0.757707
0.52631,-0.757465
0.527252,-0.757223
0.528194,-0.756981
0.529136,-0.756738
0.530078,-0.756496
0.53102,-0.756254
0.531962,-0.756011
0.532904,-0.755769
0.533846,-0.755527
0.534788,-0.755285
0.53573,-0.755042
0.536673,-0.7548
0.537615,-0.754558
0.538557,-0.754316
0.539499,-0.754073
0.540441,-0.753831
0.541383,-0.753589
0.542325,-0.753346
0.543267,-0.753104
0.544209,-0.752862
0.545151,-0.75262
0.546093,-0.752377
0.547035,-0.752135
0.547977,-0.751893
0.548919,-0.751651
0.549862,-0.751408
0.550804,-0.751166
0.551746,-0.750924
0.552688,-0.750681
0.55363,-0.750439
0.554572,-0.750197
0.555514,-0.749955
0.556456,-0.749712
0.557398,-0.74947
0.55834,-0.749228
0.559282,-0.748986
0.560224,-0.748743
0.561166,-0.748501
0.562109,-0.748259
0.563051,-0.748016
0.563993,-0.747774
0.564935,-0.747532
0.565877,-0.74729
0.566819,-0.747047
0.567761,-0.746805
0.568703,-0.746563
0.569645,-0.74632
0.570587,-0.746078
0.571529,-0.745836
0.572471,-0.745594
0.573413,-0.745351
0.574356,-0.745109
0.575298,-0.744867
0.57624,-0.744625
0.577182,-0.744382
0.578124,-0.74414
0.579066,-0.743898
0.580008,-0.743655
0.58095,-0.743413
0.581892,-0.743171
0.582834,-0.742929
0.583776,-0.742686
0.584718,-0.742444
0.58566,-0.742202
0.586603,-0.74196
0.587545,-0.741717
0.588487,-0.741475
0.589429,-0.741233
0.590371,-0.74099
0.591313,-0.740748
0.592255,-0.740506
0.593197,-0.740264
0.594139,-0.740021
0.595081,-0.739779
0.596023,-0.739537
0.596965,-0.739294
0.597907,-0.739052
0.59885,-0.73881
0.599792,-0.738568
0.600734,-0.738325
0.601676,-0.738083
0.602618,-0.737841
0.60356,-0.737599
0.604502,-0.737356
0.605444,-0.737114
0.606386,-0.736872
0.607328,-0.736629
0.60827,-0.736387
0.609212,-0.736145
0.610154,-0.735903
0.611097,-0.73566
0.612039,-0.735418
0.612981,-0.735176
0.613923,-0.734934
0.614865,-0.734691
0.615807,-0.734449
0.616749,-0.734207
0.617691,-0.733964
0.618633,-0.733722
0.619575,-0.73348
0.620517,-0.733238
0.621459,-0.732995
0.622401,-0.732753
