O
10
1,0,-1,0.78,-0.5,0.75,0.0,0.0,0.0,0.3,0.4,0.02,0,0.8,False
2,0,-1,1.1,-0.5,0.93,0.0,0.0,0.0,0.02,0.4,0.2,0,0.8,False
3,0,-1,0.78,-0.5,1.11,0.0,0.0,0.0,0.3,0.4,0.02,0,0.8,False
4,0,-1,0.8,-0.92,0.93,0.0,0.0,0.0,0.32,0.02,0.2,0,0.8,False
5,0,-1,0.8,-0.08,0.93,0.0,0.0,0.0,0.32,0.02,0.2,0,0.8,False
6,0,0,0.6267941159536473,-0.49590338640008025,0.9138794929430596,0.0,0.0,1.5739639405726487,0.03,0.045063602157552965,0.14387949294305957,0.12630800566347283,0.8153151996274045,False
7,0,0,0.7270881067820419,-0.2730809214476273,0.879597611909544,0.0,0.0,5.682745423159102,0.03947395928570271,0.03,0.10959761190954394,0.39585180807557724,1.1276736736691806,False
8,2,0,1.0292176141351794,-0.2193331199851597,0.8450000000000001,0.0,0.0,2.8198081538286046,0.03,0.03,0.15,0.20372334787526963,1.099616107477587,False
9,2,0,0.9515665435914915,-0.5373173251861553,0.8450000000000001,0.0,0.0,0.16167527534224643,0.034468233094787824,0.034468233094787824,0.15,0.05564376278324373,0.9515936158442106,False
10,2,0,0.9644299294760807,-0.3225409430047005,0.8652592593962408,0.0,0.0,0.6323948257124151,0.031103363102511637,0.031103363102511637,0.19051851879248174,0.49730570715633066,0.888192372371838,False
R
0.0,0.0,0.0,0.0,0.0,0.0,1.0
S
8
torso_lift_joint,0
r_shoulder_pan_joint,-1.69017
r_shoulder_lift_joint,-0.0788625
r_upper_arm_roll_joint,-1.69017
r_elbow_flex_joint,-1.2717
r_forearm_roll_joint,-0.151824
r_wrist_flex_joint,-1.25254
r_wrist_roll_joint,0.675062
G
0.536731,-0.496189,0.913879,0.00316761,-0,0
ooi
6
A
599
0.310248,-0.673113
0.309861,-0.672773
0.309473,-0.672434
0.309085,-0.672094
0.308698,-0.671754
0.30831,-0.671415
0.307923,-0.671075
0.307535,-0.670735
0.307148,-0.670395
0.30676,-0.670056
0.306372,-0.669716
0.305985,-0.669376
0.305597,-0.669037
0.30521,-0.668697
0.304822,-0.668357
0.304435,-0.668017
0.304047,-0.667678
0.303659,-0.667338
0.303272,-0.666998
0.302884,-0.666659
0.302497,-0.666319
0.302109,-0.665979
0.301721,-0.665639
0.301334,-0.6653
0.300946,-0.66496
0.300559,-0.66462
0.300171,-0.664281
0.299784,-0.663941
0.299396,-0.663601
0.299008,-0.663261
0.298621,-0.662922
0.298233,-0.662582
0.297846,-0.662242
0.297458,-0.661903
0.297071,-0.661563
0.296683,-0.661223
0.296295,-0.660884
0.295908,-0.660544
0.29552,-0.660204
0.295133,-0.659864
0.294745,-0.659525
0.294358,-0.659185
0.29397,-0.658845
0.293582,-0.658506
0.293195,-0.658166
0.292807,-0.657826
0.29242,-0.657486
0.292032,-0.657147
0.291644,-0.656807
0.291257,-0.656467
0.290869,-0.656128
0.290482,-0.655788
0.290094,-0.655448
0.289707,-0.655108
0.289319,-0.654769
0.288931,-0.654429
0.288544,-0.654089
0.288156,-0.65375
0.287769,-0.65341
0.287381,-0.65307
0.286994,-0.65273
0.286606,-0.652391
0.286218,-0.652051
0.285831,-0.651711
0.285443,-0.651372
0.285056,-0.651032
0.284668,-0.650692
0.284281,-0.650353
0.283893,-0.650013
0.283505,-0.649673
0.283118,-0.649333
0.28273,-0.648994
0.282343,-0.648654
0.281955,-0.648314
0.281567,-0.647975
0.28118,-0.647635
0.280792,-0.647295
0.280405,-0.646955
0.280017,-0.646616
0.27963,-0.646276
0.279242,-0.645936
0.278854,-0.645597
0.278467,-0.645257
0.278079,-0.644917
0.277692,-0.644577
0.277304,-0.644238
0.276917,-0.643898
0.276529,-0.643558
0.276141,-0.643219
0.275754,-0.642879
0.275366,-0.642539
0.274979,-0.642199
0.274591,-0.64186
0.274204,-0.64152
0.273816,-0.64118
0.273428,-0.640841
0.273041,-0.640501
0.272653,-0.640161
0.272266,-0.639822
0.271878,-0.639482
0.27149,-0.639142
0.271103,-0.638802
0.270715,-0.638463
0.270328,-0.638123
0.26994,-0.637783
0.269553,-0.637444
0.269165,-0.637104
0.268777,-0.636764
0.26839,-0.636424
0.268002,-0.636085
0.267615,-0.635745
0.267227,-0.635405
0.26684,-0.635066
0.266452,-0.634726
0.266064,-0.634386
0.265677,-0.634046
0.265289,-0.633707
0.264902,-0.633367
0.264514,-0.633027
0.264127,-0.632688
0.263739,-0.632348
0.263351,-0.632008
0.262964,-0.631668
0.262576,-0.631329
0.262189,-0.630989
0.261801,-0.630649
0.261413,-0.63031
0.261026,-0.62997
0.260638,-0.62963
0.260251,-0.62929
0.259863,-0.628951
0.259476,-0.628611
0.259088,-0.628271
0.2587,-0.627932
0.258313,-0.627592
0.257925,-0.627252
0.257538,-0.626913
0.25715,-0.626573
0.256763,-0.626233
0.256375,-0.625893
0.255987,-0.625554
0.2556,-0.625214
0.255212,-0.624874
0.254825,-0.624535
0.254437,-0.624195
0.25405,-0.623855
0.253662,-0.623515
0.253274,-0.623176
0.252887,-0.622836
0.252499,-0.622496
0.252112,-0.622157
0.252315,-0.623149
0.252518,-0.62414
0.252721,-0.625132
0.252924,-0.626124
0.253127,-0.627116
0.25333,-0.628108
0.253533,-0.6291
0.253736,-0.630092
0.253939,-0.631084
0.254141,-0.632076
0.254344,-0.633068
0.254547,-0.63406
0.25475,-0.635052
0.254953,-0.636044
0.255156,-0.637036
0.255359,-0.638028
0.255562,-0.63902
0.255765,-0.640012
0.255968,-0.641004
0.256171,-0.641996
0.256374,-0.642988
0.256577,-0.64398
0.25678,-0.644971
0.256983,-0.645963
0.257186,-0.646955
0.257389,-0.647947
0.257592,-0.648939
0.257795,-0.649931
0.257998,-0.650923
0.258201,-0.651915
0.258404,-0.652907
0.258607,-0.653899
0.25881,-0.654891
0.259013,-0.655883
0.259216,-0.656875
0.259419,-0.657867
0.259622,-0.658859
0.259825,-0.659851
0.260028,-0.660843
0.260231,-0.661835
0.260434,-0.662827
0.260637,-0.663819
0.26084,-0.664811
0.261043,-0.665803
0.261246,-0.666794
0.261449,-0.667786
0.261652,-0.668778
0.261855,-0.66977
0.262058,-0.670762
0.262261,-0.671754
0.262464,-0.672746
0.262667,-0.673738
0.26287,-0.67473
0.263073,-0.675722
0.263276,-0.676714
0.263479,-0.677706
0.263682,-0.678698
0.263885,-0.67969
0.264088,-0.680682
0.264291,-0.681674
0.264494,-0.682666
0.264697,-0.683658
0.2649,-0.68465
0.265103,-0.685642
0.265306,-0.686634
0.265509,-0.687625
0.265712,-0.688617
0.265915,-0.689609
0.266118,-0.690601
0.266321,-0.691593
0.266524,-0.692585
0.266727,-0.693577
0.26693,-0.694569
0.267133,-0.695561
0.267336,-0.696553
0.267539,-0.697545
0.267742,-0.698537
0.267945,-0.699529
0.268148,-0.700521
0.268351,-0.701513
0.268554,-0.702505
0.268756,-0.703497
0.268959,-0.704489
0.269162,-0.705481
0.269365,-0.706473
0.269568,-0.707465
0.269771,-0.708456
0.269974,-0.709448
0.270177,-0.71044
0.27038,-0.711432
0.270583,-0.712424
0.270786,-0.713416
0.270989,-0.714408
0.271192,-0.7154
0.271395,-0.716392
0.271598,-0.717384
0.271801,-0.718376
0.272004,-0.719368
0.272207,-0.72036
0.27241,-0.721352
0.272613,-0.722344
0.272816,-0.723336
0.273019,-0.724328
0.273222,-0.72532
0.273425,-0.726312
0.273628,-0.727304
0.273831,-0.728296
0.274034,-0.729287
0.274237,-0.730279
0.27444,-0.731271
0.274643,-0.732263
0.274846,-0.733255
0.275049,-0.734247
0.275252,-0.735239
0.275455,-0.736231
0.275658,-0.737223
0.275861,-0.738215
0.276064,-0.739207
0.276267,-0.740199
0.27647,-0.741191
0.276673,-0.742183
0.276876,-0.743175
0.277079,-0.744167
0.277282,-0.745159
0.277485,-0.746151
0.277688,-0.747143
0.277891,-0.748135
0.278094,-0.749127
0.278297,-0.750118
0.2785,-0.75111
0.278703,-0.752102
0.278906,-0.753094
0.279109,-0.754086
0.279312,-0.755078
0.279515,-0.75607
0.279718,-0.757062
0.279921,-0.758054
0.280124,-0.759046
0.280327,-0.760038
0.28053,-0.76103
0.280733,-0.762022
0.280936,-0.763014
0.281139,-0.764006
0.281342,-0.764998
0.281545,-0.76599
0.281748,-0.766982
0.281951,-0.767974
0.282154,-0.768966
0.282357,-0.769958
0.28347,-0.769632
0.284584,-0.769307
0.285697,-0.768981
0.28681,-0.768656
0.287924,-0.768331
0.289037,-0.768005
0.290151,-0.76768
0.291264,-0.767354
0.292378,-0.767029
0.293491,-0.766704
0.294605,-0.766378
0.295718,-0.766053
0.296832,-0.765728
0.297945,-0.765402
0.299059,-0.765077
0.300172,-0.764751
0.301286,-0.764426
0.302399,-0.764101
0.303512,-0.763775
0.304626,-0.76345
0.305739,-0.763125
0.306853,-0.762799
0.307966,-0.762474
0.30908,-0.762148
0.310193,-0.761823
0.311307,-0.761498
0.31242,-0.761172
0.313534,-0.760847
0.314647,-0.760521
0.315761,-0.760196
0.316874,-0.759871
0.317988,-0.759545
0.319101,-0.75922
0.320215,-0.758895
0.321328,-0.758569
0.322441,-0.758244
0.323555,-0.757918
0.324668,-0.757593
0.325782,-0.757268
0.326895,-0.756942
0.328009,-0.756617
0.329122,-0.756292
0.330236,-0.755966
0.331349,-0.755641
0.332463,-0.755315
0.333576,-0.75499
0.33469,-0.754665
0.335803,-0.754339
0.336917,-0.754014
0.33803,-0.753688
0.339144,-0.753363
0.340257,-0.753038
0.34137,-0.752712
0.342484,-0.752387
0.343597,-0.752062
0.344711,-0.751736
0.345824,-0.751411
0.346938,-0.751085
0.348051,-0.75076
0.349165,-0.750435
0.350278,-0.750109
0.351392,-0.749784
0.352505,-0.749459
0.353619,-0.749133
0.354732,-0.748808
0.355846,-0.748482
0.356959,-0.748157
0.358072,-0.747832
0.359186,-0.747506
0.360299,-0.747181
0.361413,-0.746855
0.362526,-0.74653
0.36364,-0.746205
0.364753,-0.745879
0.365867,-0.745554
0.36698,-0.745229
0.368094,-0.744903
0.369207,-0.744578
0.370321,-0.744252
0.371434,-0.743927
0.372548,-0.743602
0.373661,-0.743276
0.374775,-0.742951
0.375888,-0.742626
0.377001,-0.7423
0.378115,-0.741975
0.379228,-0.741649
0.380342,-0.741324
0.381455,-0.740999
0.382569,-0.740673
0.383682,-0.740348
0.384796,-0.740022
0.385909,-0.739697
0.387023,-0.739372
0.388136,-0.739046
0.38925,-0.738721
0.390363,-0.738396
0.391477,-0.73807
0.39259,-0.737745
0.393704,-0.737419
0.394817,-0.737094
0.39593,-0.736769
0.397044,-0.736443
0.398157,-0.736118
0.399271,-0.735793
0.400384,-0.735467
0.401498,-0.735142
0.402611,-0.734816
0.403725,-0.734491
0.404838,-0.734166
0.405952,-0.73384
0.407065,-0.733515
0.408179,-0.733189
0.409292,-0.732864
0.410406,-0.732539
0.411519,-0.732213
0.412633,-0.731888
0.413746,-0.731563
0.414859,-0.731237
0.415973,-0.730912
0.417086,-0.730586
0.4182,-0.730261
0.419313,-0.729936
0.420427,-0.72961
0.42154,-0.729285
0.422654,-0.728959
0.423767,-0.728634
0.424881,-0.728309
0.425994,-0.727983
0.427108,-0.727658
0.428221,-0.727333
0.429335,-0.727007
0.430448,-0.726682
0.431561,-0.726356
0.432675,-0.726031
0.433788,-0.725706
0.434902,-0.72538
0.436015,-0.725055
0.437129,-0.72473
0.438242,-0.724404
0.439356,-0.724079
0.440469,-0.723753
0.441583,-0.723428
0.442696,-0.723103
0.44381,-0.722777
0.444923,-0.722452
0.446037,-0.722126
0.44715,-0.721801
0.448264,-0.721476
0.449377,-0.72115
0.449963,-0.719641
0.45055,-0.718131
0.451136,-0.716621
0.451722,-0.715111
0.452308,-0.713601
0.452895,-0.712091
0.453481,-0.710582
0.454067,-0.709072
0.454653,-0.707562
0.45524,-0.706052
0.455826,-0.704542
0.456412,-0.703033
0.456998,-0.701523
0.457585,-0.700013
0.458171,-0.698503
0.458757,-0.696993
0.459344,-0.695484
0.45993,-0.693974
0.460516,-0.692464
0.461102,-0.690954
0.461689,-0.689444
0.462275,-0.687935
0.462861,-0.686425
0.463447,-0.684915
0.464034,-0.683405
0.46462,-0.681895
0.465206,-0.680385
0.465793,-0.678876
0.466379,-0.677366
0.466965,-0.675856
0.467551,-0.674346
0.468138,-0.672836
0.468724,-0.671327
0.46931,-0.669817
0.469896,-0.668307
0.470483,-0.666797
0.471069,-0.665287
0.471655,-0.663778
0.472241,-0.662268
0.472828,-0.660758
0.473414,-0.659248
0.474,-0.657738
0.474587,-0.656229
0.475173,-0.654719
0.475759,-0.653209
0.476345,-0.651699
0.476932,-0.650189
0.477518,-0.648679
0.478104,-0.64717
0.47869,-0.64566
0.479277,-0.64415
0.479863,-0.64264
0.480449,-0.64113
0.481035,-0.639621
0.481622,-0.638111
0.482208,-0.636601
0.482794,-0.635091
0.483381,-0.633581
0.483967,-0.632072
0.484553,-0.630562
0.485139,-0.629052
0.485726,-0.627542
0.486312,-0.626032
0.486898,-0.624523
0.487484,-0.623013
0.488071,-0.621503
0.488657,-0.619993
0.489243,-0.618483
0.48983,-0.616973
0.490416,-0.615464
0.491002,-0.613954
0.491588,-0.612444
0.492175,-0.610934
0.492761,-0.609424
0.493347,-0.607915
0.493933,-0.606405
0.49452,-0.604895
0.495106,-0.603385
0.495692,-0.601875
0.496278,-0.600366
0.496865,-0.598856
0.497451,-0.597346
0.498037,-0.595836
0.498624,-0.594326
0.49921,-0.592817
0.499796,-0.591307
0.500382,-0.589797
0.500969,-0.588287
0.501555,-0.586777
0.502141,-0.585267
0.502727,-0.583758
0.503314,-0.582248
0.5039,-0.580738
0.504486,-0.579228
0.505072,-0.577718
0.505659,-0.576209
0.506245,-0.574699
0.506831,-0.573189
0.507418,-0.571679
0.508004,-0.570169
0.50859,-0.56866
0.509176,-0.56715
0.509763,-0.56564
0.510349,-0.56413
0.510935,-0.56262
0.511521,-0.56111
0.512108,-0.559601
0.512694,-0.558091
0.51328,-0.556581
0.513867,-0.555071
0.514453,-0.553561
0.515039,-0.552052
0.515625,-0.550542
0.516212,-0.549032
0.516798,-0.547522
0.517384,-0.546012
0.51797,-0.544503
0.518557,-0.542993
0.519143,-0.541483
0.519729,-0.539973
0.520315,-0.538463
0.520902,-0.536954
0.521488,-0.535444
0.522074,-0.533934
0.522661,-0.532424
0.523247,-0.530914
0.523833,-0.529404
0.524419,-0.527895
0.525006,-0.526385
0.525592,-0.524875
0.526178,-0.523365
0.526764,-0.521855
0.527351,-0.520346
0.527937,-0.518836
0.528523,-0.517326
0.529109,-0.515816
0.529696,-0.514306
0.530282,-0.512797
0.530868,-0.511287
0.531455,-0.509777
0.532041,-0.508267
0.532627,-0.506757
0.533213,-0.505248
0.5338,-0.503738
0.534386,-0.502228
0.534972,-0.500718
0.535558,-0.499208
0.536145,-0.497698
0.536731,-0.496189
