O
10
1,0,-1,0.78,-0.5,0.75,0.0,0.0,0.0,0.3,0.4,0.02,0,0.8,False
2,0,-1,1.1,-0.5,0.93,0.0,0.0,0.0,0.02,0.4,0.2,0,0.8,False
3,0,-1,0.78,-0.5,1.11,0.0,0.0,0.0,0.3,0.4,0.02,0,0.8,False
4,0,-1,0.8,-0.92,0.93,0.0,0.0,0.0,0.32,0.02,0.2,0,0.8,False
5,0,-1,0.8,-0.08,0.93,0.0,0.0,0.0,0.32,0.02,0.2,0,0.8,False
6,2,0,0.9422947310477277,-0.42249493604945304,0.8450000000000001,0.0,0.0,0.8999128493747747,0.04349029399290173,0.04349029399290173,0.15,0.45033615262626264,0.8441511512919218,False
7,0,0,0.767659679085902,-0.8331882022162433,0.8831296379863575,0.0,0.0,1.826635163483556,0.03,0.03,0.11312963798635745,0.23088186375765746,1.1782100526828203,False
8,0,0,0.755930146262416,-0.4057993723155741,0.86,0.0,0.0,1.8700827681748704,0.03,0.03,0.09,0.42959978516481007,0.8017317142265235,False
9,2,0,0.6949347473434132,-0.5151071640756111,0.8696573936438621,0.0,0.0,3.0418168874396088,0.03,0.03,0.19931478728772412,0.2610900957123757,0.8681324133721061,False
10,2,0,0.7536275019427521,-0.7111593178488176,0.8699737296959016,0.0,0.0,3.260292156049723,0.052757049849676926,0.052757049849676926,0.1999474593918032,0.3451268941395157,0.9277032840441123,False
R
0.0,0.0,0.0,0.0,0.0,0.0,1.0
S
8
torso_lift_joint,0
r_shoulder_pan_joint,-1.69017
r_shoulder_lift_joint,-0.0788625
r_upper_arm_roll_joint,-1.69017
r_elbow_flex_joint,-1.2717
r_forearm_roll_joint,-0.151824
r_wrist_flex_joint,-1.25254
r_wrist_roll_joint,0.675062
G
0.621634,-0.53098,0.869657,0.213245,-0,0
ooi
9
A
599
0.310248,-0.673113
0.311095,-0.673269
0.311942,-0.673424
0.312789,-0.67358
0.313636,-0.673735
0.314483,-0.67389
0.31533,-0.674046
0.316177,-0.674201
0.317024,-0.674357
0.317871,-0.674512
0.318718,-0.674668
0.319564,-0.674823
0.320411,-0.674979
0.321258,-0.675134
0.322105,-0.67529
0.322952,-0.675445
0.323799,-0.675601
0.324646,-0.675756
0.325493,-0.675912
0.32634,-0.676067
0.327187,-0.676223
0.328034,-0.676378
0.328881,-0.676534
0.329728,-0.676689
0.330575,-0.676845
0.331422,-0.677
0.332268,-0.677155
0.333115,-0.677311
0.333962,-0.677466
0.334809,-0.677622
0.335656,-0.677777
0.336503,-0.677933
0.33735,-0.678088
0.338197,-0.678244
0.339044,-0.678399
0.339891,-0.678555
0.340738,-0.67871
0.341585,-0.678866
0.342432,-0.679021
0.343279,-0.679177
0.344126,-0.679332
0.344972,-0.679488
0.345819,-0.679643
0.346666,-0.679799
0.347513,-0.679954
0.34836,-0.68011
0.349207,-0.680265
0.350054,-0.680421
0.350901,-0.680576
0.351748,-0.680731
0.352595,-0.680887
0.353442,-0.681042
0.354289,-0.681198
0.355136,-0.681353
0.355983,-0.681509
0.35683,-0.681664
0.357676,-0.68182
0.358523,-0.681975
0.35937,-0.682131
0.360217,-0.682286
0.361064,-0.682442
0.361911,-0.682597
0.362758,-0.682753
0.363605,-0.682908
0.364452,-0.683064
0.365299,-0.683219
0.366146,-0.683375
0.366993,-0.68353
0.36784,-0.683686
0.368687,-0.683841
0.369534,-0.683997
0.37038,-0.684152
0.371227,-0.684307
0.372074,-0.684463
0.372921,-0.684618
0.373768,-0.684774
0.374615,-0.684929
0.375462,-0.685085
0.376309,-0.68524
0.377156,-0.685396
0.378003,-0.685551
0.37885,-0.685707
0.379697,-0.685862
0.380544,-0.686018
0.381391,-0.686173
0.382238,-0.686329
0.383084,-0.686484
0.383931,-0.68664
0.384778,-0.686795
0.385625,-0.686951
0.386472,-0.687106
0.387319,-0.687262
0.388166,-0.687417
0.389013,-0.687572
0.38986,-0.687728
0.390707,-0.687883
0.391554,-0.688039
0.392401,-0.688194
0.393248,-0.68835
0.394095,-0.688505
0.394942,-0.688661
0.395788,-0.688816
0.396635,-0.688972
0.397482,-0.689127
0.398329,-0.689283
0.399176,-0.689438
0.400023,-0.689594
0.40087,-0.689749
0.401717,-0.689905
0.402564,-0.69006
0.403411,-0.690216
0.404258,-0.690371
0.405105,-0.690527
0.405952,-0.690682
0.406799,-0.690838
0.407646,-0.690993
0.408492,-0.691148
0.409339,-0.691304
0.410186,-0.691459
0.411033,-0.691615
0.41188,-0.69177
0.412727,-0.691926
0.413574,-0.692081
0.414421,-0.692237
0.415268,-0.692392
0.416115,-0.692548
0.416962,-0.692703
0.417809,-0.692859
0.418656,-0.693014
0.419503,-0.69317
0.42035,-0.693325
0.421196,-0.693481
0.422043,-0.693636
0.42289,-0.693792
0.423737,-0.693947
0.424584,-0.694103
0.425431,-0.694258
0.426278,-0.694414
0.427125,-0.694569
0.427972,-0.694724
0.428819,-0.69488
0.429666,-0.695035
0.430513,-0.695191
0.43136,-0.695346
0.432207,-0.695502
0.433054,-0.695657
0.4339,-0.695813
0.434747,-0.695968
0.435594,-0.696124
0.436441,-0.696279
0.437288,-0.696435
0.437222,-0.695784
0.437155,-0.695133
0.437088,-0.694482
0.437022,-0.693831
0.436955,-0.69318
0.436889,-0.692529
0.436822,-0.691878
0.436755,-0.691227
0.436689,-0.690576
0.436622,-0.689925
0.436555,-0.689274
0.436489,-0.688623
0.436422,-0.687972
0.436356,-0.687321
0.436289,-0.68667
0.436222,-0.686019
0.436156,-0.685368
0.436089,-0.684717
0.436023,-0.684066
0.435956,-0.683415
0.435889,-0.682764
0.435823,-0.682113
0.435756,-0.681462
0.435689,-0.680811
0.435623,-0.68016
0.435556,-0.679509
0.43549,-0.678858
0.435423,-0.678207
0.435356,-0.677556
0.43529,-0.676905
0.435223,-0.676254
0.435157,-0.675603
0.43509,-0.674952
0.435023,-0.674301
0.434957,-0.67365
0.43489,-0.672999
0.434823,-0.672348
0.434757,-0.671697
0.43469,-0.671046
0.434624,-0.670395
0.434557,-0.669744
0.43449,-0.669094
0.434424,-0.668443
0.434357,-0.667792
0.434291,-0.667141
0.434224,-0.66649
0.434157,-0.665839
0.434091,-0.665188
0.434024,-0.664537
0.433957,-0.663886
0.433891,-0.663235
0.433824,-0.662584
0.433758,-0.661933
0.433691,-0.661282
0.433624,-0.660631
0.433558,-0.65998
0.433491,-0.659329
0.433425,-0.658678
0.433358,-0.658027
0.433291,-0.657376
0.433225,-0.656725
0.433158,-0.656074
0.433091,-0.655423
0.433025,-0.654772
0.432958,-0.654121
0.432892,-0.65347
0.432825,-0.652819
0.432758,-0.652168
0.432692,-0.651517
0.432625,-0.650866
0.432559,-0.650215
0.432492,-0.649564
0.432425,-0.648913
0.432359,-0.648262
0.432292,-0.647611
0.432225,-0.64696
0.432159,-0.646309
0.432092,-0.645658
0.432026,-0.645007
0.431959,-0.644356
0.431892,-0.643705
0.431826,-0.643054
0.431759,-0.642403
0.431693,-0.641752
0.431626,-0.641101
0.431559,-0.64045
0.431493,-0.639799
0.431426,-0.639148
0.43136,-0.638497
0.431293,-0.637846
0.431226,-0.637195
0.43116,-0.636544
0.431093,-0.635893
0.431026,-0.635242
0.43096,-0.634592
0.430893,-0.633941
0.430827,-0.63329
0.43076,-0.632639
0.430693,-0.631988
0.430627,-0.631337
0.43056,-0.630686
0.430494,-0.630035
0.430427,-0.629384
0.43036,-0.628733
0.430294,-0.628082
0.430227,-0.627431
0.43016,-0.62678
0.430094,-0.626129
0.430027,-0.625478
0.429961,-0.624827
0.429894,-0.624176
0.429827,-0.623525
0.429761,-0.622874
0.429694,-0.622223
0.429628,-0.621572
0.429561,-0.620921
0.429494,-0.62027
0.429428,-0.619619
0.429361,-0.618968
0.429294,-0.618317
0.429228,-0.617666
0.429161,-0.617015
0.429095,-0.616364
0.429028,-0.615713
0.428961,-0.615062
0.428895,-0.614411
0.428828,-0.61376
0.428762,-0.613109
0.428695,-0.612458
0.428628,-0.611807
0.428562,-0.611156
0.428495,-0.610505
0.428428,-0.609854
0.428362,-0.609203
0.428295,-0.608552
0.428229,-0.607901
0.428162,-0.60725
0.428095,-0.606599
0.428029,-0.605948
0.427962,-0.605297
0.427896,-0.604646
0.427829,-0.603995
0.427762,-0.603344
0.427696,-0.602693
0.427629,-0.602042
0.427562,-0.601391
0.427496,-0.60074
0.427429,-0.600089
0.427363,-0.599439
0.42884,-0.600276
0.430318,-0.601113
0.431796,-0.601951
0.433274,-0.602788
0.434751,-0.603626
0.436229,-0.604463
0.437707,-0.605301
0.439185,-0.606138
0.440662,-0.606975
0.44214,-0.607813
0.443618,-0.60865
0.445096,-0.609488
0.446573,-0.610325
0.448051,-0.611163
0.449529,-0.612
0.451006,-0.612837
0.452484,-0.613675
0.453962,-0.614512
0.45544,-0.61535
0.456917,-0.616187
0.458395,-0.617025
0.459873,-0.617862
0.461351,-0.618699
0.462828,-0.619537
0.464306,-0.620374
0.465784,-0.621212
0.467262,-0.622049
0.468739,-0.622887
0.470217,-0.623724
0.471695,-0.624562
0.473173,-0.625399
0.47465,-0.626236
0.476128,-0.627074
0.477606,-0.627911
0.479084,-0.628749
0.480561,-0.629586
0.482039,-0.630424
0.483517,-0.631261
0.484995,-0.632098
0.486472,-0.632936
0.48795,-0.633773
0.489428,-0.634611
0.490906,-0.635448
0.492383,-0.636286
0.493861,-0.637123
0.495339,-0.63796
0.496817,-0.638798
0.498294,-0.639635
0.499772,-0.640473
0.50125,-0.64131
0.502728,-0.642148
0.504205,-0.642985
0.505683,-0.643823
0.507161,-0.64466
0.508638,-0.645497
0.510116,-0.646335
0.511594,-0.647172
0.513072,-0.64801
0.514549,-0.648847
0.516027,-0.649685
0.517505,-0.650522
0.518983,-0.651359
0.52046,-0.652197
0.521938,-0.653034
0.523416,-0.653872
0.524894,-0.654709
0.526371,-0.655547
0.527849,-0.656384
0.529327,-0.657221
0.530805,-0.658059
0.532282,-0.658896
0.53376,-0.659734
0.535238,-0.660571
0.536716,-0.661409
0.538193,-0.662246
0.539671,-0.663083
0.541149,-0.663921
0.542627,-0.664758
0.544104,-0.665596
0.545582,-0.666433
0.54706,-0.667271
0.548538,-0.668108
0.550015,-0.668946
0.551493,-0.669783
0.552971,-0.67062
0.554449,-0.671458
0.555926,-0.672295
0.557404,-0.673133
0.558882,-0.67397
0.560359,-0.674808
0.561837,-0.675645
0.563315,-0.676482
0.564793,-0.67732
0.56627,-0.678157
0.567748,-0.678995
0.569226,-0.679832
0.570704,-0.68067
0.572181,-0.681507
0.573659,-0.682344
0.575137,-0.683182
0.576615,-0.684019
0.578092,-0.684857
0.57957,-0.685694
0.581048,-0.686532
0.582526,-0.687369
0.584003,-0.688207
0.585481,-0.689044
0.586959,-0.689881
0.588437,-0.690719
0.589914,-0.691556
0.591392,-0.692394
0.59287,-0.693231
0.594348,-0.694069
0.595825,-0.694906
0.597303,-0.695743
0.598781,-0.696581
0.600259,-0.697418
0.601736,-0.698256
0.603214,-0.699093
0.604692,-0.699931
0.60617,-0.700768
0.607647,-0.701605
0.609125,-0.702443
0.610603,-0.70328
0.61208,-0.704118
0.613558,-0.704955
0.615036,-0.705793
0.616514,-0.70663
0.617991,-0.707467
0.619469,-0.708305
0.620947,-0.709142
0.622425,-0.70998
0.623902,-0.710817
0.62538,-0.711655
0.626858,-0.712492
0.628336,-0.71333
0.629813,-0.714167
0.631291,-0.715004
0.632769,-0.715842
0.634247,-0.716679
0.635724,-0.717517
0.637202,-0.718354
0.63868,-0.719192
0.640158,-0.720029
0.641635,-0.720866
0.643113,-0.721704
0.644591,-0.722541
0.646069,-0.723379
0.647546,-0.724216
0.649024,-0.725054
0.64884,-0.723751
0.648656,-0.722449
0.648473,-0.721146
0.648289,-0.719844
0.648105,-0.718541
0.647921,-0.717239
0.647737,-0.715936
0.647553,-0.714634
0.64737,-0.713331
0.647186,-0.712028
0.647002,-0.710726
0.646818,-0.709423
0.646634,-0.708121
0.64645,-0.706818
0.646267,-0.705516
0.646083,-0.704213
0.645899,-0.702911
0.645715,-0.701608
0.645531,-0.700306
0.645347,-0.699003
0.645164,-0.697701
0.64498,-0.696398
0.644796,-0.695096
0.644612,-0.693793
0.644428,-0.692491
0.644245,-0.691188
0.644061,-0.689886
0.643877,-0.688583
0.643693,-0.687281
0.643509,-0.685978
0.643325,-0.684676
0.643142,-0.683373
0.642958,-0.682071
0.642774,-0.680768
0.64259,-0.679466
0.642406,-0.678163
0.642222,-0.676861
0.642039,-0.675558
0.641855,-0.674256
0.641671,-0.672953
0.641487,-0.671651
0.641303,-0.670348
0.641119,-0.669046
0.640936,-0.667743
0.640752,-0.666441
0.640568,-0.665138
0.640384,-0.663836
0.6402,-0.662533
0.640016,-0.661231
0.639833,-0.659928
0.639649,-0.658626
0.639465,-0.657323
0.639281,-0.656021
0.639097,-0.654718
0.638913,-0.653416
0.63873,-0.652113
0.638546,-0.650811
0.638362,-0.649508
0.638178,-0.648206
0.637994,-0.646903
0.63781,-0.6456
0.637627,-0.644298
0.637443,-0.642995
0.637259,-0.641693
0.637075,-0.64039
0.636891,-0.639088
0.636708,-0.637785
0.636524,-0.636483
0.63634,-0.63518
0.636156,-0.633878
0.635972,-0.632575
0.635788,-0.631273
0.635605,-0.62997
0.635421,-0.628668
0.635237,-0.627365
0.635053,-0.626063
0.634869,-0.62476
0.634685,-0.623458
0.634502,-0.622155
0.634318,-0.620853
0.634134,-0.61955
0.63395,-0.618248
0.633766,-0.616945
0.633582,-0.615643
0.633399,-0.61434
0.633215,-0.613038
0.633031,-0.611735
0.632847,-0.610433
0.632663,-0.60913
0.632479,-0.607828
0.632296,-0.606525
0.632112,-0.605223
0.631928,-0.60392
0.631744,-0.602618
0.63156,-0.601315
0.631376,-0.600013
0.631193,-0.59871
0.631009,-0.597408
0.630825,-0.596105
0.630641,-0.594803
0.630457,-0.5935
0.630274,-0.592198
0.63009,-0.590895
0.629906,-0.589593
0.629722,-0.58829
0.629538,-0.586988
0.629354,-0.585685
0.629171,-0.584383
0.628987,-0.58308
0.628803,-0.581778
0.628619,-0.580475
0.628435,-0.579172
0.628251,-0.57787
0.628068,-0.576567
0.627884,-0.575265
0.6277,-0.573962
0.627516,-0.57266
0.627332,-0.571357
0.627148,-0.570055
0.626965,-0.568752
0.626781,-0.56745
0.626597,-0.566147
0.626413,-0.564845
0.626229,-0.563542
0.626045,-0.56224
0.625862,-0.560937
0.625678,-0.559635
0.625494,-0.558332
0.62531,-0.55703
0.625126,-0.555727
0.624942,-0.554425
0.624759,-0.553122
0.624575,-0.55182
0.624391,-0.550517
0.624207,-0.549215
0.624023,-0.547912
0.623839,-0.54661
0.623656,-0.545307
0.623472,-0.544005
0.623288,-0.542702
0.623104,-0.5414
0.62292,-0.540097
0.622737,-0.538795
0.622553,-0.537492
0.622369,-0.53619
0.622185,-0.534887
0.622001,-0.533585
0.621817,-0.532282
0.621634,-0.53098
