O
10
1,0,-1,0.78,-0.5,0.75,0.0,0.0,0.0,0.3,0.4,0.02,0,0.8,False
2,0,-1,1.1,-0.5,0.93,0.0,0.0,0.0,0.02,0.4,0.2,0,0.8,False
3,0,-1,0.78,-0.5,1.11,0.0,0.0,0.0,0.3,0.4,0.02,0,0.8,False
4,0,-1,0.8,-0.92,0.93,0.0,0.0,0.0,0.32,0.02,0.2,0,0.8,False
5,0,-1,0.8,-0.08,0.93,0.0,0.0,0.0,0.32,0.02,0.2,0,0.8,False
6,2,0,0.6080942466120236,-0.36134606360924737,0.8450000000000001,0.0,0.0,5.542352493778482,0.03,0.03,0.15,0.14841905512575304,1.1532284141439941,False
7,0,0,0.6447451866089604,-0.846569841772647,0.86,0.0,0.0,3.7353072103032408,0.03,0.03,0.09,0.3271195438139978,1.1023882917899295,False
8,2,0,0.8446126236862945,-0.22382707942809854,0.8450000000000001,0.0,0.0,6.056187458905982,0.041127899268781055,0.041127899268781055,0.15,0.48084162128969504,1.0480645706036937,False
9,0,0,0.7526264486588641,-0.4172169766709602,0.86,0.0,0.0,4.22687244107487,0.04060389246419684,0.03,0.09,0.46991417729178436,0.9770982523581305,False
10,0,0,0.9214781235364691,-0.4998987885936849,0.86,0.0,0.0,5.409706789773744,0.03,0.03,0.09,0.17741854436526933,1.0412835746572056,False
R
0.0,0.0,0.0,0.0,0.0,0.0,1.0
S
8
torso_lift_joint,0
r_shoulder_pan_joint,-1.69017
r_shoulder_lift_joint,-0.0788625
r_upper_arm_roll_joint,-1.69017
r_elbow_flex_joint,-1.2717
r_forearm_roll_joint,-0.151824
r_wrist_flex_joint,-1.25254
r_wrist_roll_joint,0.675062
G
0.539326,-0.391279,0.845,0.410541,-0,0
ooi
6
A
599
0.310248,-0.673113
0.312138,-0.672275
0.314027,-0.671438
0.315917,-0.6706
0.317806,-0.669762
0.319696,-0.668924
0.321585,-0.668087
0.323475,-0.667249
0.325364,-0.666411
0.327254,-0.665574
0.329143,-0.664736
0.331033,-0.663898
0.332922,-0.66306
0.334812,-0.662223
0.336701,-0.661385
0.338591,-0.660547
0.34048,-0.659709
0.34237,-0.658872
0.344259,-0.658034
0.346149,-0.657196
0.348038,-0.656359
0.349928,-0.655521
0.351817,-0.654683
0.353707,-0.653845
0.355596,-0.653008
0.357486,-0.65217
0.359375,-0.651332
0.361265,-0.650494
0.363154,-0.649657
0.365044,-0.648819
0.366933,-0.647981
0.368823,-0.647144
0.370712,-0.646306
0.372602,-0.645468
0.374491,-0.64463
0.376381,-0.643793
0.37827,-0.642955
0.38016,-0.642117
0.382049,-0.641279
0.383939,-0.640442
0.385828,-0.639604
0.387718,-0.638766
0.389607,-0.637929
0.391497,-0.637091
0.393386,-0.636253
0.395276,-0.635415
0.397165,-0.634578
0.399055,-0.63374
0.400944,-0.632902
0.402834,-0.632064
0.404723,-0.631227
0.406613,-0.630389
0.408502,-0.629551
0.410392,-0.628714
0.412281,-0.627876
0.414171,-0.627038
0.41606,-0.6262
0.41795,-0.625363
0.419839,-0.624525
0.421729,-0.623687
0.423618,-0.622849
0.425508,-0.622012
0.427397,-0.621174
0.429287,-0.620336
0.431176,-0.619499
0.433066,-0.618661
0.434955,-0.617823
0.436845,-0.616985
0.438734,-0.616148
0.440624,-0.61531
0.442513,-0.614472
0.444403,-0.613634
0.446292,-0.612797
0.448182,-0.611959
0.450071,-0.611121
0.451961,-0.610284
0.45385,-0.609446
0.45574,-0.608608
0.457629,-0.60777
0.459519,-0.606933
0.461408,-0.606095
0.463298,-0.605257
0.465187,-0.604419
0.467077,-0.603582
0.468966,-0.602744
0.470856,-0.601906
0.472745,-0.601069
0.474635,-0.600231
0.476524,-0.599393
0.478414,-0.598555
0.480303,-0.597718
0.482193,-0.59688
0.484082,-0.596042
0.485972,-0.595204
0.487861,-0.594367
0.489751,-0.593529
0.49164,-0.592691
0.49353,-0.591854
0.495419,-0.591016
0.497309,-0.590178
0.499198,-0.58934
0.501088,-0.588503
0.502977,-0.587665
0.504867,-0.586827
0.506756,-0.585989
0.508646,-0.585152
0.510535,-0.584314
0.512425,-0.583476
0.514314,-0.582639
0.516204,-0.581801
0.518093,-0.580963
0.519983,-0.580125
0.521872,-0.579288
0.523762,-0.57845
0.525651,-0.577612
0.527541,-0.576774
0.52943,-0.575937
0.53132,-0.575099
0.533209,-0.574261
0.535099,-0.573424
0.536988,-0.572586
0.538878,-0.571748
0.540767,-0.57091
0.542657,-0.570073
0.544546,-0.569235
0.546436,-0.568397
0.548325,-0.56756
0.550215,-0.566722
0.552104,-0.565884
0.553994,-0.565046
0.555883,-0.564209
0.557773,-0.563371
0.559662,-0.562533
0.561552,-0.561695
0.563441,-0.560858
0.565331,-0.56002
0.56722,-0.559182
0.56911,-0.558345
0.570999,-0.557507
0.572889,-0.556669
0.574778,-0.555831
0.576668,-0.554994
0.578557,-0.554156
0.580447,-0.553318
0.582336,-0.55248
0.584226,-0.551643
0.586115,-0.550805
0.588005,-0.549967
0.589894,-0.54913
0.591784,-0.548292
0.593673,-0.547454
0.593533,-0.547328
0.593393,-0.547202
0.593252,-0.547076
0.593112,-0.54695
0.592972,-0.546824
0.592831,-0.546699
0.592691,-0.546573
0.592551,-0.546447
0.59241,-0.546321
0.59227,-0.546195
0.59213,-0.546069
0.591989,-0.545943
0.591849,-0.545817
0.591709,-0.545691
0.591568,-0.545565
0.591428,-0.545439
0.591288,-0.545314
0.591147,-0.545188
0.591007,-0.545062
0.590867,-0.544936
0.590727,-0.54481
0.590586,-0.544684
0.590446,-0.544558
0.590306,-0.544432
0.590165,-0.544306
0.590025,-0.54418
0.589885,-0.544054
0.589744,-0.543928
0.589604,-0.543803
0.589464,-0.543677
0.589323,-0.543551
0.589183,-0.543425
0.589043,-0.543299
0.588902,-0.543173
0.588762,-0.543047
0.588622,-0.542921
0.588481,-0.542795
0.588341,-0.542669
0.588201,-0.542543
0.588061,-0.542417
0.58792,-0.542292
0.58778,-0.542166
0.58764,-0.54204
0.587499,-0.541914
0.587359,-0.541788
0.587219,-0.541662
0.587078,-0.541536
0.586938,-0.54141
0.586798,-0.541284
0.586657,-0.541158
0.586517,-0.541032
0.586377,-0.540907
0.586236,-0.540781
0.586096,-0.540655
0.585956,-0.540529
0.585816,-0.540403
0.585675,-0.540277
0.585535,-0.540151
0.585395,-0.540025
0.585254,-0.539899
0.585114,-0.539773
0.584974,-0.539647
0.584833,-0.539521
0.584693,-0.539396
0.584553,-0.53927
0.584412,-0.539144
0.584272,-0.539018
0.584132,-0.538892
0.583991,-0.538766
0.583851,-0.53864
0.583711,-0.538514
0.58357,-0.538388
0.58343,-0.538262
0.58329,-0.538136
0.58315,-0.53801
0.583009,-0.537885
0.582869,-0.537759
0.582729,-0.537633
0.582588,-0.537507
0.582448,-0.537381
0.582308,-0.537255
0.582167,-0.537129
0.582027,-0.537003
0.581887,-0.536877
0.581746,-0.536751
0.581606,-0.536625
0.581466,-0.5365
0.581325,-0.536374
0.581185,-0.536248
0.581045,-0.536122
0.580904,-0.535996
0.580764,-0.53587
0.580624,-0.535744
0.580484,-0.535618
0.580343,-0.535492
0.580203,-0.535366
0.580063,-0.53524
0.579922,-0.535114
0.579782,-0.534989
0.579642,-0.534863
0.579501,-0.534737
0.579361,-0.534611
0.579221,-0.534485
0.57908,-0.534359
0.57894,-0.534233
0.5788,-0.534107
0.578659,-0.533981
0.578519,-0.533855
0.578379,-0.533729
0.578238,-0.533603
0.578098,-0.533478
0.577958,-0.533352
0.577818,-0.533226
0.577677,-0.5331
0.577537,-0.532974
0.577397,-0.532848
0.577256,-0.532722
0.577116,-0.532596
0.576976,-0.53247
0.576835,-0.532344
0.576695,-0.532218
0.576555,-0.532093
0.576414,-0.531967
0.576274,-0.531841
0.576134,-0.531715
0.575993,-0.531589
0.575853,-0.531463
0.575713,-0.531337
0.575572,-0.531211
0.575432,-0.531085
0.575292,-0.530959
0.575152,-0.530833
0.575011,-0.530707
0.574871,-0.530582
0.574731,-0.530456
0.57459,-0.53033
0.57445,-0.530204
0.57431,-0.530078
0.574169,-0.529952
0.574029,-0.529826
0.573889,-0.5297
0.573748,-0.529574
0.573608,-0.529448
0.573468,-0.529322
0.573327,-0.529196
0.573187,-0.529071
0.573047,-0.528945
0.572907,-0.528819
0.572766,-0.528693
0.57313,-0.529059
0.573494,-0.529424
0.573857,-0.52979
0.574221,-0.530156
0.574585,-0.530521
0.574949,-0.530887
0.575313,-0.531253
0.575676,-0.531618
0.57604,-0.531984
0.576404,-0.53235
0.576768,-0.532715
0.577131,-0.533081
0.577495,-0.533447
0.577859,-0.533813
0.578223,-0.534178
0.578586,-0.534544
0.57895,-0.53491
0.579314,-0.535275
0.579678,-0.535641
0.580042,-0.536007
0.580405,-0.536372
0.580769,-0.536738
0.581133,-0.537104
0.581497,-0.537469
0.58186,-0.537835
0.582224,-0.538201
0.582588,-0.538566
0.582952,-0.538932
0.583315,-0.539298
0.583679,-0.539664
0.584043,-0.540029
0.584407,-0.540395
0.584771,-0.540761
0.585134,-0.541126
0.585498,-0.541492
0.585862,-0.541858
0.586226,-0.542223
0.586589,-0.542589
0.586953,-0.542955
0.587317,-0.54332
0.587681,-0.543686
0.588044,-0.544052
0.588408,-0.544418
0.588772,-0.544783
0.589136,-0.545149
0.5895,-0.545515
0.589863,-0.54588
0.590227,-0.546246
0.590591,-0.546612
0.590955,-0.546977
0.591318,-0.547343
0.591682,-0.547709
0.592046,-0.548074
0.59241,-0.54844
0.592773,-0.548806
0.593137,-0.549172
0.593501,-0.549537
0.593865,-0.549903
0.594229,-0.550269
0.594592,-0.550634
0.594956,-0.551
0.59532,-0.551366
0.595684,-0.551731
0.596047,-0.552097
0.596411,-0.552463
0.596775,-0.552828
0.597139,-0.553194
0.597502,-0.55356
0.597866,-0.553926
0.59823,-0.554291
0.598594,-0.554657
0.598957,-0.555023
0.599321,-0.555388
0.599685,-0.555754
0.600049,-0.55612
0.600413,-0.556485
0.600776,-0.556851
0.60114,-0.557217
0.601504,-0.557582
0.601868,-0.557948
0.602231,-0.558314
0.602595,-0.55868
0.602959,-0.559045
0.603323,-0.559411
0.603686,-0.559777
0.60405,-0.560142
0.604414,-0.560508
0.604778,-0.560874
0.605142,-0.561239
0.605505,-0.561605
0.605869,-0.561971
0.606233,-0.562336
0.606597,-0.562702
0.60696,-0.563068
0.607324,-0.563434
0.607688,-0.563799
0.608052,-0.564165
0.608415,-0.564531
0.608779,-0.564896
0.609143,-0.565262
0.609507,-0.565628
0.609871,-0.565993
0.610234,-0.566359
0.610598,-0.566725
0.610962,-0.56709
0.611326,-0.567456
0.611689,-0.567822
0.612053,-0.568188
0.612417,-0.568553
0.612781,-0.568919
0.613144,-0.569285
0.613508,-0.56965
0.613872,-0.570016
0.614236,-0.570382
0.6146,-0.570747
0.614963,-0.571113
0.615327,-0.571479
0.615691,-0.571844
0.616055,-0.57221
0.616418,-0.572576
0.616782,-0.572941
0.617146,-0.573307
0.61751,-0.573673
0.617873,-0.574039
0.618237,-0.574404
0.618601,-0.57477
0.618965,-0.575136
0.619328,-0.575501
0.619692,-0.575867
0.620056,-0.576233
0.62042,-0.576598
0.620784,-0.576964
0.621147,-0.57733
0.621511,-0.577695
0.621875,-0.578061
0.622239,-0.578427
0.622602,-0.578793
0.622966,-0.579158
0.62333,-0.579524
0.623694,-0.57989
0.624057,-0.580255
0.624421,-0.580621
0.624785,-0.580987
0.625149,-0.581352
0.625513,-0.581718
0.625876,-0.582084
0.62624,-0.582449
0.626604,-0.582815
0.626968,-0.583181
0.627331,-0.583547
0.626741,-0.582256
0.62615,-0.580966
0.625559,-0.579675
0.624969,-0.578385
0.624378,-0.577095
0.623788,-0.575804
0.623197,-0.574514
0.622606,-0.573223
0.622016,-0.571933
0.621425,-0.570643
0.620834,-0.569352
0.620244,-0.568062
0.619653,-0.566772
0.619062,-0.565481
0.618472,-0.564191
0.617881,-0.5629
0.617291,-0.56161
0.6167,-0.56032
0.616109,-0.559029
0.615519,-0.557739
0.614928,-0.556448
0.614337,-0.555158
0.613747,-0.553868
0.613156,-0.552577
0.612565,-0.551287
0.611975,-0.549997
0.611384,-0.548706
0.610794,-0.547416
0.610203,-0.546125
0.609612,-0.544835
0.609022,-0.543545
0.608431,-0.542254
0.60784,-0.540964
0.60725,-0.539673
0.606659,-0.538383
0.606068,-0.537093
0.605478,-0.535802
0.604887,-0.534512
0.604297,-0.533221
0.603706,-0.531931
0.603115,-0.530641
0.602525,-0.52935
0.601934,-0.52806
0.601343,-0.52677
0.600753,-0.525479
0.600162,-0.524189
0.599571,-0.522898
0.598981,-0.521608
0.59839,-0.520318
0.597799,-0.519027
0.597209,-0.517737
0.596618,-0.516446
0.596028,-0.515156
0.595437,-0.513866
0.594846,-0.512575
0.594256,-0.511285
0.593665,-0.509995
0.593074,-0.508704
0.592484,-0.507414
0.591893,-0.506123
0.591302,-0.504833
0.590712,-0.503543
0.590121,-0.502252
0.589531,-0.500962
0.58894,-0.499671
0.588349,-0.498381
0.587759,-0.497091
0.587168,-0.4958
0.586577,-0.49451
0.585987,-0.493219
0.585396,-0.491929
0.584805,-0.490639
0.584215,-0.489348
0.583624,-0.488058
0.583034,-0.486768
0.582443,-0.485477
0.581852,-0.484187
0.581262,-0.482896
0.580671,-0.481606
0.58008,-0.480316
0.57949,-0.479025
0.578899,-0.477735
0.578308,-0.476444
0.577718,-0.475154
0.577127,-0.473864
0.576537,-0.472573
0.575946,-0.471283
0.575355,-0.469993
0.574765,-0.468702
0.574174,-0.467412
0.573583,-0.466121
0.572993,-0.464831
0.572402,-0.463541
0.571811,-0.46225
0.571221,-0.46096
0.57063,-0.459669
0.57004,-0.458379
0.569449,-0.457089
0.568858,-0.455798
0.568268,-0.454508
0.567677,-0.453218
0.567086,-0.451927
0.566496,-0.450637
0.565905,-0.449346
0.565314,-0.448056
0.564724,-0.446766
0.564133,-0.445475
0.563543,-0.444185
0.562952,-0.442894
0.562361,-0.441604
0.561771,-0.440314
0.56118,-0.439023
0.560589,-0.437733
0.559999,-0.436442
0.559408,-0.435152
0.558817,-0.433862
0.558227,-0.432571
0.557636,-0.431281
0.557045,-0.429991
0.556455,-0.4287
0.555864,-0.42741
0.555274,-0.426119
0.554683,-0.424829
0.554092,-0.423539
0.553502,-0.422248
0.552911,-0.420958
0.55232,-0.419667
0.55173,-0.418377
0.551139,-0.417087
0.550548,-0.415796
0.549958,-0.414506
0.549367,-0.413216
0.548777,-0.411925
0.548186,-0.410635
0.547595,-0.409344
0.547005,-0.408054
0.546414,-0.406764
0.545823,-0.405473
0.545233,-0.404183
0.544642,-0.402892
0.544051,-0.401602
0.543461,-0.400312
0.54287,-0.399021
0.54228,-0.397731
0.541689,-0.39644
0.541098,-0.39515
0.540508,-0.39386
0.539917,-0.392569
0.539326,-0.391279
