O
10
1,0,-1,0.78,-0.5,0.75,0.0,0.0,0.0,0.3,0.4,0.02,0,0.8,False
2,0,-1,1.1,-0.5,0.93,0.0,0.0,0.0,0.02,0.4,0.2,0,0.8,False
3,0,-1,0.78,-0.5,1.11,0.0,0.0,0.0,0.3,0.4,0.02,0,0.8,False
4,0,-1,0.8,-0.92,0.93,0.0,0.0,0.0,0.32,0.02,0.2,0,0.8,False
5,0,-1,0.8,-0.08,0.93,0.0,0.0,0.0,0.32,0.02,0.2,0,0.8,False
6,2,0,0.6658407326190597,-0.6876310598715134,0.8450000000000001,0.0,0.0,1.6492550309958411,0.03,0.03,0.15,0.3641900730952298,0.9666724970050222,False
7,2,0,1.0045303897464073,-0.6707976274110122,0.8450000000000001,0.0,0.0,0.1369891239821695,0.0419552232224824,0.0419552232224824,0.15,0.3068828162553403,1.013122828511725,False
8,2,0,0.8000884446915952,-0.27844403674253204,0.8450000000000001,0.0,0.0,0.853584766608584,0.05396050279462657,0.05396050279462657,0.15,0.34919638155293886,0.8439847046163504,False
9,2,0,0.7729770099459399,-0.7969758917209452,0.8664832145845305,0.0,0.0,4.252863708165971,0.03666504841541308,0.03666504841541308,0.19296642916906104,0.48304180663447704,0.877157435510414,False
10,2,0,0.9946934541882888,-0.5486148171836305,0.8450000000000001,0.0,0.0,2.0580837224531274,0.04283500580807758,0.04283500580807758,0.15,0.08131018824570974,0.8995941994796767,False
R
0.0,0.0,0.0,0.0,0.0,0.0,1.0
S
8
torso_lift_joint,0
r_shoulder_pan_joint,-1.69017
r_shoulder_lift_joint,-0.0788625
r_upper_arm_roll_joint,-1.69017
r_elbow_flex_joint,-1.2717
r_forearm_roll_joint,-0.151824
r_wrist_flex_joint,-1.25254
r_wrist_roll_joint,0.675062
G
0.591217,-0.680129,0.845,3.0414,-3.14159,3.14159
ooi
6
A
599
0.310248,-0.673113
0.310773,-0.673106
0.311298,-0.673098
0.311822,-0.673091
0.312347,-0.673084
0.312872,-0.673077
0.313396,-0.673069
0.313921,-0.673062
0.314446,-0.673055
0.314971,-0.673047
0.315495,-0.67304
0.31602,-0.673033
0.316545,-0.673025
0.317069,-0.673018
0.317594,-0.673011
0.318119,-0.673003
0.318644,-0.672996
0.319168,-0.672989
0.319693,-0.672982
0.320218,-0.672974
0.320742,-0.672967
0.321267,-0.67296
0.321792,-0.672952
0.322317,-0.672945
0.322841,-0.672938
0.323366,-0.67293
0.323891,-0.672923
0.324415,-0.672916
0.32494,-0.672908
0.325465,-0.672901
0.32599,-0.672894
0.326514,-0.672887
0.327039,-0.672879
0.327564,-0.672872
0.328088,-0.672865
0.328613,-0.672857
0.329138,-0.67285
0.329663,-0.672843
0.330187,-0.672835
0.330712,-0.672828
0.331237,-0.672821
0.331761,-0.672813
0.332286,-0.672806
0.332811,-0.672799
0.333335,-0.672791
0.33386,-0.672784
0.334385,-0.672777
0.33491,-0.67277
0.335434,-0.672762
0.335959,-0.672755
0.336484,-0.672748
0.337008,-0.67274
0.337533,-0.672733
0.338058,-0.672726
0.338583,-0.672718
0.339107,-0.672711
0.339632,-0.672704
0.340157,-0.672696
0.340681,-0.672689
0.341206,-0.672682
0.341731,-0.672675
0.342256,-0.672667
0.34278,-0.67266
0.343305,-0.672653
0.34383,-0.672645
0.344354,-0.672638
0.344879,-0.672631
0.345404,-0.672623
0.345929,-0.672616
0.346453,-0.672609
0.346978,-0.672601
0.347503,-0.672594
0.348027,-0.672587
0.348552,-0.67258
0.349077,-0.672572
0.349602,-0.672565
0.350126,-0.672558
0.350651,-0.67255
0.351176,-0.672543
0.3517,-0.672536
0.352225,-0.672528
0.35275,-0.672521
0.353275,-0.672514
0.353799,-0.672506
0.354324,-0.672499
0.354849,-0.672492
0.355373,-0.672485
0.355898,-0.672477
0.356423,-0.67247
0.356948,-0.672463
0.357472,-0.672455
0.357997,-0.672448
0.358522,-0.672441
0.359046,-0.672433
0.359571,-0.672426
0.360096,-0.672419
0.36062,-0.672411
0.361145,-0.672404
0.36167,-0.672397
0.362195,-0.67239
0.362719,-0.672382
0.363244,-0.672375
0.363769,-0.672368
0.364293,-0.67236
0.364818,-0.672353
0.365343,-0.672346
0.365868,-0.672338
0.366392,-0.672331
0.366917,-0.672324
0.367442,-0.672316
0.367966,-0.672309
0.368491,-0.672302
0.369016,-0.672294
0.369541,-0.672287
0.370065,-0.67228
0.37059,-0.672273
0.371115,-0.672265
0.371639,-0.672258
0.372164,-0.672251
0.372689,-0.672243
0.373214,-0.672236
0.373738,-0.672229
0.374263,-0.672221
0.374788,-0.672214
0.375312,-0.672207
0.375837,-0.672199
0.376362,-0.672192
0.376887,-0.672185
0.377411,-0.672178
0.377936,-0.67217
0.378461,-0.672163
0.378985,-0.672156
0.37951,-0.672148
0.380035,-0.672141
0.38056,-0.672134
0.381084,-0.672126
0.381609,-0.672119
0.382134,-0.672112
0.382658,-0.672104
0.383183,-0.672097
0.383708,-0.67209
0.384233,-0.672083
0.384757,-0.672075
0.385282,-0.672068
0.385807,-0.672061
0.386331,-0.672053
0.386856,-0.672046
0.387381,-0.672039
0.387905,-0.672031
0.38843,-0.672024
0.388955,-0.672017
0.388855,-0.672515
0.388755,-0.673014
0.388656,-0.673513
0.388556,-0.674011
0.388456,-0.67451
0.388357,-0.675009
0.388257,-0.675508
0.388157,-0.676006
0.388057,-0.676505
0.387958,-0.677004
0.387858,-0.677502
0.387758,-0.678001
0.387658,-0.6785
0.387559,-0.678998
0.387459,-0.679497
0.387359,-0.679996
0.38726,-0.680494
0.38716,-0.680993
0.38706,-0.681492
0.38696,-0.68199
0.386861,-0.682489
0.386761,-0.682988
0.386661,-0.683486
0.386561,-0.683985
0.386462,-0.684484
0.386362,-0.684982
0.386262,-0.685481
0.386163,-0.68598
0.386063,-0.686479
0.385963,-0.686977
0.385863,-0.687476
0.385764,-0.687975
0.385664,-0.688473
0.385564,-0.688972
0.385464,-0.689471
0.385365,-0.689969
0.385265,-0.690468
0.385165,-0.690967
0.385066,-0.691465
0.384966,-0.691964
0.384866,-0.692463
0.384766,-0.692961
0.384667,-0.69346
0.384567,-0.693959
0.384467,-0.694457
0.384368,-0.694956
0.384268,-0.695455
0.384168,-0.695953
0.384068,-0.696452
0.383969,-0.696951
0.383869,-0.697449
0.383769,-0.697948
0.383669,-0.698447
0.38357,-0.698946
0.38347,-0.699444
0.38337,-0.699943
0.383271,-0.700442
0.383171,-0.70094
0.383071,-0.701439
0.382971,-0.701938
0.382872,-0.702436
0.382772,-0.702935
0.382672,-0.703434
0.382572,-0.703932
0.382473,-0.704431
0.382373,-0.70493
0.382273,-0.705428
0.382174,-0.705927
0.382074,-0.706426
0.381974,-0.706924
0.381874,-0.707423
0.381775,-0.707922
0.381675,-0.70842
0.381575,-0.708919
0.381475,-0.709418
0.381376,-0.709917
0.381276,-0.710415
0.381176,-0.710914
0.381077,-0.711413
0.380977,-0.711911
0.380877,-0.71241
0.380777,-0.712909
0.380678,-0.713407
0.380578,-0.713906
0.380478,-0.714405
0.380378,-0.714903
0.380279,-0.715402
0.380179,-0.715901
0.380079,-0.716399
0.37998,-0.716898
0.37988,-0.717397
0.37978,-0.717895
0.37968,-0.718394
0.379581,-0.718893
0.379481,-0.719391
0.379381,-0.71989
0.379281,-0.720389
0.379182,-0.720888
0.379082,-0.721386
0.378982,-0.721885
0.378883,-0.722384
0.378783,-0.722882
0.378683,-0.723381
0.378583,-0.72388
0.378484,-0.724378
0.378384,-0.724877
0.378284,-0.725376
0.378184,-0.725874
0.378085,-0.726373
0.377985,-0.726872
0.377885,-0.72737
0.377786,-0.727869
0.377686,-0.728368
0.377586,-0.728866
0.377486,-0.729365
0.377387,-0.729864
0.377287,-0.730362
0.377187,-0.730861
0.377087,-0.73136
0.376988,-0.731859
0.376888,-0.732357
0.376788,-0.732856
0.376689,-0.733355
0.376589,-0.733853
0.376489,-0.734352
0.376389,-0.734851
0.37629,-0.735349
0.37619,-0.735848
0.37609,-0.736347
0.375991,-0.736845
0.375891,-0.737344
0.375791,-0.737843
0.375691,-0.738341
0.375592,-0.73884
0.375492,-0.739339
0.375392,-0.739837
0.375292,-0.740336
0.375193,-0.740835
0.375093,-0.741333
0.374993,-0.741832
0.374894,-0.742331
0.374794,-0.742829
0.374694,-0.743328
0.374594,-0.743827
0.374495,-0.744326
0.374395,-0.744824
0.374295,-0.745323
0.374195,-0.745822
0.374096,-0.74632
0.373894,-0.745496
0.373692,-0.744671
0.37349,-0.743847
0.373288,-0.743022
0.373086,-0.742198
0.372884,-0.741374
0.372682,-0.740549
0.372481,-0.739725
0.372279,-0.7389
0.372077,-0.738076
0.371875,-0.737251
0.371673,-0.736427
0.371471,-0.735602
0.371269,-0.734778
0.371067,-0.733953
0.370865,-0.733129
0.370664,-0.732305
0.370462,-0.73148
0.37026,-0.730656
0.370058,-0.729831
0.369856,-0.729007
0.369654,-0.728182
0.369452,-0.727358
0.36925,-0.726533
0.369048,-0.725709
0.368847,-0.724885
0.368645,-0.72406
0.368443,-0.723236
0.368241,-0.722411
0.368039,-0.721587
0.367837,-0.720762
0.367635,-0.719938
0.367433,-0.719113
0.367231,-0.718289
0.36703,-0.717464
0.366828,-0.71664
0.366626,-0.715816
0.366424,-0.714991
0.366222,-0.714167
0.36602,-0.713342
0.365818,-0.712518
0.365616,-0.711693
0.365414,-0.710869
0.365213,-0.710044
0.365011,-0.70922
0.364809,-0.708396
0.364607,-0.707571
0.364405,-0.706747
0.364203,-0.705922
0.364001,-0.705098
0.363799,-0.704273
0.363597,-0.703449
0.363396,-0.702624
0.363194,-0.7018
0.362992,-0.700975
0.36279,-0.700151
0.362588,-0.699327
0.362386,-0.698502
0.362184,-0.697678
0.361982,-0.696853
0.36178,-0.696029
0.361579,-0.695204
0.361377,-0.69438
0.361175,-0.693555
0.360973,-0.692731
0.360771,-0.691906
0.360569,-0.691082
0.360367,-0.690258
0.360165,-0.689433
0.359963,-0.688609
0.359762,-0.687784
0.35956,-0.68696
0.359358,-0.686135
0.359156,-0.685311
0.358954,-0.684486
0.358752,-0.683662
0.35855,-0.682838
0.358348,-0.682013
0.358146,-0.681189
0.357945,-0.680364
0.357743,-0.67954
0.357541,-0.678715
0.357339,-0.677891
0.357137,-0.677066
0.356935,-0.676242
0.356733,-0.675417
0.356531,-0.674593
0.356329,-0.673769
0.356128,-0.672944
0.355926,-0.67212
0.355724,-0.671295
0.355522,-0.670471
0.35532,-0.669646
0.355118,-0.668822
0.354916,-0.667997
0.354714,-0.667173
0.354512,-0.666348
0.35431,-0.665524
0.354109,-0.6647
0.353907,-0.663875
0.353705,-0.663051
0.353503,-0.662226
0.353301,-0.661402
0.353099,-0.660577
0.352897,-0.659753
0.352695,-0.658928
0.352493,-0.658104
0.352292,-0.65728
0.35209,-0.656455
0.351888,-0.655631
0.351686,-0.654806
0.351484,-0.653982
0.351282,-0.653157
0.35108,-0.652333
0.350878,-0.651508
0.350676,-0.650684
0.350475,-0.649859
0.350273,-0.649035
0.350071,-0.648211
0.349869,-0.647386
0.349667,-0.646562
0.349465,-0.645737
0.349263,-0.644913
0.349061,-0.644088
0.348859,-0.643264
0.348658,-0.642439
0.348456,-0.641615
0.348254,-0.64079
0.348052,-0.639966
0.34785,-0.639142
0.347648,-0.638317
0.347446,-0.637493
0.347244,-0.636668
0.347042,-0.635844
0.346841,-0.635019
0.346639,-0.634195
0.346437,-0.63337
0.346235,-0.632546
0.346033,-0.631722
0.345831,-0.630897
0.345629,-0.630073
0.345427,-0.629248
0.345225,-0.628424
0.345024,-0.627599
0.344822,-0.626775
0.34462,-0.62595
0.344418,-0.625126
0.344216,-0.624301
0.344014,-0.623477
0.343812,-0.622653
0.345473,-0.623038
0.347133,-0.623424
0.348794,-0.62381
0.350454,-0.624196
0.352114,-0.624581
0.353775,-0.624967
0.355435,-0.625353
0.357096,-0.625739
0.358756,-0.626124
0.360417,-0.62651
0.362077,-0.626896
0.363737,-0.627282
0.365398,-0.627667
0.367058,-0.628053
0.368719,-0.628439
0.370379,-0.628825
0.37204,-0.62921
0.3737,-0.629596
0.37536,-0.629982
0.377021,-0.630368
0.378681,-0.630753
0.380342,-0.631139
0.382002,-0.631525
0.383663,-0.631911
0.385323,-0.632296
0.386984,-0.632682
0.388644,-0.633068
0.390304,-0.633454
0.391965,-0.633839
0.393625,-0.634225
0.395286,-0.634611
0.396946,-0.634997
0.398607,-0.635382
0.400267,-0.635768
0.401927,-0.636154
0.403588,-0.63654
0.405248,-0.636925
0.406909,-0.637311
0.408569,-0.637697
0.41023,-0.638083
0.41189,-0.638468
0.41355,-0.638854
0.415211,-0.63924
0.416871,-0.639626
0.418532,-0.640011
0.420192,-0.640397
0.421853,-0.640783
0.423513,-0.641169
0.425173,-0.641554
0.426834,-0.64194
0.428494,-0.642326
0.430155,-0.642711
0.431815,-0.643097
0.433476,-0.643483
0.435136,-0.643869
0.436797,-0.644254
0.438457,-0.64464
0.440117,-0.645026
0.441778,-0.645412
0.443438,-0.645797
0.445099,-0.646183
0.446759,-0.646569
0.44842,-0.646955
0.45008,-0.64734
0.45174,-0.647726
0.453401,-0.648112
0.455061,-0.648498
0.456722,-0.648883
0.458382,-0.649269
0.460043,-0.649655
0.461703,-0.650041
0.463363,-0.650426
0.465024,-0.650812
0.466684,-0.651198
0.468345,-0.651584
0.470005,-0.651969
0.471666,-0.652355
0.473326,-0.652741
0.474986,-0.653127
0.476647,-0.653512
0.478307,-0.653898
0.479968,-0.654284
0.481628,-0.65467
0.483289,-0.655055
0.484949,-0.655441
0.48661,-0.655827
0.48827,-0.656213
0.48993,-0.656598
0.491591,-0.656984
0.493251,-0.65737
0.494912,-0.657756
0.496572,-0.658141
0.498233,-0.658527
0.499893,-0.658913
0.501553,-0.659299
0.503214,-0.659684
0.504874,-0.66007
0.506535,-0.660456
0.508195,-0.660842
0.509856,-0.661227
0.511516,-0.661613
0.513176,-0.661999
0.514837,-0.662385
0.516497,-0.66277
0.518158,-0.663156
0.519818,-0.663542
0.521479,-0.663928
0.523139,-0.664313
0.5248,-0.664699
0.52646,-0.665085
0.52812,-0.665471
0.529781,-0.665856
0.531441,-0.666242
0.533102,-0.666628
0.534762,-0.667014
0.536423,-0.667399
0.538083,-0.667785
0.539743,-0.668171
0.541404,-0.668557
0.543064,-0.668942
0.544725,-0.669328
0.546385,-0.669714
0.548046,-0.6701
0.549706,-0.670485
0.551366,-0.670871
0.553027,-0.671257
0.554687,-0.671643
0.556348,-0.672028
0.558008,-0.672414
0.559669,-0.6728
0.561329,-0.673186
0.562989,-0.673571
0.56465,-0.673957
0.56631,-0.674343
0.567971,-0.674729
0.569631,-0.675114
0.571292,-0.6755
0.572952,-0.675886
0.574613,-0.676272
0.576273,-0.676657
0.577933,-0.677043
0.579594,-0.677429
0.581254,-0.677815
0.582915,-0.6782
0.584575,-0.678586
0.586236,-0.678972
0.587896,-0.679358
0.589556,-0.679743
0.591217,-0.680129
