O
10
1,0,-1,0.78,-0.5,0.75,0.0,0.0,0.0,0.3,0.4,0.02,0,0.8,False
2,0,-1,1.1,-0.5,0.93,0.0,0.0,0.0,0.02,0.4,0.2,0,0.8,False
3,0,-1,0.78,-0.5,1.11,0.0,0.0,0.0,0.3,0.4,0.02,0,0.8,False
4,0,-1,0.8,-0.92,0.93,0.0,0.0,0.0,0.32,0.02,0.2,0,0.8,False
5,0,-1,0.8,-0.08,0.93,0.0,0.0,0.0,0.32,0.02,0.2,0,0.8,False
6,2,0,0.9397778673810417,-0.6102886269896346,0.8450000000000001,0.0,0.0,2.5850922269383907,0.03,0.03,0.15,0.0443974461689885,0.8334585580018775,False
7,0,0,0.7987766959819136,-0.41780603478546774,0.86,0.0,0.0,0.33790721201887863,0.07306613786050332,0.03,0.09,0.44974245621261916,0.9154574551836188,False
8,0,0,0.9312873549976597,-0.3768291629456179,0.86,0.0,0.0,1.3654811597450671,0.03,0.03,0.09,0.08198776996173696,0.8404371898444432,False
9,2,0,0.6680496574290408,-0.3062817146869117,0.8450000000000001,0.0,0.0,1.68381118129209,0.03,0.03,0.15,0.23997326940849156,0.808201552312378,False
10,2,0,0.9425394320591358,-0.4988139141819751,0.8450000000000001,0.0,0.0,1.3983922060426588,0.03,0.03,0.15,0.4347303757991922,1.1875127243580028,False
R
0.0,0.0,0.0,0.0,0.0,0.0,1.0
S
8
torso_lift_joint,0
r_shoulder_pan_joint,-1.69017
r_shoulder_lift_joint,-0.0788625
r_upper_arm_roll_joint,-1.69017
r_elbow_flex_joint,-1.2717
r_forearm_roll_joint,-0.151824
r_wrist_flex_joint,-1.25254
r_wrist_roll_joint,0.675062
G
0.687387,-0.456947,0.86,0.337907,-0,0
ooi
7
A
599
0.310248,-0.673113
0.310103,-0.672774
0.309958,-0.672434
0.309813,-0.672095
0.309668,-0.671756
0.309523,-0.671416
0.309378,-0.671077
0.309232,-0.670738
0.309087,-0.670398
0.308942,-0.670059
0.308797,-0.66972
0.308652,-0.66938
0.308507,-0.669041
0.308362,-0.668702
0.308217,-0.668362
0.308072,-0.668023
0.307927,-0.667684
0.307781,-0.667344
0.307636,-0.667005
0.307491,-0.666666
0.307346,-0.666326
0.307201,-0.665987
0.307056,-0.665647
0.306911,-0.665308
0.306766,-0.664969
0.306621,-0.664629
0.306475,-0.66429
0.30633,-0.663951
0.306185,-0.663611
0.30604,-0.663272
0.305895,-0.662933
0.30575,-0.662593
0.305605,-0.662254
0.30546,-0.661915
0.305315,-0.661575
0.30517,-0.661236
0.305024,-0.660897
0.304879,-0.660557
0.304734,-0.660218
0.304589,-0.659879
0.304444,-0.659539
0.304299,-0.6592
0.304154,-0.658861
0.304009,-0.658521
0.303864,-0.658182
0.303719,-0.657843
0.303573,-0.657503
0.303428,-0.657164
0.303283,-0.656824
0.303138,-0.656485
0.302993,-0.656146
0.302848,-0.655806
0.302703,-0.655467
0.302558,-0.655128
0.302413,-0.654788
0.302267,-0.654449
0.302122,-0.65411
0.301977,-0.65377
0.301832,-0.653431
0.301687,-0.653092
0.301542,-0.652752
0.301397,-0.652413
0.301252,-0.652074
0.301107,-0.651734
0.300962,-0.651395
0.300816,-0.651056
0.300671,-0.650716
0.300526,-0.650377
0.300381,-0.650038
0.300236,-0.649698
0.300091,-0.649359
0.299946,-0.64902
0.299801,-0.64868
0.299656,-0.648341
0.299511,-0.648002
0.299365,-0.647662
0.29922,-0.647323
0.299075,-0.646983
0.29893,-0.646644
0.298785,-0.646305
0.29864,-0.645965
0.298495,-0.645626
0.29835,-0.645287
0.298205,-0.644947
0.298059,-0.644608
0.297914,-0.644269
0.297769,-0.643929
0.297624,-0.64359
0.297479,-0.643251
0.297334,-0.642911
0.297189,-0.642572
0.297044,-0.642233
0.296899,-0.641893
0.296754,-0.641554
0.296608,-0.641215
0.296463,-0.640875
0.296318,-0.640536
0.296173,-0.640197
0.296028,-0.639857
0.295883,-0.639518
0.295738,-0.639179
0.295593,-0.638839
0.295448,-0.6385
0.295303,-0.638161
0.295157,-0.637821
0.295012,-0.637482
0.294867,-0.637142
0.294722,-0.636803
0.294577,-0.636464
0.294432,-0.636124
0.294287,-0.635785
0.294142,-0.635446
0.293997,-0.635106
0.293851,-0.634767
0.293706,-0.634428
0.293561,-0.634088
0.293416,-0.633749
0.293271,-0.63341
0.293126,-0.63307
0.292981,-0.632731
0.292836,-0.632392
0.292691,-0.632052
0.292546,-0.631713
0.2924,-0.631374
0.292255,-0.631034
0.29211,-0.630695
0.291965,-0.630356
0.29182,-0.630016
0.291675,-0.629677
0.29153,-0.629338
0.291385,-0.628998
0.29124,-0.628659
0.291095,-0.628319
0.290949,-0.62798
0.290804,-0.627641
0.290659,-0.627301
0.290514,-0.626962
0.290369,-0.626623
0.290224,-0.626283
0.290079,-0.625944
0.289934,-0.625605
0.289789,-0.625265
0.289643,-0.624926
0.289498,-0.624587
0.289353,-0.624247
0.289208,-0.623908
0.289063,-0.623569
0.288918,-0.623229
0.288773,-0.62289
0.288628,-0.622551
0.288483,-0.622211
0.289836,-0.622577
0.291189,-0.622943
0.292542,-0.623308
0.293895,-0.623674
0.295248,-0.62404
0.296601,-0.624405
0.297954,-0.624771
0.299307,-0.625137
0.30066,-0.625502
0.302013,-0.625868
0.303367,-0.626234
0.30472,-0.626599
0.306073,-0.626965
0.307426,-0.627331
0.308779,-0.627697
0.310132,-0.628062
0.311485,-0.628428
0.312838,-0.628794
0.314191,-0.629159
0.315544,-0.629525
0.316897,-0.629891
0.31825,-0.630256
0.319604,-0.630622
0.320957,-0.630988
0.32231,-0.631353
0.323663,-0.631719
0.325016,-0.632085
0.326369,-0.63245
0.327722,-0.632816
0.329075,-0.633182
0.330428,-0.633547
0.331781,-0.633913
0.333134,-0.634279
0.334487,-0.634645
0.335841,-0.63501
0.337194,-0.635376
0.338547,-0.635742
0.3399,-0.636107
0.341253,-0.636473
0.342606,-0.636839
0.343959,-0.637204
0.345312,-0.63757
0.346665,-0.637936
0.348018,-0.638301
0.349371,-0.638667
0.350724,-0.639033
0.352078,-0.639398
0.353431,-0.639764
0.354784,-0.64013
0.356137,-0.640495
0.35749,-0.640861
0.358843,-0.641227
0.360196,-0.641593
0.361549,-0.641958
0.362902,-0.642324
0.364255,-0.64269
0.365608,-0.643055
0.366961,-0.643421
0.368315,-0.643787
0.369668,-0.644152
0.371021,-0.644518
0.372374,-0.644884
0.373727,-0.645249
0.37508,-0.645615
0.376433,-0.645981
0.377786,-0.646346
0.379139,-0.646712
0.380492,-0.647078
0.381845,-0.647443
0.383198,-0.647809
0.384552,-0.648175
0.385905,-0.648541
0.387258,-0.648906
0.388611,-0.649272
0.389964,-0.649638
0.391317,-0.650003
0.39267,-0.650369
0.394023,-0.650735
0.395376,-0.6511
0.396729,-0.651466
0.398082,-0.651832
0.399435,-0.652197
0.400789,-0.652563
0.402142,-0.652929
0.403495,-0.653294
0.404848,-0.65366
0.406201,-0.654026
0.407554,-0.654391
0.408907,-0.654757
0.41026,-0.655123
0.411613,-0.655489
0.412966,-0.655854
0.414319,-0.65622
0.415672,-0.656586
0.417026,-0.656951
0.418379,-0.657317
0.419732,-0.657683
0.421085,-0.658048
0.422438,-0.658414
0.423791,-0.65878
0.425144,-0.659145
0.426497,-0.659511
0.42785,-0.659877
0.429203,-0.660242
0.430556,-0.660608
0.431909,-0.660974
0.433263,-0.661339
0.434616,-0.661705
0.435969,-0.662071
0.437322,-0.662437
0.438675,-0.662802
0.440028,-0.663168
0.441381,-0.663534
0.442734,-0.663899
0.444087,-0.664265
0.44544,-0.664631
0.446793,-0.664996
0.448146,-0.665362
0.4495,-0.665728
0.450853,-0.666093
0.452206,-0.666459
0.453559,-0.666825
0.454912,-0.66719
0.456265,-0.667556
0.457618,-0.667922
0.458971,-0.668287
0.460324,-0.668653
0.461677,-0.669019
0.46303,-0.669384
0.464383,-0.66975
0.465737,-0.670116
0.46709,-0.670482
0.468443,-0.670847
0.469796,-0.671213
0.471149,-0.671579
0.472502,-0.671944
0.473855,-0.67231
0.475208,-0.672676
0.476561,-0.673041
0.477914,-0.673407
0.479267,-0.673773
0.48062,-0.674138
0.481974,-0.674504
0.483327,-0.67487
0.48468,-0.675235
0.486033,-0.675601
0.487386,-0.675967
0.488739,-0.676332
0.490092,-0.676698
0.489987,-0.675823
0.489882,-0.674949
0.489776,-0.674074
0.489671,-0.673199
0.489566,-0.672325
0.489461,-0.67145
0.489356,-0.670575
0.48925,-0.669701
0.489145,-0.668826
0.48904,-0.667951
0.488935,-0.667077
0.48883,-0.666202
0.488724,-0.665327
0.488619,-0.664452
0.488514,-0.663578
0.488409,-0.662703
0.488304,-0.661828
0.488198,-0.660954
0.488093,-0.660079
0.487988,-0.659204
0.487883,-0.65833
0.487778,-0.657455
0.487672,-0.65658
0.487567,-0.655706
0.487462,-0.654831
0.487357,-0.653956
0.487252,-0.653081
0.487146,-0.652207
0.487041,-0.651332
0.486936,-0.650457
0.486831,-0.649583
0.486726,-0.648708
0.48662,-0.647833
0.486515,-0.646959
0.48641,-0.646084
0.486305,-0.645209
0.4862,-0.644335
0.486094,-0.64346
0.485989,-0.642585
0.485884,-0.64171
0.485779,-0.640836
0.485674,-0.639961
0.485568,-0.639086
0.485463,-0.638212
0.485358,-0.637337
0.485253,-0.636462
0.485148,-0.635588
0.485043,-0.634713
0.484937,-0.633838
0.484832,-0.632964
0.484727,-0.632089
0.484622,-0.631214
0.484517,-0.630339
0.484411,-0.629465
0.484306,-0.62859
0.484201,-0.627715
0.484096,-0.626841
0.483991,-0.625966
0.483885,-0.625091
0.48378,-0.624217
0.483675,-0.623342
0.48357,-0.622467
0.483465,-0.621593
0.483359,-0.620718
0.483254,-0.619843
0.483149,-0.618968
0.483044,-0.618094
0.482939,-0.617219
0.482833,-0.616344
0.482728,-0.61547
0.482623,-0.614595
0.482518,-0.61372
0.482413,-0.612846
0.482307,-0.611971
0.482202,-0.611096
0.482097,-0.610222
0.481992,-0.609347
0.481887,-0.608472
0.481781,-0.607597
0.481676,-0.606723
0.481571,-0.605848
0.481466,-0.604973
0.481361,-0.604099
0.481255,-0.603224
0.48115,-0.602349
0.481045,-0.601475
0.48094,-0.6006
0.480835,-0.599725
0.480729,-0.598851
0.480624,-0.597976
0.480519,-0.597101
0.480414,-0.596226
0.480309,-0.595352
0.480203,-0.594477
0.480098,-0.593602
0.479993,-0.592728
0.479888,-0.591853
0.479783,-0.590978
0.479677,-0.590104
0.479572,-0.589229
0.479467,-0.588354
0.479362,-0.58748
0.479257,-0.586605
0.479151,-0.58573
0.479046,-0.584855
0.478941,-0.583981
0.478836,-0.583106
0.478731,-0.582231
0.478625,-0.581357
0.47852,-0.580482
0.478415,-0.579607
0.47831,-0.578733
0.478205,-0.577858
0.478099,-0.576983
0.477994,-0.576109
0.477889,-0.575234
0.477784,-0.574359
0.477679,-0.573484
0.477573,-0.57261
0.477468,-0.571735
0.477363,-0.57086
0.477258,-0.569986
0.477153,-0.569111
0.477047,-0.568236
0.476942,-0.567362
0.476837,-0.566487
0.476732,-0.565612
0.476627,-0.564738
0.476521,-0.563863
0.476416,-0.562988
0.476311,-0.562113
0.476206,-0.561239
0.476101,-0.560364
0.475995,-0.559489
0.47589,-0.558615
0.475785,-0.55774
0.47568,-0.556865
0.475575,-0.555991
0.475469,-0.555116
0.475364,-0.554241
0.475259,-0.553367
0.475154,-0.552492
0.475049,-0.551617
0.474943,-0.550742
0.474838,-0.549868
0.474733,-0.548993
0.474628,-0.548118
0.474523,-0.547244
0.474417,-0.546369
0.474312,-0.545494
0.475742,-0.5449
0.477172,-0.544306
0.478602,-0.543711
0.480032,-0.543117
0.481462,-0.542523
0.482892,-0.541929
0.484322,-0.541334
0.485752,-0.54074
0.487182,-0.540146
0.488613,-0.539551
0.490043,-0.538957
0.491473,-0.538363
0.492903,-0.537769
0.494333,-0.537174
0.495763,-0.53658
0.497193,-0.535986
0.498623,-0.535392
0.500053,-0.534797
0.501483,-0.534203
0.502913,-0.533609
0.504343,-0.533014
0.505773,-0.53242
0.507203,-0.531826
0.508633,-0.531232
0.510063,-0.530637
0.511493,-0.530043
0.512923,-0.529449
0.514353,-0.528854
0.515783,-0.52826
0.517213,-0.527666
0.518643,-0.527072
0.520073,-0.526477
0.521503,-0.525883
0.522933,-0.525289
0.524363,-0.524694
0.525793,-0.5241
0.527223,-0.523506
0.528653,-0.522912
0.530083,-0.522317
0.531514,-0.521723
0.532944,-0.521129
0.534374,-0.520535
0.535804,-0.51994
0.537234,-0.519346
0.538664,-0.518752
0.540094,-0.518157
0.541524,-0.517563
0.542954,-0.516969
0.544384,-0.516375
0.545814,-0.51578
0.547244,-0.515186
0.548674,-0.514592
0.550104,-0.513997
0.551534,-0.513403
0.552964,-0.512809
0.554394,-0.512215
0.555824,-0.51162
0.557254,-0.511026
0.558684,-0.510432
0.560114,-0.509837
0.561544,-0.509243
0.562974,-0.508649
0.564404,-0.508055
0.565834,-0.50746
0.567264,-0.506866
0.568694,-0.506272
0.570124,-0.505678
0.571554,-0.505083
0.572984,-0.504489
0.574415,-0.503895
0.575845,-0.5033
0.577275,-0.502706
0.578705,-0.502112
0.580135,-0.501518
0.581565,-0.500923
0.582995,-0.500329
0.584425,-0.499735
0.585855,-0.49914
0.587285,-0.498546
0.588715,-0.497952
0.590145,-0.497358
0.591575,-0.496763
0.593005,-0.496169
0.594435,-0.495575
0.595865,-0.49498
0.597295,-0.494386
0.598725,-0.493792
0.600155,-0.493198
0.601585,-0.492603
0.603015,-0.492009
0.604445,-0.491415
0.605875,-0.490821
0.607305,-0.490226
0.608735,-0.489632
0.610165,-0.489038
0.611595,-0.488443
0.613025,-0.487849
0.614455,-0.487255
0.615885,-0.486661
0.617316,-0.486066
0.618746,-0.485472
0.620176,-0.484878
0.621606,-0.484283
0.623036,-0.483689
0.624466,-0.483095
0.625896,-0.482501
0.627326,-0.481906
0.628756,-0.481312
0.630186,-0.480718
0.631616,-0.480123
0.633046,-0.479529
0.634476,-0.478935
0.635906,-0.478341
0.637336,-0.477746
0.638766,-0.477152
0.640196,-0.476558
0.641626,-0.475964
0.643056,-0.475369
0.644486,-0.474775
0.645916,-0.474181
0.647346,-0.473586
0.648776,-0.472992
0.650206,-0.472398
0.651636,-0.471804
0.653066,-0.471209
0.654496,-0.470615
0.655926,-0.470021
0.657356,-0.469426
0.658786,-0.468832
0.660217,-0.468238
0.661647,-0.467644
0.663077,-0.467049
0.664507,-0.466455
0.665937,-0.465861
0.667367,-0.465266
0.668797,-0.464672
0.670227,-0.464078
0.671657,-0.463484
0.673087,-0.462889
0.674517,-0.462295
0.675947,-0.461701
0.677377,-0.461107
0.678807,-0.460512
0.680237,-0.459918
0.681667,-0.459324
0.683097,-0.458729
0.684527,-0.458135
0.685957,-0.457541
0.687387,-0.456947
