O
10
1,0,-1,0.78,-0.5,0.75,0.0,0.0,0.0,0.3,0.4,0.02,0,0.8,False
2,0,-1,1.1,-0.5,0.93,0.0,0.0,0.0,0.02,0.4,0.2,0,0.8,False
3,0,-1,0.78,-0.5,1.11,0.0,0.0,0.0,0.3,0.4,0.02,0,0.8,False
4,0,-1,0.8,-0.92,0.93,0.0,0.0,0.0,0.32,0.02,0.2,0,0.8,False
5,0,-1,0.8,-0.08,0.93,0.0,0.0,0.0,0.32,0.02,0.2,0,0.8,False
6,0,0,0.7531860720274646,-0.4913877231918113,0.86,0.0,0.0,2.956980799179195,0.06793775129787628,0.030120166543033747,0.09,0.03103258716858881,0.8155881939786418,False
7,2,0,0.7716337640481865,-0.6608088159212826,0.8647029103851744,0.0,0.0,4.780911940675106,0.030620619966755313,0.030620619966755313,0.18940582077034884,0.336033203801772,1.032355727088381,False
8,0,0,0.8120470800701358,-0.3017656143481656,0.8688550284232437,0.0,0.0,1.3250897067390142,0.03203944758048666,0.03,0.09885502842324363,0.4083960708957918,0.8994543884751433,False
9,2,0,0.614522539022487,-0.48118765237829586,0.8450000000000001,0.0,0.0,1.5481988305666017,0.03,0.03,0.15,0.3520299534397469,0.8746388452382279,False
10,2,0,0.7920797901848129,-0.7874793128240505,0.8450000000000001,0.0,0.0,0.7324715685062415,0.03478723243243035,0.03478723243243035,0.15,0.2431493289141261,1.0216902224416595,False
R
0.0,0.0,0.0,0.0,0.0,0.0,1.0
S
8
torso_lift_joint,0
r_shoulder_pan_joint,-1.69017
r_shoulder_lift_joint,-0.0788625
r_upper_arm_roll_joint,-1.69017
r_elbow_flex_joint,-1.2717
r_forearm_roll_joint,-0.151824
r_wrist_flex_joint,-1.25254
r_wrist_roll_joint,0.675062
G
0.549217,-0.518068,0.845,0.514086,-0,0
ooi
9
A
599
0.310248,-0.673113
0.310524,-0.672163
0.3108,-0.671214
0.311076,-0.670264
0.311352,-0.669315
0.311628,-0.668365
0.311904,-0.667415
0.31218,-0.666466
0.312456,-0.665516
0.312732,-0.664566
0.313008,-0.663617
0.313284,-0.662667
0.31356,-0.661717
0.313836,-0.660768
0.314112,-0.659818
0.314388,-0.658868
0.314664,-0.657919
0.31494,-0.656969
0.315216,-0.65602
0.315492,-0.65507
0.315768,-0.65412
0.316044,-0.653171
0.31632,-0.652221
0.316596,-0.651271
0.316872,-0.650322
0.317148,-0.649372
0.317424,-0.648422
0.3177,-0.647473
0.317976,-0.646523
0.318252,-0.645573
0.318528,-0.644624
0.318804,-0.643674
0.31908,-0.642725
0.319356,-0.641775
0.319632,-0.640825
0.319908,-0.639876
0.320184,-0.638926
0.32046,-0.637976
0.320736,-0.637027
0.321012,-0.636077
0.321288,-0.635127
0.321564,-0.634178
0.32184,-0.633228
0.322116,-0.632278
0.322392,-0.631329
0.322668,-0.630379
0.322944,-0.62943
0.32322,-0.62848
0.323496,-0.62753
0.323772,-0.626581
0.324048,-0.625631
0.324324,-0.624681
0.3246,-0.623732
0.324876,-0.622782
0.325152,-0.621832
0.325428,-0.620883
0.325704,-0.619933
0.32598,-0.618983
0.326256,-0.618034
0.326532,-0.617084
0.326808,-0.616135
0.327084,-0.615185
0.32736,-0.614235
0.327636,-0.613286
0.327912,-0.612336
0.328188,-0.611386
0.328464,-0.610437
0.32874,-0.609487
0.329016,-0.608537
0.329292,-0.607588
0.329568,-0.606638
0.329844,-0.605688
0.33012,-0.604739
0.330396,-0.603789
0.330672,-0.60284
0.330948,-0.60189
0.331224,-0.60094
0.3315,-0.599991
0.331776,-0.599041
0.332052,-0.598091
0.332328,-0.597142
0.332604,-0.596192
0.33288,-0.595242
0.333156,-0.594293
0.333432,-0.593343
0.333708,-0.592393
0.333984,-0.591444
0.33426,-0.590494
0.334536,-0.589545
0.334812,-0.588595
0.335088,-0.587645
0.335364,-0.586696
0.33564,-0.585746
0.335916,-0.584796
0.336192,-0.583847
0.336468,-0.582897
0.336744,-0.581947
0.33702,-0.580998
0.337296,-0.580048
0.337572,-0.579099
0.337848,-0.578149
0.338124,-0.577199
0.3384,-0.57625
0.338676,-0.5753
0.338952,-0.57435
0.339228,-0.573401
0.339503,-0.572451
0.339779,-0.571501
0.340055,-0.570552
0.340331,-0.569602
0.340607,-0.568652
0.340883,-0.567703
0.341159,-0.566753
0.341435,-0.565804
0.341711,-0.564854
0.341987,-0.563904
0.342263,-0.562955
0.342539,-0.562005
0.342815,-0.561055
0.343091,-0.560106
0.343367,-0.559156
0.343643,-0.558206
0.343919,-0.557257
0.344195,-0.556307
0.344471,-0.555357
0.344747,-0.554408
0.345023,-0.553458
0.345299,-0.552509
0.345575,-0.551559
0.345851,-0.550609
0.346127,-0.54966
0.346403,-0.54871
0.346679,-0.54776
0.346955,-0.546811
0.347231,-0.545861
0.347507,-0.544911
0.347783,-0.543962
0.348059,-0.543012
0.348335,-0.542062
0.348611,-0.541113
0.348887,-0.540163
0.349163,-0.539214
0.349439,-0.538264
0.349715,-0.537314
0.349991,-0.536365
0.350267,-0.535415
0.350543,-0.534465
0.350819,-0.533516
0.351095,-0.532566
0.351371,-0.531616
0.351647,-0.530667
0.352152,-0.530864
0.352656,-0.531062
0.353161,-0.531259
0.353666,-0.531456
0.35417,-0.531654
0.354675,-0.531851
0.355179,-0.532049
0.355684,-0.532246
0.356189,-0.532444
0.356693,-0.532641
0.357198,-0.532839
0.357702,-0.533036
0.358207,-0.533233
0.358711,-0.533431
0.359216,-0.533628
0.359721,-0.533826
0.360225,-0.534023
0.36073,-0.534221
0.361234,-0.534418
0.361739,-0.534615
0.362244,-0.534813
0.362748,-0.53501
0.363253,-0.535208
0.363757,-0.535405
0.364262,-0.535603
0.364767,-0.5358
0.365271,-0.535997
0.365776,-0.536195
0.36628,-0.536392
0.366785,-0.53659
0.36729,-0.536787
0.367794,-0.536985
0.368299,-0.537182
0.368803,-0.537379
0.369308,-0.537577
0.369812,-0.537774
0.370317,-0.537972
0.370822,-0.538169
0.371326,-0.538367
0.371831,-0.538564
0.372335,-0.538761
0.37284,-0.538959
0.373345,-0.539156
0.373849,-0.539354
0.374354,-0.539551
0.374858,-0.539749
0.375363,-0.539946
0.375868,-0.540143
0.376372,-0.540341
0.376877,-0.540538
0.377381,-0.540736
0.377886,-0.540933
0.37839,-0.541131
0.378895,-0.541328
0.3794,-0.541525
0.379904,-0.541723
0.380409,-0.54192
0.380913,-0.542118
0.381418,-0.542315
0.381923,-0.542513
0.382427,-0.54271
0.382932,-0.542907
0.383436,-0.543105
0.383941,-0.543302
0.384446,-0.5435
0.38495,-0.543697
0.385455,-0.543895
0.385959,-0.544092
0.386464,-0.54429
0.386969,-0.544487
0.387473,-0.544684
0.387978,-0.544882
0.388482,-0.545079
0.388987,-0.545277
0.389491,-0.545474
0.389996,-0.545672
0.390501,-0.545869
0.391005,-0.546066
0.39151,-0.546264
0.392014,-0.546461
0.392519,-0.546659
0.393024,-0.546856
0.393528,-0.547054
0.394033,-0.547251
0.394537,-0.547448
0.395042,-0.547646
0.395547,-0.547843
0.396051,-0.548041
0.396556,-0.548238
0.39706,-0.548436
0.397565,-0.548633
0.39807,-0.54883
0.398574,-0.549028
0.399079,-0.549225
0.399583,-0.549423
0.400088,-0.54962
0.400592,-0.549818
0.401097,-0.550015
0.401602,-0.550212
0.402106,-0.55041
0.402611,-0.550607
0.403115,-0.550805
0.40362,-0.551002
0.404125,-0.5512
0.404629,-0.551397
0.405134,-0.551594
0.405638,-0.551792
0.406143,-0.551989
0.406648,-0.552187
0.407152,-0.552384
0.407657,-0.552582
0.408161,-0.552779
0.408666,-0.552976
0.409171,-0.553174
0.409675,-0.553371
0.41018,-0.553569
0.410684,-0.553766
0.411189,-0.553964
0.411693,-0.554161
0.412198,-0.554358
0.412703,-0.554556
0.413207,-0.554753
0.413712,-0.554951
0.414216,-0.555148
0.414721,-0.555346
0.415226,-0.555543
0.41573,-0.555741
0.416235,-0.555938
0.416739,-0.556135
0.417244,-0.556333
0.417749,-0.55653
0.418253,-0.556728
0.418758,-0.556925
0.419262,-0.557123
0.419767,-0.55732
0.420271,-0.557517
0.420776,-0.557715
0.421281,-0.557912
0.421785,-0.55811
0.42229,-0.558307
0.422794,-0.558505
0.423299,-0.558702
0.423804,-0.558899
0.424308,-0.559097
0.424813,-0.559294
0.425317,-0.559492
0.425822,-0.559689
0.426327,-0.559887
0.426831,-0.560084
0.427563,-0.559665
0.428294,-0.559245
0.429026,-0.558826
0.429757,-0.558406
0.430488,-0.557987
0.43122,-0.557567
0.431951,-0.557148
0.432683,-0.556729
0.433414,-0.556309
0.434146,-0.55589
0.434877,-0.55547
0.435609,-0.555051
0.43634,-0.554631
0.437071,-0.554212
0.437803,-0.553793
0.438534,-0.553373
0.439266,-0.552954
0.439997,-0.552534
0.440729,-0.552115
0.44146,-0.551696
0.442192,-0.551276
0.442923,-0.550857
0.443654,-0.550437
0.444386,-0.550018
0.445117,-0.549598
0.445849,-0.549179
0.44658,-0.54876
0.447312,-0.54834
0.448043,-0.547921
0.448775,-0.547501
0.449506,-0.547082
0.450237,-0.546662
0.450969,-0.546243
0.4517,-0.545824
0.452432,-0.545404
0.453163,-0.544985
0.453895,-0.544565
0.454626,-0.544146
0.455358,-0.543727
0.456089,-0.543307
0.456821,-0.542888
0.457552,-0.542468
0.458283,-0.542049
0.459015,-0.541629
0.459746,-0.54121
0.460478,-0.540791
0.461209,-0.540371
0.461941,-0.539952
0.462672,-0.539532
0.463404,-0.539113
0.464135,-0.538693
0.464866,-0.538274
0.465598,-0.537855
0.466329,-0.537435
0.467061,-0.537016
0.467792,-0.536596
0.468524,-0.536177
0.469255,-0.535757
0.469987,-0.535338
0.470718,-0.534919
0.471449,-0.534499
0.472181,-0.53408
0.472912,-0.53366
0.473644,-0.533241
0.474375,-0.532822
0.475107,-0.532402
0.475838,-0.531983
0.47657,-0.531563
0.477301,-0.531144
0.478033,-0.530724
0.478764,-0.530305
0.479495,-0.529886
0.480227,-0.529466
0.480958,-0.529047
0.48169,-0.528627
0.482421,-0.528208
0.483153,-0.527788
0.483884,-0.527369
0.484616,-0.52695
0.485347,-0.52653
0.486078,-0.526111
0.48681,-0.525691
0.487541,-0.525272
0.488273,-0.524853
0.489004,-0.524433
0.489736,-0.524014
0.490467,-0.523594
0.491199,-0.523175
0.49193,-0.522755
0.492661,-0.522336
0.493393,-0.521917
0.494124,-0.521497
0.494856,-0.521078
0.495587,-0.520658
0.496319,-0.520239
0.49705,-0.519819
0.497782,-0.5194
0.498513,-0.518981
0.499245,-0.518561
0.499976,-0.518142
0.500707,-0.517722
0.501439,-0.517303
0.50217,-0.516883
0.502902,-0.516464
0.503633,-0.516045
0.504365,-0.515625
0.505096,-0.515206
0.505828,-0.514786
0.506559,-0.514367
0.50729,-0.513948
0.508022,-0.513528
0.508753,-0.513109
0.509485,-0.512689
0.510216,-0.51227
0.510948,-0.51185
0.511679,-0.511431
0.512411,-0.511012
0.513142,-0.510592
0.513873,-0.510173
0.514605,-0.509753
0.515336,-0.509334
0.516068,-0.508914
0.516799,-0.508495
0.517531,-0.508076
0.518262,-0.507656
0.518994,-0.507237
0.519725,-0.506817
0.520456,-0.506398
0.521188,-0.505978
0.521919,-0.505559
0.522651,-0.50514
0.523382,-0.50472
0.524114,-0.504301
0.524845,-0.503881
0.525577,-0.503462
0.526308,-0.503043
0.52704,-0.502623
0.527771,-0.502204
0.528502,-0.501784
0.529234,-0.501365
0.529965,-0.500945
0.530697,-0.500526
0.531428,-0.500107
0.53216,-0.499687
0.532891,-0.499268
0.533623,-0.498848
0.534354,-0.498429
0.535085,-0.498009
0.535817,-0.49759
0.536548,-0.497171
0.536633,-0.497311
0.536718,-0.497451
0.536803,-0.497591
0.536888,-0.497732
0.536973,-0.497872
0.537058,-0.498012
0.537144,-0.498152
0.537229,-0.498293
0.537314,-0.498433
0.537399,-0.498573
0.537484,-0.498713
0.537569,-0.498854
0.537654,-0.498994
0.537739,-0.499134
0.537824,-0.499274
0.537909,-0.499415
0.537994,-0.499555
0.538079,-0.499695
0.538164,-0.499835
0.538249,-0.499976
0.538334,-0.500116
0.538419,-0.500256
0.538504,-0.500396
0.538589,-0.500537
0.538674,-0.500677
0.538759,-0.500817
0.538844,-0.500957
0.538929,-0.501098
0.539014,-0.501238
0.539099,-0.501378
0.539184,-0.501518
0.539269,-0.501659
0.539354,-0.501799
0.539439,-0.501939
0.539524,-0.502079
0.539609,-0.50222
0.539694,-0.50236
0.539779,-0.5025
0.539864,-0.50264
0.539949,-0.502781
0.540034,-0.502921
0.540119,-0.503061
0.540204,-0.503201
0.540289,-0.503342
0.540374,-0.503482
0.540459,-0.503622
0.540544,-0.503762
0.540629,-0.503903
0.540715,-0.504043
0.5408,-0.504183
0.540885,-0.504323
0.54097,-0.504464
0.541055,-0.504604
0.54114,-0.504744
0.541225,-0.504884
0.54131,-0.505025
0.541395,-0.505165
0.54148,-0.505305
0.541565,-0.505445
0.54165,-0.505586
0.541735,-0.505726
0.54182,-0.505866
0.541905,-0.506006
0.54199,-0.506147
0.542075,-0.506287
0.54216,-0.506427
0.542245,-0.506567
0.54233,-0.506708
0.542415,-0.506848
0.5425,-0.506988
0.542585,-0.507128
0.54267,-0.507269
0.542755,-0.507409
0.54284,-0.507549
0.542925,-0.507689
0.54301,-0.50783
0.543095,-0.50797
0.54318,-0.50811
0.543265,-0.508251
0.54335,-0.508391
0.543435,-0.508531
0.54352,-0.508671
0.543605,-0.508812
0.54369,-0.508952
0.543775,-0.509092
0.54386,-0.509232
0.543945,-0.509373
0.54403,-0.509513
0.544115,-0.509653
0.5442,-0.509793
0.544285,-0.509934
0.544371,-0.510074
0.544456,-0.510214
0.544541,-0.510354
0.544626,-0.510495
0.544711,-0.510635
0.544796,-0.510775
0.544881,-0.510915
0.544966,-0.511056
0.545051,-0.511196
0.545136,-0.511336
0.545221,-0.511476
0.545306,-0.511617
0.545391,-0.511757
0.545476,-0.511897
0.545561,-0.512037
0.545646,-0.512178
0.545731,-0.512318
0.545816,-0.512458
0.545901,-0.512598
0.545986,-0.512739
0.546071,-0.512879
0.546156,-0.513019
0.546241,-0.513159
0.546326,-0.5133
0.546411,-0.51344
0.546496,-0.51358
0.546581,-0.51372
0.546666,-0.513861
0.546751,-0.514001
0.546836,-0.514141
0.546921,-0.514281
0.547006,-0.514422
0.547091,-0.514562
0.547176,-0.514702
0.547261,-0.514842
0.547346,-0.514983
0.547431,-0.515123
0.547516,-0.515263
0.547601,-0.515403
0.547686,-0.515544
0.547771,-0.515684
0.547856,-0.515824
0.547942,-0.515964
0.548027,-0.516105
0.548112,-0.516245
0.548197,-0.516385
0.548282,-0.516525
0.548367,-0.516666
0.548452,-0.516806
0.548537,-0.516946
0.548622,-0.517086
0.548707,-0.517227
0.548792,-0.517367
0.548877,-0.517507
0.548962,-0.517647
0.549047,-0.517788
0.549132,-0.517928
0.549217,-0.518068
