O
10
1,0,-1,0.78,-0.5,0.75,0.0,0.0,0.0,0.3,0.4,0.02,0,0.8,False
2,0,-1,1.1,-0.5,0.93,0.0,0.0,0.0,0.02,0.4,0.2,0,0.8,False
3,0,-1,0.78,-0.5,1.11,0.0,0.0,0.0,0.3,0.4,0.02,0,0.8,False
4,0,-1,0.8,-0.92,0.93,0.0,0.0,0.0,0.32,0.02,0.2,0,0.8,False
5,0,-1,0.8,-0.08,0.93,0.0,0.0,0.0,0.32,0.02,0.2,0,0.8,False
6,2,0,0.6827292155595963,-0.5121631016365666,0.8683218785900695,0.0,0.0,3.18677781482574,0.03,0.03,0.19664375718013893,0.370679074935106,0.8667337430918647,False
7,0,0,1.0095708316315808,-0.3818590614741262,0.9075523842779093,0.0,0.0,0.13176012133675727,0.035002723404186344,0.0768432117924668,0.13755238427790925,0.2880161597700178,1.0677606224285419,False
8,2,0,0.8517021615786509,-0.3492776640917443,0.8607838796461699,0.0,0.0,1.7812127139991623,0.03,0.03,0.18156775929233973,0.45256762466635214,1.094843426470534,False
9,2,0,0.9378094654123829,-0.7653157104298441,0.8450000000000001,0.0,0.0,0.714254960372304,0.03,0.03,0.15,0.1837377201790913,0.9498840637525672,False
10,2,0,0.6383377454335821,-0.7652870550259082,0.8450000000000001,0.0,0.0,3.471061416793417,0.04130181328989355,0.04130181328989355,0.15,0.3189066907799068,0.8358854031918482,False
R
0.0,0.0,0.0,0.0,0.0,0.0,1.0
S
8
torso_lift_joint,0
r_shoulder_pan_joint,-1.69017
r_shoulder_lift_joint,-0.0788625
r_upper_arm_roll_joint,-1.69017
r_elbow_flex_joint,-1.2717
r_forearm_roll_joint,-0.151824
r_wrist_flex_joint,-1.25254
r_wrist_roll_joint,0.675062
G
0.609065,-0.526256,0.868322,0.189033,-0,0
ooi
6
A
599
0.310248,-0.673113
0.311203,-0.672044
0.312158,-0.670976
0.313113,-0.669907
0.314068,-0.668839
0.315023,-0.66777
0.315978,-0.666701
0.316933,-0.665633
0.317888,-0.664564
0.318843,-0.663495
0.319798,-0.662427
0.320753,-0.661358
0.321708,-0.660289
0.322663,-0.659221
0.323617,-0.658152
0.324572,-0.657084
0.325527,-0.656015
0.326482,-0.654946
0.327437,-0.653878
0.328392,-0.652809
0.329347,-0.65174
0.330302,-0.650672
0.331257,-0.649603
0.332212,-0.648534
0.333167,-0.647466
0.334122,-0.646397
0.335077,-0.645329
0.336032,-0.64426
0.336987,-0.643191
0.337942,-0.642123
0.338897,-0.641054
0.339852,-0.639985
0.340807,-0.638917
0.341762,-0.637848
0.342716,-0.636779
0.343671,-0.635711
0.344626,-0.634642
0.345581,-0.633574
0.346536,-0.632505
0.347491,-0.631436
0.348446,-0.630368
0.349401,-0.629299
0.350356,-0.62823
0.351311,-0.627162
0.352266,-0.626093
0.353221,-0.625024
0.354176,-0.623956
0.355131,-0.622887
0.356086,-0.621819
0.357041,-0.62075
0.357996,-0.619681
0.358951,-0.618613
0.359906,-0.617544
0.360861,-0.616475
0.361815,-0.615407
0.36277,-0.614338
0.363725,-0.613269
0.36468,-0.612201
0.365635,-0.611132
0.36659,-0.610064
0.367545,-0.608995
0.3685,-0.607926
0.369455,-0.606858
0.37041,-0.605789
0.371365,-0.60472
0.37232,-0.603652
0.373275,-0.602583
0.37423,-0.601514
0.375185,-0.600446
0.37614,-0.599377
0.377095,-0.598309
0.37805,-0.59724
0.379005,-0.596171
0.37996,-0.595103
0.380914,-0.594034
0.381869,-0.592965
0.382824,-0.591897
0.383779,-0.590828
0.384734,-0.589759
0.385689,-0.588691
0.386644,-0.587622
0.387599,-0.586554
0.388554,-0.585485
0.389509,-0.584416
0.390464,-0.583348
0.391419,-0.582279
0.392374,-0.58121
0.393329,-0.580142
0.394284,-0.579073
0.395239,-0.578004
0.396194,-0.576936
0.397149,-0.575867
0.398104,-0.574799
0.399059,-0.57373
0.400014,-0.572661
0.400968,-0.571593
0.401923,-0.570524
0.402878,-0.569455
0.403833,-0.568387
0.404788,-0.567318
0.405743,-0.566249
0.406698,-0.565181
0.407653,-0.564112
0.408608,-0.563044
0.409563,-0.561975
0.410518,-0.560906
0.411473,-0.559838
0.412428,-0.558769
0.413383,-0.5577
0.414338,-0.556632
0.415293,-0.555563
0.416248,-0.554494
0.417203,-0.553426
0.418158,-0.552357
0.419113,-0.551289
0.420067,-0.55022
0.421022,-0.549151
0.421977,-0.548083
0.422932,-0.547014
0.423887,-0.545945
0.424842,-0.544877
0.425797,-0.543808
0.426752,-0.542739
0.427707,-0.541671
0.428662,-0.540602
0.429617,-0.539534
0.430572,-0.538465
0.431527,-0.537396
0.432482,-0.536328
0.433437,-0.535259
0.434392,-0.53419
0.435347,-0.533122
0.436302,-0.532053
0.437257,-0.530984
0.438212,-0.529916
0.439166,-0.528847
0.440121,-0.527779
0.441076,-0.52671
0.442031,-0.525641
0.442986,-0.524573
0.443941,-0.523504
0.444896,-0.522435
0.445851,-0.521367
0.446806,-0.520298
0.447761,-0.519229
0.448716,-0.518161
0.449671,-0.517092
0.450626,-0.516024
0.451581,-0.514955
0.452536,-0.513886
0.453491,-0.512818
0.45246,-0.513582
0.451429,-0.514347
0.450399,-0.515112
0.449368,-0.515876
0.448337,-0.516641
0.447307,-0.517405
0.446276,-0.51817
0.445245,-0.518935
0.444215,-0.519699
0.443184,-0.520464
0.442153,-0.521229
0.441123,-0.521993
0.440092,-0.522758
0.439061,-0.523522
0.438031,-0.524287
0.437,-0.525052
0.435969,-0.525816
0.434939,-0.526581
0.433908,-0.527346
0.432877,-0.52811
0.431847,-0.528875
0.430816,-0.529639
0.429785,-0.530404
0.428755,-0.531169
0.427724,-0.531933
0.426693,-0.532698
0.425663,-0.533463
0.424632,-0.534227
0.423601,-0.534992
0.422571,-0.535756
0.42154,-0.536521
0.420509,-0.537286
0.419479,-0.53805
0.418448,-0.538815
0.417417,-0.53958
0.416387,-0.540344
0.415356,-0.541109
0.414325,-0.541873
0.413295,-0.542638
0.412264,-0.543403
0.411233,-0.544167
0.410203,-0.544932
0.409172,-0.545697
0.408141,-0.546461
0.407111,-0.547226
0.40608,-0.54799
0.405049,-0.548755
0.404019,-0.54952
0.402988,-0.550284
0.401957,-0.551049
0.400927,-0.551814
0.399896,-0.552578
0.398865,-0.553343
0.397835,-0.554108
0.396804,-0.554872
0.395773,-0.555637
0.394743,-0.556401
0.393712,-0.557166
0.392681,-0.557931
0.391651,-0.558695
0.39062,-0.55946
0.389589,-0.560225
0.388559,-0.560989
0.387528,-0.561754
0.386497,-0.562518
0.385467,-0.563283
0.384436,-0.564048
0.383405,-0.564812
0.382375,-0.565577
0.381344,-0.566342
0.380313,-0.567106
0.379283,-0.567871
0.378252,-0.568635
0.377221,-0.5694
0.376191,-0.570165
0.37516,-0.570929
0.374129,-0.571694
0.373099,-0.572459
0.372068,-0.573223
0.371037,-0.573988
0.370007,-0.574752
0.368976,-0.575517
0.367945,-0.576282
0.366915,-0.577046
0.365884,-0.577811
0.364853,-0.578576
0.363823,-0.57934
0.362792,-0.580105
0.361761,-0.580869
0.360731,-0.581634
0.3597,-0.582399
0.358669,-0.583163
0.357639,-0.583928
0.356608,-0.584693
0.355577,-0.585457
0.354547,-0.586222
0.353516,-0.586986
0.352485,-0.587751
0.351455,-0.588516
0.350424,-0.58928
0.349393,-0.590045
0.348363,-0.59081
0.347332,-0.591574
0.346301,-0.592339
0.345271,-0.593104
0.34424,-0.593868
0.343209,-0.594633
0.342178,-0.595397
0.341148,-0.596162
0.340117,-0.596927
0.339086,-0.597691
0.338056,-0.598456
0.337025,-0.599221
0.335994,-0.599985
0.334964,-0.60075
0.333933,-0.601514
0.332902,-0.602279
0.331872,-0.603044
0.330841,-0.603808
0.32981,-0.604573
0.32878,-0.605338
0.327749,-0.606102
0.326718,-0.606867
0.325688,-0.607631
0.324657,-0.608396
0.323626,-0.609161
0.322596,-0.609925
0.321565,-0.61069
0.320534,-0.611455
0.319504,-0.612219
0.318473,-0.612984
0.317442,-0.613748
0.316412,-0.614513
0.315381,-0.615278
0.31435,-0.616042
0.31332,-0.616807
0.312289,-0.617572
0.311258,-0.618336
0.310228,-0.619101
0.309197,-0.619865
0.308166,-0.62063
0.307136,-0.621395
0.306105,-0.622159
0.305074,-0.622924
0.304044,-0.623689
0.303013,-0.624453
0.301982,-0.625218
0.300952,-0.625982
0.299921,-0.626747
0.300819,-0.626445
0.301718,-0.626143
0.302616,-0.62584
0.303514,-0.625538
0.304413,-0.625236
0.305311,-0.624934
0.306209,-0.624631
0.307107,-0.624329
0.308006,-0.624027
0.308904,-0.623725
0.309802,-0.623422
0.310701,-0.62312
0.311599,-0.622818
0.312497,-0.622515
0.313395,-0.622213
0.314294,-0.621911
0.315192,-0.621609
0.31609,-0.621306
0.316989,-0.621004
0.317887,-0.620702
0.318785,-0.6204
0.319683,-0.620097
0.320582,-0.619795
0.32148,-0.619493
0.322378,-0.619191
0.323277,-0.618888
0.324175,-0.618586
0.325073,-0.618284
0.325971,-0.617982
0.32687,-0.617679
0.327768,-0.617377
0.328666,-0.617075
0.329565,-0.616773
0.330463,-0.61647
0.331361,-0.616168
0.332259,-0.615866
0.333158,-0.615563
0.334056,-0.615261
0.334954,-0.614959
0.335853,-0.614657
0.336751,-0.614354
0.337649,-0.614052
0.338548,-0.61375
0.339446,-0.613448
0.340344,-0.613145
0.341242,-0.612843
0.342141,-0.612541
0.343039,-0.612239
0.343937,-0.611936
0.344836,-0.611634
0.345734,-0.611332
0.346632,-0.61103
0.34753,-0.610727
0.348429,-0.610425
0.349327,-0.610123
0.350225,-0.609821
0.351124,-0.609518
0.352022,-0.609216
0.35292,-0.608914
0.353818,-0.608612
0.354717,-0.608309
0.355615,-0.608007
0.356513,-0.607705
0.357412,-0.607402
0.35831,-0.6071
0.359208,-0.606798
0.360106,-0.606496
0.361005,-0.606193
0.361903,-0.605891
0.362801,-0.605589
0.3637,-0.605287
0.364598,-0.604984
0.365496,-0.604682
0.366394,-0.60438
0.367293,-0.604078
0.368191,-0.603775
0.369089,-0.603473
0.369988,-0.603171
0.370886,-0.602869
0.371784,-0.602566
0.372682,-0.602264
0.373581,-0.601962
0.374479,-0.60166
0.375377,-0.601357
0.376276,-0.601055
0.377174,-0.600753
0.378072,-0.60045
0.378971,-0.600148
0.379869,-0.599846
0.380767,-0.599544
0.381665,-0.599241
0.382564,-0.598939
0.383462,-0.598637
0.38436,-0.598335
0.385259,-0.598032
0.386157,-0.59773
0.387055,-0.597428
0.387953,-0.597126
0.388852,-0.596823
0.38975,-0.596521
0.390648,-0.596219
0.391547,-0.595917
0.392445,-0.595614
0.393343,-0.595312
0.394241,-0.59501
0.39514,-0.594708
0.396038,-0.594405
0.396936,-0.594103
0.397835,-0.593801
0.398733,-0.593498
0.399631,-0.593196
0.400529,-0.592894
0.401428,-0.592592
0.402326,-0.592289
0.403224,-0.591987
0.404123,-0.591685
0.405021,-0.591383
0.405919,-0.59108
0.406817,-0.590778
0.407716,-0.590476
0.408614,-0.590174
0.409512,-0.589871
0.410411,-0.589569
0.411309,-0.589267
0.412207,-0.588965
0.413105,-0.588662
0.414004,-0.58836
0.414902,-0.588058
0.4158,-0.587756
0.416699,-0.587453
0.417597,-0.587151
0.418495,-0.586849
0.419394,-0.586547
0.420292,-0.586244
0.42119,-0.585942
0.422088,-0.58564
0.422987,-0.585337
0.423885,-0.585035
0.424783,-0.584733
0.425682,-0.584431
0.42658,-0.584128
0.427478,-0.583826
0.428376,-0.583524
0.429275,-0.583222
0.430173,-0.582919
0.431071,-0.582617
0.43197,-0.582315
0.432868,-0.582013
0.433766,-0.58171
0.434664,-0.581408
0.435835,-0.581038
0.437005,-0.580668
0.438176,-0.580298
0.439346,-0.579927
0.440517,-0.579557
0.441687,-0.579187
0.442858,-0.578817
0.444028,-0.578447
0.445199,-0.578077
0.446369,-0.577707
0.44754,-0.577336
0.44871,-0.576966
0.449881,-0.576596
0.451051,-0.576226
0.452222,-0.575856
0.453392,-0.575486
0.454563,-0.575116
0.455733,-0.574745
0.456903,-0.574375
0.458074,-0.574005
0.459244,-0.573635
0.460415,-0.573265
0.461585,-0.572895
0.462756,-0.572525
0.463926,-0.572154
0.465097,-0.571784
0.466267,-0.571414
0.467438,-0.571044
0.468608,-0.570674
0.469779,-0.570304
0.470949,-0.569934
0.47212,-0.569563
0.47329,-0.569193
0.474461,-0.568823
0.475631,-0.568453
0.476802,-0.568083
0.477972,-0.567713
0.479142,-0.567343
0.480313,-0.566972
0.481483,-0.566602
0.482654,-0.566232
0.483824,-0.565862
0.484995,-0.565492
0.486165,-0.565122
0.487336,-0.564751
0.488506,-0.564381
0.489677,-0.564011
0.490847,-0.563641
0.492018,-0.563271
0.493188,-0.562901
0.494359,-0.562531
0.495529,-0.56216
0.4967,-0.56179
0.49787,-0.56142
0.499041,-0.56105
0.500211,-0.56068
0.501382,-0.56031
0.502552,-0.55994
0.503722,-0.559569
0.504893,-0.559199
0.506063,-0.558829
0.507234,-0.558459
0.508404,-0.558089
0.509575,-0.557719
0.510745,-0.557349
0.511916,-0.556978
0.513086,-0.556608
0.514257,-0.556238
0.515427,-0.555868
0.516598,-0.555498
0.517768,-0.555128
0.518939,-0.554758
0.520109,-0.554387
0.52128,-0.554017
0.52245,-0.553647
0.523621,-0.553277
0.524791,-0.552907
0.525961,-0.552537
0.527132,-0.552167
0.528302,-0.551796
0.529473,-0.551426
0.530643,-0.551056
0.531814,-0.550686
0.532984,-0.550316
0.534155,-0.549946
0.535325,-0.549575
0.536496,-0.549205
0.537666,-0.548835
0.538837,-0.548465
0.540007,-0.548095
0.541178,-0.547725
0.542348,-0.547355
0.543519,-0.546984
0.544689,-0.546614
0.54586,-0.546244
0.54703,-0.545874
0.548201,-0.545504
0.549371,-0.545134
0.550541,-0.544764
0.551712,-0.544393
0.552882,-0.544023
0.554053,-0.543653
0.555223,-0.543283
0.556394,-0.542913
0.557564,-0.542543
0.558735,-0.542173
0.559905,-0.541802
0.561076,-0.541432
0.562246,-0.541062
0.563417,-0.540692
0.564587,-0.540322
0.565758,-0.539952
0.566928,-0.539582
0.568099,-0.539211
0.569269,-0.538841
0.57044,-0.538471
0.57161,-0.538101
0.572781,-0.537731
0.573951,-0.537361
0.575121,-0.536991
0.576292,-0.53662
0.577462,-0.53625
0.578633,-0.53588
0.579803,-0.53551
0.580974,-0.53514
0.582144,-0.53477
0.583315,-0.5344
0.584485,-0.534029
0.585656,-0.533659
0.586826,-0.533289
0.587997,-0.532919
0.589167,-0.532549
0.590338,-0.532179
0.591508,-0.531808
0.592679,-0.531438
0.593849,-0.531068
0.59502,-0.530698
0.59619,-0.530328
0.59736,-0.529958
0.598531,-0.529588
0.599701,-0.529217
0.600872,-0.528847
0.602042,-0.528477
0.603213,-0.528107
0.604383,-0.527737
0.605554,-0.527367
0.606724,-0.526997
0.607895,-0.526626
0.609065,-0.526256
