O
10
1,0,-1,0.78,-0.5,0.75,0.0,0.0,0.0,0.3,0.4,0.02,0,0.8,False
2,0,-1,1.1,-0.5,0.93,0.0,0.0,0.0,0.02,0.4,0.2,0,0.8,False
3,0,-1,0.78,-0.5,1.11,0.0,0.0,0.0,0.3,0.4,0.02,0,0.8,False
4,0,-1,0.8,-0.92,0.93,0.0,0.0,0.0,0.32,0.02,0.2,0,0.8,False
5,0,-1,0.8,-0.08,0.93,0.0,0.0,0.0,0.32,0.02,0.2,0,0.8,False
6,0,0,0.8213903429348439,-0.32914105971619845,0.86,0.0,0.0,0.6738469380026226,0.05041226348953786,0.04530013699956723,0.09,0.44548867869812675,0.815815702523543,False
7,0,0,0.6506534809391388,-0.589804612174651,0.86,0.0,0.0,0.6588176859685732,0.03,0.07126068407517001,0.09,0.105938401580418,0.8830811381589823,False
8,0,0,0.7259178874396759,-0.7637197648842915,0.9023432327114232,0.0,0.0,3.0327856837983025,0.04021524617530967,0.0568547722441458,0.13234323271142326,0.43684949731526596,0.8376906881629345,False
9,2,0,0.6137735114345165,-0.2771104505355054,0.8450000000000001,0.0,0.0,2.720569423679747,0.03,0.03,0.15,0.11023645860359627,0.8382315790524228,False
10,0,0,0.5590639952403195,-0.41237448195214704,0.8952444870631125,0.0,0.0,3.585989798448523,0.07043114324491825,0.03,0.1252444870631125,0.3526472301773642,0.866598197270674,False
R
0.0,0.0,0.0,0.0,0.0,0.0,1.0
S
8
torso_lift_joint,0
r_shoulder_pan_joint,-1.69017
r_shoulder_lift_joint,-0.0788625
r_upper_arm_roll_joint,-1.69017
r_elbow_flex_joint,-1.2717
r_forearm_roll_joint,-0.151824
r_wrist_flex_joint,-1.25254
r_wrist_roll_joint,0.675062
G
0.454845,-0.462,0.895244,0.444397,-0,0
ooi
10
A
599
0.310248,-0.673113
0.310676,-0.672203
0.311104,-0.671292
0.311533,-0.670382
0.311961,-0.669472
0.312389,-0.668561
0.312817,-0.667651
0.313245,-0.666741
0.313673,-0.66583
0.314101,-0.66492
0.314529,-0.66401
0.314958,-0.663099
0.315386,-0.662189
0.315814,-0.661279
0.316242,-0.660368
0.31667,-0.659458
0.317098,-0.658548
0.317526,-0.657637
0.317954,-0.656727
0.318383,-0.655817
0.318811,-0.654906
0.319239,-0.653996
0.319667,-0.653086
0.320095,-0.652175
0.320523,-0.651265
0.320951,-0.650354
0.321379,-0.649444
0.321808,-0.648534
0.322236,-0.647623
0.322664,-0.646713
0.323092,-0.645803
0.32352,-0.644892
0.323948,-0.643982
0.324376,-0.643072
0.324804,-0.642161
0.325233,-0.641251
0.325661,-0.640341
0.326089,-0.63943
0.326517,-0.63852
0.326945,-0.63761
0.327373,-0.636699
0.327801,-0.635789
0.328229,-0.634879
0.328658,-0.633968
0.329086,-0.633058
0.329514,-0.632148
0.329942,-0.631237
0.33037,-0.630327
0.330798,-0.629417
0.331226,-0.628506
0.331654,-0.627596
0.332083,-0.626686
0.332511,-0.625775
0.332939,-0.624865
0.333367,-0.623955
0.333795,-0.623044
0.334223,-0.622134
0.334651,-0.621224
0.335079,-0.620313
0.335508,-0.619403
0.335936,-0.618492
0.336364,-0.617582
0.336792,-0.616672
0.33722,-0.615761
0.337648,-0.614851
0.338076,-0.613941
0.338504,-0.61303
0.338933,-0.61212
0.339361,-0.61121
0.339789,-0.610299
0.340217,-0.609389
0.340645,-0.608479
0.341073,-0.607568
0.341501,-0.606658
0.341929,-0.605748
0.342358,-0.604837
0.342786,-0.603927
0.343214,-0.603017
0.343642,-0.602106
0.34407,-0.601196
0.344498,-0.600286
0.344926,-0.599375
0.345354,-0.598465
0.345783,-0.597555
0.346211,-0.596644
0.346639,-0.595734
0.347067,-0.594824
0.347495,-0.593913
0.347923,-0.593003
0.348351,-0.592093
0.348779,-0.591182
0.349208,-0.590272
0.349636,-0.589361
0.350064,-0.588451
0.350492,-0.587541
0.35092,-0.58663
0.351348,-0.58572
0.351776,-0.58481
0.352204,-0.583899
0.352633,-0.582989
0.353061,-0.582079
0.353489,-0.581168
0.353917,-0.580258
0.354345,-0.579348
0.354773,-0.578437
0.355201,-0.577527
0.355629,-0.576617
0.356058,-0.575706
0.356486,-0.574796
0.356914,-0.573886
0.357342,-0.572975
0.35777,-0.572065
0.358198,-0.571155
0.358626,-0.570244
0.359054,-0.569334
0.359483,-0.568424
0.359911,-0.567513
0.360339,-0.566603
0.360767,-0.565693
0.361195,-0.564782
0.361623,-0.563872
0.362051,-0.562962
0.362479,-0.562051
0.362908,-0.561141
0.363336,-0.56023
0.363764,-0.55932
0.364192,-0.55841
0.36462,-0.557499
0.365048,-0.556589
0.365476,-0.555679
0.365904,-0.554768
0.366333,-0.553858
0.366761,-0.552948
0.367189,-0.552037
0.367617,-0.551127
0.368045,-0.550217
0.368473,-0.549306
0.368901,-0.548396
0.369329,-0.547486
0.369758,-0.546575
0.370186,-0.545665
0.370614,-0.544755
0.371042,-0.543844
0.37147,-0.542934
0.371898,-0.542024
0.372326,-0.541113
0.372754,-0.540203
0.373183,-0.539293
0.373611,-0.538382
0.374039,-0.537472
0.374467,-0.536562
0.374543,-0.53777
0.374619,-0.538979
0.374695,-0.540188
0.374771,-0.541396
0.374847,-0.542605
0.374923,-0.543814
0.374999,-0.545023
0.375076,-0.546231
0.375152,-0.54744
0.375228,-0.548649
0.375304,-0.549858
0.37538,-0.551066
0.375456,-0.552275
0.375532,-0.553484
0.375608,-0.554692
0.375684,-0.555901
0.37576,-0.55711
0.375836,-0.558319
0.375912,-0.559527
0.375988,-0.560736
0.376065,-0.561945
0.376141,-0.563153
0.376217,-0.564362
0.376293,-0.565571
0.376369,-0.56678
0.376445,-0.567988
0.376521,-0.569197
0.376597,-0.570406
0.376673,-0.571615
0.376749,-0.572823
0.376825,-0.574032
0.376901,-0.575241
0.376977,-0.576449
0.377053,-0.577658
0.37713,-0.578867
0.377206,-0.580076
0.377282,-0.581284
0.377358,-0.582493
0.377434,-0.583702
0.37751,-0.58491
0.377586,-0.586119
0.377662,-0.587328
0.377738,-0.588537
0.377814,-0.589745
0.37789,-0.590954
0.377966,-0.592163
0.378042,-0.593372
0.378118,-0.59458
0.378195,-0.595789
0.378271,-0.596998
0.378347,-0.598206
0.378423,-0.599415
0.378499,-0.600624
0.378575,-0.601833
0.378651,-0.603041
0.378727,-0.60425
0.378803,-0.605459
0.378879,-0.606667
0.378955,-0.607876
0.379031,-0.609085
0.379107,-0.610294
0.379183,-0.611502
0.37926,-0.612711
0.379336,-0.61392
0.379412,-0.615129
0.379488,-0.616337
0.379564,-0.617546
0.37964,-0.618755
0.379716,-0.619963
0.379792,-0.621172
0.379868,-0.622381
0.379944,-0.62359
0.38002,-0.624798
0.380096,-0.626007
0.380172,-0.627216
0.380249,-0.628424
0.380325,-0.629633
0.380401,-0.630842
0.380477,-0.632051
0.380553,-0.633259
0.380629,-0.634468
0.380705,-0.635677
0.380781,-0.636886
0.380857,-0.638094
0.380933,-0.639303
0.381009,-0.640512
0.381085,-0.64172
0.381161,-0.642929
0.381237,-0.644138
0.381314,-0.645347
0.38139,-0.646555
0.381466,-0.647764
0.381542,-0.648973
0.381618,-0.650181
0.381694,-0.65139
0.38177,-0.652599
0.381846,-0.653808
0.381922,-0.655016
0.381998,-0.656225
0.382074,-0.657434
0.38215,-0.658643
0.382226,-0.659851
0.382302,-0.66106
0.382379,-0.662269
0.382455,-0.663477
0.382531,-0.664686
0.382607,-0.665895
0.382683,-0.667104
0.382759,-0.668312
0.382835,-0.669521
0.382911,-0.67073
0.382987,-0.671938
0.383063,-0.673147
0.383139,-0.674356
0.383215,-0.675565
0.383291,-0.676773
0.383367,-0.677982
0.383444,-0.679191
0.38352,-0.6804
0.383596,-0.681608
0.383672,-0.682817
0.383748,-0.684026
0.383824,-0.685234
0.3839,-0.686443
0.383976,-0.687652
0.384052,-0.688861
0.384128,-0.690069
0.384204,-0.691278
0.38428,-0.692487
0.384356,-0.693695
0.384433,-0.694904
0.384509,-0.696113
0.384585,-0.697322
0.384661,-0.69853
0.384737,-0.699739
0.384813,-0.700948
0.384889,-0.702157
0.384965,-0.703365
0.385041,-0.704574
0.385117,-0.705783
0.385193,-0.706991
0.385269,-0.7082
0.385345,-0.709409
0.385421,-0.710618
0.385498,-0.711826
0.385574,-0.713035
0.38565,-0.714244
0.385726,-0.715453
0.385802,-0.716661
0.386461,-0.716799
0.387121,-0.716937
0.38778,-0.717074
0.38844,-0.717212
0.389099,-0.71735
0.389759,-0.717488
0.390418,-0.717625
0.391078,-0.717763
0.391737,-0.717901
0.392397,-0.718039
0.393056,-0.718176
0.393716,-0.718314
0.394375,-0.718452
0.395035,-0.71859
0.395695,-0.718727
0.396354,-0.718865
0.397014,-0.719003
0.397673,-0.719141
0.398333,-0.719278
0.398992,-0.719416
0.399652,-0.719554
0.400311,-0.719692
0.400971,-0.719829
0.40163,-0.719967
0.40229,-0.720105
0.402949,-0.720242
0.403609,-0.72038
0.404268,-0.720518
0.404928,-0.720656
0.405587,-0.720793
0.406247,-0.720931
0.406906,-0.721069
0.407566,-0.721207
0.408225,-0.721344
0.408885,-0.721482
0.409544,-0.72162
0.410204,-0.721758
0.410863,-0.721895
0.411523,-0.722033
0.412182,-0.722171
0.412842,-0.722309
0.413501,-0.722446
0.414161,-0.722584
0.41482,-0.722722
0.41548,-0.72286
0.416139,-0.722997
0.416799,-0.723135
0.417458,-0.723273
0.418118,-0.723411
0.418777,-0.723548
0.419437,-0.723686
0.420097,-0.723824
0.420756,-0.723962
0.421416,-0.724099
0.422075,-0.724237
0.422735,-0.724375
0.423394,-0.724512
0.424054,-0.72465
0.424713,-0.724788
0.425373,-0.724926
0.426032,-0.725063
0.426692,-0.725201
0.427351,-0.725339
0.428011,-0.725477
0.42867,-0.725614
0.42933,-0.725752
0.429989,-0.72589
0.430649,-0.726028
0.431308,-0.726165
0.431968,-0.726303
0.432627,-0.726441
0.433287,-0.726579
0.433946,-0.726716
0.434606,-0.726854
0.435265,-0.726992
0.435925,-0.72713
0.436584,-0.727267
0.437244,-0.727405
0.437903,-0.727543
0.438563,-0.727681
0.439222,-0.727818
0.439882,-0.727956
0.440541,-0.728094
0.441201,-0.728231
0.44186,-0.728369
0.44252,-0.728507
0.443179,-0.728645
0.443839,-0.728782
0.444499,-0.72892
0.445158,-0.729058
0.445818,-0.729196
0.446477,-0.729333
0.447137,-0.729471
0.447796,-0.729609
0.448456,-0.729747
0.449115,-0.729884
0.449775,-0.730022
0.450434,-0.73016
0.451094,-0.730298
0.451753,-0.730435
0.452413,-0.730573
0.453072,-0.730711
0.453732,-0.730849
0.454391,-0.730986
0.455051,-0.731124
0.45571,-0.731262
0.45637,-0.7314
0.457029,-0.731537
0.457689,-0.731675
0.458348,-0.731813
0.459008,-0.73195
0.459667,-0.732088
0.460327,-0.732226
0.460986,-0.732364
0.461646,-0.732501
0.462305,-0.732639
0.462965,-0.732777
0.463624,-0.732915
0.464284,-0.733052
0.464943,-0.73319
0.465603,-0.733328
0.466262,-0.733466
0.466922,-0.733603
0.467581,-0.733741
0.468241,-0.733879
0.468901,-0.734017
0.46956,-0.734154
0.47022,-0.734292
0.470879,-0.73443
0.471539,-0.734568
0.472198,-0.734705
0.472858,-0.734843
0.473517,-0.734981
0.474177,-0.735119
0.474836,-0.735256
0.475496,-0.735394
0.476155,-0.735532
0.476815,-0.735669
0.477474,-0.735807
0.478134,-0.735945
0.478793,-0.736083
0.479453,-0.73622
0.480112,-0.736358
0.480772,-0.736496
0.481431,-0.736634
0.482091,-0.736771
0.48275,-0.736909
0.48341,-0.737047
0.484069,-0.737185
0.484729,-0.737322
0.484528,-0.735475
0.484328,-0.733627
0.484127,-0.731779
0.483927,-0.729931
0.483726,-0.728083
0.483525,-0.726236
0.483325,-0.724388
0.483124,-0.72254
0.482924,-0.720692
0.482723,-0.718844
0.482523,-0.716997
0.482322,-0.715149
0.482122,-0.713301
0.481921,-0.711453
0.48172,-0.709605
0.48152,-0.707758
0.481319,-0.70591
0.481119,-0.704062
0.480918,-0.702214
0.480718,-0.700366
0.480517,-0.698519
0.480316,-0.696671
0.480116,-0.694823
0.479915,-0.692975
0.479715,-0.691127
0.479514,-0.68928
0.479314,-0.687432
0.479113,-0.685584
0.478912,-0.683736
0.478712,-0.681888
0.478511,-0.680041
0.478311,-0.678193
0.47811,-0.676345
0.47791,-0.674497
0.477709,-0.672649
0.477509,-0.670802
0.477308,-0.668954
0.477107,-0.667106
0.476907,-0.665258
0.476706,-0.66341
0.476506,-0.661563
0.476305,-0.659715
0.476105,-0.657867
0.475904,-0.656019
0.475703,-0.654171
0.475503,-0.652323
0.475302,-0.650476
0.475102,-0.648628
0.474901,-0.64678
0.474701,-0.644932
0.4745,-0.643084
0.474299,-0.641237
0.474099,-0.639389
0.473898,-0.637541
0.473698,-0.635693
0.473497,-0.633845
0.473297,-0.631998
0.473096,-0.63015
0.472896,-0.628302
0.472695,-0.626454
0.472494,-0.624606
0.472294,-0.622759
0.472093,-0.620911
0.471893,-0.619063
0.471692,-0.617215
0.471492,-0.615367
0.471291,-0.61352
0.47109,-0.611672
0.47089,-0.609824
0.470689,-0.607976
0.470489,-0.606128
0.470288,-0.604281
0.470088,-0.602433
0.469887,-0.600585
0.469686,-0.598737
0.469486,-0.596889
0.469285,-0.595042
0.469085,-0.593194
0.468884,-0.591346
0.468684,-0.589498
0.468483,-0.58765
0.468283,-0.585803
0.468082,-0.583955
0.467881,-0.582107
0.467681,-0.580259
0.46748,-0.578411
0.46728,-0.576564
0.467079,-0.574716
0.466879,-0.572868
0.466678,-0.57102
0.466477,-0.569172
0.466277,-0.567325
0.466076,-0.565477
0.465876,-0.563629
0.465675,-0.561781
0.465475,-0.559933
0.465274,-0.558086
0.465073,-0.556238
0.464873,-0.55439
0.464672,-0.552542
0.464472,-0.550694
0.464271,-0.548847
0.464071,-0.546999
0.46387,-0.545151
0.46367,-0.543303
0.463469,-0.541455
0.463268,-0.539608
0.463068,-0.53776
0.462867,-0.535912
0.462667,-0.534064
0.462466,-0.532216
0.462266,-0.530369
0.462065,-0.528521
0.461864,-0.526673
0.461664,-0.524825
0.461463,-0.522977
0.461263,-0.52113
0.461062,-0.519282
0.460862,-0.517434
0.460661,-0.515586
0.46046,-0.513738
0.46026,-0.511891
0.460059,-0.510043
0.459859,-0.508195
0.459658,-0.506347
0.459458,-0.504499
0.459257,-0.502652
0.459057,-0.500804
0.458856,-0.498956
0.458655,-0.497108
0.458455,-0.49526
0.458254,-0.493413
0.458054,-0.491565
0.457853,-0.489717
0.457653,-0.487869
0.457452,-0.486021
0.457251,-0.484174
0.457051,-0.482326
0.45685,-0.480478
0.45665,-0.47863
0.456449,-0.476782
0.456249,-0.474935
0.456048,-0.473087
0.455848,-0.471239
0.455647,-0.469391
0.455446,-0.467543
0.455246,-0.465696
0.455045,-0.463848
0.454845,-0.462
