O
10
1,0,-1,0.78,-0.5,0.75,0.0,0.0,0.0,0.3,0.4,0.02,0,0.8,False
2,0,-1,1.1,-0.5,0.93,0.0,0.0,0.0,0.02,0.4,0.2,0,0.8,False
3,0,-1,0.78,-0.5,1.11,0.0,0.0,0.0,0.3,0.4,0.02,0,0.8,False
4,0,-1,0.8,-0.92,0.93,0.0,0.0,0.0,0.32,0.02,0.2,0,0.8,False
5,0,-1,0.8,-0.08,0.93,0.0,0.0,0.0,0.32,0.02,0.2,0,0.8,False
6,2,0,0.9235204740461807,-0.4732055890871785,0.8450000000000001,0.0,0.0,2.6171531109052384,0.03,0.03,0.15,0.07675811577761593,0.8808529613571087,False
7,2,0,0.7708417776697898,-0.17891686953970964,0.8450000000000001,0.0,0.0,1.0285231374610337,0.04994227727167564,0.04994227727167564,0.15,0.1238322845629492,0.9102501046423944,False
8,0,0,1.023657192577983,-0.19113362689301117,0.86,0.0,0.0,1.190456094323636,0.03005433780536494,0.03,0.09,0.39330842687263295,0.8719376281975246,False
9,2,0,0.6441004097062267,-0.7797023216954437,0.8450000000000001,0.0,0.0,0.6420911451423762,0.03012351052125033,0.03012351052125033,0.15,0.1707602089989244,1.118086519634379,False
10,2,0,0.6182828406504606,-0.15734185433777603,0.8450000000000001,0.0,0.0,1.8281034304203614,0.03,0.03,0.15,0.16658748871042184,1.0341079035656573,False
R
0.0,0.0,0.0,0.0,0.0,0.0,1.0
S
8
torso_lift_joint,0
r_shoulder_pan_joint,-1.69017
r_shoulder_lift_joint,-0.0788625
r_upper_arm_roll_joint,-1.69017
r_elbow_flex_joint,-1.2717
r_forearm_roll_joint,-0.151824
r_wrist_flex_joint,-1.25254
r_wrist_roll_joint,0.675062
G
0.585642,-0.73252,0.845,2.46254,-3.14159,3.14159
ooi
9
A
599
0.310248,-0.673113
0.310704,-0.673288
0.311161,-0.673463
0.311617,-0.673638
0.312073,-0.673813
0.31253,-0.673988
0.312986,-0.674163
0.313442,-0.674338
0.313899,-0.674513
0.314355,-0.674688
0.314811,-0.674864
0.315268,-0.675039
0.315724,-0.675214
0.31618,-0.675389
0.316637,-0.675564
0.317093,-0.675739
0.317549,-0.675914
0.318006,-0.676089
0.318462,-0.676264
0.318918,-0.676439
0.319374,-0.676614
0.319831,-0.676789
0.320287,-0.676964
0.320743,-0.677139
0.3212,-0.677314
0.321656,-0.677489
0.322112,-0.677664
0.322569,-0.677839
0.323025,-0.678014
0.323481,-0.678189
0.323938,-0.678364
0.324394,-0.678539
0.32485,-0.678714
0.325307,-0.678889
0.325763,-0.679065
0.326219,-0.67924
0.326676,-0.679415
0.327132,-0.67959
0.327588,-0.679765
0.328044,-0.67994
0.328501,-0.680115
0.328957,-0.68029
0.329413,-0.680465
0.32987,-0.68064
0.330326,-0.680815
0.330782,-0.68099
0.331239,-0.681165
0.331695,-0.68134
0.332151,-0.681515
0.332608,-0.68169
0.333064,-0.681865
0.33352,-0.68204
0.333977,-0.682215
0.334433,-0.68239
0.334889,-0.682565
0.335345,-0.68274
0.335802,-0.682915
0.336258,-0.683091
0.336714,-0.683266
0.337171,-0.683441
0.337627,-0.683616
0.338083,-0.683791
0.33854,-0.683966
0.338996,-0.684141
0.339452,-0.684316
0.339909,-0.684491
0.340365,-0.684666
0.340821,-0.684841
0.341278,-0.685016
0.341734,-0.685191
0.34219,-0.685366
0.342647,-0.685541
0.343103,-0.685716
0.343559,-0.685891
0.344015,-0.686066
0.344472,-0.686241
0.344928,-0.686416
0.345384,-0.686591
0.345841,-0.686766
0.346297,-0.686941
0.346753,-0.687116
0.34721,-0.687292
0.347666,-0.687467
0.348122,-0.687642
0.348579,-0.687817
0.349035,-0.687992
0.349491,-0.688167
0.349948,-0.688342
0.350404,-0.688517
0.35086,-0.688692
0.351317,-0.688867
0.351773,-0.689042
0.352229,-0.689217
0.352685,-0.689392
0.353142,-0.689567
0.353598,-0.689742
0.354054,-0.689917
0.354511,-0.690092
0.354967,-0.690267
0.355423,-0.690442
0.35588,-0.690617
0.356336,-0.690792
0.356792,-0.690967
0.357249,-0.691142
0.357705,-0.691318
0.358161,-0.691493
0.358618,-0.691668
0.359074,-0.691843
0.35953,-0.692018
0.359987,-0.692193
0.360443,-0.692368
0.360899,-0.692543
0.361355,-0.692718
0.361812,-0.692893
0.362268,-0.693068
0.362724,-0.693243
0.363181,-0.693418
0.363637,-0.693593
0.364093,-0.693768
0.36455,-0.693943
0.365006,-0.694118
0.365462,-0.694293
0.365919,-0.694468
0.366375,-0.694643
0.366831,-0.694818
0.367288,-0.694993
0.367744,-0.695168
0.3682,-0.695343
0.368656,-0.695519
0.369113,-0.695694
0.369569,-0.695869
0.370025,-0.696044
0.370482,-0.696219
0.370938,-0.696394
0.371394,-0.696569
0.371851,-0.696744
0.372307,-0.696919
0.372763,-0.697094
0.37322,-0.697269
0.373676,-0.697444
0.374132,-0.697619
0.374589,-0.697794
0.375045,-0.697969
0.375501,-0.698144
0.375958,-0.698319
0.376414,-0.698494
0.37687,-0.698669
0.377326,-0.698844
0.377783,-0.699019
0.378239,-0.699194
0.378695,-0.699369
0.378515,-0.699032
0.378335,-0.698695
0.378155,-0.698357
0.377975,-0.69802
0.377795,-0.697682
0.377614,-0.697345
0.377434,-0.697008
0.377254,-0.69667
0.377074,-0.696333
0.376894,-0.695995
0.376713,-0.695658
0.376533,-0.695321
0.376353,-0.694983
0.376173,-0.694646
0.375993,-0.694308
0.375812,-0.693971
0.375632,-0.693634
0.375452,-0.693296
0.375272,-0.692959
0.375092,-0.692621
0.374912,-0.692284
0.374731,-0.691947
0.374551,-0.691609
0.374371,-0.691272
0.374191,-0.690934
0.374011,-0.690597
0.37383,-0.69026
0.37365,-0.689922
0.37347,-0.689585
0.37329,-0.689247
0.37311,-0.68891
0.37293,-0.688573
0.372749,-0.688235
0.372569,-0.687898
0.372389,-0.68756
0.372209,-0.687223
0.372029,-0.686886
0.371848,-0.686548
0.371668,-0.686211
0.371488,-0.685873
0.371308,-0.685536
0.371128,-0.685199
0.370948,-0.684861
0.370767,-0.684524
0.370587,-0.684186
0.370407,-0.683849
0.370227,-0.683512
0.370047,-0.683174
0.369866,-0.682837
0.369686,-0.682499
0.369506,-0.682162
0.369326,-0.681825
0.369146,-0.681487
0.368966,-0.68115
0.368785,-0.680812
0.368605,-0.680475
0.368425,-0.680138
0.368245,-0.6798
0.368065,-0.679463
0.367884,-0.679125
0.367704,-0.678788
0.367524,-0.678451
0.367344,-0.678113
0.367164,-0.677776
0.366983,-0.677438
0.366803,-0.677101
0.366623,-0.676764
0.366443,-0.676426
0.366263,-0.676089
0.366083,-0.675751
0.365902,-0.675414
0.365722,-0.675077
0.365542,-0.674739
0.365362,-0.674402
0.365182,-0.674064
0.365001,-0.673727
0.364821,-0.67339
0.364641,-0.673052
0.364461,-0.672715
0.364281,-0.672377
0.364101,-0.67204
0.36392,-0.671703
0.36374,-0.671365
0.36356,-0.671028
0.36338,-0.67069
0.3632,-0.670353
0.363019,-0.670016
0.362839,-0.669678
0.362659,-0.669341
0.362479,-0.669003
0.362299,-0.668666
0.362119,-0.668329
0.361938,-0.667991
0.361758,-0.667654
0.361578,-0.667316
0.361398,-0.666979
0.361218,-0.666642
0.361037,-0.666304
0.360857,-0.665967
0.360677,-0.665629
0.360497,-0.665292
0.360317,-0.664955
0.360137,-0.664617
0.359956,-0.66428
0.359776,-0.663942
0.359596,-0.663605
0.359416,-0.663268
0.359236,-0.66293
0.359055,-0.662593
0.358875,-0.662255
0.358695,-0.661918
0.358515,-0.661581
0.358335,-0.661243
0.358154,-0.660906
0.357974,-0.660568
0.357794,-0.660231
0.357614,-0.659894
0.357434,-0.659556
0.357254,-0.659219
0.357073,-0.658881
0.356893,-0.658544
0.356713,-0.658207
0.356533,-0.657869
0.356353,-0.657532
0.356172,-0.657194
0.355992,-0.656857
0.355812,-0.65652
0.355632,-0.656182
0.355452,-0.655845
0.355272,-0.655507
0.355091,-0.65517
0.354911,-0.654833
0.354731,-0.654495
0.354551,-0.654158
0.354371,-0.65382
0.35419,-0.653483
0.35401,-0.653146
0.35383,-0.652808
0.35365,-0.652471
0.35347,-0.652133
0.35329,-0.651796
0.353109,-0.651459
0.352929,-0.651121
0.352749,-0.650784
0.352569,-0.650446
0.352389,-0.650109
0.352208,-0.649772
0.352028,-0.649434
0.351848,-0.649097
0.352455,-0.649809
0.353062,-0.650521
0.353669,-0.651234
0.354276,-0.651946
0.354883,-0.652658
0.35549,-0.653371
0.356097,-0.654083
0.356704,-0.654795
0.357311,-0.655508
0.357918,-0.65622
0.358525,-0.656932
0.359132,-0.657644
0.359739,-0.658357
0.360346,-0.659069
0.360953,-0.659781
0.36156,-0.660494
0.362167,-0.661206
0.362774,-0.661918
0.363381,-0.662631
0.363988,-0.663343
0.364596,-0.664055
0.365203,-0.664767
0.36581,-0.66548
0.366417,-0.666192
0.367024,-0.666904
0.367631,-0.667617
0.368238,-0.668329
0.368845,-0.669041
0.369452,-0.669754
0.370059,-0.670466
0.370666,-0.671178
0.371273,-0.671891
0.37188,-0.672603
0.372487,-0.673315
0.373094,-0.674027
0.373701,-0.67474
0.374308,-0.675452
0.374915,-0.676164
0.375522,-0.676877
0.376129,-0.677589
0.376736,-0.678301
0.377343,-0.679014
0.37795,-0.679726
0.378557,-0.680438
0.379164,-0.68115
0.379771,-0.681863
0.380378,-0.682575
0.380985,-0.683287
0.381592,-0.684
0.382199,-0.684712
0.382806,-0.685424
0.383413,-0.686137
0.38402,-0.686849
0.384627,-0.687561
0.385234,-0.688274
0.385841,-0.688986
0.386448,-0.689698
0.387055,-0.69041
0.387662,-0.691123
0.388269,-0.691835
0.388876,-0.692547
0.389483,-0.69326
0.39009,-0.693972
0.390697,-0.694684
0.391304,-0.695397
0.391911,-0.696109
0.392518,-0.696821
0.393125,-0.697533
0.393732,-0.698246
0.39434,-0.698958
0.394947,-0.69967
0.395554,-0.700383
0.396161,-0.701095
0.396768,-0.701807
0.397375,-0.70252
0.397982,-0.703232
0.398589,-0.703944
0.399196,-0.704657
0.399803,-0.705369
0.40041,-0.706081
0.401017,-0.706793
0.401624,-0.707506
0.402231,-0.708218
0.402838,-0.70893
0.403445,-0.709643
0.404052,-0.710355
0.404659,-0.711067
0.405266,-0.71178
0.405873,-0.712492
0.40648,-0.713204
0.407087,-0.713917
0.407694,-0.714629
0.408301,-0.715341
0.408908,-0.716053
0.409515,-0.716766
0.410122,-0.717478
0.410729,-0.71819
0.411336,-0.718903
0.411943,-0.719615
0.41255,-0.720327
0.413157,-0.72104
0.413764,-0.721752
0.414371,-0.722464
0.414978,-0.723176
0.415585,-0.723889
0.416192,-0.724601
0.416799,-0.725313
0.417406,-0.726026
0.418013,-0.726738
0.41862,-0.72745
0.419227,-0.728163
0.419834,-0.728875
0.420441,-0.729587
0.421048,-0.7303
0.421655,-0.731012
0.422262,-0.731724
0.422869,-0.732436
0.423477,-0.733149
0.424084,-0.733861
0.424691,-0.734573
0.425298,-0.735286
0.425905,-0.735998
0.426512,-0.73671
0.427119,-0.737423
0.427726,-0.738135
0.428333,-0.738847
0.42894,-0.739559
0.429547,-0.740272
0.430154,-0.740984
0.430761,-0.741696
0.431368,-0.742409
0.431975,-0.743121
0.432582,-0.743833
0.433189,-0.744546
0.433796,-0.745258
0.434403,-0.74597
0.43501,-0.746683
0.435617,-0.747395
0.436224,-0.748107
0.436831,-0.748819
0.437438,-0.749532
0.438045,-0.750244
0.438652,-0.750956
0.439259,-0.751669
0.439866,-0.752381
0.440473,-0.753093
0.44108,-0.753806
0.441687,-0.754518
0.442294,-0.75523
0.442901,-0.755943
0.443859,-0.755785
0.444817,-0.755628
0.445775,-0.755471
0.446733,-0.755314
0.447691,-0.755157
0.448649,-0.754999
0.449607,-0.754842
0.450565,-0.754685
0.451523,-0.754528
0.452481,-0.754371
0.453439,-0.754213
0.454397,-0.754056
0.455355,-0.753899
0.456313,-0.753742
0.457271,-0.753585
0.458229,-0.753427
0.459187,-0.75327
0.460145,-0.753113
0.461103,-0.752956
0.462061,-0.752799
0.463019,-0.752641
0.463977,-0.752484
0.464935,-0.752327
0.465893,-0.75217
0.466851,-0.752013
0.467809,-0.751855
0.468767,-0.751698
0.469725,-0.751541
0.470683,-0.751384
0.471641,-0.751227
0.472599,-0.751069
0.473557,-0.750912
0.474515,-0.750755
0.475473,-0.750598
0.476431,-0.750441
0.477389,-0.750283
0.478347,-0.750126
0.479305,-0.749969
0.480263,-0.749812
0.481221,-0.749655
0.482179,-0.749497
0.483137,-0.74934
0.484095,-0.749183
0.485053,-0.749026
0.486011,-0.748869
0.486969,-0.748712
0.487927,-0.748554
0.488885,-0.748397
0.489843,-0.74824
0.490801,-0.748083
0.491759,-0.747926
0.492717,-0.747768
0.493675,-0.747611
0.494633,-0.747454
0.495591,-0.747297
0.496549,-0.74714
0.497507,-0.746982
0.498465,-0.746825
0.499423,-0.746668
0.500381,-0.746511
0.501339,-0.746354
0.502297,-0.746196
0.503255,-0.746039
0.504213,-0.745882
0.505171,-0.745725
0.506129,-0.745568
0.507087,-0.74541
0.508045,-0.745253
0.509003,-0.745096
0.509961,-0.744939
0.510919,-0.744782
0.511877,-0.744624
0.512835,-0.744467
0.513793,-0.74431
0.514751,-0.744153
0.515708,-0.743996
0.516666,-0.743838
0.517624,-0.743681
0.518582,-0.743524
0.51954,-0.743367
0.520498,-0.74321
0.521456,-0.743052
0.522414,-0.742895
0.523372,-0.742738
0.52433,-0.742581
0.525288,-0.742424
0.526246,-0.742266
0.527204,-0.742109
0.528162,-0.741952
0.52912,-0.741795
0.530078,-0.741638
0.531036,-0.741481
0.531994,-0.741323
0.532952,-0.741166
0.53391,-0.741009
0.534868,-0.740852
0.535826,-0.740695
0.536784,-0.740537
0.537742,-0.74038
0.5387,-0.740223
0.539658,-0.740066
0.540616,-0.739909
0.541574,-0.739751
0.542532,-0.739594
0.54349,-0.739437
0.544448,-0.73928
0.545406,-0.739123
0.546364,-0.738965
0.547322,-0.738808
0.54828,-0.738651
0.549238,-0.738494
0.550196,-0.738337
0.551154,-0.738179
0.552112,-0.738022
0.55307,-0.737865
0.554028,-0.737708
0.554986,-0.737551
0.555944,-0.737393
0.556902,-0.737236
0.55786,-0.737079
0.558818,-0.736922
0.559776,-0.736765
0.560734,-0.736607
0.561692,-0.73645
0.56265,-0.736293
0.563608,-0.736136
0.564566,-0.735979
0.565524,-0.735821
0.566482,-0.735664
0.56744,-0.735507
0.568398,-0.73535
0.569356,-0.735193
0.570314,-0.735035
0.571272,-0.734878
0.57223,-0.734721
0.573188,-0.734564
0.574146,-0.734407
0.575104,-0.73425
0.576062,-0.734092
0.57702,-0.733935
0.577978,-0.733778
0.578936,-0.733621
0.579894,-0.733464
0.580852,-0.733306
0.58181,-0.733149
0.582768,-0.732992
0.583726,-0.732835
0.584684,-0.732678
0.585642,-0.73252
