O
10
1,0,-1,0.78,-0.5,0.75,0.0,0.0,0.0,0.3,0.4,0.02,0,0.8,False
2,0,-1,1.1,-0.5,0.93,0.0,0.0,0.0,0.02,0.4,0.2,0,0.8,False
3,0,-1,0.78,-0.5,1.11,0.0,0.0,0.0,0.3,0.4,0.02,0,0.8,False
4,0,-1,0.8,-0.92,0.93,0.0,0.0,0.0,0.32,0.02,0.2,0,0.8,False
5,0,-1,0.8,-0.08,0.93,0.0,0.0,0.0,0.32,0.02,0.2,0,0.8,False
6,0,0,0.8945590090637903,-0.44835652492199796,0.86,0.0,0.0,5.801730749557983,0.04686371443103434,0.03,0.09,0.4776912836390857,1.1570285082756637,False
7,2,0,0.6270495350817749,-0.6124974095728134,0.8450000000000001,0.0,0.0,5.65804363144708,0.07439351056687638,0.07439351056687638,0.15,0.3868202283566187,1.107243949645637,False
8,2,0,0.6615928979194564,-0.43946311469993893,0.8450000000000001,0.0,0.0,1.4051112198346485,0.04737574762662646,0.04737574762662646,0.15,0.27769921383415686,1.1522917355795892,False
9,0,0,0.5311028176774965,-0.25711778197711443,0.8876285177615881,0.0,0.0,5.306785596535134,0.03,0.04527726254382089,0.11762851776158817,0.13605967822563458,1.1758076301975708,False
10,0,0,0.6312321166835844,-0.7836260598671545,0.9151714371518013,0.0,0.0,1.4127328394154655,0.04977706283777895,0.04236951082596862,0.14517143715180128,0.10744384425210046,1.1042693302175202,False
R
0.0,0.0,0.0,0.0,0.0,0.0,1.0
S
8
torso_lift_joint,0
r_shoulder_pan_joint,-1.69017
r_shoulder_lift_joint,-0.0788625
r_upper_arm_roll_joint,-1.69017
r_elbow_flex_joint,-1.2717
r_forearm_roll_joint,-0.151824
r_wrist_flex_joint,-1.25254
r_wrist_roll_joint,0.675062
G
0.537637,-0.768708,0.915171,2.98353,-3.14159,3.14159
ooi
10
A
599
0.310248,-0.673113
0.309722,-0.674045
0.309196,-0.674977
0.30867,-0.675909
0.308143,-0.676841
0.307617,-0.677773
0.307091,-0.678704
0.306565,-0.679636
0.306039,-0.680568
0.305512,-0.6815
0.304986,-0.682432
0.30446,-0.683364
0.303934,-0.684296
0.303408,-0.685228
0.302881,-0.686159
0.302355,-0.687091
0.301829,-0.688023
0.301303,-0.688955
0.300777,-0.689887
0.30025,-0.690819
0.299724,-0.691751
0.299198,-0.692683
0.298672,-0.693615
0.298146,-0.694546
0.297619,-0.695478
0.297093,-0.69641
0.296567,-0.697342
0.296041,-0.698274
0.295515,-0.699206
0.294988,-0.700138
0.294462,-0.70107
0.293936,-0.702002
0.29341,-0.702933
0.292884,-0.703865
0.292357,-0.704797
0.291831,-0.705729
0.291305,-0.706661
0.290779,-0.707593
0.290253,-0.708525
0.289726,-0.709457
0.2892,-0.710389
0.288674,-0.71132
0.288148,-0.712252
0.287622,-0.713184
0.287095,-0.714116
0.286569,-0.715048
0.286043,-0.71598
0.285517,-0.716912
0.284991,-0.717844
0.284465,-0.718775
0.283938,-0.719707
0.283412,-0.720639
0.282886,-0.721571
0.28236,-0.722503
0.281834,-0.723435
0.281307,-0.724367
0.280781,-0.725299
0.280255,-0.726231
0.279729,-0.727162
0.279203,-0.728094
0.278676,-0.729026
0.27815,-0.729958
0.277624,-0.73089
0.277098,-0.731822
0.276572,-0.732754
0.276045,-0.733686
0.275519,-0.734618
0.274993,-0.735549
0.274467,-0.736481
0.273941,-0.737413
0.273414,-0.738345
0.272888,-0.739277
0.272362,-0.740209
0.271836,-0.741141
0.27131,-0.742073
0.270783,-0.743005
0.270257,-0.743936
0.269731,-0.744868
0.269205,-0.7458
0.268679,-0.746732
0.268152,-0.747664
0.267626,-0.748596
0.2671,-0.749528
0.266574,-0.75046
0.266048,-0.751391
0.265521,-0.752323
0.264995,-0.753255
0.264469,-0.754187
0.263943,-0.755119
0.263417,-0.756051
0.26289,-0.756983
0.262364,-0.757915
0.261838,-0.758847
0.261312,-0.759778
0.260786,-0.76071
0.260259,-0.761642
0.259733,-0.762574
0.259207,-0.763506
0.258681,-0.764438
0.258155,-0.76537
0.257628,-0.766302
0.257102,-0.767234
0.256576,-0.768165
0.25605,-0.769097
0.255524,-0.770029
0.254997,-0.770961
0.254471,-0.771893
0.253945,-0.772825
0.253419,-0.773757
0.252893,-0.774689
0.252366,-0.775621
0.25184,-0.776552
0.251314,-0.777484
0.250788,-0.778416
0.250262,-0.779348
0.249735,-0.78028
0.249209,-0.781212
0.248683,-0.782144
0.248157,-0.783076
0.247631,-0.784008
0.247104,-0.784939
0.246578,-0.785871
0.246052,-0.786803
0.245526,-0.787735
0.245,-0.788667
0.244473,-0.789599
0.243947,-0.790531
0.243421,-0.791463
0.242895,-0.792394
0.242369,-0.793326
0.241843,-0.794258
0.241316,-0.79519
0.24079,-0.796122
0.240264,-0.797054
0.239738,-0.797986
0.239212,-0.798918
0.238685,-0.79985
0.238159,-0.800781
0.237633,-0.801713
0.237107,-0.802645
0.236581,-0.803577
0.236054,-0.804509
0.235528,-0.805441
0.235002,-0.806373
0.234476,-0.807305
0.23395,-0.808237
0.233423,-0.809168
0.232897,-0.8101
0.232371,-0.811032
0.231845,-0.811964
0.231319,-0.812896
0.231566,-0.812384
0.231813,-0.811873
0.232061,-0.811361
0.232308,-0.810849
0.232556,-0.810338
0.232803,-0.809826
0.233051,-0.809314
0.233298,-0.808803
0.233546,-0.808291
0.233793,-0.807779
0.23404,-0.807268
0.234288,-0.806756
0.234535,-0.806244
0.234783,-0.805733
0.23503,-0.805221
0.235278,-0.804709
0.235525,-0.804198
0.235773,-0.803686
0.23602,-0.803174
0.236267,-0.802663
0.236515,-0.802151
0.236762,-0.801639
0.23701,-0.801128
0.237257,-0.800616
0.237505,-0.800104
0.237752,-0.799593
0.238,-0.799081
0.238247,-0.798569
0.238494,-0.798058
0.238742,-0.797546
0.238989,-0.797034
0.239237,-0.796523
0.239484,-0.796011
0.239732,-0.795499
0.239979,-0.794988
0.240227,-0.794476
0.240474,-0.793964
0.240721,-0.793453
0.240969,-0.792941
0.241216,-0.792429
0.241464,-0.791918
0.241711,-0.791406
0.241959,-0.790894
0.242206,-0.790383
0.242454,-0.789871
0.242701,-0.789359
0.242948,-0.788848
0.243196,-0.788336
0.243443,-0.787824
0.243691,-0.787313
0.243938,-0.786801
0.244186,-0.786289
0.244433,-0.785778
0.244681,-0.785266
0.244928,-0.784754
0.245175,-0.784243
0.245423,-0.783731
0.24567,-0.783219
0.245918,-0.782708
0.246165,-0.782196
0.246413,-0.781684
0.24666,-0.781173
0.246908,-0.780661
0.247155,-0.780149
0.247402,-0.779638
0.24765,-0.779126
0.247897,-0.778614
0.248145,-0.778103
0.248392,-0.777591
0.24864,-0.777079
0.248887,-0.776568
0.249135,-0.776056
0.249382,-0.775544
0.249629,-0.775033
0.249877,-0.774521
0.250124,-0.774009
0.250372,-0.773498
0.250619,-0.772986
0.250867,-0.772474
0.251114,-0.771963
0.251362,-0.771451
0.251609,-0.770939
0.251856,-0.770428
0.252104,-0.769916
0.252351,-0.769404
0.252599,-0.768893
0.252846,-0.768381
0.253094,-0.767869
0.253341,-0.767358
0.253589,-0.766846
0.253836,-0.766334
0.254083,-0.765823
0.254331,-0.765311
0.254578,-0.764799
0.254826,-0.764288
0.255073,-0.763776
0.255321,-0.763264
0.255568,-0.762753
0.255816,-0.762241
0.256063,-0.761729
0.25631,-0.761218
0.256558,-0.760706
0.256805,-0.760194
0.257053,-0.759683
0.2573,-0.759171
0.257548,-0.75866
0.257795,-0.758148
0.258043,-0.757636
0.25829,-0.757125
0.258537,-0.756613
0.258785,-0.756101
0.259032,-0.75559
0.25928,-0.755078
0.259527,-0.754566
0.259775,-0.754055
0.260022,-0.753543
0.26027,-0.753031
0.260517,-0.75252
0.260765,-0.752008
0.261012,-0.751496
0.261259,-0.750985
0.261507,-0.750473
0.261754,-0.749961
0.262002,-0.74945
0.262249,-0.748938
0.262497,-0.748426
0.262744,-0.747915
0.262992,-0.747403
0.263239,-0.746891
0.263486,-0.74638
0.263734,-0.745868
0.263981,-0.745356
0.264229,-0.744845
0.264476,-0.744333
0.264724,-0.743821
0.264971,-0.74331
0.265219,-0.742798
0.265466,-0.742286
0.265713,-0.741775
0.265961,-0.741263
0.266208,-0.740751
0.266456,-0.74024
0.266703,-0.739728
0.266951,-0.739216
0.267198,-0.738705
0.267446,-0.738193
0.267693,-0.737681
0.26794,-0.73717
0.268188,-0.736658
0.269427,-0.735919
0.270666,-0.735181
0.271905,-0.734442
0.273144,-0.733703
0.274383,-0.732965
0.275622,-0.732226
0.276862,-0.731487
0.278101,-0.730749
0.27934,-0.73001
0.280579,-0.729271
0.281818,-0.728533
0.283057,-0.727794
0.284296,-0.727055
0.285535,-0.726317
0.286774,-0.725578
0.288014,-0.724839
0.289253,-0.724101
0.290492,-0.723362
0.291731,-0.722623
0.29297,-0.721885
0.294209,-0.721146
0.295448,-0.720407
0.296687,-0.719669
0.297926,-0.71893
0.299166,-0.718191
0.300405,-0.717453
0.301644,-0.716714
0.302883,-0.715975
0.304122,-0.715237
0.305361,-0.714498
0.3066,-0.713759
0.307839,-0.713021
0.309078,-0.712282
0.310317,-0.711543
0.311557,-0.710805
0.312796,-0.710066
0.314035,-0.709327
0.315274,-0.708589
0.316513,-0.70785
0.317752,-0.707111
0.318991,-0.706373
0.32023,-0.705634
0.321469,-0.704895
0.322709,-0.704157
0.323948,-0.703418
0.325187,-0.702679
0.326426,-0.701941
0.327665,-0.701202
0.328904,-0.700463
0.330143,-0.699725
0.331382,-0.698986
0.332621,-0.698247
0.333861,-0.697509
0.3351,-0.69677
0.336339,-0.696031
0.337578,-0.695293
0.338817,-0.694554
0.340056,-0.693815
0.341295,-0.693076
0.342534,-0.692338
0.343773,-0.691599
0.345012,-0.69086
0.346252,-0.690122
0.347491,-0.689383
0.34873,-0.688644
0.349969,-0.687906
0.351208,-0.687167
0.352447,-0.686428
0.353686,-0.68569
0.354925,-0.684951
0.356164,-0.684212
0.357404,-0.683474
0.358643,-0.682735
0.359882,-0.681996
0.361121,-0.681258
0.36236,-0.680519
0.363599,-0.67978
0.364838,-0.679042
0.366077,-0.678303
0.367316,-0.677564
0.368556,-0.676826
0.369795,-0.676087
0.371034,-0.675348
0.372273,-0.67461
0.373512,-0.673871
0.374751,-0.673132
0.37599,-0.672394
0.377229,-0.671655
0.378468,-0.670916
0.379707,-0.670178
0.380947,-0.669439
0.382186,-0.6687
0.383425,-0.667962
0.384664,-0.667223
0.385903,-0.666484
0.387142,-0.665746
0.388381,-0.665007
0.38962,-0.664268
0.390859,-0.66353
0.392099,-0.662791
0.393338,-0.662052
0.394577,-0.661314
0.395816,-0.660575
0.397055,-0.659836
0.398294,-0.659098
0.399533,-0.658359
0.400772,-0.65762
0.402011,-0.656882
0.40325,-0.656143
0.40449,-0.655404
0.405729,-0.654666
0.406968,-0.653927
0.408207,-0.653188
0.409446,-0.65245
0.410685,-0.651711
0.411924,-0.650972
0.413163,-0.650234
0.414402,-0.649495
0.415642,-0.648756
0.416881,-0.648018
0.41812,-0.647279
0.419359,-0.64654
0.420598,-0.645802
0.421837,-0.645063
0.423076,-0.644324
0.424315,-0.643586
0.425554,-0.642847
0.426794,-0.642108
0.428033,-0.64137
0.429272,-0.640631
0.430511,-0.639892
0.43175,-0.639154
0.432989,-0.638415
0.434228,-0.637676
0.435467,-0.636938
0.436706,-0.636199
0.437945,-0.63546
0.439185,-0.634722
0.440424,-0.633983
0.441663,-0.633244
0.442902,-0.632506
0.444141,-0.631767
0.44538,-0.631028
0.446619,-0.63029
0.447858,-0.629551
0.449097,-0.628812
0.450337,-0.628074
0.451576,-0.627335
0.452815,-0.626596
0.454054,-0.625858
0.454615,-0.626816
0.455176,-0.627775
0.455737,-0.628734
0.456298,-0.629693
0.456859,-0.630651
0.45742,-0.63161
0.457981,-0.632569
0.458542,-0.633527
0.459102,-0.634486
0.459663,-0.635445
0.460224,-0.636404
0.460785,-0.637362
0.461346,-0.638321
0.461907,-0.63928
0.462468,-0.640239
0.463029,-0.641197
0.46359,-0.642156
0.464151,-0.643115
0.464712,-0.644073
0.465273,-0.645032
0.465834,-0.645991
0.466395,-0.64695
0.466956,-0.647908
0.467517,-0.648867
0.468078,-0.649826
0.468639,-0.650785
0.4692,-0.651743
0.469761,-0.652702
0.470322,-0.653661
0.470883,-0.654619
0.471444,-0.655578
0.472005,-0.656537
0.472565,-0.657496
0.473126,-0.658454
0.473687,-0.659413
0.474248,-0.660372
0.474809,-0.66133
0.47537,-0.662289
0.475931,-0.663248
0.476492,-0.664207
0.477053,-0.665165
0.477614,-0.666124
0.478175,-0.667083
0.478736,-0.668042
0.479297,-0.669
0.479858,-0.669959
0.480419,-0.670918
0.48098,-0.671876
0.481541,-0.672835
0.482102,-0.673794
0.482663,-0.674753
0.483224,-0.675711
0.483785,-0.67667
0.484346,-0.677629
0.484907,-0.678588
0.485467,-0.679546
0.486028,-0.680505
0.486589,-0.681464
0.48715,-0.682422
0.487711,-0.683381
0.488272,-0.68434
0.488833,-0.685299
0.489394,-0.686257
0.489955,-0.687216
0.490516,-0.688175
0.491077,-0.689133
0.491638,-0.690092
0.492199,-0.691051
0.49276,-0.69201
0.493321,-0.692968
0.493882,-0.693927
0.494443,-0.694886
0.495004,-0.695845
0.495565,-0.696803
0.496126,-0.697762
0.496687,-0.698721
0.497248,-0.699679
0.497809,-0.700638
0.49837,-0.701597
0.49893,-0.702556
0.499491,-0.703514
0.500052,-0.704473
0.500613,-0.705432
0.501174,-0.706391
0.501735,-0.707349
0.502296,-0.708308
0.502857,-0.709267
0.503418,-0.710225
0.503979,-0.711184
0.50454,-0.712143
0.505101,-0.713102
0.505662,-0.71406
0.506223,-0.715019
0.506784,-0.715978
0.507345,-0.716936
0.507906,-0.717895
0.508467,-0.718854
0.509028,-0.719813
0.509589,-0.720771
0.51015,-0.72173
0.510711,-0.722689
0.511272,-0.723648
0.511833,-0.724606
0.512393,-0.725565
0.512954,-0.726524
0.513515,-0.727482
0.514076,-0.728441
0.514637,-0.7294
0.515198,-0.730359
0.515759,-0.731317
0.51632,-0.732276
0.516881,-0.733235
0.517442,-0.734194
0.518003,-0.735152
0.518564,-0.736111
0.519125,-0.73707
0.519686,-0.738028
0.520247,-0.738987
0.520808,-0.739946
0.521369,-0.740905
0.52193,-0.741863
0.522491,-0.742822
0.523052,-0.743781
0.523613,-0.744739
0.524174,-0.745698
0.524735,-0.746657
0.525295,-0.747616
0.525856,-0.748574
0.526417,-0.749533
0.526978,-0.750492
0.527539,-0.751451
0.5281,-0.752409
0.528661,-0.753368
0.529222,-0.754327
0.529783,-0.755285
0.530344,-0.756244
0.530905,-0.757203
0.531466,-0.758162
0.532027,-0.75912
0.532588,-0.760079
0.533149,-0.761038
0.53371,-0.761997
0.534271,-0.762955
0.534832,-0.763914
0.535393,-0.764873
0.535954,-0.765831
0.536515,-0.76679
0.537076,-0.767749
0.537637,-0.768708
