O
10
1,0,-1,0.78,-0.5,0.75,0.0,0.0,0.0,0.3,0.4,0.02,0,0.8,False
2,0,-1,1.1,-0.5,0.93,0.0,0.0,0.0,0.02,0.4,0.2,0,0.8,False
3,0,-1,0.78,-0.5,1.11,0.0,0.0,0.0,0.3,0.4,0.02,0,0.8,False
4,0,-1,0.8,-0.92,0.93,0.0,0.0,0.0,0.32,0.02,0.2,0,0.8,False
5,0,-1,0.8,-0.08,0.93,0.0,0.0,0.0,0.32,0.02,0.2,0,0.8,False
6,0,0,0.9837989569763407,-0.7694080906190172,0.9057886760597365,0.0,0.0,4.084838217163795,0.06703055539467767,0.03890694352941996,0.1357886760597364,0.18437894870739524,1.0320442461023702,False
7,2,0,0.9391169151997377,-0.38772774788172526,0.8450000000000001,0.0,0.0,1.2369099300874753,0.03,0.03,0.15,0.19753959473634064,1.104361761411729,False
8,2,0,0.6629759529533293,-0.5831097875683846,0.8656936135720267,0.0,0.0,5.04870429232,0.042850123852413144,0.042850123852413144,0.19138722714405332,0.38193276350433264,0.8272484563929334,False
9,2,0,0.7224121726797653,-0.41215967523751007,0.8450000000000001,0.0,0.0,2.974805306102726,0.03,0.03,0.15,0.24672228536649993,0.9847227327825313,False
10,0,0,0.5199274579457942,-0.45726891548694365,0.86,0.0,0.0,1.149126725293605,0.03,0.0603819694490872,0.09,0.4030726086783032,1.1357851722750243,False
R
0.0,0.0,0.0,0.0,0.0,0.0,1.0
S
8
torso_lift_joint,0
r_shoulder_pan_joint,-1.69017
r_shoulder_lift_joint,-0.0788625
r_upper_arm_roll_joint,-1.69017
r_elbow_flex_joint,-1.2717
r_forearm_roll_joint,-0.151824
r_wrist_flex_joint,-1.25254
r_wrist_roll_joint,0.675062
G
0.576468,-0.598407,0.865694,0.175026,-0,0
ooi
8
A
599
0.310248,-0.673113
0.310346,-0.672723
0.310444,-0.672332
0.310542,-0.671942
0.31064,-0.671551
0.310738,-0.671161
0.310837,-0.670771
0.310935,-0.67038
0.311033,-0.66999
0.311131,-0.669599
0.311229,-0.669209
0.311327,-0.668818
0.311425,-0.668428
0.311523,-0.668038
0.311621,-0.667647
0.311719,-0.667257
0.311817,-0.666866
0.311915,-0.666476
0.312013,-0.666085
0.312111,-0.665695
0.312209,-0.665305
0.312307,-0.664914
0.312405,-0.664524
0.312503,-0.664133
0.312602,-0.663743
0.3127,-0.663352
0.312798,-0.662962
0.312896,-0.662572
0.312994,-0.662181
0.313092,-0.661791
0.31319,-0.6614
0.313288,-0.66101
0.313386,-0.660619
0.313484,-0.660229
0.313582,-0.659839
0.31368,-0.659448
0.313778,-0.659058
0.313876,-0.658667
0.313974,-0.658277
0.314072,-0.657886
0.31417,-0.657496
0.314269,-0.657106
0.314367,-0.656715
0.314465,-0.656325
0.314563,-0.655934
0.314661,-0.655544
0.314759,-0.655153
0.314857,-0.654763
0.314955,-0.654373
0.315053,-0.653982
0.315151,-0.653592
0.315249,-0.653201
0.315347,-0.652811
0.315445,-0.65242
0.315543,-0.65203
0.315641,-0.65164
0.315739,-0.651249
0.315837,-0.650859
0.315935,-0.650468
0.316034,-0.650078
0.316132,-0.649688
0.31623,-0.649297
0.316328,-0.648907
0.316426,-0.648516
0.316524,-0.648126
0.316622,-0.647735
0.31672,-0.647345
0.316818,-0.646955
0.316916,-0.646564
0.317014,-0.646174
0.317112,-0.645783
0.31721,-0.645393
0.317308,-0.645002
0.317406,-0.644612
0.317504,-0.644222
0.317602,-0.643831
0.3177,-0.643441
0.317799,-0.64305
0.317897,-0.64266
0.317995,-0.642269
0.318093,-0.641879
0.318191,-0.641489
0.318289,-0.641098
0.318387,-0.640708
0.318485,-0.640317
0.318583,-0.639927
0.318681,-0.639536
0.318779,-0.639146
0.318877,-0.638756
0.318975,-0.638365
0.319073,-0.637975
0.319171,-0.637584
0.319269,-0.637194
0.319367,-0.636803
0.319466,-0.636413
0.319564,-0.636023
0.319662,-0.635632
0.31976,-0.635242
0.319858,-0.634851
0.319956,-0.634461
0.320054,-0.63407
0.320152,-0.63368
0.32025,-0.63329
0.320348,-0.632899
0.320446,-0.632509
0.320544,-0.632118
0.320642,-0.631728
0.32074,-0.631337
0.320838,-0.630947
0.320936,-0.630557
0.321034,-0.630166
0.321132,-0.629776
0.321231,-0.629385
0.321329,-0.628995
0.321427,-0.628605
0.321525,-0.628214
0.321623,-0.627824
0.321721,-0.627433
0.321819,-0.627043
0.321917,-0.626652
0.322015,-0.626262
0.322113,-0.625872
0.322211,-0.625481
0.322309,-0.625091
0.322407,-0.6247
0.322505,-0.62431
0.322603,-0.623919
0.322701,-0.623529
0.322799,-0.623139
0.322897,-0.622748
0.322996,-0.622358
0.323094,-0.621967
0.323192,-0.621577
0.32329,-0.621186
0.323388,-0.620796
0.323486,-0.620406
0.323584,-0.620015
0.323682,-0.619625
0.32378,-0.619234
0.323878,-0.618844
0.323976,-0.618453
0.324074,-0.618063
0.324172,-0.617673
0.32427,-0.617282
0.324368,-0.616892
0.324466,-0.616501
0.324564,-0.616111
0.324663,-0.61572
0.324761,-0.61533
0.324859,-0.61494
0.324957,-0.614549
0.325331,-0.61577
0.325706,-0.616991
0.32608,-0.618212
0.326455,-0.619432
0.326829,-0.620653
0.327204,-0.621874
0.327578,-0.623095
0.327953,-0.624316
0.328327,-0.625536
0.328702,-0.626757
0.329076,-0.627978
0.329451,-0.629199
0.329825,-0.63042
0.3302,-0.63164
0.330574,-0.632861
0.330949,-0.634082
0.331323,-0.635303
0.331698,-0.636524
0.332072,-0.637744
0.332447,-0.638965
0.332821,-0.640186
0.333196,-0.641407
0.33357,-0.642628
0.333945,-0.643848
0.334319,-0.645069
0.334694,-0.64629
0.335068,-0.647511
0.335443,-0.648732
0.335817,-0.649952
0.336192,-0.651173
0.336566,-0.652394
0.336941,-0.653615
0.337315,-0.654836
0.33769,-0.656056
0.338064,-0.657277
0.338439,-0.658498
0.338813,-0.659719
0.339188,-0.66094
0.339562,-0.66216
0.339937,-0.663381
0.340311,-0.664602
0.340686,-0.665823
0.34106,-0.667044
0.341435,-0.668264
0.341809,-0.669485
0.342184,-0.670706
0.342558,-0.671927
0.342932,-0.673148
0.343307,-0.674368
0.343681,-0.675589
0.344056,-0.67681
0.34443,-0.678031
0.344805,-0.679252
0.345179,-0.680472
0.345554,-0.681693
0.345928,-0.682914
0.346303,-0.684135
0.346677,-0.685356
0.347052,-0.686576
0.347426,-0.687797
0.347801,-0.689018
0.348175,-0.690239
0.34855,-0.69146
0.348924,-0.69268
0.349299,-0.693901
0.349673,-0.695122
0.350048,-0.696343
0.350422,-0.697564
0.350797,-0.698784
0.351171,-0.700005
0.351546,-0.701226
0.35192,-0.702447
0.352295,-0.703668
0.352669,-0.704888
0.353044,-0.706109
0.353418,-0.70733
0.353793,-0.708551
0.354167,-0.709772
0.354542,-0.710992
0.354916,-0.712213
0.355291,-0.713434
0.355665,-0.714655
0.35604,-0.715876
0.356414,-0.717096
0.356789,-0.718317
0.357163,-0.719538
0.357538,-0.720759
0.357912,-0.72198
0.358287,-0.7232
0.358661,-0.724421
0.359036,-0.725642
0.35941,-0.726863
0.359785,-0.728084
0.360159,-0.729304
0.360534,-0.730525
0.360908,-0.731746
0.361283,-0.732967
0.361657,-0.734188
0.362032,-0.735408
0.362406,-0.736629
0.362781,-0.73785
0.363155,-0.739071
0.36353,-0.740292
0.363904,-0.741512
0.364279,-0.742733
0.364653,-0.743954
0.365028,-0.745175
0.365402,-0.746396
0.365777,-0.747616
0.366151,-0.748837
0.366526,-0.750058
0.3669,-0.751279
0.367275,-0.7525
0.367649,-0.75372
0.368024,-0.754941
0.368398,-0.756162
0.368773,-0.757383
0.369147,-0.758604
0.369522,-0.759824
0.369896,-0.761045
0.370271,-0.762266
0.370645,-0.763487
0.37102,-0.764708
0.371394,-0.765928
0.371769,-0.767149
0.372143,-0.76837
0.372518,-0.769591
0.372892,-0.770812
0.373267,-0.772032
0.373641,-0.773253
0.374016,-0.774474
0.37439,-0.775695
0.374765,-0.776916
0.375139,-0.778136
0.375514,-0.779357
0.375888,-0.780578
0.376263,-0.781799
0.376637,-0.78302
0.377012,-0.78424
0.377386,-0.785461
0.377761,-0.786682
0.378135,-0.787903
0.37851,-0.789124
0.378884,-0.790344
0.379259,-0.791565
0.379633,-0.792786
0.380008,-0.794007
0.380382,-0.795228
0.380757,-0.796448
0.380956,-0.795024
0.381155,-0.793599
0.381354,-0.792174
0.381553,-0.79075
0.381752,-0.789325
0.381952,-0.7879
0.382151,-0.786476
0.38235,-0.785051
0.382549,-0.783626
0.382748,-0.782202
0.382947,-0.780777
0.383146,-0.779352
0.383346,-0.777928
0.383545,-0.776503
0.383744,-0.775079
0.383943,-0.773654
0.384142,-0.772229
0.384341,-0.770805
0.384541,-0.76938
0.38474,-0.767955
0.384939,-0.766531
0.385138,-0.765106
0.385337,-0.763681
0.385536,-0.762257
0.385736,-0.760832
0.385935,-0.759407
0.386134,-0.757983
0.386333,-0.756558
0.386532,-0.755133
0.386731,-0.753709
0.38693,-0.752284
0.38713,-0.750859
0.387329,-0.749435
0.387528,-0.74801
0.387727,-0.746585
0.387926,-0.745161
0.388125,-0.743736
0.388325,-0.742311
0.388524,-0.740887
0.388723,-0.739462
0.388922,-0.738037
0.389121,-0.736613
0.38932,-0.735188
0.38952,-0.733763
0.389719,-0.732339
0.389918,-0.730914
0.390117,-0.729489
0.390316,-0.728065
0.390515,-0.72664
0.390714,-0.725215
0.390914,-0.723791
0.391113,-0.722366
0.391312,-0.720941
0.391511,-0.719517
0.39171,-0.718092
0.391909,-0.716667
0.392109,-0.715243
0.392308,-0.713818
0.392507,-0.712393
0.392706,-0.710969
0.392905,-0.709544
0.393104,-0.708119
0.393304,-0.706695
0.393503,-0.70527
0.393702,-0.703845
0.393901,-0.702421
0.3941,-0.700996
0.394299,-0.699571
0.394498,-0.698147
0.394698,-0.696722
0.394897,-0.695297
0.395096,-0.693873
0.395295,-0.692448
0.395494,-0.691024
0.395693,-0.689599
0.395893,-0.688174
0.396092,-0.68675
0.396291,-0.685325
0.39649,-0.6839
0.396689,-0.682476
0.396888,-0.681051
0.397088,-0.679626
0.397287,-0.678202
0.397486,-0.676777
0.397685,-0.675352
0.397884,-0.673928
0.398083,-0.672503
0.398282,-0.671078
0.398482,-0.669654
0.398681,-0.668229
0.39888,-0.666804
0.399079,-0.66538
0.399278,-0.663955
0.399477,-0.66253
0.399677,-0.661106
0.399876,-0.659681
0.400075,-0.658256
0.400274,-0.656832
0.400473,-0.655407
0.400672,-0.653982
0.400872,-0.652558
0.401071,-0.651133
0.40127,-0.649708
0.401469,-0.648284
0.401668,-0.646859
0.401867,-0.645434
0.402066,-0.64401
0.402266,-0.642585
0.402465,-0.64116
0.402664,-0.639736
0.402863,-0.638311
0.403062,-0.636886
0.403261,-0.635462
0.403461,-0.634037
0.40366,-0.632612
0.403859,-0.631188
0.404058,-0.629763
0.404257,-0.628338
0.404456,-0.626914
0.404656,-0.625489
0.404855,-0.624064
0.405054,-0.62264
0.405253,-0.621215
0.405452,-0.61979
0.405651,-0.618366
0.40585,-0.616941
0.40605,-0.615516
0.406249,-0.614092
0.406448,-0.612667
0.406647,-0.611243
0.406846,-0.609818
0.407045,-0.608393
0.407245,-0.606969
0.407444,-0.605544
0.407643,-0.604119
0.407842,-0.602695
0.408041,-0.60127
0.40824,-0.599845
0.40844,-0.598421
0.408639,-0.596996
0.408838,-0.595571
0.409037,-0.594147
0.409236,-0.592722
0.409435,-0.591297
0.409634,-0.589873
0.409834,-0.588448
0.410033,-0.587023
0.410232,-0.585599
0.410431,-0.584174
0.41063,-0.582749
0.411743,-0.582854
0.412856,-0.582959
0.413969,-0.583065
0.415082,-0.58317
0.416195,-0.583275
0.417308,-0.58338
0.418421,-0.583485
0.419534,-0.58359
0.420647,-0.583695
0.42176,-0.5838
0.422873,-0.583905
0.423986,-0.58401
0.425099,-0.584115
0.426212,-0.584221
0.427325,-0.584326
0.428438,-0.584431
0.429551,-0.584536
0.430664,-0.584641
0.431777,-0.584746
0.43289,-0.584851
0.434003,-0.584956
0.435116,-0.585061
0.436229,-0.585166
0.437342,-0.585271
0.438455,-0.585377
0.439568,-0.585482
0.440681,-0.585587
0.441794,-0.585692
0.442907,-0.585797
0.44402,-0.585902
0.445133,-0.586007
0.446246,-0.586112
0.447359,-0.586217
0.448472,-0.586322
0.449585,-0.586427
0.450698,-0.586532
0.451811,-0.586638
0.452924,-0.586743
0.454037,-0.586848
0.45515,-0.586953
0.456263,-0.587058
0.457376,-0.587163
0.458489,-0.587268
0.459602,-0.587373
0.460715,-0.587478
0.461828,-0.587583
0.462942,-0.587688
0.464055,-0.587794
0.465168,-0.587899
0.466281,-0.588004
0.467394,-0.588109
0.468507,-0.588214
0.46962,-0.588319
0.470733,-0.588424
0.471846,-0.588529
0.472959,-0.588634
0.474072,-0.588739
0.475185,-0.588844
0.476298,-0.58895
0.477411,-0.589055
0.478524,-0.58916
0.479637,-0.589265
0.48075,-0.58937
0.481863,-0.589475
0.482976,-0.58958
0.484089,-0.589685
0.485202,-0.58979
0.486315,-0.589895
0.487428,-0.59
0.488541,-0.590105
0.489654,-0.590211
0.490767,-0.590316
0.49188,-0.590421
0.492993,-0.590526
0.494106,-0.590631
0.495219,-0.590736
0.496332,-0.590841
0.497445,-0.590946
0.498558,-0.591051
0.499671,-0.591156
0.500784,-0.591261
0.501897,-0.591367
0.50301,-0.591472
0.504123,-0.591577
0.505236,-0.591682
0.506349,-0.591787
0.507462,-0.591892
0.508575,-0.591997
0.509688,-0.592102
0.510801,-0.592207
0.511914,-0.592312
0.513027,-0.592417
0.51414,-0.592523
0.515253,-0.592628
0.516366,-0.592733
0.517479,-0.592838
0.518592,-0.592943
0.519705,-0.593048
0.520818,-0.593153
0.521931,-0.593258
0.523044,-0.593363
0.524157,-0.593468
0.52527,-0.593573
0.526383,-0.593679
0.527496,-0.593784
0.528609,-0.593889
0.529722,-0.593994
0.530835,-0.594099
0.531948,-0.594204
0.533061,-0.594309
0.534174,-0.594414
0.535287,-0.594519
0.5364,-0.594624
0.537513,-0.594729
0.538626,-0.594834
0.539739,-0.59494
0.540852,-0.595045
0.541965,-0.59515
0.543078,-0.595255
0.544191,-0.59536
0.545304,-0.595465
0.546417,-0.59557
0.54753,-0.595675
0.548643,-0.59578
0.549756,-0.595885
0.550869,-0.59599
0.551982,-0.596096
0.553095,-0.596201
0.554208,-0.596306
0.555321,-0.596411
0.556434,-0.596516
0.557547,-0.596621
0.55866,-0.596726
0.559773,-0.596831
0.560886,-0.596936
0.561999,-0.597041
0.563112,-0.597146
0.564225,-0.597252
0.565338,-0.597357
0.566451,-0.597462
0.567564,-0.597567
0.568677,-0.597672
0.56979,-0.597777
0.570903,-0.597882
0.572016,-0.597987
0.573129,-0.598092
0.574242,-0.598197
0.575355,-0.598302
0.576468,-0.598407
