O
10
1,0,-1,0.78,-0.5,0.75,0.0,0.0,0.0,0.3,0.4,0.02,0,0.8,False
2,0,-1,1.1,-0.5,0.93,0.0,0.0,0.0,0.02,0.4,0.2,0,0.8,False
3,0,-1,0.78,-0.5,1.11,0.0,0.0,0.0,0.3,0.4,0.02,0,0.8,False
4,0,-1,0.8,-0.92,0.93,0.0,0.0,0.0,0.32,0.02,0.2,0,0.8,False
5,0,-1,0.8,-0.08,0.93,0.0,0.0,0.0,0.32,0.02,0.2,0,0.8,False
6,2,0,0.6737630170318638,-0.7676700180515962,0.855812681522336,0.0,0.0,0.7346918263654988,0.03,0.03,0.17162536304467216,0.10122954491177744,1.140134668365717,False
7,0,0,0.6032003689090656,-0.4466356746745135,0.86,0.0,0.0,0.48848069159822116,0.03,0.041100361923980096,0.09,0.4727140580828606,1.1922413991718528,False
8,2,0,0.7574785590168711,-0.4591448075733479,0.8573662709686065,0.0,0.0,1.4982762127920932,0.03,0.03,0.17473254193721297,0.21147233302339413,0.8160023141963528,False
9,0,0,0.5180651519710573,-0.5906513676640472,0.86,0.0,0.0,6.122820604688496,0.03,0.040614868385404235,0.09,0.15113617340682362,1.0731265131534327,False
10,0,0,0.8680501144473823,-0.38419966628676233,0.86,0.0,0.0,4.428405708680962,0.057701729033035706,0.03,0.09,0.2005361317546162,0.833947921567393,False
R
0.0,0.0,0.0,0.0,0.0,0.0,1.0
S
8
torso_lift_joint,0
r_shoulder_pan_joint,-1.69017
r_shoulder_lift_joint,-0.0788625
r_upper_arm_roll_joint,-1.69017
r_elbow_flex_joint,-1.2717
r_forearm_roll_joint,-0.151824
r_wrist_flex_joint,-1.25254
r_wrist_roll_joint,0.675062
G
0.599547,-0.756853,0.855813,2.99686,-3.14159,3.14159
ooi
6
A
599
0.310248,-0.673113
0.310684,-0.673793
0.31112,-0.674473
0.311556,-0.675154
0.311992,-0.675834
0.312428,-0.676514
0.312864,-0.677194
0.3133,-0.677875
0.313736,-0.678555
0.314171,-0.679235
0.314607,-0.679915
0.315043,-0.680595
0.315479,-0.681276
0.315915,-0.681956
0.316351,-0.682636
0.316787,-0.683316
0.317223,-0.683996
0.317659,-0.684677
0.318095,-0.685357
0.318531,-0.686037
0.318967,-0.686717
0.319402,-0.687397
0.319838,-0.688078
0.320274,-0.688758
0.32071,-0.689438
0.321146,-0.690118
0.321582,-0.690798
0.322018,-0.691479
0.322454,-0.692159
0.32289,-0.692839
0.323326,-0.693519
0.323762,-0.694199
0.324198,-0.69488
0.324634,-0.69556
0.325069,-0.69624
0.325505,-0.69692
0.325941,-0.697601
0.326377,-0.698281
0.326813,-0.698961
0.327249,-0.699641
0.327685,-0.700321
0.328121,-0.701002
0.328557,-0.701682
0.328993,-0.702362
0.329429,-0.703042
0.329865,-0.703722
0.3303,-0.704403
0.330736,-0.705083
0.331172,-0.705763
0.331608,-0.706443
0.332044,-0.707123
0.33248,-0.707804
0.332916,-0.708484
0.333352,-0.709164
0.333788,-0.709844
0.334224,-0.710524
0.33466,-0.711205
0.335096,-0.711885
0.335531,-0.712565
0.335967,-0.713245
0.336403,-0.713925
0.336839,-0.714606
0.337275,-0.715286
0.337711,-0.715966
0.338147,-0.716646
0.338583,-0.717326
0.339019,-0.718007
0.339455,-0.718687
0.339891,-0.719367
0.340327,-0.720047
0.340763,-0.720728
0.341198,-0.721408
0.341634,-0.722088
0.34207,-0.722768
0.342506,-0.723448
0.342942,-0.724129
0.343378,-0.724809
0.343814,-0.725489
0.34425,-0.726169
0.344686,-0.726849
0.345122,-0.72753
0.345558,-0.72821
0.345994,-0.72889
0.346429,-0.72957
0.346865,-0.73025
0.347301,-0.730931
0.347737,-0.731611
0.348173,-0.732291
0.348609,-0.732971
0.349045,-0.733651
0.349481,-0.734332
0.349917,-0.735012
0.350353,-0.735692
0.350789,-0.736372
0.351225,-0.737052
0.351661,-0.737733
0.352096,-0.738413
0.352532,-0.739093
0.352968,-0.739773
0.353404,-0.740453
0.35384,-0.741134
0.354276,-0.741814
0.354712,-0.742494
0.355148,-0.743174
0.355584,-0.743855
0.35602,-0.744535
0.356456,-0.745215
0.356892,-0.745895
0.357327,-0.746575
0.357763,-0.747256
0.358199,-0.747936
0.358635,-0.748616
0.359071,-0.749296
0.359507,-0.749976
0.359943,-0.750657
0.360379,-0.751337
0.360815,-0.752017
0.361251,-0.752697
0.361687,-0.753377
0.362123,-0.754058
0.362558,-0.754738
0.362994,-0.755418
0.36343,-0.756098
0.363866,-0.756778
0.364302,-0.757459
0.364738,-0.758139
0.365174,-0.758819
0.36561,-0.759499
0.366046,-0.760179
0.366482,-0.76086
0.366918,-0.76154
0.367354,-0.76222
0.36779,-0.7629
0.368225,-0.763581
0.368661,-0.764261
0.369097,-0.764941
0.369533,-0.765621
0.369969,-0.766301
0.370405,-0.766982
0.370841,-0.767662
0.371277,-0.768342
0.371713,-0.769022
0.372149,-0.769702
0.372585,-0.770383
0.373021,-0.771063
0.373456,-0.771743
0.373892,-0.772423
0.374328,-0.773103
0.374764,-0.773784
0.3752,-0.774464
0.375636,-0.775144
0.375962,-0.774563
0.376288,-0.773982
0.376614,-0.773402
0.37694,-0.772821
0.377266,-0.77224
0.377592,-0.771659
0.377918,-0.771078
0.378244,-0.770498
0.37857,-0.769917
0.378897,-0.769336
0.379223,-0.768755
0.379549,-0.768174
0.379875,-0.767594
0.380201,-0.767013
0.380527,-0.766432
0.380853,-0.765851
0.381179,-0.76527
0.381505,-0.764689
0.381831,-0.764109
0.382157,-0.763528
0.382483,-0.762947
0.382809,-0.762366
0.383135,-0.761785
0.383461,-0.761205
0.383787,-0.760624
0.384113,-0.760043
0.384439,-0.759462
0.384765,-0.758881
0.385091,-0.758301
0.385417,-0.75772
0.385743,-0.757139
0.38607,-0.756558
0.386396,-0.755977
0.386722,-0.755397
0.387048,-0.754816
0.387374,-0.754235
0.3877,-0.753654
0.388026,-0.753073
0.388352,-0.752493
0.388678,-0.751912
0.389004,-0.751331
0.38933,-0.75075
0.389656,-0.750169
0.389982,-0.749589
0.390308,-0.749008
0.390634,-0.748427
0.39096,-0.747846
0.391286,-0.747265
0.391612,-0.746684
0.391938,-0.746104
0.392264,-0.745523
0.39259,-0.744942
0.392916,-0.744361
0.393242,-0.74378
0.393569,-0.7432
0.393895,-0.742619
0.394221,-0.742038
0.394547,-0.741457
0.394873,-0.740876
0.395199,-0.740296
0.395525,-0.739715
0.395851,-0.739134
0.396177,-0.738553
0.396503,-0.737972
0.396829,-0.737392
0.397155,-0.736811
0.397481,-0.73623
0.397807,-0.735649
0.398133,-0.735068
0.398459,-0.734488
0.398785,-0.733907
0.399111,-0.733326
0.399437,-0.732745
0.399763,-0.732164
0.400089,-0.731583
0.400415,-0.731003
0.400742,-0.730422
0.401068,-0.729841
0.401394,-0.72926
0.40172,-0.728679
0.402046,-0.728099
0.402372,-0.727518
0.402698,-0.726937
0.403024,-0.726356
0.40335,-0.725775
0.403676,-0.725195
0.404002,-0.724614
0.404328,-0.724033
0.404654,-0.723452
0.40498,-0.722871
0.405306,-0.722291
0.405632,-0.72171
0.405958,-0.721129
0.406284,-0.720548
0.40661,-0.719967
0.406936,-0.719387
0.407262,-0.718806
0.407588,-0.718225
0.407915,-0.717644
0.408241,-0.717063
0.408567,-0.716483
0.408893,-0.715902
0.409219,-0.715321
0.409545,-0.71474
0.409871,-0.714159
0.410197,-0.713578
0.410523,-0.712998
0.410849,-0.712417
0.411175,-0.711836
0.411501,-0.711255
0.411827,-0.710674
0.412153,-0.710094
0.412479,-0.709513
0.412805,-0.708932
0.413131,-0.708351
0.413457,-0.70777
0.413783,-0.70719
0.414109,-0.706609
0.414435,-0.706028
0.414761,-0.705447
0.415087,-0.704866
0.415414,-0.704286
0.41574,-0.703705
0.416066,-0.703124
0.416392,-0.702543
0.416718,-0.701962
0.417044,-0.701382
0.41737,-0.700801
0.417696,-0.70022
0.418022,-0.699639
0.418348,-0.699058
0.418674,-0.698477
0.419,-0.697897
0.419326,-0.697316
0.419652,-0.696735
0.419978,-0.696154
0.420304,-0.695573
0.42063,-0.694993
0.420956,-0.694412
0.421282,-0.693831
0.421608,-0.69325
0.421934,-0.692669
0.42226,-0.692089
0.422587,-0.691508
0.422913,-0.690927
0.423239,-0.690346
0.423565,-0.689765
0.423891,-0.689185
0.424217,-0.688604
0.424428,-0.688535
0.424639,-0.688466
0.42485,-0.688398
0.425061,-0.688329
0.425272,-0.68826
0.425483,-0.688192
0.425694,-0.688123
0.425905,-0.688054
0.426116,-0.687985
0.426326,-0.687917
0.426537,-0.687848
0.426748,-0.687779
0.426959,-0.687711
0.42717,-0.687642
0.427381,-0.687573
0.427592,-0.687505
0.427803,-0.687436
0.428014,-0.687367
0.428225,-0.687298
0.428436,-0.68723
0.428647,-0.687161
0.428858,-0.687092
0.429069,-0.687024
0.42928,-0.686955
0.429491,-0.686886
0.429702,-0.686818
0.429913,-0.686749
0.430124,-0.68668
0.430335,-0.686611
0.430546,-0.686543
0.430757,-0.686474
0.430968,-0.686405
0.431179,-0.686337
0.43139,-0.686268
0.431601,-0.686199
0.431812,-0.68613
0.432023,-0.686062
0.432234,-0.685993
0.432445,-0.685924
0.432656,-0.685856
0.432867,-0.685787
0.433078,-0.685718
0.433289,-0.68565
0.4335,-0.685581
0.433711,-0.685512
0.433922,-0.685443
0.434132,-0.685375
0.434343,-0.685306
0.434554,-0.685237
0.434765,-0.685169
0.434976,-0.6851
0.435187,-0.685031
0.435398,-0.684963
0.435609,-0.684894
0.43582,-0.684825
0.436031,-0.684756
0.436242,-0.684688
0.436453,-0.684619
0.436664,-0.68455
0.436875,-0.684482
0.437086,-0.684413
0.437297,-0.684344
0.437508,-0.684276
0.437719,-0.684207
0.43793,-0.684138
0.438141,-0.684069
0.438352,-0.684001
0.438563,-0.683932
0.438774,-0.683863
0.438985,-0.683795
0.439196,-0.683726
0.439407,-0.683657
0.439618,-0.683589
0.439829,-0.68352
0.44004,-0.683451
0.440251,-0.683382
0.440462,-0.683314
0.440673,-0.683245
0.440884,-0.683176
0.441095,-0.683108
0.441306,-0.683039
0.441517,-0.68297
0.441728,-0.682901
0.441939,-0.682833
0.442149,-0.682764
0.44236,-0.682695
0.442571,-0.682627
0.442782,-0.682558
0.442993,-0.682489
0.443204,-0.682421
0.443415,-0.682352
0.443626,-0.682283
0.443837,-0.682214
0.444048,-0.682146
0.444259,-0.682077
0.44447,-0.682008
0.444681,-0.68194
0.444892,-0.681871
0.445103,-0.681802
0.445314,-0.681734
0.445525,-0.681665
0.445736,-0.681596
0.445947,-0.681527
0.446158,-0.681459
0.446369,-0.68139
0.44658,-0.681321
0.446791,-0.681253
0.447002,-0.681184
0.447213,-0.681115
0.447424,-0.681047
0.447635,-0.680978
0.447846,-0.680909
0.448057,-0.68084
0.448268,-0.680772
0.448479,-0.680703
0.44869,-0.680634
0.448901,-0.680566
0.449112,-0.680497
0.449323,-0.680428
0.449534,-0.68036
0.449745,-0.680291
0.449956,-0.680222
0.450166,-0.680153
0.450377,-0.680085
0.450588,-0.680016
0.450799,-0.679947
0.45101,-0.679879
0.451221,-0.67981
0.451432,-0.679741
0.451643,-0.679672
0.451854,-0.679604
0.452065,-0.679535
0.452276,-0.679466
0.452487,-0.679398
0.452698,-0.679329
0.452909,-0.67926
0.45312,-0.679192
0.453331,-0.679123
0.453542,-0.679054
0.453753,-0.678985
0.453964,-0.678917
0.454175,-0.678848
0.454386,-0.678779
0.454597,-0.678711
0.454808,-0.678642
0.455019,-0.678573
0.45523,-0.678505
0.455441,-0.678436
0.455652,-0.678367
0.455863,-0.678298
0.456827,-0.678826
0.457791,-0.679353
0.458756,-0.67988
0.45972,-0.680407
0.460684,-0.680934
0.461649,-0.681462
0.462613,-0.681989
0.463577,-0.682516
0.464542,-0.683043
0.465506,-0.683571
0.46647,-0.684098
0.467435,-0.684625
0.468399,-0.685152
0.469363,-0.685679
0.470328,-0.686207
0.471292,-0.686734
0.472256,-0.687261
0.473221,-0.687788
0.474185,-0.688315
0.475149,-0.688843
0.476114,-0.68937
0.477078,-0.689897
0.478042,-0.690424
0.479007,-0.690951
0.479971,-0.691479
0.480935,-0.692006
0.4819,-0.692533
0.482864,-0.69306
0.483828,-0.693588
0.484793,-0.694115
0.485757,-0.694642
0.486721,-0.695169
0.487685,-0.695696
0.48865,-0.696224
0.489614,-0.696751
0.490578,-0.697278
0.491543,-0.697805
0.492507,-0.698332
0.493471,-0.69886
0.494436,-0.699387
0.4954,-0.699914
0.496364,-0.700441
0.497329,-0.700968
0.498293,-0.701496
0.499257,-0.702023
0.500222,-0.70255
0.501186,-0.703077
0.50215,-0.703605
0.503115,-0.704132
0.504079,-0.704659
0.505043,-0.705186
0.506008,-0.705713
0.506972,-0.706241
0.507936,-0.706768
0.508901,-0.707295
0.509865,-0.707822
0.510829,-0.708349
0.511794,-0.708877
0.512758,-0.709404
0.513722,-0.709931
0.514687,-0.710458
0.515651,-0.710985
0.516615,-0.711513
0.51758,-0.71204
0.518544,-0.712567
0.519508,-0.713094
0.520473,-0.713622
0.521437,-0.714149
0.522401,-0.714676
0.523366,-0.715203
0.52433,-0.71573
0.525294,-0.716258
0.526259,-0.716785
0.527223,-0.717312
0.528187,-0.717839
0.529151,-0.718366
0.530116,-0.718894
0.53108,-0.719421
0.532044,-0.719948
0.533009,-0.720475
0.533973,-0.721002
0.534937,-0.72153
0.535902,-0.722057
0.536866,-0.722584
0.53783,-0.723111
0.538795,-0.723638
0.539759,-0.724166
0.540723,-0.724693
0.541688,-0.72522
0.542652,-0.725747
0.543616,-0.726275
0.544581,-0.726802
0.545545,-0.727329
0.546509,-0.727856
0.547474,-0.728383
0.548438,-0.728911
0.549402,-0.729438
0.550367,-0.729965
0.551331,-0.730492
0.552295,-0.731019
0.55326,-0.731547
0.554224,-0.732074
0.555188,-0.732601
0.556153,-0.733128
0.557117,-0.733655
0.558081,-0.734183
0.559046,-0.73471
0.56001,-0.735237
0.560974,-0.735764
0.561939,-0.736292
0.562903,-0.736819
0.563867,-0.737346
0.564832,-0.737873
0.565796,-0.7384
0.56676,-0.738928
0.567724,-0.739455
0.568689,-0.739982
0.569653,-0.740509
0.570617,-0.741036
0.571582,-0.741564
0.572546,-0.742091
0.57351,-0.742618
0.574475,-0.743145
0.575439,-0.743672
0.576403,-0.7442
0.577368,-0.744727
0.578332,-0.745254
0.579296,-0.745781
0.580261,-0.746309
0.581225,-0.746836
0.582189,-0.747363
0.583154,-0.74789
0.584118,-0.748417
0.585082,-0.748945
0.586047,-0.749472
0.587011,-0.749999
0.587975,-0.750526
0.58894,-0.751053
0.589904,-0.751581
0.590868,-0.752108
0.591833,-0.752635
0.592797,-0.753162
0.593761,-0.753689
0.594726,-0.754217
0.59569,-0.754744
0.596654,-0.755271
0.597619,-0.755798
0.598583,-0.756326
0.599547,-0.756853
