O
10
1,0,-1,0.78,-0.5,0.75,0.0,0.0,0.0,0.3,0.4,0.02,0,0.8,False
2,0,-1,1.1,-0.5,0.93,0.0,0.0,0.0,0.02,0.4,0.2,0,0.8,False
3,0,-1,0.78,-0.5,1.11,0.0,0.0,0.0,0.3,0.4,0.02,0,0.8,False
4,0,-1,0.8,-0.92,0.93,0.0,0.0,0.0,0.32,0.02,0.2,0,0.8,False
5,0,-1,0.8,-0.08,0.93,0.0,0.0,0.0,0.32,0.02,0.2,0,0.8,False
6,2,0,0.9021713809228042,-0.797562617268443,0.8450000000000001,0.0,0.0,5.046472775350032,0.061765433023586704,0.061765433023586704,0.15,0.21393390679236624,0.9397575706735133,False
7,2,0,0.5815614761187606,-0.1738822664394455,0.8450000000000001,0.0,0.0,2.2431046332594615,0.032099265390400575,0.032099265390400575,0.15,0.3205922169981569,1.0877178403739358,False
8,2,0,0.7721091263488354,-0.28710933923897675,0.8484921695652055,0.0,0.0,5.490749586776041,0.07467064476583722,0.07467064476583722,0.15698433913041074,0.05983217208901054,1.1049495696102134,False
9,0,0,0.9744202664359497,-0.22335375328263318,0.86,0.0,0.0,4.16331192156003,0.03,0.07207359229729507,0.09,0.43292891268836514,0.9091158179983675,False
10,0,0,0.6232282576517522,-0.8016800511125514,0.8950261409318638,0.0,0.0,2.8876764032383266,0.03,0.03,0.12502614093186387,0.4285902833297344,0.8475921945974436,False
R
0.0,0.0,0.0,0.0,0.0,0.0,1.0
S
8
torso_lift_joint,0
r_shoulder_pan_joint,-1.69017
r_shoulder_lift_joint,-0.0788625
r_upper_arm_roll_joint,-1.69017
r_elbow_flex_joint,-1.2717
r_forearm_roll_joint,-0.151824
r_wrist_flex_joint,-1.25254
r_wrist_roll_joint,0.675062
G
0.550633,-0.78284,0.895026,2.88768,-3.14159,3.14159
ooi
10
A
599
0.310248,-0.673113
0.310786,-0.673993
0.311324,-0.674874
0.311862,-0.675754
0.312399,-0.676634
0.312937,-0.677514
0.313475,-0.678395
0.314013,-0.679275
0.314551,-0.680155
0.315089,-0.681035
0.315626,-0.681915
0.316164,-0.682796
0.316702,-0.683676
0.31724,-0.684556
0.317778,-0.685436
0.318316,-0.686317
0.318853,-0.687197
0.319391,-0.688077
0.319929,-0.688957
0.320467,-0.689838
0.321005,-0.690718
0.321543,-0.691598
0.32208,-0.692478
0.322618,-0.693359
0.323156,-0.694239
0.323694,-0.695119
0.324232,-0.695999
0.324769,-0.69688
0.325307,-0.69776
0.325845,-0.69864
0.326383,-0.69952
0.326921,-0.700401
0.327459,-0.701281
0.327996,-0.702161
0.328534,-0.703041
0.329072,-0.703921
0.32961,-0.704802
0.330148,-0.705682
0.330686,-0.706562
0.331223,-0.707442
0.331761,-0.708323
0.332299,-0.709203
0.332837,-0.710083
0.333375,-0.710963
0.333912,-0.711844
0.33445,-0.712724
0.334988,-0.713604
0.335526,-0.714484
0.336064,-0.715365
0.336602,-0.716245
0.337139,-0.717125
0.337677,-0.718005
0.338215,-0.718886
0.338753,-0.719766
0.339291,-0.720646
0.339829,-0.721526
0.340366,-0.722407
0.340904,-0.723287
0.341442,-0.724167
0.34198,-0.725047
0.342518,-0.725928
0.343056,-0.726808
0.343593,-0.727688
0.344131,-0.728568
0.344669,-0.729448
0.345207,-0.730329
0.345745,-0.731209
0.346282,-0.732089
0.34682,-0.732969
0.347358,-0.73385
0.347896,-0.73473
0.348434,-0.73561
0.348972,-0.73649
0.349509,-0.737371
0.350047,-0.738251
0.350585,-0.739131
0.351123,-0.740011
0.351661,-0.740892
0.352199,-0.741772
0.352736,-0.742652
0.353274,-0.743532
0.353812,-0.744413
0.35435,-0.745293
0.354888,-0.746173
0.355425,-0.747053
0.355963,-0.747934
0.356501,-0.748814
0.357039,-0.749694
0.357577,-0.750574
0.358115,-0.751454
0.358652,-0.752335
0.35919,-0.753215
0.359728,-0.754095
0.360266,-0.754975
0.360804,-0.755856
0.361342,-0.756736
0.361879,-0.757616
0.362417,-0.758496
0.362955,-0.759377
0.363493,-0.760257
0.364031,-0.761137
0.364569,-0.762017
0.365106,-0.762898
0.365644,-0.763778
0.366182,-0.764658
0.36672,-0.765538
0.367258,-0.766419
0.367795,-0.767299
0.368333,-0.768179
0.368871,-0.769059
0.369409,-0.76994
0.369947,-0.77082
0.370485,-0.7717
0.371022,-0.77258
0.37156,-0.773461
0.372098,-0.774341
0.372636,-0.775221
0.373174,-0.776101
0.373712,-0.776981
0.374249,-0.777862
0.374787,-0.778742
0.375325,-0.779622
0.375863,-0.780502
0.376401,-0.781383
0.376938,-0.782263
0.377476,-0.783143
0.378014,-0.784023
0.378552,-0.784904
0.37909,-0.785784
0.379628,-0.786664
0.380165,-0.787544
0.380703,-0.788425
0.381241,-0.789305
0.381779,-0.790185
0.382317,-0.791065
0.382855,-0.791946
0.383392,-0.792826
0.38393,-0.793706
0.384468,-0.794586
0.385006,-0.795467
0.385544,-0.796347
0.386082,-0.797227
0.386619,-0.798107
0.387157,-0.798987
0.387695,-0.799868
0.388233,-0.800748
0.388771,-0.801628
0.389308,-0.802508
0.389846,-0.803389
0.390384,-0.804269
0.390922,-0.805149
0.391215,-0.805678
0.391507,-0.806206
0.3918,-0.806735
0.392092,-0.807264
0.392385,-0.807792
0.392677,-0.808321
0.39297,-0.808849
0.393263,-0.809378
0.393555,-0.809907
0.393848,-0.810435
0.39414,-0.810964
0.394433,-0.811493
0.394725,-0.812021
0.395018,-0.81255
0.395311,-0.813078
0.395603,-0.813607
0.395896,-0.814136
0.396188,-0.814664
0.396481,-0.815193
0.396773,-0.815722
0.397066,-0.81625
0.397359,-0.816779
0.397651,-0.817307
0.397944,-0.817836
0.398236,-0.818365
0.398529,-0.818893
0.398822,-0.819422
0.399114,-0.81995
0.399407,-0.820479
0.399699,-0.821008
0.399992,-0.821536
0.400284,-0.822065
0.400577,-0.822594
0.40087,-0.823122
0.401162,-0.823651
0.401455,-0.824179
0.401747,-0.824708
0.40204,-0.825237
0.402332,-0.825765
0.402625,-0.826294
0.402918,-0.826823
0.40321,-0.827351
0.403503,-0.82788
0.403795,-0.828408
0.404088,-0.828937
0.404381,-0.829466
0.404673,-0.829994
0.404966,-0.830523
0.405258,-0.831051
0.405551,-0.83158
0.405843,-0.832109
0.406136,-0.832637
0.406429,-0.833166
0.406721,-0.833695
0.407014,-0.834223
0.407306,-0.834752
0.407599,-0.83528
0.407891,-0.835809
0.408184,-0.836338
0.408477,-0.836866
0.408769,-0.837395
0.409062,-0.837924
0.409354,-0.838452
0.409647,-0.838981
0.40994,-0.839509
0.410232,-0.840038
0.410525,-0.840567
0.410817,-0.841095
0.41111,-0.841624
0.411402,-0.842152
0.411695,-0.842681
0.411988,-0.84321
0.41228,-0.843738
0.412573,-0.844267
0.412865,-0.844796
0.413158,-0.845324
0.41345,-0.845853
0.413743,-0.846381
0.414036,-0.84691
0.414328,-0.847439
0.414621,-0.847967
0.414913,-0.848496
0.415206,-0.849025
0.415498,-0.849553
0.415791,-0.850082
0.416084,-0.85061
0.416376,-0.851139
0.416669,-0.851668
0.416961,-0.852196
0.417254,-0.852725
0.417547,-0.853253
0.417839,-0.853782
0.418132,-0.854311
0.418424,-0.854839
0.418717,-0.855368
0.419009,-0.855897
0.419302,-0.856425
0.419595,-0.856954
0.419887,-0.857482
0.42018,-0.858011
0.420472,-0.85854
0.420765,-0.859068
0.421057,-0.859597
0.42135,-0.860125
0.421643,-0.860654
0.421935,-0.861183
0.422228,-0.861711
0.42252,-0.86224
0.422813,-0.862769
0.423106,-0.863297
0.423398,-0.863826
0.423691,-0.864354
0.423983,-0.864883
0.424276,-0.865412
0.424568,-0.86594
0.424861,-0.866469
0.425154,-0.866998
0.425446,-0.867526
0.425739,-0.868055
0.426031,-0.868583
0.426324,-0.869112
0.426616,-0.869641
0.426909,-0.870169
0.427202,-0.870698
0.427494,-0.871226
0.427787,-0.871755
0.428079,-0.872284
0.428372,-0.872812
0.428664,-0.873341
0.428957,-0.87387
0.42925,-0.874398
0.429542,-0.874927
0.429835,-0.875455
0.430127,-0.875984
0.43042,-0.876513
0.430713,-0.877041
0.431005,-0.87757
0.431298,-0.878099
0.43159,-0.878627
0.431883,-0.879156
0.432175,-0.879684
0.432468,-0.880213
0.432761,-0.880742
0.433053,-0.88127
0.433346,-0.881799
0.433638,-0.882327
0.433931,-0.882856
0.434223,-0.883385
0.434516,-0.883913
0.43416,-0.88423
0.433803,-0.884547
0.433447,-0.884863
0.43309,-0.88518
0.432734,-0.885496
0.432377,-0.885813
0.432021,-0.88613
0.431664,-0.886446
0.431308,-0.886763
0.430951,-0.88708
0.430595,-0.887396
0.430238,-0.887713
0.429882,-0.88803
0.429525,-0.888346
0.429169,-0.888663
0.428812,-0.888979
0.428456,-0.889296
0.428099,-0.889613
0.427743,-0.889929
0.427386,-0.890246
0.42703,-0.890563
0.426673,-0.890879
0.426317,-0.891196
0.42596,-0.891512
0.425604,-0.891829
0.425247,-0.892146
0.424891,-0.892462
0.424535,-0.892779
0.424178,-0.893096
0.423822,-0.893412
0.423465,-0.893729
0.423109,-0.894046
0.422752,-0.894362
0.422396,-0.894679
0.422039,-0.894995
0.421683,-0.895312
0.421326,-0.895629
0.42097,-0.895945
0.420613,-0.896262
0.420257,-0.896579
0.4199,-0.896895
0.419544,-0.897212
0.419187,-0.897528
0.418831,-0.897845
0.418474,-0.898162
0.418118,-0.898478
0.417761,-0.898795
0.417405,-0.899112
0.417048,-0.899428
0.416692,-0.899745
0.416335,-0.900061
0.415979,-0.900378
0.415622,-0.900695
0.415266,-0.901011
0.41491,-0.901328
0.414553,-0.901645
0.414197,-0.901961
0.41384,-0.902278
0.413484,-0.902595
0.413127,-0.902911
0.412771,-0.903228
0.412414,-0.903544
0.412058,-0.903861
0.411701,-0.904178
0.411345,-0.904494
0.410988,-0.904811
0.410632,-0.905128
0.410275,-0.905444
0.409919,-0.905761
0.409562,-0.906077
0.409206,-0.906394
0.408849,-0.906711
0.408493,-0.907027
0.408136,-0.907344
0.40778,-0.907661
0.407423,-0.907977
0.407067,-0.908294
0.40671,-0.908611
0.406354,-0.908927
0.405997,-0.909244
0.405641,-0.90956
0.405284,-0.909877
0.404928,-0.910194
0.404572,-0.91051
0.404215,-0.910827
0.403859,-0.911144
0.403502,-0.91146
0.403146,-0.911777
0.402789,-0.912093
0.402433,-0.91241
0.402076,-0.912727
0.40172,-0.913043
0.401363,-0.91336
0.401007,-0.913677
0.40065,-0.913993
0.400294,-0.91431
0.399937,-0.914626
0.399581,-0.914943
0.399224,-0.91526
0.398868,-0.915576
0.398511,-0.915893
0.398155,-0.91621
0.397798,-0.916526
0.397442,-0.916843
0.397085,-0.91716
0.396729,-0.917476
0.396372,-0.917793
0.396016,-0.918109
0.395659,-0.918426
0.395303,-0.918743
0.394946,-0.919059
0.39459,-0.919376
0.394234,-0.919693
0.393877,-0.920009
0.393521,-0.920326
0.393164,-0.920642
0.392808,-0.920959
0.392451,-0.921276
0.392095,-0.921592
0.391738,-0.921909
0.391382,-0.922226
0.391025,-0.922542
0.390669,-0.922859
0.390312,-0.923176
0.389956,-0.923492
0.389599,-0.923809
0.389243,-0.924125
0.388886,-0.924442
0.38853,-0.924759
0.388173,-0.925075
0.387817,-0.925392
0.38746,-0.925709
0.387104,-0.926025
0.386747,-0.926342
0.386391,-0.926658
0.386034,-0.926975
0.385678,-0.927292
0.385321,-0.927608
0.384965,-0.927925
0.384609,-0.928242
0.384252,-0.928558
0.383896,-0.928875
0.383539,-0.929192
0.383183,-0.929508
0.382826,-0.929825
0.38247,-0.930141
0.382113,-0.930458
0.381757,-0.930775
0.3814,-0.931091
0.381044,-0.931408
0.382182,-0.930411
0.38332,-0.929414
0.384458,-0.928417
0.385596,-0.92742
0.386735,-0.926422
0.387873,-0.925425
0.389011,-0.924428
0.390149,-0.923431
0.391287,-0.922434
0.392426,-0.921437
0.393564,-0.92044
0.394702,-0.919443
0.39584,-0.918446
0.396978,-0.917449
0.398116,-0.916451
0.399255,-0.915454
0.400393,-0.914457
0.401531,-0.91346
0.402669,-0.912463
0.403807,-0.911466
0.404946,-0.910469
0.406084,-0.909472
0.407222,-0.908475
0.40836,-0.907478
0.409498,-0.90648
0.410636,-0.905483
0.411775,-0.904486
0.412913,-0.903489
0.414051,-0.902492
0.415189,-0.901495
0.416327,-0.900498
0.417466,-0.899501
0.418604,-0.898504
0.419742,-0.897507
0.42088,-0.896509
0.422018,-0.895512
0.423156,-0.894515
0.424295,-0.893518
0.425433,-0.892521
0.426571,-0.891524
0.427709,-0.890527
0.428847,-0.88953
0.429986,-0.888533
0.431124,-0.887536
0.432262,-0.886539
0.4334,-0.885541
0.434538,-0.884544
0.435676,-0.883547
0.436815,-0.88255
0.437953,-0.881553
0.439091,-0.880556
0.440229,-0.879559
0.441367,-0.878562
0.442506,-0.877565
0.443644,-0.876568
0.444782,-0.87557
0.44592,-0.874573
0.447058,-0.873576
0.448197,-0.872579
0.449335,-0.871582
0.450473,-0.870585
0.451611,-0.869588
0.452749,-0.868591
0.453887,-0.867594
0.455026,-0.866597
0.456164,-0.865599
0.457302,-0.864602
0.45844,-0.863605
0.459578,-0.862608
0.460717,-0.861611
0.461855,-0.860614
0.462993,-0.859617
0.464131,-0.85862
0.465269,-0.857623
0.466407,-0.856626
0.467546,-0.855628
0.468684,-0.854631
0.469822,-0.853634
0.47096,-0.852637
0.472098,-0.85164
0.473237,-0.850643
0.474375,-0.849646
0.475513,-0.848649
0.476651,-0.847652
0.477789,-0.846655
0.478927,-0.845657
0.480066,-0.84466
0.481204,-0.843663
0.482342,-0.842666
0.48348,-0.841669
0.484618,-0.840672
0.485757,-0.839675
0.486895,-0.838678
0.488033,-0.837681
0.489171,-0.836684
0.490309,-0.835687
0.491447,-0.834689
0.492586,-0.833692
0.493724,-0.832695
0.494862,-0.831698
0.496,-0.830701
0.497138,-0.829704
0.498277,-0.828707
0.499415,-0.82771
0.500553,-0.826713
0.501691,-0.825716
0.502829,-0.824718
0.503968,-0.823721
0.505106,-0.822724
0.506244,-0.821727
0.507382,-0.82073
0.50852,-0.819733
0.509658,-0.818736
0.510797,-0.817739
0.511935,-0.816742
0.513073,-0.815745
0.514211,-0.814747
0.515349,-0.81375
0.516488,-0.812753
0.517626,-0.811756
0.518764,-0.810759
0.519902,-0.809762
0.52104,-0.808765
0.522178,-0.807768
0.523317,-0.806771
0.524455,-0.805774
0.525593,-0.804776
0.526731,-0.803779
0.527869,-0.802782
0.529008,-0.801785
0.530146,-0.800788
0.531284,-0.799791
0.532422,-0.798794
0.53356,-0.797797
0.534698,-0.7968
0.535837,-0.795803
0.536975,-0.794805
0.538113,-0.793808
0.539251,-0.792811
0.540389,-0.791814
0.541528,-0.790817
0.542666,-0.78982
0.543804,-0.788823
0.544942,-0.787826
0.54608,-0.786829
0.547218,-0.785832
0.548357,-0.784835
0.549495,-0.783837
0.550633,-0.78284
