O
10
1,0,-1,0.78,-0.5,0.75,0.0,0.0,0.0,0.3,0.4,0.02,0,0.8,False
2,0,-1,1.1,-0.5,0.93,0.0,0.0,0.0,0.02,0.4,0.2,0,0.8,False
3,0,-1,0.78,-0.5,1.11,0.0,0.0,0.0,0.3,0.4,0.02,0,0.8,False
4,0,-1,0.8,-0.92,0.93,0.0,0.0,0.0,0.32,0.02,0.2,0,0.8,False
5,0,-1,0.8,-0.08,0.93,0.0,0.0,0.0,0.32,0.02,0.2,0,0.8,False
6,2,0,0.5962732020597985,-0.3404669583333981,0.8450000000000001,0.0,0.0,5.856799618326819,0.0724170625208145,0.0724170625208145,0.15,0.3446262582568668,0.8354660068307516,False
7,0,0,0.896492788014174,-0.2765798513649711,0.8816758046347171,0.0,0.0,5.856534018811574,0.03377139699274106,0.030644890048728484,0.11167580463471703,0.12031257264931128,0.8229912425394157,False
8,2,0,0.6746393295249475,-0.7644909986429484,0.8450000000000001,0.0,0.0,6.116595908396992,0.03,0.03,0.15,0.24294315275344336,1.0509570498730274,False
9,2,0,0.9864418772538129,-0.32801533400873806,0.852346901057852,0.0,0.0,6.193819161348166,0.03,0.03,0.16469380211570406,0.49334789493896075,1.0268330555195746,False
10,0,0,0.7275431504004338,-0.6445654422199791,0.86,0.0,0.0,6.195234733343673,0.05921434655638969,0.03,0.09,0.4685826602549269,1.0858932185195214,False
R
0.0,0.0,0.0,0.0,0.0,0.0,1.0
S
8
torso_lift_joint,0
r_shoulder_pan_joint,-1.69017
r_shoulder_lift_joint,-0.0788625
r_upper_arm_roll_joint,-1.69017
r_elbow_flex_joint,-1.2717
r_forearm_roll_joint,-0.151824
r_wrist_flex_joint,-1.25254
r_wrist_roll_joint,0.675062
G
0.599693,-0.761651,0.845,3.10372,-3.14159,3.14159
ooi
8
A
599
0.310248,-0.673113
0.310757,-0.673033
0.311265,-0.672954
0.311774,-0.672874
0.312282,-0.672794
0.312791,-0.672714
0.313299,-0.672635
0.313808,-0.672555
0.314316,-0.672475
0.314825,-0.672395
0.315334,-0.672316
0.315842,-0.672236
0.316351,-0.672156
0.316859,-0.672076
0.317368,-0.671997
0.317876,-0.671917
0.318385,-0.671837
0.318893,-0.671757
0.319402,-0.671678
0.31991,-0.671598
0.320419,-0.671518
0.320927,-0.671438
0.321436,-0.671359
0.321944,-0.671279
0.322453,-0.671199
0.322962,-0.67112
0.32347,-0.67104
0.323979,-0.67096
0.324487,-0.67088
0.324996,-0.670801
0.325504,-0.670721
0.326013,-0.670641
0.326521,-0.670561
0.32703,-0.670482
0.327538,-0.670402
0.328047,-0.670322
0.328555,-0.670242
0.329064,-0.670163
0.329572,-0.670083
0.330081,-0.670003
0.33059,-0.669923
0.331098,-0.669844
0.331607,-0.669764
0.332115,-0.669684
0.332624,-0.669604
0.333132,-0.669525
0.333641,-0.669445
0.334149,-0.669365
0.334658,-0.669285
0.335166,-0.669206
0.335675,-0.669126
0.336183,-0.669046
0.336692,-0.668966
0.3372,-0.668887
0.337709,-0.668807
0.338218,-0.668727
0.338726,-0.668648
0.339235,-0.668568
0.339743,-0.668488
0.340252,-0.668408
0.34076,-0.668329
0.341269,-0.668249
0.341777,-0.668169
0.342286,-0.668089
0.342794,-0.66801
0.343303,-0.66793
0.343811,-0.66785
0.34432,-0.66777
0.344828,-0.667691
0.345337,-0.667611
0.345846,-0.667531
0.346354,-0.667451
0.346863,-0.667372
0.347371,-0.667292
0.34788,-0.667212
0.348388,-0.667132
0.348897,-0.667053
0.349405,-0.666973
0.349914,-0.666893
0.350422,-0.666813
0.350931,-0.666734
0.351439,-0.666654
0.351948,-0.666574
0.352456,-0.666494
0.352965,-0.666415
0.353474,-0.666335
0.353982,-0.666255
0.354491,-0.666175
0.354999,-0.666096
0.355508,-0.666016
0.356016,-0.665936
0.356525,-0.665857
0.357033,-0.665777
0.357542,-0.665697
0.35805,-0.665617
0.358559,-0.665538
0.359067,-0.665458
0.359576,-0.665378
0.360085,-0.665298
0.360593,-0.665219
0.361102,-0.665139
0.36161,-0.665059
0.362119,-0.664979
0.362627,-0.6649
0.363136,-0.66482
0.363644,-0.66474
0.364153,-0.66466
0.364661,-0.664581
0.36517,-0.664501
0.365678,-0.664421
0.366187,-0.664341
0.366695,-0.664262
0.367204,-0.664182
0.367713,-0.664102
0.368221,-0.664022
0.36873,-0.663943
0.369238,-0.663863
0.369747,-0.663783
0.370255,-0.663703
0.370764,-0.663624
0.371272,-0.663544
0.371781,-0.663464
0.372289,-0.663385
0.372798,-0.663305
0.373306,-0.663225
0.373815,-0.663145
0.374323,-0.663066
0.374832,-0.662986
0.375341,-0.662906
0.375849,-0.662826
0.376358,-0.662747
0.376866,-0.662667
0.377375,-0.662587
0.377883,-0.662507
0.378392,-0.662428
0.3789,-0.662348
0.379409,-0.662268
0.379917,-0.662188
0.380426,-0.662109
0.380934,-0.662029
0.381443,-0.661949
0.381951,-0.661869
0.38246,-0.66179
0.382969,-0.66171
0.383477,-0.66163
0.383986,-0.66155
0.384494,-0.661471
0.385003,-0.661391
0.385511,-0.661311
0.38602,-0.661231
0.386528,-0.661152
0.386127,-0.662042
0.385725,-0.662933
0.385323,-0.663823
0.384922,-0.664714
0.38452,-0.665604
0.384118,-0.666495
0.383717,-0.667385
0.383315,-0.668276
0.382913,-0.669166
0.382512,-0.670057
0.38211,-0.670947
0.381708,-0.671838
0.381307,-0.672728
0.380905,-0.673619
0.380503,-0.674509
0.380102,-0.6754
0.3797,-0.67629
0.379299,-0.677181
0.378897,-0.678071
0.378495,-0.678962
0.378094,-0.679852
0.377692,-0.680743
0.37729,-0.681633
0.376889,-0.682524
0.376487,-0.683414
0.376085,-0.684305
0.375684,-0.685195
0.375282,-0.686086
0.37488,-0.686976
0.374479,-0.687867
0.374077,-0.688757
0.373675,-0.689648
0.373274,-0.690538
0.372872,-0.691429
0.37247,-0.692319
0.372069,-0.69321
0.371667,-0.6941
0.371266,-0.694991
0.370864,-0.695881
0.370462,-0.696772
0.370061,-0.697663
0.369659,-0.698553
0.369257,-0.699444
0.368856,-0.700334
0.368454,-0.701225
0.368052,-0.702115
0.367651,-0.703006
0.367249,-0.703896
0.366847,-0.704787
0.366446,-0.705677
0.366044,-0.706568
0.365642,-0.707458
0.365241,-0.708349
0.364839,-0.709239
0.364437,-0.71013
0.364036,-0.71102
0.363634,-0.711911
0.363232,-0.712801
0.362831,-0.713692
0.362429,-0.714582
0.362028,-0.715473
0.361626,-0.716363
0.361224,-0.717254
0.360823,-0.718144
0.360421,-0.719035
0.360019,-0.719925
0.359618,-0.720816
0.359216,-0.721706
0.358814,-0.722597
0.358413,-0.723487
0.358011,-0.724378
0.357609,-0.725268
0.357208,-0.726159
0.356806,-0.727049
0.356404,-0.72794
0.356003,-0.72883
0.355601,-0.729721
0.355199,-0.730611
0.354798,-0.731502
0.354396,-0.732392
0.353995,-0.733283
0.353593,-0.734173
0.353191,-0.735064
0.35279,-0.735954
0.352388,-0.736845
0.351986,-0.737735
0.351585,-0.738626
0.351183,-0.739516
0.350781,-0.740407
0.35038,-0.741297
0.349978,-0.742188
0.349576,-0.743078
0.349175,-0.743969
0.348773,-0.744859
0.348371,-0.74575
0.34797,-0.74664
0.347568,-0.747531
0.347166,-0.748421
0.346765,-0.749312
0.346363,-0.750202
0.345961,-0.751093
0.34556,-0.751983
0.345158,-0.752874
0.344757,-0.753764
0.344355,-0.754655
0.343953,-0.755545
0.343552,-0.756436
0.34315,-0.757326
0.342748,-0.758217
0.342347,-0.759107
0.341945,-0.759998
0.341543,-0.760888
0.341142,-0.761779
0.34074,-0.762669
0.340338,-0.76356
0.339937,-0.76445
0.339535,-0.765341
0.339133,-0.766231
0.338732,-0.767122
0.33833,-0.768013
0.337928,-0.768903
0.337527,-0.769794
0.337125,-0.770684
0.336724,-0.771575
0.336322,-0.772465
0.33592,-0.773356
0.335519,-0.774246
0.335117,-0.775137
0.334715,-0.776027
0.334314,-0.776918
0.333912,-0.777808
0.33351,-0.778699
0.333109,-0.779589
0.332707,-0.78048
0.332305,-0.78137
0.331904,-0.782261
0.331502,-0.783151
0.3311,-0.784042
0.330699,-0.784932
0.330297,-0.785823
0.329895,-0.786713
0.329494,-0.787604
0.329092,-0.788494
0.32869,-0.789385
0.328289,-0.790275
0.327887,-0.791166
0.327486,-0.792056
0.327084,-0.792947
0.326682,-0.793837
0.327121,-0.792309
0.32756,-0.790781
0.327999,-0.789253
0.328437,-0.787726
0.328876,-0.786198
0.329315,-0.78467
0.329754,-0.783142
0.330192,-0.781614
0.330631,-0.780086
0.33107,-0.778558
0.331509,-0.77703
0.331947,-0.775502
0.332386,-0.773974
0.332825,-0.772446
0.333264,-0.770918
0.333702,-0.76939
0.334141,-0.767863
0.33458,-0.766335
0.335019,-0.764807
0.335457,-0.763279
0.335896,-0.761751
0.336335,-0.760223
0.336774,-0.758695
0.337213,-0.757167
0.337651,-0.755639
0.33809,-0.754111
0.338529,-0.752583
0.338968,-0.751055
0.339406,-0.749527
0.339845,-0.748
0.340284,-0.746472
0.340723,-0.744944
0.341161,-0.743416
0.3416,-0.741888
0.342039,-0.74036
0.342478,-0.738832
0.342916,-0.737304
0.343355,-0.735776
0.343794,-0.734248
0.344233,-0.73272
0.344672,-0.731192
0.34511,-0.729665
0.345549,-0.728137
0.345988,-0.726609
0.346427,-0.725081
0.346865,-0.723553
0.347304,-0.722025
0.347743,-0.720497
0.348182,-0.718969
0.34862,-0.717441
0.349059,-0.715913
0.349498,-0.714385
0.349937,-0.712857
0.350375,-0.711329
0.350814,-0.709802
0.351253,-0.708274
0.351692,-0.706746
0.35213,-0.705218
0.352569,-0.70369
0.353008,-0.702162
0.353447,-0.700634
0.353886,-0.699106
0.354324,-0.697578
0.354763,-0.69605
0.355202,-0.694522
0.355641,-0.692994
0.356079,-0.691466
0.356518,-0.689939
0.356957,-0.688411
0.357396,-0.686883
0.357834,-0.685355
0.358273,-0.683827
0.358712,-0.682299
0.359151,-0.680771
0.359589,-0.679243
0.360028,-0.677715
0.360467,-0.676187
0.360906,-0.674659
0.361344,-0.673131
0.361783,-0.671604
0.362222,-0.670076
0.362661,-0.668548
0.3631,-0.66702
0.363538,-0.665492
0.363977,-0.663964
0.364416,-0.662436
0.364855,-0.660908
0.365293,-0.65938
0.365732,-0.657852
0.366171,-0.656324
0.36661,-0.654796
0.367048,-0.653268
0.367487,-0.651741
0.367926,-0.650213
0.368365,-0.648685
0.368803,-0.647157
0.369242,-0.645629
0.369681,-0.644101
0.37012,-0.642573
0.370559,-0.641045
0.370997,-0.639517
0.371436,-0.637989
0.371875,-0.636461
0.372314,-0.634933
0.372752,-0.633405
0.373191,-0.631878
0.37363,-0.63035
0.374069,-0.628822
0.374507,-0.627294
0.374946,-0.625766
0.375385,-0.624238
0.375824,-0.62271
0.376262,-0.621182
0.376701,-0.619654
0.37714,-0.618126
0.377579,-0.616598
0.378017,-0.61507
0.378456,-0.613543
0.378895,-0.612015
0.379334,-0.610487
0.379773,-0.608959
0.380211,-0.607431
0.38065,-0.605903
0.381089,-0.604375
0.381528,-0.602847
0.381966,-0.601319
0.382405,-0.599791
0.382844,-0.598263
0.383283,-0.596735
0.383721,-0.595207
0.38416,-0.59368
0.384599,-0.592152
0.385038,-0.590624
0.385476,-0.589096
0.385915,-0.587568
0.386354,-0.58604
0.386793,-0.584512
0.387232,-0.582984
0.38767,-0.581456
0.388109,-0.579928
0.388548,-0.5784
0.388987,-0.576872
0.389425,-0.575344
0.389864,-0.573817
0.390303,-0.572289
0.390742,-0.570761
0.39118,-0.569233
0.391619,-0.567705
0.392058,-0.566177
0.392497,-0.564649
0.393887,-0.565971
0.395278,-0.567293
0.396668,-0.568616
0.398059,-0.569938
0.39945,-0.57126
0.40084,-0.572582
0.402231,-0.573904
0.403621,-0.575226
0.405012,-0.576549
0.406402,-0.577871
0.407793,-0.579193
0.409184,-0.580515
0.410574,-0.581837
0.411965,-0.583159
0.413355,-0.584481
0.414746,-0.585804
0.416137,-0.587126
0.417527,-0.588448
0.418918,-0.58977
0.420308,-0.591092
0.421699,-0.592414
0.423089,-0.593737
0.42448,-0.595059
0.425871,-0.596381
0.427261,-0.597703
0.428652,-0.599025
0.430042,-0.600347
0.431433,-0.60167
0.432823,-0.602992
0.434214,-0.604314
0.435605,-0.605636
0.436995,-0.606958
0.438386,-0.60828
0.439776,-0.609603
0.441167,-0.610925
0.442558,-0.612247
0.443948,-0.613569
0.445339,-0.614891
0.446729,-0.616213
0.44812,-0.617536
0.44951,-0.618858
0.450901,-0.62018
0.452292,-0.621502
0.453682,-0.622824
0.455073,-0.624146
0.456463,-0.625469
0.457854,-0.626791
0.459245,-0.628113
0.460635,-0.629435
0.462026,-0.630757
0.463416,-0.632079
0.464807,-0.633402
0.466197,-0.634724
0.467588,-0.636046
0.468979,-0.637368
0.470369,-0.63869
0.47176,-0.640012
0.47315,-0.641335
0.474541,-0.642657
0.475931,-0.643979
0.477322,-0.645301
0.478713,-0.646623
0.480103,-0.647945
0.481494,-0.649268
0.482884,-0.65059
0.484275,-0.651912
0.485666,-0.653234
0.487056,-0.654556
0.488447,-0.655878
0.489837,-0.6572
0.491228,-0.658523
0.492618,-0.659845
0.494009,-0.661167
0.4954,-0.662489
0.49679,-0.663811
0.498181,-0.665133
0.499571,-0.666456
0.500962,-0.667778
0.502352,-0.6691
0.503743,-0.670422
0.505134,-0.671744
0.506524,-0.673066
0.507915,-0.674389
0.509305,-0.675711
0.510696,-0.677033
0.512087,-0.678355
0.513477,-0.679677
0.514868,-0.680999
0.516258,-0.682322
0.517649,-0.683644
0.519039,-0.684966
0.52043,-0.686288
0.521821,-0.68761
0.523211,-0.688932
0.524602,-0.690255
0.525992,-0.691577
0.527383,-0.692899
0.528774,-0.694221
0.530164,-0.695543
0.531555,-0.696865
0.532945,-0.698188
0.534336,-0.69951
0.535726,-0.700832
0.537117,-0.702154
0.538508,-0.703476
0.539898,-0.704798
0.541289,-0.706121
0.542679,-0.707443
0.54407,-0.708765
0.54546,-0.710087
0.546851,-0.711409
0.548242,-0.712731
0.549632,-0.714054
0.551023,-0.715376
0.552413,-0.716698
0.553804,-0.71802
0.555195,-0.719342
0.556585,-0.720664
0.557976,-0.721987
0.559366,-0.723309
0.560757,-0.724631
0.562147,-0.725953
0.563538,-0.727275
0.564929,-0.728597
0.566319,-0.72992
0.56771,-0.731242
0.5691,-0.732564
0.570491,-0.733886
0.571882,-0.735208
0.573272,-0.73653
0.574663,-0.737852
0.576053,-0.739175
0.577444,-0.740497
0.578834,-0.741819
0.580225,-0.743141
0.581616,-0.744463
0.583006,-0.745785
0.584397,-0.747108
0.585787,-0.74843
0.587178,-0.749752
0.588568,-0.751074
0.589959,-0.752396
0.59135,-0.753718
0.59274,-0.755041
0.594131,-0.756363
0.595521,-0.757685
0.596912,-0.759007
0.598303,-0.760329
0.599693,-0.761651
