O
10
1,0,-1,0.78,-0.5,0.75,0.0,0.0,0.0,0.3,0.4,0.02,0,0.8,False
2,0,-1,1.1,-0.5,0.93,0.0,0.0,0.0,0.02,0.4,0.2,0,0.8,False
3,0,-1,0.78,-0.5,1.11,0.0,0.0,0.0,0.3,0.4,0.02,0,0.8,False
4,0,-1,0.8,-0.92,0.93,0.0,0.0,0.0,0.32,0.02,0.2,0,0.8,False
5,0,-1,0.8,-0.08,0.93,0.0,0.0,0.0,0.32,0.02,0.2,0,0.8,False
6,2,0,0.74648295532335,-0.21299806681407552,0.8524064815421067,0.0,0.0,5.463281321519992,0.03,0.03,0.1648129630842135,0.12499236882007725,0.9857694676893642,False
7,0,0,0.6717168780326082,-0.5920328909029613,0.8967776855795248,0.0,0.0,1.5714769999211922,0.03,0.038936922828076675,0.12677768557952473,0.1926303691625576,0.9157514706935562,False
8,2,0,0.9132024619267503,-0.17350110886809123,0.8450000000000001,0.0,0.0,4.865967684993213,0.04826340019792253,0.04826340019792253,0.15,0.49023549069742356,0.8010505417821244,False
9,2,0,0.9237973354357052,-0.345460347982829,0.8450000000000001,0.0,0.0,5.954801241026277,0.03,0.03,0.15,0.13546299626561603,1.120307330289865,False
10,2,0,0.7589253306442895,-0.7581173079087895,0.8644950134547502,0.0,0.0,3.8972218956193156,0.03,0.03,0.18899002690950042,0.49851056369395796,0.9427294521902689,False
R
0.0,0.0,0.0,0.0,0.0,0.0,1.0
S
8
torso_lift_joint,0
r_shoulder_pan_joint,-1.69017
r_shoulder_lift_joint,-0.0788625
r_upper_arm_roll_joint,-1.69017
r_elbow_flex_joint,-1.2717
r_forearm_roll_joint,-0.151824
r_wrist_flex_joint,-1.25254
r_wrist_roll_joint,0.675062
G
0.58778,-0.59209,0.896778,0.000680673,-0,0
ooi
7
A
599
0.310248,-0.673113
0.310974,-0.673874
0.3117,-0.674634
0.312426,-0.675395
0.313152,-0.676155
0.313878,-0.676916
0.314604,-0.677676
0.31533,-0.678437
0.316056,-0.679197
0.316782,-0.679958
0.317508,-0.680718
0.318234,-0.681479
0.31896,-0.682239
0.319685,-0.683
0.320411,-0.68376
0.321137,-0.684521
0.321863,-0.685281
0.322589,-0.686042
0.323315,-0.686802
0.324041,-0.687563
0.324767,-0.688323
0.325493,-0.689084
0.326219,-0.689844
0.326945,-0.690605
0.327671,-0.691365
0.328397,-0.692126
0.329123,-0.692886
0.329849,-0.693647
0.330575,-0.694407
0.331301,-0.695168
0.332026,-0.695928
0.332752,-0.696689
0.333478,-0.697449
0.334204,-0.69821
0.33493,-0.69897
0.335656,-0.699731
0.336382,-0.700491
0.337108,-0.701252
0.337834,-0.702012
0.33856,-0.702773
0.339286,-0.703533
0.340012,-0.704294
0.340738,-0.705054
0.341464,-0.705815
0.34219,-0.706575
0.342916,-0.707336
0.343642,-0.708096
0.344368,-0.708857
0.345093,-0.709617
0.345819,-0.710378
0.346545,-0.711138
0.347271,-0.711899
0.347997,-0.712659
0.348723,-0.71342
0.349449,-0.71418
0.350175,-0.714941
0.350901,-0.715701
0.351627,-0.716462
0.352353,-0.717222
0.353079,-0.717983
0.353805,-0.718743
0.354531,-0.719504
0.355257,-0.720264
0.355983,-0.721025
0.356709,-0.721785
0.357435,-0.722546
0.35816,-0.723306
0.358886,-0.724067
0.359612,-0.724827
0.360338,-0.725588
0.361064,-0.726348
0.36179,-0.727108
0.362516,-0.727869
0.363242,-0.728629
0.363968,-0.72939
0.364694,-0.73015
0.36542,-0.730911
0.366146,-0.731671
0.366872,-0.732432
0.367598,-0.733192
0.368324,-0.733953
0.36905,-0.734713
0.369776,-0.735474
0.370502,-0.736234
0.371227,-0.736995
0.371953,-0.737755
0.372679,-0.738516
0.373405,-0.739276
0.374131,-0.740037
0.374857,-0.740797
0.375583,-0.741558
0.376309,-0.742318
0.377035,-0.743079
0.377761,-0.743839
0.378487,-0.7446
0.379213,-0.74536
0.379939,-0.746121
0.380665,-0.746881
0.381391,-0.747642
0.382117,-0.748402
0.382843,-0.749163
0.383568,-0.749923
0.384294,-0.750684
0.38502,-0.751444
0.385746,-0.752205
0.386472,-0.752965
0.387198,-0.753726
0.387924,-0.754486
0.38865,-0.755247
0.389376,-0.756007
0.390102,-0.756768
0.390828,-0.757528
0.391554,-0.758289
0.39228,-0.759049
0.393006,-0.75981
0.393732,-0.76057
0.394458,-0.761331
0.395184,-0.762091
0.39591,-0.762852
0.396635,-0.763612
0.397361,-0.764373
0.398087,-0.765133
0.398813,-0.765894
0.399539,-0.766654
0.400265,-0.767415
0.400991,-0.768175
0.401717,-0.768936
0.402443,-0.769696
0.403169,-0.770457
0.403895,-0.771217
0.404621,-0.771978
0.405347,-0.772738
0.406073,-0.773499
0.406799,-0.774259
0.407525,-0.77502
0.408251,-0.77578
0.408977,-0.776541
0.409702,-0.777301
0.410428,-0.778062
0.411154,-0.778822
0.41188,-0.779583
0.412606,-0.780343
0.413332,-0.781104
0.414058,-0.781864
0.414784,-0.782625
0.41551,-0.783385
0.416236,-0.784146
0.416962,-0.784906
0.417688,-0.785667
0.418414,-0.786427
0.41914,-0.787188
0.419374,-0.786586
0.419608,-0.785984
0.419842,-0.785382
0.420077,-0.784781
0.420311,-0.784179
0.420545,-0.783577
0.420779,-0.782975
0.421014,-0.782373
0.421248,-0.781772
0.421482,-0.78117
0.421716,-0.780568
0.42195,-0.779966
0.422185,-0.779364
0.422419,-0.778762
0.422653,-0.778161
0.422887,-0.777559
0.423122,-0.776957
0.423356,-0.776355
0.42359,-0.775753
0.423824,-0.775152
0.424058,-0.77455
0.424293,-0.773948
0.424527,-0.773346
0.424761,-0.772744
0.424995,-0.772142
0.42523,-0.771541
0.425464,-0.770939
0.425698,-0.770337
0.425932,-0.769735
0.426167,-0.769133
0.426401,-0.768532
0.426635,-0.76793
0.426869,-0.767328
0.427103,-0.766726
0.427338,-0.766124
0.427572,-0.765522
0.427806,-0.764921
0.42804,-0.764319
0.428275,-0.763717
0.428509,-0.763115
0.428743,-0.762513
0.428977,-0.761911
0.429211,-0.76131
0.429446,-0.760708
0.42968,-0.760106
0.429914,-0.759504
0.430148,-0.758902
0.430383,-0.758301
0.430617,-0.757699
0.430851,-0.757097
0.431085,-0.756495
0.431319,-0.755893
0.431554,-0.755291
0.431788,-0.75469
0.432022,-0.754088
0.432256,-0.753486
0.432491,-0.752884
0.432725,-0.752282
0.432959,-0.751681
0.433193,-0.751079
0.433428,-0.750477
0.433662,-0.749875
0.433896,-0.749273
0.43413,-0.748671
0.434364,-0.74807
0.434599,-0.747468
0.434833,-0.746866
0.435067,-0.746264
0.435301,-0.745662
0.435536,-0.745061
0.43577,-0.744459
0.436004,-0.743857
0.436238,-0.743255
0.436472,-0.742653
0.436707,-0.742051
0.436941,-0.74145
0.437175,-0.740848
0.437409,-0.740246
0.437644,-0.739644
0.437878,-0.739042
0.438112,-0.738441
0.438346,-0.737839
0.43858,-0.737237
0.438815,-0.736635
0.439049,-0.736033
0.439283,-0.735431
0.439517,-0.73483
0.439752,-0.734228
0.439986,-0.733626
0.44022,-0.733024
0.440454,-0.732422
0.440688,-0.73182
0.440923,-0.731219
0.441157,-0.730617
0.441391,-0.730015
0.441625,-0.729413
0.44186,-0.728811
0.442094,-0.72821
0.442328,-0.727608
0.442562,-0.727006
0.442797,-0.726404
0.443031,-0.725802
0.443265,-0.7252
0.443499,-0.724599
0.443733,-0.723997
0.443968,-0.723395
0.444202,-0.722793
0.444436,-0.722191
0.44467,-0.72159
0.444905,-0.720988
0.445139,-0.720386
0.445373,-0.719784
0.445607,-0.719182
0.445841,-0.71858
0.446076,-0.717979
0.44631,-0.717377
0.446544,-0.716775
0.446778,-0.716173
0.447013,-0.715571
0.447247,-0.71497
0.447481,-0.714368
0.447715,-0.713766
0.447949,-0.713164
0.448184,-0.712562
0.448418,-0.71196
0.448652,-0.711359
0.448886,-0.710757
0.449121,-0.710155
0.449355,-0.709553
0.449589,-0.708951
0.449823,-0.70835
0.450058,-0.707748
0.450292,-0.707146
0.450526,-0.706544
0.45076,-0.705942
0.450994,-0.70534
0.451229,-0.704739
0.451463,-0.704137
0.451697,-0.703535
0.451931,-0.702933
0.452166,-0.702331
0.4524,-0.70173
0.452634,-0.701128
0.452868,-0.700526
0.453102,-0.699924
0.453337,-0.699322
0.453571,-0.69872
0.453805,-0.698119
0.454039,-0.697517
0.454425,-0.69823
0.45481,-0.698944
0.455196,-0.699658
0.455581,-0.700371
0.455966,-0.701085
0.456352,-0.701799
0.456737,-0.702512
0.457123,-0.703226
0.457508,-0.70394
0.457894,-0.704653
0.458279,-0.705367
0.458664,-0.706081
0.45905,-0.706794
0.459435,-0.707508
0.459821,-0.708222
0.460206,-0.708935
0.460591,-0.709649
0.460977,-0.710362
0.461362,-0.711076
0.461748,-0.71179
0.462133,-0.712503
0.462519,-0.713217
0.462904,-0.713931
0.463289,-0.714644
0.463675,-0.715358
0.46406,-0.716072
0.464446,-0.716785
0.464831,-0.717499
0.465216,-0.718213
0.465602,-0.718926
0.465987,-0.71964
0.466373,-0.720354
0.466758,-0.721067
0.467144,-0.721781
0.467529,-0.722495
0.467914,-0.723208
0.4683,-0.723922
0.468685,-0.724635
0.469071,-0.725349
0.469456,-0.726063
0.469841,-0.726776
0.470227,-0.72749
0.470612,-0.728204
0.470998,-0.728917
0.471383,-0.729631
0.471769,-0.730345
0.472154,-0.731058
0.472539,-0.731772
0.472925,-0.732486
0.47331,-0.733199
0.473696,-0.733913
0.474081,-0.734627
0.474467,-0.73534
0.474852,-0.736054
0.475237,-0.736767
0.475623,-0.737481
0.476008,-0.738195
0.476394,-0.738908
0.476779,-0.739622
0.477164,-0.740336
0.47755,-0.741049
0.477935,-0.741763
0.478321,-0.742477
0.478706,-0.74319
0.479092,-0.743904
0.479477,-0.744618
0.479862,-0.745331
0.480248,-0.746045
0.480633,-0.746759
0.481019,-0.747472
0.481404,-0.748186
0.481789,-0.7489
0.482175,-0.749613
0.48256,-0.750327
0.482946,-0.75104
0.483331,-0.751754
0.483717,-0.752468
0.484102,-0.753181
0.484487,-0.753895
0.484873,-0.754609
0.485258,-0.755322
0.485644,-0.756036
0.486029,-0.75675
0.486414,-0.757463
0.4868,-0.758177
0.487185,-0.758891
0.487571,-0.759604
0.487956,-0.760318
0.488342,-0.761032
0.488727,-0.761745
0.489112,-0.762459
0.489498,-0.763173
0.489883,-0.763886
0.490269,-0.7646
0.490654,-0.765313
0.491039,-0.766027
0.491425,-0.766741
0.49181,-0.767454
0.492196,-0.768168
0.492581,-0.768882
0.492967,-0.769595
0.493352,-0.770309
0.493737,-0.771023
0.494123,-0.771736
0.494508,-0.77245
0.494894,-0.773164
0.495279,-0.773877
0.495664,-0.774591
0.49605,-0.775305
0.496435,-0.776018
0.496821,-0.776732
0.497206,-0.777446
0.497592,-0.778159
0.497977,-0.778873
0.498362,-0.779586
0.498748,-0.7803
0.499133,-0.781014
0.499519,-0.781727
0.499904,-0.782441
0.50029,-0.783155
0.500675,-0.783868
0.50106,-0.784582
0.501446,-0.785296
0.501831,-0.786009
0.502217,-0.786723
0.502602,-0.787437
0.502987,-0.78815
0.503373,-0.788864
0.503758,-0.789578
0.504144,-0.790291
0.504529,-0.791005
0.504915,-0.791719
0.5053,-0.792432
0.505685,-0.793146
0.506071,-0.793859
0.506456,-0.794573
0.506842,-0.795287
0.507227,-0.796
0.507612,-0.796714
0.507998,-0.797428
0.508383,-0.798141
0.508769,-0.798855
0.509154,-0.799569
0.50954,-0.800282
0.509925,-0.800996
0.51031,-0.80171
0.510696,-0.802423
0.511081,-0.803137
0.511467,-0.803851
0.511852,-0.804564
0.512362,-0.803138
0.512871,-0.801712
0.513381,-0.800286
0.51389,-0.79886
0.5144,-0.797434
0.51491,-0.796008
0.515419,-0.794582
0.515929,-0.793156
0.516438,-0.79173
0.516948,-0.790304
0.517457,-0.788878
0.517967,-0.787452
0.518477,-0.786026
0.518986,-0.7846
0.519496,-0.783174
0.520005,-0.781748
0.520515,-0.780322
0.521025,-0.778896
0.521534,-0.77747
0.522044,-0.776044
0.522553,-0.774618
0.523063,-0.773192
0.523572,-0.771766
0.524082,-0.77034
0.524592,-0.768914
0.525101,-0.767488
0.525611,-0.766062
0.52612,-0.764636
0.52663,-0.76321
0.52714,-0.761784
0.527649,-0.760358
0.528159,-0.758932
0.528668,-0.757506
0.529178,-0.75608
0.529687,-0.754654
0.530197,-0.753228
0.530707,-0.751802
0.531216,-0.750376
0.531726,-0.74895
0.532235,-0.747524
0.532745,-0.746098
0.533255,-0.744672
0.533764,-0.743246
0.534274,-0.74182
0.534783,-0.740394
0.535293,-0.738968
0.535802,-0.737542
0.536312,-0.736116
0.536822,-0.73469
0.537331,-0.733264
0.537841,-0.731838
0.53835,-0.730412
0.53886,-0.728986
0.53937,-0.72756
0.539879,-0.726134
0.540389,-0.724708
0.540898,-0.723282
0.541408,-0.721856
0.541917,-0.72043
0.542427,-0.719004
0.542937,-0.717578
0.543446,-0.716152
0.543956,-0.714726
0.544465,-0.7133
0.544975,-0.711874
0.545485,-0.710448
0.545994,-0.709022
0.546504,-0.707596
0.547013,-0.70617
0.547523,-0.704744
0.548032,-0.703318
0.548542,-0.701892
0.549052,-0.700466
0.549561,-0.69904
0.550071,-0.697614
0.55058,-0.696188
0.55109,-0.694762
0.5516,-0.693336
0.552109,-0.69191
0.552619,-0.690484
0.553128,-0.689058
0.553638,-0.687632
0.554147,-0.686206
0.554657,-0.68478
0.555167,-0.683354
0.555676,-0.681928
0.556186,-0.680502
0.556695,-0.679076
0.557205,-0.67765
0.557715,-0.676224
0.558224,-0.674798
0.558734,-0.673372
0.559243,-0.671946
0.559753,-0.67052
0.560262,-0.669094
0.560772,-0.667668
0.561282,-0.666242
0.561791,-0.664816
0.562301,-0.66339
0.56281,-0.661964
0.56332,-0.660538
0.56383,-0.659112
0.564339,-0.657686
0.564849,-0.65626
0.565358,-0.654834
0.565868,-0.653408
0.566377,-0.651982
0.566887,-0.650556
0.567397,-0.64913
0.567906,-0.647704
0.568416,-0.646278
0.568925,-0.644852
0.569435,-0.643426
0.569945,-0.642
0.570454,-0.640574
0.570964,-0.639148
0.571473,-0.637722
0.571983,-0.636296
0.572492,-0.63487
0.573002,-0.633444
0.573512,-0.632018
0.574021,-0.630592
0.574531,-0.629166
0.57504,-0.62774
0.57555,-0.626314
0.57606,-0.624888
0.576569,-0.623462
0.577079,-0.622036
0.577588,-0.62061
0.578098,-0.619184
0.578607,-0.617758
0.579117,-0.616332
0.579627,-0.614906
0.580136,-0.61348
0.580646,-0.612054
0.581155,-0.610628
0.581665,-0.609202
0.582175,-0.607776
0.582684,-0.60635
0.583194,-0.604924
0.583703,-0.603498
0.584213,-0.602072
0.584722,-0.600646
0.585232,-0.59922
0.585742,-0.597794
0.586251,-0.596368
0.586761,-0.594942
0.58727,-0.593516
0.58778,-0.59209
