O
10
1,0,-1,0.78,-0.5,0.75,0.0,0.0,0.0,0.3,0.4,0.02,0,0.8,False
2,0,-1,1.1,-0.5,0.93,0.0,0.0,0.0,0.02,0.4,0.2,0,0.8,False
3,0,-1,0.78,-0.5,1.11,0.0,0.0,0.0,0.3,0.4,0.02,0,0.8,False
4,0,-1,0.8,-0.92,0.93,0.0,0.0,0.0,0.32,0.02,0.2,0,0.8,False
5,0,-1,0.8,-0.08,0.93,0.0,0.0,0.0,0.32,0.02,0.2,0,0.8,False
6,0,0,0.7339684010990193,-0.4612579310954598,0.9004984351590407,0.0,0.0,4.086427114896068,0.03,0.03251450404965214,0.13049843515904067,0.014646823565484468,0.9243197974677343,False
7,2,0,0.9543141937280217,-0.7216827652675376,0.8450000000000001,0.0,0.0,3.1411133857648728,0.06656654741834983,0.06656654741834983,0.15,0.238420623961483,0.9292316437812541,False
8,0,0,0.5986508574901869,-0.287502422617283,0.86,0.0,0.0,1.4439451572465045,0.03,0.07164600254906904,0.09,0.04144191434976768,0.8763026801788188,False
9,0,0,0.713781032609138,-0.7538486613110252,0.86,0.0,0.0,3.113016773644824,0.052911021038370136,0.04084925440926159,0.09,0.2730327266470365,1.1673471361470045,False
10,0,0,0.9817449770988993,-0.14702567690618096,0.8813542446350199,0.0,0.0,6.156283203829631,0.03,0.03,0.11135424463501986,0.01753655575972385,1.0082131330959951,False
R
0.0,0.0,0.0,0.0,0.0,0.0,1.0
S
8
torso_lift_joint,0
r_shoulder_pan_joint,-1.69017
r_shoulder_lift_joint,-0.0788625
r_upper_arm_roll_joint,-1.69017
r_elbow_flex_joint,-1.2717
r_forearm_roll_joint,-0.151824
r_wrist_flex_joint,-1.25254
r_wrist_roll_joint,0.675062
G
0.688554,-0.524076,0.900498,0.944834,-0,0
ooi
6
A
599
0.310248,-0.673113
0.310202,-0.673217
0.310156,-0.673322
0.310109,-0.673426
0.310063,-0.673531
0.310017,-0.673635
0.309971,-0.673739
0.309924,-0.673844
0.309878,-0.673948
0.309832,-0.674052
0.309786,-0.674157
0.309739,-0.674261
0.309693,-0.674365
0.309647,-0.67447
0.309601,-0.674574
0.309554,-0.674679
0.309508,-0.674783
0.309462,-0.674887
0.309416,-0.674992
0.309369,-0.675096
0.309323,-0.6752
0.309277,-0.675305
0.30923,-0.675409
0.309184,-0.675513
0.309138,-0.675618
0.309092,-0.675722
0.309045,-0.675827
0.308999,-0.675931
0.308953,-0.676035
0.308907,-0.67614
0.30886,-0.676244
0.308814,-0.676348
0.308768,-0.676453
0.308722,-0.676557
0.308675,-0.676662
0.308629,-0.676766
0.308583,-0.67687
0.308537,-0.676975
0.30849,-0.677079
0.308444,-0.677183
0.308398,-0.677288
0.308352,-0.677392
0.308305,-0.677496
0.308259,-0.677601
0.308213,-0.677705
0.308167,-0.67781
0.30812,-0.677914
0.308074,-0.678018
0.308028,-0.678123
0.307982,-0.678227
0.307935,-0.678331
0.307889,-0.678436
0.307843,-0.67854
0.307796,-0.678644
0.30775,-0.678749
0.307704,-0.678853
0.307658,-0.678958
0.307611,-0.679062
0.307565,-0.679166
0.307519,-0.679271
0.307473,-0.679375
0.307426,-0.679479
0.30738,-0.679584
0.307334,-0.679688
0.307288,-0.679792
0.307241,-0.679897
0.307195,-0.680001
0.307149,-0.680106
0.307103,-0.68021
0.307056,-0.680314
0.30701,-0.680419
0.306964,-0.680523
0.306918,-0.680627
0.306871,-0.680732
0.306825,-0.680836
0.306779,-0.680941
0.306733,-0.681045
0.306686,-0.681149
0.30664,-0.681254
0.306594,-0.681358
0.306548,-0.681462
0.306501,-0.681567
0.306455,-0.681671
0.306409,-0.681775
0.306362,-0.68188
0.306316,-0.681984
0.30627,-0.682089
0.306224,-0.682193
0.306177,-0.682297
0.306131,-0.682402
0.306085,-0.682506
0.306039,-0.68261
0.305992,-0.682715
0.305946,-0.682819
0.3059,-0.682923
0.305854,-0.683028
0.305807,-0.683132
0.305761,-0.683237
0.305715,-0.683341
0.305669,-0.683445
0.305622,-0.68355
0.305576,-0.683654
0.30553,-0.683758
0.305484,-0.683863
0.305437,-0.683967
0.305391,-0.684071
0.305345,-0.684176
0.305299,-0.68428
0.305252,-0.684385
0.305206,-0.684489
0.30516,-0.684593
0.305114,-0.684698
0.305067,-0.684802
0.305021,-0.684906
0.304975,-0.685011
0.304928,-0.685115
0.304882,-0.68522
0.304836,-0.685324
0.30479,-0.685428
0.304743,-0.685533
0.304697,-0.685637
0.304651,-0.685741
0.304605,-0.685846
0.304558,-0.68595
0.304512,-0.686054
0.304466,-0.686159
0.30442,-0.686263
0.304373,-0.686368
0.304327,-0.686472
0.304281,-0.686576
0.304235,-0.686681
0.304188,-0.686785
0.304142,-0.686889
0.304096,-0.686994
0.30405,-0.687098
0.304003,-0.687202
0.303957,-0.687307
0.303911,-0.687411
0.303865,-0.687516
0.303818,-0.68762
0.303772,-0.687724
0.303726,-0.687829
0.30368,-0.687933
0.303633,-0.688037
0.303587,-0.688142
0.303541,-0.688246
0.303494,-0.688351
0.303448,-0.688455
0.303402,-0.688559
0.303356,-0.688664
0.303309,-0.688768
0.304377,-0.688398
0.305444,-0.688028
0.306512,-0.687657
0.30758,-0.687287
0.308647,-0.686917
0.309715,-0.686547
0.310782,-0.686177
0.31185,-0.685806
0.312917,-0.685436
0.313985,-0.685066
0.315052,-0.684696
0.31612,-0.684326
0.317187,-0.683955
0.318255,-0.683585
0.319322,-0.683215
0.32039,-0.682845
0.321457,-0.682475
0.322525,-0.682104
0.323592,-0.681734
0.32466,-0.681364
0.325727,-0.680994
0.326795,-0.680624
0.327862,-0.680253
0.32893,-0.679883
0.329997,-0.679513
0.331065,-0.679143
0.332132,-0.678773
0.3332,-0.678402
0.334267,-0.678032
0.335335,-0.677662
0.336402,-0.677292
0.33747,-0.676921
0.338537,-0.676551
0.339605,-0.676181
0.340672,-0.675811
0.34174,-0.675441
0.342808,-0.67507
0.343875,-0.6747
0.344943,-0.67433
0.34601,-0.67396
0.347078,-0.67359
0.348145,-0.673219
0.349213,-0.672849
0.35028,-0.672479
0.351348,-0.672109
0.352415,-0.671739
0.353483,-0.671368
0.35455,-0.670998
0.355618,-0.670628
0.356685,-0.670258
0.357753,-0.669888
0.35882,-0.669517
0.359888,-0.669147
0.360955,-0.668777
0.362023,-0.668407
0.36309,-0.668037
0.364158,-0.667666
0.365225,-0.667296
0.366293,-0.666926
0.36736,-0.666556
0.368428,-0.666186
0.369495,-0.665815
0.370563,-0.665445
0.37163,-0.665075
0.372698,-0.664705
0.373765,-0.664335
0.374833,-0.663964
0.3759,-0.663594
0.376968,-0.663224
0.378035,-0.662854
0.379103,-0.662484
0.380171,-0.662113
0.381238,-0.661743
0.382306,-0.661373
0.383373,-0.661003
0.384441,-0.660633
0.385508,-0.660262
0.386576,-0.659892
0.387643,-0.659522
0.388711,-0.659152
0.389778,-0.658782
0.390846,-0.658411
0.391913,-0.658041
0.392981,-0.657671
0.394048,-0.657301
0.395116,-0.656931
0.396183,-0.65656
0.397251,-0.65619
0.398318,-0.65582
0.399386,-0.65545
0.400453,-0.65508
0.401521,-0.654709
0.402588,-0.654339
0.403656,-0.653969
0.404723,-0.653599
0.405791,-0.653229
0.406858,-0.652858
0.407926,-0.652488
0.408993,-0.652118
0.410061,-0.651748
0.411128,-0.651378
0.412196,-0.651007
0.413263,-0.650637
0.414331,-0.650267
0.415399,-0.649897
0.416466,-0.649527
0.417534,-0.649156
0.418601,-0.648786
0.419669,-0.648416
0.420736,-0.648046
0.421804,-0.647676
0.422871,-0.647305
0.423939,-0.646935
0.425006,-0.646565
0.426074,-0.646195
0.427141,-0.645825
0.428209,-0.645454
0.429276,-0.645084
0.430344,-0.644714
0.431411,-0.644344
0.432479,-0.643974
0.433546,-0.643603
0.434614,-0.643233
0.435681,-0.642863
0.436749,-0.642493
0.437816,-0.642122
0.438884,-0.641752
0.439951,-0.641382
0.441019,-0.641012
0.442086,-0.640642
0.443154,-0.640271
0.444221,-0.639901
0.445289,-0.639531
0.446356,-0.639161
0.447424,-0.638791
0.448491,-0.63842
0.449559,-0.63805
0.450626,-0.63768
0.451694,-0.63731
0.452762,-0.63694
0.453829,-0.636569
0.454897,-0.636199
0.455964,-0.635829
0.457032,-0.635459
0.458099,-0.635089
0.459167,-0.634718
0.460234,-0.634348
0.461302,-0.633978
0.462369,-0.633608
0.462856,-0.633577
0.463344,-0.633547
0.463831,-0.633517
0.464318,-0.633486
0.464806,-0.633456
0.465293,-0.633426
0.46578,-0.633395
0.466267,-0.633365
0.466755,-0.633334
0.467242,-0.633304
0.467729,-0.633274
0.468216,-0.633243
0.468704,-0.633213
0.469191,-0.633183
0.469678,-0.633152
0.470166,-0.633122
0.470653,-0.633091
0.47114,-0.633061
0.471627,-0.633031
0.472115,-0.633
0.472602,-0.63297
0.473089,-0.63294
0.473576,-0.632909
0.474064,-0.632879
0.474551,-0.632848
0.475038,-0.632818
0.475526,-0.632788
0.476013,-0.632757
0.4765,-0.632727
0.476987,-0.632697
0.477475,-0.632666
0.477962,-0.632636
0.478449,-0.632605
0.478936,-0.632575
0.479424,-0.632545
0.479911,-0.632514
0.480398,-0.632484
0.480886,-0.632454
0.481373,-0.632423
0.48186,-0.632393
0.482347,-0.632363
0.482835,-0.632332
0.483322,-0.632302
0.483809,-0.632271
0.484296,-0.632241
0.484784,-0.632211
0.485271,-0.63218
0.485758,-0.63215
0.486246,-0.63212
0.486733,-0.632089
0.48722,-0.632059
0.487707,-0.632028
0.488195,-0.631998
0.488682,-0.631968
0.489169,-0.631937
0.489656,-0.631907
0.490144,-0.631877
0.490631,-0.631846
0.491118,-0.631816
0.491606,-0.631785
0.492093,-0.631755
0.49258,-0.631725
0.493067,-0.631694
0.493555,-0.631664
0.494042,-0.631634
0.494529,-0.631603
0.495016,-0.631573
0.495504,-0.631542
0.495991,-0.631512
0.496478,-0.631482
0.496966,-0.631451
0.497453,-0.631421
0.49794,-0.631391
0.498427,-0.63136
0.498915,-0.63133
0.499402,-0.631299
0.499889,-0.631269
0.500376,-0.631239
0.500864,-0.631208
0.501351,-0.631178
0.501838,-0.631148
0.502326,-0.631117
0.502813,-0.631087
0.5033,-0.631056
0.503787,-0.631026
0.504275,-0.630996
0.504762,-0.630965
0.505249,-0.630935
0.505736,-0.630905
0.506224,-0.630874
0.506711,-0.630844
0.507198,-0.630813
0.507686,-0.630783
0.508173,-0.630753
0.50866,-0.630722
0.509147,-0.630692
0.509635,-0.630662
0.510122,-0.630631
0.510609,-0.630601
0.511096,-0.63057
0.511584,-0.63054
0.512071,-0.63051
0.512558,-0.630479
0.513046,-0.630449
0.513533,-0.630419
0.51402,-0.630388
0.514507,-0.630358
0.514995,-0.630327
0.515482,-0.630297
0.515969,-0.630267
0.516457,-0.630236
0.516944,-0.630206
0.517431,-0.630176
0.517918,-0.630145
0.518406,-0.630115
0.518893,-0.630084
0.51938,-0.630054
0.519867,-0.630024
0.520355,-0.629993
0.520842,-0.629963
0.521329,-0.629933
0.521817,-0.629902
0.522304,-0.629872
0.522791,-0.629841
0.523278,-0.629811
0.523766,-0.629781
0.524253,-0.62975
0.52474,-0.62972
0.525227,-0.62969
0.525715,-0.629659
0.526202,-0.629629
0.526689,-0.629598
0.527177,-0.629568
0.527664,-0.629538
0.528151,-0.629507
0.528638,-0.629477
0.529126,-0.629447
0.529613,-0.629416
0.5301,-0.629386
0.530587,-0.629355
0.531075,-0.629325
0.531562,-0.629295
0.532049,-0.629264
0.532537,-0.629234
0.533024,-0.629204
0.533511,-0.629173
0.533998,-0.629143
0.534486,-0.629112
0.534973,-0.629082
0.53546,-0.629052
0.536488,-0.628347
0.537515,-0.627643
0.538543,-0.626938
0.53957,-0.626234
0.540598,-0.625529
0.541625,-0.624824
0.542653,-0.62412
0.54368,-0.623415
0.544707,-0.622711
0.545735,-0.622006
0.546762,-0.621302
0.54779,-0.620597
0.548817,-0.619893
0.549845,-0.619188
0.550872,-0.618484
0.5519,-0.617779
0.552927,-0.617075
0.553955,-0.61637
0.554982,-0.615665
0.55601,-0.614961
0.557037,-0.614256
0.558065,-0.613552
0.559092,-0.612847
0.56012,-0.612143
0.561147,-0.611438
0.562175,-0.610734
0.563202,-0.610029
0.56423,-0.609325
0.565257,-0.60862
0.566285,-0.607916
0.567312,-0.607211
0.568339,-0.606507
0.569367,-0.605802
0.570394,-0.605097
0.571422,-0.604393
0.572449,-0.603688
0.573477,-0.602984
0.574504,-0.602279
0.575532,-0.601575
0.576559,-0.60087
0.577587,-0.600166
0.578614,-0.599461
0.579642,-0.598757
0.580669,-0.598052
0.581697,-0.597348
0.582724,-0.596643
0.583752,-0.595938
0.584779,-0.595234
0.585807,-0.594529
0.586834,-0.593825
0.587862,-0.59312
0.588889,-0.592416
0.589917,-0.591711
0.590944,-0.591007
0.591971,-0.590302
0.592999,-0.589598
0.594026,-0.588893
0.595054,-0.588189
0.596081,-0.587484
0.597109,-0.586779
0.598136,-0.586075
0.599164,-0.58537
0.600191,-0.584666
0.601219,-0.583961
0.602246,-0.583257
0.603274,-0.582552
0.604301,-0.581848
0.605329,-0.581143
0.606356,-0.580439
0.607384,-0.579734
0.608411,-0.57903
0.609439,-0.578325
0.610466,-0.57762
0.611494,-0.576916
0.612521,-0.576211
0.613549,-0.575507
0.614576,-0.574802
0.615603,-0.574098
0.616631,-0.573393
0.617658,-0.572689
0.618686,-0.571984
0.619713,-0.57128
0.620741,-0.570575
0.621768,-0.569871
0.622796,-0.569166
0.623823,-0.568462
0.624851,-0.567757
0.625878,-0.567052
0.626906,-0.566348
0.627933,-0.565643
0.628961,-0.564939
0.629988,-0.564234
0.631016,-0.56353
0.632043,-0.562825
0.633071,-0.562121
0.634098,-0.561416
0.635126,-0.560712
0.636153,-0.560007
0.637181,-0.559303
0.638208,-0.558598
0.639235,-0.557893
0.640263,-0.557189
0.64129,-0.556484
0.642318,-0.55578
0.643345,-0.555075
0.644373,-0.554371
0.6454,-0.553666
0.646428,-0.552962
0.647455,-0.552257
0.648483,-0.551553
0.64951,-0.550848
0.650538,-0.550144
0.651565,-0.549439
0.652593,-0.548734
0.65362,-0.54803
0.654648,-0.547325
0.655675,-0.546621
0.656703,-0.545916
0.65773,-0.545212
0.658758,-0.544507
0.659785,-0.543803
0.660813,-0.543098
0.66184,-0.542394
0.662867,-0.541689
0.663895,-0.540985
0.664922,-0.54028
0.66595,-0.539575
0.666977,-0.538871
0.668005,-0.538166
0.669032,-0.537462
0.67006,-0.536757
0.671087,-0.536053
0.672115,-0.535348
0.673142,-0.534644
0.67417,-0.533939
0.675197,-0.533235
0.676225,-0.53253
0.677252,-0.531826
0.67828,-0.531121
0.679307,-0.530417
0.680335,-0.529712
0.681362,-0.529007
0.68239,-0.528303
0.683417,-0.527598
0.684445,-0.526894
0.685472,-0.526189
0.686499,-0.525485
0.687527,-0.52478
0.688554,-0.524076
