O
10
1,0,-1,0.78,-0.5,0.75,0.0,0.0,0.0,0.3,0.4,0.02,0,0.8,False
2,0,-1,1.1,-0.5,0.93,0.0,0.0,0.0,0.02,0.4,0.2,0,0.8,False
3,0,-1,0.78,-0.5,1.11,0.0,0.0,0.0,0.3,0.4,0.02,0,0.8,False
4,0,-1,0.8,-0.92,0.93,0.0,0.0,0.0,0.32,0.02,0.2,0,0.8,False
5,0,-1,0.8,-0.08,0.93,0.0,0.0,0.0,0.32,0.02,0.2,0,0.8,False
6,0,0,0.5743544610332402,-0.3022141750630515,0.9177302631357815,0.0,0.0,2.2018006358255025,0.03,0.03,0.14773026313578158,0.39251418129726023,1.0702979883001031,False
7,0,0,0.8698066830485167,-0.8237095442702934,0.86,0.0,0.0,3.0446749101551345,0.031954193097506606,0.03,0.09,0.20056163362224644,1.053519465259112,False
8,0,0,0.7877492816442003,-0.2732502299407542,0.86,0.0,0.0,1.9075383298901956,0.03593767409230694,0.06955746746790205,0.09,0.43375101867260724,0.8631345286573643,False
9,0,0,0.683005571410287,-0.7265005546633347,0.86,0.0,0.0,5.47764852238447,0.03,0.03,0.09,0.440192884358693,0.941524035093524,False
10,2,0,0.9629501784383132,-0.3736185487086325,0.8450000000000001,0.0,0.0,1.1620647538354885,0.03504550797493138,0.03504550797493138,0.15,0.1654957578049679,1.1152668553789398,False
R
0.0,0.0,0.0,0.0,0.0,0.0,1.0
S
8
torso_lift_joint,0
r_shoulder_pan_joint,-1.69017
r_shoulder_lift_joint,-0.0788625
r_upper_arm_roll_joint,-1.69017
r_elbow_flex_joint,-1.2717
r_forearm_roll_joint,-0.151824
r_wrist_flex_joint,-1.25254
r_wrist_roll_joint,0.675062
G
0.513797,-0.346461,0.91773,0.631004,-0,0
ooi
6
A
599
0.310248,-0.673113
0.31135,-0.672475
0.312452,-0.671837
0.313554,-0.671199
0.314656,-0.670561
0.315759,-0.669923
0.316861,-0.669285
0.317963,-0.668647
0.319065,-0.668009
0.320167,-0.667371
0.321269,-0.666733
0.322371,-0.666094
0.323473,-0.665456
0.324575,-0.664818
0.325677,-0.66418
0.326779,-0.663542
0.327881,-0.662904
0.328983,-0.662266
0.330085,-0.661628
0.331188,-0.66099
0.33229,-0.660352
0.333392,-0.659714
0.334494,-0.659076
0.335596,-0.658438
0.336698,-0.6578
0.3378,-0.657162
0.338902,-0.656524
0.340004,-0.655886
0.341106,-0.655248
0.342208,-0.65461
0.34331,-0.653971
0.344412,-0.653333
0.345514,-0.652695
0.346616,-0.652057
0.347719,-0.651419
0.348821,-0.650781
0.349923,-0.650143
0.351025,-0.649505
0.352127,-0.648867
0.353229,-0.648229
0.354331,-0.647591
0.355433,-0.646953
0.356535,-0.646315
0.357637,-0.645677
0.358739,-0.645039
0.359841,-0.644401
0.360943,-0.643763
0.362045,-0.643125
0.363148,-0.642486
0.36425,-0.641848
0.365352,-0.64121
0.366454,-0.640572
0.367556,-0.639934
0.368658,-0.639296
0.36976,-0.638658
0.370862,-0.63802
0.371964,-0.637382
0.373066,-0.636744
0.374168,-0.636106
0.37527,-0.635468
0.376372,-0.63483
0.377474,-0.634192
0.378577,-0.633554
0.379679,-0.632916
0.380781,-0.632278
0.381883,-0.63164
0.382985,-0.631002
0.384087,-0.630363
0.385189,-0.629725
0.386291,-0.629087
0.387393,-0.628449
0.388495,-0.627811
0.389597,-0.627173
0.390699,-0.626535
0.391801,-0.625897
0.392903,-0.625259
0.394006,-0.624621
0.395108,-0.623983
0.39621,-0.623345
0.397312,-0.622707
0.398414,-0.622069
0.399516,-0.621431
0.400618,-0.620793
0.40172,-0.620155
0.402822,-0.619517
0.403924,-0.618878
0.405026,-0.61824
0.406128,-0.617602
0.40723,-0.616964
0.408332,-0.616326
0.409434,-0.615688
0.410537,-0.61505
0.411639,-0.614412
0.412741,-0.613774
0.413843,-0.613136
0.414945,-0.612498
0.416047,-0.61186
0.417149,-0.611222
0.418251,-0.610584
0.419353,-0.609946
0.420455,-0.609308
0.421557,-0.60867
0.422659,-0.608032
0.423761,-0.607394
0.424863,-0.606755
0.425966,-0.606117
0.427068,-0.605479
0.42817,-0.604841
0.429272,-0.604203
0.430374,-0.603565
0.431476,-0.602927
0.432578,-0.602289
0.43368,-0.601651
0.434782,-0.601013
0.435884,-0.600375
0.436986,-0.599737
0.438088,-0.599099
0.43919,-0.598461
0.440292,-0.597823
0.441395,-0.597185
0.442497,-0.596547
0.443599,-0.595909
0.444701,-0.595271
0.445803,-0.594632
0.446905,-0.593994
0.448007,-0.593356
0.449109,-0.592718
0.450211,-0.59208
0.451313,-0.591442
0.452415,-0.590804
0.453517,-0.590166
0.454619,-0.589528
0.455721,-0.58889
0.456824,-0.588252
0.457926,-0.587614
0.459028,-0.586976
0.46013,-0.586338
0.461232,-0.5857
0.462334,-0.585062
0.463436,-0.584424
0.464538,-0.583786
0.46564,-0.583147
0.466742,-0.582509
0.467844,-0.581871
0.468946,-0.581233
0.470048,-0.580595
0.47115,-0.579957
0.472252,-0.579319
0.473355,-0.578681
0.474457,-0.578043
0.475559,-0.577405
0.476912,-0.577063
0.478266,-0.576721
0.479619,-0.576378
0.480973,-0.576036
0.482326,-0.575694
0.48368,-0.575352
0.485034,-0.575009
0.486387,-0.574667
0.487741,-0.574325
0.489094,-0.573983
0.490448,-0.57364
0.491801,-0.573298
0.493155,-0.572956
0.494508,-0.572614
0.495862,-0.572271
0.497215,-0.571929
0.498569,-0.571587
0.499923,-0.571245
0.501276,-0.570903
0.50263,-0.57056
0.503983,-0.570218
0.505337,-0.569876
0.50669,-0.569534
0.508044,-0.569191
0.509397,-0.568849
0.510751,-0.568507
0.512104,-0.568165
0.513458,-0.567822
0.514812,-0.56748
0.516165,-0.567138
0.517519,-0.566796
0.518872,-0.566453
0.520226,-0.566111
0.521579,-0.565769
0.522933,-0.565427
0.524286,-0.565085
0.52564,-0.564742
0.526993,-0.5644
0.528347,-0.564058
0.529701,-0.563716
0.531054,-0.563373
0.532408,-0.563031
0.533761,-0.562689
0.535115,-0.562347
0.536468,-0.562004
0.537822,-0.561662
0.539175,-0.56132
0.540529,-0.560978
0.541882,-0.560635
0.543236,-0.560293
0.54459,-0.559951
0.545943,-0.559609
0.547297,-0.559266
0.54865,-0.558924
0.550004,-0.558582
0.551357,-0.55824
0.552711,-0.557898
0.554064,-0.557555
0.555418,-0.557213
0.556771,-0.556871
0.558125,-0.556529
0.559479,-0.556186
0.560832,-0.555844
0.562186,-0.555502
0.563539,-0.55516
0.564893,-0.554817
0.566246,-0.554475
0.5676,-0.554133
0.568953,-0.553791
0.570307,-0.553448
0.57166,-0.553106
0.573014,-0.552764
0.574368,-0.552422
0.575721,-0.55208
0.577075,-0.551737
0.578428,-0.551395
0.579782,-0.551053
0.581135,-0.550711
0.582489,-0.550368
0.583842,-0.550026
0.585196,-0.549684
0.586549,-0.549342
0.587903,-0.548999
0.589257,-0.548657
0.59061,-0.548315
0.591964,-0.547973
0.593317,-0.54763
0.594671,-0.547288
0.596024,-0.546946
0.597378,-0.546604
0.598731,-0.546262
0.600085,-0.545919
0.601438,-0.545577
0.602792,-0.545235
0.604146,-0.544893
0.605499,-0.54455
0.606853,-0.544208
0.608206,-0.543866
0.60956,-0.543524
0.610913,-0.543181
0.612267,-0.542839
0.61362,-0.542497
0.614974,-0.542155
0.616327,-0.541812
0.617681,-0.54147
0.619034,-0.541128
0.620388,-0.540786
0.621742,-0.540444
0.623095,-0.540101
0.624449,-0.539759
0.625802,-0.539417
0.627156,-0.539075
0.628509,-0.538732
0.629863,-0.53839
0.631216,-0.538048
0.63257,-0.537706
0.633923,-0.537363
0.635277,-0.537021
0.636631,-0.536679
0.637984,-0.536337
0.639338,-0.535994
0.640691,-0.535652
0.642045,-0.53531
0.643398,-0.534968
0.644752,-0.534625
0.646105,-0.534283
0.647459,-0.533941
0.648812,-0.533599
0.650166,-0.533257
0.65152,-0.532914
0.652873,-0.532572
0.654227,-0.53223
0.65558,-0.531888
0.656934,-0.531545
0.658287,-0.531203
0.659641,-0.530861
0.660994,-0.530519
0.662348,-0.530176
0.663701,-0.529834
0.665055,-0.529492
0.666409,-0.52915
0.667762,-0.528807
0.669116,-0.528465
0.670469,-0.528123
0.671823,-0.527781
0.673176,-0.527439
0.67453,-0.527096
0.675883,-0.526754
0.677237,-0.526412
0.676553,-0.525243
0.675869,-0.524075
0.675184,-0.522906
0.6745,-0.521738
0.673816,-0.520569
0.673132,-0.519401
0.672448,-0.518232
0.671764,-0.517064
0.671079,-0.515895
0.670395,-0.514727
0.669711,-0.513558
0.669027,-0.51239
0.668343,-0.511221
0.667659,-0.510053
0.666974,-0.508884
0.66629,-0.507716
0.665606,-0.506547
0.664922,-0.505379
0.664238,-0.50421
0.663554,-0.503042
0.662869,-0.501873
0.662185,-0.500705
0.661501,-0.499536
0.660817,-0.498368
0.660133,-0.497199
0.659448,-0.496031
0.658764,-0.494862
0.65808,-0.493694
0.657396,-0.492525
0.656712,-0.491357
0.656028,-0.490188
0.655343,-0.48902
0.654659,-0.487851
0.653975,-0.486683
0.653291,-0.485514
0.652607,-0.484346
0.651923,-0.483177
0.651238,-0.482009
0.650554,-0.48084
0.64987,-0.479672
0.649186,-0.478503
0.648502,-0.477335
0.647818,-0.476166
0.647133,-0.474998
0.646449,-0.473829
0.645765,-0.472661
0.645081,-0.471492
0.644397,-0.470324
0.643713,-0.469155
0.643028,-0.467987
0.642344,-0.466818
0.64166,-0.46565
0.640976,-0.464481
0.640292,-0.463313
0.639607,-0.462144
0.638923,-0.460976
0.638239,-0.459807
0.637555,-0.458639
0.636871,-0.45747
0.636187,-0.456302
0.635502,-0.455133
0.634818,-0.453965
0.634134,-0.452796
0.63345,-0.451628
0.632766,-0.450459
0.632082,-0.449291
0.631397,-0.448122
0.630713,-0.446954
0.630029,-0.445785
0.629345,-0.444617
0.628661,-0.443448
0.627977,-0.44228
0.627292,-0.441111
0.626608,-0.439943
0.625924,-0.438774
0.62524,-0.437606
0.624556,-0.436437
0.623872,-0.435269
0.623187,-0.4341
0.622503,-0.432932
0.621819,-0.431763
0.621135,-0.430595
0.620451,-0.429426
0.619767,-0.428258
0.619082,-0.427089
0.618398,-0.425921
0.617714,-0.424752
0.61703,-0.423584
0.616346,-0.422415
0.615661,-0.421247
0.614977,-0.420078
0.614293,-0.41891
0.613609,-0.417741
0.612925,-0.416573
0.612241,-0.415404
0.611556,-0.414236
0.610872,-0.413067
0.610188,-0.411899
0.609504,-0.41073
0.60882,-0.409562
0.608136,-0.408393
0.607451,-0.407225
0.606767,-0.406056
0.606083,-0.404888
0.605399,-0.403719
0.604715,-0.402551
0.604031,-0.401382
0.603346,-0.400214
0.602662,-0.399045
0.601978,-0.397877
0.601294,-0.396708
0.60061,-0.39554
0.599926,-0.394371
0.599241,-0.393203
0.598557,-0.392034
0.597873,-0.390866
0.597189,-0.389697
0.596505,-0.388529
0.59582,-0.38736
0.595136,-0.386192
0.594452,-0.385023
0.593768,-0.383855
0.593084,-0.382686
0.5924,-0.381518
0.591715,-0.380349
0.591031,-0.379181
0.590347,-0.378012
0.589663,-0.376844
0.588979,-0.375675
0.588295,-0.374507
0.58761,-0.373338
0.586926,-0.37217
0.586242,-0.371001
0.585558,-0.369833
0.584874,-0.368664
0.58419,-0.367496
0.583505,-0.366327
0.582821,-0.365159
0.582137,-0.36399
0.581453,-0.362822
0.580769,-0.361653
0.580085,-0.360485
0.5794,-0.359316
0.578716,-0.358148
0.578032,-0.356979
0.577348,-0.355811
0.576664,-0.354642
0.57598,-0.353474
0.575295,-0.352305
0.574611,-0.351137
0.574203,-0.351105
0.573795,-0.351074
0.573387,-0.351043
0.572979,-0.351011
0.57257,-0.35098
0.572162,-0.350948
0.571754,-0.350917
0.571346,-0.350886
0.570938,-0.350854
0.57053,-0.350823
0.570122,-0.350792
0.569713,-0.35076
0.569305,-0.350729
0.568897,-0.350697
0.568489,-0.350666
0.568081,-0.350635
0.567673,-0.350603
0.567264,-0.350572
0.566856,-0.350541
0.566448,-0.350509
0.56604,-0.350478
0.565632,-0.350446
0.565224,-0.350415
0.564816,-0.350384
0.564407,-0.350352
0.563999,-0.350321
0.563591,-0.350289
0.563183,-0.350258
0.562775,-0.350227
0.562367,-0.350195
0.561959,-0.350164
0.56155,-0.350133
0.561142,-0.350101
0.560734,-0.35007
0.560326,-0.350038
0.559918,-0.350007
0.55951,-0.349976
0.559101,-0.349944
0.558693,-0.349913
0.558285,-0.349881
0.557877,-0.34985
0.557469,-0.349819
0.557061,-0.349787
0.556653,-0.349756
0.556244,-0.349725
0.555836,-0.349693
0.555428,-0.349662
0.55502,-0.34963
0.554612,-0.349599
0.554204,-0.349568
0.553796,-0.349536
0.553387,-0.349505
0.552979,-0.349474
0.552571,-0.349442
0.552163,-0.349411
0.551755,-0.349379
0.551347,-0.349348
0.550938,-0.349317
0.55053,-0.349285
0.550122,-0.349254
0.549714,-0.349222
0.549306,-0.349191
0.548898,-0.34916
0.54849,-0.349128
0.548081,-0.349097
0.547673,-0.349066
0.547265,-0.349034
0.546857,-0.349003
0.546449,-0.348971
0.546041,-0.34894
0.545633,-0.348909
0.545224,-0.348877
0.544816,-0.348846
0.544408,-0.348815
0.544,-0.348783
0.543592,-0.348752
0.543184,-0.34872
0.542775,-0.348689
0.542367,-0.348658
0.541959,-0.348626
0.541551,-0.348595
0.541143,-0.348563
0.540735,-0.348532
0.540327,-0.348501
0.539918,-0.348469
0.53951,-0.348438
0.539102,-0.348407
0.538694,-0.348375
0.538286,-0.348344
0.537878,-0.348312
0.53747,-0.348281
0.537061,-0.34825
0.536653,-0.348218
0.536245,-0.348187
0.535837,-0.348155
0.535429,-0.348124
0.535021,-0.348093
0.534612,-0.348061
0.534204,-0.34803
0.533796,-0.347999
0.533388,-0.347967
0.53298,-0.347936
0.532572,-0.347904
0.532164,-0.347873
0.531755,-0.347842
0.531347,-0.34781
0.530939,-0.347779
0.530531,-0.347748
0.530123,-0.347716
0.529715,-0.347685
0.529307,-0.347653
0.528898,-0.347622
0.52849,-0.347591
0.528082,-0.347559
0.527674,-0.347528
0.527266,-0.347496
0.526858,-0.347465
0.526449,-0.347434
0.526041,-0.347402
0.525633,-0.347371
0.525225,-0.34734
0.524817,-0.347308
0.524409,-0.347277
0.524001,-0.347245
0.523592,-0.347214
0.523184,-0.347183
0.522776,-0.347151
0.522368,-0.34712
0.52196,-0.347089
0.521552,-0.347057
0.521144,-0.347026
0.520735,-0.346994
0.520327,-0.346963
0.519919,-0.346932
0.519511,-0.3469
0.519103,-0.346869
0.518695,-0.346837
0.518286,-0.346806
0.517878,-0.346775
0.51747,-0.346743
0.517062,-0.346712
0.516654,-0.346681
0.516246,-0.346649
0.515838,-0.346618
0.515429,-0.346586
0.515021,-0.346555
0.514613,-0.346524
0.514205,-0.346492
0.513797,-0.346461
