O
10
1,0,-1,0.78,-0.5,0.75,0.0,0.0,0.0,0.3,0.4,0.02,0,0.8,False
2,0,-1,1.1,-0.5,0.93,0.0,0.0,0.0,0.02,0.4,0.2,0,0.8,False
3,0,-1,0.78,-0.5,1.11,0.0,0.0,0.0,0.3,0.4,0.02,0,0.8,False
4,0,-1,0.8,-0.92,0.93,0.0,0.0,0.0,0.32,0.02,0.2,0,0.8,False
5,0,-1,0.8,-0.08,0.93,0.0,0.0,0.0,0.32,0.02,0.2,0,0.8,False
6,2,0,0.6767302348547894,-0.8474107482637544,0.8450000000000001,0.0,0.0,4.590926213480018,0.03,0.03,0.15,0.39431760152522277,0.9216417332985758,False
7,0,0,0.9186973327877141,-0.7880376883690724,0.86,0.0,0.0,3.411389873104098,0.059091085591176554,0.06547291404691236,0.09,0.2769196151761691,1.0366188189441574,False
8,0,0,1.0287631722048927,-0.5677161153699108,0.86,0.0,0.0,3.2344349436816433,0.03,0.04260651211985427,0.09,0.14014887722042213,0.9358719448601203,False
9,0,0,0.9762962146321075,-0.41184776098169673,0.8776030504233427,0.0,0.0,0.8661593098915381,0.03,0.05526359169404607,0.10760305042334278,0.10534798586763794,1.0706418186247197,False
10,0,0,0.6244127779045804,-0.4632421280128806,0.9211141367711402,0.0,0.0,3.4334981991720412,0.03633067194968509,0.04278123529313007,0.15111413677114016,0.38134212173803284,0.8196516172773839,False
R
0.0,0.0,0.0,0.0,0.0,0.0,1.0
S
8
torso_lift_joint,0
r_shoulder_pan_joint,-1.69017
r_shoulder_lift_joint,-0.0788625
r_upper_arm_roll_joint,-1.69017
r_elbow_flex_joint,-1.2717
r_forearm_roll_joint,-0.151824
r_wrist_flex_joint,-1.25254
r_wrist_roll_joint,0.675062
G
0.540345,-0.488504,0.921114,0.291906,-0,0
ooi
10
A
599
0.310248,-0.673113
0.310871,-0.67223
0.311494,-0.671347
0.312117,-0.670464
0.31274,-0.669582
0.313363,-0.668699
0.313986,-0.667816
0.314609,-0.666933
0.315232,-0.66605
0.315855,-0.665167
0.316478,-0.664284
0.3171,-0.663401
0.317723,-0.662518
0.318346,-0.661635
0.318969,-0.660753
0.319592,-0.65987
0.320215,-0.658987
0.320838,-0.658104
0.321461,-0.657221
0.322084,-0.656338
0.322707,-0.655455
0.32333,-0.654572
0.323953,-0.653689
0.324576,-0.652807
0.325199,-0.651924
0.325822,-0.651041
0.326445,-0.650158
0.327067,-0.649275
0.32769,-0.648392
0.328313,-0.647509
0.328936,-0.646626
0.329559,-0.645743
0.330182,-0.644861
0.330805,-0.643978
0.331428,-0.643095
0.332051,-0.642212
0.332674,-0.641329
0.333297,-0.640446
0.33392,-0.639563
0.334543,-0.63868
0.335166,-0.637797
0.335789,-0.636915
0.336411,-0.636032
0.337034,-0.635149
0.337657,-0.634266
0.33828,-0.633383
0.338903,-0.6325
0.339526,-0.631617
0.340149,-0.630734
0.340772,-0.629851
0.341395,-0.628969
0.342018,-0.628086
0.342641,-0.627203
0.343264,-0.62632
0.343887,-0.625437
0.34451,-0.624554
0.345133,-0.623671
0.345756,-0.622788
0.346378,-0.621905
0.347001,-0.621023
0.347624,-0.62014
0.348247,-0.619257
0.34887,-0.618374
0.349493,-0.617491
0.350116,-0.616608
0.350739,-0.615725
0.351362,-0.614842
0.351985,-0.613959
0.352608,-0.613077
0.353231,-0.612194
0.353854,-0.611311
0.354477,-0.610428
0.3551,-0.609545
0.355722,-0.608662
0.356345,-0.607779
0.356968,-0.606896
0.357591,-0.606013
0.358214,-0.605131
0.358837,-0.604248
0.35946,-0.603365
0.360083,-0.602482
0.360706,-0.601599
0.361329,-0.600716
0.361952,-0.599833
0.362575,-0.59895
0.363198,-0.598067
0.363821,-0.597184
0.364444,-0.596302
0.365067,-0.595419
0.365689,-0.594536
0.366312,-0.593653
0.366935,-0.59277
0.367558,-0.591887
0.368181,-0.591004
0.368804,-0.590121
0.369427,-0.589238
0.37005,-0.588356
0.370673,-0.587473
0.371296,-0.58659
0.371919,-0.585707
0.372542,-0.584824
0.373165,-0.583941
0.373788,-0.583058
0.374411,-0.582175
0.375033,-0.581292
0.375656,-0.58041
0.376279,-0.579527
0.376902,-0.578644
0.377525,-0.577761
0.378148,-0.576878
0.378771,-0.575995
0.379394,-0.575112
0.380017,-0.574229
0.38064,-0.573346
0.381263,-0.572464
0.381886,-0.571581
0.382509,-0.570698
0.383132,-0.569815
0.383755,-0.568932
0.384378,-0.568049
0.385,-0.567166
0.385623,-0.566283
0.386246,-0.5654
0.386869,-0.564518
0.387492,-0.563635
0.388115,-0.562752
0.388738,-0.561869
0.389361,-0.560986
0.389984,-0.560103
0.390607,-0.55922
0.39123,-0.558337
0.391853,-0.557454
0.392476,-0.556572
0.393099,-0.555689
0.393722,-0.554806
0.394344,-0.553923
0.394967,-0.55304
0.39559,-0.552157
0.396213,-0.551274
0.396836,-0.550391
0.397459,-0.549508
0.398082,-0.548626
0.398705,-0.547743
0.399328,-0.54686
0.399951,-0.545977
0.400574,-0.545094
0.401197,-0.544211
0.40182,-0.543328
0.402443,-0.542445
0.403066,-0.541562
0.403689,-0.54068
0.405333,-0.539722
0.406977,-0.538764
0.408622,-0.537807
0.410266,-0.536849
0.411911,-0.535891
0.413555,-0.534933
0.4152,-0.533976
0.416844,-0.533018
0.418488,-0.53206
0.420133,-0.531103
0.421777,-0.530145
0.423422,-0.529187
0.425066,-0.52823
0.426711,-0.527272
0.428355,-0.526314
0.429999,-0.525357
0.431644,-0.524399
0.433288,-0.523441
0.434933,-0.522484
0.436577,-0.521526
0.438222,-0.520568
0.439866,-0.519611
0.441511,-0.518653
0.443155,-0.517695
0.444799,-0.516738
0.446444,-0.51578
0.448088,-0.514822
0.449733,-0.513865
0.451377,-0.512907
0.453022,-0.511949
0.454666,-0.510992
0.45631,-0.510034
0.457955,-0.509076
0.459599,-0.508119
0.461244,-0.507161
0.462888,-0.506203
0.464533,-0.505246
0.466177,-0.504288
0.467821,-0.50333
0.469466,-0.502373
0.47111,-0.501415
0.472755,-0.500457
0.474399,-0.4995
0.476044,-0.498542
0.477688,-0.497584
0.479333,-0.496627
0.480977,-0.495669
0.482621,-0.494711
0.484266,-0.493754
0.48591,-0.492796
0.487555,-0.491838
0.489199,-0.490881
0.490844,-0.489923
0.492488,-0.488965
0.494132,-0.488008
0.495777,-0.48705
0.497421,-0.486092
0.499066,-0.485135
0.50071,-0.484177
0.502355,-0.483219
0.503999,-0.482262
0.505644,-0.481304
0.507288,-0.480346
0.508932,-0.479389
0.510577,-0.478431
0.512221,-0.477473
0.513866,-0.476516
0.51551,-0.475558
0.517155,-0.4746
0.518799,-0.473643
0.520443,-0.472685
0.522088,-0.471727
0.523732,-0.47077
0.525377,-0.469812
0.527021,-0.468854
0.528666,-0.467897
0.53031,-0.466939
0.531954,-0.465981
0.533599,-0.465024
0.535243,-0.464066
0.536888,-0.463108
0.538532,-0.462151
0.540177,-0.461193
0.541821,-0.460235
0.543466,-0.459278
0.54511,-0.45832
0.546754,-0.457362
0.548399,-0.456405
0.550043,-0.455447
0.551688,-0.454489
0.553332,-0.453532
0.554977,-0.452574
0.556621,-0.451616
0.558265,-0.450659
0.55991,-0.449701
0.561554,-0.448743
0.563199,-0.447786
0.564843,-0.446828
0.566488,-0.44587
0.568132,-0.444913
0.569776,-0.443955
0.571421,-0.442997
0.573065,-0.44204
0.57471,-0.441082
0.576354,-0.440124
0.577999,-0.439167
0.579643,-0.438209
0.581288,-0.437251
0.582932,-0.436294
0.584576,-0.435336
0.586221,-0.434378
0.587865,-0.433421
0.58951,-0.432463
0.591154,-0.431505
0.592799,-0.430548
0.594443,-0.42959
0.596087,-0.428632
0.597732,-0.427675
0.599376,-0.426717
0.601021,-0.425759
0.602665,-0.424802
0.60431,-0.423844
0.605954,-0.422886
0.607598,-0.421929
0.609243,-0.420971
0.610887,-0.420013
0.612532,-0.419056
0.614176,-0.418098
0.615821,-0.41714
0.617465,-0.416182
0.61911,-0.415225
0.620754,-0.414267
0.622398,-0.413309
0.624043,-0.412352
0.625687,-0.411394
0.627332,-0.410436
0.628976,-0.409479
0.630621,-0.408521
0.632265,-0.407563
0.633909,-0.406606
0.635554,-0.405648
0.637198,-0.40469
0.638843,-0.403733
0.640487,-0.402775
0.642132,-0.401817
0.643776,-0.40086
0.64542,-0.399902
0.647065,-0.398944
0.648709,-0.397987
0.647815,-0.398629
0.64692,-0.39927
0.646025,-0.399912
0.645131,-0.400554
0.644236,-0.401196
0.643341,-0.401838
0.642447,-0.40248
0.641552,-0.403121
0.640657,-0.403763
0.639763,-0.404405
0.638868,-0.405047
0.637973,-0.405689
0.637079,-0.406331
0.636184,-0.406972
0.635289,-0.407614
0.634394,-0.408256
0.6335,-0.408898
0.632605,-0.40954
0.63171,-0.410182
0.630816,-0.410823
0.629921,-0.411465
0.629026,-0.412107
0.628132,-0.412749
0.627237,-0.413391
0.626342,-0.414033
0.625448,-0.414674
0.624553,-0.415316
0.623658,-0.415958
0.622764,-0.4166
0.621869,-0.417242
0.620974,-0.417884
0.62008,-0.418525
0.619185,-0.419167
0.61829,-0.419809
0.617396,-0.420451
0.616501,-0.421093
0.615606,-0.421735
0.614711,-0.422376
0.613817,-0.423018
0.612922,-0.42366
0.612027,-0.424302
0.611133,-0.424944
0.610238,-0.425585
0.609343,-0.426227
0.608449,-0.426869
0.607554,-0.427511
0.606659,-0.428153
0.605765,-0.428795
0.60487,-0.429436
0.603975,-0.430078
0.603081,-0.43072
0.602186,-0.431362
0.601291,-0.432004
0.600397,-0.432646
0.599502,-0.433287
0.598607,-0.433929
0.597713,-0.434571
0.596818,-0.435213
0.595923,-0.435855
0.595028,-0.436497
0.594134,-0.437138
0.593239,-0.43778
0.592344,-0.438422
0.59145,-0.439064
0.590555,-0.439706
0.58966,-0.440348
0.588766,-0.440989
0.587871,-0.441631
0.586976,-0.442273
0.586082,-0.442915
0.585187,-0.443557
0.584292,-0.444199
0.583398,-0.44484
0.582503,-0.445482
0.581608,-0.446124
0.580714,-0.446766
0.579819,-0.447408
0.578924,-0.44805
0.57803,-0.448691
0.577135,-0.449333
0.57624,-0.449975
0.575345,-0.450617
0.574451,-0.451259
0.573556,-0.451901
0.572661,-0.452542
0.571767,-0.453184
0.570872,-0.453826
0.569977,-0.454468
0.569083,-0.45511
0.568188,-0.455752
0.567293,-0.456393
0.566399,-0.457035
0.565504,-0.457677
0.564609,-0.458319
0.563715,-0.458961
0.56282,-0.459602
0.561925,-0.460244
0.561031,-0.460886
0.560136,-0.461528
0.559241,-0.46217
0.558347,-0.462812
0.557452,-0.463453
0.556557,-0.464095
0.555663,-0.464737
0.554768,-0.465379
0.553873,-0.466021
0.552978,-0.466663
0.552084,-0.467304
0.551189,-0.467946
0.550294,-0.468588
0.5494,-0.46923
0.548505,-0.469872
0.54761,-0.470514
0.546716,-0.471155
0.545821,-0.471797
0.544926,-0.472439
0.544032,-0.473081
0.543137,-0.473723
0.542242,-0.474365
0.541348,-0.475006
0.540453,-0.475648
0.539558,-0.47629
0.538664,-0.476932
0.537769,-0.477574
0.536874,-0.478216
0.53598,-0.478857
0.535085,-0.479499
0.53419,-0.480141
0.533295,-0.480783
0.532401,-0.481425
0.531506,-0.482067
0.530611,-0.482708
0.529717,-0.48335
0.528822,-0.483992
0.527927,-0.484634
0.527033,-0.485276
0.526138,-0.485918
0.525243,-0.486559
0.524349,-0.487201
0.523454,-0.487843
0.522559,-0.488485
0.521665,-0.489127
0.52077,-0.489769
0.519875,-0.49041
0.518981,-0.491052
0.518086,-0.491694
0.517191,-0.492336
0.516297,-0.492978
0.515402,-0.493619
0.514507,-0.494261
0.514681,-0.494223
0.514854,-0.494184
0.515027,-0.494145
0.515201,-0.494107
0.515374,-0.494068
0.515548,-0.494029
0.515721,-0.493991
0.515894,-0.493952
0.516068,-0.493914
0.516241,-0.493875
0.516415,-0.493836
0.516588,-0.493798
0.516761,-0.493759
0.516935,-0.49372
0.517108,-0.493682
0.517282,-0.493643
0.517455,-0.493604
0.517629,-0.493566
0.517802,-0.493527
0.517975,-0.493488
0.518149,-0.49345
0.518322,-0.493411
0.518496,-0.493373
0.518669,-0.493334
0.518842,-0.493295
0.519016,-0.493257
0.519189,-0.493218
0.519363,-0.493179
0.519536,-0.493141
0.519709,-0.493102
0.519883,-0.493063
0.520056,-0.493025
0.52023,-0.492986
0.520403,-0.492947
0.520576,-0.492909
0.52075,-0.49287
0.520923,-0.492832
0.521097,-0.492793
0.52127,-0.492754
0.521443,-0.492716
0.521617,-0.492677
0.52179,-0.492638
0.521964,-0.4926
0.522137,-0.492561
0.522311,-0.492522
0.522484,-0.492484
0.522657,-0.492445
0.522831,-0.492406
0.523004,-0.492368
0.523178,-0.492329
0.523351,-0.492291
0.523524,-0.492252
0.523698,-0.492213
0.523871,-0.492175
0.524045,-0.492136
0.524218,-0.492097
0.524391,-0.492059
0.524565,-0.49202
0.524738,-0.491981
0.524912,-0.491943
0.525085,-0.491904
0.525258,-0.491865
0.525432,-0.491827
0.525605,-0.491788
0.525779,-0.49175
0.525952,-0.491711
0.526125,-0.491672
0.526299,-0.491634
0.526472,-0.491595
0.526646,-0.491556
0.526819,-0.491518
0.526993,-0.491479
0.527166,-0.49144
0.527339,-0.491402
0.527513,-0.491363
0.527686,-0.491325
0.52786,-0.491286
0.528033,-0.491247
0.528206,-0.491209
0.52838,-0.49117
0.528553,-0.491131
0.528727,-0.491093
0.5289,-0.491054
0.529073,-0.491015
0.529247,-0.490977
0.52942,-0.490938
0.529594,-0.490899
0.529767,-0.490861
0.52994,-0.490822
0.530114,-0.490784
0.530287,-0.490745
0.530461,-0.490706
0.530634,-0.490668
0.530808,-0.490629
0.530981,-0.49059
0.531154,-0.490552
0.531328,-0.490513
0.531501,-0.490474
0.531675,-0.490436
0.531848,-0.490397
0.532021,-0.490358
0.532195,-0.49032
0.532368,-0.490281
0.532542,-0.490243
0.532715,-0.490204
0.532888,-0.490165
0.533062,-0.490127
0.533235,-0.490088
0.533409,-0.490049
0.533582,-0.490011
0.533755,-0.489972
0.533929,-0.489933
0.534102,-0.489895
0.534276,-0.489856
0.534449,-0.489817
0.534622,-0.489779
0.534796,-0.48974
0.534969,-0.489702
0.535143,-0.489663
0.535316,-0.489624
0.53549,-0.489586
0.535663,-0.489547
0.535836,-0.489508
0.53601,-0.48947
0.536183,-0.489431
0.536357,-0.489392
0.53653,-0.489354
0.536703,-0.489315
0.536877,-0.489276
0.53705,-0.489238
0.537224,-0.489199
0.537397,-0.489161
0.53757,-0.489122
0.537744,-0.489083
0.537917,-0.489045
0.538091,-0.489006
0.538264,-0.488967
0.538437,-0.488929
0.538611,-0.48889
0.538784,-0.488851
0.538958,-0.488813
0.539131,-0.488774
0.539304,-0.488735
0.539478,-0.488697
0.539651,-0.488658
0.539825,-0.48862
0.539998,-0.488581
0.540172,-0.488542
0.540345,-0.488504
