O
10
1,0,-1,0.78,-0.5,0.75,0.0,0.0,0.0,0.3,0.4,0.02,0,0.8,False
2,0,-1,1.1,-0.5,0.93,0.0,0.0,0.0,0.02,0.4,0.2,0,0.8,False
3,0,-1,0.78,-0.5,1.11,0.0,0.0,0.0,0.3,0.4,0.02,0,0.8,False
4,0,-1,0.8,-0.92,0.93,0.0,0.0,0.0,0.32,0.02,0.2,0,0.8,False
5,0,-1,0.8,-0.08,0.93,0.0,0.0,0.0,0.32,0.02,0.2,0,0.8,False
6,2,0,0.7822237761689359,-0.6290230218909358,0.8450000000000001,0.0,0.0,2.630670906421351,0.0703036492456843,0.0703036492456843,0.15,0.15798601726432354,0.8874331519755296,False
7,0,0,0.9390372522174586,-0.7934273492540044,0.86,0.0,0.0,0.12887874930608853,0.03,0.0627504472615295,0.09,0.264923299574541,0.9189289577894184,False
8,0,0,0.9315912383866469,-0.3441526772416579,0.86,0.0,0.0,4.489331493493082,0.051135530470097945,0.03,0.09,0.3684384970654017,0.8945450376248938,False
9,2,0,0.7904439073898928,-0.3712716051583348,0.8554543585631315,0.0,0.0,6.094341541215397,0.03,0.03,0.17090871712626282,0.1137580689796589,1.1686710651440853,False
10,2,0,0.5977529859024315,-0.7243267039055816,0.8450000000000001,0.0,0.0,3.6310492747065606,0.03,0.03,0.15,0.03792162308257235,0.8592603064141309,False
R
0.0,0.0,0.0,0.0,0.0,0.0,1.0
S
8
torso_lift_joint,0
r_shoulder_pan_joint,-1.69017
r_shoulder_lift_joint,-0.0788625
r_upper_arm_roll_joint,-1.69017
r_elbow_flex_joint,-1.2717
r_forearm_roll_joint,-0.151824
r_wrist_flex_joint,-1.25254
r_wrist_roll_joint,0.675062
G
0.725018,-0.407938,0.855454,0.510812,-0,0
ooi
9
A
599
0.310248,-0.673113
0.310518,-0.672428
0.310787,-0.671744
0.311057,-0.671059
0.311326,-0.670374
0.311596,-0.669689
0.311865,-0.669005
0.312134,-0.66832
0.312404,-0.667635
0.312673,-0.666951
0.312943,-0.666266
0.313212,-0.665581
0.313482,-0.664896
0.313751,-0.664212
0.314021,-0.663527
0.31429,-0.662842
0.31456,-0.662158
0.314829,-0.661473
0.315099,-0.660788
0.315368,-0.660103
0.315638,-0.659419
0.315907,-0.658734
0.316176,-0.658049
0.316446,-0.657365
0.316715,-0.65668
0.316985,-0.655995
0.317254,-0.65531
0.317524,-0.654626
0.317793,-0.653941
0.318063,-0.653256
0.318332,-0.652572
0.318602,-0.651887
0.318871,-0.651202
0.319141,-0.650517
0.31941,-0.649833
0.31968,-0.649148
0.319949,-0.648463
0.320219,-0.647778
0.320488,-0.647094
0.320757,-0.646409
0.321027,-0.645724
0.321296,-0.64504
0.321566,-0.644355
0.321835,-0.64367
0.322105,-0.642985
0.322374,-0.642301
0.322644,-0.641616
0.322913,-0.640931
0.323183,-0.640247
0.323452,-0.639562
0.323722,-0.638877
0.323991,-0.638192
0.324261,-0.637508
0.32453,-0.636823
0.324799,-0.636138
0.325069,-0.635454
0.325338,-0.634769
0.325608,-0.634084
0.325877,-0.633399
0.326147,-0.632715
0.326416,-0.63203
0.326686,-0.631345
0.326955,-0.630661
0.327225,-0.629976
0.327494,-0.629291
0.327764,-0.628606
0.328033,-0.627922
0.328303,-0.627237
0.328572,-0.626552
0.328842,-0.625868
0.329111,-0.625183
0.32938,-0.624498
0.32965,-0.623813
0.329919,-0.623129
0.330189,-0.622444
0.330458,-0.621759
0.330728,-0.621074
0.330997,-0.62039
0.331267,-0.619705
0.331536,-0.61902
0.331806,-0.618336
0.332075,-0.617651
0.332345,-0.616966
0.332614,-0.616281
0.332884,-0.615597
0.333153,-0.614912
0.333422,-0.614227
0.333692,-0.613543
0.333961,-0.612858
0.334231,-0.612173
0.3345,-0.611488
0.33477,-0.610804
0.335039,-0.610119
0.335309,-0.609434
0.335578,-0.60875
0.335848,-0.608065
0.336117,-0.60738
0.336387,-0.606695
0.336656,-0.606011
0.336926,-0.605326
0.337195,-0.604641
0.337465,-0.603957
0.337734,-0.603272
0.338003,-0.602587
0.338273,-0.601902
0.338542,-0.601218
0.338812,-0.600533
0.339081,-0.599848
0.339351,-0.599163
0.33962,-0.598479
0.33989,-0.597794
0.340159,-0.597109
0.340429,-0.596425
0.340698,-0.59574
0.340968,-0.595055
0.341237,-0.59437
0.341507,-0.593686
0.341776,-0.593001
0.342045,-0.592316
0.342315,-0.591632
0.342584,-0.590947
0.342854,-0.590262
0.343123,-0.589577
0.343393,-0.588893
0.343662,-0.588208
0.343932,-0.587523
0.344201,-0.586839
0.344471,-0.586154
0.34474,-0.585469
0.34501,-0.584784
0.345279,-0.5841
0.345549,-0.583415
0.345818,-0.58273
0.346088,-0.582046
0.346357,-0.581361
0.346626,-0.580676
0.346896,-0.579991
0.347165,-0.579307
0.347435,-0.578622
0.347704,-0.577937
0.347974,-0.577252
0.348243,-0.576568
0.348513,-0.575883
0.348782,-0.575198
0.349052,-0.574514
0.349321,-0.573829
0.349591,-0.573144
0.34986,-0.572459
0.35013,-0.571775
0.350399,-0.57109
0.350668,-0.570405
0.352148,-0.5697
0.353628,-0.568995
0.355108,-0.56829
0.356588,-0.567585
0.358067,-0.566879
0.359547,-0.566174
0.361027,-0.565469
0.362507,-0.564764
0.363986,-0.564059
0.365466,-0.563353
0.366946,-0.562648
0.368426,-0.561943
0.369906,-0.561238
0.371385,-0.560533
0.372865,-0.559827
0.374345,-0.559122
0.375825,-0.558417
0.377304,-0.557712
0.378784,-0.557007
0.380264,-0.556302
0.381744,-0.555596
0.383223,-0.554891
0.384703,-0.554186
0.386183,-0.553481
0.387663,-0.552776
0.389143,-0.55207
0.390622,-0.551365
0.392102,-0.55066
0.393582,-0.549955
0.395062,-0.54925
0.396541,-0.548544
0.398021,-0.547839
0.399501,-0.547134
0.400981,-0.546429
0.40246,-0.545724
0.40394,-0.545019
0.40542,-0.544313
0.4069,-0.543608
0.40838,-0.542903
0.409859,-0.542198
0.411339,-0.541493
0.412819,-0.540787
0.414299,-0.540082
0.415778,-0.539377
0.417258,-0.538672
0.418738,-0.537967
0.420218,-0.537261
0.421697,-0.536556
0.423177,-0.535851
0.424657,-0.535146
0.426137,-0.534441
0.427617,-0.533735
0.429096,-0.53303
0.430576,-0.532325
0.432056,-0.53162
0.433536,-0.530915
0.435015,-0.53021
0.436495,-0.529504
0.437975,-0.528799
0.439455,-0.528094
0.440935,-0.527389
0.442414,-0.526684
0.443894,-0.525978
0.445374,-0.525273
0.446854,-0.524568
0.448333,-0.523863
0.449813,-0.523158
0.451293,-0.522452
0.452773,-0.521747
0.454252,-0.521042
0.455732,-0.520337
0.457212,-0.519632
0.458692,-0.518927
0.460172,-0.518221
0.461651,-0.517516
0.463131,-0.516811
0.464611,-0.516106
0.466091,-0.515401
0.46757,-0.514695
0.46905,-0.51399
0.47053,-0.513285
0.47201,-0.51258
0.473489,-0.511875
0.474969,-0.511169
0.476449,-0.510464
0.477929,-0.509759
0.479409,-0.509054
0.480888,-0.508349
0.482368,-0.507644
0.483848,-0.506938
0.485328,-0.506233
0.486807,-0.505528
0.488287,-0.504823
0.489767,-0.504118
0.491247,-0.503412
0.492726,-0.502707
0.494206,-0.502002
0.495686,-0.501297
0.497166,-0.500592
0.498646,-0.499886
0.500125,-0.499181
0.501605,-0.498476
0.503085,-0.497771
0.504565,-0.497066
0.506044,-0.49636
0.507524,-0.495655
0.509004,-0.49495
0.510484,-0.494245
0.511964,-0.49354
0.513443,-0.492835
0.514923,-0.492129
0.516403,-0.491424
0.517883,-0.490719
0.519362,-0.490014
0.520842,-0.489309
0.522322,-0.488603
0.523802,-0.487898
0.525281,-0.487193
0.526761,-0.486488
0.528241,-0.485783
0.529721,-0.485077
0.531201,-0.484372
0.53268,-0.483667
0.53416,-0.482962
0.53564,-0.482257
0.53712,-0.481552
0.538599,-0.480846
0.540079,-0.480141
0.541559,-0.479436
0.543039,-0.478731
0.544518,-0.478026
0.545998,-0.47732
0.547478,-0.476615
0.548958,-0.47591
0.550438,-0.475205
0.551917,-0.4745
0.553397,-0.473794
0.554877,-0.473089
0.556357,-0.472384
0.557836,-0.471679
0.559316,-0.470974
0.560796,-0.470269
0.562276,-0.469563
0.563755,-0.468858
0.565235,-0.468153
0.566715,-0.467448
0.568195,-0.466743
0.569675,-0.466037
0.571154,-0.465332
0.571499,-0.466005
0.571843,-0.466678
0.572188,-0.467351
0.572532,-0.468024
0.572877,-0.468696
0.573221,-0.469369
0.573565,-0.470042
0.57391,-0.470715
0.574254,-0.471388
0.574599,-0.472061
0.574943,-0.472734
0.575288,-0.473406
0.575632,-0.474079
0.575977,-0.474752
0.576321,-0.475425
0.576666,-0.476098
0.57701,-0.476771
0.577354,-0.477443
0.577699,-0.478116
0.578043,-0.478789
0.578388,-0.479462
0.578732,-0.480135
0.579077,-0.480808
0.579421,-0.481481
0.579766,-0.482153
0.58011,-0.482826
0.580454,-0.483499
0.580799,-0.484172
0.581143,-0.484845
0.581488,-0.485518
0.581832,-0.48619
0.582177,-0.486863
0.582521,-0.487536
0.582866,-0.488209
0.58321,-0.488882
0.583554,-0.489555
0.583899,-0.490228
0.584243,-0.4909
0.584588,-0.491573
0.584932,-0.492246
0.585277,-0.492919
0.585621,-0.493592
0.585966,-0.494265
0.58631,-0.494938
0.586655,-0.49561
0.586999,-0.496283
0.587343,-0.496956
0.587688,-0.497629
0.588032,-0.498302
0.588377,-0.498975
0.588721,-0.499647
0.589066,-0.50032
0.58941,-0.500993
0.589755,-0.501666
0.590099,-0.502339
0.590443,-0.503012
0.590788,-0.503685
0.591132,-0.504357
0.591477,-0.50503
0.591821,-0.505703
0.592166,-0.506376
0.59251,-0.507049
0.592855,-0.507722
0.593199,-0.508394
0.593543,-0.509067
0.593888,-0.50974
0.594232,-0.510413
0.594577,-0.511086
0.594921,-0.511759
0.595266,-0.512432
0.59561,-0.513104
0.595955,-0.513777
0.596299,-0.51445
0.596644,-0.515123
0.596988,-0.515796
0.597332,-0.516469
0.597677,-0.517141
0.598021,-0.517814
0.598366,-0.518487
0.59871,-0.51916
0.599055,-0.519833
0.599399,-0.520506
0.599744,-0.521179
0.600088,-0.521851
0.600432,-0.522524
0.600777,-0.523197
0.601121,-0.52387
0.601466,-0.524543
0.60181,-0.525216
0.602155,-0.525889
0.602499,-0.526561
0.602844,-0.527234
0.603188,-0.527907
0.603532,-0.52858
0.603877,-0.529253
0.604221,-0.529926
0.604566,-0.530598
0.60491,-0.531271
0.605255,-0.531944
0.605599,-0.532617
0.605944,-0.53329
0.606288,-0.533963
0.606633,-0.534636
0.606977,-0.535308
0.607321,-0.535981
0.607666,-0.536654
0.60801,-0.537327
0.608355,-0.538
0.608699,-0.538673
0.609044,-0.539345
0.609388,-0.540018
0.609733,-0.540691
0.610077,-0.541364
0.610421,-0.542037
0.610766,-0.54271
0.61111,-0.543383
0.611455,-0.544055
0.611799,-0.544728
0.612144,-0.545401
0.612488,-0.546074
0.612833,-0.546747
0.613177,-0.54742
0.613521,-0.548092
0.613866,-0.548765
0.61421,-0.549438
0.614555,-0.550111
0.614899,-0.550784
0.615244,-0.551457
0.615588,-0.55213
0.615933,-0.552802
0.616277,-0.553475
0.616622,-0.554148
0.616966,-0.554821
0.61731,-0.555494
0.617655,-0.556167
0.617999,-0.55684
0.618344,-0.557512
0.618688,-0.558185
0.619033,-0.558858
0.619377,-0.559531
0.619722,-0.560204
0.620066,-0.560877
0.62041,-0.561549
0.620755,-0.562222
0.621099,-0.562895
0.621444,-0.563568
0.621788,-0.564241
0.622133,-0.564914
0.622477,-0.565587
0.622822,-0.566259
0.623507,-0.565197
0.624193,-0.564134
0.624879,-0.563072
0.625565,-0.562009
0.626251,-0.560947
0.626937,-0.559884
0.627623,-0.558821
0.628309,-0.557759
0.628995,-0.556696
0.62968,-0.555634
0.630366,-0.554571
0.631052,-0.553509
0.631738,-0.552446
0.632424,-0.551384
0.63311,-0.550321
0.633796,-0.549258
0.634482,-0.548196
0.635167,-0.547133
0.635853,-0.546071
0.636539,-0.545008
0.637225,-0.543946
0.637911,-0.542883
0.638597,-0.541821
0.639283,-0.540758
0.639969,-0.539695
0.640654,-0.538633
0.64134,-0.53757
0.642026,-0.536508
0.642712,-0.535445
0.643398,-0.534383
0.644084,-0.53332
0.64477,-0.532257
0.645456,-0.531195
0.646142,-0.530132
0.646827,-0.52907
0.647513,-0.528007
0.648199,-0.526945
0.648885,-0.525882
0.649571,-0.52482
0.650257,-0.523757
0.650943,-0.522694
0.651629,-0.521632
0.652314,-0.520569
0.653,-0.519507
0.653686,-0.518444
0.654372,-0.517382
0.655058,-0.516319
0.655744,-0.515257
0.65643,-0.514194
0.657116,-0.513131
0.657802,-0.512069
0.658487,-0.511006
0.659173,-0.509944
0.659859,-0.508881
0.660545,-0.507819
0.661231,-0.506756
0.661917,-0.505694
0.662603,-0.504631
0.663289,-0.503568
0.663974,-0.502506
0.66466,-0.501443
0.665346,-0.500381
0.666032,-0.499318
0.666718,-0.498256
0.667404,-0.497193
0.66809,-0.49613
0.668776,-0.495068
0.669461,-0.494005
0.670147,-0.492943
0.670833,-0.49188
0.671519,-0.490818
0.672205,-0.489755
0.672891,-0.488693
0.673577,-0.48763
0.674263,-0.486567
0.674949,-0.485505
0.675634,-0.484442
0.67632,-0.48338
0.677006,-0.482317
0.677692,-0.481255
0.678378,-0.480192
0.679064,-0.47913
0.67975,-0.478067
0.680436,-0.477004
0.681121,-0.475942
0.681807,-0.474879
0.682493,-0.473817
0.683179,-0.472754
0.683865,-0.471692
0.684551,-0.470629
0.685237,-0.469566
0.685923,-0.468504
0.686609,-0.467441
0.687294,-0.466379
0.68798,-0.465316
0.688666,-0.464254
0.689352,-0.463191
0.690038,-0.462129
0.690724,-0.461066
0.69141,-0.460003
0.692096,-0.458941
0.692781,-0.457878
0.693467,-0.456816
0.694153,-0.455753
0.694839,-0.454691
0.695525,-0.453628
0.696211,-0.452566
0.696897,-0.451503
0.697583,-0.45044
0.698268,-0.449378
0.698954,-0.448315
0.69964,-0.447253
0.700326,-0.44619
0.701012,-0.445128
0.701698,-0.444065
0.702384,-0.443003
0.70307,-0.44194
0.703756,-0.440877
0.704441,-0.439815
0.705127,-0.438752
0.705813,-0.43769
0.706499,-0.436627
0.707185,-0.435565
0.707871,-0.434502
0.708557,-0.433439
0.709243,-0.432377
0.709928,-0.431314
0.710614,-0.430252
0.7113,-0.429189
0.711986,-0.428127
0.712672,-0.427064
0.713358,-0.426002
0.714044,-0.424939
0.71473,-0.423876
0.715415,-0.422814
0.716101,-0.421751
0.716787,-0.420689
0.717473,-0.419626
0.718159,-0.418564
0.718845,-0.417501
0.719531,-0.416439
0.720217,-0.415376
0.720903,-0.414313
0.721588,-0.413251
0.722274,-0.412188
0.72296,-0.411126
0.723646,-0.410063
0.724332,-0.409001
0.725018,-0.407938
