O
10
1,0,-1,0.78,-0.5,0.75,0.0,0.0,0.0,0.3,0.4,0.02,0,0.8,False
2,0,-1,1.1,-0.5,0.93,0.0,0.0,0.0,0.02,0.4,0.2,0,0.8,False
3,0,-1,0.78,-0.5,1.11,0.0,0.0,0.0,0.3,0.4,0.02,0,0.8,False
4,0,-1,0.8,-0.92,0.93,0.0,0.0,0.0,0.32,0.02,0.2,0,0.8,False
5,0,-1,0.8,-0.08,0.93,0.0,0.0,0.0,0.32,0.02,0.2,0,0.8,False
6,0,0,0.7208372894037739,-0.20038022634421315,0.9120086165282237,0.0,0.0,3.0500901610065174,0.05953775790503924,0.047484617695371274,0.14200861652822372,0.48157965820489024,0.9167054596983214,False
7,0,0,0.9180221577180956,-0.31515316747910604,0.86,0.0,0.0,4.060670477722881,0.07898496317522637,0.03,0.09,0.06291159080336561,1.144546801649517,False
8,0,0,0.5953513847901755,-0.5545723076123051,0.9169423103971037,0.0,0.0,4.226731716414638,0.03798314978267723,0.03,0.14694231039710373,0.2609624543070521,0.957340052229729,False
9,0,0,0.5374030639666132,-0.34487701740604537,0.86,0.0,0.0,2.9655749912452913,0.042283146982481645,0.03,0.09,0.3249801305766849,0.8753886019326853,False
10,0,0,0.8005711660838244,-0.4637010321200203,0.882272748916723,0.0,0.0,3.7300803190441743,0.040389715456249115,0.03,0.11227274891672304,0.40534617636580306,1.1374958642563908,False
R
0.0,0.0,0.0,0.0,0.0,0.0,1.0
S
8
torso_lift_joint,0
r_shoulder_pan_joint,-1.69017
r_shoulder_lift_joint,-0.0788625
r_upper_arm_roll_joint,-1.69017
r_elbow_flex_joint,-1.2717
r_forearm_roll_joint,-0.151824
r_wrist_flex_joint,-1.25254
r_wrist_roll_joint,0.675062
G
0.521964,-0.515837,0.916942,2.65594,-3.14159,3.14159
ooi
8
A
599
0.310248,-0.673113
0.310267,-0.673362
0.310286,-0.673611
0.310305,-0.67386
0.310324,-0.674109
0.310343,-0.674358
0.310362,-0.674607
0.310381,-0.674856
0.310399,-0.675104
0.310418,-0.675353
0.310437,-0.675602
0.310456,-0.675851
0.310475,-0.6761
0.310494,-0.676349
0.310513,-0.676598
0.310532,-0.676847
0.310551,-0.677096
0.31057,-0.677345
0.310588,-0.677594
0.310607,-0.677843
0.310626,-0.678092
0.310645,-0.678341
0.310664,-0.678589
0.310683,-0.678838
0.310702,-0.679087
0.310721,-0.679336
0.31074,-0.679585
0.310759,-0.679834
0.310778,-0.680083
0.310796,-0.680332
0.310815,-0.680581
0.310834,-0.68083
0.310853,-0.681079
0.310872,-0.681328
0.310891,-0.681577
0.31091,-0.681826
0.310929,-0.682074
0.310948,-0.682323
0.310967,-0.682572
0.310985,-0.682821
0.311004,-0.68307
0.311023,-0.683319
0.311042,-0.683568
0.311061,-0.683817
0.31108,-0.684066
0.311099,-0.684315
0.311118,-0.684564
0.311137,-0.684813
0.311156,-0.685062
0.311175,-0.685311
0.311193,-0.685559
0.311212,-0.685808
0.311231,-0.686057
0.31125,-0.686306
0.311269,-0.686555
0.311288,-0.686804
0.311307,-0.687053
0.311326,-0.687302
0.311345,-0.687551
0.311364,-0.6878
0.311383,-0.688049
0.311401,-0.688298
0.31142,-0.688547
0.311439,-0.688796
0.311458,-0.689044
0.311477,-0.689293
0.311496,-0.689542
0.311515,-0.689791
0.311534,-0.69004
0.311553,-0.690289
0.311572,-0.690538
0.31159,-0.690787
0.311609,-0.691036
0.311628,-0.691285
0.311647,-0.691534
0.311666,-0.691783
0.311685,-0.692032
0.311704,-0.692281
0.311723,-0.692529
0.311742,-0.692778
0.311761,-0.693027
0.31178,-0.693276
0.311798,-0.693525
0.311817,-0.693774
0.311836,-0.694023
0.311855,-0.694272
0.311874,-0.694521
0.311893,-0.69477
0.311912,-0.695019
0.311931,-0.695268
0.31195,-0.695517
0.311969,-0.695766
0.311987,-0.696014
0.312006,-0.696263
0.312025,-0.696512
0.312044,-0.696761
0.312063,-0.69701
0.312082,-0.697259
0.312101,-0.697508
0.31212,-0.697757
0.312139,-0.698006
0.312158,-0.698255
0.312177,-0.698504
0.312195,-0.698753
0.312214,-0.699002
0.312233,-0.699251
0.312252,-0.699499
0.312271,-0.699748
0.31229,-0.699997
0.312309,-0.700246
0.312328,-0.700495
0.312347,-0.700744
0.312366,-0.700993
0.312385,-0.701242
0.312403,-0.701491
0.312422,-0.70174
0.312441,-0.701989
0.31246,-0.702238
0.312479,-0.702487
0.312498,-0.702735
0.312517,-0.702984
0.312536,-0.703233
0.312555,-0.703482
0.312574,-0.703731
0.312592,-0.70398
0.312611,-0.704229
0.31263,-0.704478
0.312649,-0.704727
0.312668,-0.704976
0.312687,-0.705225
0.312706,-0.705474
0.312725,-0.705723
0.312744,-0.705972
0.312763,-0.70622
0.312782,-0.706469
0.3128,-0.706718
0.312819,-0.706967
0.312838,-0.707216
0.312857,-0.707465
0.312876,-0.707714
0.312895,-0.707963
0.312914,-0.708212
0.312933,-0.708461
0.312952,-0.70871
0.312971,-0.708959
0.312989,-0.709208
0.313008,-0.709457
0.313027,-0.709705
0.313046,-0.709954
0.313065,-0.710203
0.313084,-0.710452
0.313827,-0.710563
0.31457,-0.710675
0.315313,-0.710786
0.316056,-0.710897
0.3168,-0.711008
0.317543,-0.711119
0.318286,-0.711231
0.319029,-0.711342
0.319772,-0.711453
0.320515,-0.711564
0.321258,-0.711675
0.322001,-0.711787
0.322744,-0.711898
0.323487,-0.712009
0.32423,-0.71212
0.324974,-0.712231
0.325717,-0.712343
0.32646,-0.712454
0.327203,-0.712565
0.327946,-0.712676
0.328689,-0.712787
0.329432,-0.712899
0.330175,-0.71301
0.330918,-0.713121
0.331661,-0.713232
0.332405,-0.713343
0.333148,-0.713455
0.333891,-0.713566
0.334634,-0.713677
0.335377,-0.713788
0.33612,-0.713899
0.336863,-0.714011
0.337606,-0.714122
0.338349,-0.714233
0.339092,-0.714344
0.339836,-0.714455
0.340579,-0.714567
0.341322,-0.714678
0.342065,-0.714789
0.342808,-0.7149
0.343551,-0.715011
0.344294,-0.715123
0.345037,-0.715234
0.34578,-0.715345
0.346523,-0.715456
0.347266,-0.715567
0.34801,-0.715678
0.348753,-0.71579
0.349496,-0.715901
0.350239,-0.716012
0.350982,-0.716123
0.351725,-0.716234
0.352468,-0.716346
0.353211,-0.716457
0.353954,-0.716568
0.354697,-0.716679
0.355441,-0.71679
0.356184,-0.716902
0.356927,-0.717013
0.35767,-0.717124
0.358413,-0.717235
0.359156,-0.717346
0.359899,-0.717458
0.360642,-0.717569
0.361385,-0.71768
0.362128,-0.717791
0.362872,-0.717902
0.363615,-0.718014
0.364358,-0.718125
0.365101,-0.718236
0.365844,-0.718347
0.366587,-0.718458
0.36733,-0.71857
0.368073,-0.718681
0.368816,-0.718792
0.369559,-0.718903
0.370302,-0.719014
0.371046,-0.719126
0.371789,-0.719237
0.372532,-0.719348
0.373275,-0.719459
0.374018,-0.71957
0.374761,-0.719682
0.375504,-0.719793
0.376247,-0.719904
0.37699,-0.720015
0.377733,-0.720126
0.378477,-0.720238
0.37922,-0.720349
0.379963,-0.72046
0.380706,-0.720571
0.381449,-0.720682
0.382192,-0.720794
0.382935,-0.720905
0.383678,-0.721016
0.384421,-0.721127
0.385164,-0.721238
0.385908,-0.72135
0.386651,-0.721461
0.387394,-0.721572
0.388137,-0.721683
0.38888,-0.721794
0.389623,-0.721905
0.390366,-0.722017
0.391109,-0.722128
0.391852,-0.722239
0.392595,-0.72235
0.393338,-0.722461
0.394082,-0.722573
0.394825,-0.722684
0.395568,-0.722795
0.396311,-0.722906
0.397054,-0.723017
0.397797,-0.723129
0.39854,-0.72324
0.399283,-0.723351
0.400026,-0.723462
0.400769,-0.723573
0.401513,-0.723685
0.402256,-0.723796
0.402999,-0.723907
0.403742,-0.724018
0.404485,-0.724129
0.405228,-0.724241
0.405971,-0.724352
0.406714,-0.724463
0.407457,-0.724574
0.4082,-0.724685
0.408944,-0.724797
0.409687,-0.724908
0.41043,-0.725019
0.411173,-0.72513
0.411916,-0.725241
0.412659,-0.725353
0.413402,-0.725464
0.414145,-0.725575
0.414888,-0.725686
0.415631,-0.725797
0.416374,-0.725909
0.417118,-0.72602
0.417861,-0.726131
0.418604,-0.726242
0.419347,-0.726353
0.42009,-0.726465
0.420833,-0.726576
0.421576,-0.726687
0.422319,-0.726798
0.423062,-0.726909
0.423805,-0.727021
0.423763,-0.726954
0.42372,-0.726888
0.423678,-0.726822
0.423635,-0.726756
0.423593,-0.72669
0.42355,-0.726624
0.423507,-0.726558
0.423465,-0.726492
0.423422,-0.726426
0.42338,-0.72636
0.423337,-0.726294
0.423294,-0.726228
0.423252,-0.726162
0.423209,-0.726095
0.423167,-0.726029
0.423124,-0.725963
0.423081,-0.725897
0.423039,-0.725831
0.422996,-0.725765
0.422954,-0.725699
0.422911,-0.725633
0.422869,-0.725567
0.422826,-0.725501
0.422783,-0.725435
0.422741,-0.725369
0.422698,-0.725303
0.422656,-0.725236
0.422613,-0.72517
0.42257,-0.725104
0.422528,-0.725038
0.422485,-0.724972
0.422443,-0.724906
0.4224,-0.72484
0.422358,-0.724774
0.422315,-0.724708
0.422272,-0.724642
0.42223,-0.724576
0.422187,-0.72451
0.422145,-0.724444
0.422102,-0.724377
0.422059,-0.724311
0.422017,-0.724245
0.421974,-0.724179
0.421932,-0.724113
0.421889,-0.724047
0.421846,-0.723981
0.421804,-0.723915
0.421761,-0.723849
0.421719,-0.723783
0.421676,-0.723717
0.421634,-0.723651
0.421591,-0.723585
0.421548,-0.723518
0.421506,-0.723452
0.421463,-0.723386
0.421421,-0.72332
0.421378,-0.723254
0.421335,-0.723188
0.421293,-0.723122
0.42125,-0.723056
0.421208,-0.72299
0.421165,-0.722924
0.421123,-0.722858
0.42108,-0.722792
0.421037,-0.722726
0.420995,-0.722659
0.420952,-0.722593
0.42091,-0.722527
0.420867,-0.722461
0.420824,-0.722395
0.420782,-0.722329
0.420739,-0.722263
0.420697,-0.722197
0.420654,-0.722131
0.420612,-0.722065
0.420569,-0.721999
0.420526,-0.721933
0.420484,-0.721867
0.420441,-0.7218
0.420399,-0.721734
0.420356,-0.721668
0.420313,-0.721602
0.420271,-0.721536
0.420228,-0.72147
0.420186,-0.721404
0.420143,-0.721338
0.4201,-0.721272
0.420058,-0.721206
0.420015,-0.72114
0.419973,-0.721074
0.41993,-0.721008
0.419888,-0.720941
0.419845,-0.720875
0.419802,-0.720809
0.41976,-0.720743
0.419717,-0.720677
0.419675,-0.720611
0.419632,-0.720545
0.419589,-0.720479
0.419547,-0.720413
0.419504,-0.720347
0.419462,-0.720281
0.419419,-0.720215
0.419377,-0.720149
0.419334,-0.720082
0.419291,-0.720016
0.419249,-0.71995
0.419206,-0.719884
0.419164,-0.719818
0.419121,-0.719752
0.419078,-0.719686
0.419036,-0.71962
0.418993,-0.719554
0.418951,-0.719488
0.418908,-0.719422
0.418865,-0.719356
0.418823,-0.71929
0.41878,-0.719223
0.418738,-0.719157
0.418695,-0.719091
0.418653,-0.719025
0.41861,-0.718959
0.418567,-0.718893
0.418525,-0.718827
0.418482,-0.718761
0.41844,-0.718695
0.418397,-0.718629
0.418354,-0.718563
0.418312,-0.718497
0.418269,-0.718431
0.418227,-0.718364
0.418184,-0.718298
0.418142,-0.718232
0.418099,-0.718166
0.418056,-0.7181
0.418014,-0.718034
0.417971,-0.717968
0.417929,-0.717902
0.417886,-0.717836
0.417843,-0.71777
0.417801,-0.717704
0.417758,-0.717638
0.417716,-0.717572
0.417673,-0.717505
0.417631,-0.717439
0.417588,-0.717373
0.417545,-0.717307
0.417503,-0.717241
0.41746,-0.717175
0.417418,-0.717109
0.418119,-0.715758
0.418821,-0.714407
0.419523,-0.713057
0.420224,-0.711706
0.420926,-0.710355
0.421627,-0.709004
0.422329,-0.707653
0.423031,-0.706302
0.423732,-0.704952
0.424434,-0.703601
0.425136,-0.70225
0.425837,-0.700899
0.426539,-0.699548
0.427241,-0.698198
0.427942,-0.696847
0.428644,-0.695496
0.429346,-0.694145
0.430047,-0.692794
0.430749,-0.691443
0.431451,-0.690093
0.432152,-0.688742
0.432854,-0.687391
0.433556,-0.68604
0.434257,-0.684689
0.434959,-0.683338
0.435661,-0.681988
0.436362,-0.680637
0.437064,-0.679286
0.437765,-0.677935
0.438467,-0.676584
0.439169,-0.675234
0.43987,-0.673883
0.440572,-0.672532
0.441274,-0.671181
0.441975,-0.66983
0.442677,-0.668479
0.443379,-0.667129
0.44408,-0.665778
0.444782,-0.664427
0.445484,-0.663076
0.446185,-0.661725
0.446887,-0.660375
0.447589,-0.659024
0.44829,-0.657673
0.448992,-0.656322
0.449694,-0.654971
0.450395,-0.65362
0.451097,-0.65227
0.451799,-0.650919
0.4525,-0.649568
0.453202,-0.648217
0.453903,-0.646866
0.454605,-0.645515
0.455307,-0.644165
0.456008,-0.642814
0.45671,-0.641463
0.457412,-0.640112
0.458113,-0.638761
0.458815,-0.637411
0.459517,-0.63606
0.460218,-0.634709
0.46092,-0.633358
0.461622,-0.632007
0.462323,-0.630656
0.463025,-0.629306
0.463727,-0.627955
0.464428,-0.626604
0.46513,-0.625253
0.465832,-0.623902
0.466533,-0.622552
0.467235,-0.621201
0.467937,-0.61985
0.468638,-0.618499
0.46934,-0.617148
0.470041,-0.615797
0.470743,-0.614447
0.471445,-0.613096
0.472146,-0.611745
0.472848,-0.610394
0.47355,-0.609043
0.474251,-0.607692
0.474953,-0.606342
0.475655,-0.604991
0.476356,-0.60364
0.477058,-0.602289
0.47776,-0.600938
0.478461,-0.599588
0.479163,-0.598237
0.479865,-0.596886
0.480566,-0.595535
0.481268,-0.594184
0.48197,-0.592833
0.482671,-0.591483
0.483373,-0.590132
0.484075,-0.588781
0.484776,-0.58743
0.485478,-0.586079
0.486179,-0.584729
0.486881,-0.583378
0.487583,-0.582027
0.488284,-0.580676
0.488986,-0.579325
0.489688,-0.577974
0.490389,-0.576624
0.491091,-0.575273
0.491793,-0.573922
0.492494,-0.572571
0.493196,-0.57122
0.493898,-0.569869
0.494599,-0.568519
0.495301,-0.567168
0.496003,-0.565817
0.496704,-0.564466
0.497406,-0.563115
0.498108,-0.561765
0.498809,-0.560414
0.499511,-0.559063
0.500213,-0.557712
0.500914,-0.556361
0.501616,-0.55501
0.502317,-0.55366
0.503019,-0.552309
0.503721,-0.550958
0.504422,-0.549607
0.505124,-0.548256
0.505826,-0.546906
0.506527,-0.545555
0.507229,-0.544204
0.507931,-0.542853
0.508632,-0.541502
0.509334,-0.540151
0.510036,-0.538801
0.510737,-0.53745
0.511439,-0.536099
0.512141,-0.534748
0.512842,-0.533397
0.513544,-0.532046
0.514246,-0.530696
0.514947,-0.529345
0.515649,-0.527994
0.51635,-0.526643
0.517052,-0.525292
0.517754,-0.523942
0.518455,-0.522591
0.519157,-0.52124
0.519859,-0.519889
0.52056,-0.518538
0.521262,-0.517187
0.521964,-0.515837
