O
10
1,0,-1,0.78,-0.5,0.75,0.0,0.0,0.0,0.3,0.4,0.02,0,0.8,False
2,0,-1,1.1,-0.5,0.93,0.0,0.0,0.0,0.02,0.4,0.2,0,0.8,False
3,0,-1,0.78,-0.5,1.11,0.0,0.0,0.0,0.3,0.4,0.02,0,0.8,False
4,0,-1,0.8,-0.92,0.93,0.0,0.0,0.0,0.32,0.02,0.2,0,0.8,False
5,0,-1,0.8,-0.08,0.93,0.0,0.0,0.0,0.32,0.02,0.2,0,0.8,False
6,2,0,0.8105837723503033,-0.8074337618103923,0.8450000000000001,0.0,0.0,1.6616174490751496,0.05495306639733496,0.05495306639733496,0.15,0.3685929989135897,1.1433443834111565,False
7,0,0,0.729741488269853,-0.522878176944886,0.8721841570442053,0.0,0.0,3.387764914642192,0.03,0.03,0.10218415704420528,0.47742022847689924,1.1513093217775916,False
8,0,0,0.8651330068133177,-0.553991950561169,0.8701999651890014,0.0,0.0,5.536690721917342,0.07827724355720915,0.03,0.10019996518900141,0.30121824664344227,1.0227292133206354,False
9,0,0,0.9256479891865484,-0.7163007144694596,0.86,0.0,0.0,1.5039603456987123,0.0631625544773362,0.033495451593278366,0.09,0.15554543090165418,1.0001821204467731,False
10,2,0,0.8592730712898493,-0.40282443378088606,0.8450000000000001,0.0,0.0,2.1948008085551733,0.03,0.03,0.15,0.1523197483070926,0.9064722955876646,False
R
0.0,0.0,0.0,0.0,0.0,0.0,1.0
S
8
torso_lift_joint,0
r_shoulder_pan_joint,-1.69017
r_shoulder_lift_joint,-0.0788625
r_upper_arm_roll_joint,-1.69017
r_elbow_flex_joint,-1.2717
r_forearm_roll_joint,-0.151824
r_wrist_flex_joint,-1.25254
r_wrist_roll_joint,0.675062
G
0.657003,-0.541155,0.872184,0.246172,-0,0
ooi
7
A
599
0.310248,-0.673113
0.311292,-0.672473
0.312335,-0.671833
0.313379,-0.671193
0.314422,-0.670553
0.315466,-0.669914
0.31651,-0.669274
0.317553,-0.668634
0.318597,-0.667994
0.31964,-0.667354
0.320684,-0.666714
0.321727,-0.666074
0.322771,-0.665434
0.323814,-0.664794
0.324858,-0.664155
0.325902,-0.663515
0.326945,-0.662875
0.327989,-0.662235
0.329032,-0.661595
0.330076,-0.660955
0.331119,-0.660315
0.332163,-0.659675
0.333206,-0.659035
0.33425,-0.658395
0.335294,-0.657756
0.336337,-0.657116
0.337381,-0.656476
0.338424,-0.655836
0.339468,-0.655196
0.340511,-0.654556
0.341555,-0.653916
0.342599,-0.653276
0.343642,-0.652636
0.344686,-0.651997
0.345729,-0.651357
0.346773,-0.650717
0.347816,-0.650077
0.34886,-0.649437
0.349903,-0.648797
0.350947,-0.648157
0.351991,-0.647517
0.353034,-0.646877
0.354078,-0.646237
0.355121,-0.645598
0.356165,-0.644958
0.357208,-0.644318
0.358252,-0.643678
0.359295,-0.643038
0.360339,-0.642398
0.361383,-0.641758
0.362426,-0.641118
0.36347,-0.640478
0.364513,-0.639838
0.365557,-0.639199
0.3666,-0.638559
0.367644,-0.637919
0.368688,-0.637279
0.369731,-0.636639
0.370775,-0.635999
0.371818,-0.635359
0.372862,-0.634719
0.373905,-0.634079
0.374949,-0.63344
0.375992,-0.6328
0.377036,-0.63216
0.37808,-0.63152
0.379123,-0.63088
0.380167,-0.63024
0.38121,-0.6296
0.382254,-0.62896
0.383297,-0.62832
0.384341,-0.62768
0.385384,-0.627041
0.386428,-0.626401
0.387472,-0.625761
0.388515,-0.625121
0.389559,-0.624481
0.390602,-0.623841
0.391646,-0.623201
0.392689,-0.622561
0.393733,-0.621921
0.394776,-0.621281
0.39582,-0.620642
0.396864,-0.620002
0.397907,-0.619362
0.398951,-0.618722
0.399994,-0.618082
0.401038,-0.617442
0.402081,-0.616802
0.403125,-0.616162
0.404169,-0.615522
0.405212,-0.614883
0.406256,-0.614243
0.407299,-0.613603
0.408343,-0.612963
0.409386,-0.612323
0.41043,-0.611683
0.411473,-0.611043
0.412517,-0.610403
0.413561,-0.609763
0.414604,-0.609123
0.415648,-0.608484
0.416691,-0.607844
0.417735,-0.607204
0.418778,-0.606564
0.419822,-0.605924
0.420865,-0.605284
0.421909,-0.604644
0.422953,-0.604004
0.423996,-0.603364
0.42504,-0.602725
0.426083,-0.602085
0.427127,-0.601445
0.42817,-0.600805
0.429214,-0.600165
0.430258,-0.599525
0.431301,-0.598885
0.432345,-0.598245
0.433388,-0.597605
0.434432,-0.596965
0.435475,-0.596326
0.436519,-0.595686
0.437562,-0.595046
0.438606,-0.594406
0.43965,-0.593766
0.440693,-0.593126
0.441737,-0.592486
0.44278,-0.591846
0.443824,-0.591206
0.444867,-0.590566
0.445911,-0.589927
0.446954,-0.589287
0.447998,-0.588647
0.449042,-0.588007
0.450085,-0.587367
0.451129,-0.586727
0.452172,-0.586087
0.453216,-0.585447
0.454259,-0.584807
0.455303,-0.584168
0.456347,-0.583528
0.45739,-0.582888
0.458434,-0.582248
0.459477,-0.581608
0.460521,-0.580968
0.461564,-0.580328
0.462608,-0.579688
0.463651,-0.579048
0.464695,-0.578408
0.465739,-0.577769
0.466782,-0.577129
0.467054,-0.57615
0.467326,-0.57517
0.467598,-0.574191
0.46787,-0.573212
0.468142,-0.572233
0.468414,-0.571254
0.468686,-0.570275
0.468958,-0.569296
0.46923,-0.568317
0.469502,-0.567338
0.469774,-0.566359
0.470046,-0.56538
0.470318,-0.5644
0.47059,-0.563421
0.470862,-0.562442
0.471134,-0.561463
0.471406,-0.560484
0.471678,-0.559505
0.47195,-0.558526
0.472222,-0.557547
0.472494,-0.556568
0.472766,-0.555589
0.473038,-0.554609
0.47331,-0.55363
0.473582,-0.552651
0.473854,-0.551672
0.474126,-0.550693
0.474398,-0.549714
0.47467,-0.548735
0.474942,-0.547756
0.475214,-0.546777
0.475486,-0.545798
0.475758,-0.544819
0.47603,-0.543839
0.476302,-0.54286
0.476574,-0.541881
0.476846,-0.540902
0.477118,-0.539923
0.47739,-0.538944
0.477662,-0.537965
0.477934,-0.536986
0.478206,-0.536007
0.478478,-0.535028
0.47875,-0.534048
0.479022,-0.533069
0.479294,-0.53209
0.479566,-0.531111
0.479837,-0.530132
0.480109,-0.529153
0.480381,-0.528174
0.480653,-0.527195
0.480925,-0.526216
0.481197,-0.525237
0.481469,-0.524258
0.481741,-0.523278
0.482013,-0.522299
0.482285,-0.52132
0.482557,-0.520341
0.482829,-0.519362
0.483101,-0.518383
0.483373,-0.517404
0.483645,-0.516425
0.483917,-0.515446
0.484189,-0.514467
0.484461,-0.513488
0.484733,-0.512508
0.485005,-0.511529
0.485277,-0.51055
0.485549,-0.509571
0.485821,-0.508592
0.486093,-0.507613
0.486365,-0.506634
0.486637,-0.505655
0.486909,-0.504676
0.487181,-0.503697
0.487453,-0.502717
0.487725,-0.501738
0.487997,-0.500759
0.488269,-0.49978
0.488541,-0.498801
0.488813,-0.497822
0.489085,-0.496843
0.489357,-0.495864
0.489629,-0.494885
0.489901,-0.493906
0.490173,-0.492927
0.490445,-0.491947
0.490717,-0.490968
0.490989,-0.489989
0.491261,-0.48901
0.491533,-0.488031
0.491805,-0.487052
0.492077,-0.486073
0.492349,-0.485094
0.492621,-0.484115
0.492893,-0.483136
0.493165,-0.482156
0.493437,-0.481177
0.493709,-0.480198
0.493981,-0.479219
0.494253,-0.47824
0.494525,-0.477261
0.494797,-0.476282
0.495069,-0.475303
0.495341,-0.474324
0.495613,-0.473345
0.495885,-0.472366
0.496157,-0.471386
0.496429,-0.470407
0.496701,-0.469428
0.496973,-0.468449
0.497245,-0.46747
0.497517,-0.466491
0.497789,-0.465512
0.498061,-0.464533
0.498333,-0.463554
0.498605,-0.462575
0.498877,-0.461595
0.499149,-0.460616
0.499421,-0.459637
0.499693,-0.458658
0.499965,-0.457679
0.500237,-0.4567
0.500509,-0.455721
0.500781,-0.454742
0.501053,-0.453763
0.501324,-0.452784
0.501596,-0.451805
0.501868,-0.450825
0.50214,-0.449846
0.502412,-0.448867
0.502684,-0.447888
0.502956,-0.446909
0.503228,-0.44593
0.5035,-0.444951
0.503772,-0.443972
0.504044,-0.442993
0.504316,-0.442014
0.504588,-0.441034
0.50486,-0.440055
0.505132,-0.439076
0.505404,-0.438097
0.505676,-0.437118
0.505948,-0.436139
0.50622,-0.43516
0.506492,-0.434181
0.506764,-0.433202
0.507036,-0.432223
0.507308,-0.431244
0.507558,-0.432024
0.507807,-0.432803
0.508056,-0.433583
0.508306,-0.434363
0.508555,-0.435143
0.508804,-0.435923
0.509054,-0.436703
0.509303,-0.437483
0.509553,-0.438263
0.509802,-0.439043
0.510051,-0.439823
0.510301,-0.440603
0.51055,-0.441383
0.510799,-0.442163
0.511049,-0.442943
0.511298,-0.443723
0.511548,-0.444503
0.511797,-0.445283
0.512046,-0.446063
0.512296,-0.446843
0.512545,-0.447623
0.512794,-0.448403
0.513044,-0.449183
0.513293,-0.449963
0.513542,-0.450743
0.513792,-0.451523
0.514041,-0.452303
0.514291,-0.453083
0.51454,-0.453862
0.514789,-0.454642
0.515039,-0.455422
0.515288,-0.456202
0.515537,-0.456982
0.515787,-0.457762
0.516036,-0.458542
0.516286,-0.459322
0.516535,-0.460102
0.516784,-0.460882
0.517034,-0.461662
0.517283,-0.462442
0.517532,-0.463222
0.517782,-0.464002
0.518031,-0.464782
0.518281,-0.465562
0.51853,-0.466342
0.518779,-0.467122
0.519029,-0.467902
0.519278,-0.468682
0.519527,-0.469462
0.519777,-0.470242
0.520026,-0.471022
0.520275,-0.471802
0.520525,-0.472582
0.520774,-0.473362
0.521024,-0.474142
0.521273,-0.474921
0.521522,-0.475701
0.521772,-0.476481
0.522021,-0.477261
0.52227,-0.478041
0.52252,-0.478821
0.522769,-0.479601
0.523019,-0.480381
0.523268,-0.481161
0.523517,-0.481941
0.523767,-0.482721
0.524016,-0.483501
0.524265,-0.484281
0.524515,-0.485061
0.524764,-0.485841
0.525013,-0.486621
0.525263,-0.487401
0.525512,-0.488181
0.525762,-0.488961
0.526011,-0.489741
0.52626,-0.490521
0.52651,-0.491301
0.526759,-0.492081
0.527008,-0.492861
0.527258,-0.493641
0.527507,-0.494421
0.527757,-0.495201
0.528006,-0.495981
0.528255,-0.49676
0.528505,-0.49754
0.528754,-0.49832
0.529003,-0.4991
0.529253,-0.49988
0.529502,-0.50066
0.529752,-0.50144
0.530001,-0.50222
0.53025,-0.503
0.5305,-0.50378
0.530749,-0.50456
0.530998,-0.50534
0.531248,-0.50612
0.531497,-0.5069
0.531746,-0.50768
0.531996,-0.50846
0.532245,-0.50924
0.532495,-0.51002
0.532744,-0.5108
0.532993,-0.51158
0.533243,-0.51236
0.533492,-0.51314
0.533741,-0.51392
0.533991,-0.5147
0.53424,-0.51548
0.53449,-0.51626
0.534739,-0.51704
0.534988,-0.517819
0.535238,-0.518599
0.535487,-0.519379
0.535736,-0.520159
0.535986,-0.520939
0.536235,-0.521719
0.536485,-0.522499
0.536734,-0.523279
0.536983,-0.524059
0.537233,-0.524839
0.537482,-0.525619
0.537731,-0.526399
0.537981,-0.527179
0.53823,-0.527959
0.538479,-0.528739
0.538729,-0.529519
0.538978,-0.530299
0.539228,-0.531079
0.539477,-0.531859
0.539726,-0.532639
0.539976,-0.533419
0.540225,-0.534199
0.540474,-0.534979
0.540724,-0.535759
0.540973,-0.536539
0.541223,-0.537319
0.541472,-0.538099
0.541721,-0.538878
0.541971,-0.539658
0.54222,-0.540438
0.542469,-0.541218
0.542719,-0.541998
0.542968,-0.542778
0.543218,-0.543558
0.543467,-0.544338
0.543716,-0.545118
0.543966,-0.545898
0.544215,-0.546678
0.544464,-0.547458
0.544714,-0.548238
0.545467,-0.548191
0.546221,-0.548143
0.546975,-0.548095
0.547728,-0.548048
0.548482,-0.548
0.549235,-0.547953
0.549989,-0.547905
0.550743,-0.547858
0.551496,-0.54781
0.55225,-0.547763
0.553004,-0.547715
0.553757,-0.547668
0.554511,-0.54762
0.555264,-0.547573
0.556018,-0.547525
0.556772,-0.547477
0.557525,-0.54743
0.558279,-0.547382
0.559032,-0.547335
0.559786,-0.547287
0.56054,-0.54724
0.561293,-0.547192
0.562047,-0.547145
0.562801,-0.547097
0.563554,-0.54705
0.564308,-0.547002
0.565061,-0.546955
0.565815,-0.546907
0.566569,-0.54686
0.567322,-0.546812
0.568076,-0.546764
0.568829,-0.546717
0.569583,-0.546669
0.570337,-0.546622
0.57109,-0.546574
0.571844,-0.546527
0.572598,-0.546479
0.573351,-0.546432
0.574105,-0.546384
0.574858,-0.546337
0.575612,-0.546289
0.576366,-0.546242
0.577119,-0.546194
0.577873,-0.546146
0.578626,-0.546099
0.57938,-0.546051
0.580134,-0.546004
0.580887,-0.545956
0.581641,-0.545909
0.582395,-0.545861
0.583148,-0.545814
0.583902,-0.545766
0.584655,-0.545719
0.585409,-0.545671
0.586163,-0.545624
0.586916,-0.545576
0.58767,-0.545528
0.588423,-0.545481
0.589177,-0.545433
0.589931,-0.545386
0.590684,-0.545338
0.591438,-0.545291
0.592192,-0.545243
0.592945,-0.545196
0.593699,-0.545148
0.594452,-0.545101
0.595206,-0.545053
0.59596,-0.545006
0.596713,-0.544958
0.597467,-0.544911
0.59822,-0.544863
0.598974,-0.544815
0.599728,-0.544768
0.600481,-0.54472
0.601235,-0.544673
0.601989,-0.544625
0.602742,-0.544578
0.603496,-0.54453
0.604249,-0.544483
0.605003,-0.544435
0.605757,-0.544388
0.60651,-0.54434
0.607264,-0.544293
0.608018,-0.544245
0.608771,-0.544197
0.609525,-0.54415
0.610278,-0.544102
0.611032,-0.544055
0.611786,-0.544007
0.612539,-0.54396
0.613293,-0.543912
0.614046,-0.543865
0.6148,-0.543817
0.615554,-0.54377
0.616307,-0.543722
0.617061,-0.543675
0.617815,-0.543627
0.618568,-0.54358
0.619322,-0.543532
0.620075,-0.543484
0.620829,-0.543437
0.621583,-0.543389
0.622336,-0.543342
0.62309,-0.543294
0.623843,-0.543247
0.624597,-0.543199
0.625351,-0.543152
0.626104,-0.543104
0.626858,-0.543057
0.627612,-0.543009
0.628365,-0.542962
0.629119,-0.542914
0.629872,-0.542866
0.630626,-0.542819
0.63138,-0.542771
0.632133,-0.542724
0.632887,-0.542676
0.63364,-0.542629
0.634394,-0.542581
0.635148,-0.542534
0.635901,-0.542486
0.636655,-0.542439
0.637409,-0.542391
0.638162,-0.542344
0.638916,-0.542296
0.639669,-0.542249
0.640423,-0.542201
0.641177,-0.542153
0.64193,-0.542106
0.642684,-0.542058
0.643437,-0.542011
0.644191,-0.541963
0.644945,-0.541916
0.645698,-0.541868
0.646452,-0.541821
0.647206,-0.541773
0.647959,-0.541726
0.648713,-0.541678
0.649466,-0.541631
0.65022,-0.541583
0.650974,-0.541535
0.651727,-0.541488
0.652481,-0.54144
0.653234,-0.541393
0.653988,-0.541345
0.654742,-0.541298
0.655495,-0.54125
0.656249,-0.541203
0.657003,-0.541155
