O
10
1,0,-1,0.78,-0.5,0.75,0.0,0.0,0.0,0.3,0.4,0.02,0,0.8,False
2,0,-1,1.1,-0.5,0.93,0.0,0.0,0.0,0.02,0.4,0.2,0,0.8,False
3,0,-1,0.78,-0.5,1.11,0.0,0.0,0.0,0.3,0.4,0.02,0,0.8,False
4,0,-1,0.8,-0.92,0.93,0.0,0.0,0.0,0.32,0.02,0.2,0,0.8,False
5,0,-1,0.8,-0.08,0.93,0.0,0.0,0.0,0.32,0.02,0.2,0,0.8,False
6,2,0,0.6640953116744165,-0.7455222824367599,0.8476461176959678,0.0,0.0,3.514951435519407,0.03695908367530627,0.03695908367530627,0.15529223539193548,0.12971339513266356,0.9515321442688436,False
7,2,0,0.7907827498618785,-0.4467865461938993,0.8450000000000001,0.0,0.0,3.3722522029809,0.05676278116371502,0.05676278116371502,0.15,0.2320479962132047,1.1402369480761394,False
8,2,0,0.7028383375530814,-0.5714859741938619,0.8450000000000001,0.0,0.0,0.15887733556531375,0.030159875523951916,0.030159875523951916,0.15,0.454407945554005,0.8419704894443075,False
9,0,0,0.5293445038609753,-0.4337716996138331,0.86,0.0,0.0,6.076514858409743,0.03,0.03,0.09,0.02565807244437024,0.9763063003375917,False
10,2,0,0.8028407307276527,-0.7791028742461055,0.8450000000000001,0.0,0.0,3.067616710986118,0.04826304755206101,0.04826304755206101,0.15,0.46867201888353444,1.132040635659582,False
R
0.0,0.0,0.0,0.0,0.0,0.0,1.0
S
8
torso_lift_joint,0
r_shoulder_pan_joint,-1.69017
r_shoulder_lift_joint,-0.0788625
r_upper_arm_roll_joint,-1.69017
r_elbow_flex_joint,-1.2717
r_forearm_roll_joint,-0.151824
r_wrist_flex_joint,-1.25254
r_wrist_roll_joint,0.675062
G
0.582148,-0.746892,0.847646,0.0167138,-0,0
ooi
6
A
599
0.310248,-0.673113
0.311267,-0.673262
0.312286,-0.673411
0.313305,-0.67356
0.314324,-0.673709
0.315343,-0.673858
0.316362,-0.674007
0.317381,-0.674156
0.3184,-0.674305
0.319419,-0.674454
0.320438,-0.674603
0.321456,-0.674752
0.322475,-0.674901
0.323494,-0.67505
0.324513,-0.675199
0.325532,-0.675348
0.326551,-0.675497
0.32757,-0.675646
0.328589,-0.675795
0.329608,-0.675944
0.330627,-0.676093
0.331646,-0.676242
0.332665,-0.676391
0.333684,-0.67654
0.334703,-0.676689
0.335722,-0.676838
0.33674,-0.676987
0.337759,-0.677136
0.338778,-0.677285
0.339797,-0.677434
0.340816,-0.677583
0.341835,-0.677732
0.342854,-0.677881
0.343873,-0.67803
0.344892,-0.678179
0.345911,-0.678328
0.34693,-0.678477
0.347949,-0.678626
0.348968,-0.678775
0.349987,-0.678924
0.351006,-0.679073
0.352024,-0.679222
0.353043,-0.679371
0.354062,-0.67952
0.355081,-0.679669
0.3561,-0.679818
0.357119,-0.679967
0.358138,-0.680116
0.359157,-0.680265
0.360176,-0.680414
0.361195,-0.680563
0.362214,-0.680712
0.363233,-0.680861
0.364252,-0.68101
0.365271,-0.681159
0.36629,-0.681308
0.367308,-0.681457
0.368327,-0.681606
0.369346,-0.681755
0.370365,-0.681904
0.371384,-0.682053
0.372403,-0.682202
0.373422,-0.682351
0.374441,-0.6825
0.37546,-0.682649
0.376479,-0.682798
0.377498,-0.682947
0.378517,-0.683096
0.379536,-0.683245
0.380555,-0.683394
0.381574,-0.683543
0.382592,-0.683692
0.383611,-0.683841
0.38463,-0.68399
0.385649,-0.684139
0.386668,-0.684288
0.387687,-0.684437
0.388706,-0.684586
0.389725,-0.684735
0.390744,-0.684884
0.391763,-0.685033
0.392782,-0.685182
0.393801,-0.685331
0.39482,-0.68548
0.395839,-0.685629
0.396858,-0.685778
0.397877,-0.685927
0.398895,-0.686076
0.399914,-0.686225
0.400933,-0.686374
0.401952,-0.686523
0.402971,-0.686672
0.40399,-0.686821
0.405009,-0.68697
0.406028,-0.687119
0.407047,-0.687268
0.408066,-0.687417
0.409085,-0.687566
0.410104,-0.687715
0.411123,-0.687864
0.412142,-0.688013
0.413161,-0.688162
0.414179,-0.688311
0.415198,-0.68846
0.416217,-0.688609
0.417236,-0.688758
0.418255,-0.688907
0.419274,-0.689056
0.420293,-0.689205
0.421312,-0.689354
0.422331,-0.689503
0.42335,-0.689652
0.424369,-0.689801
0.425388,-0.68995
0.426407,-0.690099
0.427426,-0.690248
0.428445,-0.690397
0.429463,-0.690546
0.430482,-0.690695
0.431501,-0.690844
0.43252,-0.690993
0.433539,-0.691142
0.434558,-0.691291
0.435577,-0.69144
0.436596,-0.691589
0.437615,-0.691738
0.438634,-0.691887
0.439653,-0.692036
0.440672,-0.692185
0.441691,-0.692334
0.44271,-0.692483
0.443729,-0.692632
0.444747,-0.692781
0.445766,-0.69293
0.446785,-0.693079
0.447804,-0.693228
0.448823,-0.693377
0.449842,-0.693526
0.450861,-0.693675
0.45188,-0.693824
0.452899,-0.693973
0.453918,-0.694122
0.454937,-0.694271
0.455956,-0.69442
0.456975,-0.694569
0.457994,-0.694718
0.459013,-0.694867
0.460031,-0.695016
0.46105,-0.695165
0.462069,-0.695314
0.463088,-0.695463
0.463604,-0.694611
0.46412,-0.693759
0.464636,-0.692907
0.465152,-0.692055
0.465668,-0.691204
0.466183,-0.690352
0.466699,-0.6895
0.467215,-0.688648
0.467731,-0.687796
0.468247,-0.686944
0.468763,-0.686092
0.469279,-0.68524
0.469794,-0.684388
0.47031,-0.683536
0.470826,-0.682684
0.471342,-0.681832
0.471858,-0.68098
0.472374,-0.680128
0.472889,-0.679276
0.473405,-0.678424
0.473921,-0.677572
0.474437,-0.67672
0.474953,-0.675868
0.475469,-0.675017
0.475985,-0.674165
0.4765,-0.673313
0.477016,-0.672461
0.477532,-0.671609
0.478048,-0.670757
0.478564,-0.669905
0.47908,-0.669053
0.479596,-0.668201
0.480111,-0.667349
0.480627,-0.666497
0.481143,-0.665645
0.481659,-0.664793
0.482175,-0.663941
0.482691,-0.663089
0.483206,-0.662237
0.483722,-0.661385
0.484238,-0.660533
0.484754,-0.659681
0.48527,-0.65883
0.485786,-0.657978
0.486302,-0.657126
0.486817,-0.656274
0.487333,-0.655422
0.487849,-0.65457
0.488365,-0.653718
0.488881,-0.652866
0.489397,-0.652014
0.489913,-0.651162
0.490428,-0.65031
0.490944,-0.649458
0.49146,-0.648606
0.491976,-0.647754
0.492492,-0.646902
0.493008,-0.64605
0.493524,-0.645198
0.494039,-0.644346
0.494555,-0.643494
0.495071,-0.642643
0.495587,-0.641791
0.496103,-0.640939
0.496619,-0.640087
0.497134,-0.639235
0.49765,-0.638383
0.498166,-0.637531
0.498682,-0.636679
0.499198,-0.635827
0.499714,-0.634975
0.50023,-0.634123
0.500745,-0.633271
0.501261,-0.632419
0.501777,-0.631567
0.502293,-0.630715
0.502809,-0.629863
0.503325,-0.629011
0.503841,-0.628159
0.504356,-0.627307
0.504872,-0.626456
0.505388,-0.625604
0.505904,-0.624752
0.50642,-0.6239
0.506936,-0.623048
0.507452,-0.622196
0.507967,-0.621344
0.508483,-0.620492
0.508999,-0.61964
0.509515,-0.618788
0.510031,-0.617936
0.510547,-0.617084
0.511062,-0.616232
0.511578,-0.61538
0.512094,-0.614528
0.51261,-0.613676
0.513126,-0.612824
0.513642,-0.611972
0.514158,-0.61112
0.514673,-0.610269
0.515189,-0.609417
0.515705,-0.608565
0.516221,-0.607713
0.516737,-0.606861
0.517253,-0.606009
0.517769,-0.605157
0.518284,-0.604305
0.5188,-0.603453
0.519316,-0.602601
0.519832,-0.601749
0.520348,-0.600897
0.520864,-0.600045
0.52138,-0.599193
0.521895,-0.598341
0.522411,-0.597489
0.522927,-0.596637
0.523443,-0.595785
0.523959,-0.594933
0.524475,-0.594081
0.52499,-0.59323
0.525506,-0.592378
0.526022,-0.591526
0.526538,-0.590674
0.527054,-0.589822
0.52757,-0.58897
0.528086,-0.588118
0.528601,-0.587266
0.529117,-0.586414
0.529633,-0.585562
0.530149,-0.58471
0.530665,-0.583858
0.531181,-0.583006
0.531697,-0.582154
0.532212,-0.581302
0.532728,-0.58045
0.533244,-0.579598
0.53376,-0.578746
0.534276,-0.577894
0.534792,-0.577043
0.535307,-0.576191
0.535823,-0.575339
0.536339,-0.574487
0.536855,-0.573635
0.537371,-0.572783
0.537887,-0.571931
0.538403,-0.571079
0.538918,-0.570227
0.539434,-0.569375
0.53995,-0.568523
0.539267,-0.569184
0.538584,-0.569845
0.537901,-0.570505
0.537217,-0.571166
0.536534,-0.571827
0.535851,-0.572487
0.535168,-0.573148
0.534484,-0.573809
0.533801,-0.57447
0.533118,-0.57513
0.532435,-0.575791
0.531752,-0.576452
0.531068,-0.577113
0.530385,-0.577773
0.529702,-0.578434
0.529019,-0.579095
0.528335,-0.579756
0.527652,-0.580416
0.526969,-0.581077
0.526286,-0.581738
0.525603,-0.582399
0.524919,-0.583059
0.524236,-0.58372
0.523553,-0.584381
0.52287,-0.585042
0.522187,-0.585702
0.521503,-0.586363
0.52082,-0.587024
0.520137,-0.587684
0.519454,-0.588345
0.51877,-0.589006
0.518087,-0.589667
0.517404,-0.590327
0.516721,-0.590988
0.516038,-0.591649
0.515354,-0.59231
0.514671,-0.59297
0.513988,-0.593631
0.513305,-0.594292
0.512621,-0.594953
0.511938,-0.595613
0.511255,-0.596274
0.510572,-0.596935
0.509889,-0.597596
0.509205,-0.598256
0.508522,-0.598917
0.507839,-0.599578
0.507156,-0.600238
0.506473,-0.600899
0.505789,-0.60156
0.505106,-0.602221
0.504423,-0.602881
0.50374,-0.603542
0.503056,-0.604203
0.502373,-0.604864
0.50169,-0.605524
0.501007,-0.606185
0.500324,-0.606846
0.49964,-0.607507
0.498957,-0.608167
0.498274,-0.608828
0.497591,-0.609489
0.496908,-0.61015
0.496224,-0.61081
0.495541,-0.611471
0.494858,-0.612132
0.494175,-0.612792
0.493491,-0.613453
0.492808,-0.614114
0.492125,-0.614775
0.491442,-0.615435
0.490759,-0.616096
0.490075,-0.616757
0.489392,-0.617418
0.488709,-0.618078
0.488026,-0.618739
0.487342,-0.6194
0.486659,-0.620061
0.485976,-0.620721
0.485293,-0.621382
0.48461,-0.622043
0.483926,-0.622704
0.483243,-0.623364
0.48256,-0.624025
0.481877,-0.624686
0.481194,-0.625347
0.48051,-0.626007
0.479827,-0.626668
0.479144,-0.627329
0.478461,-0.627989
0.477777,-0.62865
0.477094,-0.629311
0.476411,-0.629972
0.475728,-0.630632
0.475045,-0.631293
0.474361,-0.631954
0.473678,-0.632615
0.472995,-0.633275
0.472312,-0.633936
0.471629,-0.634597
0.470945,-0.635258
0.470262,-0.635918
0.469579,-0.636579
0.468896,-0.63724
0.468212,-0.637901
0.467529,-0.638561
0.466846,-0.639222
0.466163,-0.639883
0.46548,-0.640543
0.464796,-0.641204
0.464113,-0.641865
0.46343,-0.642526
0.462747,-0.643186
0.462063,-0.643847
0.46138,-0.644508
0.460697,-0.645169
0.460014,-0.645829
0.459331,-0.64649
0.458647,-0.647151
0.457964,-0.647812
0.457281,-0.648472
0.456598,-0.649133
0.455915,-0.649794
0.455231,-0.650455
0.454548,-0.651115
0.453865,-0.651776
0.453182,-0.652437
0.452498,-0.653098
0.451815,-0.653758
0.451132,-0.654419
0.450449,-0.65508
0.449766,-0.65574
0.449082,-0.656401
0.448399,-0.657062
0.447716,-0.657723
0.447033,-0.658383
0.446349,-0.659044
0.445666,-0.659705
0.444983,-0.660366
0.4443,-0.661026
0.443617,-0.661687
0.442933,-0.662348
0.44225,-0.663009
0.441567,-0.663669
0.440884,-0.66433
0.440201,-0.664991
0.439517,-0.665652
0.438834,-0.666312
0.438151,-0.666973
0.437468,-0.667634
0.438439,-0.668166
0.43941,-0.668698
0.440381,-0.66923
0.441352,-0.669761
0.442323,-0.670293
0.443294,-0.670825
0.444265,-0.671357
0.445236,-0.671889
0.446207,-0.672421
0.447178,-0.672953
0.448149,-0.673485
0.44912,-0.674017
0.450091,-0.674549
0.451062,-0.675081
0.452033,-0.675613
0.453004,-0.676145
0.453975,-0.676677
0.454946,-0.677209
0.455917,-0.677741
0.456888,-0.678272
0.457859,-0.678804
0.45883,-0.679336
0.459801,-0.679868
0.460772,-0.6804
0.461743,-0.680932
0.462714,-0.681464
0.463685,-0.681996
0.464656,-0.682528
0.465627,-0.68306
0.466598,-0.683592
0.467569,-0.684124
0.46854,-0.684656
0.469511,-0.685188
0.470482,-0.68572
0.471453,-0.686251
0.472424,-0.686783
0.473395,-0.687315
0.474366,-0.687847
0.475337,-0.688379
0.476308,-0.688911
0.477279,-0.689443
0.47825,-0.689975
0.479221,-0.690507
0.480192,-0.691039
0.481163,-0.691571
0.482134,-0.692103
0.483105,-0.692635
0.484076,-0.693167
0.485047,-0.693699
0.486018,-0.69423
0.486989,-0.694762
0.48796,-0.695294
0.488931,-0.695826
0.489902,-0.696358
0.490873,-0.69689
0.491844,-0.697422
0.492815,-0.697954
0.493786,-0.698486
0.494757,-0.699018
0.495728,-0.69955
0.496699,-0.700082
0.49767,-0.700614
0.498641,-0.701146
0.499612,-0.701678
0.500583,-0.70221
0.501554,-0.702741
0.502525,-0.703273
0.503496,-0.703805
0.504467,-0.704337
0.505438,-0.704869
0.506409,-0.705401
0.50738,-0.705933
0.508351,-0.706465
0.509322,-0.706997
0.510293,-0.707529
0.511264,-0.708061
0.512235,-0.708593
0.513206,-0.709125
0.514177,-0.709657
0.515148,-0.710189
0.516119,-0.71072
0.51709,-0.711252
0.518061,-0.711784
0.519032,-0.712316
0.520003,-0.712848
0.520974,-0.71338
0.521945,-0.713912
0.522916,-0.714444
0.523887,-0.714976
0.524858,-0.715508
0.525829,-0.71604
0.5268,-0.716572
0.527771,-0.717104
0.528742,-0.717636
0.529713,-0.718168
0.530684,-0.7187
0.531655,-0.719231
0.532626,-0.719763
0.533597,-0.720295
0.534568,-0.720827
0.535539,-0.721359
0.53651,-0.721891
0.537481,-0.722423
0.538452,-0.722955
0.539423,-0.723487
0.540394,-0.724019
0.541365,-0.724551
0.542336,-0.725083
0.543307,-0.725615
0.544278,-0.726147
0.545249,-0.726679
0.54622,-0.72721
0.547191,-0.727742
0.548162,-0.728274
0.549133,-0.728806
0.550104,-0.729338
0.551075,-0.72987
0.552046,-0.730402
0.553017,-0.730934
0.553988,-0.731466
0.554959,-0.731998
0.55593,-0.73253
0.556902,-0.733062
0.557873,-0.733594
0.558844,-0.734126
0.559815,-0.734658
0.560786,-0.735189
0.561757,-0.735721
0.562728,-0.736253
0.563699,-0.736785
0.56467,-0.737317
0.565641,-0.737849
0.566612,-0.738381
0.567583,-0.738913
0.568554,-0.739445
0.569525,-0.739977
0.570496,-0.740509
0.571467,-0.741041
0.572438,-0.741573
0.573409,-0.742105
0.57438,-0.742637
0.575351,-0.743169
0.576322,-0.7437
0.577293,-0.744232
0.578264,-0.744764
0.579235,-0.745296
0.580206,-0.745828
0.581177,-0.74636
0.582148,-0.746892
