O
10
1,0,-1,0.78,-0.5,0.75,0.0,0.0,0.0,0.3,0.4,0.02,0,0.8,False
2,0,-1,1.1,-0.5,0.93,0.0,0.0,0.0,0.02,0.4,0.2,0,0.8,False
3,0,-1,0.78,-0.5,1.11,0.0,0.0,0.0,0.3,0.4,0.02,0,0.8,False
4,0,-1,0.8,-0.92,0.93,0.0,0.0,0.0,0.32,0.02,0.2,0,0.8,False
5,0,-1,0.8,-0.08,0.93,0.0,0.0,0.0,0.32,0.02,0.2,0,0.8,False
6,2,0,0.8467880502444183,-0.7018442490031285,0.8450000000000001,0.0,0.0,1.6570758951422215,0.053757027860428935,0.053757027860428935,0.15,0.07395944149493239,1.0975665007294286,False
7,2,0,0.8578650395053682,-0.38506607026659373,0.8450000000000001,0.0,0.0,5.9192945946877185,0.03,0.03,0.15,0.4654250830830581,1.128454010003284,False
8,2,0,0.7195590285385707,-0.7056923578640925,0.8450000000000001,0.0,0.0,1.5462050491041288,0.03,0.03,0.15,0.4450720299175093,1.122274159044709,False
9,0,0,0.5252356832243028,-0.37673788140307596,0.9202508207922451,0.0,0.0,1.1773728996342716,0.03,0.03,0.150250820792245,0.39481725634535103,0.9379774413283484,False
10,0,0,0.6960425683853161,-0.8132685015731879,0.86,0.0,0.0,0.6308182802875255,0.03037288857198491,0.03,0.09,0.10841390066026868,0.9546509728048638,False
R
0.0,0.0,0.0,0.0,0.0,0.0,1.0
S
8
torso_lift_joint,0
r_shoulder_pan_joint,-1.69017
r_shoulder_lift_joint,-0.0788625
r_upper_arm_roll_joint,-1.69017
r_elbow_flex_joint,-1.2717
r_forearm_roll_joint,-0.151824
r_wrist_flex_joint,-1.25254
r_wrist_roll_joint,0.675062
G
0.657681,-0.663311,0.845,2.54106,-3.14159,3.14159
ooi
8
A
599
0.310248,-0.673113
0.311412,-0.673328
0.312575,-0.673542
0.313739,-0.673757
0.314902,-0.673971
0.316066,-0.674186
0.317229,-0.6744
0.318393,-0.674615
0.319556,-0.674829
0.320719,-0.675043
0.321883,-0.675258
0.323046,-0.675472
0.32421,-0.675687
0.325373,-0.675901
0.326537,-0.676116
0.3277,-0.67633
0.328864,-0.676545
0.330027,-0.676759
0.331191,-0.676974
0.332354,-0.677188
0.333518,-0.677403
0.334681,-0.677617
0.335845,-0.677832
0.337008,-0.678046
0.338172,-0.678261
0.339335,-0.678475
0.340499,-0.67869
0.341662,-0.678904
0.342826,-0.679119
0.343989,-0.679333
0.345153,-0.679548
0.346316,-0.679762
0.34748,-0.679977
0.348643,-0.680191
0.349806,-0.680406
0.35097,-0.68062
0.352133,-0.680835
0.353297,-0.681049
0.35446,-0.681264
0.355624,-0.681478
0.356787,-0.681693
0.357951,-0.681907
0.359114,-0.682122
0.360278,-0.682336
0.361441,-0.682551
0.362605,-0.682765
0.363768,-0.68298
0.364932,-0.683194
0.366095,-0.683409
0.367259,-0.683623
0.368422,-0.683838
0.369586,-0.684052
0.370749,-0.684267
0.371913,-0.684481
0.373076,-0.684696
0.37424,-0.68491
0.375403,-0.685124
0.376566,-0.685339
0.37773,-0.685553
0.378893,-0.685768
0.380057,-0.685982
0.38122,-0.686197
0.382384,-0.686411
0.383547,-0.686626
0.384711,-0.68684
0.385874,-0.687055
0.387038,-0.687269
0.388201,-0.687484
0.389365,-0.687698
0.390528,-0.687913
0.391692,-0.688127
0.392855,-0.688342
0.394019,-0.688556
0.395182,-0.688771
0.396346,-0.688985
0.397509,-0.6892
0.398673,-0.689414
0.399836,-0.689629
0.401,-0.689843
0.402163,-0.690058
0.403327,-0.690272
0.40449,-0.690487
0.405653,-0.690701
0.406817,-0.690916
0.40798,-0.69113
0.409144,-0.691345
0.410307,-0.691559
0.411471,-0.691774
0.412634,-0.691988
0.413798,-0.692203
0.414961,-0.692417
0.416125,-0.692632
0.417288,-0.692846
0.418452,-0.693061
0.419615,-0.693275
0.420779,-0.69349
0.421942,-0.693704
0.423106,-0.693919
0.424269,-0.694133
0.425433,-0.694348
0.426596,-0.694562
0.42776,-0.694777
0.428923,-0.694991
0.430087,-0.695206
0.43125,-0.69542
0.432414,-0.695634
0.433577,-0.695849
0.43474,-0.696063
0.435904,-0.696278
0.437067,-0.696492
0.438231,-0.696707
0.439394,-0.696921
0.440558,-0.697136
0.441721,-0.69735
0.442885,-0.697565
0.444048,-0.697779
0.445212,-0.697994
0.446375,-0.698208
0.447539,-0.698423
0.448702,-0.698637
0.449866,-0.698852
0.451029,-0.699066
0.452193,-0.699281
0.453356,-0.699495
0.45452,-0.69971
0.455683,-0.699924
0.456847,-0.700139
0.45801,-0.700353
0.459174,-0.700568
0.460337,-0.700782
0.4615,-0.700997
0.462664,-0.701211
0.463827,-0.701426
0.464991,-0.70164
0.466154,-0.701855
0.467318,-0.702069
0.468481,-0.702284
0.469645,-0.702498
0.470808,-0.702713
0.471972,-0.702927
0.473135,-0.703142
0.474299,-0.703356
0.475462,-0.703571
0.476626,-0.703785
0.477789,-0.704
0.478953,-0.704214
0.480116,-0.704429
0.48128,-0.704643
0.482443,-0.704858
0.483607,-0.705072
0.48477,-0.705287
0.484789,-0.70581
0.484807,-0.706333
0.484826,-0.706856
0.484844,-0.707379
0.484863,-0.707902
0.484882,-0.708425
0.4849,-0.708948
0.484919,-0.709471
0.484937,-0.709994
0.484956,-0.710517
0.484975,-0.71104
0.484993,-0.711564
0.485012,-0.712087
0.485031,-0.71261
0.485049,-0.713133
0.485068,-0.713656
0.485086,-0.714179
0.485105,-0.714702
0.485124,-0.715225
0.485142,-0.715748
0.485161,-0.716271
0.485179,-0.716794
0.485198,-0.717317
0.485217,-0.71784
0.485235,-0.718364
0.485254,-0.718887
0.485272,-0.71941
0.485291,-0.719933
0.48531,-0.720456
0.485328,-0.720979
0.485347,-0.721502
0.485365,-0.722025
0.485384,-0.722548
0.485403,-0.723071
0.485421,-0.723594
0.48544,-0.724117
0.485458,-0.724641
0.485477,-0.725164
0.485496,-0.725687
0.485514,-0.72621
0.485533,-0.726733
0.485551,-0.727256
0.48557,-0.727779
0.485589,-0.728302
0.485607,-0.728825
0.485626,-0.729348
0.485644,-0.729871
0.485663,-0.730394
0.485682,-0.730918
0.4857,-0.731441
0.485719,-0.731964
0.485737,-0.732487
0.485756,-0.73301
0.485775,-0.733533
0.485793,-0.734056
0.485812,-0.734579
0.48583,-0.735102
0.485849,-0.735625
0.485868,-0.736148
0.485886,-0.736671
0.485905,-0.737194
0.485923,-0.737718
0.485942,-0.738241
0.485961,-0.738764
0.485979,-0.739287
0.485998,-0.73981
0.486016,-0.740333
0.486035,-0.740856
0.486054,-0.741379
0.486072,-0.741902
0.486091,-0.742425
0.486109,-0.742948
0.486128,-0.743471
0.486147,-0.743995
0.486165,-0.744518
0.486184,-0.745041
0.486202,-0.745564
0.486221,-0.746087
0.48624,-0.74661
0.486258,-0.747133
0.486277,-0.747656
0.486295,-0.748179
0.486314,-0.748702
0.486333,-0.749225
0.486351,-0.749748
0.48637,-0.750272
0.486388,-0.750795
0.486407,-0.751318
0.486426,-0.751841
0.486444,-0.752364
0.486463,-0.752887
0.486481,-0.75341
0.4865,-0.753933
0.486519,-0.754456
0.486537,-0.754979
0.486556,-0.755502
0.486575,-0.756025
0.486593,-0.756549
0.486612,-0.757072
0.48663,-0.757595
0.486649,-0.758118
0.486668,-0.758641
0.486686,-0.759164
0.486705,-0.759687
0.486723,-0.76021
0.486742,-0.760733
0.486761,-0.761256
0.486779,-0.761779
0.486798,-0.762302
0.486816,-0.762825
0.486835,-0.763349
0.486854,-0.763872
0.486872,-0.764395
0.486891,-0.764918
0.486909,-0.765441
0.486928,-0.765964
0.486947,-0.766487
0.486965,-0.76701
0.486984,-0.767533
0.487002,-0.768056
0.487021,-0.768579
0.48704,-0.769102
0.487058,-0.769626
0.487077,-0.770149
0.487095,-0.770672
0.487114,-0.771195
0.487133,-0.771718
0.487151,-0.772241
0.48717,-0.772764
0.487188,-0.773287
0.487207,-0.77381
0.487226,-0.774333
0.487244,-0.774856
0.487263,-0.775379
0.487281,-0.775903
0.4873,-0.776426
0.487319,-0.776949
0.487337,-0.777472
0.487356,-0.777995
0.487374,-0.778518
0.487393,-0.779041
0.487412,-0.779564
0.48743,-0.780087
0.487449,-0.78061
0.487467,-0.781133
0.487486,-0.781656
0.487505,-0.78218
0.487523,-0.782703
0.487542,-0.783226
0.48833,-0.783532
0.489118,-0.783839
0.489906,-0.784145
0.490694,-0.784451
0.491482,-0.784758
0.49227,-0.785064
0.493058,-0.785371
0.493846,-0.785677
0.494634,-0.785984
0.495422,-0.78629
0.49621,-0.786596
0.496998,-0.786903
0.497786,-0.787209
0.498575,-0.787516
0.499363,-0.787822
0.500151,-0.788129
0.500939,-0.788435
0.501727,-0.788742
0.502515,-0.789048
0.503303,-0.789354
0.504091,-0.789661
0.504879,-0.789967
0.505667,-0.790274
0.506455,-0.79058
0.507243,-0.790887
0.508031,-0.791193
0.508819,-0.791499
0.509607,-0.791806
0.510395,-0.792112
0.511183,-0.792419
0.511971,-0.792725
0.512759,-0.793032
0.513547,-0.793338
0.514335,-0.793645
0.515124,-0.793951
0.515912,-0.794257
0.5167,-0.794564
0.517488,-0.79487
0.518276,-0.795177
0.519064,-0.795483
0.519852,-0.79579
0.52064,-0.796096
0.521428,-0.796402
0.522216,-0.796709
0.523004,-0.797015
0.523792,-0.797322
0.52458,-0.797628
0.525368,-0.797935
0.526156,-0.798241
0.526944,-0.798548
0.527732,-0.798854
0.52852,-0.79916
0.529308,-0.799467
0.530096,-0.799773
0.530885,-0.80008
0.531673,-0.800386
0.532461,-0.800693
0.533249,-0.800999
0.534037,-0.801305
0.534825,-0.801612
0.535613,-0.801918
0.536401,-0.802225
0.537189,-0.802531
0.537977,-0.802838
0.538765,-0.803144
0.539553,-0.80345
0.540341,-0.803757
0.541129,-0.804063
0.541917,-0.80437
0.542705,-0.804676
0.543493,-0.804983
0.544281,-0.805289
0.545069,-0.805596
0.545857,-0.805902
0.546645,-0.806208
0.547434,-0.806515
0.548222,-0.806821
0.54901,-0.807128
0.549798,-0.807434
0.550586,-0.807741
0.551374,-0.808047
0.552162,-0.808353
0.55295,-0.80866
0.553738,-0.808966
0.554526,-0.809273
0.555314,-0.809579
0.556102,-0.809886
0.55689,-0.810192
0.557678,-0.810499
0.558466,-0.810805
0.559254,-0.811111
0.560042,-0.811418
0.56083,-0.811724
0.561618,-0.812031
0.562406,-0.812337
0.563194,-0.812644
0.563983,-0.81295
0.564771,-0.813256
0.565559,-0.813563
0.566347,-0.813869
0.567135,-0.814176
0.567923,-0.814482
0.568711,-0.814789
0.569499,-0.815095
0.570287,-0.815402
0.571075,-0.815708
0.571863,-0.816014
0.572651,-0.816321
0.573439,-0.816627
0.574227,-0.816934
0.575015,-0.81724
0.575803,-0.817547
0.576591,-0.817853
0.577379,-0.818159
0.578167,-0.818466
0.578955,-0.818772
0.579744,-0.819079
0.580532,-0.819385
0.58132,-0.819692
0.582108,-0.819998
0.582896,-0.820304
0.583684,-0.820611
0.584472,-0.820917
0.58526,-0.821224
0.586048,-0.82153
0.586836,-0.821837
0.587624,-0.822143
0.588412,-0.82245
0.5892,-0.822756
0.589988,-0.823062
0.590776,-0.823369
0.591564,-0.823675
0.592352,-0.823982
0.59314,-0.824288
0.593928,-0.824595
0.594716,-0.824901
0.595504,-0.825207
0.596293,-0.825514
0.597081,-0.82582
0.597869,-0.826127
0.598657,-0.826433
0.599445,-0.82674
0.600233,-0.827046
0.601021,-0.827353
0.601809,-0.827659
0.602597,-0.827965
0.603385,-0.828272
0.604173,-0.828578
0.604961,-0.828885
0.605749,-0.829191
0.606098,-0.828078
0.606446,-0.826965
0.606795,-0.825851
0.607143,-0.824738
0.607492,-0.823625
0.60784,-0.822511
0.608189,-0.821398
0.608537,-0.820285
0.608886,-0.819172
0.609235,-0.818058
0.609583,-0.816945
0.609932,-0.815832
0.61028,-0.814718
0.610629,-0.813605
0.610977,-0.812492
0.611326,-0.811379
0.611674,-0.810265
0.612023,-0.809152
0.612371,-0.808039
0.61272,-0.806925
0.613068,-0.805812
0.613417,-0.804699
0.613765,-0.803586
0.614114,-0.802472
0.614463,-0.801359
0.614811,-0.800246
0.61516,-0.799132
0.615508,-0.798019
0.615857,-0.796906
0.616205,-0.795793
0.616554,-0.794679
0.616902,-0.793566
0.617251,-0.792453
0.617599,-0.791339
0.617948,-0.790226
0.618296,-0.789113
0.618645,-0.788
0.618994,-0.786886
0.619342,-0.785773
0.619691,-0.78466
0.620039,-0.783546
0.620388,-0.782433
0.620736,-0.78132
0.621085,-0.780207
0.621433,-0.779093
0.621782,-0.77798
0.62213,-0.776867
0.622479,-0.775753
0.622827,-0.77464
0.623176,-0.773527
0.623525,-0.772413
0.623873,-0.7713
0.624222,-0.770187
0.62457,-0.769074
0.624919,-0.76796
0.625267,-0.766847
0.625616,-0.765734
0.625964,-0.76462
0.626313,-0.763507
0.626661,-0.762394
0.62701,-0.761281
0.627358,-0.760167
0.627707,-0.759054
0.628056,-0.757941
0.628404,-0.756827
0.628753,-0.755714
0.629101,-0.754601
0.62945,-0.753488
0.629798,-0.752374
0.630147,-0.751261
0.630495,-0.750148
0.630844,-0.749034
0.631192,-0.747921
0.631541,-0.746808
0.631889,-0.745695
0.632238,-0.744581
0.632587,-0.743468
0.632935,-0.742355
0.633284,-0.741241
0.633632,-0.740128
0.633981,-0.739015
0.634329,-0.737902
0.634678,-0.736788
0.635026,-0.735675
0.635375,-0.734562
0.635723,-0.733448
0.636072,-0.732335
0.63642,-0.731222
0.636769,-0.730109
0.637118,-0.728995
0.637466,-0.727882
0.637815,-0.726769
0.638163,-0.725655
0.638512,-0.724542
0.63886,-0.723429
0.639209,-0.722316
0.639557,-0.721202
0.639906,-0.720089
0.640254,-0.718976
0.640603,-0.717862
0.640951,-0.716749
0.6413,-0.715636
0.641649,-0.714523
0.641997,-0.713409
0.642346,-0.712296
0.642694,-0.711183
0.643043,-0.710069
0.643391,-0.708956
0.64374,-0.707843
0.644088,-0.70673
0.644437,-0.705616
0.644785,-0.704503
0.645134,-0.70339
0.645482,-0.702276
0.645831,-0.701163
0.64618,-0.70005
0.646528,-0.698937
0.646877,-0.697823
0.647225,-0.69671
0.647574,-0.695597
0.647922,-0.694483
0.648271,-0.69337
0.648619,-0.692257
0.648968,-0.691144
0.649316,-0.69003
0.649665,-0.688917
0.650013,-0.687804
0.650362,-0.68669
0.650711,-0.685577
0.651059,-0.684464
0.651408,-0.683351
0.651756,-0.682237
0.652105,-0.681124
0.652453,-0.680011
0.652802,-0.678897
0.65315,-0.677784
0.653499,-0.676671
0.653847,-0.675557
0.654196,-0.674444
0.654544,-0.673331
0.654893,-0.672218
0.655242,-0.671104
0.65559,-0.669991
0.655939,-0.668878
0.656287,-0.667764
0.656636,-0.666651
0.656984,-0.665538
0.657333,-0.664425
0.657681,-0.663311
