O
10
1,0,-1,0.78,-0.5,0.75,0.0,0.0,0.0,0.3,0.4,0.02,0,0.8,False
2,0,-1,1.1,-0.5,0.93,0.0,0.0,0.0,0.02,0.4,0.2,0,0.8,False
3,0,-1,0.78,-0.5,1.11,0.0,0.0,0.0,0.3,0.4,0.02,0,0.8,False
4,0,-1,0.8,-0.92,0.93,0.0,0.0,0.0,0.32,0.02,0.2,0,0.8,False
5,0,-1,0.8,-0.08,0.93,0.0,0.0,0.0,0.32,0.02,0.2,0,0.8,False
6,2,0,0.9533851913767968,-0.574087238216852,0.8450000000000001,0.0,0.0,5.398080389280869,0.0382443020812076,0.0382443020812076,0.15,0.28374300510175127,1.1732305613769245,False
7,2,0,0.9413884056860393,-0.6875241746662846,0.8450000000000001,0.0,0.0,2.340678793706524,0.03416733008281913,0.03416733008281913,0.15,0.01772841578904366,1.010126763469982,False
8,0,0,0.7054285057071283,-0.461000984246268,0.86,0.0,0.0,2.8349182102473436,0.03865852806132227,0.041868528056972096,0.09,0.09197802591024012,0.9500624685031378,False
9,0,0,0.7833773480590616,-0.7063955686763466,0.86,0.0,0.0,0.5452168923940319,0.03740431387427827,0.03,0.09,0.4587244154899685,1.0376204423553308,False
10,2,0,0.5731739254330466,-0.36066003221819243,0.8450000000000001,0.0,0.0,4.7210804221561435,0.03,0.03,0.15,0.3672589416638941,0.9911396923336451,False
R
0.0,0.0,0.0,0.0,0.0,0.0,1.0
S
8
torso_lift_joint,0
r_shoulder_pan_joint,-1.69017
r_shoulder_lift_joint,-0.0788625
r_upper_arm_roll_joint,-1.69017
r_elbow_flex_joint,-1.2717
r_forearm_roll_joint,-0.151824
r_wrist_flex_joint,-1.25254
r_wrist_roll_joint,0.675062
G
0.507661,-0.397171,0.845,0.50843,-0,0
ooi
10
A
599
0.310248,-0.673113
0.310452,-0.67315
0.310656,-0.673187
0.31086,-0.673224
0.311064,-0.673261
0.311268,-0.673298
0.311472,-0.673335
0.311677,-0.673372
0.311881,-0.673409
0.312085,-0.673446
0.312289,-0.673483
0.312493,-0.67352
0.312697,-0.673557
0.312901,-0.673594
0.313105,-0.673631
0.313309,-0.673668
0.313513,-0.673705
0.313717,-0.673742
0.313921,-0.673778
0.314125,-0.673815
0.314329,-0.673852
0.314533,-0.673889
0.314737,-0.673926
0.314941,-0.673963
0.315145,-0.674
0.315349,-0.674037
0.315553,-0.674074
0.315758,-0.674111
0.315962,-0.674148
0.316166,-0.674185
0.31637,-0.674222
0.316574,-0.674259
0.316778,-0.674296
0.316982,-0.674333
0.317186,-0.67437
0.31739,-0.674407
0.317594,-0.674444
0.317798,-0.674481
0.318002,-0.674518
0.318206,-0.674555
0.31841,-0.674592
0.318614,-0.674629
0.318818,-0.674666
0.319022,-0.674703
0.319226,-0.67474
0.31943,-0.674777
0.319634,-0.674814
0.319839,-0.674851
0.320043,-0.674887
0.320247,-0.674924
0.320451,-0.674961
0.320655,-0.674998
0.320859,-0.675035
0.321063,-0.675072
0.321267,-0.675109
0.321471,-0.675146
0.321675,-0.675183
0.321879,-0.67522
0.322083,-0.675257
0.322287,-0.675294
0.322491,-0.675331
0.322695,-0.675368
0.322899,-0.675405
0.323103,-0.675442
0.323307,-0.675479
0.323511,-0.675516
0.323716,-0.675553
0.32392,-0.67559
0.324124,-0.675627
0.324328,-0.675664
0.324532,-0.675701
0.324736,-0.675738
0.32494,-0.675775
0.325144,-0.675812
0.325348,-0.675849
0.325552,-0.675886
0.325756,-0.675923
0.32596,-0.67596
0.326164,-0.675997
0.326368,-0.676033
0.326572,-0.67607
0.326776,-0.676107
0.32698,-0.676144
0.327184,-0.676181
0.327388,-0.676218
0.327592,-0.676255
0.327797,-0.676292
0.328001,-0.676329
0.328205,-0.676366
0.328409,-0.676403
0.328613,-0.67644
0.328817,-0.676477
0.329021,-0.676514
0.329225,-0.676551
0.329429,-0.676588
0.329633,-0.676625
0.329837,-0.676662
0.330041,-0.676699
0.330245,-0.676736
0.330449,-0.676773
0.330653,-0.67681
0.330857,-0.676847
0.331061,-0.676884
0.331265,-0.676921
0.331469,-0.676958
0.331673,-0.676995
0.331878,-0.677032
0.332082,-0.677069
0.332286,-0.677106
0.33249,-0.677142
0.332694,-0.677179
0.332898,-0.677216
0.333102,-0.677253
0.333306,-0.67729
0.33351,-0.677327
0.333714,-0.677364
0.333918,-0.677401
0.334122,-0.677438
0.334326,-0.677475
0.33453,-0.677512
0.334734,-0.677549
0.334938,-0.677586
0.335142,-0.677623
0.335346,-0.67766
0.33555,-0.677697
0.335754,-0.677734
0.335959,-0.677771
0.336163,-0.677808
0.336367,-0.677845
0.336571,-0.677882
0.336775,-0.677919
0.336979,-0.677956
0.337183,-0.677993
0.337387,-0.67803
0.337591,-0.678067
0.337795,-0.678104
0.337999,-0.678141
0.338203,-0.678178
0.338407,-0.678215
0.338611,-0.678251
0.338815,-0.678288
0.339019,-0.678325
0.339223,-0.678362
0.339427,-0.678399
0.339631,-0.678436
0.339835,-0.678473
0.34004,-0.67851
0.340244,-0.678547
0.340448,-0.678584
0.340652,-0.678621
0.340856,-0.678658
0.341455,-0.677894
0.342054,-0.67713
0.342653,-0.676367
0.343252,-0.675603
0.343852,-0.674839
0.344451,-0.674075
0.34505,-0.673311
0.345649,-0.672547
0.346248,-0.671783
0.346847,-0.67102
0.347446,-0.670256
0.348046,-0.669492
0.348645,-0.668728
0.349244,-0.667964
0.349843,-0.6672
0.350442,-0.666437
0.351041,-0.665673
0.351641,-0.664909
0.35224,-0.664145
0.352839,-0.663381
0.353438,-0.662617
0.354037,-0.661853
0.354636,-0.66109
0.355236,-0.660326
0.355835,-0.659562
0.356434,-0.658798
0.357033,-0.658034
0.357632,-0.65727
0.358231,-0.656506
0.35883,-0.655743
0.35943,-0.654979
0.360029,-0.654215
0.360628,-0.653451
0.361227,-0.652687
0.361826,-0.651923
0.362425,-0.651159
0.363025,-0.650396
0.363624,-0.649632
0.364223,-0.648868
0.364822,-0.648104
0.365421,-0.64734
0.36602,-0.646576
0.36662,-0.645812
0.367219,-0.645049
0.367818,-0.644285
0.368417,-0.643521
0.369016,-0.642757
0.369615,-0.641993
0.370214,-0.641229
0.370814,-0.640466
0.371413,-0.639702
0.372012,-0.638938
0.372611,-0.638174
0.37321,-0.63741
0.373809,-0.636646
0.374409,-0.635882
0.375008,-0.635119
0.375607,-0.634355
0.376206,-0.633591
0.376805,-0.632827
0.377404,-0.632063
0.378004,-0.631299
0.378603,-0.630535
0.379202,-0.629772
0.379801,-0.629008
0.3804,-0.628244
0.380999,-0.62748
0.381598,-0.626716
0.382198,-0.625952
0.382797,-0.625188
0.383396,-0.624425
0.383995,-0.623661
0.384594,-0.622897
0.385193,-0.622133
0.385793,-0.621369
0.386392,-0.620605
0.386991,-0.619842
0.38759,-0.619078
0.388189,-0.618314
0.388788,-0.61755
0.389388,-0.616786
0.389987,-0.616022
0.390586,-0.615258
0.391185,-0.614495
0.391784,-0.613731
0.392383,-0.612967
0.392982,-0.612203
0.393582,-0.611439
0.394181,-0.610675
0.39478,-0.609911
0.395379,-0.609148
0.395978,-0.608384
0.396577,-0.60762
0.397177,-0.606856
0.397776,-0.606092
0.398375,-0.605328
0.398974,-0.604564
0.399573,-0.603801
0.400172,-0.603037
0.400772,-0.602273
0.401371,-0.601509
0.40197,-0.600745
0.402569,-0.599981
0.403168,-0.599218
0.403767,-0.598454
0.404366,-0.59769
0.404966,-0.596926
0.405565,-0.596162
0.406164,-0.595398
0.406763,-0.594634
0.407362,-0.593871
0.407961,-0.593107
0.408561,-0.592343
0.40916,-0.591579
0.409759,-0.590815
0.410358,-0.590051
0.410957,-0.589287
0.411556,-0.588524
0.412156,-0.58776
0.412755,-0.586996
0.413354,-0.586232
0.413953,-0.585468
0.414552,-0.584704
0.415151,-0.58394
0.41575,-0.583177
0.41635,-0.582413
0.416949,-0.581649
0.417548,-0.580885
0.418147,-0.580121
0.418746,-0.579357
0.419345,-0.578594
0.419945,-0.57783
0.420544,-0.577066
0.421143,-0.576302
0.421742,-0.575538
0.422341,-0.574774
0.42294,-0.57401
0.42354,-0.573247
0.424139,-0.572483
0.424738,-0.571719
0.425337,-0.570955
0.425936,-0.570191
0.426535,-0.569427
0.427134,-0.568663
0.427734,-0.5679
0.428333,-0.567136
0.428932,-0.566372
0.429531,-0.565608
0.43013,-0.564844
0.431161,-0.564344
0.432191,-0.563844
0.433222,-0.563344
0.434252,-0.562845
0.435283,-0.562345
0.436313,-0.561845
0.437344,-0.561345
0.438374,-0.560845
0.439404,-0.560345
0.440435,-0.559845
0.441465,-0.559345
0.442496,-0.558845
0.443526,-0.558345
0.444557,-0.557845
0.445587,-0.557345
0.446618,-0.556845
0.447648,-0.556346
0.448679,-0.555846
0.449709,-0.555346
0.45074,-0.554846
0.45177,-0.554346
0.4528,-0.553846
0.453831,-0.553346
0.454861,-0.552846
0.455892,-0.552346
0.456922,-0.551846
0.457953,-0.551346
0.458983,-0.550846
0.460014,-0.550347
0.461044,-0.549847
0.462075,-0.549347
0.463105,-0.548847
0.464136,-0.548347
0.465166,-0.547847
0.466196,-0.547347
0.467227,-0.546847
0.468257,-0.546347
0.469288,-0.545847
0.470318,-0.545347
0.471349,-0.544847
0.472379,-0.544347
0.47341,-0.543848
0.47444,-0.543348
0.475471,-0.542848
0.476501,-0.542348
0.477532,-0.541848
0.478562,-0.541348
0.479592,-0.540848
0.480623,-0.540348
0.481653,-0.539848
0.482684,-0.539348
0.483714,-0.538848
0.484745,-0.538348
0.485775,-0.537849
0.486806,-0.537349
0.487836,-0.536849
0.488867,-0.536349
0.489897,-0.535849
0.490928,-0.535349
0.491958,-0.534849
0.492988,-0.534349
0.494019,-0.533849
0.495049,-0.533349
0.49608,-0.532849
0.49711,-0.532349
0.498141,-0.53185
0.499171,-0.53135
0.500202,-0.53085
0.501232,-0.53035
0.502263,-0.52985
0.503293,-0.52935
0.504324,-0.52885
0.505354,-0.52835
0.506385,-0.52785
0.507415,-0.52735
0.508445,-0.52685
0.509476,-0.52635
0.510506,-0.52585
0.511537,-0.525351
0.512567,-0.524851
0.513598,-0.524351
0.514628,-0.523851
0.515659,-0.523351
0.516689,-0.522851
0.51772,-0.522351
0.51875,-0.521851
0.519781,-0.521351
0.520811,-0.520851
0.521841,-0.520351
0.522872,-0.519851
0.523902,-0.519352
0.524933,-0.518852
0.525963,-0.518352
0.526994,-0.517852
0.528024,-0.517352
0.529055,-0.516852
0.530085,-0.516352
0.531116,-0.515852
0.532146,-0.515352
0.533177,-0.514852
0.534207,-0.514352
0.535237,-0.513852
0.536268,-0.513353
0.537298,-0.512853
0.538329,-0.512353
0.539359,-0.511853
0.54039,-0.511353
0.54142,-0.510853
0.542451,-0.510353
0.543481,-0.509853
0.544512,-0.509353
0.545542,-0.508853
0.546573,-0.508353
0.547603,-0.507853
0.548633,-0.507353
0.549664,-0.506854
0.550694,-0.506354
0.551725,-0.505854
0.552755,-0.505354
0.553786,-0.504854
0.554816,-0.504354
0.555847,-0.503854
0.556877,-0.503354
0.557908,-0.502854
0.558938,-0.502354
0.559969,-0.501854
0.560999,-0.501354
0.562029,-0.500855
0.56306,-0.500355
0.56409,-0.499855
0.565121,-0.499355
0.566151,-0.498855
0.567182,-0.498355
0.568212,-0.497855
0.569243,-0.497355
0.570273,-0.496855
0.571304,-0.496355
0.572334,-0.495855
0.573365,-0.495355
0.574395,-0.494856
0.575425,-0.494356
0.576456,-0.493856
0.577486,-0.493356
0.578517,-0.492856
0.579547,-0.492356
0.580578,-0.491856
0.581608,-0.491356
0.582639,-0.490856
0.583669,-0.490356
0.5847,-0.489856
0.584183,-0.489234
0.583666,-0.488612
0.583149,-0.48799
0.582632,-0.487368
0.582114,-0.486746
0.581597,-0.486124
0.58108,-0.485502
0.580563,-0.48488
0.580046,-0.484258
0.579529,-0.483636
0.579012,-0.483014
0.578495,-0.482392
0.577978,-0.48177
0.577461,-0.481148
0.576944,-0.480526
0.576427,-0.479903
0.57591,-0.479281
0.575393,-0.478659
0.574876,-0.478037
0.574359,-0.477415
0.573842,-0.476793
0.573325,-0.476171
0.572808,-0.475549
0.572291,-0.474927
0.571774,-0.474305
0.571257,-0.473683
0.57074,-0.473061
0.570223,-0.472439
0.569706,-0.471817
0.569188,-0.471195
0.568671,-0.470573
0.568154,-0.469951
0.567637,-0.469329
0.56712,-0.468707
0.566603,-0.468084
0.566086,-0.467462
0.565569,-0.46684
0.565052,-0.466218
0.564535,-0.465596
0.564018,-0.464974
0.563501,-0.464352
0.562984,-0.46373
0.562467,-0.463108
0.56195,-0.462486
0.561433,-0.461864
0.560916,-0.461242
0.560399,-0.46062
0.559882,-0.459998
0.559365,-0.459376
0.558848,-0.458754
0.558331,-0.458132
0.557814,-0.45751
0.557297,-0.456888
0.55678,-0.456266
0.556262,-0.455643
0.555745,-0.455021
0.555228,-0.454399
0.554711,-0.453777
0.554194,-0.453155
0.553677,-0.452533
0.55316,-0.451911
0.552643,-0.451289
0.552126,-0.450667
0.551609,-0.450045
0.551092,-0.449423
0.550575,-0.448801
0.550058,-0.448179
0.549541,-0.447557
0.549024,-0.446935
0.548507,-0.446313
0.54799,-0.445691
0.547473,-0.445069
0.546956,-0.444447
0.546439,-0.443824
0.545922,-0.443202
0.545405,-0.44258
0.544888,-0.441958
0.544371,-0.441336
0.543854,-0.440714
0.543336,-0.440092
0.542819,-0.43947
0.542302,-0.438848
0.541785,-0.438226
0.541268,-0.437604
0.540751,-0.436982
0.540234,-0.43636
0.539717,-0.435738
0.5392,-0.435116
0.538683,-0.434494
0.538166,-0.433872
0.537649,-0.43325
0.537132,-0.432628
0.536615,-0.432005
0.536098,-0.431383
0.535581,-0.430761
0.535064,-0.430139
0.534547,-0.429517
0.53403,-0.428895
0.533513,-0.428273
0.532996,-0.427651
0.532479,-0.427029
0.531962,-0.426407
0.531445,-0.425785
0.530928,-0.425163
0.53041,-0.424541
0.529893,-0.423919
0.529376,-0.423297
0.528859,-0.422675
0.528342,-0.422053
0.527825,-0.421431
0.527308,-0.420809
0.526791,-0.420186
0.526274,-0.419564
0.525757,-0.418942
0.52524,-0.41832
0.524723,-0.417698
0.524206,-0.417076
0.523689,-0.416454
0.523172,-0.415832
0.522655,-0.41521
0.522138,-0.414588
0.521621,-0.413966
0.521104,-0.413344
0.520587,-0.412722
0.52007,-0.4121
0.519553,-0.411478
0.519036,-0.410856
0.518519,-0.410234
0.518002,-0.409612
0.517484,-0.40899
0.516967,-0.408367
0.51645,-0.407745
0.515933,-0.407123
0.515416,-0.406501
0.514899,-0.405879
0.514382,-0.405257
0.513865,-0.404635
0.513348,-0.404013
0.512831,-0.403391
0.512314,-0.402769
0.511797,-0.402147
0.51128,-0.401525
0.510763,-0.400903
0.510246,-0.400281
0.509729,-0.399659
0.509212,-0.399037
0.508695,-0.398415
0.508178,-0.397793
0.507661,-0.397171
