O
10
1,0,-1,0.78,-0.5,0.75,0.0,0.0,0.0,0.3,0.4,0.02,0,0.8,False
2,0,-1,1.1,-0.5,0.93,0.0,0.0,0.0,0.02,0.4,0.2,0,0.8,False
3,0,-1,0.78,-0.5,1.11,0.0,0.0,0.0,0.3,0.4,0.02,0,0.8,False
4,0,-1,0.8,-0.92,0.93,0.0,0.0,0.0,0.32,0.02,0.2,0,0.8,False
5,0,-1,0.8,-0.08,0.93,0.0,0.0,0.0,0.32,0.02,0.2,0,0.8,False
6,2,0,0.6754164966038894,-0.6643296357874553,0.8450000000000001,0.0,0.0,3.2644227765422635,0.03,0.03,0.15,0.11378664471106115,0.8997853321590602,False
7,2,0,0.7296359382892877,-0.32419381677089265,0.8450000000000001,0.0,0.0,0.5949513765932302,0.06097841284585789,0.06097841284585789,0.15,0.03169464126018373,1.0726999493942881,False
8,0,0,0.989717249124932,-0.4003681149012475,0.905917779815351,0.0,0.0,3.1284664330896175,0.06491005211424389,0.03,0.13591777981535105,0.14404307165771313,1.1302042851423892,False
9,2,0,0.9240866189455418,-0.6960159214235204,0.8450000000000001,0.0,0.0,6.197575656311971,0.03,0.03,0.15,0.17397264020240555,1.0723691613565192,False
10,2,0,1.0275787960107494,-0.27713390993277265,0.8450000000000001,0.0,0.0,3.8260844419923092,0.03,0.03,0.15,0.4577635085202574,1.1947763885706275,False
R
0.0,0.0,0.0,0.0,0.0,0.0,1.0
S
8
torso_lift_joint,0
r_shoulder_pan_joint,-1.69017
r_shoulder_lift_joint,-0.0788625
r_upper_arm_roll_joint,-1.69017
r_elbow_flex_joint,-1.2717
r_forearm_roll_joint,-0.151824
r_wrist_flex_joint,-1.25254
r_wrist_roll_joint,0.675062
G
0.60062,-0.669847,0.845,0.0736355,-0,0
ooi
6
A
300
0.310248,-0.673113
0.311799,-0.673328
0.31335,-0.673543
0.314901,-0.673759
0.316452,-0.673974
0.318003,-0.674189
0.319554,-0.674404
0.321105,-0.674619
0.322656,-0.674834
0.324208,-0.67505
0.325759,-0.675265
0.32731,-0.67548
0.328861,-0.675695
0.330412,-0.67591
0.331963,-0.676125
0.333514,-0.676341
0.335065,-0.676556
0.336616,-0.676771
0.338167,-0.676986
0.339718,-0.677201
0.341269,-0.677417
0.34282,-0.677632
0.344371,-0.677847
0.345922,-0.678062
0.347473,-0.678277
0.349024,-0.678492
0.350575,-0.678708
0.352126,-0.678923
0.353677,-0.679138
0.355228,-0.679353
0.356779,-0.679568
0.35833,-0.679783
0.359881,-0.679999
0.361432,-0.680214
0.362984,-0.680429
0.364535,-0.680644
0.366086,-0.680859
0.367637,-0.681074
0.369188,-0.68129
0.370739,-0.681505
0.37229,-0.68172
0.373841,-0.681935
0.375392,-0.68215
0.376943,-0.682365
0.378494,-0.682581
0.380045,-0.682796
0.381596,-0.683011
0.383147,-0.683226
0.384698,-0.683441
0.386249,-0.683657
0.3878,-0.683872
0.389351,-0.684087
0.390902,-0.684302
0.392453,-0.684517
0.394004,-0.684732
0.395555,-0.684948
0.397106,-0.685163
0.398657,-0.685378
0.400208,-0.685593
0.401759,-0.685808
0.403311,-0.686023
0.404862,-0.686239
0.406413,-0.686454
0.407964,-0.686669
0.409515,-0.686884
0.411066,-0.687099
0.412617,-0.687314
0.414168,-0.68753
0.415719,-0.687745
0.41727,-0.68796
0.418821,-0.688175
0.420372,-0.68839
0.421923,-0.688605
0.423474,-0.688821
0.425025,-0.689036
0.426576,-0.689251
0.428127,-0.689466
0.429678,-0.689681
0.431229,-0.689897
0.43278,-0.690112
0.434331,-0.690327
0.435882,-0.690542
0.437433,-0.690757
0.438984,-0.690972
0.440535,-0.691188
0.442087,-0.691403
0.443638,-0.691618
0.445189,-0.691833
0.44674,-0.692048
0.448291,-0.692263
0.449842,-0.692479
0.451393,-0.692694
0.452944,-0.692909
0.454495,-0.693124
0.456046,-0.693339
0.457597,-0.693554
0.459148,-0.69377
0.460699,-0.693985
0.46225,-0.6942
0.463801,-0.694415
0.465352,-0.69463
0.466903,-0.694845
0.468454,-0.695061
0.470005,-0.695276
0.471556,-0.695491
0.473107,-0.695706
0.474658,-0.695921
0.476209,-0.696137
0.47776,-0.696352
0.479311,-0.696567
0.480863,-0.696782
0.482414,-0.696997
0.483965,-0.697212
0.485516,-0.697428
0.487067,-0.697643
0.488618,-0.697858
0.490169,-0.698073
0.49172,-0.698288
0.493271,-0.698503
0.494822,-0.698719
0.496373,-0.698934
0.497924,-0.699149
0.499475,-0.699364
0.501026,-0.699579
0.502577,-0.699794
0.504128,-0.70001
0.505679,-0.700225
0.50723,-0.70044
0.508781,-0.700655
0.510332,-0.70087
0.511883,-0.701085
0.513434,-0.701301
0.514985,-0.701516
0.516536,-0.701731
0.518087,-0.701946
0.519638,-0.702161
0.52119,-0.702377
0.522741,-0.702592
0.524292,-0.702807
0.525843,-0.703022
0.527394,-0.703237
0.528945,-0.703452
0.530496,-0.703668
0.532047,-0.703883
0.533598,-0.704098
0.535149,-0.704313
0.5367,-0.704528
0.538251,-0.704743
0.539802,-0.704959
0.541353,-0.705174
0.542904,-0.705389
0.543291,-0.70515
0.543679,-0.704912
0.544066,-0.704673
0.544453,-0.704435
0.544841,-0.704196
0.545228,-0.703958
0.545616,-0.703719
0.546003,-0.703481
0.54639,-0.703242
0.546778,-0.703004
0.547165,-0.702765
0.547552,-0.702527
0.54794,-0.702288
0.548327,-0.702049
0.548714,-0.701811
0.549102,-0.701572
0.549489,-0.701334
0.549876,-0.701095
0.550264,-0.700857
0.550651,-0.700618
0.551038,-0.70038
0.551426,-0.700141
0.551813,-0.699903
0.552201,-0.699664
0.552588,-0.699426
0.552975,-0.699187
0.553363,-0.698948
0.55375,-0.69871
0.554137,-0.698471
0.554525,-0.698233
0.554912,-0.697994
0.555299,-0.697756
0.555687,-0.697517
0.556074,-0.697279
0.556461,-0.69704
0.556849,-0.696802
0.557236,-0.696563
0.557624,-0.696325
0.558011,-0.696086
0.558398,-0.695848
0.558786,-0.695609
0.559173,-0.69537
0.55956,-0.695132
0.559948,-0.694893
0.560335,-0.694655
0.560722,-0.694416
0.56111,-0.694178
0.561497,-0.693939
0.561884,-0.693701
0.562272,-0.693462
0.562659,-0.693224
0.563046,-0.692985
0.563434,-0.692747
0.563821,-0.692508
0.564209,-0.69227
0.564596,-0.692031
0.564983,-0.691792
0.565371,-0.691554
0.565758,-0.691315
0.566145,-0.691077
0.566533,-0.690838
0.56692,-0.6906
0.567307,-0.690361
0.567695,-0.690123
0.568082,-0.689884
0.568469,-0.689646
0.568857,-0.689407
0.569244,-0.689169
0.569631,-0.68893
0.570019,-0.688692
0.570406,-0.688453
0.570794,-0.688214
0.571181,-0.687976
0.571568,-0.687737
0.571956,-0.687499
0.572343,-0.68726
0.57273,-0.687022
0.573118,-0.686783
0.573505,-0.686545
0.573892,-0.686306
0.57428,-0.686068
0.574667,-0.685829
0.575054,-0.685591
0.575442,-0.685352
0.575829,-0.685114
0.576216,-0.684875
0.576604,-0.684636
0.576991,-0.684398
0.577379,-0.684159
0.577766,-0.683921
0.578153,-0.683682
0.578541,-0.683444
0.578928,-0.683205
0.579315,-0.682967
0.579703,-0.682728
0.58009,-0.68249
0.580477,-0.682251
0.580865,-0.682013
0.581252,-0.681774
0.581639,-0.681535
0.582027,-0.681297
0.582414,-0.681058
0.582801,-0.68082
0.583189,-0.680581
0.583576,-0.680343
0.583964,-0.680104
0.584351,-0.679866
0.584738,-0.679627
0.585126,-0.679389
0.585513,-0.67915
0.5859,-0.678912
0.586288,-0.678673
0.586675,-0.678435
0.587062,-0.678196
0.58745,-0.677957
0.587837,-0.677719
0.588224,-0.67748
0.588612,-0.677242
0.588999,-0.677003
0.589386,-0.676765
0.589774,-0.676526
0.590161,-0.676288
0.590549,-0.676049
0.590936,-0.675811
0.591323,-0.675572
0.591711,-0.675334
0.592098,-0.675095
0.592485,-0.674857
0.592873,-0.674618
0.59326,-0.674379
0.593647,-0.674141
0.594035,-0.673902
0.594422,-0.673664
0.594809,-0.673425
0.595197,-0.673187
0.595584,-0.672948
0.595971,-0.67271
0.596359,-0.672471
0.596746,-0.672233
0.597134,-0.671994
0.597521,-0.671756
0.597908,-0.671517
0.598296,-0.671279
0.598683,-0.67104
0.59907,-0.670801
0.599458,-0.670563
0.599845,-0.670324
0.600232,-0.670086
0.60062,-0.669847
