O
10
1,0,-1,0.78,-0.5,0.75,0.0,0.0,0.0,0.3,0.4,0.02,0,0.8,False
2,0,-1,1.1,-0.5,0.93,0.0,0.0,0.0,0.02,0.4,0.2,0,0.8,False
3,0,-1,0.78,-0.5,1.11,0.0,0.0,0.0,0.3,0.4,0.02,0,0.8,False
4,0,-1,0.8,-0.92,0.93,0.0,0.0,0.0,0.32,0.02,0.2,0,0.8,False
5,0,-1,0.8,-0.08,0.93,0.0,0.0,0.0,0.32,0.02,0.2,0,0.8,False
6,0,0,0.987482618953637,-0.7599572248287148,0.8896344396985485,0.0,0.0,5.10297510516157,0.05989650929642392,0.03,0.11963443969854848,0.4665427685367753,0.8198195415899219,False
7,0,0,0.8634453335548398,-0.1486301358329588,0.86,0.0,0.0,4.6847569089992,0.0346463586229296,0.03,0.09,0.41831877726384714,0.8932377530448564,False
8,2,0,0.6250322231148453,-0.519552995898896,0.8680573593565225,0.0,0.0,1.5364242664739318,0.03,0.03,0.19611471871304495,0.20480842025896367,1.1623539763636501,False
9,0,0,0.6081590758329336,-0.19620872432242253,0.86,0.0,0.0,3.898217414026185,0.05883702737706301,0.03,0.09,0.2109954468964006,0.8787906110761076,False
10,2,0,0.8517908332316442,-0.8300056432801244,0.8450000000000001,0.0,0.0,5.451261825027337,0.03,0.03,0.15,0.15191023270170428,0.9835257813807251,False
R
0.0,0.0,0.0,0.0,0.0,0.0,1.0
S
8
torso_lift_joint,0
r_shoulder_pan_joint,-1.69017
r_shoulder_lift_joint,-0.0788625
r_upper_arm_roll_joint,-1.69017
r_elbow_flex_joint,-1.2717
r_forearm_roll_joint,-0.151824
r_wrist_flex_joint,-1.25254
r_wrist_roll_joint,0.675062
G
0.551565,-0.53464,0.868057,0.202537,-0,0
ooi
8
A
599
0.310248,-0.673113
0.3099,-0.674157
0.309551,-0.675201
0.309202,-0.676245
0.308853,-0.677289
0.308505,-0.678333
0.308156,-0.679377
0.307807,-0.680421
0.307459,-0.681465
0.30711,-0.682509
0.306761,-0.683553
0.306413,-0.684597
0.306064,-0.685641
0.305715,-0.686685
0.305367,-0.687729
0.305018,-0.688773
0.304669,-0.689817
0.304321,-0.690861
0.303972,-0.691905
0.303623,-0.692949
0.303275,-0.693993
0.302926,-0.695037
0.302577,-0.696081
0.302229,-0.697125
0.30188,-0.698169
0.301531,-0.699213
0.301183,-0.700257
0.300834,-0.701301
0.300485,-0.702345
0.300137,-0.703389
0.299788,-0.704433
0.299439,-0.705477
0.299091,-0.706521
0.298742,-0.707565
0.298393,-0.708609
0.298045,-0.709653
0.297696,-0.710697
0.297347,-0.711741
0.296999,-0.712785
0.29665,-0.713829
0.296301,-0.714873
0.295953,-0.715917
0.295604,-0.716961
0.295255,-0.718005
0.294907,-0.719049
0.294558,-0.720093
0.294209,-0.721137
0.293861,-0.722181
0.293512,-0.723225
0.293163,-0.724269
0.292815,-0.725313
0.292466,-0.726357
0.292117,-0.727401
0.291769,-0.728445
0.29142,-0.729489
0.291071,-0.730533
0.290723,-0.731577
0.290374,-0.732621
0.290025,-0.733665
0.289677,-0.734709
0.289328,-0.735753
0.288979,-0.736797
0.288631,-0.737841
0.288282,-0.738885
0.287933,-0.739929
0.287585,-0.740973
0.287236,-0.742017
0.286887,-0.743061
0.286539,-0.744106
0.28619,-0.74515
0.285841,-0.746194
0.285493,-0.747238
0.285144,-0.748282
0.284795,-0.749326
0.284447,-0.75037
0.284098,-0.751414
0.283749,-0.752458
0.283401,-0.753502
0.283052,-0.754546
0.282703,-0.75559
0.282355,-0.756634
0.282006,-0.757678
0.281657,-0.758722
0.281309,-0.759766
0.28096,-0.76081
0.280611,-0.761854
0.280263,-0.762898
0.279914,-0.763942
0.279565,-0.764986
0.279217,-0.76603
0.278868,-0.767074
0.278519,-0.768118
0.27817,-0.769162
0.277822,-0.770206
0.277473,-0.77125
0.277124,-0.772294
0.276776,-0.773338
0.276427,-0.774382
0.276078,-0.775426
0.27573,-0.77647
0.275381,-0.777514
0.275032,-0.778558
0.274684,-0.779602
0.274335,-0.780646
0.273986,-0.78169
0.273638,-0.782734
0.273289,-0.783778
0.27294,-0.784822
0.272592,-0.785866
0.272243,-0.78691
0.271894,-0.787954
0.271546,-0.788998
0.271197,-0.790042
0.270848,-0.791086
0.2705,-0.79213
0.270151,-0.793174
0.269802,-0.794218
0.269454,-0.795262
0.269105,-0.796306
0.268756,-0.79735
0.268408,-0.798394
0.268059,-0.799438
0.26771,-0.800482
0.267362,-0.801526
0.267013,-0.80257
0.266664,-0.803614
0.266316,-0.804658
0.265967,-0.805702
0.265618,-0.806746
0.26527,-0.80779
0.264921,-0.808834
0.264572,-0.809878
0.264224,-0.810922
0.263875,-0.811966
0.263526,-0.81301
0.263178,-0.814054
0.262829,-0.815098
0.26248,-0.816142
0.262132,-0.817186
0.261783,-0.81823
0.261434,-0.819274
0.261086,-0.820318
0.260737,-0.821362
0.260388,-0.822406
0.26004,-0.82345
0.259691,-0.824494
0.259342,-0.825538
0.258994,-0.826582
0.258645,-0.827626
0.258296,-0.82867
0.257948,-0.829714
0.258203,-0.829149
0.258458,-0.828584
0.258714,-0.828019
0.258969,-0.827453
0.259224,-0.826888
0.259479,-0.826323
0.259735,-0.825758
0.25999,-0.825193
0.260245,-0.824628
0.260501,-0.824063
0.260756,-0.823497
0.261011,-0.822932
0.261267,-0.822367
0.261522,-0.821802
0.261777,-0.821237
0.262032,-0.820672
0.262288,-0.820106
0.262543,-0.819541
0.262798,-0.818976
0.263054,-0.818411
0.263309,-0.817846
0.263564,-0.817281
0.26382,-0.816716
0.264075,-0.81615
0.26433,-0.815585
0.264585,-0.81502
0.264841,-0.814455
0.265096,-0.81389
0.265351,-0.813325
0.265607,-0.81276
0.265862,-0.812194
0.266117,-0.811629
0.266373,-0.811064
0.266628,-0.810499
0.266883,-0.809934
0.267138,-0.809369
0.267394,-0.808804
0.267649,-0.808238
0.267904,-0.807673
0.26816,-0.807108
0.268415,-0.806543
0.26867,-0.805978
0.268926,-0.805413
0.269181,-0.804847
0.269436,-0.804282
0.269691,-0.803717
0.269947,-0.803152
0.270202,-0.802587
0.270457,-0.802022
0.270713,-0.801457
0.270968,-0.800891
0.271223,-0.800326
0.271479,-0.799761
0.271734,-0.799196
0.271989,-0.798631
0.272244,-0.798066
0.2725,-0.797501
0.272755,-0.796935
0.27301,-0.79637
0.273266,-0.795805
0.273521,-0.79524
0.273776,-0.794675
0.274032,-0.79411
0.274287,-0.793544
0.274542,-0.792979
0.274797,-0.792414
0.275053,-0.791849
0.275308,-0.791284
0.275563,-0.790719
0.275819,-0.790154
0.276074,-0.789588
0.276329,-0.789023
0.276585,-0.788458
0.27684,-0.787893
0.277095,-0.787328
0.27735,-0.786763
0.277606,-0.786198
0.277861,-0.785632
0.278116,-0.785067
0.278372,-0.784502
0.278627,-0.783937
0.278882,-0.783372
0.279137,-0.782807
0.279393,-0.782242
0.279648,-0.781676
0.279903,-0.781111
0.280159,-0.780546
0.280414,-0.779981
0.280669,-0.779416
0.280925,-0.778851
0.28118,-0.778285
0.281435,-0.77772
0.28169,-0.777155
0.281946,-0.77659
0.282201,-0.776025
0.282456,-0.77546
0.282712,-0.774895
0.282967,-0.774329
0.283222,-0.773764
0.283478,-0.773199
0.283733,-0.772634
0.283988,-0.772069
0.284243,-0.771504
0.284499,-0.770939
0.284754,-0.770373
0.285009,-0.769808
0.285265,-0.769243
0.28552,-0.768678
0.285775,-0.768113
0.286031,-0.767548
0.286286,-0.766982
0.286541,-0.766417
0.286796,-0.765852
0.287052,-0.765287
0.287307,-0.764722
0.287562,-0.764157
0.287818,-0.763592
0.288073,-0.763026
0.288328,-0.762461
0.288584,-0.761896
0.288839,-0.761331
0.289094,-0.760766
0.289349,-0.760201
0.289605,-0.759636
0.28986,-0.75907
0.290115,-0.758505
0.290371,-0.75794
0.290626,-0.757375
0.290881,-0.75681
0.291137,-0.756245
0.291392,-0.75568
0.291647,-0.755114
0.291902,-0.754549
0.292158,-0.753984
0.292413,-0.753419
0.292668,-0.752854
0.292924,-0.752289
0.293179,-0.751723
0.293434,-0.751158
0.29369,-0.750593
0.293945,-0.750028
0.2942,-0.749463
0.294455,-0.748898
0.294711,-0.748333
0.294966,-0.747767
0.295221,-0.747202
0.295477,-0.746637
0.295732,-0.746072
0.295987,-0.745507
0.297254,-0.745406
0.29852,-0.745306
0.299787,-0.745205
0.301054,-0.745105
0.30232,-0.745004
0.303587,-0.744904
0.304853,-0.744803
0.30612,-0.744703
0.307386,-0.744602
0.308653,-0.744502
0.30992,-0.744401
0.311186,-0.7443
0.312453,-0.7442
0.313719,-0.744099
0.314986,-0.743999
0.316252,-0.743898
0.317519,-0.743798
0.318786,-0.743697
0.320052,-0.743597
0.321319,-0.743496
0.322585,-0.743396
0.323852,-0.743295
0.325118,-0.743195
0.326385,-0.743094
0.327652,-0.742993
0.328918,-0.742893
0.330185,-0.742792
0.331451,-0.742692
0.332718,-0.742591
0.333985,-0.742491
0.335251,-0.74239
0.336518,-0.74229
0.337784,-0.742189
0.339051,-0.742089
0.340317,-0.741988
0.341584,-0.741888
0.342851,-0.741787
0.344117,-0.741687
0.345384,-0.741586
0.34665,-0.741485
0.347917,-0.741385
0.349183,-0.741284
0.35045,-0.741184
0.351717,-0.741083
0.352983,-0.740983
0.35425,-0.740882
0.355516,-0.740782
0.356783,-0.740681
0.358049,-0.740581
0.359316,-0.74048
0.360583,-0.74038
0.361849,-0.740279
0.363116,-0.740179
0.364382,-0.740078
0.365649,-0.739977
0.366915,-0.739877
0.368182,-0.739776
0.369449,-0.739676
0.370715,-0.739575
0.371982,-0.739475
0.373248,-0.739374
0.374515,-0.739274
0.375781,-0.739173
0.377048,-0.739073
0.378315,-0.738972
0.379581,-0.738872
0.380848,-0.738771
0.382114,-0.738671
0.383381,-0.73857
0.384647,-0.738469
0.385914,-0.738369
0.387181,-0.738268
0.388447,-0.738168
0.389714,-0.738067
0.39098,-0.737967
0.392247,-0.737866
0.393513,-0.737766
0.39478,-0.737665
0.396047,-0.737565
0.397313,-0.737464
0.39858,-0.737364
0.399846,-0.737263
0.401113,-0.737163
0.40238,-0.737062
0.403646,-0.736961
0.404913,-0.736861
0.406179,-0.73676
0.407446,-0.73666
0.408712,-0.736559
0.409979,-0.736459
0.411246,-0.736358
0.412512,-0.736258
0.413779,-0.736157
0.415045,-0.736057
0.416312,-0.735956
0.417578,-0.735856
0.418845,-0.735755
0.420112,-0.735654
0.421378,-0.735554
0.422645,-0.735453
0.423911,-0.735353
0.425178,-0.735252
0.426444,-0.735152
0.427711,-0.735051
0.428978,-0.734951
0.430244,-0.73485
0.431511,-0.73475
0.432777,-0.734649
0.434044,-0.734549
0.43531,-0.734448
0.436577,-0.734348
0.437844,-0.734247
0.43911,-0.734146
0.440377,-0.734046
0.441643,-0.733945
0.44291,-0.733845
0.444176,-0.733744
0.445443,-0.733644
0.44671,-0.733543
0.447976,-0.733443
0.449243,-0.733342
0.450509,-0.733242
0.451776,-0.733141
0.453042,-0.733041
0.454309,-0.73294
0.455576,-0.73284
0.456842,-0.732739
0.458109,-0.732638
0.459375,-0.732538
0.460642,-0.732437
0.461909,-0.732337
0.463175,-0.732236
0.464442,-0.732136
0.465708,-0.732035
0.466975,-0.731935
0.468241,-0.731834
0.469508,-0.731734
0.470775,-0.731633
0.472041,-0.731533
0.473308,-0.731432
0.474574,-0.731332
0.475841,-0.731231
0.477107,-0.73113
0.478374,-0.73103
0.479641,-0.730929
0.480907,-0.730829
0.482174,-0.730728
0.48344,-0.730628
0.484707,-0.730527
0.485973,-0.730427
0.486414,-0.729113
0.486854,-0.727799
0.487294,-0.726485
0.487734,-0.725171
0.488174,-0.723857
0.488615,-0.722543
0.489055,-0.721229
0.489495,-0.719915
0.489935,-0.718601
0.490376,-0.717287
0.490816,-0.715973
0.491256,-0.714659
0.491696,-0.713345
0.492136,-0.712031
0.492577,-0.710717
0.493017,-0.709403
0.493457,-0.708089
0.493897,-0.706775
0.494337,-0.705461
0.494778,-0.704147
0.495218,-0.702833
0.495658,-0.701519
0.496098,-0.700205
0.496539,-0.698891
0.496979,-0.697577
0.497419,-0.696263
0.497859,-0.694949
0.498299,-0.693635
0.49874,-0.692321
0.49918,-0.691007
0.49962,-0.689692
0.50006,-0.688378
0.5005,-0.687064
0.500941,-0.68575
0.501381,-0.684436
0.501821,-0.683122
0.502261,-0.681808
0.502702,-0.680494
0.503142,-0.67918
0.503582,-0.677866
0.504022,-0.676552
0.504462,-0.675238
0.504903,-0.673924
0.505343,-0.67261
0.505783,-0.671296
0.506223,-0.669982
0.506663,-0.668668
0.507104,-0.667354
0.507544,-0.66604
0.507984,-0.664726
0.508424,-0.663412
0.508865,-0.662098
0.509305,-0.660784
0.509745,-0.65947
0.510185,-0.658156
0.510625,-0.656842
0.511066,-0.655528
0.511506,-0.654214
0.511946,-0.6529
0.512386,-0.651586
0.512826,-0.650272
0.513267,-0.648958
0.513707,-0.647644
0.514147,-0.64633
0.514587,-0.645016
0.515028,-0.643702
0.515468,-0.642388
0.515908,-0.641074
0.516348,-0.63976
0.516788,-0.638446
0.517229,-0.637132
0.517669,-0.635818
0.518109,-0.634504
0.518549,-0.63319
0.518989,-0.631876
0.51943,-0.630562
0.51987,-0.629248
0.52031,-0.627934
0.52075,-0.62662
0.521191,-0.625306
0.521631,-0.623992
0.522071,-0.622678
0.522511,-0.621364
0.522951,-0.62005
0.523392,-0.618736
0.523832,-0.617422
0.524272,-0.616108
0.524712,-0.614794
0.525152,-0.61348
0.525593,-0.612166
0.526033,-0.610852
0.526473,-0.609538
0.526913,-0.608224
0.527354,-0.60691
0.527794,-0.605596
0.528234,-0.604282
0.528674,-0.602968
0.529114,-0.601654
0.529555,-0.60034
0.529995,-0.599026
0.530435,-0.597712
0.530875,-0.596398
0.531315,-0.595084
0.531756,-0.59377
0.532196,-0.592456
0.532636,-0.591142
0.533076,-0.589828
0.533517,-0.588514
0.533957,-0.5872
0.534397,-0.585886
0.534837,-0.584572
0.535277,-0.583258
0.535718,-0.581944
0.536158,-0.58063
0.536598,-0.579316
0.537038,-0.578002
0.537478,-0.576688
0.537919,-0.575374
0.538359,-0.57406
0.538799,-0.572746
0.539239,-0.571432
0.539679,-0.570118
0.54012,-0.568804
0.54056,-0.56749
0.541,-0.566176
0.54144,-0.564862
0.541881,-0.563548
0.542321,-0.562234
0.542761,-0.56092
0.543201,-0.559606
0.543641,-0.558292
0.544082,-0.556978
0.544522,-0.555664
0.544962,-0.55435
0.545402,-0.553036
0.545842,-0.551722
0.546283,-0.550408
0.546723,-0.549094
0.547163,-0.54778
0.547603,-0.546466
0.548044,-0.545152
0.548484,-0.543838
0.548924,-0.542524
0.549364,-0.54121
0.549804,-0.539896
0.550245,-0.538582
0.550685,-0.537268
0.551125,-0.535954
0.551565,-0.53464
