O
10
1,0,-1,0.78,-0.5,0.75,0.0,0.0,0.0,0.3,0.4,0.02,0,0.8,False
2,0,-1,1.1,-0.5,0.93,0.0,0.0,0.0,0.02,0.4,0.2,0,0.8,False
3,0,-1,0.78,-0.5,1.11,0.0,0.0,0.0,0.3,0.4,0.02,0,0.8,False
4,0,-1,0.8,-0.92,0.93,0.0,0.0,0.0,0.32,0.02,0.2,0,0.8,False
5,0,-1,0.8,-0.08,0.93,0.0,0.0,0.0,0.32,0.02,0.2,0,0.8,False
6,2,0,0.6627250047523252,-0.7377927043760771,0.8638207576084147,0.0,0.0,3.5840217915853714,0.03,0.03,0.18764151521682942,0.40950674920505636,0.9674414488454963,False
7,2,0,0.9040346345604542,-0.3777187639112806,0.8450000000000001,0.0,0.0,5.451118249428256,0.03,0.03,0.15,0.06913008830303208,1.0898727752824764,False
8,0,0,0.6652236198499064,-0.28108458960659155,0.86,0.0,0.0,3.2009064907779674,0.07459860410790664,0.05358855804342464,0.09,0.3840663879968525,0.8939329310565088,False
9,0,0,0.5938271102973313,-0.5624820517368744,0.86,0.0,0.0,2.8943767384906973,0.0581849935699815,0.037055098406234756,0.09,0.20539037949011868,0.8789804778384094,False
10,0,0,0.969375682189973,-0.24390370300753406,0.86,0.0,0.0,4.049832859695843,0.03,0.06284652712915825,0.09,0.4463994438081863,1.164066917197358,False
R
0.0,0.0,0.0,0.0,0.0,0.0,1.0
S
8
torso_lift_joint,0
r_shoulder_pan_joint,-1.69017
r_shoulder_lift_joint,-0.0788625
r_upper_arm_roll_joint,-1.69017
r_elbow_flex_joint,-1.2717
r_forearm_roll_joint,-0.151824
r_wrist_flex_joint,-1.25254
r_wrist_roll_joint,0.675062
G
0.587963,-0.743767,0.863821,0.0797415,-0,0
ooi
6
A
599
0.310248,-0.673113
0.310295,-0.673267
0.310342,-0.673422
0.310389,-0.673576
0.310436,-0.67373
0.310483,-0.673885
0.31053,-0.674039
0.310577,-0.674193
0.310624,-0.674347
0.310671,-0.674502
0.310718,-0.674656
0.310765,-0.67481
0.310812,-0.674965
0.310859,-0.675119
0.310906,-0.675273
0.310953,-0.675427
0.311,-0.675582
0.311047,-0.675736
0.311094,-0.67589
0.311141,-0.676045
0.311188,-0.676199
0.311235,-0.676353
0.311282,-0.676507
0.311329,-0.676662
0.311376,-0.676816
0.311423,-0.67697
0.31147,-0.677125
0.311517,-0.677279
0.311564,-0.677433
0.311611,-0.677588
0.311658,-0.677742
0.311705,-0.677896
0.311752,-0.67805
0.311799,-0.678205
0.311846,-0.678359
0.311893,-0.678513
0.31194,-0.678668
0.311987,-0.678822
0.312034,-0.678976
0.312081,-0.67913
0.312128,-0.679285
0.312175,-0.679439
0.312222,-0.679593
0.312269,-0.679748
0.312316,-0.679902
0.312363,-0.680056
0.31241,-0.68021
0.312457,-0.680365
0.312504,-0.680519
0.312551,-0.680673
0.312598,-0.680828
0.312645,-0.680982
0.312692,-0.681136
0.312739,-0.68129
0.312786,-0.681445
0.312832,-0.681599
0.312879,-0.681753
0.312926,-0.681908
0.312973,-0.682062
0.31302,-0.682216
0.313067,-0.682371
0.313114,-0.682525
0.313161,-0.682679
0.313208,-0.682833
0.313255,-0.682988
0.313302,-0.683142
0.313349,-0.683296
0.313396,-0.683451
0.313443,-0.683605
0.31349,-0.683759
0.313537,-0.683913
0.313584,-0.684068
0.313631,-0.684222
0.313678,-0.684376
0.313725,-0.684531
0.313772,-0.684685
0.313819,-0.684839
0.313866,-0.684993
0.313913,-0.685148
0.31396,-0.685302
0.314007,-0.685456
0.314054,-0.685611
0.314101,-0.685765
0.314148,-0.685919
0.314195,-0.686073
0.314242,-0.686228
0.314289,-0.686382
0.314336,-0.686536
0.314383,-0.686691
0.31443,-0.686845
0.314477,-0.686999
0.314524,-0.687154
0.314571,-0.687308
0.314618,-0.687462
0.314665,-0.687616
0.314712,-0.687771
0.314759,-0.687925
0.314806,-0.688079
0.314853,-0.688234
0.3149,-0.688388
0.314947,-0.688542
0.314994,-0.688696
0.315041,-0.688851
0.315088,-0.689005
0.315135,-0.689159
0.315182,-0.689314
0.315229,-0.689468
0.315276,-0.689622
0.315323,-0.689776
0.31537,-0.689931
0.315417,-0.690085
0.315464,-0.690239
0.315511,-0.690394
0.315558,-0.690548
0.315605,-0.690702
0.315652,-0.690856
0.315699,-0.691011
0.315746,-0.691165
0.315793,-0.691319
0.31584,-0.691474
0.315887,-0.691628
0.315934,-0.691782
0.315981,-0.691937
0.316028,-0.692091
0.316075,-0.692245
0.316122,-0.692399
0.316169,-0.692554
0.316216,-0.692708
0.316263,-0.692862
0.31631,-0.693017
0.316357,-0.693171
0.316404,-0.693325
0.316451,-0.693479
0.316498,-0.693634
0.316545,-0.693788
0.316592,-0.693942
0.316638,-0.694097
0.316685,-0.694251
0.316732,-0.694405
0.316779,-0.694559
0.316826,-0.694714
0.316873,-0.694868
0.31692,-0.695022
0.316967,-0.695177
0.317014,-0.695331
0.317061,-0.695485
0.317108,-0.69564
0.317155,-0.695794
0.317202,-0.695948
0.317249,-0.696102
0.317296,-0.696257
0.317577,-0.696338
0.317859,-0.696419
0.31814,-0.696499
0.318421,-0.69658
0.318702,-0.696661
0.318983,-0.696742
0.319264,-0.696823
0.319545,-0.696904
0.319826,-0.696985
0.320107,-0.697066
0.320388,-0.697147
0.32067,-0.697228
0.320951,-0.697309
0.321232,-0.69739
0.321513,-0.697471
0.321794,-0.697552
0.322075,-0.697633
0.322356,-0.697714
0.322637,-0.697795
0.322918,-0.697876
0.3232,-0.697956
0.323481,-0.698037
0.323762,-0.698118
0.324043,-0.698199
0.324324,-0.69828
0.324605,-0.698361
0.324886,-0.698442
0.325167,-0.698523
0.325448,-0.698604
0.325729,-0.698685
0.326011,-0.698766
0.326292,-0.698847
0.326573,-0.698928
0.326854,-0.699009
0.327135,-0.69909
0.327416,-0.699171
0.327697,-0.699252
0.327978,-0.699333
0.328259,-0.699413
0.328541,-0.699494
0.328822,-0.699575
0.329103,-0.699656
0.329384,-0.699737
0.329665,-0.699818
0.329946,-0.699899
0.330227,-0.69998
0.330508,-0.700061
0.330789,-0.700142
0.33107,-0.700223
0.331352,-0.700304
0.331633,-0.700385
0.331914,-0.700466
0.332195,-0.700547
0.332476,-0.700628
0.332757,-0.700709
0.333038,-0.700789
0.333319,-0.70087
0.3336,-0.700951
0.333882,-0.701032
0.334163,-0.701113
0.334444,-0.701194
0.334725,-0.701275
0.335006,-0.701356
0.335287,-0.701437
0.335568,-0.701518
0.335849,-0.701599
0.33613,-0.70168
0.336411,-0.701761
0.336693,-0.701842
0.336974,-0.701923
0.337255,-0.702004
0.337536,-0.702085
0.337817,-0.702166
0.338098,-0.702246
0.338379,-0.702327
0.33866,-0.702408
0.338941,-0.702489
0.339222,-0.70257
0.339504,-0.702651
0.339785,-0.702732
0.340066,-0.702813
0.340347,-0.702894
0.340628,-0.702975
0.340909,-0.703056
0.34119,-0.703137
0.341471,-0.703218
0.341752,-0.703299
0.342034,-0.70338
0.342315,-0.703461
0.342596,-0.703542
0.342877,-0.703622
0.343158,-0.703703
0.343439,-0.703784
0.34372,-0.703865
0.344001,-0.703946
0.344282,-0.704027
0.344563,-0.704108
0.344845,-0.704189
0.345126,-0.70427
0.345407,-0.704351
0.345688,-0.704432
0.345969,-0.704513
0.34625,-0.704594
0.346531,-0.704675
0.346812,-0.704756
0.347093,-0.704837
0.347375,-0.704918
0.347656,-0.704999
0.347937,-0.705079
0.348218,-0.70516
0.348499,-0.705241
0.34878,-0.705322
0.349061,-0.705403
0.349342,-0.705484
0.349623,-0.705565
0.349904,-0.705646
0.350186,-0.705727
0.350467,-0.705808
0.350748,-0.705889
0.351029,-0.70597
0.35131,-0.706051
0.351591,-0.706132
0.351872,-0.706213
0.352153,-0.706294
0.352434,-0.706375
0.352716,-0.706456
0.352997,-0.706536
0.353278,-0.706617
0.353559,-0.706698
0.35384,-0.706779
0.354121,-0.70686
0.354402,-0.706941
0.354683,-0.707022
0.354964,-0.707103
0.355245,-0.707184
0.355527,-0.707265
0.355808,-0.707346
0.356089,-0.707427
0.35637,-0.707508
0.356651,-0.707589
0.356932,-0.70767
0.357213,-0.707751
0.357494,-0.707832
0.357775,-0.707912
0.358057,-0.707993
0.358338,-0.708074
0.358619,-0.708155
0.3589,-0.708236
0.359181,-0.708317
0.359692,-0.708559
0.360203,-0.708801
0.360714,-0.709044
0.361224,-0.709286
0.361735,-0.709528
0.362246,-0.70977
0.362757,-0.710012
0.363268,-0.710254
0.363779,-0.710496
0.364289,-0.710738
0.3648,-0.71098
0.365311,-0.711223
0.365822,-0.711465
0.366333,-0.711707
0.366844,-0.711949
0.367355,-0.712191
0.367865,-0.712433
0.368376,-0.712675
0.368887,-0.712917
0.369398,-0.71316
0.369909,-0.713402
0.37042,-0.713644
0.370931,-0.713886
0.371441,-0.714128
0.371952,-0.71437
0.372463,-0.714612
0.372974,-0.714854
0.373485,-0.715096
0.373996,-0.715339
0.374507,-0.715581
0.375017,-0.715823
0.375528,-0.716065
0.376039,-0.716307
0.37655,-0.716549
0.377061,-0.716791
0.377572,-0.717033
0.378083,-0.717275
0.378593,-0.717518
0.379104,-0.71776
0.379615,-0.718002
0.380126,-0.718244
0.380637,-0.718486
0.381148,-0.718728
0.381659,-0.71897
0.382169,-0.719212
0.38268,-0.719455
0.383191,-0.719697
0.383702,-0.719939
0.384213,-0.720181
0.384724,-0.720423
0.385235,-0.720665
0.385745,-0.720907
0.386256,-0.721149
0.386767,-0.721391
0.387278,-0.721634
0.387789,-0.721876
0.3883,-0.722118
0.388811,-0.72236
0.389321,-0.722602
0.389832,-0.722844
0.390343,-0.723086
0.390854,-0.723328
0.391365,-0.72357
0.391876,-0.723813
0.392387,-0.724055
0.392897,-0.724297
0.393408,-0.724539
0.393919,-0.724781
0.39443,-0.725023
0.394941,-0.725265
0.395452,-0.725507
0.395963,-0.72575
0.396473,-0.725992
0.396984,-0.726234
0.397495,-0.726476
0.398006,-0.726718
0.398517,-0.72696
0.399028,-0.727202
0.399539,-0.727444
0.400049,-0.727686
0.40056,-0.727929
0.401071,-0.728171
0.401582,-0.728413
0.402093,-0.728655
0.402604,-0.728897
0.403114,-0.729139
0.403625,-0.729381
0.404136,-0.729623
0.404647,-0.729866
0.405158,-0.730108
0.405669,-0.73035
0.40618,-0.730592
0.40669,-0.730834
0.407201,-0.731076
0.407712,-0.731318
0.408223,-0.73156
0.408734,-0.731802
0.409245,-0.732045
0.409756,-0.732287
0.410266,-0.732529
0.410777,-0.732771
0.411288,-0.733013
0.411799,-0.733255
0.41231,-0.733497
0.412821,-0.733739
0.413332,-0.733981
0.413842,-0.734224
0.414353,-0.734466
0.414864,-0.734708
0.415375,-0.73495
0.415886,-0.735192
0.416397,-0.735434
0.416908,-0.735676
0.417418,-0.735918
0.417929,-0.736161
0.41844,-0.736403
0.418951,-0.736645
0.419462,-0.736887
0.419973,-0.737129
0.420484,-0.737371
0.420994,-0.737613
0.421505,-0.737855
0.422016,-0.738097
0.422527,-0.73834
0.423038,-0.738582
0.423549,-0.738824
0.42406,-0.739066
0.42457,-0.739308
0.425081,-0.73955
0.425592,-0.739792
0.426103,-0.740034
0.426614,-0.740276
0.427125,-0.740519
0.427636,-0.740761
0.428146,-0.741003
0.428657,-0.741245
0.429168,-0.741487
0.429679,-0.741729
0.43019,-0.741971
0.430701,-0.742213
0.431212,-0.742456
0.431722,-0.742698
0.432233,-0.74294
0.432744,-0.743182
0.433255,-0.743424
0.433766,-0.743666
0.434277,-0.743908
0.434788,-0.74415
0.435298,-0.744392
0.435809,-0.744635
0.43683,-0.744629
0.437852,-0.744623
0.438873,-0.744617
0.439894,-0.744611
0.440915,-0.744605
0.441936,-0.7446
0.442957,-0.744594
0.443979,-0.744588
0.445,-0.744582
0.446021,-0.744576
0.447042,-0.744571
0.448063,-0.744565
0.449084,-0.744559
0.450106,-0.744553
0.451127,-0.744547
0.452148,-0.744541
0.453169,-0.744536
0.45419,-0.74453
0.455211,-0.744524
0.456233,-0.744518
0.457254,-0.744512
0.458275,-0.744506
0.459296,-0.744501
0.460317,-0.744495
0.461338,-0.744489
0.46236,-0.744483
0.463381,-0.744477
0.464402,-0.744472
0.465423,-0.744466
0.466444,-0.74446
0.467465,-0.744454
0.468487,-0.744448
0.469508,-0.744442
0.470529,-0.744437
0.47155,-0.744431
0.472571,-0.744425
0.473592,-0.744419
0.474614,-0.744413
0.475635,-0.744407
0.476656,-0.744402
0.477677,-0.744396
0.478698,-0.74439
0.479719,-0.744384
0.480741,-0.744378
0.481762,-0.744373
0.482783,-0.744367
0.483804,-0.744361
0.484825,-0.744355
0.485846,-0.744349
0.486868,-0.744343
0.487889,-0.744338
0.48891,-0.744332
0.489931,-0.744326
0.490952,-0.74432
0.491973,-0.744314
0.492995,-0.744308
0.494016,-0.744303
0.495037,-0.744297
0.496058,-0.744291
0.497079,-0.744285
0.498101,-0.744279
0.499122,-0.744274
0.500143,-0.744268
0.501164,-0.744262
0.502185,-0.744256
0.503206,-0.74425
0.504228,-0.744244
0.505249,-0.744239
0.50627,-0.744233
0.507291,-0.744227
0.508312,-0.744221
0.509333,-0.744215
0.510355,-0.74421
0.511376,-0.744204
0.512397,-0.744198
0.513418,-0.744192
0.514439,-0.744186
0.51546,-0.74418
0.516482,-0.744175
0.517503,-0.744169
0.518524,-0.744163
0.519545,-0.744157
0.520566,-0.744151
0.521587,-0.744145
0.522609,-0.74414
0.52363,-0.744134
0.524651,-0.744128
0.525672,-0.744122
0.526693,-0.744116
0.527714,-0.744111
0.528736,-0.744105
0.529757,-0.744099
0.530778,-0.744093
0.531799,-0.744087
0.53282,-0.744081
0.533841,-0.744076
0.534863,-0.74407
0.535884,-0.744064
0.536905,-0.744058
0.537926,-0.744052
0.538947,-0.744046
0.539968,-0.744041
0.54099,-0.744035
0.542011,-0.744029
0.543032,-0.744023
0.544053,-0.744017
0.545074,-0.744012
0.546095,-0.744006
0.547117,-0.744
0.548138,-0.743994
0.549159,-0.743988
0.55018,-0.743982
0.551201,-0.743977
0.552222,-0.743971
0.553244,-0.743965
0.554265,-0.743959
0.555286,-0.743953
0.556307,-0.743947
0.557328,-0.743942
0.558349,-0.743936
0.559371,-0.74393
0.560392,-0.743924
0.561413,-0.743918
0.562434,-0.743913
0.563455,-0.743907
0.564476,-0.743901
0.565498,-0.743895
0.566519,-0.743889
0.56754,-0.743883
0.568561,-0.743878
0.569582,-0.743872
0.570603,-0.743866
0.571625,-0.74386
0.572646,-0.743854
0.573667,-0.743848
0.574688,-0.743843
0.575709,-0.743837
0.57673,-0.743831
0.577752,-0.743825
0.578773,-0.743819
0.579794,-0.743814
0.580815,-0.743808
0.581836,-0.743802
0.582857,-0.743796
0.583879,-0.74379
0.5849,-0.743784
0.585921,-0.743779
0.586942,-0.743773
0.587963,-0.743767
