O
10
1,0,-1,0.78,-0.5,0.75,0.0,0.0,0.0,0.3,0.4,0.02,0,0.8,False
2,0,-1,1.1,-0.5,0.93,0.0,0.0,0.0,0.02,0.4,0.2,0,0.8,False
3,0,-1,0.78,-0.5,1.11,0.0,0.0,0.0,0.3,0.4,0.02,0,0.8,False
4,0,-1,0.8,-0.92,0.93,0.0,0.0,0.0,0.32,0.02,0.2,0,0.8,False
5,0,-1,0.8,-0.08,0.93,0.0,0.0,0.0,0.32,0.02,0.2,0,0.8,False
6,2,0,0.7164889570639343,-0.7713498457621705,0.8450000000000001,0.0,0.0,5.664034735773188,0.04610215029790247,0.04610215029790247,0.15,0.0513060361120482,0.852538869899006,False
7,0,0,0.7586960291840978,-0.3740976071495623,0.86,0.0,0.0,4.227280936068554,0.051527278319470515,0.056026498128359664,0.09,0.3531450638791964,1.101927598477572,False
8,2,0,0.9438346402612562,-0.49193656515067713,0.8450000000000001,0.0,0.0,5.298322453574286,0.03654918700607643,0.03654918700607643,0.15,0.36447710233897107,0.9549997521473316,False
9,0,0,0.7129406482489488,-0.5549096348684548,0.86,0.0,0.0,2.9547197027182515,0.07887198109880168,0.04035949753577021,0.09,0.01330262841705282,1.0566105043998681,False
10,2,0,0.5435602738245857,-0.1854788573472086,0.8586945050150799,0.0,0.0,3.2638362864240404,0.030317762458548978,0.030317762458548978,0.1773890100301599,0.14400577660013564,0.9315632282761054,False
R
0.0,0.0,0.0,0.0,0.0,0.0,1.0
S
8
torso_lift_joint,0
r_shoulder_pan_joint,-1.69017
r_shoulder_lift_joint,-0.0788625
r_upper_arm_roll_joint,-1.69017
r_elbow_flex_joint,-1.2717
r_forearm_roll_joint,-0.151824
r_wrist_flex_joint,-1.25254
r_wrist_roll_joint,0.675062
G
0.591225,-0.531896,0.86,2.95472,-3.14159,3.14159
ooi
9
A
599
0.310248,-0.673113
0.310771,-0.673098
0.311295,-0.673084
0.311818,-0.673069
0.312341,-0.673054
0.312865,-0.673039
0.313388,-0.673025
0.313911,-0.67301
0.314434,-0.672995
0.314958,-0.67298
0.315481,-0.672966
0.316004,-0.672951
0.316528,-0.672936
0.317051,-0.672921
0.317574,-0.672907
0.318097,-0.672892
0.318621,-0.672877
0.319144,-0.672862
0.319667,-0.672848
0.320191,-0.672833
0.320714,-0.672818
0.321237,-0.672803
0.32176,-0.672789
0.322284,-0.672774
0.322807,-0.672759
0.32333,-0.672744
0.323854,-0.67273
0.324377,-0.672715
0.3249,-0.6727
0.325423,-0.672685
0.325947,-0.672671
0.32647,-0.672656
0.326993,-0.672641
0.327517,-0.672626
0.32804,-0.672612
0.328563,-0.672597
0.329086,-0.672582
0.32961,-0.672567
0.330133,-0.672553
0.330656,-0.672538
0.33118,-0.672523
0.331703,-0.672508
0.332226,-0.672494
0.332749,-0.672479
0.333273,-0.672464
0.333796,-0.672449
0.334319,-0.672435
0.334843,-0.67242
0.335366,-0.672405
0.335889,-0.67239
0.336412,-0.672376
0.336936,-0.672361
0.337459,-0.672346
0.337982,-0.672331
0.338505,-0.672317
0.339029,-0.672302
0.339552,-0.672287
0.340075,-0.672272
0.340599,-0.672258
0.341122,-0.672243
0.341645,-0.672228
0.342168,-0.672213
0.342692,-0.672199
0.343215,-0.672184
0.343738,-0.672169
0.344262,-0.672154
0.344785,-0.67214
0.345308,-0.672125
0.345831,-0.67211
0.346355,-0.672095
0.346878,-0.672081
0.347401,-0.672066
0.347925,-0.672051
0.348448,-0.672036
0.348971,-0.672022
0.349494,-0.672007
0.350018,-0.671992
0.350541,-0.671977
0.351064,-0.671963
0.351588,-0.671948
0.352111,-0.671933
0.352634,-0.671918
0.353157,-0.671904
0.353681,-0.671889
0.354204,-0.671874
0.354727,-0.671859
0.355251,-0.671845
0.355774,-0.67183
0.356297,-0.671815
0.35682,-0.6718
0.357344,-0.671786
0.357867,-0.671771
0.35839,-0.671756
0.358914,-0.671741
0.359437,-0.671727
0.35996,-0.671712
0.360483,-0.671697
0.361007,-0.671682
0.36153,-0.671668
0.362053,-0.671653
0.362577,-0.671638
0.3631,-0.671623
0.363623,-0.671609
0.364146,-0.671594
0.36467,-0.671579
0.365193,-0.671564
0.365716,-0.67155
0.36624,-0.671535
0.366763,-0.67152
0.367286,-0.671505
0.367809,-0.671491
0.368333,-0.671476
0.368856,-0.671461
0.369379,-0.671446
0.369903,-0.671432
0.370426,-0.671417
0.370949,-0.671402
0.371472,-0.671387
0.371996,-0.671373
0.372519,-0.671358
0.373042,-0.671343
0.373565,-0.671328
0.374089,-0.671314
0.374612,-0.671299
0.375135,-0.671284
0.375659,-0.671269
0.376182,-0.671255
0.376705,-0.67124
0.377228,-0.671225
0.377752,-0.67121
0.378275,-0.671196
0.378798,-0.671181
0.379322,-0.671166
0.379845,-0.671151
0.380368,-0.671137
0.380891,-0.671122
0.381415,-0.671107
0.381938,-0.671092
0.382461,-0.671078
0.382985,-0.671063
0.383508,-0.671048
0.384031,-0.671033
0.384554,-0.671019
0.385078,-0.671004
0.385601,-0.670989
0.386124,-0.670974
0.386648,-0.67096
0.387171,-0.670945
0.387694,-0.67093
0.388217,-0.670915
0.388741,-0.670901
0.388839,-0.671414
0.388937,-0.671927
0.389035,-0.67244
0.389134,-0.672953
0.389232,-0.673466
0.38933,-0.67398
0.389428,-0.674493
0.389526,-0.675006
0.389625,-0.675519
0.389723,-0.676032
0.389821,-0.676545
0.389919,-0.677058
0.390017,-0.677571
0.390116,-0.678085
0.390214,-0.678598
0.390312,-0.679111
0.39041,-0.679624
0.390508,-0.680137
0.390607,-0.68065
0.390705,-0.681163
0.390803,-0.681677
0.390901,-0.68219
0.390999,-0.682703
0.391098,-0.683216
0.391196,-0.683729
0.391294,-0.684242
0.391392,-0.684755
0.39149,-0.685268
0.391589,-0.685782
0.391687,-0.686295
0.391785,-0.686808
0.391883,-0.687321
0.391981,-0.687834
0.39208,-0.688347
0.392178,-0.68886
0.392276,-0.689374
0.392374,-0.689887
0.392473,-0.6904
0.392571,-0.690913
0.392669,-0.691426
0.392767,-0.691939
0.392865,-0.692452
0.392964,-0.692966
0.393062,-0.693479
0.39316,-0.693992
0.393258,-0.694505
0.393356,-0.695018
0.393455,-0.695531
0.393553,-0.696044
0.393651,-0.696557
0.393749,-0.697071
0.393847,-0.697584
0.393946,-0.698097
0.394044,-0.69861
0.394142,-0.699123
0.39424,-0.699636
0.394338,-0.700149
0.394437,-0.700663
0.394535,-0.701176
0.394633,-0.701689
0.394731,-0.702202
0.394829,-0.702715
0.394928,-0.703228
0.395026,-0.703741
0.395124,-0.704255
0.395222,-0.704768
0.39532,-0.705281
0.395419,-0.705794
0.395517,-0.706307
0.395615,-0.70682
0.395713,-0.707333
0.395811,-0.707846
0.39591,-0.70836
0.396008,-0.708873
0.396106,-0.709386
0.396204,-0.709899
0.396303,-0.710412
0.396401,-0.710925
0.396499,-0.711438
0.396597,-0.711952
0.396695,-0.712465
0.396794,-0.712978
0.396892,-0.713491
0.39699,-0.714004
0.397088,-0.714517
0.397186,-0.71503
0.397285,-0.715543
0.397383,-0.716057
0.397481,-0.71657
0.397579,-0.717083
0.397677,-0.717596
0.397776,-0.718109
0.397874,-0.718622
0.397972,-0.719135
0.39807,-0.719649
0.398168,-0.720162
0.398267,-0.720675
0.398365,-0.721188
0.398463,-0.721701
0.398561,-0.722214
0.398659,-0.722727
0.398758,-0.723241
0.398856,-0.723754
0.398954,-0.724267
0.399052,-0.72478
0.39915,-0.725293
0.399249,-0.725806
0.399347,-0.726319
0.399445,-0.726832
0.399543,-0.727346
0.399642,-0.727859
0.39974,-0.728372
0.399838,-0.728885
0.399936,-0.729398
0.400034,-0.729911
0.400133,-0.730424
0.400231,-0.730938
0.400329,-0.731451
0.400427,-0.731964
0.400525,-0.732477
0.400624,-0.73299
0.400722,-0.733503
0.40082,-0.734016
0.400918,-0.734529
0.401016,-0.735043
0.401115,-0.735556
0.401213,-0.736069
0.401311,-0.736582
0.401409,-0.737095
0.401507,-0.737608
0.401606,-0.738121
0.401704,-0.738635
0.401802,-0.739148
0.4019,-0.739661
0.401998,-0.740174
0.402097,-0.740687
0.402195,-0.7412
0.402293,-0.741713
0.402391,-0.742227
0.402489,-0.74274
0.402588,-0.743253
0.402686,-0.743766
0.402784,-0.744279
0.402882,-0.744792
0.40298,-0.745305
0.403079,-0.745818
0.403177,-0.746332
0.403275,-0.746845
0.403373,-0.747358
0.403686,-0.746499
0.403999,-0.745641
0.404311,-0.744782
0.404624,-0.743923
0.404936,-0.743065
0.405249,-0.742206
0.405562,-0.741347
0.405874,-0.740489
0.406187,-0.73963
0.406499,-0.738771
0.406812,-0.737913
0.407125,-0.737054
0.407437,-0.736195
0.40775,-0.735337
0.408063,-0.734478
0.408375,-0.733619
0.408688,-0.732761
0.409,-0.731902
0.409313,-0.731043
0.409626,-0.730185
0.409938,-0.729326
0.410251,-0.728467
0.410564,-0.727609
0.410876,-0.72675
0.411189,-0.725891
0.411501,-0.725033
0.411814,-0.724174
0.412127,-0.723315
0.412439,-0.722457
0.412752,-0.721598
0.413064,-0.720739
0.413377,-0.719881
0.41369,-0.719022
0.414002,-0.718163
0.414315,-0.717305
0.414628,-0.716446
0.41494,-0.715587
0.415253,-0.714729
0.415565,-0.71387
0.415878,-0.713011
0.416191,-0.712153
0.416503,-0.711294
0.416816,-0.710435
0.417129,-0.709577
0.417441,-0.708718
0.417754,-0.707859
0.418066,-0.707001
0.418379,-0.706142
0.418692,-0.705283
0.419004,-0.704425
0.419317,-0.703566
0.419629,-0.702707
0.419942,-0.701849
0.420255,-0.70099
0.420567,-0.700131
0.42088,-0.699273
0.421193,-0.698414
0.421505,-0.697555
0.421818,-0.696697
0.42213,-0.695838
0.422443,-0.694979
0.422756,-0.694121
0.423068,-0.693262
0.423381,-0.692403
0.423693,-0.691545
0.424006,-0.690686
0.424319,-0.689827
0.424631,-0.688969
0.424944,-0.68811
0.425257,-0.687251
0.425569,-0.686393
0.425882,-0.685534
0.426194,-0.684675
0.426507,-0.683817
0.42682,-0.682958
0.427132,-0.682099
0.427445,-0.681241
0.427758,-0.680382
0.42807,-0.679523
0.428383,-0.678665
0.428695,-0.677806
0.429008,-0.676947
0.429321,-0.676089
0.429633,-0.67523
0.429946,-0.674371
0.430258,-0.673513
0.430571,-0.672654
0.430884,-0.671795
0.431196,-0.670937
0.431509,-0.670078
0.431822,-0.669219
0.432134,-0.668361
0.432447,-0.667502
0.432759,-0.666643
0.433072,-0.665785
0.433385,-0.664926
0.433697,-0.664067
0.43401,-0.663209
0.434323,-0.66235
0.434635,-0.661491
0.434948,-0.660633
0.43526,-0.659774
0.435573,-0.658915
0.435886,-0.658057
0.436198,-0.657198
0.436511,-0.656339
0.436823,-0.655481
0.437136,-0.654622
0.437449,-0.653763
0.437761,-0.652905
0.438074,-0.652046
0.438387,-0.651187
0.438699,-0.650329
0.439012,-0.64947
0.439324,-0.648611
0.439637,-0.647753
0.43995,-0.646894
0.440262,-0.646035
0.440575,-0.645177
0.440888,-0.644318
0.4412,-0.643459
0.441513,-0.642601
0.441825,-0.641742
0.442138,-0.640883
0.442451,-0.640025
0.442763,-0.639166
0.443076,-0.638307
0.443388,-0.637449
0.443701,-0.63659
0.444014,-0.635731
0.444326,-0.634873
0.444639,-0.634014
0.444952,-0.633155
0.445264,-0.632297
0.445577,-0.631438
0.445889,-0.630579
0.446202,-0.629721
0.446515,-0.628862
0.446827,-0.628003
0.44714,-0.627145
0.447452,-0.626286
0.447765,-0.625427
0.448078,-0.624569
0.44839,-0.62371
0.448703,-0.622851
0.449016,-0.621993
0.449328,-0.621134
0.449641,-0.620275
0.449953,-0.619417
0.450266,-0.618558
0.451212,-0.617976
0.452158,-0.617395
0.453104,-0.616813
0.45405,-0.616231
0.454996,-0.61565
0.455942,-0.615068
0.456888,-0.614487
0.457834,-0.613905
0.45878,-0.613323
0.459726,-0.612742
0.460672,-0.61216
0.461618,-0.611578
0.462565,-0.610997
0.463511,-0.610415
0.464457,-0.609834
0.465403,-0.609252
0.466349,-0.60867
0.467295,-0.608089
0.468241,-0.607507
0.469187,-0.606925
0.470133,-0.606344
0.471079,-0.605762
0.472025,-0.605181
0.472971,-0.604599
0.473917,-0.604017
0.474863,-0.603436
0.475809,-0.602854
0.476755,-0.602272
0.477701,-0.601691
0.478647,-0.601109
0.479593,-0.600528
0.480539,-0.599946
0.481485,-0.599364
0.482431,-0.598783
0.483377,-0.598201
0.484323,-0.597619
0.485269,-0.597038
0.486215,-0.596456
0.487161,-0.595875
0.488107,-0.595293
0.489053,-0.594711
0.49,-0.59413
0.490946,-0.593548
0.491892,-0.592966
0.492838,-0.592385
0.493784,-0.591803
0.49473,-0.591222
0.495676,-0.59064
0.496622,-0.590058
0.497568,-0.589477
0.498514,-0.588895
0.49946,-0.588313
0.500406,-0.587732
0.501352,-0.58715
0.502298,-0.586569
0.503244,-0.585987
0.50419,-0.585405
0.505136,-0.584824
0.506082,-0.584242
0.507028,-0.58366
0.507974,-0.583079
0.50892,-0.582497
0.509866,-0.581916
0.510812,-0.581334
0.511758,-0.580752
0.512704,-0.580171
0.51365,-0.579589
0.514596,-0.579007
0.515542,-0.578426
0.516489,-0.577844
0.517435,-0.577263
0.518381,-0.576681
0.519327,-0.576099
0.520273,-0.575518
0.521219,-0.574936
0.522165,-0.574354
0.523111,-0.573773
0.524057,-0.573191
0.525003,-0.57261
0.525949,-0.572028
0.526895,-0.571446
0.527841,-0.570865
0.528787,-0.570283
0.529733,-0.569701
0.530679,-0.56912
0.531625,-0.568538
0.532571,-0.567957
0.533517,-0.567375
0.534463,-0.566793
0.535409,-0.566212
0.536355,-0.56563
0.537301,-0.565048
0.538247,-0.564467
0.539193,-0.563885
0.540139,-0.563304
0.541085,-0.562722
0.542031,-0.56214
0.542977,-0.561559
0.543924,-0.560977
0.54487,-0.560395
0.545816,-0.559814
0.546762,-0.559232
0.547708,-0.558651
0.548654,-0.558069
0.5496,-0.557487
0.550546,-0.556906
0.551492,-0.556324
0.552438,-0.555742
0.553384,-0.555161
0.55433,-0.554579
0.555276,-0.553998
0.556222,-0.553416
0.557168,-0.552834
0.558114,-0.552253
0.55906,-0.551671
0.560006,-0.551089
0.560952,-0.550508
0.561898,-0.549926
0.562844,-0.549345
0.56379,-0.548763
0.564736,-0.548181
0.565682,-0.5476
0.566628,-0.547018
0.567574,-0.546436
0.56852,-0.545855
0.569466,-0.545273
0.570413,-0.544692
0.571359,-0.54411
0.572305,-0.543528
0.573251,-0.542947
0.574197,-0.542365
0.575143,-0.541783
0.576089,-0.541202
0.577035,-0.54062
0.577981,-0.540039
0.578927,-0.539457
0.579873,-0.538875
0.580819,-0.538294
0.581765,-0.537712
0.582711,-0.53713
0.583657,-0.536549
0.584603,-0.535967
0.585549,-0.535386
0.586495,-0.534804
0.587441,-0.534222
0.588387,-0.533641
0.589333,-0.533059
0.590279,-0.532477
0.591225,-0.531896
