O
10
1,0,-1,0.78,-0.5,0.75,0.0,0.0,0.0,0.3,0.4,0.02,0,0.8,False
2,0,-1,1.1,-0.5,0.93,0.0,0.0,0.0,0.02,0.4,0.2,0,0.8,False
3,0,-1,0.78,-0.5,1.11,0.0,0.0,0.0,0.3,0.4,0.02,0,0.8,False
4,0,-1,0.8,-0.92,0.93,0.0,0.0,0.0,0.32,0.02,0.2,0,0.8,False
5,0,-1,0.8,-0.08,0.93,0.0,0.0,0.0,0.32,0.02,0.2,0,0.8,False
6,0,0,0.6600203259382742,-0.8158849729236,0.9175230860719599,0.0,0.0,5.750849366443978,0.03,0.03,0.14752308607195985,0.44163721021769464,0.8482335900125417,False
7,2,0,0.5812040736741573,-0.2555142657159226,0.8652990524539107,0.0,0.0,4.699974416382473,0.05640262815901628,0.05640262815901628,0.1905981049078214,0.32188256522942377,0.9621386450304886,False
8,2,0,0.7318158700585811,-0.32081829798313677,0.8554847528301791,0.0,0.0,5.032908923970713,0.06233734635813762,0.06233734635813762,0.17096950566035818,0.18063117089685476,0.9116989141048574,False
9,2,0,0.9623873664516405,-0.2693132673351796,0.8450000000000001,0.0,0.0,1.038701236749154,0.03698220357028933,0.03698220357028933,0.15,0.016691849085159083,0.9405564947230255,False
10,2,0,0.9477834626410553,-0.7392492325721003,0.8450000000000001,0.0,0.0,3.6171892673797874,0.05297934840551571,0.05297934840551571,0.15,0.1367055348517276,1.0081132455269741,False
R
0.0,0.0,0.0,0.0,0.0,0.0,1.0
S
8
torso_lift_joint,0
r_shoulder_pan_joint,-1.69017
r_shoulder_lift_joint,-0.0788625
r_upper_arm_roll_joint,-1.69017
r_elbow_flex_joint,-1.2717
r_forearm_roll_joint,-0.151824
r_wrist_flex_joint,-1.25254
r_wrist_roll_joint,0.675062
G
0.595399,-0.777819,0.917523,2.60926,-3.14159,3.14159
ooi
6
A
599
0.310248,-0.673113
0.309937,-0.674562
0.309626,-0.67601
0.309315,-0.677459
0.309003,-0.678907
0.308692,-0.680356
0.308381,-0.681804
0.30807,-0.683253
0.307758,-0.684701
0.307447,-0.68615
0.307136,-0.687598
0.306825,-0.689047
0.306514,-0.690495
0.306202,-0.691944
0.305891,-0.693392
0.30558,-0.694841
0.305269,-0.696289
0.304957,-0.697738
0.304646,-0.699186
0.304335,-0.700635
0.304024,-0.702083
0.303713,-0.703532
0.303401,-0.704981
0.30309,-0.706429
0.302779,-0.707878
0.302468,-0.709326
0.302156,-0.710775
0.301845,-0.712223
0.301534,-0.713672
0.301223,-0.71512
0.300912,-0.716569
0.3006,-0.718017
0.300289,-0.719466
0.299978,-0.720914
0.299667,-0.722363
0.299355,-0.723811
0.299044,-0.72526
0.298733,-0.726708
0.298422,-0.728157
0.298111,-0.729605
0.297799,-0.731054
0.297488,-0.732502
0.297177,-0.733951
0.296866,-0.735399
0.296554,-0.736848
0.296243,-0.738297
0.295932,-0.739745
0.295621,-0.741194
0.29531,-0.742642
0.294998,-0.744091
0.294687,-0.745539
0.294376,-0.746988
0.294065,-0.748436
0.293753,-0.749885
0.293442,-0.751333
0.293131,-0.752782
0.29282,-0.75423
0.292509,-0.755679
0.292197,-0.757127
0.291886,-0.758576
0.291575,-0.760024
0.291264,-0.761473
0.290953,-0.762921
0.290641,-0.76437
0.29033,-0.765818
0.290019,-0.767267
0.289708,-0.768715
0.289396,-0.770164
0.289085,-0.771612
0.288774,-0.773061
0.288463,-0.77451
0.288152,-0.775958
0.28784,-0.777407
0.287529,-0.778855
0.287218,-0.780304
0.286907,-0.781752
0.286595,-0.783201
0.286284,-0.784649
0.285973,-0.786098
0.285662,-0.787546
0.285351,-0.788995
0.285039,-0.790443
0.284728,-0.791892
0.284417,-0.79334
0.284106,-0.794789
0.283794,-0.796237
0.283483,-0.797686
0.283172,-0.799134
0.282861,-0.800583
0.28255,-0.802031
0.282238,-0.80348
0.281927,-0.804928
0.281616,-0.806377
0.281305,-0.807825
0.280993,-0.809274
0.280682,-0.810723
0.280371,-0.812171
0.28006,-0.81362
0.279749,-0.815068
0.279437,-0.816517
0.279126,-0.817965
0.278815,-0.819414
0.278504,-0.820862
0.278192,-0.822311
0.277881,-0.823759
0.27757,-0.825208
0.277259,-0.826656
0.276948,-0.828105
0.276636,-0.829553
0.276325,-0.831002
0.276014,-0.83245
0.275703,-0.833899
0.275391,-0.835347
0.27508,-0.836796
0.274769,-0.838244
0.274458,-0.839693
0.274147,-0.841141
0.273835,-0.84259
0.273524,-0.844039
0.273213,-0.845487
0.272902,-0.846936
0.272591,-0.848384
0.272279,-0.849833
0.271968,-0.851281
0.271657,-0.85273
0.271346,-0.854178
0.271034,-0.855627
0.270723,-0.857075
0.270412,-0.858524
0.270101,-0.859972
0.26979,-0.861421
0.269478,-0.862869
0.269167,-0.864318
0.268856,-0.865766
0.268545,-0.867215
0.268233,-0.868663
0.267922,-0.870112
0.267611,-0.87156
0.2673,-0.873009
0.266989,-0.874457
0.266677,-0.875906
0.266366,-0.877354
0.266055,-0.878803
0.265744,-0.880252
0.265432,-0.8817
0.265121,-0.883149
0.26481,-0.884597
0.264499,-0.886046
0.264188,-0.887494
0.263876,-0.888943
0.263565,-0.890391
0.264068,-0.890839
0.264571,-0.891287
0.265074,-0.891735
0.265577,-0.892182
0.266079,-0.89263
0.266582,-0.893078
0.267085,-0.893526
0.267588,-0.893974
0.268091,-0.894422
0.268594,-0.894869
0.269097,-0.895317
0.269599,-0.895765
0.270102,-0.896213
0.270605,-0.896661
0.271108,-0.897109
0.271611,-0.897556
0.272114,-0.898004
0.272617,-0.898452
0.273119,-0.8989
0.273622,-0.899348
0.274125,-0.899796
0.274628,-0.900243
0.275131,-0.900691
0.275634,-0.901139
0.276137,-0.901587
0.276639,-0.902035
0.277142,-0.902483
0.277645,-0.90293
0.278148,-0.903378
0.278651,-0.903826
0.279154,-0.904274
0.279657,-0.904722
0.280159,-0.905169
0.280662,-0.905617
0.281165,-0.906065
0.281668,-0.906513
0.282171,-0.906961
0.282674,-0.907409
0.283177,-0.907856
0.283679,-0.908304
0.284182,-0.908752
0.284685,-0.9092
0.285188,-0.909648
0.285691,-0.910096
0.286194,-0.910543
0.286697,-0.910991
0.287199,-0.911439
0.287702,-0.911887
0.288205,-0.912335
0.288708,-0.912783
0.289211,-0.91323
0.289714,-0.913678
0.290217,-0.914126
0.290719,-0.914574
0.291222,-0.915022
0.291725,-0.915469
0.292228,-0.915917
0.292731,-0.916365
0.293234,-0.916813
0.293737,-0.917261
0.294239,-0.917709
0.294742,-0.918156
0.295245,-0.918604
0.295748,-0.919052
0.296251,-0.9195
0.296754,-0.919948
0.297257,-0.920396
0.297759,-0.920843
0.298262,-0.921291
0.298765,-0.921739
0.299268,-0.922187
0.299771,-0.922635
0.300274,-0.923083
0.300777,-0.92353
0.301279,-0.923978
0.301782,-0.924426
0.302285,-0.924874
0.302788,-0.925322
0.303291,-0.92577
0.303794,-0.926217
0.304297,-0.926665
0.304799,-0.927113
0.305302,-0.927561
0.305805,-0.928009
0.306308,-0.928456
0.306811,-0.928904
0.307314,-0.929352
0.307817,-0.9298
0.308319,-0.930248
0.308822,-0.930696
0.309325,-0.931143
0.309828,-0.931591
0.310331,-0.932039
0.310834,-0.932487
0.311337,-0.932935
0.311839,-0.933383
0.312342,-0.93383
0.312845,-0.934278
0.313348,-0.934726
0.313851,-0.935174
0.314354,-0.935622
0.314857,-0.93607
0.315359,-0.936517
0.315862,-0.936965
0.316365,-0.937413
0.316868,-0.937861
0.317371,-0.938309
0.317874,-0.938756
0.318377,-0.939204
0.31888,-0.939652
0.319382,-0.9401
0.319885,-0.940548
0.320388,-0.940996
0.320891,-0.941443
0.321394,-0.941891
0.321897,-0.942339
0.3224,-0.942787
0.322902,-0.943235
0.323405,-0.943683
0.323908,-0.94413
0.324411,-0.944578
0.324914,-0.945026
0.325417,-0.945474
0.32592,-0.945922
0.326422,-0.94637
0.326925,-0.946817
0.327428,-0.947265
0.327931,-0.947713
0.328434,-0.948161
0.328937,-0.948609
0.32944,-0.949057
0.329942,-0.949504
0.330445,-0.949952
0.330948,-0.9504
0.331451,-0.950848
0.331954,-0.951296
0.332457,-0.951743
0.33296,-0.952191
0.333462,-0.952639
0.333965,-0.953087
0.334468,-0.953535
0.334971,-0.953983
0.335474,-0.95443
0.335977,-0.954878
0.33648,-0.955326
0.336982,-0.955774
0.337485,-0.956222
0.337988,-0.95667
0.338491,-0.957117
0.339216,-0.955523
0.339941,-0.953928
0.340666,-0.952333
0.341391,-0.950739
0.342116,-0.949144
0.342841,-0.947549
0.343567,-0.945954
0.344292,-0.94436
0.345017,-0.942765
0.345742,-0.94117
0.346467,-0.939575
0.347192,-0.937981
0.347917,-0.936386
0.348642,-0.934791
0.349367,-0.933197
0.350092,-0.931602
0.350817,-0.930007
0.351542,-0.928412
0.352268,-0.926818
0.352993,-0.925223
0.353718,-0.923628
0.354443,-0.922034
0.355168,-0.920439
0.355893,-0.918844
0.356618,-0.917249
0.357343,-0.915655
0.358068,-0.91406
0.358793,-0.912465
0.359518,-0.91087
0.360243,-0.909276
0.360968,-0.907681
0.361694,-0.906086
0.362419,-0.904492
0.363144,-0.902897
0.363869,-0.901302
0.364594,-0.899707
0.365319,-0.898113
0.366044,-0.896518
0.366769,-0.894923
0.367494,-0.893329
0.368219,-0.891734
0.368944,-0.890139
0.369669,-0.888544
0.370395,-0.88695
0.37112,-0.885355
0.371845,-0.88376
0.37257,-0.882165
0.373295,-0.880571
0.37402,-0.878976
0.374745,-0.877381
0.37547,-0.875787
0.376195,-0.874192
0.37692,-0.872597
0.377645,-0.871002
0.37837,-0.869408
0.379096,-0.867813
0.379821,-0.866218
0.380546,-0.864624
0.381271,-0.863029
0.381996,-0.861434
0.382721,-0.859839
0.383446,-0.858245
0.384171,-0.85665
0.384896,-0.855055
0.385621,-0.85346
0.386346,-0.851866
0.387071,-0.850271
0.387796,-0.848676
0.388522,-0.847082
0.389247,-0.845487
0.389972,-0.843892
0.390697,-0.842297
0.391422,-0.840703
0.392147,-0.839108
0.392872,-0.837513
0.393597,-0.835919
0.394322,-0.834324
0.395047,-0.832729
0.395772,-0.831134
0.396497,-0.82954
0.397223,-0.827945
0.397948,-0.82635
0.398673,-0.824755
0.399398,-0.823161
0.400123,-0.821566
0.400848,-0.819971
0.401573,-0.818377
0.402298,-0.816782
0.403023,-0.815187
0.403748,-0.813592
0.404473,-0.811998
0.405198,-0.810403
0.405924,-0.808808
0.406649,-0.807214
0.407374,-0.805619
0.408099,-0.804024
0.408824,-0.802429
0.409549,-0.800835
0.410274,-0.79924
0.410999,-0.797645
0.411724,-0.796051
0.412449,-0.794456
0.413174,-0.792861
0.413899,-0.791266
0.414625,-0.789672
0.41535,-0.788077
0.416075,-0.786482
0.4168,-0.784887
0.417525,-0.783293
0.41825,-0.781698
0.418975,-0.780103
0.4197,-0.778509
0.420425,-0.776914
0.42115,-0.775319
0.421875,-0.773724
0.4226,-0.77213
0.423325,-0.770535
0.424051,-0.76894
0.424776,-0.767346
0.425501,-0.765751
0.426226,-0.764156
0.426951,-0.762561
0.427676,-0.760967
0.428401,-0.759372
0.429126,-0.757777
0.429851,-0.756182
0.430576,-0.754588
0.431301,-0.752993
0.432026,-0.751398
0.432752,-0.749804
0.433477,-0.748209
0.434202,-0.746614
0.434927,-0.745019
0.435652,-0.743425
0.436377,-0.74183
0.437102,-0.740235
0.437827,-0.738641
0.438552,-0.737046
0.439277,-0.735451
0.440002,-0.733856
0.440727,-0.732262
0.441453,-0.730667
0.442178,-0.729072
0.442903,-0.727477
0.443628,-0.725883
0.444353,-0.724288
0.445078,-0.722693
0.445803,-0.721099
0.446528,-0.719504
0.447253,-0.717909
0.448247,-0.718311
0.449242,-0.718713
0.450236,-0.719115
0.45123,-0.719517
0.452224,-0.71992
0.453219,-0.720322
0.454213,-0.720724
0.455207,-0.721126
0.456202,-0.721528
0.457196,-0.72193
0.45819,-0.722332
0.459184,-0.722734
0.460179,-0.723136
0.461173,-0.723538
0.462167,-0.72394
0.463161,-0.724342
0.464156,-0.724744
0.46515,-0.725147
0.466144,-0.725549
0.467138,-0.725951
0.468133,-0.726353
0.469127,-0.726755
0.470121,-0.727157
0.471116,-0.727559
0.47211,-0.727961
0.473104,-0.728363
0.474098,-0.728765
0.475093,-0.729167
0.476087,-0.729569
0.477081,-0.729972
0.478075,-0.730374
0.47907,-0.730776
0.480064,-0.731178
0.481058,-0.73158
0.482052,-0.731982
0.483047,-0.732384
0.484041,-0.732786
0.485035,-0.733188
0.486029,-0.73359
0.487024,-0.733992
0.488018,-0.734394
0.489012,-0.734796
0.490007,-0.735199
0.491001,-0.735601
0.491995,-0.736003
0.492989,-0.736405
0.493984,-0.736807
0.494978,-0.737209
0.495972,-0.737611
0.496966,-0.738013
0.497961,-0.738415
0.498955,-0.738817
0.499949,-0.739219
0.500943,-0.739621
0.501938,-0.740023
0.502932,-0.740426
0.503926,-0.740828
0.50492,-0.74123
0.505915,-0.741632
0.506909,-0.742034
0.507903,-0.742436
0.508898,-0.742838
0.509892,-0.74324
0.510886,-0.743642
0.51188,-0.744044
0.512875,-0.744446
0.513869,-0.744848
0.514863,-0.745251
0.515857,-0.745653
0.516852,-0.746055
0.517846,-0.746457
0.51884,-0.746859
0.519834,-0.747261
0.520829,-0.747663
0.521823,-0.748065
0.522817,-0.748467
0.523812,-0.748869
0.524806,-0.749271
0.5258,-0.749673
0.526794,-0.750075
0.527789,-0.750478
0.528783,-0.75088
0.529777,-0.751282
0.530771,-0.751684
0.531766,-0.752086
0.53276,-0.752488
0.533754,-0.75289
0.534748,-0.753292
0.535743,-0.753694
0.536737,-0.754096
0.537731,-0.754498
0.538725,-0.7549
0.53972,-0.755302
0.540714,-0.755705
0.541708,-0.756107
0.542703,-0.756509
0.543697,-0.756911
0.544691,-0.757313
0.545685,-0.757715
0.54668,-0.758117
0.547674,-0.758519
0.548668,-0.758921
0.549662,-0.759323
0.550657,-0.759725
0.551651,-0.760127
0.552645,-0.76053
0.553639,-0.760932
0.554634,-0.761334
0.555628,-0.761736
0.556622,-0.762138
0.557616,-0.76254
0.558611,-0.762942
0.559605,-0.763344
0.560599,-0.763746
0.561594,-0.764148
0.562588,-0.76455
0.563582,-0.764952
0.564576,-0.765354
0.565571,-0.765757
0.566565,-0.766159
0.567559,-0.766561
0.568553,-0.766963
0.569548,-0.767365
0.570542,-0.767767
0.571536,-0.768169
0.57253,-0.768571
0.573525,-0.768973
0.574519,-0.769375
0.575513,-0.769777
0.576508,-0.770179
0.577502,-0.770581
0.578496,-0.770984
0.57949,-0.771386
0.580485,-0.771788
0.581479,-0.77219
0.582473,-0.772592
0.583467,-0.772994
0.584462,-0.773396
0.585456,-0.773798
0.58645,-0.7742
0.587444,-0.774602
0.588439,-0.775004
0.589433,-0.775406
0.590427,-0.775809
0.591421,-0.776211
0.592416,-0.776613
0.59341,-0.777015
0.594404,-0.777417
0.595399,-0.777819
