O
10
1,0,-1,0.78,-0.5,0.75,0.0,0.0,0.0,0.3,0.4,0.02,0,0.8,False
2,0,-1,1.1,-0.5,0.93,0.0,0.0,0.0,0.02,0.4,0.2,0,0.8,False
3,0,-1,0.78,-0.5,1.11,0.0,0.0,0.0,0.3,0.4,0.02,0,0.8,False
4,0,-1,0.8,-0.92,0.93,0.0,0.0,0.0,0.32,0.02,0.2,0,0.8,False
5,0,-1,0.8,-0.08,0.93,0.0,0.0,0.0,0.32,0.02,0.2,0,0.8,False
6,2,0,0.6724308038695994,-0.7105063534002871,0.8487909236914495,0.0,0.0,0.4606608491195066,0.061729041831265166,0.061729041831265166,0.1575818473828988,0.028852437837007028,1.141240813724374,False
7,2,0,1.0013244776577568,-0.57247113774986,0.8450000000000001,0.0,0.0,3.108564586700396,0.06389849957080046,0.06389849957080046,0.15,0.19115609542676393,0.8622101857278401,False
8,0,0,0.8027475467276521,-0.2808747071628852,0.9002275332691563,0.0,0.0,1.4789280677631274,0.03,0.03657903856566942,0.13022753326915623,0.12788488368431233,1.0473186997225343,False
9,2,0,0.8296523768876245,-0.3935094510816364,0.8503770951183447,0.0,0.0,4.079660979935611,0.042979664147665984,0.042979664147665984,0.16075419023668946,0.3931715496271469,0.9795879289765098,False
10,2,0,0.6823138394059712,-0.4275170887117511,0.8450000000000001,0.0,0.0,2.810968185331508,0.03,0.03,0.15,0.41290232344760563,0.9344294038170547,False
R
0.0,0.0,0.0,0.0,0.0,0.0,1.0
S
8
torso_lift_joint,0
r_shoulder_pan_joint,-1.69017
r_shoulder_lift_joint,-0.0788625
r_upper_arm_roll_joint,-1.69017
r_elbow_flex_joint,-1.2717
r_forearm_roll_joint,-0.151824
r_wrist_flex_joint,-1.25254
r_wrist_roll_joint,0.675062
G
0.625689,-0.476697,0.845,0.715153,-0,0
ooi
10
A
599
0.310248,-0.673113
0.309396,-0.672417
0.308543,-0.671722
0.30769,-0.671026
0.306838,-0.67033
0.305985,-0.669634
0.305132,-0.668938
0.30428,-0.668243
0.303427,-0.667547
0.302575,-0.666851
0.301722,-0.666155
0.300869,-0.665459
0.300017,-0.664764
0.299164,-0.664068
0.298311,-0.663372
0.297459,-0.662676
0.296606,-0.66198
0.295754,-0.661285
0.294901,-0.660589
0.294048,-0.659893
0.293196,-0.659197
0.292343,-0.658502
0.29149,-0.657806
0.290638,-0.65711
0.289785,-0.656414
0.288933,-0.655718
0.28808,-0.655023
0.287227,-0.654327
0.286375,-0.653631
0.285522,-0.652935
0.284669,-0.652239
0.283817,-0.651544
0.282964,-0.650848
0.282111,-0.650152
0.281259,-0.649456
0.280406,-0.648761
0.279554,-0.648065
0.278701,-0.647369
0.277848,-0.646673
0.276996,-0.645977
0.276143,-0.645282
0.27529,-0.644586
0.274438,-0.64389
0.273585,-0.643194
0.272733,-0.642498
0.27188,-0.641803
0.271027,-0.641107
0.270175,-0.640411
0.269322,-0.639715
0.268469,-0.63902
0.267617,-0.638324
0.266764,-0.637628
0.265912,-0.636932
0.265059,-0.636236
0.264206,-0.635541
0.263354,-0.634845
0.262501,-0.634149
0.261648,-0.633453
0.260796,-0.632757
0.259943,-0.632062
0.259091,-0.631366
0.258238,-0.63067
0.257385,-0.629974
0.256533,-0.629279
0.25568,-0.628583
0.254827,-0.627887
0.253975,-0.627191
0.253122,-0.626495
0.25227,-0.6258
0.251417,-0.625104
0.250564,-0.624408
0.249712,-0.623712
0.248859,-0.623016
0.248006,-0.622321
0.247154,-0.621625
0.246301,-0.620929
0.245449,-0.620233
0.244596,-0.619538
0.243743,-0.618842
0.242891,-0.618146
0.242038,-0.61745
0.241185,-0.616754
0.240333,-0.616059
0.23948,-0.615363
0.238628,-0.614667
0.237775,-0.613971
0.236922,-0.613275
0.23607,-0.61258
0.235217,-0.611884
0.234364,-0.611188
0.233512,-0.610492
0.232659,-0.609796
0.231806,-0.609101
0.230954,-0.608405
0.230101,-0.607709
0.229249,-0.607013
0.228396,-0.606318
0.227543,-0.605622
0.226691,-0.604926
0.225838,-0.60423
0.224985,-0.603534
0.224133,-0.602839
0.22328,-0.602143
0.222428,-0.601447
0.221575,-0.600751
0.220722,-0.600055
0.21987,-0.59936
0.219017,-0.598664
0.218164,-0.597968
0.217312,-0.597272
0.216459,-0.596577
0.215607,-0.595881
0.214754,-0.595185
0.213901,-0.594489
0.213049,-0.593793
0.212196,-0.593098
0.211343,-0.592402
0.210491,-0.591706
0.209638,-0.59101
0.208786,-0.590314
0.207933,-0.589619
0.20708,-0.588923
0.206228,-0.588227
0.205375,-0.587531
0.204522,-0.586836
0.20367,-0.58614
0.202817,-0.585444
0.201965,-0.584748
0.201112,-0.584052
0.200259,-0.583357
0.199407,-0.582661
0.198554,-0.581965
0.197701,-0.581269
0.196849,-0.580573
0.195996,-0.579878
0.195144,-0.579182
0.194291,-0.578486
0.193438,-0.57779
0.192586,-0.577095
0.191733,-0.576399
0.19088,-0.575703
0.190028,-0.575007
0.189175,-0.574311
0.188323,-0.573616
0.18747,-0.57292
0.186617,-0.572224
0.185765,-0.571528
0.184912,-0.570832
0.184059,-0.570137
0.183207,-0.569441
0.182354,-0.568745
0.184306,-0.568453
0.186258,-0.56816
0.18821,-0.567868
0.190162,-0.567575
0.192114,-0.567283
0.194066,-0.56699
0.196018,-0.566698
0.19797,-0.566405
0.199922,-0.566113
0.201874,-0.56582
0.203826,-0.565527
0.205778,-0.565235
0.20773,-0.564942
0.209682,-0.56465
0.211634,-0.564357
0.213586,-0.564065
0.215538,-0.563772
0.21749,-0.56348
0.219442,-0.563187
0.221394,-0.562895
0.223346,-0.562602
0.225298,-0.56231
0.22725,-0.562017
0.229202,-0.561725
0.231154,-0.561432
0.233106,-0.56114
0.235058,-0.560847
0.23701,-0.560555
0.238962,-0.560262
0.240914,-0.55997
0.242866,-0.559677
0.244818,-0.559385
0.24677,-0.559092
0.248722,-0.5588
0.250674,-0.558507
0.252626,-0.558215
0.254578,-0.557922
0.25653,-0.55763
0.258482,-0.557337
0.260434,-0.557045
0.262386,-0.556752
0.264337,-0.55646
0.266289,-0.556167
0.268241,-0.555875
0.270193,-0.555582
0.272145,-0.55529
0.274097,-0.554997
0.276049,-0.554705
0.278001,-0.554412
0.279953,-0.55412
0.281905,-0.553827
0.283857,-0.553535
0.285809,-0.553242
0.287761,-0.55295
0.289713,-0.552657
0.291665,-0.552365
0.293617,-0.552072
0.295569,-0.55178
0.297521,-0.551487
0.299473,-0.551195
0.301425,-0.550902
0.303377,-0.55061
0.305329,-0.550317
0.307281,-0.550024
0.309233,-0.549732
0.311185,-0.549439
0.313137,-0.549147
0.315089,-0.548854
0.317041,-0.548562
0.318993,-0.548269
0.320945,-0.547977
0.322897,-0.547684
0.324849,-0.547392
0.326801,-0.547099
0.328753,-0.546807
0.330705,-0.546514
0.332657,-0.546222
0.334609,-0.545929
0.336561,-0.545637
0.338513,-0.545344
0.340465,-0.545052
0.342417,-0.544759
0.344369,-0.544467
0.346321,-0.544174
0.348273,-0.543882
0.350225,-0.543589
0.352177,-0.543297
0.354129,-0.543004
0.356081,-0.542712
0.358033,-0.542419
0.359985,-0.542127
0.361937,-0.541834
0.363889,-0.541542
0.365841,-0.541249
0.367793,-0.540957
0.369745,-0.540664
0.371697,-0.540372
0.373649,-0.540079
0.375601,-0.539787
0.377553,-0.539494
0.379505,-0.539202
0.381457,-0.538909
0.383409,-0.538617
0.385361,-0.538324
0.387313,-0.538032
0.389265,-0.537739
0.391217,-0.537447
0.393168,-0.537154
0.39512,-0.536862
0.397072,-0.536569
0.399024,-0.536277
0.400976,-0.535984
0.402928,-0.535692
0.40488,-0.535399
0.406832,-0.535107
0.408784,-0.534814
0.410736,-0.534522
0.412688,-0.534229
0.41464,-0.533936
0.416592,-0.533644
0.418544,-0.533351
0.420496,-0.533059
0.422448,-0.532766
0.4244,-0.532474
0.426352,-0.532181
0.428304,-0.531889
0.430256,-0.531596
0.432208,-0.531304
0.43416,-0.531011
0.436112,-0.530719
0.438064,-0.530426
0.440016,-0.530134
0.441968,-0.529841
0.44392,-0.529549
0.445872,-0.529256
0.447824,-0.528964
0.449776,-0.528671
0.451728,-0.528379
0.45368,-0.528086
0.455632,-0.527794
0.457584,-0.527501
0.459536,-0.527209
0.461488,-0.526916
0.46344,-0.526624
0.465392,-0.526331
0.467344,-0.526039
0.469296,-0.525746
0.471248,-0.525454
0.4732,-0.525161
0.473641,-0.524918
0.474082,-0.524674
0.474523,-0.524431
0.474964,-0.524187
0.475405,-0.523944
0.475846,-0.5237
0.476287,-0.523457
0.476728,-0.523213
0.477169,-0.52297
0.47761,-0.522726
0.47805,-0.522483
0.478491,-0.522239
0.478932,-0.521996
0.479373,-0.521753
0.479814,-0.521509
0.480255,-0.521266
0.480696,-0.521022
0.481137,-0.520779
0.481578,-0.520535
0.482019,-0.520292
0.48246,-0.520048
0.482901,-0.519805
0.483342,-0.519561
0.483783,-0.519318
0.484224,-0.519074
0.484665,-0.518831
0.485106,-0.518587
0.485547,-0.518344
0.485988,-0.5181
0.486429,-0.517857
0.48687,-0.517613
0.487311,-0.51737
0.487752,-0.517126
0.488193,-0.516883
0.488634,-0.516639
0.489075,-0.516396
0.489516,-0.516152
0.489957,-0.515909
0.490398,-0.515666
0.490838,-0.515422
0.491279,-0.515179
0.49172,-0.514935
0.492161,-0.514692
0.492602,-0.514448
0.493043,-0.514205
0.493484,-0.513961
0.493925,-0.513718
0.494366,-0.513474
0.494807,-0.513231
0.495248,-0.512987
0.495689,-0.512744
0.49613,-0.5125
0.496571,-0.512257
0.497012,-0.512013
0.497453,-0.51177
0.497894,-0.511526
0.498335,-0.511283
0.498776,-0.511039
0.499217,-0.510796
0.499658,-0.510552
0.500099,-0.510309
0.50054,-0.510065
0.500981,-0.509822
0.501422,-0.509579
0.501863,-0.509335
0.502304,-0.509092
0.502745,-0.508848
0.503186,-0.508605
0.503626,-0.508361
0.504067,-0.508118
0.504508,-0.507874
0.504949,-0.507631
0.50539,-0.507387
0.505831,-0.507144
0.506272,-0.5069
0.506713,-0.506657
0.507154,-0.506413
0.507595,-0.50617
0.508036,-0.505926
0.508477,-0.505683
0.508918,-0.505439
0.509359,-0.505196
0.5098,-0.504952
0.510241,-0.504709
0.510682,-0.504465
0.511123,-0.504222
0.511564,-0.503978
0.512005,-0.503735
0.512446,-0.503492
0.512887,-0.503248
0.513328,-0.503005
0.513769,-0.502761
0.51421,-0.502518
0.514651,-0.502274
0.515092,-0.502031
0.515533,-0.501787
0.515973,-0.501544
0.516414,-0.5013
0.516855,-0.501057
0.517296,-0.500813
0.517737,-0.50057
0.518178,-0.500326
0.518619,-0.500083
0.51906,-0.499839
0.519501,-0.499596
0.519942,-0.499352
0.520383,-0.499109
0.520824,-0.498865
0.521265,-0.498622
0.521706,-0.498378
0.522147,-0.498135
0.522588,-0.497891
0.523029,-0.497648
0.52347,-0.497405
0.523911,-0.497161
0.524352,-0.496918
0.524793,-0.496674
0.525234,-0.496431
0.525675,-0.496187
0.526116,-0.495944
0.526557,-0.4957
0.526998,-0.495457
0.527439,-0.495213
0.52788,-0.49497
0.528321,-0.494726
0.528761,-0.494483
0.529202,-0.494239
0.529643,-0.493996
0.530084,-0.493752
0.530525,-0.493509
0.530966,-0.493265
0.531407,-0.493022
0.531848,-0.492778
0.532289,-0.492535
0.53273,-0.492291
0.533171,-0.492048
0.533612,-0.491805
0.534053,-0.491561
0.534494,-0.491318
0.534935,-0.491074
0.535376,-0.490831
0.535817,-0.490587
0.536258,-0.490344
0.536699,-0.4901
0.53714,-0.489857
0.537581,-0.489613
0.538022,-0.48937
0.538463,-0.489126
0.538904,-0.488883
0.539345,-0.488639
0.539924,-0.488559
0.540504,-0.488479
0.541083,-0.488399
0.541663,-0.488319
0.542242,-0.488239
0.542822,-0.488158
0.543401,-0.488078
0.543981,-0.487998
0.54456,-0.487918
0.54514,-0.487838
0.545719,-0.487758
0.546299,-0.487677
0.546878,-0.487597
0.547458,-0.487517
0.548037,-0.487437
0.548617,-0.487357
0.549196,-0.487277
0.549776,-0.487197
0.550355,-0.487116
0.550935,-0.487036
0.551514,-0.486956
0.552094,-0.486876
0.552673,-0.486796
0.553253,-0.486716
0.553832,-0.486636
0.554412,-0.486555
0.554991,-0.486475
0.555571,-0.486395
0.55615,-0.486315
0.556729,-0.486235
0.557309,-0.486155
0.557888,-0.486075
0.558468,-0.485994
0.559047,-0.485914
0.559627,-0.485834
0.560206,-0.485754
0.560786,-0.485674
0.561365,-0.485594
0.561945,-0.485513
0.562524,-0.485433
0.563104,-0.485353
0.563683,-0.485273
0.564263,-0.485193
0.564842,-0.485113
0.565422,-0.485033
0.566001,-0.484952
0.566581,-0.484872
0.56716,-0.484792
0.56774,-0.484712
0.568319,-0.484632
0.568899,-0.484552
0.569478,-0.484472
0.570058,-0.484391
0.570637,-0.484311
0.571217,-0.484231
0.571796,-0.484151
0.572376,-0.484071
0.572955,-0.483991
0.573535,-0.48391
0.574114,-0.48383
0.574694,-0.48375
0.575273,-0.48367
0.575853,-0.48359
0.576432,-0.48351
0.577012,-0.48343
0.577591,-0.483349
0.578171,-0.483269
0.57875,-0.483189
0.57933,-0.483109
0.579909,-0.483029
0.580489,-0.482949
0.581068,-0.482869
0.581648,-0.482788
0.582227,-0.482708
0.582807,-0.482628
0.583386,-0.482548
0.583966,-0.482468
0.584545,-0.482388
0.585125,-0.482308
0.585704,-0.482227
0.586284,-0.482147
0.586863,-0.482067
0.587443,-0.481987
0.588022,-0.481907
0.588602,-0.481827
0.589181,-0.481746
0.589761,-0.481666
0.59034,-0.481586
0.59092,-0.481506
0.591499,-0.481426
0.592079,-0.481346
0.592658,-0.481266
0.593238,-0.481185
0.593817,-0.481105
0.594397,-0.481025
0.594976,-0.480945
0.595556,-0.480865
0.596135,-0.480785
0.596715,-0.480705
0.597294,-0.480624
0.597874,-0.480544
0.598453,-0.480464
0.599033,-0.480384
0.599612,-0.480304
0.600192,-0.480224
0.600771,-0.480143
0.601351,-0.480063
0.60193,-0.479983
0.60251,-0.479903
0.603089,-0.479823
0.603669,-0.479743
0.604248,-0.479663
0.604828,-0.479582
0.605407,-0.479502
0.605987,-0.479422
0.606566,-0.479342
0.607146,-0.479262
0.607725,-0.479182
0.608305,-0.479102
0.608884,-0.479021
0.609464,-0.478941
0.610043,-0.478861
0.610623,-0.478781
0.611202,-0.478701
0.611782,-0.478621
0.612361,-0.478541
0.612941,-0.47846
0.61352,-0.47838
0.614099,-0.4783
0.614679,-0.47822
0.615258,-0.47814
0.615838,-0.47806
0.616417,-0.477979
0.616997,-0.477899
0.617576,-0.477819
0.618156,-0.477739
0.618735,-0.477659
0.619315,-0.477579
0.619894,-0.477499
0.620474,-0.477418
0.621053,-0.477338
0.621633,-0.477258
0.622212,-0.477178
0.622792,-0.477098
0.623371,-0.477018
0.623951,-0.476938
0.62453,-0.476857
0.62511,-0.476777
0.625689,-0.476697
