O
10
1,0,-1,0.78,-0.5,0.75,0.0,0.0,0.0,0.3,0.4,0.02,0,0.8,False
2,0,-1,1.1,-0.5,0.93,0.0,0.0,0.0,0.02,0.4,0.2,0,0.8,False
3,0,-1,0.78,-0.5,1.11,0.0,0.0,0.0,0.3,0.4,0.02,0,0.8,False
4,0,-1,0.8,-0.92,0.93,0.0,0.0,0.0,0.32,0.02,0.2,0,0.8,False
5,0,-1,0.8,-0.08,0.93,0.0,0.0,0.0,0.32,0.02,0.2,0,0.8,False
6,0,0,0.9431921387125559,-0.2805910684350069,0.86,0.0,0.0,4.6730703260637485,0.03,0.05181948494428548,0.09,0.17442484538115532,0.9127411606119794,False
7,0,0,0.6335444474807035,-0.8082642158119382,0.901520033110413,0.0,0.0,4.292242927783442,0.03,0.03,0.13152003311041296,0.01800287845148707,0.9026041747043462,False
8,0,0,0.9106762772817845,-0.7826589458453765,0.9173564771212642,0.0,0.0,6.2248759401142975,0.0735094053251581,0.07842877946963549,0.14735647712126418,0.09496897128389536,1.0242758450258764,False
9,2,0,0.8121197302997063,-0.39787379325839317,0.8450000000000001,0.0,0.0,4.475304532922241,0.03378879317702618,0.03378879317702618,0.15,0.48874999395545704,0.8749263659291645,False
10,2,0,0.6405108460936125,-0.5403375539834894,0.8450000000000001,0.0,0.0,2.9519675462728867,0.0782366681988384,0.0782366681988384,0.15,0.07825644552825528,0.9000847323663321,False
R
0.0,0.0,0.0,0.0,0.0,0.0,1.0
S
8
torso_lift_joint,0
r_shoulder_pan_joint,-1.69017
r_shoulder_lift_joint,-0.0788625
r_upper_arm_roll_joint,-1.69017
r_elbow_flex_joint,-1.2717
r_forearm_roll_joint,-0.151824
r_wrist_flex_joint,-1.25254
r_wrist_roll_joint,0.675062
G
0.565067,-0.777672,0.90152,2.72145,-3.14159,3.14159
ooi
7
A
599
0.310248,-0.673113
0.310557,-0.673536
0.310866,-0.673959
0.311176,-0.674382
0.311485,-0.674805
0.311794,-0.675228
0.312103,-0.675651
0.312412,-0.676074
0.312721,-0.676497
0.31303,-0.67692
0.31334,-0.677343
0.313649,-0.677766
0.313958,-0.678188
0.314267,-0.678611
0.314576,-0.679034
0.314885,-0.679457
0.315194,-0.67988
0.315503,-0.680303
0.315813,-0.680726
0.316122,-0.681149
0.316431,-0.681572
0.31674,-0.681995
0.317049,-0.682418
0.317358,-0.682841
0.317667,-0.683264
0.317977,-0.683687
0.318286,-0.68411
0.318595,-0.684533
0.318904,-0.684956
0.319213,-0.685379
0.319522,-0.685802
0.319831,-0.686225
0.32014,-0.686648
0.32045,-0.68707
0.320759,-0.687493
0.321068,-0.687916
0.321377,-0.688339
0.321686,-0.688762
0.321995,-0.689185
0.322304,-0.689608
0.322614,-0.690031
0.322923,-0.690454
0.323232,-0.690877
0.323541,-0.6913
0.32385,-0.691723
0.324159,-0.692146
0.324468,-0.692569
0.324778,-0.692992
0.325087,-0.693415
0.325396,-0.693838
0.325705,-0.694261
0.326014,-0.694684
0.326323,-0.695107
0.326632,-0.69553
0.326941,-0.695952
0.327251,-0.696375
0.32756,-0.696798
0.327869,-0.697221
0.328178,-0.697644
0.328487,-0.698067
0.328796,-0.69849
0.329105,-0.698913
0.329415,-0.699336
0.329724,-0.699759
0.330033,-0.700182
0.330342,-0.700605
0.330651,-0.701028
0.33096,-0.701451
0.331269,-0.701874
0.331578,-0.702297
0.331888,-0.70272
0.332197,-0.703143
0.332506,-0.703566
0.332815,-0.703989
0.333124,-0.704411
0.333433,-0.704834
0.333742,-0.705257
0.334052,-0.70568
0.334361,-0.706103
0.33467,-0.706526
0.334979,-0.706949
0.335288,-0.707372
0.335597,-0.707795
0.335906,-0.708218
0.336216,-0.708641
0.336525,-0.709064
0.336834,-0.709487
0.337143,-0.70991
0.337452,-0.710333
0.337761,-0.710756
0.33807,-0.711179
0.338379,-0.711602
0.338689,-0.712025
0.338998,-0.712448
0.339307,-0.712871
0.339616,-0.713293
0.339925,-0.713716
0.340234,-0.714139
0.340543,-0.714562
0.340853,-0.714985
0.341162,-0.715408
0.341471,-0.715831
0.34178,-0.716254
0.342089,-0.716677
0.342398,-0.7171
0.342707,-0.717523
0.343016,-0.717946
0.343326,-0.718369
0.343635,-0.718792
0.343944,-0.719215
0.344253,-0.719638
0.344562,-0.720061
0.344871,-0.720484
0.34518,-0.720907
0.34549,-0.72133
0.345799,-0.721752
0.346108,-0.722175
0.346417,-0.722598
0.346726,-0.723021
0.347035,-0.723444
0.347344,-0.723867
0.347653,-0.72429
0.347963,-0.724713
0.348272,-0.725136
0.348581,-0.725559
0.34889,-0.725982
0.349199,-0.726405
0.349508,-0.726828
0.349817,-0.727251
0.350127,-0.727674
0.350436,-0.728097
0.350745,-0.72852
0.351054,-0.728943
0.351363,-0.729366
0.351672,-0.729789
0.351981,-0.730212
0.352291,-0.730634
0.3526,-0.731057
0.352909,-0.73148
0.353218,-0.731903
0.353527,-0.732326
0.353836,-0.732749
0.354145,-0.733172
0.354454,-0.733595
0.354764,-0.734018
0.355073,-0.734441
0.355382,-0.734864
0.355691,-0.735287
0.356,-0.73571
0.356309,-0.736133
0.356618,-0.736556
0.355986,-0.737389
0.355354,-0.738222
0.354722,-0.739055
0.35409,-0.739889
0.353458,-0.740722
0.352826,-0.741555
0.352193,-0.742388
0.351561,-0.743222
0.350929,-0.744055
0.350297,-0.744888
0.349665,-0.745721
0.349033,-0.746555
0.348401,-0.747388
0.347768,-0.748221
0.347136,-0.749054
0.346504,-0.749887
0.345872,-0.750721
0.34524,-0.751554
0.344608,-0.752387
0.343976,-0.75322
0.343343,-0.754054
0.342711,-0.754887
0.342079,-0.75572
0.341447,-0.756553
0.340815,-0.757387
0.340183,-0.75822
0.339551,-0.759053
0.338918,-0.759886
0.338286,-0.760719
0.337654,-0.761553
0.337022,-0.762386
0.33639,-0.763219
0.335758,-0.764052
0.335126,-0.764886
0.334493,-0.765719
0.333861,-0.766552
0.333229,-0.767385
0.332597,-0.768218
0.331965,-0.769052
0.331333,-0.769885
0.330701,-0.770718
0.330068,-0.771551
0.329436,-0.772385
0.328804,-0.773218
0.328172,-0.774051
0.32754,-0.774884
0.326908,-0.775718
0.326276,-0.776551
0.325643,-0.777384
0.325011,-0.778217
0.324379,-0.77905
0.323747,-0.779884
0.323115,-0.780717
0.322483,-0.78155
0.321851,-0.782383
0.321219,-0.783217
0.320586,-0.78405
0.319954,-0.784883
0.319322,-0.785716
0.31869,-0.78655
0.318058,-0.787383
0.317426,-0.788216
0.316794,-0.789049
0.316161,-0.789882
0.315529,-0.790716
0.314897,-0.791549
0.314265,-0.792382
0.313633,-0.793215
0.313001,-0.794049
0.312369,-0.794882
0.311736,-0.795715
0.311104,-0.796548
0.310472,-0.797382
0.30984,-0.798215
0.309208,-0.799048
0.308576,-0.799881
0.307944,-0.800714
0.307311,-0.801548
0.306679,-0.802381
0.306047,-0.803214
0.305415,-0.804047
0.304783,-0.804881
0.304151,-0.805714
0.303519,-0.806547
0.302886,-0.80738
0.302254,-0.808213
0.301622,-0.809047
0.30099,-0.80988
0.300358,-0.810713
0.299726,-0.811546
0.299094,-0.81238
0.298461,-0.813213
0.297829,-0.814046
0.297197,-0.814879
0.296565,-0.815713
0.295933,-0.816546
0.295301,-0.817379
0.294669,-0.818212
0.294036,-0.819045
0.293404,-0.819879
0.292772,-0.820712
0.29214,-0.821545
0.291508,-0.822378
0.290876,-0.823212
0.290244,-0.824045
0.289611,-0.824878
0.288979,-0.825711
0.288347,-0.826545
0.287715,-0.827378
0.287083,-0.828211
0.286451,-0.829044
0.285819,-0.829877
0.285186,-0.830711
0.284554,-0.831544
0.283922,-0.832377
0.28329,-0.83321
0.282658,-0.834044
0.282026,-0.834877
0.281394,-0.83571
0.280761,-0.836543
0.280129,-0.837376
0.279497,-0.83821
0.278865,-0.839043
0.278233,-0.839876
0.277601,-0.840709
0.276969,-0.841543
0.276337,-0.842376
0.275704,-0.843209
0.275072,-0.844042
0.27444,-0.844876
0.273808,-0.845709
0.273176,-0.846542
0.272544,-0.847375
0.271912,-0.848208
0.271279,-0.849042
0.270647,-0.849875
0.270015,-0.850708
0.269383,-0.851541
0.268751,-0.852375
0.268119,-0.853208
0.267487,-0.854041
0.266854,-0.854874
0.266222,-0.855708
0.26559,-0.856541
0.264958,-0.857374
0.264326,-0.858207
0.263694,-0.85904
0.263062,-0.859874
0.262429,-0.860707
0.264264,-0.860158
0.266099,-0.859609
0.267934,-0.85906
0.269769,-0.85851
0.271604,-0.857961
0.273439,-0.857412
0.275274,-0.856863
0.277108,-0.856314
0.278943,-0.855765
0.280778,-0.855216
0.282613,-0.854666
0.284448,-0.854117
0.286283,-0.853568
0.288118,-0.853019
0.289953,-0.85247
0.291788,-0.851921
0.293622,-0.851372
0.295457,-0.850823
0.297292,-0.850273
0.299127,-0.849724
0.300962,-0.849175
0.302797,-0.848626
0.304632,-0.848077
0.306467,-0.847528
0.308302,-0.846979
0.310136,-0.84643
0.311971,-0.84588
0.313806,-0.845331
0.315641,-0.844782
0.317476,-0.844233
0.319311,-0.843684
0.321146,-0.843135
0.322981,-0.842586
0.324815,-0.842037
0.32665,-0.841487
0.328485,-0.840938
0.33032,-0.840389
0.332155,-0.83984
0.33399,-0.839291
0.335825,-0.838742
0.33766,-0.838193
0.339495,-0.837644
0.341329,-0.837094
0.343164,-0.836545
0.344999,-0.835996
0.346834,-0.835447
0.348669,-0.834898
0.350504,-0.834349
0.352339,-0.8338
0.354174,-0.833251
0.356009,-0.832701
0.357843,-0.832152
0.359678,-0.831603
0.361513,-0.831054
0.363348,-0.830505
0.365183,-0.829956
0.367018,-0.829407
0.368853,-0.828857
0.370688,-0.828308
0.372523,-0.827759
0.374357,-0.82721
0.376192,-0.826661
0.378027,-0.826112
0.379862,-0.825563
0.381697,-0.825014
0.383532,-0.824464
0.385367,-0.823915
0.387202,-0.823366
0.389036,-0.822817
0.390871,-0.822268
0.392706,-0.821719
0.394541,-0.82117
0.396376,-0.820621
0.398211,-0.820071
0.400046,-0.819522
0.401881,-0.818973
0.403716,-0.818424
0.40555,-0.817875
0.407385,-0.817326
0.40922,-0.816777
0.411055,-0.816228
0.41289,-0.815678
0.414725,-0.815129
0.41656,-0.81458
0.418395,-0.814031
0.42023,-0.813482
0.422064,-0.812933
0.423899,-0.812384
0.425734,-0.811835
0.427569,-0.811285
0.429404,-0.810736
0.431239,-0.810187
0.433074,-0.809638
0.434909,-0.809089
0.436743,-0.80854
0.438578,-0.807991
0.440413,-0.807441
0.442248,-0.806892
0.444083,-0.806343
0.445918,-0.805794
0.447753,-0.805245
0.449588,-0.804696
0.451423,-0.804147
0.453257,-0.803598
0.455092,-0.803048
0.456927,-0.802499
0.458762,-0.80195
0.460597,-0.801401
0.462432,-0.800852
0.464267,-0.800303
0.466102,-0.799754
0.467937,-0.799205
0.469771,-0.798655
0.471606,-0.798106
0.473441,-0.797557
0.475276,-0.797008
0.477111,-0.796459
0.478946,-0.79591
0.480781,-0.795361
0.482616,-0.794812
0.48445,-0.794262
0.486285,-0.793713
0.48812,-0.793164
0.489955,-0.792615
0.49179,-0.792066
0.493625,-0.791517
0.49546,-0.790968
0.497295,-0.790419
0.49913,-0.789869
0.500964,-0.78932
0.502799,-0.788771
0.504634,-0.788222
0.506469,-0.787673
0.508304,-0.787124
0.510139,-0.786575
0.511974,-0.786025
0.513809,-0.785476
0.515644,-0.784927
0.517478,-0.784378
0.519313,-0.783829
0.521148,-0.78328
0.522983,-0.782731
0.524818,-0.782182
0.526653,-0.781632
0.528488,-0.781083
0.530323,-0.780534
0.532157,-0.779985
0.533992,-0.779436
0.535827,-0.778887
0.537662,-0.778338
0.537846,-0.778333
0.53803,-0.778329
0.538214,-0.778324
0.538398,-0.77832
0.538582,-0.778315
0.538766,-0.778311
0.53895,-0.778306
0.539134,-0.778302
0.539317,-0.778298
0.539501,-0.778293
0.539685,-0.778289
0.539869,-0.778284
0.540053,-0.77828
0.540237,-0.778275
0.540421,-0.778271
0.540605,-0.778266
0.540789,-0.778262
0.540973,-0.778257
0.541157,-0.778253
0.541341,-0.778248
0.541525,-0.778244
0.541709,-0.778239
0.541892,-0.778235
0.542076,-0.778231
0.54226,-0.778226
0.542444,-0.778222
0.542628,-0.778217
0.542812,-0.778213
0.542996,-0.778208
0.54318,-0.778204
0.543364,-0.778199
0.543548,-0.778195
0.543732,-0.77819
0.543916,-0.778186
0.5441,-0.778181
0.544284,-0.778177
0.544467,-0.778172
0.544651,-0.778168
0.544835,-0.778164
0.545019,-0.778159
0.545203,-0.778155
0.545387,-0.77815
0.545571,-0.778146
0.545755,-0.778141
0.545939,-0.778137
0.546123,-0.778132
0.546307,-0.778128
0.546491,-0.778123
0.546675,-0.778119
0.546858,-0.778114
0.547042,-0.77811
0.547226,-0.778105
0.54741,-0.778101
0.547594,-0.778097
0.547778,-0.778092
0.547962,-0.778088
0.548146,-0.778083
0.54833,-0.778079
0.548514,-0.778074
0.548698,-0.77807
0.548882,-0.778065
0.549066,-0.778061
0.54925,-0.778056
0.549433,-0.778052
0.549617,-0.778047
0.549801,-0.778043
0.549985,-0.778038
0.550169,-0.778034
0.550353,-0.77803
0.550537,-0.778025
0.550721,-0.778021
0.550905,-0.778016
0.551089,-0.778012
0.551273,-0.778007
0.551457,-0.778003
0.551641,-0.777998
0.551825,-0.777994
0.552008,-0.777989
0.552192,-0.777985
0.552376,-0.77798
0.55256,-0.777976
0.552744,-0.777971
0.552928,-0.777967
0.553112,-0.777963
0.553296,-0.777958
0.55348,-0.777954
0.553664,-0.777949
0.553848,-0.777945
0.554032,-0.77794
0.554216,-0.777936
0.554399,-0.777931
0.554583,-0.777927
0.554767,-0.777922
0.554951,-0.777918
0.555135,-0.777913
0.555319,-0.777909
0.555503,-0.777904
0.555687,-0.7779
0.555871,-0.777896
0.556055,-0.777891
0.556239,-0.777887
0.556423,-0.777882
0.556607,-0.777878
0.556791,-0.777873
0.556974,-0.777869
0.557158,-0.777864
0.557342,-0.77786
0.557526,-0.777855
0.55771,-0.777851
0.557894,-0.777846
0.558078,-0.777842
0.558262,-0.777837
0.558446,-0.777833
0.55863,-0.777829
0.558814,-0.777824
0.558998,-0.77782
0.559182,-0.777815
0.559366,-0.777811
0.559549,-0.777806
0.559733,-0.777802
0.559917,-0.777797
0.560101,-0.777793
0.560285,-0.777788
0.560469,-0.777784
0.560653,-0.777779
0.560837,-0.777775
0.561021,-0.77777
0.561205,-0.777766
0.561389,-0.777762
0.561573,-0.777757
0.561757,-0.777753
0.56194,-0.777748
0.562124,-0.777744
0.562308,-0.777739
0.562492,-0.777735
0.562676,-0.77773
0.56286,-0.777726
0.563044,-0.777721
0.563228,-0.777717
0.563412,-0.777712
0.563596,-0.777708
0.56378,-0.777703
0.563964,-0.777699
0.564148,-0.777695
0.564332,-0.77769
0.564515,-0.777686
0.564699,-0.777681
0.564883,-0.777677
0.565067,-0.777672
