O
10
1,0,-1,0.78,-0.5,0.75,0.0,0.0,0.0,0.3,0.4,0.02,0,0.8,False
2,0,-1,1.1,-0.5,0.93,0.0,0.0,0.0,0.02,0.4,0.2,0,0.8,False
3,0,-1,0.78,-0.5,1.11,0.0,0.0,0.0,0.3,0.4,0.02,0,0.8,False
4,0,-1,0.8,-0.92,0.93,0.0,0.0,0.0,0.32,0.02,0.2,0,0.8,False
5,0,-1,0.8,-0.08,0.93,0.0,0.0,0.0,0.32,0.02,0.2,0,0.8,False
6,2,0,0.9090936721769267,-0.25014820345559574,0.8450000000000001,0.0,0.0,2.82651193227091,0.054477413283639455,0.054477413283639455,0.15,0.2185171535644415,1.005404522288404,False
7,2,0,0.9746780954621397,-0.489825874546551,0.8450000000000001,0.0,0.0,5.331059626459746,0.03,0.03,0.15,0.31546476297660125,0.9647195198385575,False
8,2,0,0.9598294585028537,-0.7926150915804263,0.8450000000000001,0.0,0.0,5.714294603853106,0.03,0.03,0.15,0.055213357202175684,1.152728547498144,False
9,2,0,0.654935619348024,-0.4090851130546809,0.851096082005707,0.0,0.0,2.286274019704542,0.03,0.03,0.1621921640114139,0.02116058280623523,1.1834164713230648,False
10,2,0,0.6965728121290693,-0.1842679663975899,0.8669213110522754,0.0,0.0,1.9450759609249062,0.0426256392586135,0.0426256392586135,0.1938426221045508,0.22406583866345392,0.8621023509032804,False
R
0.0,0.0,0.0,0.0,0.0,0.0,1.0
S
8
torso_lift_joint,0
r_shoulder_pan_joint,-1.69017
r_shoulder_lift_joint,-0.0788625
r_upper_arm_roll_joint,-1.69017
r_elbow_flex_joint,-1.2717
r_forearm_roll_joint,-0.151824
r_wrist_flex_joint,-1.25254
r_wrist_roll_joint,0.675062
G
0.586111,-0.438888,0.851096,0.40865,-0,0
ooi
9
A
599
0.310248,-0.673113
0.310513,-0.673052
0.310777,-0.672992
0.311042,-0.672931
0.311306,-0.67287
0.311571,-0.672809
0.311836,-0.672748
0.3121,-0.672688
0.312365,-0.672627
0.312629,-0.672566
0.312894,-0.672505
0.313158,-0.672444
0.313423,-0.672384
0.313688,-0.672323
0.313952,-0.672262
0.314217,-0.672201
0.314481,-0.672141
0.314746,-0.67208
0.31501,-0.672019
0.315275,-0.671958
0.315539,-0.671897
0.315804,-0.671837
0.316069,-0.671776
0.316333,-0.671715
0.316598,-0.671654
0.316862,-0.671594
0.317127,-0.671533
0.317391,-0.671472
0.317656,-0.671411
0.317921,-0.67135
0.318185,-0.67129
0.31845,-0.671229
0.318714,-0.671168
0.318979,-0.671107
0.319243,-0.671047
0.319508,-0.670986
0.319772,-0.670925
0.320037,-0.670864
0.320302,-0.670803
0.320566,-0.670743
0.320831,-0.670682
0.321095,-0.670621
0.32136,-0.67056
0.321624,-0.670499
0.321889,-0.670439
0.322154,-0.670378
0.322418,-0.670317
0.322683,-0.670256
0.322947,-0.670196
0.323212,-0.670135
0.323476,-0.670074
0.323741,-0.670013
0.324006,-0.669952
0.32427,-0.669892
0.324535,-0.669831
0.324799,-0.66977
0.325064,-0.669709
0.325328,-0.669649
0.325593,-0.669588
0.325857,-0.669527
0.326122,-0.669466
0.326387,-0.669405
0.326651,-0.669345
0.326916,-0.669284
0.32718,-0.669223
0.327445,-0.669162
0.327709,-0.669101
0.327974,-0.669041
0.328239,-0.66898
0.328503,-0.668919
0.328768,-0.668858
0.329032,-0.668798
0.329297,-0.668737
0.329561,-0.668676
0.329826,-0.668615
0.330091,-0.668554
0.330355,-0.668494
0.33062,-0.668433
0.330884,-0.668372
0.331149,-0.668311
0.331413,-0.668251
0.331678,-0.66819
0.331942,-0.668129
0.332207,-0.668068
0.332472,-0.668007
0.332736,-0.667947
0.333001,-0.667886
0.333265,-0.667825
0.33353,-0.667764
0.333794,-0.667704
0.334059,-0.667643
0.334324,-0.667582
0.334588,-0.667521
0.334853,-0.66746
0.335117,-0.6674
0.335382,-0.667339
0.335646,-0.667278
0.335911,-0.667217
0.336175,-0.667156
0.33644,-0.667096
0.336705,-0.667035
0.336969,-0.666974
0.337234,-0.666913
0.337498,-0.666853
0.337763,-0.666792
0.338027,-0.666731
0.338292,-0.66667
0.338557,-0.666609
0.338821,-0.666549
0.339086,-0.666488
0.33935,-0.666427
0.339615,-0.666366
0.339879,-0.666306
0.340144,-0.666245
0.340409,-0.666184
0.340673,-0.666123
0.340938,-0.666062
0.341202,-0.666002
0.341467,-0.665941
0.341731,-0.66588
0.341996,-0.665819
0.34226,-0.665759
0.342525,-0.665698
0.34279,-0.665637
0.343054,-0.665576
0.343319,-0.665515
0.343583,-0.665455
0.343848,-0.665394
0.344112,-0.665333
0.344377,-0.665272
0.344642,-0.665211
0.344906,-0.665151
0.345171,-0.66509
0.345435,-0.665029
0.3457,-0.664968
0.345964,-0.664908
0.346229,-0.664847
0.346493,-0.664786
0.346758,-0.664725
0.347023,-0.664664
0.347287,-0.664604
0.347552,-0.664543
0.347816,-0.664482
0.348081,-0.664421
0.348345,-0.664361
0.34861,-0.6643
0.348875,-0.664239
0.349139,-0.664178
0.349404,-0.664117
0.349668,-0.664057
0.349933,-0.663996
0.350594,-0.663199
0.351256,-0.662402
0.351917,-0.661605
0.352579,-0.660808
0.35324,-0.660011
0.353902,-0.659214
0.354564,-0.658416
0.355225,-0.657619
0.355887,-0.656822
0.356548,-0.656025
0.35721,-0.655228
0.357871,-0.654431
0.358533,-0.653634
0.359194,-0.652837
0.359856,-0.65204
0.360517,-0.651243
0.361179,-0.650446
0.36184,-0.649649
0.362502,-0.648852
0.363163,-0.648055
0.363825,-0.647258
0.364487,-0.646461
0.365148,-0.645664
0.36581,-0.644867
0.366471,-0.644069
0.367133,-0.643272
0.367794,-0.642475
0.368456,-0.641678
0.369117,-0.640881
0.369779,-0.640084
0.37044,-0.639287
0.371102,-0.63849
0.371763,-0.637693
0.372425,-0.636896
0.373086,-0.636099
0.373748,-0.635302
0.37441,-0.634505
0.375071,-0.633708
0.375733,-0.632911
0.376394,-0.632114
0.377056,-0.631317
0.377717,-0.63052
0.378379,-0.629722
0.37904,-0.628925
0.379702,-0.628128
0.380363,-0.627331
0.381025,-0.626534
0.381686,-0.625737
0.382348,-0.62494
0.383009,-0.624143
0.383671,-0.623346
0.384333,-0.622549
0.384994,-0.621752
0.385656,-0.620955
0.386317,-0.620158
0.386979,-0.619361
0.38764,-0.618564
0.388302,-0.617767
0.388963,-0.61697
0.389625,-0.616173
0.390286,-0.615375
0.390948,-0.614578
0.391609,-0.613781
0.392271,-0.612984
0.392932,-0.612187
0.393594,-0.61139
0.394256,-0.610593
0.394917,-0.609796
0.395579,-0.608999
0.39624,-0.608202
0.396902,-0.607405
0.397563,-0.606608
0.398225,-0.605811
0.398886,-0.605014
0.399548,-0.604217
0.400209,-0.60342
0.400871,-0.602623
0.401532,-0.601826
0.402194,-0.601028
0.402855,-0.600231
0.403517,-0.599434
0.404179,-0.598637
0.40484,-0.59784
0.405502,-0.597043
0.406163,-0.596246
0.406825,-0.595449
0.407486,-0.594652
0.408148,-0.593855
0.408809,-0.593058
0.409471,-0.592261
0.410132,-0.591464
0.410794,-0.590667
0.411455,-0.58987
0.412117,-0.589073
0.412778,-0.588276
0.41344,-0.587479
0.414102,-0.586681
0.414763,-0.585884
0.415425,-0.585087
0.416086,-0.58429
0.416748,-0.583493
0.417409,-0.582696
0.418071,-0.581899
0.418732,-0.581102
0.419394,-0.580305
0.420055,-0.579508
0.420717,-0.578711
0.421378,-0.577914
0.42204,-0.577117
0.422701,-0.57632
0.423363,-0.575523
0.424025,-0.574726
0.424686,-0.573929
0.425348,-0.573132
0.426009,-0.572334
0.426671,-0.571537
0.427332,-0.57074
0.427994,-0.569943
0.428655,-0.569146
0.429317,-0.568349
0.429978,-0.567552
0.43064,-0.566755
0.431301,-0.565958
0.431963,-0.565161
0.432624,-0.564364
0.433286,-0.563567
0.433947,-0.56277
0.434609,-0.561973
0.435271,-0.561176
0.435932,-0.560379
0.436594,-0.559582
0.437255,-0.558785
0.437917,-0.557987
0.438578,-0.55719
0.43924,-0.556393
0.439901,-0.555596
0.440563,-0.554799
0.441224,-0.554002
0.441886,-0.553205
0.442547,-0.552408
0.443209,-0.551611
0.44387,-0.550814
0.444532,-0.550017
0.445194,-0.54922
0.445855,-0.548423
0.446517,-0.547626
0.447178,-0.546829
0.44784,-0.546032
0.448501,-0.545235
0.449378,-0.545248
0.450255,-0.545262
0.451131,-0.545276
0.452008,-0.54529
0.452885,-0.545304
0.453761,-0.545318
0.454638,-0.545332
0.455515,-0.545346
0.456391,-0.54536
0.457268,-0.545373
0.458145,-0.545387
0.459021,-0.545401
0.459898,-0.545415
0.460775,-0.545429
0.461651,-0.545443
0.462528,-0.545457
0.463405,-0.545471
0.464281,-0.545484
0.465158,-0.545498
0.466035,-0.545512
0.466911,-0.545526
0.467788,-0.54554
0.468665,-0.545554
0.469541,-0.545568
0.470418,-0.545582
0.471295,-0.545596
0.472171,-0.545609
0.473048,-0.545623
0.473925,-0.545637
0.474801,-0.545651
0.475678,-0.545665
0.476554,-0.545679
0.477431,-0.545693
0.478308,-0.545707
0.479184,-0.545721
0.480061,-0.545734
0.480938,-0.545748
0.481814,-0.545762
0.482691,-0.545776
0.483568,-0.54579
0.484444,-0.545804
0.485321,-0.545818
0.486198,-0.545832
0.487074,-0.545845
0.487951,-0.545859
0.488828,-0.545873
0.489704,-0.545887
0.490581,-0.545901
0.491458,-0.545915
0.492334,-0.545929
0.493211,-0.545943
0.494088,-0.545957
0.494964,-0.54597
0.495841,-0.545984
0.496718,-0.545998
0.497594,-0.546012
0.498471,-0.546026
0.499348,-0.54604
0.500224,-0.546054
0.501101,-0.546068
0.501978,-0.546082
0.502854,-0.546095
0.503731,-0.546109
0.504608,-0.546123
0.505484,-0.546137
0.506361,-0.546151
0.507238,-0.546165
0.508114,-0.546179
0.508991,-0.546193
0.509868,-0.546206
0.510744,-0.54622
0.511621,-0.546234
0.512498,-0.546248
0.513374,-0.546262
0.514251,-0.546276
0.515128,-0.54629
0.516004,-0.546304
0.516881,-0.546318
0.517758,-0.546331
0.518634,-0.546345
0.519511,-0.546359
0.520388,-0.546373
0.521264,-0.546387
0.522141,-0.546401
0.523018,-0.546415
0.523894,-0.546429
0.524771,-0.546443
0.525648,-0.546456
0.526524,-0.54647
0.527401,-0.546484
0.528278,-0.546498
0.529154,-0.546512
0.530031,-0.546526
0.530908,-0.54654
0.531784,-0.546554
0.532661,-0.546567
0.533538,-0.546581
0.534414,-0.546595
0.535291,-0.546609
0.536168,-0.546623
0.537044,-0.546637
0.537921,-0.546651
0.538798,-0.546665
0.539674,-0.546679
0.540551,-0.546692
0.541428,-0.546706
0.542304,-0.54672
0.543181,-0.546734
0.544058,-0.546748
0.544934,-0.546762
0.545811,-0.546776
0.546688,-0.54679
0.547564,-0.546803
0.548441,-0.546817
0.549318,-0.546831
0.550194,-0.546845
0.551071,-0.546859
0.551948,-0.546873
0.552824,-0.546887
0.553701,-0.546901
0.554578,-0.546915
0.555454,-0.546928
0.556331,-0.546942
0.557208,-0.546956
0.558084,-0.54697
0.558961,-0.546984
0.559838,-0.546998
0.560714,-0.547012
0.561591,-0.547026
0.562468,-0.54704
0.563344,-0.547053
0.564221,-0.547067
0.565098,-0.547081
0.565974,-0.547095
0.566851,-0.547109
0.567728,-0.547123
0.568604,-0.547137
0.569481,-0.547151
0.570358,-0.547164
0.571234,-0.547178
0.572111,-0.547192
0.572988,-0.547206
0.573864,-0.54722
0.574741,-0.547234
0.575618,-0.547248
0.576494,-0.547262
0.577371,-0.547276
0.578248,-0.547289
0.579124,-0.547303
0.580001,-0.547317
0.580042,-0.546589
0.580083,-0.545862
0.580124,-0.545134
0.580165,-0.544406
0.580206,-0.543679
0.580247,-0.542951
0.580288,-0.542223
0.580329,-0.541496
0.58037,-0.540768
0.580411,-0.54004
0.580452,-0.539312
0.580493,-0.538585
0.580534,-0.537857
0.580575,-0.537129
0.580616,-0.536402
0.580657,-0.535674
0.580698,-0.534946
0.580739,-0.534218
0.58078,-0.533491
0.580821,-0.532763
0.580862,-0.532035
0.580903,-0.531308
0.580944,-0.53058
0.580985,-0.529852
0.581026,-0.529124
0.581067,-0.528397
0.581108,-0.527669
0.581149,-0.526941
0.58119,-0.526214
0.581231,-0.525486
0.581272,-0.524758
0.581313,-0.52403
0.581354,-0.523303
0.581395,-0.522575
0.581436,-0.521847
0.581477,-0.52112
0.581518,-0.520392
0.581559,-0.519664
0.5816,-0.518936
0.581641,-0.518209
0.581682,-0.517481
0.581723,-0.516753
0.581764,-0.516026
0.581805,-0.515298
0.581846,-0.51457
0.581887,-0.513842
0.581928,-0.513115
0.581969,-0.512387
0.58201,-0.511659
0.582051,-0.510932
0.582092,-0.510204
0.582133,-0.509476
0.582174,-0.508748
0.582215,-0.508021
0.582256,-0.507293
0.582297,-0.506565
0.582338,-0.505838
0.582379,-0.50511
0.58242,-0.504382
0.582461,-0.503654
0.582502,-0.502927
0.582544,-0.502199
0.582585,-0.501471
0.582626,-0.500744
0.582667,-0.500016
0.582708,-0.499288
0.582749,-0.49856
0.58279,-0.497833
0.582831,-0.497105
0.582872,-0.496377
0.582913,-0.49565
0.582954,-0.494922
0.582995,-0.494194
0.583036,-0.493466
0.583077,-0.492739
0.583118,-0.492011
0.583159,-0.491283
0.5832,-0.490556
0.583241,-0.489828
0.583282,-0.4891
0.583323,-0.488372
0.583364,-0.487645
0.583405,-0.486917
0.583446,-0.486189
0.583487,-0.485462
0.583528,-0.484734
0.583569,-0.484006
0.58361,-0.483278
0.583651,-0.482551
0.583692,-0.481823
0.583733,-0.481095
0.583774,-0.480368
0.583815,-0.47964
0.583856,-0.478912
0.583897,-0.478184
0.583938,-0.477457
0.583979,-0.476729
0.58402,-0.476001
0.584061,-0.475274
0.584102,-0.474546
0.584143,-0.473818
0.584184,-0.47309
0.584225,-0.472363
0.584266,-0.471635
0.584307,-0.470907
0.584348,-0.47018
0.584389,-0.469452
0.58443,-0.468724
0.584471,-0.467996
0.584512,-0.467269
0.584553,-0.466541
0.584594,-0.465813
0.584635,-0.465086
0.584676,-0.464358
0.584717,-0.46363
0.584758,-0.462902
0.584799,-0.462175
0.58484,-0.461447
0.584881,-0.460719
0.584922,-0.459992
0.584963,-0.459264
0.585004,-0.458536
0.585045,-0.457808
0.585086,-0.457081
0.585127,-0.456353
0.585168,-0.455625
0.585209,-0.454898
0.58525,-0.45417
0.585291,-0.453442
0.585332,-0.452714
0.585373,-0.451987
0.585414,-0.451259
0.585455,-0.450531
0.585496,-0.449804
0.585537,-0.449076
0.585578,-0.448348
0.585619,-0.44762
0.58566,-0.446893
0.585701,-0.446165
0.585742,-0.445437
0.585783,-0.44471
0.585824,-0.443982
0.585865,-0.443254
0.585906,-0.442526
0.585947,-0.441799
0.585988,-0.441071
0.586029,-0.440343
0.58607,-0.439616
0.586111,-0.438888
