O
10
1,0,-1,0.78,-0.5,0.75,0.0,0.0,0.0,0.3,0.4,0.02,0,0.8,False
2,0,-1,1.1,-0.5,0.93,0.0,0.0,0.0,0.02,0.4,0.2,0,0.8,False
3,0,-1,0.78,-0.5,1.11,0.0,0.0,0.0,0.3,0.4,0.02,0,0.8,False
4,0,-1,0.8,-0.92,0.93,0.0,0.0,0.0,0.32,0.02,0.2,0,0.8,False
5,0,-1,0.8,-0.08,0.93,0.0,0.0,0.0,0.32,0.02,0.2,0,0.8,False
6,0,0,0.9961958439867518,-0.4430983429312983,0.86,0.0,0.0,4.200487208018187,0.07924185136578517,0.03816342313456032,0.09,0.20888491590032116,1.0963207786994111,False
7,0,0,0.7665451753214958,-0.3102026928705365,0.9153417133049818,0.0,0.0,3.5977494965734365,0.06746592053419387,0.04478865531377929,0.14534171330498177,0.059716014261114836,1.1445223856266569,False
8,2,0,0.8062119202783105,-0.507923064124107,0.8636523541172249,0.0,0.0,0.9161244694710057,0.04571646952593344,0.04571646952593344,0.18730470823444964,0.054872395985769096,1.1169508570505406,False
9,0,0,0.9415381417623384,-0.7526606528761584,0.86,0.0,0.0,5.908656498201225,0.0753678204630759,0.07377342675604678,0.09,0.24657862695990934,1.1176916235695575,False
10,2,0,0.5892130076544104,-0.7708237496152138,0.8461698849772391,0.0,0.0,3.0926925494886777,0.045136360420156105,0.045136360420156105,0.15233976995447832,0.41531356299094196,1.006225388187376,False
R
0.0,0.0,0.0,0.0,0.0,0.0,1.0
S
8
torso_lift_joint,0
r_shoulder_pan_joint,-1.69017
r_shoulder_lift_joint,-0.0788625
r_upper_arm_roll_joint,-1.69017
r_elbow_flex_joint,-1.2717
r_forearm_roll_joint,-0.151824
r_wrist_flex_joint,-1.25254
r_wrist_roll_joint,0.675062
G
0.665579,-0.359744,0.915342,0.456157,-0,0
ooi
7
A
599
0.310248,-0.673113
0.310432,-0.673036
0.310617,-0.672959
0.310801,-0.672882
0.310985,-0.672804
0.311169,-0.672727
0.311353,-0.67265
0.311537,-0.672573
0.311722,-0.672496
0.311906,-0.672418
0.31209,-0.672341
0.312274,-0.672264
0.312458,-0.672187
0.312643,-0.67211
0.312827,-0.672033
0.313011,-0.671955
0.313195,-0.671878
0.313379,-0.671801
0.313563,-0.671724
0.313748,-0.671647
0.313932,-0.671569
0.314116,-0.671492
0.3143,-0.671415
0.314484,-0.671338
0.314669,-0.671261
0.314853,-0.671184
0.315037,-0.671106
0.315221,-0.671029
0.315405,-0.670952
0.31559,-0.670875
0.315774,-0.670798
0.315958,-0.67072
0.316142,-0.670643
0.316326,-0.670566
0.31651,-0.670489
0.316695,-0.670412
0.316879,-0.670335
0.317063,-0.670257
0.317247,-0.67018
0.317431,-0.670103
0.317616,-0.670026
0.3178,-0.669949
0.317984,-0.669871
0.318168,-0.669794
0.318352,-0.669717
0.318536,-0.66964
0.318721,-0.669563
0.318905,-0.669486
0.319089,-0.669408
0.319273,-0.669331
0.319457,-0.669254
0.319642,-0.669177
0.319826,-0.6691
0.32001,-0.669022
0.320194,-0.668945
0.320378,-0.668868
0.320562,-0.668791
0.320747,-0.668714
0.320931,-0.668637
0.321115,-0.668559
0.321299,-0.668482
0.321483,-0.668405
0.321668,-0.668328
0.321852,-0.668251
0.322036,-0.668173
0.32222,-0.668096
0.322404,-0.668019
0.322588,-0.667942
0.322773,-0.667865
0.322957,-0.667788
0.323141,-0.66771
0.323325,-0.667633
0.323509,-0.667556
0.323694,-0.667479
0.323878,-0.667402
0.324062,-0.667324
0.324246,-0.667247
0.32443,-0.66717
0.324615,-0.667093
0.324799,-0.667016
0.324983,-0.666939
0.325167,-0.666861
0.325351,-0.666784
0.325535,-0.666707
0.32572,-0.66663
0.325904,-0.666553
0.326088,-0.666475
0.326272,-0.666398
0.326456,-0.666321
0.326641,-0.666244
0.326825,-0.666167
0.327009,-0.66609
0.327193,-0.666012
0.327377,-0.665935
0.327561,-0.665858
0.327746,-0.665781
0.32793,-0.665704
0.328114,-0.665626
0.328298,-0.665549
0.328482,-0.665472
0.328667,-0.665395
0.328851,-0.665318
0.329035,-0.665241
0.329219,-0.665163
0.329403,-0.665086
0.329587,-0.665009
0.329772,-0.664932
0.329956,-0.664855
0.33014,-0.664777
0.330324,-0.6647
0.330508,-0.664623
0.330693,-0.664546
0.330877,-0.664469
0.331061,-0.664392
0.331245,-0.664314
0.331429,-0.664237
0.331613,-0.66416
0.331798,-0.664083
0.331982,-0.664006
0.332166,-0.663928
0.33235,-0.663851
0.332534,-0.663774
0.332719,-0.663697
0.332903,-0.66362
0.333087,-0.663543
0.333271,-0.663465
0.333455,-0.663388
0.333639,-0.663311
0.333824,-0.663234
0.334008,-0.663157
0.334192,-0.663079
0.334376,-0.663002
0.33456,-0.662925
0.334745,-0.662848
0.334929,-0.662771
0.335113,-0.662694
0.335297,-0.662616
0.335481,-0.662539
0.335666,-0.662462
0.33585,-0.662385
0.336034,-0.662308
0.336218,-0.66223
0.336402,-0.662153
0.336586,-0.662076
0.336771,-0.661999
0.336955,-0.661922
0.337139,-0.661845
0.337323,-0.661767
0.337507,-0.66169
0.337692,-0.661613
0.337876,-0.661536
0.337198,-0.66067
0.336521,-0.659804
0.335843,-0.658938
0.335166,-0.658072
0.334488,-0.657206
0.333811,-0.65634
0.333134,-0.655474
0.332456,-0.654609
0.331779,-0.653743
0.331101,-0.652877
0.330424,-0.652011
0.329746,-0.651145
0.329069,-0.650279
0.328391,-0.649413
0.327714,-0.648547
0.327037,-0.647681
0.326359,-0.646815
0.325682,-0.645949
0.325004,-0.645083
0.324327,-0.644218
0.323649,-0.643352
0.322972,-0.642486
0.322294,-0.64162
0.321617,-0.640754
0.32094,-0.639888
0.320262,-0.639022
0.319585,-0.638156
0.318907,-0.63729
0.31823,-0.636424
0.317552,-0.635558
0.316875,-0.634693
0.316197,-0.633827
0.31552,-0.632961
0.314843,-0.632095
0.314165,-0.631229
0.313488,-0.630363
0.31281,-0.629497
0.312133,-0.628631
0.311455,-0.627765
0.310778,-0.626899
0.3101,-0.626033
0.309423,-0.625168
0.308746,-0.624302
0.308068,-0.623436
0.307391,-0.62257
0.306713,-0.621704
0.306036,-0.620838
0.305358,-0.619972
0.304681,-0.619106
0.304003,-0.61824
0.303326,-0.617374
0.302649,-0.616508
0.301971,-0.615643
0.301294,-0.614777
0.300616,-0.613911
0.299939,-0.613045
0.299261,-0.612179
0.298584,-0.611313
0.297906,-0.610447
0.297229,-0.609581
0.296552,-0.608715
0.295874,-0.607849
0.295197,-0.606983
0.294519,-0.606118
0.293842,-0.605252
0.293164,-0.604386
0.292487,-0.60352
0.291809,-0.602654
0.291132,-0.601788
0.290455,-0.600922
0.289777,-0.600056
0.2891,-0.59919
0.288422,-0.598324
0.287745,-0.597458
0.287067,-0.596593
0.28639,-0.595727
0.285712,-0.594861
0.285035,-0.593995
0.284358,-0.593129
0.28368,-0.592263
0.283003,-0.591397
0.282325,-0.590531
0.281648,-0.589665
0.28097,-0.588799
0.280293,-0.587933
0.279615,-0.587068
0.278938,-0.586202
0.278261,-0.585336
0.277583,-0.58447
0.276906,-0.583604
0.276228,-0.582738
0.275551,-0.581872
0.274873,-0.581006
0.274196,-0.58014
0.273518,-0.579274
0.272841,-0.578408
0.272164,-0.577542
0.271486,-0.576677
0.270809,-0.575811
0.270131,-0.574945
0.269454,-0.574079
0.268776,-0.573213
0.268099,-0.572347
0.267421,-0.571481
0.266744,-0.570615
0.266067,-0.569749
0.265389,-0.568883
0.264712,-0.568017
0.264034,-0.567152
0.263357,-0.566286
0.262679,-0.56542
0.262002,-0.564554
0.261324,-0.563688
0.260647,-0.562822
0.25997,-0.561956
0.259292,-0.56109
0.258615,-0.560224
0.257937,-0.559358
0.25726,-0.558492
0.256582,-0.557627
0.255905,-0.556761
0.255227,-0.555895
0.25455,-0.555029
0.253873,-0.554163
0.253195,-0.553297
0.252518,-0.552431
0.25184,-0.551565
0.251163,-0.550699
0.250485,-0.549833
0.249808,-0.548967
0.24913,-0.548102
0.248453,-0.547236
0.247776,-0.54637
0.247098,-0.545504
0.246421,-0.544638
0.245743,-0.543772
0.245066,-0.542906
0.244388,-0.54204
0.243711,-0.541174
0.243033,-0.540308
0.242356,-0.539442
0.241679,-0.538577
0.241001,-0.537711
0.240324,-0.536845
0.239646,-0.535979
0.238969,-0.535113
0.238291,-0.534247
0.237614,-0.533381
0.236936,-0.532515
0.238401,-0.531634
0.239866,-0.530754
0.241331,-0.529873
0.242796,-0.528993
0.244261,-0.528112
0.245726,-0.527231
0.247191,-0.526351
0.248656,-0.52547
0.25012,-0.524589
0.251585,-0.523709
0.25305,-0.522828
0.254515,-0.521947
0.25598,-0.521067
0.257445,-0.520186
0.25891,-0.519305
0.260375,-0.518425
0.261839,-0.517544
0.263304,-0.516663
0.264769,-0.515783
0.266234,-0.514902
0.267699,-0.514021
0.269164,-0.513141
0.270629,-0.51226
0.272094,-0.511379
0.273558,-0.510499
0.275023,-0.509618
0.276488,-0.508737
0.277953,-0.507857
0.279418,-0.506976
0.280883,-0.506095
0.282348,-0.505215
0.283813,-0.504334
0.285278,-0.503453
0.286742,-0.502573
0.288207,-0.501692
0.289672,-0.500812
0.291137,-0.499931
0.292602,-0.49905
0.294067,-0.49817
0.295532,-0.497289
0.296997,-0.496408
0.298461,-0.495528
0.299926,-0.494647
0.301391,-0.493766
0.302856,-0.492886
0.304321,-0.492005
0.305786,-0.491124
0.307251,-0.490244
0.308716,-0.489363
0.31018,-0.488482
0.311645,-0.487602
0.31311,-0.486721
0.314575,-0.48584
0.31604,-0.48496
0.317505,-0.484079
0.31897,-0.483198
0.320435,-0.482318
0.3219,-0.481437
0.323364,-0.480556
0.324829,-0.479676
0.326294,-0.478795
0.327759,-0.477914
0.329224,-0.477034
0.330689,-0.476153
0.332154,-0.475273
0.333619,-0.474392
0.335083,-0.473511
0.336548,-0.472631
0.338013,-0.47175
0.339478,-0.470869
0.340943,-0.469989
0.342408,-0.469108
0.343873,-0.468227
0.345338,-0.467347
0.346803,-0.466466
0.348267,-0.465585
0.349732,-0.464705
0.351197,-0.463824
0.352662,-0.462943
0.354127,-0.462063
0.355592,-0.461182
0.357057,-0.460301
0.358522,-0.459421
0.359986,-0.45854
0.361451,-0.457659
0.362916,-0.456779
0.364381,-0.455898
0.365846,-0.455017
0.367311,-0.454137
0.368776,-0.453256
0.370241,-0.452375
0.371705,-0.451495
0.37317,-0.450614
0.374635,-0.449733
0.3761,-0.448853
0.377565,-0.447972
0.37903,-0.447092
0.380495,-0.446211
0.38196,-0.44533
0.383425,-0.44445
0.384889,-0.443569
0.386354,-0.442688
0.387819,-0.441808
0.389284,-0.440927
0.390749,-0.440046
0.392214,-0.439166
0.393679,-0.438285
0.395144,-0.437404
0.396608,-0.436524
0.398073,-0.435643
0.399538,-0.434762
0.401003,-0.433882
0.402468,-0.433001
0.403933,-0.43212
0.405398,-0.43124
0.406863,-0.430359
0.408327,-0.429478
0.409792,-0.428598
0.411257,-0.427717
0.412722,-0.426836
0.414187,-0.425956
0.415652,-0.425075
0.417117,-0.424194
0.418582,-0.423314
0.420047,-0.422433
0.421511,-0.421552
0.422976,-0.420672
0.424441,-0.419791
0.425906,-0.418911
0.427371,-0.41803
0.428836,-0.417149
0.430301,-0.416269
0.431766,-0.415388
0.43323,-0.414507
0.434695,-0.413627
0.43616,-0.412746
0.437625,-0.411865
0.43909,-0.410985
0.440555,-0.410104
0.44202,-0.409223
0.443485,-0.408343
0.444949,-0.407462
0.446414,-0.406581
0.447879,-0.405701
0.449344,-0.40482
0.450809,-0.403939
0.452274,-0.403059
0.453739,-0.402178
0.455204,-0.401297
0.456669,-0.400417
0.458071,-0.400144
0.459473,-0.399871
0.460875,-0.399598
0.462277,-0.399325
0.463679,-0.399052
0.465081,-0.398779
0.466483,-0.398506
0.467885,-0.398233
0.469287,-0.39796
0.470689,-0.397687
0.472091,-0.397414
0.473494,-0.397141
0.474896,-0.396868
0.476298,-0.396595
0.4777,-0.396322
0.479102,-0.396049
0.480504,-0.395776
0.481906,-0.395503
0.483308,-0.39523
0.48471,-0.394957
0.486112,-0.394684
0.487514,-0.394411
0.488916,-0.394138
0.490318,-0.393865
0.491721,-0.393592
0.493123,-0.393319
0.494525,-0.393047
0.495927,-0.392774
0.497329,-0.392501
0.498731,-0.392228
0.500133,-0.391955
0.501535,-0.391682
0.502937,-0.391409
0.504339,-0.391136
0.505741,-0.390863
0.507143,-0.39059
0.508546,-0.390317
0.509948,-0.390044
0.51135,-0.389771
0.512752,-0.389498
0.514154,-0.389225
0.515556,-0.388952
0.516958,-0.388679
0.51836,-0.388406
0.519762,-0.388133
0.521164,-0.38786
0.522566,-0.387587
0.523968,-0.387314
0.525371,-0.387041
0.526773,-0.386768
0.528175,-0.386495
0.529577,-0.386222
0.530979,-0.385949
0.532381,-0.385676
0.533783,-0.385403
0.535185,-0.38513
0.536587,-0.384857
0.537989,-0.384584
0.539391,-0.384311
0.540793,-0.384038
0.542195,-0.383766
0.543598,-0.383493
0.545,-0.38322
0.546402,-0.382947
0.547804,-0.382674
0.549206,-0.382401
0.550608,-0.382128
0.55201,-0.381855
0.553412,-0.381582
0.554814,-0.381309
0.556216,-0.381036
0.557618,-0.380763
0.55902,-0.38049
0.560423,-0.380217
0.561825,-0.379944
0.563227,-0.379671
0.564629,-0.379398
0.566031,-0.379125
0.567433,-0.378852
0.568835,-0.378579
0.570237,-0.378306
0.571639,-0.378033
0.573041,-0.37776
0.574443,-0.377487
0.575845,-0.377214
0.577248,-0.376941
0.57865,-0.376668
0.580052,-0.376395
0.581454,-0.376122
0.582856,-0.375849
0.584258,-0.375576
0.58566,-0.375303
0.587062,-0.37503
0.588464,-0.374757
0.589866,-0.374484
0.591268,-0.374212
0.59267,-0.373939
0.594073,-0.373666
0.595475,-0.373393
0.596877,-0.37312
0.598279,-0.372847
0.599681,-0.372574
0.601083,-0.372301
0.602485,-0.372028
0.603887,-0.371755
0.605289,-0.371482
0.606691,-0.371209
0.608093,-0.370936
0.609495,-0.370663
0.610897,-0.37039
0.6123,-0.370117
0.613702,-0.369844
0.615104,-0.369571
0.616506,-0.369298
0.617908,-0.369025
0.61931,-0.368752
0.620712,-0.368479
0.622114,-0.368206
0.623516,-0.367933
0.624918,-0.36766
0.62632,-0.367387
0.627722,-0.367114
0.629125,-0.366841
0.630527,-0.366568
0.631929,-0.366295
0.633331,-0.366022
0.634733,-0.365749
0.636135,-0.365476
0.637537,-0.365203
0.638939,-0.364931
0.640341,-0.364658
0.641743,-0.364385
0.643145,-0.364112
0.644547,-0.363839
0.64595,-0.363566
0.647352,-0.363293
0.648754,-0.36302
0.650156,-0.362747
0.651558,-0.362474
0.65296,-0.362201
0.654362,-0.361928
0.655764,-0.361655
0.657166,-0.361382
0.658568,-0.361109
0.65997,-0.360836
0.661372,-0.360563
0.662775,-0.36029
0.664177,-0.360017
0.665579,-0.359744
