O
10
1,0,-1,0.78,-0.5,0.75,0.0,0.0,0.0,0.3,0.4,0.02,0,0.8,False
2,0,-1,1.1,-0.5,0.93,0.0,0.0,0.0,0.02,0.4,0.2,0,0.8,False
3,0,-1,0.78,-0.5,1.11,0.0,0.0,0.0,0.3,0.4,0.02,0,0.8,False
4,0,-1,0.8,-0.92,0.93,0.0,0.0,0.0,0.32,0.02,0.2,0,0.8,False
5,0,-1,0.8,-0.08,0.93,0.0,0.0,0.0,0.32,0.02,0.2,0,0.8,False
6,2,0,0.8620007182142342,-0.5597707637603226,0.8450000000000001,0.0,0.0,3.3806182417198776,0.07369320563317562,0.07369320563317562,0.15,0.18051198453552897,1.0057293541604602,False
7,0,0,0.9820193015519811,-0.7967574004771764,0.86,0.0,0.0,1.5342325257558767,0.04908921342793392,0.04965116192629722,0.09,0.357949169965044,1.1049309788691013,False
8,0,0,0.6133153418933961,-0.5354957914106828,0.86,0.0,0.0,2.1673841655457715,0.06501148785538233,0.051978271938388096,0.09,0.1874158217424089,0.9387082899106949,False
9,2,0,0.9055778330576164,-0.1653277009958818,0.8450000000000001,0.0,0.0,2.5501370624267583,0.03583846699507387,0.03583846699507387,0.15,0.43581191035623,1.1513767870741176,False
10,2,0,0.6957238663194508,-0.7310432287510954,0.8450000000000001,0.0,0.0,0.5008799756511741,0.03,0.03,0.15,0.28006575016353485,0.9094327775955234,False
R
0.0,0.0,0.0,0.0,0.0,0.0,1.0
S
8
torso_lift_joint,0
r_shoulder_pan_joint,-1.69017
r_shoulder_lift_joint,-0.0788625
r_upper_arm_roll_joint,-1.69017
r_elbow_flex_joint,-1.2717
r_forearm_roll_joint,-0.151824
r_wrist_flex_joint,-1.25254
r_wrist_roll_joint,0.675062
G
0.620724,-0.730796,0.845,3.13829,-3.14159,3.14159
ooi
10
A
599
0.310248,-0.673113
0.310556,-0.673812
0.310864,-0.674511
0.311173,-0.67521
0.311481,-0.675909
0.311789,-0.676608
0.312097,-0.677306
0.312405,-0.678005
0.312713,-0.678704
0.313021,-0.679403
0.31333,-0.680102
0.313638,-0.680801
0.313946,-0.6815
0.314254,-0.682199
0.314562,-0.682898
0.31487,-0.683597
0.315178,-0.684296
0.315486,-0.684994
0.315795,-0.685693
0.316103,-0.686392
0.316411,-0.687091
0.316719,-0.68779
0.317027,-0.688489
0.317335,-0.689188
0.317643,-0.689887
0.317951,-0.690586
0.31826,-0.691285
0.318568,-0.691983
0.318876,-0.692682
0.319184,-0.693381
0.319492,-0.69408
0.3198,-0.694779
0.320108,-0.695478
0.320417,-0.696177
0.320725,-0.696876
0.321033,-0.697575
0.321341,-0.698274
0.321649,-0.698972
0.321957,-0.699671
0.322265,-0.70037
0.322573,-0.701069
0.322882,-0.701768
0.32319,-0.702467
0.323498,-0.703166
0.323806,-0.703865
0.324114,-0.704564
0.324422,-0.705263
0.32473,-0.705961
0.325039,-0.70666
0.325347,-0.707359
0.325655,-0.708058
0.325963,-0.708757
0.326271,-0.709456
0.326579,-0.710155
0.326887,-0.710854
0.327195,-0.711553
0.327504,-0.712252
0.327812,-0.71295
0.32812,-0.713649
0.328428,-0.714348
0.328736,-0.715047
0.329044,-0.715746
0.329352,-0.716445
0.329661,-0.717144
0.329969,-0.717843
0.330277,-0.718542
0.330585,-0.719241
0.330893,-0.71994
0.331201,-0.720638
0.331509,-0.721337
0.331817,-0.722036
0.332126,-0.722735
0.332434,-0.723434
0.332742,-0.724133
0.33305,-0.724832
0.333358,-0.725531
0.333666,-0.72623
0.333974,-0.726929
0.334283,-0.727627
0.334591,-0.728326
0.334899,-0.729025
0.335207,-0.729724
0.335515,-0.730423
0.335823,-0.731122
0.336131,-0.731821
0.336439,-0.73252
0.336748,-0.733219
0.337056,-0.733918
0.337364,-0.734616
0.337672,-0.735315
0.33798,-0.736014
0.338288,-0.736713
0.338596,-0.737412
0.338905,-0.738111
0.339213,-0.73881
0.339521,-0.739509
0.339829,-0.740208
0.340137,-0.740907
0.340445,-0.741605
0.340753,-0.742304
0.341061,-0.743003
0.34137,-0.743702
0.341678,-0.744401
0.341986,-0.7451
0.342294,-0.745799
0.342602,-0.746498
0.34291,-0.747197
0.343218,-0.747896
0.343527,-0.748594
0.343835,-0.749293
0.344143,-0.749992
0.344451,-0.750691
0.344759,-0.75139
0.345067,-0.752089
0.345375,-0.752788
0.345683,-0.753487
0.345992,-0.754186
0.3463,-0.754885
0.346608,-0.755584
0.346916,-0.756282
0.347224,-0.756981
0.347532,-0.75768
0.34784,-0.758379
0.348149,-0.759078
0.348457,-0.759777
0.348765,-0.760476
0.349073,-0.761175
0.349381,-0.761874
0.349689,-0.762573
0.349997,-0.763271
0.350305,-0.76397
0.350614,-0.764669
0.350922,-0.765368
0.35123,-0.766067
0.351538,-0.766766
0.351846,-0.767465
0.352154,-0.768164
0.352462,-0.768863
0.35277,-0.769562
0.353079,-0.77026
0.353387,-0.770959
0.353695,-0.771658
0.354003,-0.772357
0.354311,-0.773056
0.354619,-0.773755
0.354927,-0.774454
0.355236,-0.775153
0.355544,-0.775852
0.355852,-0.776551
0.35616,-0.777249
0.356468,-0.777948
0.356749,-0.777963
0.35703,-0.777977
0.357311,-0.777991
0.357592,-0.778005
0.357873,-0.77802
0.358153,-0.778034
0.358434,-0.778048
0.358715,-0.778062
0.358996,-0.778076
0.359277,-0.778091
0.359558,-0.778105
0.359839,-0.778119
0.36012,-0.778133
0.360401,-0.778148
0.360681,-0.778162
0.360962,-0.778176
0.361243,-0.77819
0.361524,-0.778205
0.361805,-0.778219
0.362086,-0.778233
0.362367,-0.778247
0.362648,-0.778261
0.362929,-0.778276
0.363209,-0.77829
0.36349,-0.778304
0.363771,-0.778318
0.364052,-0.778333
0.364333,-0.778347
0.364614,-0.778361
0.364895,-0.778375
0.365176,-0.77839
0.365457,-0.778404
0.365737,-0.778418
0.366018,-0.778432
0.366299,-0.778446
0.36658,-0.778461
0.366861,-0.778475
0.367142,-0.778489
0.367423,-0.778503
0.367704,-0.778518
0.367985,-0.778532
0.368265,-0.778546
0.368546,-0.77856
0.368827,-0.778574
0.369108,-0.778589
0.369389,-0.778603
0.36967,-0.778617
0.369951,-0.778631
0.370232,-0.778646
0.370513,-0.77866
0.370793,-0.778674
0.371074,-0.778688
0.371355,-0.778703
0.371636,-0.778717
0.371917,-0.778731
0.372198,-0.778745
0.372479,-0.778759
0.37276,-0.778774
0.373041,-0.778788
0.373321,-0.778802
0.373602,-0.778816
0.373883,-0.778831
0.374164,-0.778845
0.374445,-0.778859
0.374726,-0.778873
0.375007,-0.778888
0.375288,-0.778902
0.375569,-0.778916
0.375849,-0.77893
0.37613,-0.778944
0.376411,-0.778959
0.376692,-0.778973
0.376973,-0.778987
0.377254,-0.779001
0.377535,-0.779016
0.377816,-0.77903
0.378097,-0.779044
0.378377,-0.779058
0.378658,-0.779073
0.378939,-0.779087
0.37922,-0.779101
0.379501,-0.779115
0.379782,-0.779129
0.380063,-0.779144
0.380344,-0.779158
0.380625,-0.779172
0.380906,-0.779186
0.381186,-0.779201
0.381467,-0.779215
0.381748,-0.779229
0.382029,-0.779243
0.38231,-0.779258
0.382591,-0.779272
0.382872,-0.779286
0.383153,-0.7793
0.383434,-0.779314
0.383714,-0.779329
0.383995,-0.779343
0.384276,-0.779357
0.384557,-0.779371
0.384838,-0.779386
0.385119,-0.7794
0.3854,-0.779414
0.385681,-0.779428
0.385962,-0.779443
0.386242,-0.779457
0.386523,-0.779471
0.386804,-0.779485
0.387085,-0.779499
0.387366,-0.779514
0.387647,-0.779528
0.387928,-0.779542
0.388209,-0.779556
0.38849,-0.779571
0.38877,-0.779585
0.389051,-0.779599
0.389332,-0.779613
0.389613,-0.779627
0.389894,-0.779642
0.390175,-0.779656
0.390456,-0.77967
0.390737,-0.779684
0.391018,-0.779699
0.391298,-0.779713
0.391579,-0.779727
0.39186,-0.779741
0.392141,-0.779756
0.392422,-0.77977
0.392703,-0.779784
0.392984,-0.779798
0.393265,-0.779812
0.393546,-0.779827
0.393826,-0.779841
0.394107,-0.779855
0.394388,-0.779869
0.394669,-0.779884
0.39495,-0.779898
0.395231,-0.779912
0.395512,-0.779926
0.395793,-0.779941
0.396074,-0.779955
0.396354,-0.779969
0.396635,-0.779983
0.396916,-0.779997
0.397197,-0.780012
0.397478,-0.780026
0.397759,-0.78004
0.39804,-0.780054
0.398321,-0.780069
0.399283,-0.780188
0.400245,-0.780308
0.401207,-0.780428
0.40217,-0.780548
0.403132,-0.780668
0.404094,-0.780788
0.405056,-0.780908
0.406019,-0.781027
0.406981,-0.781147
0.407943,-0.781267
0.408906,-0.781387
0.409868,-0.781507
0.41083,-0.781627
0.411792,-0.781746
0.412755,-0.781866
0.413717,-0.781986
0.414679,-0.782106
0.415641,-0.782226
0.416604,-0.782346
0.417566,-0.782465
0.418528,-0.782585
0.41949,-0.782705
0.420453,-0.782825
0.421415,-0.782945
0.422377,-0.783065
0.423339,-0.783185
0.424302,-0.783304
0.425264,-0.783424
0.426226,-0.783544
0.427188,-0.783664
0.428151,-0.783784
0.429113,-0.783904
0.430075,-0.784023
0.431037,-0.784143
0.432,-0.784263
0.432962,-0.784383
0.433924,-0.784503
0.434887,-0.784623
0.435849,-0.784743
0.436811,-0.784862
0.437773,-0.784982
0.438736,-0.785102
0.439698,-0.785222
0.44066,-0.785342
0.441622,-0.785462
0.442585,-0.785581
0.443547,-0.785701
0.444509,-0.785821
0.445471,-0.785941
0.446434,-0.786061
0.447396,-0.786181
0.448358,-0.7863
0.44932,-0.78642
0.450283,-0.78654
0.451245,-0.78666
0.452207,-0.78678
0.453169,-0.7869
0.454132,-0.78702
0.455094,-0.787139
0.456056,-0.787259
0.457018,-0.787379
0.457981,-0.787499
0.458943,-0.787619
0.459905,-0.787739
0.460868,-0.787858
0.46183,-0.787978
0.462792,-0.788098
0.463754,-0.788218
0.464717,-0.788338
0.465679,-0.788458
0.466641,-0.788578
0.467603,-0.788697
0.468566,-0.788817
0.469528,-0.788937
0.47049,-0.789057
0.471452,-0.789177
0.472415,-0.789297
0.473377,-0.789416
0.474339,-0.789536
0.475301,-0.789656
0.476264,-0.789776
0.477226,-0.789896
0.478188,-0.790016
0.47915,-0.790135
0.480113,-0.790255
0.481075,-0.790375
0.482037,-0.790495
0.482999,-0.790615
0.483962,-0.790735
0.484924,-0.790855
0.485886,-0.790974
0.486849,-0.791094
0.487811,-0.791214
0.488773,-0.791334
0.489735,-0.791454
0.490698,-0.791574
0.49166,-0.791693
0.492622,-0.791813
0.493584,-0.791933
0.494547,-0.792053
0.495509,-0.792173
0.496471,-0.792293
0.497433,-0.792413
0.498396,-0.792532
0.499358,-0.792652
0.50032,-0.792772
0.501282,-0.792892
0.502245,-0.793012
0.503207,-0.793132
0.504169,-0.793251
0.505131,-0.793371
0.506094,-0.793491
0.507056,-0.793611
0.508018,-0.793731
0.50898,-0.793851
0.509943,-0.793971
0.510905,-0.79409
0.511867,-0.79421
0.51283,-0.79433
0.513792,-0.79445
0.514754,-0.79457
0.515716,-0.79469
0.516679,-0.794809
0.517641,-0.794929
0.518603,-0.795049
0.519565,-0.795169
0.520528,-0.795289
0.52149,-0.795409
0.522452,-0.795528
0.523414,-0.795648
0.524377,-0.795768
0.525339,-0.795888
0.526301,-0.796008
0.527263,-0.796128
0.528226,-0.796248
0.529188,-0.796367
0.53015,-0.796487
0.531112,-0.796607
0.532075,-0.796727
0.533037,-0.796847
0.533999,-0.796967
0.534961,-0.797086
0.535924,-0.797206
0.536886,-0.797326
0.537848,-0.797446
0.538811,-0.797566
0.539773,-0.797686
0.540735,-0.797806
0.541697,-0.797925
0.54266,-0.798045
0.543183,-0.797594
0.543707,-0.797143
0.544231,-0.796691
0.544755,-0.79624
0.545279,-0.795789
0.545803,-0.795337
0.546327,-0.794886
0.546851,-0.794434
0.547375,-0.793983
0.547899,-0.793532
0.548423,-0.79308
0.548947,-0.792629
0.549471,-0.792178
0.549994,-0.791726
0.550518,-0.791275
0.551042,-0.790824
0.551566,-0.790372
0.55209,-0.789921
0.552614,-0.78947
0.553138,-0.789018
0.553662,-0.788567
0.554186,-0.788116
0.55471,-0.787664
0.555234,-0.787213
0.555758,-0.786762
0.556282,-0.78631
0.556805,-0.785859
0.557329,-0.785408
0.557853,-0.784956
0.558377,-0.784505
0.558901,-0.784054
0.559425,-0.783602
0.559949,-0.783151
0.560473,-0.7827
0.560997,-0.782248
0.561521,-0.781797
0.562045,-0.781346
0.562569,-0.780894
0.563093,-0.780443
0.563617,-0.779992
0.56414,-0.77954
0.564664,-0.779089
0.565188,-0.778638
0.565712,-0.778186
0.566236,-0.777735
0.56676,-0.777284
0.567284,-0.776832
0.567808,-0.776381
0.568332,-0.77593
0.568856,-0.775478
0.56938,-0.775027
0.569904,-0.774576
0.570428,-0.774124
0.570951,-0.773673
0.571475,-0.773222
0.571999,-0.77277
0.572523,-0.772319
0.573047,-0.771868
0.573571,-0.771416
0.574095,-0.770965
0.574619,-0.770514
0.575143,-0.770062
0.575667,-0.769611
0.576191,-0.76916
0.576715,-0.768708
0.577239,-0.768257
0.577762,-0.767806
0.578286,-0.767354
0.57881,-0.766903
0.579334,-0.766452
0.579858,-0.766
0.580382,-0.765549
0.580906,-0.765098
0.58143,-0.764646
0.581954,-0.764195
0.582478,-0.763744
0.583002,-0.763292
0.583526,-0.762841
0.58405,-0.762389
0.584573,-0.761938
0.585097,-0.761487
0.585621,-0.761035
0.586145,-0.760584
0.586669,-0.760133
0.587193,-0.759681
0.587717,-0.75923
0.588241,-0.758779
0.588765,-0.758327
0.589289,-0.757876
0.589813,-0.757425
0.590337,-0.756973
0.590861,-0.756522
0.591385,-0.756071
0.591908,-0.755619
0.592432,-0.755168
0.592956,-0.754717
0.59348,-0.754265
0.594004,-0.753814
0.594528,-0.753363
0.595052,-0.752911
0.595576,-0.75246
0.5961,-0.752009
0.596624,-0.751557
0.597148,-0.751106
0.597672,-0.750655
0.598196,-0.750203
0.598719,-0.749752
0.599243,-0.749301
0.599767,-0.748849
0.600291,-0.748398
0.600815,-0.747947
0.601339,-0.747495
0.601863,-0.747044
0.602387,-0.746593
0.602911,-0.746141
0.603435,-0.74569
0.603959,-0.745239
0.604483,-0.744787
0.605007,-0.744336
0.60553,-0.743885
0.606054,-0.743433
0.606578,-0.742982
0.607102,-0.742531
0.607626,-0.742079
0.60815,-0.741628
0.608674,-0.741177
0.609198,-0.740725
0.609722,-0.740274
0.610246,-0.739823
0.61077,-0.739371
0.611294,-0.73892
0.611818,-0.738469
0.612341,-0.738017
0.612865,-0.737566
0.613389,-0.737115
0.613913,-0.736663
0.614437,-0.736212
0.614961,-0.735761
0.615485,-0.735309
0.616009,-0.734858
0.616533,-0.734407
0.617057,-0.733955
0.617581,-0.733504
0.618105,-0.733053
0.618629,-0.732601
0.619153,-0.73215
0.619676,-0.731698
0.6202,-0.731247
0.620724,-0.730796
