O
10
1,0,-1,0.78,-0.5,0.75,0.0,0.0,0.0,0.3,0.4,0.02,0,0.8,False
2,0,-1,1.1,-0.5,0.93,0.0,0.0,0.0,0.02,0.4,0.2,0,0.8,False
3,0,-1,0.78,-0.5,1.11,0.0,0.0,0.0,0.3,0.4,0.02,0,0.8,False
4,0,-1,0.8,-0.92,0.93,0.0,0.0,0.0,0.32,0.02,0.2,0,0.8,False
5,0,-1,0.8,-0.08,0.93,0.0,0.0,0.0,0.32,0.02,0.2,0,0.8,False
6,0,0,0.6580843860990391,-0.4969533526303577,0.86,0.0,0.0,6.165752306717027,0.034501443676038204,0.047030289652422626,0.09,0.12339784997320602,1.11879814671727,False
7,0,0,0.841247048040447,-0.24953733554251112,0.86,0.0,0.0,1.5547920042465202,0.03,0.04036263388589596,0.09,0.3550246456328651,1.16933887833534,False
8,2,0,0.9012881926633355,-0.45899496850201915,0.8450000000000001,0.0,0.0,4.2906910204579525,0.06629460511278505,0.06629460511278505,0.15,0.005501352096202838,1.1501776642483932,False
9,0,0,1.0092828626180501,-0.7029684781172107,0.8657366123423428,0.0,0.0,3.5136968624875355,0.03716170555130128,0.06637937460422222,0.09573661234234274,0.4325976816044173,1.1620213734714642,False
10,2,0,0.5769067502652562,-0.25908610014819256,0.8450000000000001,0.0,0.0,3.7612701296611135,0.03,0.03,0.15,0.276156840494658,0.8064823629683284,False
R
0.0,0.0,0.0,0.0,0.0,0.0,1.0
S
8
torso_lift_joint,0
r_shoulder_pan_joint,-1.69017
r_shoulder_lift_joint,-0.0788625
r_upper_arm_roll_joint,-1.69017
r_elbow_flex_joint,-1.2717
r_forearm_roll_joint,-0.151824
r_wrist_flex_joint,-1.25254
r_wrist_roll_joint,0.675062
G
0.519068,-0.306832,0.845,0.690091,-0,0
ooi
10
A
599
0.310248,-0.673113
0.31181,-0.673268
0.313372,-0.673422
0.314934,-0.673577
0.316497,-0.673731
0.318059,-0.673886
0.319621,-0.67404
0.321183,-0.674195
0.322745,-0.674349
0.324307,-0.674504
0.325869,-0.674658
0.327431,-0.674813
0.328993,-0.674967
0.330555,-0.675122
0.332117,-0.675276
0.333679,-0.675431
0.335242,-0.675585
0.336804,-0.67574
0.338366,-0.675894
0.339928,-0.676049
0.34149,-0.676203
0.343052,-0.676358
0.344614,-0.676512
0.346176,-0.676667
0.347738,-0.676821
0.3493,-0.676976
0.350862,-0.67713
0.352424,-0.677285
0.353987,-0.677439
0.355549,-0.677594
0.357111,-0.677748
0.358673,-0.677903
0.360235,-0.678057
0.361797,-0.678212
0.363359,-0.678366
0.364921,-0.678521
0.366483,-0.678675
0.368045,-0.67883
0.369607,-0.678984
0.371169,-0.679139
0.372732,-0.679293
0.374294,-0.679448
0.375856,-0.679602
0.377418,-0.679757
0.37898,-0.679911
0.380542,-0.680066
0.382104,-0.68022
0.383666,-0.680375
0.385228,-0.68053
0.38679,-0.680684
0.388352,-0.680839
0.389915,-0.680993
0.391477,-0.681148
0.393039,-0.681302
0.394601,-0.681457
0.396163,-0.681611
0.397725,-0.681766
0.399287,-0.68192
0.400849,-0.682075
0.402411,-0.682229
0.403973,-0.682384
0.405535,-0.682538
0.407097,-0.682693
0.40866,-0.682847
0.410222,-0.683002
0.411784,-0.683156
0.413346,-0.683311
0.414908,-0.683465
0.41647,-0.68362
0.418032,-0.683774
0.419594,-0.683929
0.421156,-0.684083
0.422718,-0.684238
0.42428,-0.684392
0.425842,-0.684547
0.427405,-0.684701
0.428967,-0.684856
0.430529,-0.68501
0.432091,-0.685165
0.433653,-0.685319
0.435215,-0.685474
0.436777,-0.685628
0.438339,-0.685783
0.439901,-0.685937
0.441463,-0.686092
0.443025,-0.686246
0.444587,-0.686401
0.44615,-0.686555
0.447712,-0.68671
0.449274,-0.686864
0.450836,-0.687019
0.452398,-0.687173
0.45396,-0.687328
0.455522,-0.687482
0.457084,-0.687637
0.458646,-0.687791
0.460208,-0.687946
0.46177,-0.6881
0.463333,-0.688255
0.464895,-0.688409
0.466457,-0.688564
0.468019,-0.688718
0.469581,-0.688873
0.471143,-0.689028
0.472705,-0.689182
0.474267,-0.689337
0.475829,-0.689491
0.477391,-0.689646
0.478953,-0.6898
0.480515,-0.689955
0.482078,-0.690109
0.48364,-0.690264
0.485202,-0.690418
0.486764,-0.690573
0.488326,-0.690727
0.489888,-0.690882
0.49145,-0.691036
0.493012,-0.691191
0.494574,-0.691345
0.496136,-0.6915
0.497698,-0.691654
0.49926,-0.691809
0.500823,-0.691963
0.502385,-0.692118
0.503947,-0.692272
0.505509,-0.692427
0.507071,-0.692581
0.508633,-0.692736
0.510195,-0.69289
0.511757,-0.693045
0.513319,-0.693199
0.514881,-0.693354
0.516443,-0.693508
0.518005,-0.693663
0.519568,-0.693817
0.52113,-0.693972
0.522692,-0.694126
0.524254,-0.694281
0.525816,-0.694435
0.527378,-0.69459
0.52894,-0.694744
0.530502,-0.694899
0.532064,-0.695053
0.533626,-0.695208
0.535188,-0.695362
0.53675,-0.695517
0.538313,-0.695671
0.539875,-0.695826
0.541437,-0.69598
0.542999,-0.696135
0.544561,-0.696289
0.543938,-0.695656
0.543316,-0.695023
0.542693,-0.694389
0.54207,-0.693756
0.541447,-0.693122
0.540825,-0.692489
0.540202,-0.691856
0.539579,-0.691222
0.538957,-0.690589
0.538334,-0.689956
0.537711,-0.689322
0.537089,-0.688689
0.536466,-0.688055
0.535843,-0.687422
0.53522,-0.686789
0.534598,-0.686155
0.533975,-0.685522
0.533352,-0.684888
0.53273,-0.684255
0.532107,-0.683622
0.531484,-0.682988
0.530862,-0.682355
0.530239,-0.681721
0.529616,-0.681088
0.528993,-0.680455
0.528371,-0.679821
0.527748,-0.679188
0.527125,-0.678555
0.526503,-0.677921
0.52588,-0.677288
0.525257,-0.676654
0.524635,-0.676021
0.524012,-0.675388
0.523389,-0.674754
0.522766,-0.674121
0.522144,-0.673487
0.521521,-0.672854
0.520898,-0.672221
0.520276,-0.671587
0.519653,-0.670954
0.51903,-0.67032
0.518408,-0.669687
0.517785,-0.669054
0.517162,-0.66842
0.51654,-0.667787
0.515917,-0.667153
0.515294,-0.66652
0.514671,-0.665887
0.514049,-0.665253
0.513426,-0.66462
0.512803,-0.663987
0.512181,-0.663353
0.511558,-0.66272
0.510935,-0.662086
0.510313,-0.661453
0.50969,-0.66082
0.509067,-0.660186
0.508444,-0.659553
0.507822,-0.658919
0.507199,-0.658286
0.506576,-0.657653
0.505954,-0.657019
0.505331,-0.656386
0.504708,-0.655752
0.504086,-0.655119
0.503463,-0.654486
0.50284,-0.653852
0.502217,-0.653219
0.501595,-0.652586
0.500972,-0.651952
0.500349,-0.651319
0.499727,-0.650685
0.499104,-0.650052
0.498481,-0.649419
0.497859,-0.648785
0.497236,-0.648152
0.496613,-0.647518
0.49599,-0.646885
0.495368,-0.646252
0.494745,-0.645618
0.494122,-0.644985
0.4935,-0.644351
0.492877,-0.643718
0.492254,-0.643085
0.491632,-0.642451
0.491009,-0.641818
0.490386,-0.641184
0.489764,-0.640551
0.489141,-0.639918
0.488518,-0.639284
0.487895,-0.638651
0.487273,-0.638018
0.48665,-0.637384
0.486027,-0.636751
0.485405,-0.636117
0.484782,-0.635484
0.484159,-0.634851
0.483537,-0.634217
0.482914,-0.633584
0.482291,-0.63295
0.481668,-0.632317
0.481046,-0.631684
0.480423,-0.63105
0.4798,-0.630417
0.479178,-0.629783
0.478555,-0.62915
0.477932,-0.628517
0.47731,-0.627883
0.476687,-0.62725
0.476064,-0.626616
0.475441,-0.625983
0.474819,-0.62535
0.474196,-0.624716
0.473573,-0.624083
0.472951,-0.62345
0.472328,-0.622816
0.471705,-0.622183
0.471083,-0.621549
0.47046,-0.620916
0.469837,-0.620283
0.469214,-0.619649
0.468592,-0.619016
0.467969,-0.618382
0.467346,-0.617749
0.466724,-0.617116
0.466101,-0.616482
0.465478,-0.615849
0.464856,-0.615215
0.464233,-0.614582
0.46361,-0.613949
0.462987,-0.613315
0.462365,-0.612682
0.461742,-0.612049
0.461119,-0.611415
0.460497,-0.610782
0.459874,-0.610148
0.459251,-0.609515
0.458629,-0.608882
0.458006,-0.608248
0.457383,-0.607615
0.456761,-0.606981
0.456138,-0.606348
0.455515,-0.605715
0.454892,-0.605081
0.45427,-0.604448
0.453647,-0.603814
0.453024,-0.603181
0.452402,-0.602548
0.451779,-0.601914
0.452143,-0.600888
0.452506,-0.599863
0.45287,-0.598837
0.453234,-0.597811
0.453597,-0.596785
0.453961,-0.595759
0.454325,-0.594733
0.454688,-0.593708
0.455052,-0.592682
0.455416,-0.591656
0.455779,-0.59063
0.456143,-0.589604
0.456507,-0.588578
0.45687,-0.587553
0.457234,-0.586527
0.457598,-0.585501
0.457961,-0.584475
0.458325,-0.583449
0.458689,-0.582423
0.459053,-0.581398
0.459416,-0.580372
0.45978,-0.579346
0.460144,-0.57832
0.460507,-0.577294
0.460871,-0.576268
0.461235,-0.575243
0.461598,-0.574217
0.461962,-0.573191
0.462326,-0.572165
0.462689,-0.571139
0.463053,-0.570114
0.463417,-0.569088
0.46378,-0.568062
0.464144,-0.567036
0.464508,-0.56601
0.464871,-0.564984
0.465235,-0.563959
0.465599,-0.562933
0.465962,-0.561907
0.466326,-0.560881
0.46669,-0.559855
0.467053,-0.558829
0.467417,-0.557804
0.467781,-0.556778
0.468144,-0.555752
0.468508,-0.554726
0.468872,-0.5537
0.469236,-0.552674
0.469599,-0.551649
0.469963,-0.550623
0.470327,-0.549597
0.47069,-0.548571
0.471054,-0.547545
0.471418,-0.546519
0.471781,-0.545494
0.472145,-0.544468
0.472509,-0.543442
0.472872,-0.542416
0.473236,-0.54139
0.4736,-0.540364
0.473963,-0.539339
0.474327,-0.538313
0.474691,-0.537287
0.475054,-0.536261
0.475418,-0.535235
0.475782,-0.534209
0.476145,-0.533184
0.476509,-0.532158
0.476873,-0.531132
0.477236,-0.530106
0.4776,-0.52908
0.477964,-0.528054
0.478327,-0.527029
0.478691,-0.526003
0.479055,-0.524977
0.479419,-0.523951
0.479782,-0.522925
0.480146,-0.521899
0.48051,-0.520874
0.480873,-0.519848
0.481237,-0.518822
0.481601,-0.517796
0.481964,-0.51677
0.482328,-0.515744
0.482692,-0.514719
0.483055,-0.513693
0.483419,-0.512667
0.483783,-0.511641
0.484146,-0.510615
0.48451,-0.509589
0.484874,-0.508564
0.485237,-0.507538
0.485601,-0.506512
0.485965,-0.505486
0.486328,-0.50446
0.486692,-0.503434
0.487056,-0.502409
0.487419,-0.501383
0.487783,-0.500357
0.488147,-0.499331
0.488511,-0.498305
0.488874,-0.49728
0.489238,-0.496254
0.489602,-0.495228
0.489965,-0.494202
0.490329,-0.493176
0.490693,-0.49215
0.491056,-0.491125
0.49142,-0.490099
0.491784,-0.489073
0.492147,-0.488047
0.492511,-0.487021
0.492875,-0.485995
0.493238,-0.48497
0.493602,-0.483944
0.493966,-0.482918
0.494329,-0.481892
0.494693,-0.480866
0.495057,-0.47984
0.49542,-0.478815
0.495784,-0.477789
0.496148,-0.476763
0.496511,-0.475737
0.496875,-0.474711
0.497239,-0.473685
0.497602,-0.47266
0.497966,-0.471634
0.49833,-0.470608
0.498694,-0.469582
0.499057,-0.468556
0.499421,-0.46753
0.499785,-0.466505
0.500148,-0.465479
0.500512,-0.464453
0.500876,-0.463427
0.501239,-0.462401
0.501603,-0.461375
0.501967,-0.46035
0.50233,-0.459324
0.502694,-0.458298
0.503058,-0.457272
0.503421,-0.456246
0.503785,-0.45522
0.504149,-0.454195
0.504512,-0.453169
0.504876,-0.452143
0.50524,-0.451117
0.505603,-0.450091
0.505967,-0.449065
0.506331,-0.44804
0.506416,-0.447092
0.506502,-0.446144
0.506587,-0.445197
0.506673,-0.444249
0.506758,-0.443301
0.506844,-0.442353
0.506929,-0.441406
0.507015,-0.440458
0.5071,-0.43951
0.507186,-0.438563
0.507271,-0.437615
0.507357,-0.436667
0.507442,-0.435719
0.507528,-0.434772
0.507613,-0.433824
0.507698,-0.432876
0.507784,-0.431929
0.507869,-0.430981
0.507955,-0.430033
0.50804,-0.429086
0.508126,-0.428138
0.508211,-0.42719
0.508297,-0.426242
0.508382,-0.425295
0.508468,-0.424347
0.508553,-0.423399
0.508639,-0.422452
0.508724,-0.421504
0.50881,-0.420556
0.508895,-0.419608
0.508981,-0.418661
0.509066,-0.417713
0.509152,-0.416765
0.509237,-0.415818
0.509323,-0.41487
0.509408,-0.413922
0.509494,-0.412975
0.509579,-0.412027
0.509665,-0.411079
0.50975,-0.410131
0.509836,-0.409184
0.509921,-0.408236
0.510007,-0.407288
0.510092,-0.406341
0.510177,-0.405393
0.510263,-0.404445
0.510348,-0.403498
0.510434,-0.40255
0.510519,-0.401602
0.510605,-0.400654
0.51069,-0.399707
0.510776,-0.398759
0.510861,-0.397811
0.510947,-0.396864
0.511032,-0.395916
0.511118,-0.394968
0.511203,-0.39402
0.511289,-0.393073
0.511374,-0.392125
0.51146,-0.391177
0.511545,-0.39023
0.511631,-0.389282
0.511716,-0.388334
0.511802,-0.387387
0.511887,-0.386439
0.511973,-0.385491
0.512058,-0.384543
0.512144,-0.383596
0.512229,-0.382648
0.512315,-0.3817
0.5124,-0.380753
0.512485,-0.379805
0.512571,-0.378857
0.512656,-0.377909
0.512742,-0.376962
0.512827,-0.376014
0.512913,-0.375066
0.512998,-0.374119
0.513084,-0.373171
0.513169,-0.372223
0.513255,-0.371276
0.51334,-0.370328
0.513426,-0.36938
0.513511,-0.368432
0.513597,-0.367485
0.513682,-0.366537
0.513768,-0.365589
0.513853,-0.364642
0.513939,-0.363694
0.514024,-0.362746
0.51411,-0.361798
0.514195,-0.360851
0.514281,-0.359903
0.514366,-0.358955
0.514452,-0.358008
0.514537,-0.35706
0.514623,-0.356112
0.514708,-0.355165
0.514794,-0.354217
0.514879,-0.353269
0.514964,-0.352321
0.51505,-0.351374
0.515135,-0.350426
0.515221,-0.349478
0.515306,-0.348531
0.515392,-0.347583
0.515477,-0.346635
0.515563,-0.345688
0.515648,-0.34474
0.515734,-0.343792
0.515819,-0.342844
0.515905,-0.341897
0.51599,-0.340949
0.516076,-0.340001
0.516161,-0.339054
0.516247,-0.338106
0.516332,-0.337158
0.516418,-0.33621
0.516503,-0.335263
0.516589,-0.334315
0.516674,-0.333367
0.51676,-0.33242
0.516845,-0.331472
0.516931,-0.330524
0.517016,-0.329577
0.517102,-0.328629
0.517187,-0.327681
0.517272,-0.326733
0.517358,-0.325786
0.517443,-0.324838
0.517529,-0.32389
0.517614,-0.322943
0.5177,-0.321995
0.517785,-0.321047
0.517871,-0.320099
0.517956,-0.319152
0.518042,-0.318204
0.518127,-0.317256
0.518213,-0.316309
0.518298,-0.315361
0.518384,-0.314413
0.518469,-0.313466
0.518555,-0.312518
0.51864,-0.31157
0.518726,-0.310622
0.518811,-0.309675
0.518897,-0.308727
0.518982,-0.307779
0.519068,-0.306832
