O
10
1,0,-1,0.78,-0.5,0.75,0.0,0.0,0.0,0.3,0.4,0.02,0,0.8,False
2,0,-1,1.1,-0.5,0.93,0.0,0.0,0.0,0.02,0.4,0.2,0,0.8,False
3,0,-1,0.78,-0.5,1.11,0.0,0.0,0.0,0.3,0.4,0.02,0,0.8,False
4,0,-1,0.8,-0.92,0.93,0.0,0.0,0.0,0.32,0.02,0.2,0,0.8,False
5,0,-1,0.8,-0.08,0.93,0.0,0.0,0.0,0.32,0.02,0.2,0,0.8,False
6,0,0,0.6088735469642119,-0.8154313718604439,0.8990785320260362,0.0,0.0,0.36143848475680296,0.03,0.03,0.1290785320260361,0.21644036522915078,1.0953922912010692,False
7,0,0,0.7656348713066914,-0.7600603046606312,0.86,0.0,0.0,6.039739931172014,0.03317089358021762,0.05934113777072933,0.09,0.19139819488389032,1.177969956606875,False
8,0,0,0.6672152988245257,-0.4813812387076275,0.8791300936426725,0.0,0.0,0.6197768386316846,0.03,0.03592484577351382,0.10913009364267244,0.11547369323738405,1.1954773975915318,False
9,2,0,0.5703982195637971,-0.2531776519484249,0.8450000000000001,0.0,0.0,1.113395344270704,0.03527893829787921,0.03527893829787921,0.15,0.4098253939663765,1.1717446405532232,False
10,0,0,0.8483288740547278,-0.4181964731467557,0.8942672044450533,0.0,0.0,2.174230648302174,0.03,0.03,0.12426720444505326,0.40073740836605287,0.8910031533954507,False
R
0.0,0.0,0.0,0.0,0.0,0.0,1.0
S
8
torso_lift_joint,0
r_shoulder_pan_joint,-1.69017
r_shoulder_lift_joint,-0.0788625
r_upper_arm_roll_joint,-1.69017
r_elbow_flex_joint,-1.2717
r_forearm_roll_joint,-0.151824
r_wrist_flex_joint,-1.25254
r_wrist_roll_joint,0.675062
G
0.582352,-0.745277,0.899079,1.93223,-3.14159,3.14159
ooi
6
A
599
0.310248,-0.673113
0.310738,-0.673171
0.311228,-0.673229
0.311718,-0.673287
0.312208,-0.673345
0.312698,-0.673403
0.313187,-0.673461
0.313677,-0.673519
0.314167,-0.673576
0.314657,-0.673634
0.315147,-0.673692
0.315637,-0.67375
0.316127,-0.673808
0.316617,-0.673866
0.317107,-0.673924
0.317596,-0.673982
0.318086,-0.67404
0.318576,-0.674098
0.319066,-0.674156
0.319556,-0.674214
0.320046,-0.674272
0.320536,-0.67433
0.321026,-0.674387
0.321515,-0.674445
0.322005,-0.674503
0.322495,-0.674561
0.322985,-0.674619
0.323475,-0.674677
0.323965,-0.674735
0.324455,-0.674793
0.324945,-0.674851
0.325435,-0.674909
0.325924,-0.674967
0.326414,-0.675025
0.326904,-0.675083
0.327394,-0.675141
0.327884,-0.675198
0.328374,-0.675256
0.328864,-0.675314
0.329354,-0.675372
0.329843,-0.67543
0.330333,-0.675488
0.330823,-0.675546
0.331313,-0.675604
0.331803,-0.675662
0.332293,-0.67572
0.332783,-0.675778
0.333273,-0.675836
0.333763,-0.675894
0.334252,-0.675952
0.334742,-0.676009
0.335232,-0.676067
0.335722,-0.676125
0.336212,-0.676183
0.336702,-0.676241
0.337192,-0.676299
0.337682,-0.676357
0.338171,-0.676415
0.338661,-0.676473
0.339151,-0.676531
0.339641,-0.676589
0.340131,-0.676647
0.340621,-0.676705
0.341111,-0.676763
0.341601,-0.67682
0.342091,-0.676878
0.34258,-0.676936
0.34307,-0.676994
0.34356,-0.677052
0.34405,-0.67711
0.34454,-0.677168
0.34503,-0.677226
0.34552,-0.677284
0.34601,-0.677342
0.3465,-0.6774
0.346989,-0.677458
0.347479,-0.677516
0.347969,-0.677574
0.348459,-0.677631
0.348949,-0.677689
0.349439,-0.677747
0.349929,-0.677805
0.350419,-0.677863
0.350908,-0.677921
0.351398,-0.677979
0.351888,-0.678037
0.352378,-0.678095
0.352868,-0.678153
0.353358,-0.678211
0.353848,-0.678269
0.354338,-0.678327
0.354828,-0.678385
0.355317,-0.678442
0.355807,-0.6785
0.356297,-0.678558
0.356787,-0.678616
0.357277,-0.678674
0.357767,-0.678732
0.358257,-0.67879
0.358747,-0.678848
0.359236,-0.678906
0.359726,-0.678964
0.360216,-0.679022
0.360706,-0.67908
0.361196,-0.679138
0.361686,-0.679196
0.362176,-0.679253
0.362666,-0.679311
0.363156,-0.679369
0.363645,-0.679427
0.364135,-0.679485
0.364625,-0.679543
0.365115,-0.679601
0.365605,-0.679659
0.366095,-0.679717
0.366585,-0.679775
0.367075,-0.679833
0.367564,-0.679891
0.368054,-0.679949
0.368544,-0.680007
0.369034,-0.680064
0.369524,-0.680122
0.370014,-0.68018
0.370504,-0.680238
0.370994,-0.680296
0.371484,-0.680354
0.371973,-0.680412
0.372463,-0.68047
0.372953,-0.680528
0.373443,-0.680586
0.373933,-0.680644
0.374423,-0.680702
0.374913,-0.68076
0.375403,-0.680817
0.375892,-0.680875
0.376382,-0.680933
0.376872,-0.680991
0.377362,-0.681049
0.377852,-0.681107
0.378342,-0.681165
0.378832,-0.681223
0.379322,-0.681281
0.379812,-0.681339
0.380301,-0.681397
0.380791,-0.681455
0.381281,-0.681513
0.381771,-0.681571
0.382261,-0.681628
0.382751,-0.681686
0.383241,-0.681744
0.383731,-0.681802
0.383418,-0.681782
0.383105,-0.681761
0.382792,-0.681741
0.382479,-0.68172
0.382166,-0.6817
0.381853,-0.681679
0.38154,-0.681659
0.381227,-0.681638
0.380914,-0.681618
0.380602,-0.681597
0.380289,-0.681577
0.379976,-0.681556
0.379663,-0.681536
0.37935,-0.681515
0.379037,-0.681495
0.378724,-0.681475
0.378411,-0.681454
0.378098,-0.681434
0.377785,-0.681413
0.377472,-0.681393
0.37716,-0.681372
0.376847,-0.681352
0.376534,-0.681331
0.376221,-0.681311
0.375908,-0.68129
0.375595,-0.68127
0.375282,-0.681249
0.374969,-0.681229
0.374656,-0.681208
0.374343,-0.681188
0.37403,-0.681167
0.373718,-0.681147
0.373405,-0.681126
0.373092,-0.681106
0.372779,-0.681085
0.372466,-0.681065
0.372153,-0.681044
0.37184,-0.681024
0.371527,-0.681003
0.371214,-0.680983
0.370901,-0.680962
0.370588,-0.680942
0.370276,-0.680921
0.369963,-0.680901
0.36965,-0.68088
0.369337,-0.68086
0.369024,-0.68084
0.368711,-0.680819
0.368398,-0.680799
0.368085,-0.680778
0.367772,-0.680758
0.367459,-0.680737
0.367146,-0.680717
0.366834,-0.680696
0.366521,-0.680676
0.366208,-0.680655
0.365895,-0.680635
0.365582,-0.680614
0.365269,-0.680594
0.364956,-0.680573
0.364643,-0.680553
0.36433,-0.680532
0.364017,-0.680512
0.363704,-0.680491
0.363392,-0.680471
0.363079,-0.68045
0.362766,-0.68043
0.362453,-0.680409
0.36214,-0.680389
0.361827,-0.680368
0.361514,-0.680348
0.361201,-0.680327
0.360888,-0.680307
0.360575,-0.680286
0.360262,-0.680266
0.35995,-0.680245
0.359637,-0.680225
0.359324,-0.680205
0.359011,-0.680184
0.358698,-0.680164
0.358385,-0.680143
0.358072,-0.680123
0.357759,-0.680102
0.357446,-0.680082
0.357133,-0.680061
0.35682,-0.680041
0.356508,-0.68002
0.356195,-0.68
0.355882,-0.679979
0.355569,-0.679959
0.355256,-0.679938
0.354943,-0.679918
0.35463,-0.679897
0.354317,-0.679877
0.354004,-0.679856
0.353691,-0.679836
0.353378,-0.679815
0.353066,-0.679795
0.352753,-0.679774
0.35244,-0.679754
0.352127,-0.679733
0.351814,-0.679713
0.351501,-0.679692
0.351188,-0.679672
0.350875,-0.679651
0.350562,-0.679631
0.350249,-0.67961
0.349936,-0.67959
0.349624,-0.679569
0.349311,-0.679549
0.348998,-0.679529
0.348685,-0.679508
0.348372,-0.679488
0.348059,-0.679467
0.347746,-0.679447
0.347433,-0.679426
0.34712,-0.679406
0.346807,-0.679385
0.346494,-0.679365
0.346182,-0.679344
0.345869,-0.679324
0.345556,-0.679303
0.345243,-0.679283
0.34493,-0.679262
0.344617,-0.679242
0.344304,-0.679221
0.343991,-0.679201
0.343678,-0.67918
0.343365,-0.67916
0.343053,-0.679139
0.34274,-0.679119
0.342427,-0.679098
0.342114,-0.679078
0.341801,-0.679057
0.341488,-0.679037
0.341175,-0.679016
0.340862,-0.678996
0.340549,-0.678975
0.340236,-0.678955
0.339923,-0.678934
0.339611,-0.678914
0.339298,-0.678894
0.338985,-0.678873
0.338672,-0.678853
0.338359,-0.678832
0.338046,-0.678812
0.337733,-0.678791
0.33742,-0.678771
0.337107,-0.67875
0.337237,-0.679423
0.337367,-0.680097
0.337497,-0.68077
0.337627,-0.681443
0.337757,-0.682117
0.337888,-0.68279
0.338018,-0.683463
0.338148,-0.684137
0.338278,-0.68481
0.338408,-0.685483
0.338538,-0.686156
0.338668,-0.68683
0.338798,-0.687503
0.338928,-0.688176
0.339058,-0.68885
0.339188,-0.689523
0.339318,-0.690196
0.339448,-0.69087
0.339578,-0.691543
0.339708,-0.692216
0.339838,-0.69289
0.339968,-0.693563
0.340098,-0.694236
0.340228,-0.694909
0.340358,-0.695583
0.340488,-0.696256
0.340618,-0.696929
0.340749,-0.697603
0.340879,-0.698276
0.341009,-0.698949
0.341139,-0.699623
0.341269,-0.700296
0.341399,-0.700969
0.341529,-0.701642
0.341659,-0.702316
0.341789,-0.702989
0.341919,-0.703662
0.342049,-0.704336
0.342179,-0.705009
0.342309,-0.705682
0.342439,-0.706356
0.342569,-0.707029
0.342699,-0.707702
0.342829,-0.708376
0.342959,-0.709049
0.343089,-0.709722
0.343219,-0.710395
0.343349,-0.711069
0.34348,-0.711742
0.34361,-0.712415
0.34374,-0.713089
0.34387,-0.713762
0.344,-0.714435
0.34413,-0.715109
0.34426,-0.715782
0.34439,-0.716455
0.34452,-0.717128
0.34465,-0.717802
0.34478,-0.718475
0.34491,-0.719148
0.34504,-0.719822
0.34517,-0.720495
0.3453,-0.721168
0.34543,-0.721842
0.34556,-0.722515
0.34569,-0.723188
0.34582,-0.723862
0.34595,-0.724535
0.34608,-0.725208
0.34621,-0.725881
0.346341,-0.726555
0.346471,-0.727228
0.346601,-0.727901
0.346731,-0.728575
0.346861,-0.729248
0.346991,-0.729921
0.347121,-0.730595
0.347251,-0.731268
0.347381,-0.731941
0.347511,-0.732614
0.347641,-0.733288
0.347771,-0.733961
0.347901,-0.734634
0.348031,-0.735308
0.348161,-0.735981
0.348291,-0.736654
0.348421,-0.737328
0.348551,-0.738001
0.348681,-0.738674
0.348811,-0.739348
0.348941,-0.740021
0.349072,-0.740694
0.349202,-0.741367
0.349332,-0.742041
0.349462,-0.742714
0.349592,-0.743387
0.349722,-0.744061
0.349852,-0.744734
0.349982,-0.745407
0.350112,-0.746081
0.350242,-0.746754
0.350372,-0.747427
0.350502,-0.7481
0.350632,-0.748774
0.350762,-0.749447
0.350892,-0.75012
0.351022,-0.750794
0.351152,-0.751467
0.351282,-0.75214
0.351412,-0.752814
0.351542,-0.753487
0.351672,-0.75416
0.351802,-0.754834
0.351933,-0.755507
0.352063,-0.75618
0.352193,-0.756853
0.352323,-0.757527
0.352453,-0.7582
0.352583,-0.758873
0.352713,-0.759547
0.352843,-0.76022
0.352973,-0.760893
0.353103,-0.761567
0.353233,-0.76224
0.353363,-0.762913
0.353493,-0.763586
0.353623,-0.76426
0.353753,-0.764933
0.353883,-0.765606
0.354013,-0.76628
0.354143,-0.766953
0.354273,-0.767626
0.354403,-0.7683
0.354533,-0.768973
0.354664,-0.769646
0.354794,-0.77032
0.354924,-0.770993
0.355054,-0.771666
0.355184,-0.772339
0.355314,-0.773013
0.355444,-0.773686
0.355574,-0.774359
0.355704,-0.775033
0.355834,-0.775706
0.355964,-0.776379
0.356094,-0.777053
0.356224,-0.777726
0.356354,-0.778399
0.356484,-0.779072
0.356614,-0.779746
0.358129,-0.779514
0.359644,-0.779283
0.361159,-0.779052
0.362674,-0.77882
0.364189,-0.778589
0.365704,-0.778358
0.367219,-0.778126
0.368734,-0.777895
0.370249,-0.777664
0.371764,-0.777432
0.373279,-0.777201
0.374794,-0.77697
0.376309,-0.776738
0.377824,-0.776507
0.379339,-0.776276
0.380855,-0.776044
0.38237,-0.775813
0.383885,-0.775582
0.3854,-0.77535
0.386915,-0.775119
0.38843,-0.774888
0.389945,-0.774656
0.39146,-0.774425
0.392975,-0.774194
0.39449,-0.773962
0.396005,-0.773731
0.39752,-0.7735
0.399035,-0.773268
0.40055,-0.773037
0.402065,-0.772806
0.40358,-0.772574
0.405095,-0.772343
0.40661,-0.772112
0.408125,-0.77188
0.40964,-0.771649
0.411155,-0.771418
0.41267,-0.771186
0.414185,-0.770955
0.4157,-0.770724
0.417215,-0.770492
0.41873,-0.770261
0.420245,-0.77003
0.42176,-0.769798
0.423275,-0.769567
0.42479,-0.769336
0.426305,-0.769104
0.42782,-0.768873
0.429335,-0.768642
0.43085,-0.76841
0.432365,-0.768179
0.43388,-0.767948
0.435395,-0.767716
0.43691,-0.767485
0.438425,-0.767254
0.43994,-0.767022
0.441455,-0.766791
0.44297,-0.76656
0.444485,-0.766328
0.446,-0.766097
0.447515,-0.765866
0.44903,-0.765634
0.450545,-0.765403
0.45206,-0.765172
0.453575,-0.76494
0.45509,-0.764709
0.456605,-0.764478
0.45812,-0.764246
0.459636,-0.764015
0.461151,-0.763784
0.462666,-0.763552
0.464181,-0.763321
0.465696,-0.76309
0.467211,-0.762858
0.468726,-0.762627
0.470241,-0.762396
0.471756,-0.762164
0.473271,-0.761933
0.474786,-0.761702
0.476301,-0.76147
0.477816,-0.761239
0.479331,-0.761008
0.480846,-0.760776
0.482361,-0.760545
0.483876,-0.760314
0.485391,-0.760082
0.486906,-0.759851
0.488421,-0.75962
0.489936,-0.759388
0.491451,-0.759157
0.492966,-0.758926
0.494481,-0.758694
0.495996,-0.758463
0.497511,-0.758232
0.499026,-0.758
0.500541,-0.757769
0.502056,-0.757538
0.503571,-0.757307
0.505086,-0.757075
0.506601,-0.756844
0.508116,-0.756613
0.509631,-0.756381
0.511146,-0.75615
0.512661,-0.755919
0.514176,-0.755687
0.515691,-0.755456
0.517206,-0.755225
0.518721,-0.754993
0.520236,-0.754762
0.521751,-0.754531
0.523266,-0.754299
0.524781,-0.754068
0.526296,-0.753837
0.527811,-0.753605
0.529326,-0.753374
0.530841,-0.753143
0.532356,-0.752911
0.533871,-0.75268
0.535386,-0.752449
0.536901,-0.752217
0.538416,-0.751986
0.539932,-0.751755
0.541447,-0.751523
0.542962,-0.751292
0.544477,-0.751061
0.545992,-0.750829
0.547507,-0.750598
0.549022,-0.750367
0.550537,-0.750135
0.552052,-0.749904
0.553567,-0.749673
0.555082,-0.749441
0.556597,-0.74921
0.558112,-0.748979
0.559627,-0.748747
0.561142,-0.748516
0.562657,-0.748285
0.564172,-0.748053
0.565687,-0.747822
0.567202,-0.747591
0.568717,-0.747359
0.570232,-0.747128
0.571747,-0.746897
0.573262,-0.746665
0.574777,-0.746434
0.576292,-0.746203
0.577807,-0.745971
0.579322,-0.74574
0.580837,-0.745509
0.582352,-0.745277
