O
10
1,0,-1,0.78,-0.5,0.75,0.0,0.0,0.0,0.3,0.4,0.02,0,0.8,False
2,0,-1,1.1,-0.5,0.93,0.0,0.0,0.0,0.02,0.4,0.2,0,0.8,False
3,0,-1,0.78,-0.5,1.11,0.0,0.0,0.0,0.3,0.4,0.02,0,0.8,False
4,0,-1,0.8,-0.92,0.93,0.0,0.0,0.0,0.32,0.02,0.2,0,0.8,False
5,0,-1,0.8,-0.08,0.93,0.0,0.0,0.0,0.32,0.02,0.2,0,0.8,False
6,2,0,0.7258512661044489,-0.6855611279382562,0.8450000000000001,0.0,0.0,5.924606530253589,0.06171733311612235,0.06171733311612235,0.15,0.1958134636628639,1.1933534077588255,False
7,2,0,0.7560231739242309,-0.43064109519729943,0.8450000000000001,0.0,0.0,0.3301419447856583,0.032608516340340496,0.032608516340340496,0.15,0.01970822989783233,1.0496143690702415,False
8,0,0,0.8459290190236164,-0.25277537510067294,0.9178801213744713,0.0,0.0,2.8998618653546844,0.03567977062718637,0.06898074145051915,0.14788012137447124,0.31512187288830673,1.1927868428260817,False
9,2,0,0.905615237842743,-0.5526676980988898,0.8450000000000001,0.0,0.0,2.222458201768908,0.042814020755750325,0.042814020755750325,0.15,0.2696662868317834,0.9966701739578291,False
10,2,0,1.0394628543120694,-0.33008590848044916,0.8450000000000001,0.0,0.0,3.157183427873643,0.03,0.03,0.15,0.2101866387515406,1.184700354056774,False
R
0.0,0.0,0.0,0.0,0.0,0.0,1.0
S
8
torso_lift_joint,0
r_shoulder_pan_joint,-1.69017
r_shoulder_lift_joint,-0.0788625
r_upper_arm_roll_joint,-1.69017
r_elbow_flex_joint,-1.2717
r_forearm_roll_joint,-0.151824
r_wrist_flex_joint,-1.25254
r_wrist_roll_joint,0.675062
G
0.6805,-0.412772,0.845,2.90926,-3.14159,3.14159
ooi
7
A
599
0.310248,-0.673113
0.31159,-0.6728
0.312932,-0.672487
0.314273,-0.672174
0.315615,-0.671861
0.316957,-0.671547
0.318298,-0.671234
0.31964,-0.670921
0.320982,-0.670608
0.322323,-0.670295
0.323665,-0.669982
0.325007,-0.669669
0.326348,-0.669356
0.32769,-0.669042
0.329032,-0.668729
0.330373,-0.668416
0.331715,-0.668103
0.333057,-0.66779
0.334398,-0.667477
0.33574,-0.667164
0.337082,-0.666851
0.338423,-0.666537
0.339765,-0.666224
0.341107,-0.665911
0.342448,-0.665598
0.34379,-0.665285
0.345132,-0.664972
0.346474,-0.664659
0.347815,-0.664346
0.349157,-0.664032
0.350499,-0.663719
0.35184,-0.663406
0.353182,-0.663093
0.354524,-0.66278
0.355865,-0.662467
0.357207,-0.662154
0.358549,-0.661841
0.35989,-0.661527
0.361232,-0.661214
0.362574,-0.660901
0.363915,-0.660588
0.365257,-0.660275
0.366599,-0.659962
0.36794,-0.659649
0.369282,-0.659336
0.370624,-0.659022
0.371965,-0.658709
0.373307,-0.658396
0.374649,-0.658083
0.37599,-0.65777
0.377332,-0.657457
0.378674,-0.657144
0.380015,-0.656831
0.381357,-0.656517
0.382699,-0.656204
0.384041,-0.655891
0.385382,-0.655578
0.386724,-0.655265
0.388066,-0.654952
0.389407,-0.654639
0.390749,-0.654326
0.392091,-0.654012
0.393432,-0.653699
0.394774,-0.653386
0.396116,-0.653073
0.397457,-0.65276
0.398799,-0.652447
0.400141,-0.652134
0.401482,-0.651821
0.402824,-0.651507
0.404166,-0.651194
0.405507,-0.650881
0.406849,-0.650568
0.408191,-0.650255
0.409532,-0.649942
0.410874,-0.649629
0.412216,-0.649316
0.413557,-0.649002
0.414899,-0.648689
0.416241,-0.648376
0.417583,-0.648063
0.418924,-0.64775
0.420266,-0.647437
0.421608,-0.647124
0.422949,-0.646811
0.424291,-0.646497
0.425633,-0.646184
0.426974,-0.645871
0.428316,-0.645558
0.429658,-0.645245
0.430999,-0.644932
0.432341,-0.644619
0.433683,-0.644306
0.435024,-0.643992
0.436366,-0.643679
0.437708,-0.643366
0.439049,-0.643053
0.440391,-0.64274
0.441733,-0.642427
0.443074,-0.642114
0.444416,-0.641801
0.445758,-0.641487
0.447099,-0.641174
0.448441,-0.640861
0.449783,-0.640548
0.451124,-0.640235
0.452466,-0.639922
0.453808,-0.639609
0.45515,-0.639296
0.456491,-0.638982
0.457833,-0.638669
0.459175,-0.638356
0.460516,-0.638043
0.461858,-0.63773
0.4632,-0.637417
0.464541,-0.637104
0.465883,-0.636791
0.467225,-0.636477
0.468566,-0.636164
0.469908,-0.635851
0.47125,-0.635538
0.472591,-0.635225
0.473933,-0.634912
0.475275,-0.634599
0.476616,-0.634286
0.477958,-0.633972
0.4793,-0.633659
0.480641,-0.633346
0.481983,-0.633033
0.483325,-0.63272
0.484666,-0.632407
0.486008,-0.632094
0.48735,-0.631781
0.488691,-0.631467
0.490033,-0.631154
0.491375,-0.630841
0.492717,-0.630528
0.494058,-0.630215
0.4954,-0.629902
0.496742,-0.629589
0.498083,-0.629276
0.499425,-0.628962
0.500767,-0.628649
0.502108,-0.628336
0.50345,-0.628023
0.504792,-0.62771
0.506133,-0.627397
0.507475,-0.627084
0.508817,-0.626771
0.510158,-0.626457
0.5115,-0.626144
0.511837,-0.6253
0.512173,-0.624456
0.51251,-0.623611
0.512847,-0.622767
0.513184,-0.621923
0.51352,-0.621078
0.513857,-0.620234
0.514194,-0.61939
0.51453,-0.618545
0.514867,-0.617701
0.515204,-0.616857
0.51554,-0.616013
0.515877,-0.615168
0.516214,-0.614324
0.516551,-0.61348
0.516887,-0.612635
0.517224,-0.611791
0.517561,-0.610947
0.517897,-0.610102
0.518234,-0.609258
0.518571,-0.608414
0.518907,-0.607569
0.519244,-0.606725
0.519581,-0.605881
0.519917,-0.605036
0.520254,-0.604192
0.520591,-0.603348
0.520928,-0.602503
0.521264,-0.601659
0.521601,-0.600815
0.521938,-0.59997
0.522274,-0.599126
0.522611,-0.598282
0.522948,-0.597438
0.523284,-0.596593
0.523621,-0.595749
0.523958,-0.594905
0.524295,-0.59406
0.524631,-0.593216
0.524968,-0.592372
0.525305,-0.591527
0.525641,-0.590683
0.525978,-0.589839
0.526315,-0.588994
0.526651,-0.58815
0.526988,-0.587306
0.527325,-0.586461
0.527662,-0.585617
0.527998,-0.584773
0.528335,-0.583928
0.528672,-0.583084
0.529008,-0.58224
0.529345,-0.581395
0.529682,-0.580551
0.530018,-0.579707
0.530355,-0.578863
0.530692,-0.578018
0.531028,-0.577174
0.531365,-0.57633
0.531702,-0.575485
0.532039,-0.574641
0.532375,-0.573797
0.532712,-0.572952
0.533049,-0.572108
0.533385,-0.571264
0.533722,-0.570419
0.534059,-0.569575
0.534395,-0.568731
0.534732,-0.567886
0.535069,-0.567042
0.535406,-0.566198
0.535742,-0.565353
0.536079,-0.564509
0.536416,-0.563665
0.536752,-0.56282
0.537089,-0.561976
0.537426,-0.561132
0.537762,-0.560288
0.538099,-0.559443
0.538436,-0.558599
0.538773,-0.557755
0.539109,-0.55691
0.539446,-0.556066
0.539783,-0.555222
0.540119,-0.554377
0.540456,-0.553533
0.540793,-0.552689
0.541129,-0.551844
0.541466,-0.551
0.541803,-0.550156
0.54214,-0.549311
0.542476,-0.548467
0.542813,-0.547623
0.54315,-0.546778
0.543486,-0.545934
0.543823,-0.54509
0.54416,-0.544245
0.544496,-0.543401
0.544833,-0.542557
0.54517,-0.541712
0.545506,-0.540868
0.545843,-0.540024
0.54618,-0.53918
0.546517,-0.538335
0.546853,-0.537491
0.54719,-0.536647
0.547527,-0.535802
0.547863,-0.534958
0.5482,-0.534114
0.548537,-0.533269
0.548873,-0.532425
0.54921,-0.531581
0.549547,-0.530736
0.549884,-0.529892
0.55022,-0.529048
0.550557,-0.528203
0.550894,-0.527359
0.55123,-0.526515
0.551567,-0.52567
0.551904,-0.524826
0.55224,-0.523982
0.552577,-0.523137
0.552914,-0.522293
0.553251,-0.521449
0.553587,-0.520605
0.553924,-0.51976
0.554261,-0.518916
0.554597,-0.518072
0.554934,-0.517227
0.555271,-0.516383
0.555607,-0.515539
0.555944,-0.514694
0.556281,-0.51385
0.556618,-0.513006
0.556954,-0.512161
0.557291,-0.511317
0.557628,-0.510473
0.557964,-0.509628
0.558301,-0.508784
0.558638,-0.50794
0.558974,-0.507095
0.559311,-0.506251
0.559648,-0.505407
0.559984,-0.504562
0.560321,-0.503718
0.560658,-0.502874
0.560995,-0.50203
0.561331,-0.501185
0.561668,-0.500341
0.560963,-0.500782
0.560258,-0.501223
0.559552,-0.501664
0.558847,-0.502105
0.558142,-0.502547
0.557437,-0.502988
0.556732,-0.503429
0.556026,-0.50387
0.555321,-0.504311
0.554616,-0.504752
0.553911,-0.505193
0.553206,-0.505635
0.5525,-0.506076
0.551795,-0.506517
0.55109,-0.506958
0.550385,-0.507399
0.54968,-0.50784
0.548974,-0.508281
0.548269,-0.508723
0.547564,-0.509164
0.546859,-0.509605
0.546154,-0.510046
0.545448,-0.510487
0.544743,-0.510928
0.544038,-0.511369
0.543333,-0.511811
0.542628,-0.512252
0.541922,-0.512693
0.541217,-0.513134
0.540512,-0.513575
0.539807,-0.514016
0.539102,-0.514458
0.538396,-0.514899
0.537691,-0.51534
0.536986,-0.515781
0.536281,-0.516222
0.535576,-0.516663
0.53487,-0.517104
0.534165,-0.517546
0.53346,-0.517987
0.532755,-0.518428
0.53205,-0.518869
0.531344,-0.51931
0.530639,-0.519751
0.529934,-0.520192
0.529229,-0.520634
0.528524,-0.521075
0.527818,-0.521516
0.527113,-0.521957
0.526408,-0.522398
0.525703,-0.522839
0.524998,-0.52328
0.524292,-0.523722
0.523587,-0.524163
0.522882,-0.524604
0.522177,-0.525045
0.521471,-0.525486
0.520766,-0.525927
0.520061,-0.526368
0.519356,-0.52681
0.518651,-0.527251
0.517945,-0.527692
0.51724,-0.528133
0.516535,-0.528574
0.51583,-0.529015
0.515125,-0.529456
0.514419,-0.529898
0.513714,-0.530339
0.513009,-0.53078
0.512304,-0.531221
0.511599,-0.531662
0.510893,-0.532103
0.510188,-0.532544
0.509483,-0.532986
0.508778,-0.533427
0.508073,-0.533868
0.507367,-0.534309
0.506662,-0.53475
0.505957,-0.535191
0.505252,-0.535632
0.504547,-0.536074
0.503841,-0.536515
0.503136,-0.536956
0.502431,-0.537397
0.501726,-0.537838
0.501021,-0.538279
0.500315,-0.53872
0.49961,-0.539162
0.498905,-0.539603
0.4982,-0.540044
0.497495,-0.540485
0.496789,-0.540926
0.496084,-0.541367
0.495379,-0.541808
0.494674,-0.54225
0.493969,-0.542691
0.493263,-0.543132
0.492558,-0.543573
0.491853,-0.544014
0.491148,-0.544455
0.490443,-0.544896
0.489737,-0.545338
0.489032,-0.545779
0.488327,-0.54622
0.487622,-0.546661
0.486917,-0.547102
0.486211,-0.547543
0.485506,-0.547984
0.484801,-0.548426
0.484096,-0.548867
0.483391,-0.549308
0.482685,-0.549749
0.48198,-0.55019
0.481275,-0.550631
0.48057,-0.551073
0.479865,-0.551514
0.479159,-0.551955
0.478454,-0.552396
0.477749,-0.552837
0.477044,-0.553278
0.476339,-0.553719
0.475633,-0.554161
0.474928,-0.554602
0.474223,-0.555043
0.473518,-0.555484
0.472813,-0.555925
0.472107,-0.556366
0.471402,-0.556807
0.470697,-0.557249
0.469992,-0.55769
0.469287,-0.558131
0.468581,-0.558572
0.467876,-0.559013
0.467171,-0.559454
0.466466,-0.559895
0.465761,-0.560337
0.465055,-0.560778
0.46435,-0.561219
0.463645,-0.56166
0.46294,-0.562101
0.462235,-0.562542
0.461529,-0.562983
0.460824,-0.563425
0.460119,-0.563866
0.459414,-0.564307
0.458709,-0.564748
0.458003,-0.565189
0.457298,-0.56563
0.456593,-0.566071
0.455888,-0.566513
0.457395,-0.565481
0.458903,-0.564449
0.46041,-0.563417
0.461918,-0.562385
0.463425,-0.561353
0.464933,-0.560322
0.46644,-0.55929
0.467947,-0.558258
0.469455,-0.557226
0.470962,-0.556194
0.47247,-0.555163
0.473977,-0.554131
0.475485,-0.553099
0.476992,-0.552067
0.4785,-0.551035
0.480007,-0.550004
0.481515,-0.548972
0.483022,-0.54794
0.48453,-0.546908
0.486037,-0.545876
0.487544,-0.544844
0.489052,-0.543813
0.490559,-0.542781
0.492067,-0.541749
0.493574,-0.540717
0.495082,-0.539685
0.496589,-0.538654
0.498097,-0.537622
0.499604,-0.53659
0.501112,-0.535558
0.502619,-0.534526
0.504127,-0.533494
0.505634,-0.532463
0.507142,-0.531431
0.508649,-0.530399
0.510156,-0.529367
0.511664,-0.528335
0.513171,-0.527304
0.514679,-0.526272
0.516186,-0.52524
0.517694,-0.524208
0.519201,-0.523176
0.520709,-0.522144
0.522216,-0.521113
0.523724,-0.520081
0.525231,-0.519049
0.526739,-0.518017
0.528246,-0.516985
0.529753,-0.515954
0.531261,-0.514922
0.532768,-0.51389
0.534276,-0.512858
0.535783,-0.511826
0.537291,-0.510795
0.538798,-0.509763
0.540306,-0.508731
0.541813,-0.507699
0.543321,-0.506667
0.544828,-0.505635
0.546336,-0.504604
0.547843,-0.503572
0.54935,-0.50254
0.550858,-0.501508
0.552365,-0.500476
0.553873,-0.499445
0.55538,-0.498413
0.556888,-0.497381
0.558395,-0.496349
0.559903,-0.495317
0.56141,-0.494285
0.562918,-0.493254
0.564425,-0.492222
0.565933,-0.49119
0.56744,-0.490158
0.568948,-0.489126
0.570455,-0.488095
0.571962,-0.487063
0.57347,-0.486031
0.574977,-0.484999
0.576485,-0.483967
0.577992,-0.482935
0.5795,-0.481904
0.581007,-0.480872
0.582515,-0.47984
0.584022,-0.478808
0.58553,-0.477776
0.587037,-0.476745
0.588545,-0.475713
0.590052,-0.474681
0.591559,-0.473649
0.593067,-0.472617
0.594574,-0.471586
0.596082,-0.470554
0.597589,-0.469522
0.599097,-0.46849
0.600604,-0.467458
0.602112,-0.466426
0.603619,-0.465395
0.605127,-0.464363
0.606634,-0.463331
0.608142,-0.462299
0.609649,-0.461267
0.611156,-0.460236
0.612664,-0.459204
0.614171,-0.458172
0.615679,-0.45714
0.617186,-0.456108
0.618694,-0.455076
0.620201,-0.454045
0.621709,-0.453013
0.623216,-0.451981
0.624724,-0.450949
0.626231,-0.449917
0.627739,-0.448886
0.629246,-0.447854
0.630754,-0.446822
0.632261,-0.44579
0.633768,-0.444758
0.635276,-0.443726
0.636783,-0.442695
0.638291,-0.441663
0.639798,-0.440631
0.641306,-0.439599
0.642813,-0.438567
0.644321,-0.437536
0.645828,-0.436504
0.647336,-0.435472
0.648843,-0.43444
0.650351,-0.433408
0.651858,-0.432377
0.653365,-0.431345
0.654873,-0.430313
0.65638,-0.429281
0.657888,-0.428249
0.659395,-0.427217
0.660903,-0.426186
0.66241,-0.425154
0.663918,-0.424122
0.665425,-0.42309
0.666933,-0.422058
0.66844,-0.421027
0.669948,-0.419995
0.671455,-0.418963
0.672962,-0.417931
0.67447,-0.416899
0.675977,-0.415867
0.677485,-0.414836
0.678992,-0.413804
0.6805,-0.412772
