O
10
1,0,-1,0.78,-0.5,0.75,0.0,0.0,0.0,0.3,0.4,0.02,0,0.8,False
2,0,-1,1.1,-0.5,0.93,0.0,0.0,0.0,0.02,0.4,0.2,0,0.8,False
3,0,-1,0.78,-0.5,1.11,0.0,0.0,0.0,0.3,0.4,0.02,0,0.8,False
4,0,-1,0.8,-0.92,0.93,0.0,0.0,0.0,0.32,0.02,0.2,0,0.8,False
5,0,-1,0.8,-0.08,0.93,0.0,0.0,0.0,0.32,0.02,0.2,0,0.8,False
6,2,0,0.5600847634761921,-0.40548607459761254,0.8450000000000001,0.0,0.0,4.991584144591458,0.04440806717335744,0.04440806717335744,0.15,0.037044628825626924,0.9769589988479288,False
7,0,0,0.9247166643619271,-0.5529989857420585,0.86,0.0,0.0,0.21391231463064,0.03692560157573437,0.03,0.09,0.35529873089756886,1.0404235532105544,False
8,2,0,0.9576497992396122,-0.31031380263386565,0.8450000000000001,0.0,0.0,1.8400544227468272,0.03,0.03,0.15,0.40021436912263014,1.0894144513404551,False
9,2,0,0.721883778341981,-0.6390835423702544,0.8631945243167427,0.0,0.0,4.20033258882584,0.05834347076831249,0.05834347076831249,0.18638904863348543,0.16857547728390349,1.0699688201738506,False
10,2,0,0.8181853679843754,-0.5061757639908376,0.8450000000000001,0.0,0.0,2.1127950363637575,0.03,0.03,0.15,0.17537655289781406,1.144974129096607,False
R
0.0,0.0,0.0,0.0,0.0,0.0,1.0
S
8
torso_lift_joint,0
r_shoulder_pan_joint,-1.69017
r_shoulder_lift_joint,-0.0788625
r_upper_arm_roll_joint,-1.69017
r_elbow_flex_joint,-1.2717
r_forearm_roll_joint,-0.151824
r_wrist_flex_joint,-1.25254
r_wrist_roll_joint,0.675062
G
0.475133,-0.433362,0.845,0.317073,-0,0
ooi
6
A
599
0.310248,-0.673113
0.310344,-0.672661
0.31044,-0.67221
0.310536,-0.671758
0.310632,-0.671306
0.310728,-0.670855
0.310824,-0.670403
0.31092,-0.669951
0.311016,-0.6695
0.311112,-0.669048
0.311208,-0.668596
0.311304,-0.668145
0.311399,-0.667693
0.311495,-0.667241
0.311591,-0.66679
0.311687,-0.666338
0.311783,-0.665886
0.311879,-0.665435
0.311975,-0.664983
0.312071,-0.664531
0.312167,-0.66408
0.312263,-0.663628
0.312359,-0.663176
0.312455,-0.662725
0.312551,-0.662273
0.312647,-0.661821
0.312743,-0.66137
0.312839,-0.660918
0.312934,-0.660466
0.31303,-0.660015
0.313126,-0.659563
0.313222,-0.659111
0.313318,-0.65866
0.313414,-0.658208
0.31351,-0.657756
0.313606,-0.657305
0.313702,-0.656853
0.313798,-0.656401
0.313894,-0.65595
0.31399,-0.655498
0.314086,-0.655046
0.314182,-0.654595
0.314278,-0.654143
0.314374,-0.653691
0.314469,-0.65324
0.314565,-0.652788
0.314661,-0.652336
0.314757,-0.651885
0.314853,-0.651433
0.314949,-0.650981
0.315045,-0.65053
0.315141,-0.650078
0.315237,-0.649626
0.315333,-0.649175
0.315429,-0.648723
0.315525,-0.648271
0.315621,-0.64782
0.315717,-0.647368
0.315813,-0.646916
0.315909,-0.646464
0.316005,-0.646013
0.3161,-0.645561
0.316196,-0.645109
0.316292,-0.644658
0.316388,-0.644206
0.316484,-0.643754
0.31658,-0.643303
0.316676,-0.642851
0.316772,-0.642399
0.316868,-0.641948
0.316964,-0.641496
0.31706,-0.641044
0.317156,-0.640593
0.317252,-0.640141
0.317348,-0.639689
0.317444,-0.639238
0.31754,-0.638786
0.317635,-0.638334
0.317731,-0.637883
0.317827,-0.637431
0.317923,-0.636979
0.318019,-0.636528
0.318115,-0.636076
0.318211,-0.635624
0.318307,-0.635173
0.318403,-0.634721
0.318499,-0.634269
0.318595,-0.633818
0.318691,-0.633366
0.318787,-0.632914
0.318883,-0.632463
0.318979,-0.632011
0.319075,-0.631559
0.319171,-0.631108
0.319266,-0.630656
0.319362,-0.630204
0.319458,-0.629753
0.319554,-0.629301
0.31965,-0.628849
0.319746,-0.628398
0.319842,-0.627946
0.319938,-0.627494
0.320034,-0.627043
0.32013,-0.626591
0.320226,-0.626139
0.320322,-0.625688
0.320418,-0.625236
0.320514,-0.624784
0.32061,-0.624333
0.320706,-0.623881
0.320801,-0.623429
0.320897,-0.622978
0.320993,-0.622526
0.321089,-0.622074
0.321185,-0.621623
0.321281,-0.621171
0.321377,-0.620719
0.321473,-0.620268
0.321569,-0.619816
0.321665,-0.619364
0.321761,-0.618913
0.321857,-0.618461
0.321953,-0.618009
0.322049,-0.617558
0.322145,-0.617106
0.322241,-0.616654
0.322336,-0.616203
0.322432,-0.615751
0.322528,-0.615299
0.322624,-0.614848
0.32272,-0.614396
0.322816,-0.613944
0.322912,-0.613493
0.323008,-0.613041
0.323104,-0.612589
0.3232,-0.612138
0.323296,-0.611686
0.323392,-0.611234
0.323488,-0.610782
0.323584,-0.610331
0.32368,-0.609879
0.323776,-0.609427
0.323872,-0.608976
0.323967,-0.608524
0.324063,-0.608072
0.324159,-0.607621
0.324255,-0.607169
0.324351,-0.606717
0.324447,-0.606266
0.324543,-0.605814
0.324639,-0.605362
0.325911,-0.606066
0.327182,-0.60677
0.328454,-0.607475
0.329725,-0.608179
0.330997,-0.608883
0.332269,-0.609587
0.33354,-0.610291
0.334812,-0.610995
0.336083,-0.611699
0.337355,-0.612403
0.338626,-0.613107
0.339898,-0.613811
0.34117,-0.614515
0.342441,-0.615219
0.343713,-0.615923
0.344984,-0.616627
0.346256,-0.617331
0.347528,-0.618035
0.348799,-0.618739
0.350071,-0.619443
0.351342,-0.620147
0.352614,-0.620851
0.353886,-0.621555
0.355157,-0.622259
0.356429,-0.622963
0.3577,-0.623667
0.358972,-0.624371
0.360243,-0.625075
0.361515,-0.625779
0.362787,-0.626483
0.364058,-0.627187
0.36533,-0.627891
0.366601,-0.628595
0.367873,-0.629299
0.369145,-0.630003
0.370416,-0.630707
0.371688,-0.631411
0.372959,-0.632115
0.374231,-0.632819
0.375502,-0.633523
0.376774,-0.634227
0.378046,-0.634931
0.379317,-0.635636
0.380589,-0.63634
0.38186,-0.637044
0.383132,-0.637748
0.384404,-0.638452
0.385675,-0.639156
0.386947,-0.63986
0.388218,-0.640564
0.38949,-0.641268
0.390762,-0.641972
0.392033,-0.642676
0.393305,-0.64338
0.394576,-0.644084
0.395848,-0.644788
0.397119,-0.645492
0.398391,-0.646196
0.399663,-0.6469
0.400934,-0.647604
0.402206,-0.648308
0.403477,-0.649012
0.404749,-0.649716
0.406021,-0.65042
0.407292,-0.651124
0.408564,-0.651828
0.409835,-0.652532
0.411107,-0.653236
0.412379,-0.65394
0.41365,-0.654644
0.414922,-0.655348
0.416193,-0.656052
0.417465,-0.656756
0.418736,-0.65746
0.420008,-0.658164
0.42128,-0.658868
0.422551,-0.659572
0.423823,-0.660276
0.425094,-0.66098
0.426366,-0.661684
0.427638,-0.662388
0.428909,-0.663092
0.430181,-0.663797
0.431452,-0.664501
0.432724,-0.665205
0.433995,-0.665909
0.435267,-0.666613
0.436539,-0.667317
0.43781,-0.668021
0.439082,-0.668725
0.440353,-0.669429
0.441625,-0.670133
0.442897,-0.670837
0.444168,-0.671541
0.44544,-0.672245
0.446711,-0.672949
0.447983,-0.673653
0.449255,-0.674357
0.450526,-0.675061
0.451798,-0.675765
0.453069,-0.676469
0.454341,-0.677173
0.455612,-0.677877
0.456884,-0.678581
0.458156,-0.679285
0.459427,-0.679989
0.460699,-0.680693
0.46197,-0.681397
0.463242,-0.682101
0.464514,-0.682805
0.465785,-0.683509
0.467057,-0.684213
0.468328,-0.684917
0.4696,-0.685621
0.470871,-0.686325
0.472143,-0.687029
0.473415,-0.687733
0.474686,-0.688437
0.475958,-0.689141
0.477229,-0.689845
0.478501,-0.690549
0.479773,-0.691253
0.481044,-0.691957
0.482316,-0.692662
0.483587,-0.693366
0.484859,-0.69407
0.486131,-0.694774
0.487402,-0.695478
0.488674,-0.696182
0.489945,-0.696886
0.491217,-0.69759
0.492488,-0.698294
0.49376,-0.698998
0.495032,-0.699702
0.496303,-0.700406
0.497575,-0.70111
0.498846,-0.701814
0.500118,-0.702518
0.50139,-0.703222
0.502661,-0.703926
0.503933,-0.70463
0.505204,-0.705334
0.506476,-0.706038
0.507747,-0.706742
0.509019,-0.707446
0.510291,-0.70815
0.511562,-0.708854
0.512834,-0.709558
0.514105,-0.710262
0.514179,-0.708664
0.514253,-0.707066
0.514326,-0.705468
0.5144,-0.70387
0.514474,-0.702272
0.514547,-0.700675
0.514621,-0.699077
0.514695,-0.697479
0.514768,-0.695881
0.514842,-0.694283
0.514916,-0.692685
0.514989,-0.691087
0.515063,-0.689489
0.515137,-0.687891
0.51521,-0.686293
0.515284,-0.684695
0.515358,-0.683097
0.515431,-0.681499
0.515505,-0.679901
0.515579,-0.678304
0.515652,-0.676706
0.515726,-0.675108
0.5158,-0.67351
0.515873,-0.671912
0.515947,-0.670314
0.516021,-0.668716
0.516094,-0.667118
0.516168,-0.66552
0.516242,-0.663922
0.516315,-0.662324
0.516389,-0.660726
0.516462,-0.659128
0.516536,-0.65753
0.51661,-0.655933
0.516683,-0.654335
0.516757,-0.652737
0.516831,-0.651139
0.516904,-0.649541
0.516978,-0.647943
0.517052,-0.646345
0.517125,-0.644747
0.517199,-0.643149
0.517273,-0.641551
0.517346,-0.639953
0.51742,-0.638355
0.517494,-0.636757
0.517567,-0.635159
0.517641,-0.633562
0.517715,-0.631964
0.517788,-0.630366
0.517862,-0.628768
0.517936,-0.62717
0.518009,-0.625572
0.518083,-0.623974
0.518157,-0.622376
0.51823,-0.620778
0.518304,-0.61918
0.518378,-0.617582
0.518451,-0.615984
0.518525,-0.614386
0.518599,-0.612788
0.518672,-0.611191
0.518746,-0.609593
0.51882,-0.607995
0.518893,-0.606397
0.518967,-0.604799
0.519041,-0.603201
0.519114,-0.601603
0.519188,-0.600005
0.519261,-0.598407
0.519335,-0.596809
0.519409,-0.595211
0.519482,-0.593613
0.519556,-0.592015
0.51963,-0.590417
0.519703,-0.588819
0.519777,-0.587222
0.519851,-0.585624
0.519924,-0.584026
0.519998,-0.582428
0.520072,-0.58083
0.520145,-0.579232
0.520219,-0.577634
0.520293,-0.576036
0.520366,-0.574438
0.52044,-0.57284
0.520514,-0.571242
0.520587,-0.569644
0.520661,-0.568046
0.520735,-0.566448
0.520808,-0.564851
0.520882,-0.563253
0.520956,-0.561655
0.521029,-0.560057
0.521103,-0.558459
0.521177,-0.556861
0.52125,-0.555263
0.521324,-0.553665
0.521398,-0.552067
0.521471,-0.550469
0.521545,-0.548871
0.521619,-0.547273
0.521692,-0.545675
0.521766,-0.544077
0.52184,-0.54248
0.521913,-0.540882
0.521987,-0.539284
0.52206,-0.537686
0.522134,-0.536088
0.522208,-0.53449
0.522281,-0.532892
0.522355,-0.531294
0.522429,-0.529696
0.522502,-0.528098
0.522576,-0.5265
0.52265,-0.524902
0.522723,-0.523304
0.522797,-0.521706
0.522871,-0.520109
0.522944,-0.518511
0.523018,-0.516913
0.523092,-0.515315
0.523165,-0.513717
0.523239,-0.512119
0.523313,-0.510521
0.523386,-0.508923
0.52346,-0.507325
0.523534,-0.505727
0.523607,-0.504129
0.523681,-0.502531
0.523755,-0.500933
0.523828,-0.499335
0.523902,-0.497737
0.523976,-0.49614
0.524049,-0.494542
0.524123,-0.492944
0.524197,-0.491346
0.52427,-0.489748
0.524344,-0.48815
0.524418,-0.486552
0.524491,-0.484954
0.524565,-0.483356
0.524639,-0.481758
0.524712,-0.48016
0.524786,-0.478562
0.524859,-0.476964
0.524933,-0.475366
0.525007,-0.473769
0.52508,-0.472171
0.525154,-0.470573
0.524818,-0.470323
0.524483,-0.470073
0.524147,-0.469823
0.523811,-0.469574
0.523476,-0.469324
0.52314,-0.469074
0.522804,-0.468825
0.522468,-0.468575
0.522133,-0.468325
0.521797,-0.468075
0.521461,-0.467826
0.521126,-0.467576
0.52079,-0.467326
0.520454,-0.467076
0.520118,-0.466827
0.519783,-0.466577
0.519447,-0.466327
0.519111,-0.466077
0.518776,-0.465828
0.51844,-0.465578
0.518104,-0.465328
0.517769,-0.465079
0.517433,-0.464829
0.517097,-0.464579
0.516761,-0.464329
0.516426,-0.46408
0.51609,-0.46383
0.515754,-0.46358
0.515419,-0.46333
0.515083,-0.463081
0.514747,-0.462831
0.514411,-0.462581
0.514076,-0.462331
0.51374,-0.462082
0.513404,-0.461832
0.513069,-0.461582
0.512733,-0.461333
0.512397,-0.461083
0.512061,-0.460833
0.511726,-0.460583
0.51139,-0.460334
0.511054,-0.460084
0.510719,-0.459834
0.510383,-0.459584
0.510047,-0.459335
0.509711,-0.459085
0.509376,-0.458835
0.50904,-0.458585
0.508704,-0.458336
0.508369,-0.458086
0.508033,-0.457836
0.507697,-0.457587
0.507362,-0.457337
0.507026,-0.457087
0.50669,-0.456837
0.506354,-0.456588
0.506019,-0.456338
0.505683,-0.456088
0.505347,-0.455838
0.505012,-0.455589
0.504676,-0.455339
0.50434,-0.455089
0.504004,-0.454839
0.503669,-0.45459
0.503333,-0.45434
0.502997,-0.45409
0.502662,-0.453841
0.502326,-0.453591
0.50199,-0.453341
0.501654,-0.453091
0.501319,-0.452842
0.500983,-0.452592
0.500647,-0.452342
0.500312,-0.452092
0.499976,-0.451843
0.49964,-0.451593
0.499305,-0.451343
0.498969,-0.451093
0.498633,-0.450844
0.498297,-0.450594
0.497962,-0.450344
0.497626,-0.450094
0.49729,-0.449845
0.496955,-0.449595
0.496619,-0.449345
0.496283,-0.449096
0.495947,-0.448846
0.495612,-0.448596
0.495276,-0.448346
0.49494,-0.448097
0.494605,-0.447847
0.494269,-0.447597
0.493933,-0.447347
0.493597,-0.447098
0.493262,-0.446848
0.492926,-0.446598
0.49259,-0.446348
0.492255,-0.446099
0.491919,-0.445849
0.491583,-0.445599
0.491248,-0.44535
0.490912,-0.4451
0.490576,-0.44485
0.49024,-0.4446
0.489905,-0.444351
0.489569,-0.444101
0.489233,-0.443851
0.488898,-0.443601
0.488562,-0.443352
0.488226,-0.443102
0.48789,-0.442852
0.487555,-0.442602
0.487219,-0.442353
0.486883,-0.442103
0.486548,-0.441853
0.486212,-0.441604
0.485876,-0.441354
0.48554,-0.441104
0.485205,-0.440854
0.484869,-0.440605
0.484533,-0.440355
0.484198,-0.440105
0.483862,-0.439855
0.483526,-0.439606
0.483191,-0.439356
0.482855,-0.439106
0.482519,-0.438856
0.482183,-0.438607
0.481848,-0.438357
0.481512,-0.438107
0.481176,-0.437858
0.480841,-0.437608
0.480505,-0.437358
0.480169,-0.437108
0.479833,-0.436859
0.479498,-0.436609
0.479162,-0.436359
0.478826,-0.436109
0.478491,-0.43586
0.478155,-0.43561
0.477819,-0.43536
0.477483,-0.43511
0.477148,-0.434861
0.476812,-0.434611
0.476476,-0.434361
0.476141,-0.434111
0.475805,-0.433862
0.475469,-0.433612
0.475133,-0.433362
