O
10
1,0,-1,0.78,-0.5,0.75,0.0,0.0,0.0,0.3,0.4,0.02,0,0.8,False
2,0,-1,1.1,-0.5,0.93,0.0,0.0,0.0,0.02,0.4,0.2,0,0.8,False
3,0,-1,0.78,-0.5,1.11,0.0,0.0,0.0,0.3,0.4,0.02,0,0.8,False
4,0,-1,0.8,-0.92,0.93,0.0,0.0,0.0,0.32,0.02,0.2,0,0.8,False
5,0,-1,0.8,-0.08,0.93,0.0,0.0,0.0,0.32,0.02,0.2,0,0.8,False
6,2,0,0.9129651443415434,-0.2669975903257129,0.8450000000000001,0.0,0.0,3.6246169704475295,0.03,0.03,0.15,0.23195065891621758,0.9509052613922856,False
7,2,0,0.5705872178422401,-0.4146726181886648,0.8450000000000001,0.0,0.0,5.00351189045883,0.07811619272682636,0.07811619272682636,0.15,0.17410379146478666,0.908331218147302,False
8,0,0,0.8145748935469668,-0.2662024135877261,0.86,0.0,0.0,3.297785090980558,0.037369475052133554,0.03,0.09,0.4536041359925766,0.8145571150806616,False
9,0,0,0.7751850588237862,-0.4977206015389832,0.86,0.0,0.0,3.2938174104811844,0.03416459104003333,0.03047811455762428,0.09,0.3063544708515667,0.921688375119275,False
10,2,0,0.6989182594112431,-0.6380657311972681,0.8450000000000001,0.0,0.0,1.259774317954629,0.03,0.03,0.15,0.012970534333810457,1.0417903442687773,False
R
0.0,0.0,0.0,0.0,0.0,0.0,1.0
S
8
torso_lift_joint,0
r_shoulder_pan_joint,-1.69017
r_shoulder_lift_joint,-0.0788625
r_upper_arm_roll_joint,-1.69017
r_elbow_flex_joint,-1.2717
r_forearm_roll_joint,-0.151824
r_wrist_flex_joint,-1.25254
r_wrist_roll_joint,0.675062
G
0.624144,-0.643886,0.845,0.0776837,-0,0
ooi
10
A
599
0.310248,-0.673113
0.310995,-0.674198
0.311741,-0.675284
0.312487,-0.676369
0.313233,-0.677454
0.31398,-0.67854
0.314726,-0.679625
0.315472,-0.680711
0.316219,-0.681796
0.316965,-0.682881
0.317711,-0.683967
0.318458,-0.685052
0.319204,-0.686137
0.31995,-0.687223
0.320697,-0.688308
0.321443,-0.689393
0.322189,-0.690479
0.322936,-0.691564
0.323682,-0.692649
0.324428,-0.693735
0.325175,-0.69482
0.325921,-0.695905
0.326667,-0.696991
0.327414,-0.698076
0.32816,-0.699161
0.328906,-0.700247
0.329653,-0.701332
0.330399,-0.702417
0.331145,-0.703503
0.331892,-0.704588
0.332638,-0.705674
0.333384,-0.706759
0.334131,-0.707844
0.334877,-0.70893
0.335623,-0.710015
0.33637,-0.7111
0.337116,-0.712186
0.337862,-0.713271
0.338609,-0.714356
0.339355,-0.715442
0.340101,-0.716527
0.340848,-0.717612
0.341594,-0.718698
0.34234,-0.719783
0.343087,-0.720868
0.343833,-0.721954
0.344579,-0.723039
0.345326,-0.724124
0.346072,-0.72521
0.346818,-0.726295
0.347565,-0.727381
0.348311,-0.728466
0.349057,-0.729551
0.349804,-0.730637
0.35055,-0.731722
0.351296,-0.732807
0.352043,-0.733893
0.352789,-0.734978
0.353535,-0.736063
0.354282,-0.737149
0.355028,-0.738234
0.355774,-0.739319
0.356521,-0.740405
0.357267,-0.74149
0.358013,-0.742575
0.35876,-0.743661
0.359506,-0.744746
0.360252,-0.745831
0.360999,-0.746917
0.361745,-0.748002
0.362491,-0.749087
0.363237,-0.750173
0.363984,-0.751258
0.36473,-0.752344
0.365476,-0.753429
0.366223,-0.754514
0.366969,-0.7556
0.367715,-0.756685
0.368462,-0.75777
0.369208,-0.758856
0.369954,-0.759941
0.370701,-0.761026
0.371447,-0.762112
0.372193,-0.763197
0.37294,-0.764282
0.373686,-0.765368
0.374432,-0.766453
0.375179,-0.767538
0.375925,-0.768624
0.376671,-0.769709
0.377418,-0.770794
0.378164,-0.77188
0.37891,-0.772965
0.379657,-0.774051
0.380403,-0.775136
0.381149,-0.776221
0.381896,-0.777307
0.382642,-0.778392
0.383388,-0.779477
0.384135,-0.780563
0.384881,-0.781648
0.385627,-0.782733
0.386374,-0.783819
0.38712,-0.784904
0.387866,-0.785989
0.388613,-0.787075
0.389359,-0.78816
0.390105,-0.789245
0.390852,-0.790331
0.391598,-0.791416
0.392344,-0.792501
0.393091,-0.793587
0.393837,-0.794672
0.394583,-0.795757
0.39533,-0.796843
0.396076,-0.797928
0.396822,-0.799014
0.397569,-0.800099
0.398315,-0.801184
0.399061,-0.80227
0.399808,-0.803355
0.400554,-0.80444
0.4013,-0.805526
0.402047,-0.806611
0.402793,-0.807696
0.403539,-0.808782
0.404286,-0.809867
0.405032,-0.810952
0.405778,-0.812038
0.406525,-0.813123
0.407271,-0.814208
0.408017,-0.815294
0.408764,-0.816379
0.40951,-0.817464
0.410256,-0.81855
0.411003,-0.819635
0.411749,-0.820721
0.412495,-0.821806
0.413242,-0.822891
0.413988,-0.823977
0.414734,-0.825062
0.41548,-0.826147
0.416227,-0.827233
0.416973,-0.828318
0.417719,-0.829403
0.418466,-0.830489
0.419212,-0.831574
0.419958,-0.832659
0.420705,-0.833745
0.421451,-0.83483
0.422197,-0.835915
0.421494,-0.836054
0.420791,-0.836192
0.420087,-0.83633
0.419384,-0.836468
0.418681,-0.836606
0.417977,-0.836744
0.417274,-0.836882
0.41657,-0.837021
0.415867,-0.837159
0.415164,-0.837297
0.41446,-0.837435
0.413757,-0.837573
0.413054,-0.837711
0.41235,-0.83785
0.411647,-0.837988
0.410943,-0.838126
0.41024,-0.838264
0.409537,-0.838402
0.408833,-0.83854
0.40813,-0.838678
0.407426,-0.838817
0.406723,-0.838955
0.40602,-0.839093
0.405316,-0.839231
0.404613,-0.839369
0.40391,-0.839507
0.403206,-0.839646
0.402503,-0.839784
0.401799,-0.839922
0.401096,-0.84006
0.400393,-0.840198
0.399689,-0.840336
0.398986,-0.840474
0.398283,-0.840613
0.397579,-0.840751
0.396876,-0.840889
0.396172,-0.841027
0.395469,-0.841165
0.394766,-0.841303
0.394062,-0.841442
0.393359,-0.84158
0.392655,-0.841718
0.391952,-0.841856
0.391249,-0.841994
0.390545,-0.842132
0.389842,-0.84227
0.389139,-0.842409
0.388435,-0.842547
0.387732,-0.842685
0.387028,-0.842823
0.386325,-0.842961
0.385622,-0.843099
0.384918,-0.843238
0.384215,-0.843376
0.383512,-0.843514
0.382808,-0.843652
0.382105,-0.84379
0.381401,-0.843928
0.380698,-0.844066
0.379995,-0.844205
0.379291,-0.844343
0.378588,-0.844481
0.377884,-0.844619
0.377181,-0.844757
0.376478,-0.844895
0.375774,-0.845034
0.375071,-0.845172
0.374368,-0.84531
0.373664,-0.845448
0.372961,-0.845586
0.372257,-0.845724
0.371554,-0.845862
0.370851,-0.846001
0.370147,-0.846139
0.369444,-0.846277
0.368741,-0.846415
0.368037,-0.846553
0.367334,-0.846691
0.36663,-0.84683
0.365927,-0.846968
0.365224,-0.847106
0.36452,-0.847244
0.363817,-0.847382
0.363114,-0.84752
0.36241,-0.847658
0.361707,-0.847797
0.361003,-0.847935
0.3603,-0.848073
0.359597,-0.848211
0.358893,-0.848349
0.35819,-0.848487
0.357486,-0.848626
0.356783,-0.848764
0.35608,-0.848902
0.355376,-0.84904
0.354673,-0.849178
0.35397,-0.849316
0.353266,-0.849454
0.352563,-0.849593
0.351859,-0.849731
0.351156,-0.849869
0.350453,-0.850007
0.349749,-0.850145
0.349046,-0.850283
0.348343,-0.850422
0.347639,-0.85056
0.346936,-0.850698
0.346232,-0.850836
0.345529,-0.850974
0.344826,-0.851112
0.344122,-0.851251
0.343419,-0.851389
0.342715,-0.851527
0.342012,-0.851665
0.341309,-0.851803
0.340605,-0.851941
0.339902,-0.852079
0.339199,-0.852218
0.338495,-0.852356
0.337792,-0.852494
0.337088,-0.852632
0.336385,-0.85277
0.335682,-0.852908
0.334978,-0.853047
0.334275,-0.853185
0.333572,-0.853323
0.332868,-0.853461
0.332165,-0.853599
0.331461,-0.853737
0.330758,-0.853875
0.330055,-0.854014
0.329351,-0.854152
0.328648,-0.85429
0.327945,-0.854428
0.327241,-0.854566
0.326538,-0.854704
0.325834,-0.854843
0.325131,-0.854981
0.324428,-0.855119
0.323724,-0.855257
0.323021,-0.855395
0.322317,-0.855533
0.321614,-0.855671
0.320911,-0.85581
0.320207,-0.855948
0.319504,-0.856086
0.318801,-0.856224
0.318097,-0.856362
0.317394,-0.8565
0.317956,-0.854666
0.318518,-0.852832
0.319081,-0.850998
0.319643,-0.849163
0.320205,-0.847329
0.320767,-0.845495
0.32133,-0.843661
0.321892,-0.841827
0.322454,-0.839992
0.323016,-0.838158
0.323579,-0.836324
0.324141,-0.83449
0.324703,-0.832655
0.325266,-0.830821
0.325828,-0.828987
0.32639,-0.827153
0.326952,-0.825318
0.327515,-0.823484
0.328077,-0.82165
0.328639,-0.819816
0.329201,-0.817982
0.329764,-0.816147
0.330326,-0.814313
0.330888,-0.812479
0.33145,-0.810645
0.332013,-0.80881
0.332575,-0.806976
0.333137,-0.805142
0.3337,-0.803308
0.334262,-0.801473
0.334824,-0.799639
0.335386,-0.797805
0.335949,-0.795971
0.336511,-0.794137
0.337073,-0.792302
0.337635,-0.790468
0.338198,-0.788634
0.33876,-0.7868
0.339322,-0.784965
0.339884,-0.783131
0.340447,-0.781297
0.341009,-0.779463
0.341571,-0.777628
0.342134,-0.775794
0.342696,-0.77396
0.343258,-0.772126
0.34382,-0.770292
0.344383,-0.768457
0.344945,-0.766623
0.345507,-0.764789
0.346069,-0.762955
0.346632,-0.76112
0.347194,-0.759286
0.347756,-0.757452
0.348319,-0.755618
0.348881,-0.753783
0.349443,-0.751949
0.350005,-0.750115
0.350568,-0.748281
0.35113,-0.746447
0.351692,-0.744612
0.352254,-0.742778
0.352817,-0.740944
0.353379,-0.73911
0.353941,-0.737275
0.354503,-0.735441
0.355066,-0.733607
0.355628,-0.731773
0.35619,-0.729938
0.356753,-0.728104
0.357315,-0.72627
0.357877,-0.724436
0.358439,-0.722602
0.359002,-0.720767
0.359564,-0.718933
0.360126,-0.717099
0.360688,-0.715265
0.361251,-0.71343
0.361813,-0.711596
0.362375,-0.709762
0.362937,-0.707928
0.3635,-0.706093
0.364062,-0.704259
0.364624,-0.702425
0.365187,-0.700591
0.365749,-0.698757
0.366311,-0.696922
0.366873,-0.695088
0.367436,-0.693254
0.367998,-0.69142
0.36856,-0.689585
0.369122,-0.687751
0.369685,-0.685917
0.370247,-0.684083
0.370809,-0.682248
0.371371,-0.680414
0.371934,-0.67858
0.372496,-0.676746
0.373058,-0.674912
0.373621,-0.673077
0.374183,-0.671243
0.374745,-0.669409
0.375307,-0.667575
0.37587,-0.66574
0.376432,-0.663906
0.376994,-0.662072
0.377556,-0.660238
0.378119,-0.658403
0.378681,-0.656569
0.379243,-0.654735
0.379805,-0.652901
0.380368,-0.651067
0.38093,-0.649232
0.381492,-0.647398
0.382055,-0.645564
0.382617,-0.64373
0.383179,-0.641895
0.383741,-0.640061
0.384304,-0.638227
0.384866,-0.636393
0.385428,-0.634558
0.38599,-0.632724
0.386553,-0.63089
0.387115,-0.629056
0.387677,-0.627222
0.388239,-0.625387
0.388802,-0.623553
0.389364,-0.621719
0.389926,-0.619885
0.390489,-0.61805
0.391051,-0.616216
0.391613,-0.614382
0.392175,-0.612548
0.392738,-0.610713
0.3933,-0.608879
0.393862,-0.607045
0.394424,-0.605211
0.394987,-0.603377
0.395549,-0.601542
0.396111,-0.599708
0.396673,-0.597874
0.397236,-0.59604
0.397798,-0.594205
0.39836,-0.592371
0.398923,-0.590537
0.399485,-0.588703
0.400047,-0.586868
0.400609,-0.585034
0.401172,-0.5832
0.401734,-0.581366
0.403227,-0.581785
0.404719,-0.582205
0.406212,-0.582625
0.407705,-0.583044
0.409197,-0.583464
0.41069,-0.583883
0.412183,-0.584303
0.413675,-0.584723
0.415168,-0.585142
0.416661,-0.585562
0.418153,-0.585981
0.419646,-0.586401
0.421139,-0.586821
0.422632,-0.58724
0.424124,-0.58766
0.425617,-0.588079
0.42711,-0.588499
0.428602,-0.588919
0.430095,-0.589338
0.431588,-0.589758
0.43308,-0.590177
0.434573,-0.590597
0.436066,-0.591017
0.437558,-0.591436
0.439051,-0.591856
0.440544,-0.592275
0.442036,-0.592695
0.443529,-0.593115
0.445022,-0.593534
0.446515,-0.593954
0.448007,-0.594373
0.4495,-0.594793
0.450993,-0.595213
0.452485,-0.595632
0.453978,-0.596052
0.455471,-0.596471
0.456963,-0.596891
0.458456,-0.597311
0.459949,-0.59773
0.461441,-0.59815
0.462934,-0.598569
0.464427,-0.598989
0.465919,-0.599409
0.467412,-0.599828
0.468905,-0.600248
0.470398,-0.600667
0.47189,-0.601087
0.473383,-0.601507
0.474876,-0.601926
0.476368,-0.602346
0.477861,-0.602765
0.479354,-0.603185
0.480846,-0.603605
0.482339,-0.604024
0.483832,-0.604444
0.485324,-0.604863
0.486817,-0.605283
0.48831,-0.605703
0.489802,-0.606122
0.491295,-0.606542
0.492788,-0.606961
0.494281,-0.607381
0.495773,-0.607801
0.497266,-0.60822
0.498759,-0.60864
0.500251,-0.609059
0.501744,-0.609479
0.503237,-0.609899
0.504729,-0.610318
0.506222,-0.610738
0.507715,-0.611157
0.509207,-0.611577
0.5107,-0.611997
0.512193,-0.612416
0.513686,-0.612836
0.515178,-0.613255
0.516671,-0.613675
0.518164,-0.614095
0.519656,-0.614514
0.521149,-0.614934
0.522642,-0.615353
0.524134,-0.615773
0.525627,-0.616193
0.52712,-0.616612
0.528612,-0.617032
0.530105,-0.617451
0.531598,-0.617871
0.53309,-0.618291
0.534583,-0.61871
0.536076,-0.61913
0.537569,-0.619549
0.539061,-0.619969
0.540554,-0.620389
0.542047,-0.620808
0.543539,-0.621228
0.545032,-0.621647
0.546525,-0.622067
0.548017,-0.622487
0.54951,-0.622906
0.551003,-0.623326
0.552495,-0.623745
0.553988,-0.624165
0.555481,-0.624585
0.556973,-0.625004
0.558466,-0.625424
0.559959,-0.625843
0.561452,-0.626263
0.562944,-0.626683
0.564437,-0.627102
0.56593,-0.627522
0.567422,-0.627941
0.568915,-0.628361
0.570408,-0.628781
0.5719,-0.6292
0.573393,-0.62962
0.574886,-0.630039
0.576378,-0.630459
0.577871,-0.630879
0.579364,-0.631298
0.580856,-0.631718
0.582349,-0.632137
0.583842,-0.632557
0.585335,-0.632977
0.586827,-0.633396
0.58832,-0.633816
0.589813,-0.634235
0.591305,-0.634655
0.592798,-0.635075
0.594291,-0.635494
0.595783,-0.635914
0.597276,-0.636333
0.598769,-0.636753
0.600261,-0.637173
0.601754,-0.637592
0.603247,-0.638012
0.60474,-0.638431
0.606232,-0.638851
0.607725,-0.639271
0.609218,-0.63969
0.61071,-0.64011
0.612203,-0.640529
0.613696,-0.640949
0.615188,-0.641369
0.616681,-0.641788
0.618174,-0.642208
0.619666,-0.642627
0.621159,-0.643047
0.622652,-0.643467
0.624144,-0.643886
