O
10
1,0,-1,0.78,-0.5,0.75,0.0,0.0,0.0,0.3,0.4,0.02,0,0.8,False
2,0,-1,1.1,-0.5,0.93,0.0,0.0,0.0,0.02,0.4,0.2,0,0.8,False
3,0,-1,0.78,-0.5,1.11,0.0,0.0,0.0,0.3,0.4,0.02,0,0.8,False
4,0,-1,0.8,-0.92,0.93,0.0,0.0,0.0,0.32,0.02,0.2,0,0.8,False
5,0,-1,0.8,-0.08,0.93,0.0,0.0,0.0,0.32,0.02,0.2,0,0.8,False
6,0,0,0.6009235965305497,-0.4828197949907073,0.9126274132955976,0.0,0.0,1.6874619769128067,0.037748323231808295,0.030437541245882885,0.14262741329559755,0.10497785678665672,1.176796887590704,False
7,2,0,0.9068963200345161,-0.3202161245383539,0.8450000000000001,0.0,0.0,6.018272142778688,0.07384909489393396,0.07384909489393396,0.15,0.3714489496718823,0.976474923290034,False
8,0,0,0.6231339995398659,-0.5794800928645167,0.86,0.0,0.0,6.0704668526277255,0.03,0.03,0.09,0.08325540947094173,0.8510078250234613,False
9,2,0,0.5392718723617775,-0.25225710989969974,0.8450000000000001,0.0,0.0,0.7102287367758656,0.03,0.03,0.15,0.2413239216033442,1.0423638343571107,False
10,2,0,0.9337178111242437,-0.582515266560175,0.8450000000000001,0.0,0.0,3.267848537023445,0.07659167690929451,0.07659167690929451,0.15,0.05663271349779225,1.0659305980269564,False
R
0.0,0.0,0.0,0.0,0.0,0.0,1.0
S
8
torso_lift_joint,0
r_shoulder_pan_joint,-1.69017
r_shoulder_lift_joint,-0.0788625
r_upper_arm_roll_joint,-1.69017
r_elbow_flex_joint,-1.2717
r_forearm_roll_joint,-0.151824
r_wrist_flex_joint,-1.25254
r_wrist_roll_joint,0.675062
G
0.518738,-0.492452,0.912627,0.116666,-0,0
ooi
6
A
599
0.310248,-0.673113
0.310318,-0.672398
0.310388,-0.671683
0.310458,-0.670967
0.310529,-0.670252
0.310599,-0.669537
0.310669,-0.668822
0.310739,-0.668107
0.310809,-0.667392
0.310879,-0.666676
0.310949,-0.665961
0.311019,-0.665246
0.311089,-0.664531
0.311159,-0.663816
0.311229,-0.6631
0.311299,-0.662385
0.311369,-0.66167
0.31144,-0.660955
0.31151,-0.66024
0.31158,-0.659524
0.31165,-0.658809
0.31172,-0.658094
0.31179,-0.657379
0.31186,-0.656664
0.31193,-0.655948
0.312,-0.655233
0.31207,-0.654518
0.31214,-0.653803
0.31221,-0.653088
0.312281,-0.652372
0.312351,-0.651657
0.312421,-0.650942
0.312491,-0.650227
0.312561,-0.649512
0.312631,-0.648797
0.312701,-0.648081
0.312771,-0.647366
0.312841,-0.646651
0.312911,-0.645936
0.312981,-0.645221
0.313051,-0.644505
0.313122,-0.64379
0.313192,-0.643075
0.313262,-0.64236
0.313332,-0.641645
0.313402,-0.640929
0.313472,-0.640214
0.313542,-0.639499
0.313612,-0.638784
0.313682,-0.638069
0.313752,-0.637353
0.313822,-0.636638
0.313892,-0.635923
0.313962,-0.635208
0.314033,-0.634493
0.314103,-0.633777
0.314173,-0.633062
0.314243,-0.632347
0.314313,-0.631632
0.314383,-0.630917
0.314453,-0.630201
0.314523,-0.629486
0.314593,-0.628771
0.314663,-0.628056
0.314733,-0.627341
0.314803,-0.626626
0.314874,-0.62591
0.314944,-0.625195
0.315014,-0.62448
0.315084,-0.623765
0.315154,-0.62305
0.315224,-0.622334
0.315294,-0.621619
0.315364,-0.620904
0.315434,-0.620189
0.315504,-0.619474
0.315574,-0.618758
0.315644,-0.618043
0.315715,-0.617328
0.315785,-0.616613
0.315855,-0.615898
0.315925,-0.615182
0.315995,-0.614467
0.316065,-0.613752
0.316135,-0.613037
0.316205,-0.612322
0.316275,-0.611606
0.316345,-0.610891
0.316415,-0.610176
0.316485,-0.609461
0.316556,-0.608746
0.316626,-0.60803
0.316696,-0.607315
0.316766,-0.6066
0.316836,-0.605885
0.316906,-0.60517
0.316976,-0.604455
0.317046,-0.603739
0.317116,-0.603024
0.317186,-0.602309
0.317256,-0.601594
0.317326,-0.600879
0.317396,-0.600163
0.317467,-0.599448
0.317537,-0.598733
0.317607,-0.598018
0.317677,-0.597303
0.317747,-0.596587
0.317817,-0.595872
0.317887,-0.595157
0.317957,-0.594442
0.318027,-0.593727
0.318097,-0.593011
0.318167,-0.592296
0.318237,-0.591581
0.318308,-0.590866
0.318378,-0.590151
0.318448,-0.589435
0.318518,-0.58872
0.318588,-0.588005
0.318658,-0.58729
0.318728,-0.586575
0.318798,-0.585859
0.318868,-0.585144
0.318938,-0.584429
0.319008,-0.583714
0.319078,-0.582999
0.319149,-0.582284
0.319219,-0.581568
0.319289,-0.580853
0.319359,-0.580138
0.319429,-0.579423
0.319499,-0.578708
0.319569,-0.577992
0.319639,-0.577277
0.319709,-0.576562
0.319779,-0.575847
0.319849,-0.575132
0.319919,-0.574416
0.31999,-0.573701
0.32006,-0.572986
0.32013,-0.572271
0.3202,-0.571556
0.32027,-0.57084
0.32034,-0.570125
0.32041,-0.56941
0.32048,-0.568695
0.32055,-0.56798
0.32062,-0.567264
0.32069,-0.566549
0.32076,-0.565834
0.320946,-0.566241
0.321131,-0.566647
0.321316,-0.567054
0.321501,-0.56746
0.321686,-0.567867
0.321872,-0.568273
0.322057,-0.56868
0.322242,-0.569086
0.322427,-0.569493
0.322612,-0.569899
0.322798,-0.570306
0.322983,-0.570712
0.323168,-0.571119
0.323353,-0.571525
0.323538,-0.571932
0.323723,-0.572338
0.323909,-0.572745
0.324094,-0.573151
0.324279,-0.573558
0.324464,-0.573964
0.324649,-0.574371
0.324835,-0.574777
0.32502,-0.575184
0.325205,-0.57559
0.32539,-0.575997
0.325575,-0.576403
0.325761,-0.57681
0.325946,-0.577216
0.326131,-0.577623
0.326316,-0.578029
0.326501,-0.578436
0.326687,-0.578842
0.326872,-0.579249
0.327057,-0.579656
0.327242,-0.580062
0.327427,-0.580469
0.327612,-0.580875
0.327798,-0.581282
0.327983,-0.581688
0.328168,-0.582095
0.328353,-0.582501
0.328538,-0.582908
0.328724,-0.583314
0.328909,-0.583721
0.329094,-0.584127
0.329279,-0.584534
0.329464,-0.58494
0.32965,-0.585347
0.329835,-0.585753
0.33002,-0.58616
0.330205,-0.586566
0.33039,-0.586973
0.330576,-0.587379
0.330761,-0.587786
0.330946,-0.588192
0.331131,-0.588599
0.331316,-0.589005
0.331502,-0.589412
0.331687,-0.589818
0.331872,-0.590225
0.332057,-0.590631
0.332242,-0.591038
0.332427,-0.591444
0.332613,-0.591851
0.332798,-0.592257
0.332983,-0.592664
0.333168,-0.59307
0.333353,-0.593477
0.333539,-0.593883
0.333724,-0.59429
0.333909,-0.594696
0.334094,-0.595103
0.334279,-0.59551
0.334465,-0.595916
0.33465,-0.596323
0.334835,-0.596729
0.33502,-0.597136
0.335205,-0.597542
0.335391,-0.597949
0.335576,-0.598355
0.335761,-0.598762
0.335946,-0.599168
0.336131,-0.599575
0.336317,-0.599981
0.336502,-0.600388
0.336687,-0.600794
0.336872,-0.601201
0.337057,-0.601607
0.337242,-0.602014
0.337428,-0.60242
0.337613,-0.602827
0.337798,-0.603233
0.337983,-0.60364
0.338168,-0.604046
0.338354,-0.604453
0.338539,-0.604859
0.338724,-0.605266
0.338909,-0.605672
0.339094,-0.606079
0.33928,-0.606485
0.339465,-0.606892
0.33965,-0.607298
0.339835,-0.607705
0.34002,-0.608111
0.340206,-0.608518
0.340391,-0.608924
0.340576,-0.609331
0.340761,-0.609737
0.340946,-0.610144
0.341131,-0.61055
0.341317,-0.610957
0.341502,-0.611364
0.341687,-0.61177
0.341872,-0.612177
0.342057,-0.612583
0.342243,-0.61299
0.342428,-0.613396
0.342613,-0.613803
0.342798,-0.614209
0.342983,-0.614616
0.343169,-0.615022
0.343354,-0.615429
0.343539,-0.615835
0.343724,-0.616242
0.343909,-0.616648
0.344095,-0.617055
0.34428,-0.617461
0.344465,-0.617868
0.34465,-0.618274
0.344835,-0.618681
0.345021,-0.619087
0.345206,-0.619494
0.345391,-0.6199
0.345576,-0.620307
0.345761,-0.620713
0.345946,-0.62112
0.346132,-0.621526
0.346317,-0.621933
0.346502,-0.622339
0.346687,-0.622746
0.346872,-0.623152
0.347058,-0.623559
0.347243,-0.623965
0.347428,-0.624372
0.347613,-0.624778
0.347798,-0.625185
0.347984,-0.625591
0.348169,-0.625998
0.348354,-0.626404
0.348921,-0.626055
0.349489,-0.625705
0.350056,-0.625355
0.350623,-0.625005
0.351191,-0.624655
0.351758,-0.624306
0.352325,-0.623956
0.352892,-0.623606
0.35346,-0.623256
0.354027,-0.622906
0.354594,-0.622556
0.355162,-0.622207
0.355729,-0.621857
0.356296,-0.621507
0.356864,-0.621157
0.357431,-0.620807
0.357998,-0.620458
0.358565,-0.620108
0.359133,-0.619758
0.3597,-0.619408
0.360267,-0.619058
0.360835,-0.618708
0.361402,-0.618359
0.361969,-0.618009
0.362537,-0.617659
0.363104,-0.617309
0.363671,-0.616959
0.364239,-0.61661
0.364806,-0.61626
0.365373,-0.61591
0.36594,-0.61556
0.366508,-0.61521
0.367075,-0.61486
0.367642,-0.614511
0.36821,-0.614161
0.368777,-0.613811
0.369344,-0.613461
0.369912,-0.613111
0.370479,-0.612762
0.371046,-0.612412
0.371613,-0.612062
0.372181,-0.611712
0.372748,-0.611362
0.373315,-0.611012
0.373883,-0.610663
0.37445,-0.610313
0.375017,-0.609963
0.375585,-0.609613
0.376152,-0.609263
0.376719,-0.608914
0.377287,-0.608564
0.377854,-0.608214
0.378421,-0.607864
0.378988,-0.607514
0.379556,-0.607164
0.380123,-0.606815
0.38069,-0.606465
0.381258,-0.606115
0.381825,-0.605765
0.382392,-0.605415
0.38296,-0.605066
0.383527,-0.604716
0.384094,-0.604366
0.384661,-0.604016
0.385229,-0.603666
0.385796,-0.603316
0.386363,-0.602967
0.386931,-0.602617
0.387498,-0.602267
0.388065,-0.601917
0.388633,-0.601567
0.3892,-0.601218
0.389767,-0.600868
0.390335,-0.600518
0.390902,-0.600168
0.391469,-0.599818
0.392036,-0.599468
0.392604,-0.599119
0.393171,-0.598769
0.393738,-0.598419
0.394306,-0.598069
0.394873,-0.597719
0.39544,-0.59737
0.396008,-0.59702
0.396575,-0.59667
0.397142,-0.59632
0.397709,-0.59597
0.398277,-0.59562
0.398844,-0.595271
0.399411,-0.594921
0.399979,-0.594571
0.400546,-0.594221
0.401113,-0.593871
0.401681,-0.593522
0.402248,-0.593172
0.402815,-0.592822
0.403383,-0.592472
0.40395,-0.592122
0.404517,-0.591772
0.405084,-0.591423
0.405652,-0.591073
0.406219,-0.590723
0.406786,-0.590373
0.407354,-0.590023
0.407921,-0.589674
0.408488,-0.589324
0.409056,-0.588974
0.409623,-0.588624
0.41019,-0.588274
0.410757,-0.587924
0.411325,-0.587575
0.411892,-0.587225
0.412459,-0.586875
0.413027,-0.586525
0.413594,-0.586175
0.414161,-0.585826
0.414729,-0.585476
0.415296,-0.585126
0.415863,-0.584776
0.416431,-0.584426
0.416998,-0.584076
0.417565,-0.583727
0.418132,-0.583377
0.4187,-0.583027
0.419267,-0.582677
0.419834,-0.582327
0.420402,-0.581978
0.420969,-0.581628
0.421536,-0.581278
0.422104,-0.580928
0.422671,-0.580578
0.423238,-0.580228
0.423805,-0.579879
0.424373,-0.579529
0.42494,-0.579179
0.425507,-0.578829
0.426075,-0.578479
0.426642,-0.57813
0.427209,-0.57778
0.427777,-0.57743
0.428344,-0.57708
0.428911,-0.57673
0.429479,-0.57638
0.430046,-0.576031
0.430613,-0.575681
0.43118,-0.575331
0.431748,-0.574981
0.432315,-0.574631
0.432882,-0.574282
0.43345,-0.573932
0.434022,-0.573385
0.434594,-0.572838
0.435167,-0.572291
0.435739,-0.571744
0.436312,-0.571197
0.436884,-0.570651
0.437456,-0.570104
0.438029,-0.569557
0.438601,-0.56901
0.439174,-0.568463
0.439746,-0.567916
0.440319,-0.56737
0.440891,-0.566823
0.441463,-0.566276
0.442036,-0.565729
0.442608,-0.565182
0.443181,-0.564635
0.443753,-0.564089
0.444325,-0.563542
0.444898,-0.562995
0.44547,-0.562448
0.446043,-0.561901
0.446615,-0.561354
0.447187,-0.560807
0.44776,-0.560261
0.448332,-0.559714
0.448905,-0.559167
0.449477,-0.55862
0.450049,-0.558073
0.450622,-0.557526
0.451194,-0.55698
0.451767,-0.556433
0.452339,-0.555886
0.452911,-0.555339
0.453484,-0.554792
0.454056,-0.554245
0.454629,-0.553698
0.455201,-0.553152
0.455773,-0.552605
0.456346,-0.552058
0.456918,-0.551511
0.457491,-0.550964
0.458063,-0.550417
0.458635,-0.549871
0.459208,-0.549324
0.45978,-0.548777
0.460353,-0.54823
0.460925,-0.547683
0.461497,-0.547136
0.46207,-0.546589
0.462642,-0.546043
0.463215,-0.545496
0.463787,-0.544949
0.464359,-0.544402
0.464932,-0.543855
0.465504,-0.543308
0.466077,-0.542762
0.466649,-0.542215
0.467221,-0.541668
0.467794,-0.541121
0.468366,-0.540574
0.468939,-0.540027
0.469511,-0.53948
0.470083,-0.538934
0.470656,-0.538387
0.471228,-0.53784
0.471801,-0.537293
0.472373,-0.536746
0.472946,-0.536199
0.473518,-0.535653
0.47409,-0.535106
0.474663,-0.534559
0.475235,-0.534012
0.475808,-0.533465
0.47638,-0.532918
0.476952,-0.532371
0.477525,-0.531825
0.478097,-0.531278
0.47867,-0.530731
0.479242,-0.530184
0.479814,-0.529637
0.480387,-0.52909
0.480959,-0.528544
0.481532,-0.527997
0.482104,-0.52745
0.482676,-0.526903
0.483249,-0.526356
0.483821,-0.525809
0.484394,-0.525263
0.484966,-0.524716
0.485538,-0.524169
0.486111,-0.523622
0.486683,-0.523075
0.487256,-0.522528
0.487828,-0.521981
0.4884,-0.521435
0.488973,-0.520888
0.489545,-0.520341
0.490118,-0.519794
0.49069,-0.519247
0.491262,-0.5187
0.491835,-0.518154
0.492407,-0.517607
0.49298,-0.51706
0.493552,-0.516513
0.494124,-0.515966
0.494697,-0.515419
0.495269,-0.514872
0.495842,-0.514326
0.496414,-0.513779
0.496986,-0.513232
0.497559,-0.512685
0.498131,-0.512138
0.498704,-0.511591
0.499276,-0.511045
0.499848,-0.510498
0.500421,-0.509951
0.500993,-0.509404
0.501566,-0.508857
0.502138,-0.50831
0.50271,-0.507763
0.503283,-0.507217
0.503855,-0.50667
0.504428,-0.506123
0.505,-0.505576
0.505572,-0.505029
0.506145,-0.504482
0.506717,-0.503936
0.50729,-0.503389
0.507862,-0.502842
0.508435,-0.502295
0.509007,-0.501748
0.509579,-0.501201
0.510152,-0.500654
0.510724,-0.500108
0.511297,-0.499561
0.511869,-0.499014
0.512441,-0.498467
0.513014,-0.49792
0.513586,-0.497373
0.514159,-0.496827
0.514731,-0.49628
0.515303,-0.495733
0.515876,-0.495186
0.516448,-0.494639
0.517021,-0.494092
0.517593,-0.493545
0.518165,-0.492999
0.518738,-0.492452
