O
10
1,0,-1,0.78,-0.5,0.75,0.0,0.0,0.0,0.3,0.4,0.02,0,0.8,False
2,0,-1,1.1,-0.5,0.93,0.0,0.0,0.0,0.02,0.4,0.2,0,0.8,False
3,0,-1,0.78,-0.5,1.11,0.0,0.0,0.0,0.3,0.4,0.02,0,0.8,False
4,0,-1,0.8,-0.92,0.93,0.0,0.0,0.0,0.32,0.02,0.2,0,0.8,False
5,0,-1,0.8,-0.08,0.93,0.0,0.0,0.0,0.32,0.02,0.2,0,0.8,False
6,0,0,0.8091870355528505,-0.687354044864492,0.86,0.0,0.0,1.1861294369581954,0.060778127851039865,0.037267452114379374,0.09,0.2983644090517999,1.1763092601503415,False
7,0,0,0.8346322898995719,-0.4733796155346641,0.86,0.0,0.0,3.0113054184263652,0.052762004799305685,0.03,0.09,0.17897856058859135,0.890911517479322,False
8,0,0,0.9828834598930725,-0.6888852953554099,0.86,0.0,0.0,1.8036565261494473,0.03,0.04586150078601937,0.09,0.2835060424040993,1.1095160890936553,False
9,0,0,0.5836572243120552,-0.3712648859693647,0.86,0.0,0.0,0.5371696342221665,0.04793136348888821,0.042120243724812795,0.09,0.38536221913522206,1.1351759314146845,False
10,2,0,0.7020609672995877,-0.5099371218609724,0.8450000000000001,0.0,0.0,1.53094627273021,0.030643739253215695,0.030643739253215695,0.15,0.4970238390467576,0.9609511214519959,False
R
0.0,0.0,0.0,0.0,0.0,0.0,1.0
S
8
torso_lift_joint,0
r_shoulder_pan_joint,-1.69017
r_shoulder_lift_joint,-0.0788625
r_upper_arm_roll_joint,-1.69017
r_elbow_flex_joint,-1.2717
r_forearm_roll_joint,-0.151824
r_wrist_flex_joint,-1.25254
r_wrist_roll_joint,0.675062
G
0.503814,-0.418818,0.86,0.53717,-0,0
ooi
9
A
599
0.310248,-0.673113
0.310804,-0.672833
0.311361,-0.672553
0.311917,-0.672274
0.312473,-0.671994
0.313029,-0.671714
0.313585,-0.671434
0.314142,-0.671154
0.314698,-0.670874
0.315254,-0.670594
0.31581,-0.670315
0.316367,-0.670035
0.316923,-0.669755
0.317479,-0.669475
0.318035,-0.669195
0.318591,-0.668915
0.319148,-0.668636
0.319704,-0.668356
0.32026,-0.668076
0.320816,-0.667796
0.321373,-0.667516
0.321929,-0.667236
0.322485,-0.666957
0.323041,-0.666677
0.323597,-0.666397
0.324154,-0.666117
0.32471,-0.665837
0.325266,-0.665557
0.325822,-0.665277
0.326379,-0.664998
0.326935,-0.664718
0.327491,-0.664438
0.328047,-0.664158
0.328603,-0.663878
0.32916,-0.663598
0.329716,-0.663319
0.330272,-0.663039
0.330828,-0.662759
0.331385,-0.662479
0.331941,-0.662199
0.332497,-0.661919
0.333053,-0.66164
0.333609,-0.66136
0.334166,-0.66108
0.334722,-0.6608
0.335278,-0.66052
0.335834,-0.66024
0.33639,-0.65996
0.336947,-0.659681
0.337503,-0.659401
0.338059,-0.659121
0.338615,-0.658841
0.339172,-0.658561
0.339728,-0.658281
0.340284,-0.658002
0.34084,-0.657722
0.341396,-0.657442
0.341953,-0.657162
0.342509,-0.656882
0.343065,-0.656602
0.343621,-0.656322
0.344178,-0.656043
0.344734,-0.655763
0.34529,-0.655483
0.345846,-0.655203
0.346402,-0.654923
0.346959,-0.654643
0.347515,-0.654364
0.348071,-0.654084
0.348627,-0.653804
0.349184,-0.653524
0.34974,-0.653244
0.350296,-0.652964
0.350852,-0.652685
0.351408,-0.652405
0.351965,-0.652125
0.352521,-0.651845
0.353077,-0.651565
0.353633,-0.651285
0.35419,-0.651005
0.354746,-0.650726
0.355302,-0.650446
0.355858,-0.650166
0.356414,-0.649886
0.356971,-0.649606
0.357527,-0.649326
0.358083,-0.649047
0.358639,-0.648767
0.359195,-0.648487
0.359752,-0.648207
0.360308,-0.647927
0.360864,-0.647647
0.36142,-0.647368
0.361977,-0.647088
0.362533,-0.646808
0.363089,-0.646528
0.363645,-0.646248
0.364201,-0.645968
0.364758,-0.645688
0.365314,-0.645409
0.36587,-0.645129
0.366426,-0.644849
0.366983,-0.644569
0.367539,-0.644289
0.368095,-0.644009
0.368651,-0.64373
0.369207,-0.64345
0.369764,-0.64317
0.37032,-0.64289
0.370876,-0.64261
0.371432,-0.64233
0.371989,-0.64205
0.372545,-0.641771
0.373101,-0.641491
0.373657,-0.641211
0.374213,-0.640931
0.37477,-0.640651
0.375326,-0.640371
0.375882,-0.640092
0.376438,-0.639812
0.376994,-0.639532
0.377551,-0.639252
0.378107,-0.638972
0.378663,-0.638692
0.379219,-0.638413
0.379776,-0.638133
0.380332,-0.637853
0.380888,-0.637573
0.381444,-0.637293
0.382,-0.637013
0.382557,-0.636733
0.383113,-0.636454
0.383669,-0.636174
0.384225,-0.635894
0.384782,-0.635614
0.385338,-0.635334
0.385894,-0.635054
0.38645,-0.634775
0.387006,-0.634495
0.387563,-0.634215
0.388119,-0.633935
0.388675,-0.633655
0.389231,-0.633375
0.389788,-0.633096
0.390344,-0.632816
0.3909,-0.632536
0.391456,-0.632256
0.392012,-0.631976
0.392569,-0.631696
0.393125,-0.631416
0.393681,-0.631137
0.394045,-0.630724
0.394409,-0.630312
0.394773,-0.6299
0.395137,-0.629487
0.395502,-0.629075
0.395866,-0.628663
0.39623,-0.62825
0.396594,-0.627838
0.396958,-0.627426
0.397322,-0.627013
0.397686,-0.626601
0.39805,-0.626188
0.398414,-0.625776
0.398778,-0.625364
0.399142,-0.624951
0.399506,-0.624539
0.399871,-0.624127
0.400235,-0.623714
0.400599,-0.623302
0.400963,-0.62289
0.401327,-0.622477
0.401691,-0.622065
0.402055,-0.621653
0.402419,-0.62124
0.402783,-0.620828
0.403147,-0.620416
0.403511,-0.620003
0.403876,-0.619591
0.40424,-0.619179
0.404604,-0.618766
0.404968,-0.618354
0.405332,-0.617942
0.405696,-0.617529
0.40606,-0.617117
0.406424,-0.616705
0.406788,-0.616292
0.407152,-0.61588
0.407516,-0.615468
0.40788,-0.615055
0.408245,-0.614643
0.408609,-0.614231
0.408973,-0.613818
0.409337,-0.613406
0.409701,-0.612994
0.410065,-0.612581
0.410429,-0.612169
0.410793,-0.611757
0.411157,-0.611344
0.411521,-0.610932
0.411885,-0.610519
0.41225,-0.610107
0.412614,-0.609695
0.412978,-0.609282
0.413342,-0.60887
0.413706,-0.608458
0.41407,-0.608045
0.414434,-0.607633
0.414798,-0.607221
0.415162,-0.606808
0.415526,-0.606396
0.41589,-0.605984
0.416255,-0.605571
0.416619,-0.605159
0.416983,-0.604747
0.417347,-0.604334
0.417711,-0.603922
0.418075,-0.60351
0.418439,-0.603097
0.418803,-0.602685
0.419167,-0.602273
0.419531,-0.60186
0.419895,-0.601448
0.420259,-0.601036
0.420624,-0.600623
0.420988,-0.600211
0.421352,-0.599799
0.421716,-0.599386
0.42208,-0.598974
0.422444,-0.598562
0.422808,-0.598149
0.423172,-0.597737
0.423536,-0.597325
0.4239,-0.596912
0.424264,-0.5965
0.424629,-0.596087
0.424993,-0.595675
0.425357,-0.595263
0.425721,-0.59485
0.426085,-0.594438
0.426449,-0.594026
0.426813,-0.593613
0.427177,-0.593201
0.427541,-0.592789
0.427905,-0.592376
0.428269,-0.591964
0.428633,-0.591552
0.428998,-0.591139
0.429362,-0.590727
0.429726,-0.590315
0.43009,-0.589902
0.430454,-0.58949
0.430818,-0.589078
0.431182,-0.588665
0.431546,-0.588253
0.43191,-0.587841
0.432274,-0.587428
0.432638,-0.587016
0.433003,-0.586604
0.433367,-0.586191
0.433731,-0.585779
0.434095,-0.585367
0.434459,-0.584954
0.434823,-0.584542
0.435187,-0.58413
0.435551,-0.583717
0.435915,-0.583305
0.436279,-0.582893
0.436643,-0.58248
0.437008,-0.582068
0.437372,-0.581655
0.437736,-0.581243
0.4381,-0.580831
0.438464,-0.580418
0.438828,-0.580006
0.439192,-0.579594
0.439556,-0.579181
0.43992,-0.578769
0.440284,-0.578357
0.440648,-0.577944
0.441012,-0.577532
0.441377,-0.57712
0.441741,-0.576707
0.442105,-0.576295
0.442469,-0.575883
0.442833,-0.57547
0.443197,-0.575058
0.443561,-0.574646
0.443925,-0.574233
0.444289,-0.573821
0.444653,-0.573409
0.445017,-0.572996
0.445382,-0.572584
0.445746,-0.572172
0.44611,-0.571759
0.446474,-0.571347
0.446838,-0.570935
0.447202,-0.570522
0.447566,-0.57011
0.44793,-0.569698
0.448295,-0.56817
0.44866,-0.566641
0.449025,-0.565113
0.44939,-0.563585
0.449755,-0.562057
0.45012,-0.560529
0.450485,-0.559001
0.450849,-0.557473
0.451214,-0.555945
0.451579,-0.554417
0.451944,-0.552889
0.452309,-0.551361
0.452674,-0.549833
0.453039,-0.548305
0.453404,-0.546777
0.453769,-0.545249
0.454134,-0.543721
0.454499,-0.542193
0.454864,-0.540665
0.455228,-0.539137
0.455593,-0.537609
0.455958,-0.536081
0.456323,-0.534553
0.456688,-0.533025
0.457053,-0.531497
0.457418,-0.529968
0.457783,-0.52844
0.458148,-0.526912
0.458513,-0.525384
0.458878,-0.523856
0.459243,-0.522328
0.459607,-0.5208
0.459972,-0.519272
0.460337,-0.517744
0.460702,-0.516216
0.461067,-0.514688
0.461432,-0.51316
0.461797,-0.511632
0.462162,-0.510104
0.462527,-0.508576
0.462892,-0.507048
0.463257,-0.50552
0.463622,-0.503992
0.463987,-0.502464
0.464351,-0.500936
0.464716,-0.499408
0.465081,-0.49788
0.465446,-0.496352
0.465811,-0.494823
0.466176,-0.493295
0.466541,-0.491767
0.466906,-0.490239
0.467271,-0.488711
0.467636,-0.487183
0.468001,-0.485655
0.468366,-0.484127
0.46873,-0.482599
0.469095,-0.481071
0.46946,-0.479543
0.469825,-0.478015
0.47019,-0.476487
0.470555,-0.474959
0.47092,-0.473431
0.471285,-0.471903
0.47165,-0.470375
0.472015,-0.468847
0.47238,-0.467319
0.472745,-0.465791
0.473109,-0.464263
0.473474,-0.462735
0.473839,-0.461207
0.474204,-0.459679
0.474569,-0.45815
0.474934,-0.456622
0.475299,-0.455094
0.475664,-0.453566
0.476029,-0.452038
0.476394,-0.45051
0.476759,-0.448982
0.477124,-0.447454
0.477488,-0.445926
0.477853,-0.444398
0.478218,-0.44287
0.478583,-0.441342
0.478948,-0.439814
0.479313,-0.438286
0.479678,-0.436758
0.480043,-0.43523
0.480408,-0.433702
0.480773,-0.432174
0.481138,-0.430646
0.481503,-0.429118
0.481867,-0.42759
0.482232,-0.426062
0.482597,-0.424534
0.482962,-0.423006
0.483327,-0.421477
0.483692,-0.419949
0.484057,-0.418421
0.484422,-0.416893
0.484787,-0.415365
0.485152,-0.413837
0.485517,-0.412309
0.485882,-0.410781
0.486246,-0.409253
0.486611,-0.407725
0.486976,-0.406197
0.487341,-0.404669
0.487706,-0.403141
0.488071,-0.401613
0.488436,-0.400085
0.488801,-0.398557
0.489166,-0.397029
0.489531,-0.395501
0.489896,-0.393973
0.490261,-0.392445
0.490626,-0.390917
0.49099,-0.389389
0.491355,-0.387861
0.49172,-0.386333
0.492085,-0.384804
0.49245,-0.383276
0.492815,-0.381748
0.49318,-0.38022
0.493545,-0.378692
0.49391,-0.377164
0.494275,-0.375636
0.49464,-0.374108
0.495005,-0.37258
0.495369,-0.371052
0.495734,-0.369524
0.496099,-0.367996
0.496464,-0.366468
0.496829,-0.36494
0.497194,-0.363412
0.497559,-0.361884
0.497924,-0.360356
0.498289,-0.358828
0.498654,-0.3573
0.499019,-0.355772
0.499384,-0.354244
0.499748,-0.352716
0.500113,-0.351188
0.500478,-0.34966
0.500843,-0.348131
0.501208,-0.346603
0.501573,-0.345075
0.501938,-0.343547
0.502303,-0.342019
0.502668,-0.340491
0.502675,-0.341017
0.502683,-0.341543
0.502691,-0.342068
0.502699,-0.342594
0.502706,-0.34312
0.502714,-0.343645
0.502722,-0.344171
0.502729,-0.344697
0.502737,-0.345222
0.502745,-0.345748
0.502752,-0.346274
0.50276,-0.346799
0.502768,-0.347325
0.502776,-0.347851
0.502783,-0.348377
0.502791,-0.348902
0.502799,-0.349428
0.502806,-0.349954
0.502814,-0.350479
0.502822,-0.351005
0.502829,-0.351531
0.502837,-0.352056
0.502845,-0.352582
0.502852,-0.353108
0.50286,-0.353633
0.502868,-0.354159
0.502876,-0.354685
0.502883,-0.35521
0.502891,-0.355736
0.502899,-0.356262
0.502906,-0.356788
0.502914,-0.357313
0.502922,-0.357839
0.502929,-0.358365
0.502937,-0.35889
0.502945,-0.359416
0.502952,-0.359942
0.50296,-0.360467
0.502968,-0.360993
0.502976,-0.361519
0.502983,-0.362044
0.502991,-0.36257
0.502999,-0.363096
0.503006,-0.363621
0.503014,-0.364147
0.503022,-0.364673
0.503029,-0.365198
0.503037,-0.365724
0.503045,-0.36625
0.503053,-0.366776
0.50306,-0.367301
0.503068,-0.367827
0.503076,-0.368353
0.503083,-0.368878
0.503091,-0.369404
0.503099,-0.36993
0.503106,-0.370455
0.503114,-0.370981
0.503122,-0.371507
0.503129,-0.372032
0.503137,-0.372558
0.503145,-0.373084
0.503153,-0.373609
0.50316,-0.374135
0.503168,-0.374661
0.503176,-0.375187
0.503183,-0.375712
0.503191,-0.376238
0.503199,-0.376764
0.503206,-0.377289
0.503214,-0.377815
0.503222,-0.378341
0.503229,-0.378866
0.503237,-0.379392
0.503245,-0.379918
0.503253,-0.380443
0.50326,-0.380969
0.503268,-0.381495
0.503276,-0.38202
0.503283,-0.382546
0.503291,-0.383072
0.503299,-0.383597
0.503306,-0.384123
0.503314,-0.384649
0.503322,-0.385175
0.50333,-0.3857
0.503337,-0.386226
0.503345,-0.386752
0.503353,-0.387277
0.50336,-0.387803
0.503368,-0.388329
0.503376,-0.388854
0.503383,-0.38938
0.503391,-0.389906
0.503399,-0.390431
0.503406,-0.390957
0.503414,-0.391483
0.503422,-0.392008
0.50343,-0.392534
0.503437,-0.39306
0.503445,-0.393586
0.503453,-0.394111
0.50346,-0.394637
0.503468,-0.395163
0.503476,-0.395688
0.503483,-0.396214
0.503491,-0.39674
0.503499,-0.397265
0.503506,-0.397791
0.503514,-0.398317
0.503522,-0.398842
0.50353,-0.399368
0.503537,-0.399894
0.503545,-0.400419
0.503553,-0.400945
0.50356,-0.401471
0.503568,-0.401997
0.503576,-0.402522
0.503583,-0.403048
0.503591,-0.403574
0.503599,-0.404099
0.503607,-0.404625
0.503614,-0.405151
0.503622,-0.405676
0.50363,-0.406202
0.503637,-0.406728
0.503645,-0.407253
0.503653,-0.407779
0.50366,-0.408305
0.503668,-0.40883
0.503676,-0.409356
0.503683,-0.409882
0.503691,-0.410407
0.503699,-0.410933
0.503707,-0.411459
0.503714,-0.411985
0.503722,-0.41251
0.50373,-0.413036
0.503737,-0.413562
0.503745,-0.414087
0.503753,-0.414613
0.50376,-0.415139
0.503768,-0.415664
0.503776,-0.41619
0.503783,-0.416716
0.503791,-0.417241
0.503799,-0.417767
0.503807,-0.418293
0.503814,-0.418818
