O
10
1,0,-1,0.78,-0.5,0.75,0.0,0.0,0.0,0.3,0.4,0.02,0,0.8,False
2,0,-1,1.1,-0.5,0.93,0.0,0.0,0.0,0.02,0.4,0.2,0,0.8,False
3,0,-1,0.78,-0.5,1.11,0.0,0.0,0.0,0.3,0.4,0.02,0,0.8,False
4,0,-1,0.8,-0.92,0.93,0.0,0.0,0.0,0.32,0.02,0.2,0,0.8,False
5,0,-1,0.8,-0.08,0.93,0.0,0.0,0.0,0.32,0.02,0.2,0,0.8,False
6,2,0,0.7940316523899238,-0.3272459935338511,0.8450000000000001,0.0,0.0,3.8228139933120553,0.07897290411944236,0.07897290411944236,0.15,0.30964768498581446,1.0558957035573915,False
7,2,0,0.5831481773363666,-0.5675542948067807,0.8465719996988282,0.0,0.0,3.191779232975541,0.07806240289422091,0.07806240289422091,0.1531439993976564,0.23235783795668247,1.0303038490283003,False
8,2,0,0.5427206633627757,-0.4173307386440181,0.8450000000000001,0.0,0.0,2.5641729718861037,0.03,0.03,0.15,0.48671533553696694,0.8594363807862367,False
9,2,0,0.9328876057252524,-0.8466499667298917,0.8450000000000001,0.0,0.0,0.0948724962530442,0.03,0.03,0.15,0.41887998843023916,1.0327133476077004,False
10,2,0,0.925384536575698,-0.7620342802027691,0.8450000000000001,0.0,0.0,6.268424441787972,0.03438299826612482,0.03438299826612482,0.15,0.4270289030858733,0.8119810999768895,False
R
0.0,0.0,0.0,0.0,0.0,0.0,1.0
S
8
torso_lift_joint,0
r_shoulder_pan_joint,-1.69017
r_shoulder_lift_joint,-0.0788625
r_upper_arm_roll_joint,-1.69017
r_elbow_flex_joint,-1.2717
r_forearm_roll_joint,-0.151824
r_wrist_flex_joint,-1.25254
r_wrist_roll_joint,0.675062
G
0.471886,-0.441976,0.845,0.334822,-0,0
ooi
8
A
599
0.310248,-0.673113
0.310348,-0.672862
0.310447,-0.672611
0.310547,-0.672359
0.310646,-0.672108
0.310746,-0.671857
0.310846,-0.671606
0.310945,-0.671355
0.311045,-0.671103
0.311144,-0.670852
0.311244,-0.670601
0.311344,-0.67035
0.311443,-0.670099
0.311543,-0.669847
0.311642,-0.669596
0.311742,-0.669345
0.311841,-0.669094
0.311941,-0.668843
0.312041,-0.668591
0.31214,-0.66834
0.31224,-0.668089
0.312339,-0.667838
0.312439,-0.667587
0.312539,-0.667335
0.312638,-0.667084
0.312738,-0.666833
0.312837,-0.666582
0.312937,-0.666331
0.313036,-0.666079
0.313136,-0.665828
0.313236,-0.665577
0.313335,-0.665326
0.313435,-0.665075
0.313534,-0.664823
0.313634,-0.664572
0.313733,-0.664321
0.313833,-0.66407
0.313933,-0.663819
0.314032,-0.663567
0.314132,-0.663316
0.314231,-0.663065
0.314331,-0.662814
0.314431,-0.662563
0.31453,-0.662312
0.31463,-0.66206
0.314729,-0.661809
0.314829,-0.661558
0.314928,-0.661307
0.315028,-0.661056
0.315128,-0.660804
0.315227,-0.660553
0.315327,-0.660302
0.315426,-0.660051
0.315526,-0.6598
0.315626,-0.659548
0.315725,-0.659297
0.315825,-0.659046
0.315924,-0.658795
0.316024,-0.658544
0.316123,-0.658292
0.316223,-0.658041
0.316323,-0.65779
0.316422,-0.657539
0.316522,-0.657288
0.316621,-0.657036
0.316721,-0.656785
0.31682,-0.656534
0.31692,-0.656283
0.31702,-0.656032
0.317119,-0.65578
0.317219,-0.655529
0.317318,-0.655278
0.317418,-0.655027
0.317518,-0.654776
0.317617,-0.654524
0.317717,-0.654273
0.317816,-0.654022
0.317916,-0.653771
0.318015,-0.65352
0.318115,-0.653268
0.318215,-0.653017
0.318314,-0.652766
0.318414,-0.652515
0.318513,-0.652264
0.318613,-0.652012
0.318713,-0.651761
0.318812,-0.65151
0.318912,-0.651259
0.319011,-0.651008
0.319111,-0.650756
0.31921,-0.650505
0.31931,-0.650254
0.31941,-0.650003
0.319509,-0.649752
0.319609,-0.6495
0.319708,-0.649249
0.319808,-0.648998
0.319907,-0.648747
0.320007,-0.648496
0.320107,-0.648244
0.320206,-0.647993
0.320306,-0.647742
0.320405,-0.647491
0.320505,-0.64724
0.320605,-0.646988
0.320704,-0.646737
0.320804,-0.646486
0.320903,-0.646235
0.321003,-0.645984
0.321102,-0.645732
0.321202,-0.645481
0.321302,-0.64523
0.321401,-0.644979
0.321501,-0.644728
0.3216,-0.644476
0.3217,-0.644225
0.321799,-0.643974
0.321899,-0.643723
0.321999,-0.643472
0.322098,-0.64322
0.322198,-0.642969
0.322297,-0.642718
0.322397,-0.642467
0.322497,-0.642216
0.322596,-0.641964
0.322696,-0.641713
0.322795,-0.641462
0.322895,-0.641211
0.322994,-0.64096
0.323094,-0.640708
0.323194,-0.640457
0.323293,-0.640206
0.323393,-0.639955
0.323492,-0.639704
0.323592,-0.639452
0.323692,-0.639201
0.323791,-0.63895
0.323891,-0.638699
0.32399,-0.638448
0.32409,-0.638196
0.324189,-0.637945
0.324289,-0.637694
0.324389,-0.637443
0.324488,-0.637192
0.324588,-0.63694
0.324687,-0.636689
0.324787,-0.636438
0.324886,-0.636187
0.324986,-0.635936
0.325086,-0.635684
0.325185,-0.635433
0.325392,-0.635233
0.3256,-0.635033
0.325807,-0.634833
0.326014,-0.634633
0.326221,-0.634433
0.326428,-0.634233
0.326636,-0.634033
0.326843,-0.633833
0.32705,-0.633632
0.327257,-0.633432
0.327464,-0.633232
0.327672,-0.633032
0.327879,-0.632832
0.328086,-0.632632
0.328293,-0.632432
0.3285,-0.632232
0.328708,-0.632032
0.328915,-0.631832
0.329122,-0.631632
0.329329,-0.631432
0.329536,-0.631232
0.329744,-0.631032
0.329951,-0.630831
0.330158,-0.630631
0.330365,-0.630431
0.330573,-0.630231
0.33078,-0.630031
0.330987,-0.629831
0.331194,-0.629631
0.331401,-0.629431
0.331609,-0.629231
0.331816,-0.629031
0.332023,-0.628831
0.33223,-0.628631
0.332437,-0.628431
0.332645,-0.62823
0.332852,-0.62803
0.333059,-0.62783
0.333266,-0.62763
0.333473,-0.62743
0.333681,-0.62723
0.333888,-0.62703
0.334095,-0.62683
0.334302,-0.62663
0.334509,-0.62643
0.334717,-0.62623
0.334924,-0.62603
0.335131,-0.62583
0.335338,-0.625629
0.335545,-0.625429
0.335753,-0.625229
0.33596,-0.625029
0.336167,-0.624829
0.336374,-0.624629
0.336581,-0.624429
0.336789,-0.624229
0.336996,-0.624029
0.337203,-0.623829
0.33741,-0.623629
0.337617,-0.623429
0.337825,-0.623229
0.338032,-0.623029
0.338239,-0.622828
0.338446,-0.622628
0.338653,-0.622428
0.338861,-0.622228
0.339068,-0.622028
0.339275,-0.621828
0.339482,-0.621628
0.339689,-0.621428
0.339897,-0.621228
0.340104,-0.621028
0.340311,-0.620828
0.340518,-0.620628
0.340725,-0.620428
0.340933,-0.620227
0.34114,-0.620027
0.341347,-0.619827
0.341554,-0.619627
0.341761,-0.619427
0.341969,-0.619227
0.342176,-0.619027
0.342383,-0.618827
0.34259,-0.618627
0.342797,-0.618427
0.343005,-0.618227
0.343212,-0.618027
0.343419,-0.617827
0.343626,-0.617626
0.343833,-0.617426
0.344041,-0.617226
0.344248,-0.617026
0.344455,-0.616826
0.344662,-0.616626
0.34487,-0.616426
0.345077,-0.616226
0.345284,-0.616026
0.345491,-0.615826
0.345698,-0.615626
0.345906,-0.615426
0.346113,-0.615226
0.34632,-0.615026
0.346527,-0.614825
0.346734,-0.614625
0.346942,-0.614425
0.347149,-0.614225
0.347356,-0.614025
0.347563,-0.613825
0.34777,-0.613625
0.347978,-0.613425
0.348185,-0.613225
0.348392,-0.613025
0.348599,-0.612825
0.348806,-0.612625
0.349014,-0.612425
0.349221,-0.612224
0.349428,-0.612024
0.349635,-0.611824
0.349842,-0.611624
0.35005,-0.611424
0.350257,-0.611224
0.350464,-0.611024
0.350671,-0.610824
0.350878,-0.610624
0.351086,-0.610424
0.351293,-0.610224
0.3515,-0.610024
0.351707,-0.609824
0.351914,-0.609623
0.352122,-0.609423
0.352329,-0.609223
0.352536,-0.609023
0.352743,-0.608823
0.35295,-0.608623
0.353158,-0.608423
0.353365,-0.608223
0.353572,-0.608023
0.353779,-0.607823
0.353986,-0.607623
0.354194,-0.607423
0.354401,-0.607223
0.354608,-0.607023
0.354815,-0.606822
0.355022,-0.606622
0.35523,-0.606422
0.355437,-0.606222
0.355644,-0.606022
0.355851,-0.605822
0.356058,-0.605622
0.356881,-0.604855
0.357704,-0.604088
0.358526,-0.603321
0.359349,-0.602554
0.360172,-0.601787
0.360995,-0.60102
0.361817,-0.600252
0.36264,-0.599485
0.363463,-0.598718
0.364285,-0.597951
0.365108,-0.597184
0.365931,-0.596417
0.366753,-0.59565
0.367576,-0.594883
0.368399,-0.594116
0.369221,-0.593349
0.370044,-0.592582
0.370867,-0.591815
0.371689,-0.591047
0.372512,-0.59028
0.373335,-0.589513
0.374157,-0.588746
0.37498,-0.587979
0.375803,-0.587212
0.376625,-0.586445
0.377448,-0.585678
0.378271,-0.584911
0.379093,-0.584144
0.379916,-0.583377
0.380739,-0.58261
0.381561,-0.581842
0.382384,-0.581075
0.383207,-0.580308
0.38403,-0.579541
0.384852,-0.578774
0.385675,-0.578007
0.386498,-0.57724
0.38732,-0.576473
0.388143,-0.575706
0.388966,-0.574939
0.389788,-0.574172
0.390611,-0.573405
0.391434,-0.572638
0.392256,-0.57187
0.393079,-0.571103
0.393902,-0.570336
0.394724,-0.569569
0.395547,-0.568802
0.39637,-0.568035
0.397192,-0.567268
0.398015,-0.566501
0.398838,-0.565734
0.39966,-0.564967
0.400483,-0.5642
0.401306,-0.563433
0.402128,-0.562665
0.402951,-0.561898
0.403774,-0.561131
0.404596,-0.560364
0.405419,-0.559597
0.406242,-0.55883
0.407065,-0.558063
0.407887,-0.557296
0.40871,-0.556529
0.409533,-0.555762
0.410355,-0.554995
0.411178,-0.554228
0.412001,-0.553461
0.412823,-0.552693
0.413646,-0.551926
0.414469,-0.551159
0.415291,-0.550392
0.416114,-0.549625
0.416937,-0.548858
0.417759,-0.548091
0.418582,-0.547324
0.419405,-0.546557
0.420227,-0.54579
0.42105,-0.545023
0.421873,-0.544256
0.422695,-0.543488
0.423518,-0.542721
0.424341,-0.541954
0.425163,-0.541187
0.425986,-0.54042
0.426809,-0.539653
0.427631,-0.538886
0.428454,-0.538119
0.429277,-0.537352
0.4301,-0.536585
0.430922,-0.535818
0.431745,-0.535051
0.432568,-0.534284
0.43339,-0.533516
0.434213,-0.532749
0.435036,-0.531982
0.435858,-0.531215
0.436681,-0.530448
0.437504,-0.529681
0.438326,-0.528914
0.439149,-0.528147
0.439972,-0.52738
0.440794,-0.526613
0.441617,-0.525846
0.44244,-0.525079
0.443262,-0.524311
0.444085,-0.523544
0.444908,-0.522777
0.44573,-0.52201
0.446553,-0.521243
0.447376,-0.520476
0.448198,-0.519709
0.449021,-0.518942
0.449844,-0.518175
0.450666,-0.517408
0.451489,-0.516641
0.452312,-0.515874
0.453134,-0.515107
0.453957,-0.514339
0.45478,-0.513572
0.455603,-0.512805
0.456425,-0.512038
0.457248,-0.511271
0.458071,-0.510504
0.458893,-0.509737
0.459716,-0.50897
0.460539,-0.508203
0.461361,-0.507436
0.462184,-0.506669
0.463007,-0.505902
0.463829,-0.505134
0.464652,-0.504367
0.465475,-0.5036
0.466297,-0.502833
0.46712,-0.502066
0.467943,-0.501299
0.468765,-0.500532
0.469588,-0.499765
0.470411,-0.498998
0.471233,-0.498231
0.472056,-0.497464
0.472879,-0.496697
0.473701,-0.495929
0.474524,-0.495162
0.475347,-0.494395
0.476169,-0.493628
0.476992,-0.492861
0.477815,-0.492094
0.478638,-0.491327
0.47946,-0.49056
0.479409,-0.490234
0.479359,-0.489908
0.479308,-0.489582
0.479257,-0.489256
0.479206,-0.48893
0.479155,-0.488604
0.479104,-0.488277
0.479054,-0.487951
0.479003,-0.487625
0.478952,-0.487299
0.478901,-0.486973
0.47885,-0.486647
0.478799,-0.486321
0.478748,-0.485995
0.478698,-0.485669
0.478647,-0.485343
0.478596,-0.485017
0.478545,-0.484691
0.478494,-0.484365
0.478443,-0.484039
0.478393,-0.483713
0.478342,-0.483386
0.478291,-0.48306
0.47824,-0.482734
0.478189,-0.482408
0.478138,-0.482082
0.478088,-0.481756
0.478037,-0.48143
0.477986,-0.481104
0.477935,-0.480778
0.477884,-0.480452
0.477833,-0.480126
0.477783,-0.4798
0.477732,-0.479474
0.477681,-0.479148
0.47763,-0.478821
0.477579,-0.478495
0.477528,-0.478169
0.477478,-0.477843
0.477427,-0.477517
0.477376,-0.477191
0.477325,-0.476865
0.477274,-0.476539
0.477223,-0.476213
0.477173,-0.475887
0.477122,-0.475561
0.477071,-0.475235
0.47702,-0.474909
0.476969,-0.474583
0.476918,-0.474257
0.476868,-0.47393
0.476817,-0.473604
0.476766,-0.473278
0.476715,-0.472952
0.476664,-0.472626
0.476613,-0.4723
0.476562,-0.471974
0.476512,-0.471648
0.476461,-0.471322
0.47641,-0.470996
0.476359,-0.47067
0.476308,-0.470344
0.476257,-0.470018
0.476207,-0.469692
0.476156,-0.469366
0.476105,-0.469039
0.476054,-0.468713
0.476003,-0.468387
0.475952,-0.468061
0.475902,-0.467735
0.475851,-0.467409
0.4758,-0.467083
0.475749,-0.466757
0.475698,-0.466431
0.475647,-0.466105
0.475597,-0.465779
0.475546,-0.465453
0.475495,-0.465127
0.475444,-0.464801
0.475393,-0.464475
0.475342,-0.464148
0.475292,-0.463822
0.475241,-0.463496
0.47519,-0.46317
0.475139,-0.462844
0.475088,-0.462518
0.475037,-0.462192
0.474987,-0.461866
0.474936,-0.46154
0.474885,-0.461214
0.474834,-0.460888
0.474783,-0.460562
0.474732,-0.460236
0.474682,-0.45991
0.474631,-0.459583
0.47458,-0.459257
0.474529,-0.458931
0.474478,-0.458605
0.474427,-0.458279
0.474377,-0.457953
0.474326,-0.457627
0.474275,-0.457301
0.474224,-0.456975
0.474173,-0.456649
0.474122,-0.456323
0.474071,-0.455997
0.474021,-0.455671
0.47397,-0.455345
0.473919,-0.455019
0.473868,-0.454692
0.473817,-0.454366
0.473766,-0.45404
0.473716,-0.453714
0.473665,-0.453388
0.473614,-0.453062
0.473563,-0.452736
0.473512,-0.45241
0.473461,-0.452084
0.473411,-0.451758
0.47336,-0.451432
0.473309,-0.451106
0.473258,-0.45078
0.473207,-0.450454
0.473156,-0.450128
0.473106,-0.449801
0.473055,-0.449475
0.473004,-0.449149
0.472953,-0.448823
0.472902,-0.448497
0.472851,-0.448171
0.472801,-0.447845
0.47275,-0.447519
0.472699,-0.447193
0.472648,-0.446867
0.472597,-0.446541
0.472546,-0.446215
0.472496,-0.445889
0.472445,-0.445563
0.472394,-0.445237
0.472343,-0.44491
0.472292,-0.444584
0.472241,-0.444258
0.472191,-0.443932
0.47214,-0.443606
0.472089,-0.44328
0.472038,-0.442954
0.471987,-0.442628
0.471936,-0.442302
0.471886,-0.441976
