O
10
1,0,-1,0.78,-0.5,0.75,0.0,0.0,0.0,0.3,0.4,0.02,0,0.8,False
2,0,-1,1.1,-0.5,0.93,0.0,0.0,0.0,0.02,0.4,0.2,0,0.8,False
3,0,-1,0.78,-0.5,1.11,0.0,0.0,0.0,0.3,0.4,0.02,0,0.8,False
4,0,-1,0.8,-0.92,0.93,0.0,0.0,0.0,0.32,0.02,0.2,0,0.8,False
5,0,-1,0.8,-0.08,0.93,0.0,0.0,0.0,0.32,0.02,0.2,0,0.8,False
6,2,0,0.6676524285264838,-0.8453516518054364,0.8450000000000001,0.0,0.0,5.657423508392454,0.03,0.03,0.15,0.10091225989325175,1.0365826819889994,False
7,2,0,0.9936509240044067,-0.3098776661969126,0.8450000000000001,0.0,0.0,5.572183786156827,0.03,0.03,0.15,0.38345851994925956,1.0295422704225459,False
8,0,0,0.6839632661000508,-0.1616159462774417,0.86,0.0,0.0,1.1497202027360423,0.033016180998194346,0.03823083369291825,0.09,0.028371056865904687,1.146832412456346,False
9,2,0,0.575387345834203,-0.27846988432589326,0.8450000000000001,0.0,0.0,1.478929156799879,0.03,0.03,0.15,0.24433279596824203,1.020778698886893,False
10,0,0,0.7750730105435364,-0.7243001258417286,0.86,0.0,0.0,4.657873652598601,0.058553981612384016,0.04976774448750966,0.09,0.46498067349087424,1.0709173229291675,False
R
0.0,0.0,0.0,0.0,0.0,0.0,1.0
S
8
torso_lift_joint,0
r_shoulder_pan_joint,-1.69017
r_shoulder_lift_joint,-0.0788625
r_upper_arm_roll_joint,-1.69017
r_elbow_flex_joint,-1.2717
r_forearm_roll_joint,-0.151824
r_wrist_flex_joint,-1.25254
r_wrist_roll_joint,0.675062
G
0.511971,-0.318512,0.845,0.563208,-0,0
ooi
9
A
599
0.310248,-0.673113
0.310648,-0.672298
0.311048,-0.671483
0.311449,-0.670667
0.311849,-0.669852
0.312249,-0.669037
0.312649,-0.668222
0.313049,-0.667407
0.313449,-0.666591
0.313849,-0.665776
0.31425,-0.664961
0.31465,-0.664146
0.31505,-0.663331
0.31545,-0.662515
0.31585,-0.6617
0.31625,-0.660885
0.31665,-0.66007
0.31705,-0.659255
0.317451,-0.658439
0.317851,-0.657624
0.318251,-0.656809
0.318651,-0.655994
0.319051,-0.655179
0.319451,-0.654363
0.319851,-0.653548
0.320252,-0.652733
0.320652,-0.651918
0.321052,-0.651102
0.321452,-0.650287
0.321852,-0.649472
0.322252,-0.648657
0.322652,-0.647842
0.323052,-0.647026
0.323453,-0.646211
0.323853,-0.645396
0.324253,-0.644581
0.324653,-0.643766
0.325053,-0.64295
0.325453,-0.642135
0.325853,-0.64132
0.326253,-0.640505
0.326654,-0.63969
0.327054,-0.638874
0.327454,-0.638059
0.327854,-0.637244
0.328254,-0.636429
0.328654,-0.635614
0.329054,-0.634798
0.329455,-0.633983
0.329855,-0.633168
0.330255,-0.632353
0.330655,-0.631538
0.331055,-0.630722
0.331455,-0.629907
0.331855,-0.629092
0.332255,-0.628277
0.332656,-0.627461
0.333056,-0.626646
0.333456,-0.625831
0.333856,-0.625016
0.334256,-0.624201
0.334656,-0.623385
0.335056,-0.62257
0.335457,-0.621755
0.335857,-0.62094
0.336257,-0.620125
0.336657,-0.619309
0.337057,-0.618494
0.337457,-0.617679
0.337857,-0.616864
0.338257,-0.616049
0.338658,-0.615233
0.339058,-0.614418
0.339458,-0.613603
0.339858,-0.612788
0.340258,-0.611973
0.340658,-0.611157
0.341058,-0.610342
0.341459,-0.609527
0.341859,-0.608712
0.342259,-0.607897
0.342659,-0.607081
0.343059,-0.606266
0.343459,-0.605451
0.343859,-0.604636
0.344259,-0.60382
0.34466,-0.603005
0.34506,-0.60219
0.34546,-0.601375
0.34586,-0.60056
0.34626,-0.599744
0.34666,-0.598929
0.34706,-0.598114
0.347461,-0.597299
0.347861,-0.596484
0.348261,-0.595668
0.348661,-0.594853
0.349061,-0.594038
0.349461,-0.593223
0.349861,-0.592408
0.350261,-0.591592
0.350662,-0.590777
0.351062,-0.589962
0.351462,-0.589147
0.351862,-0.588332
0.352262,-0.587516
0.352662,-0.586701
0.353062,-0.585886
0.353463,-0.585071
0.353863,-0.584256
0.354263,-0.58344
0.354663,-0.582625
0.355063,-0.58181
0.355463,-0.580995
0.355863,-0.58018
0.356263,-0.579364
0.356664,-0.578549
0.357064,-0.577734
0.357464,-0.576919
0.357864,-0.576103
0.358264,-0.575288
0.358664,-0.574473
0.359064,-0.573658
0.359465,-0.572843
0.359865,-0.572027
0.360265,-0.571212
0.360665,-0.570397
0.361065,-0.569582
0.361465,-0.568767
0.361865,-0.567951
0.362265,-0.567136
0.362666,-0.566321
0.363066,-0.565506
0.363466,-0.564691
0.363866,-0.563875
0.364266,-0.56306
0.364666,-0.562245
0.365066,-0.56143
0.365467,-0.560615
0.365867,-0.559799
0.366267,-0.558984
0.366667,-0.558169
0.367067,-0.557354
0.367467,-0.556539
0.367867,-0.555723
0.368267,-0.554908
0.368668,-0.554093
0.369068,-0.553278
0.369468,-0.552462
0.369868,-0.551647
0.370268,-0.550832
0.371279,-0.550889
0.372289,-0.550945
0.3733,-0.551001
0.374311,-0.551058
0.375321,-0.551114
0.376332,-0.551171
0.377342,-0.551227
0.378353,-0.551284
0.379364,-0.55134
0.380374,-0.551397
0.381385,-0.551453
0.382395,-0.551509
0.383406,-0.551566
0.384417,-0.551622
0.385427,-0.551679
0.386438,-0.551735
0.387448,-0.551792
0.388459,-0.551848
0.38947,-0.551905
0.39048,-0.551961
0.391491,-0.552017
0.392501,-0.552074
0.393512,-0.55213
0.394523,-0.552187
0.395533,-0.552243
0.396544,-0.5523
0.397554,-0.552356
0.398565,-0.552413
0.399576,-0.552469
0.400586,-0.552525
0.401597,-0.552582
0.402607,-0.552638
0.403618,-0.552695
0.404629,-0.552751
0.405639,-0.552808
0.40665,-0.552864
0.407661,-0.55292
0.408671,-0.552977
0.409682,-0.553033
0.410692,-0.55309
0.411703,-0.553146
0.412714,-0.553203
0.413724,-0.553259
0.414735,-0.553316
0.415745,-0.553372
0.416756,-0.553428
0.417767,-0.553485
0.418777,-0.553541
0.419788,-0.553598
0.420798,-0.553654
0.421809,-0.553711
0.42282,-0.553767
0.42383,-0.553824
0.424841,-0.55388
0.425851,-0.553936
0.426862,-0.553993
0.427873,-0.554049
0.428883,-0.554106
0.429894,-0.554162
0.430904,-0.554219
0.431915,-0.554275
0.432926,-0.554332
0.433936,-0.554388
0.434947,-0.554444
0.435957,-0.554501
0.436968,-0.554557
0.437979,-0.554614
0.438989,-0.55467
0.44,-0.554727
0.44101,-0.554783
0.442021,-0.55484
0.443032,-0.554896
0.444042,-0.554952
0.445053,-0.555009
0.446063,-0.555065
0.447074,-0.555122
0.448085,-0.555178
0.449095,-0.555235
0.450106,-0.555291
0.451117,-0.555348
0.452127,-0.555404
0.453138,-0.55546
0.454148,-0.555517
0.455159,-0.555573
0.45617,-0.55563
0.45718,-0.555686
0.458191,-0.555743
0.459201,-0.555799
0.460212,-0.555856
0.461223,-0.555912
0.462233,-0.555968
0.463244,-0.556025
0.464254,-0.556081
0.465265,-0.556138
0.466276,-0.556194
0.467286,-0.556251
0.468297,-0.556307
0.469307,-0.556364
0.470318,-0.55642
0.471329,-0.556476
0.472339,-0.556533
0.47335,-0.556589
0.47436,-0.556646
0.475371,-0.556702
0.476382,-0.556759
0.477392,-0.556815
0.478403,-0.556872
0.479413,-0.556928
0.480424,-0.556984
0.481435,-0.557041
0.482445,-0.557097
0.483456,-0.557154
0.484466,-0.55721
0.485477,-0.557267
0.486488,-0.557323
0.487498,-0.55738
0.488509,-0.557436
0.48952,-0.557492
0.49053,-0.557549
0.491541,-0.557605
0.492551,-0.557662
0.493562,-0.557718
0.494573,-0.557775
0.495583,-0.557831
0.496594,-0.557888
0.497604,-0.557944
0.498615,-0.558
0.499626,-0.558057
0.500636,-0.558113
0.501647,-0.55817
0.502657,-0.558226
0.503668,-0.558283
0.504679,-0.558339
0.505689,-0.558396
0.5067,-0.558452
0.50771,-0.558508
0.508721,-0.558565
0.509732,-0.558621
0.510742,-0.558678
0.511753,-0.558734
0.512763,-0.558791
0.513774,-0.558847
0.514785,-0.558904
0.515795,-0.55896
0.516806,-0.559016
0.517816,-0.559073
0.518827,-0.559129
0.519838,-0.559186
0.520848,-0.559242
0.521068,-0.55803
0.521287,-0.556818
0.521507,-0.555606
0.521726,-0.554394
0.521946,-0.553182
0.522166,-0.55197
0.522385,-0.550758
0.522605,-0.549546
0.522824,-0.548334
0.523044,-0.547122
0.523263,-0.54591
0.523483,-0.544698
0.523702,-0.543486
0.523922,-0.542274
0.524141,-0.541062
0.524361,-0.53985
0.52458,-0.538638
0.5248,-0.537426
0.52502,-0.536214
0.525239,-0.535002
0.525459,-0.53379
0.525678,-0.532578
0.525898,-0.531366
0.526117,-0.530154
0.526337,-0.528942
0.526556,-0.52773
0.526776,-0.526518
0.526995,-0.525306
0.527215,-0.524093
0.527435,-0.522881
0.527654,-0.521669
0.527874,-0.520457
0.528093,-0.519245
0.528313,-0.518033
0.528532,-0.516821
0.528752,-0.515609
0.528971,-0.514397
0.529191,-0.513185
0.52941,-0.511973
0.52963,-0.510761
0.529849,-0.509549
0.530069,-0.508337
0.530289,-0.507125
0.530508,-0.505913
0.530728,-0.504701
0.530947,-0.503489
0.531167,-0.502277
0.531386,-0.501065
0.531606,-0.499853
0.531825,-0.498641
0.532045,-0.497429
0.532264,-0.496217
0.532484,-0.495005
0.532704,-0.493793
0.532923,-0.492581
0.533143,-0.491369
0.533362,-0.490157
0.533582,-0.488945
0.533801,-0.487733
0.534021,-0.486521
0.53424,-0.485309
0.53446,-0.484097
0.534679,-0.482885
0.534899,-0.481673
0.535118,-0.480461
0.535338,-0.479248
0.535558,-0.478036
0.535777,-0.476824
0.535997,-0.475612
0.536216,-0.4744
0.536436,-0.473188
0.536655,-0.471976
0.536875,-0.470764
0.537094,-0.469552
0.537314,-0.46834
0.537533,-0.467128
0.537753,-0.465916
0.537973,-0.464704
0.538192,-0.463492
0.538412,-0.46228
0.538631,-0.461068
0.538851,-0.459856
0.53907,-0.458644
0.53929,-0.457432
0.539509,-0.45622
0.539729,-0.455008
0.539948,-0.453796
0.540168,-0.452584
0.540387,-0.451372
0.540607,-0.45016
0.540827,-0.448948
0.541046,-0.447736
0.541266,-0.446524
0.541485,-0.445312
0.541705,-0.4441
0.541924,-0.442888
0.542144,-0.441676
0.542363,-0.440464
0.542583,-0.439252
0.542802,-0.43804
0.543022,-0.436828
0.543242,-0.435616
0.543461,-0.434403
0.543681,-0.433191
0.5439,-0.431979
0.54412,-0.430767
0.544339,-0.429555
0.544559,-0.428343
0.544778,-0.427131
0.544998,-0.425919
0.545217,-0.424707
0.545437,-0.423495
0.545657,-0.422283
0.545876,-0.421071
0.546096,-0.419859
0.546315,-0.418647
0.546535,-0.417435
0.546754,-0.416223
0.546974,-0.415011
0.547193,-0.413799
0.547413,-0.412587
0.547632,-0.411375
0.547852,-0.410163
0.548071,-0.408951
0.548291,-0.407739
0.548511,-0.406527
0.54873,-0.405315
0.54895,-0.404103
0.549169,-0.402891
0.549389,-0.401679
0.549608,-0.400467
0.549828,-0.399255
0.550047,-0.398043
0.550267,-0.396831
0.550486,-0.395619
0.550706,-0.394407
0.550926,-0.393195
0.551145,-0.391983
0.551365,-0.390771
0.551584,-0.389559
0.551804,-0.388346
0.552023,-0.387134
0.552243,-0.385922
0.552462,-0.38471
0.552682,-0.383498
0.552901,-0.382286
0.553121,-0.381074
0.55334,-0.379862
0.55356,-0.37865
0.55378,-0.377438
0.553499,-0.377043
0.553218,-0.376647
0.552938,-0.376252
0.552657,-0.375856
0.552377,-0.375461
0.552096,-0.375065
0.551815,-0.37467
0.551535,-0.374274
0.551254,-0.373879
0.550974,-0.373483
0.550693,-0.373088
0.550412,-0.372693
0.550132,-0.372297
0.549851,-0.371902
0.549571,-0.371506
0.54929,-0.371111
0.549009,-0.370715
0.548729,-0.37032
0.548448,-0.369924
0.548168,-0.369529
0.547887,-0.369133
0.547607,-0.368738
0.547326,-0.368342
0.547045,-0.367947
0.546765,-0.367551
0.546484,-0.367156
0.546204,-0.36676
0.545923,-0.366365
0.545642,-0.365969
0.545362,-0.365574
0.545081,-0.365179
0.544801,-0.364783
0.54452,-0.364388
0.544239,-0.363992
0.543959,-0.363597
0.543678,-0.363201
0.543398,-0.362806
0.543117,-0.36241
0.542836,-0.362015
0.542556,-0.361619
0.542275,-0.361224
0.541995,-0.360828
0.541714,-0.360433
0.541434,-0.360037
0.541153,-0.359642
0.540872,-0.359246
0.540592,-0.358851
0.540311,-0.358455
0.540031,-0.35806
0.53975,-0.357664
0.539469,-0.357269
0.539189,-0.356874
0.538908,-0.356478
0.538628,-0.356083
0.538347,-0.355687
0.538066,-0.355292
0.537786,-0.354896
0.537505,-0.354501
0.537225,-0.354105
0.536944,-0.35371
0.536663,-0.353314
0.536383,-0.352919
0.536102,-0.352523
0.535822,-0.352128
0.535541,-0.351732
0.53526,-0.351337
0.53498,-0.350941
0.534699,-0.350546
0.534419,-0.35015
0.534138,-0.349755
0.533858,-0.34936
0.533577,-0.348964
0.533296,-0.348569
0.533016,-0.348173
0.532735,-0.347778
0.532455,-0.347382
0.532174,-0.346987
0.531893,-0.346591
0.531613,-0.346196
0.531332,-0.3458
0.531052,-0.345405
0.530771,-0.345009
0.53049,-0.344614
0.53021,-0.344218
0.529929,-0.343823
0.529649,-0.343427
0.529368,-0.343032
0.529087,-0.342636
0.528807,-0.342241
0.528526,-0.341845
0.528246,-0.34145
0.527965,-0.341055
0.527684,-0.340659
0.527404,-0.340264
0.527123,-0.339868
0.526843,-0.339473
0.526562,-0.339077
0.526282,-0.338682
0.526001,-0.338286
0.52572,-0.337891
0.52544,-0.337495
0.525159,-0.3371
0.524879,-0.336704
0.524598,-0.336309
0.524317,-0.335913
0.524037,-0.335518
0.523756,-0.335122
0.523476,-0.334727
0.523195,-0.334331
0.522914,-0.333936
0.522634,-0.333541
0.522353,-0.333145
0.522073,-0.33275
0.521792,-0.332354
0.521511,-0.331959
0.521231,-0.331563
0.52095,-0.331168
0.52067,-0.330772
0.520389,-0.330377
0.520109,-0.329981
0.519828,-0.329586
0.519547,-0.32919
0.519267,-0.328795
0.518986,-0.328399
0.518706,-0.328004
0.518425,-0.327608
0.518144,-0.327213
0.517864,-0.326817
0.517583,-0.326422
0.517303,-0.326027
0.517022,-0.325631
0.516741,-0.325236
0.516461,-0.32484
0.51618,-0.324445
0.5159,-0.324049
0.515619,-0.323654
0.515338,-0.323258
0.515058,-0.322863
0.514777,-0.322467
0.514497,-0.322072
0.514216,-0.321676
0.513935,-0.321281
0.513655,-0.320885
0.513374,-0.32049
0.513094,-0.320094
0.512813,-0.319699
0.512533,-0.319303
0.512252,-0.318908
0.511971,-0.318512
