O
10
1,0,-1,0.78,-0.5,0.75,0.0,0.0,0.0,0.3,0.4,0.02,0,0.8,False
2,0,-1,1.1,-0.5,0.93,0.0,0.0,0.0,0.02,0.4,0.2,0,0.8,False
3,0,-1,0.78,-0.5,1.11,0.0,0.0,0.0,0.3,0.4,0.02,0,0.8,False
4,0,-1,0.8,-0.92,0.93,0.0,0.0,0.0,0.32,0.02,0.2,0,0.8,False
5,0,-1,0.8,-0.08,0.93,0.0,0.0,0.0,0.32,0.02,0.2,0,0.8,False
6,2,0,0.7085408767969963,-0.6830740333621712,0.8450000000000001,0.0,0.0,5.670929848768642,0.034370615073401736,0.034370615073401736,0.15,0.49792866240244316,1.0157175588467686,False
7,0,0,0.8165360623645292,-0.1739090488305297,0.9182392867265374,0.0,0.0,0.9346358432404259,0.03,0.03,0.1482392867265374,0.217729647827814,1.0034227164906766,False
8,2,0,0.9689220004473071,-0.7184600248566709,0.8450000000000001,0.0,0.0,3.014855517337298,0.06912901472813865,0.06912901472813865,0.15,0.23374228791385948,0.8371535698822186,False
9,0,0,0.6994243335314675,-0.3032114878502442,0.9198417233762274,0.0,0.0,5.135174059013244,0.039752125830836656,0.07195168074288871,0.1498417233762274,0.048947888424064334,1.1332227902222844,False
10,2,0,0.7190146975634899,-0.17654051226375833,0.8450000000000001,0.0,0.0,3.9242612707543643,0.03049364263818548,0.03049364263818548,0.15,0.3689485742851824,1.0560178215080727,False
R
0.0,0.0,0.0,0.0,0.0,0.0,1.0
S
8
torso_lift_joint,0
r_shoulder_pan_joint,-1.69017
r_shoulder_lift_joint,-0.0788625
r_upper_arm_roll_joint,-1.69017
r_elbow_flex_joint,-1.2717
r_forearm_roll_joint,-0.151824
r_wrist_flex_joint,-1.25254
r_wrist_roll_joint,0.675062
G
0.631833,-0.703462,0.845,0.259779,-0,0
ooi
6
A
599
0.310248,-0.673113
0.310928,-0.672981
0.311609,-0.67285
0.312289,-0.672718
0.312969,-0.672586
0.31365,-0.672455
0.31433,-0.672323
0.31501,-0.672191
0.315691,-0.67206
0.316371,-0.671928
0.317051,-0.671796
0.317732,-0.671664
0.318412,-0.671533
0.319092,-0.671401
0.319773,-0.671269
0.320453,-0.671138
0.321133,-0.671006
0.321814,-0.670874
0.322494,-0.670743
0.323174,-0.670611
0.323854,-0.670479
0.324535,-0.670348
0.325215,-0.670216
0.325895,-0.670084
0.326576,-0.669952
0.327256,-0.669821
0.327936,-0.669689
0.328617,-0.669557
0.329297,-0.669426
0.329977,-0.669294
0.330658,-0.669162
0.331338,-0.669031
0.332018,-0.668899
0.332699,-0.668767
0.333379,-0.668636
0.334059,-0.668504
0.33474,-0.668372
0.33542,-0.66824
0.3361,-0.668109
0.33678,-0.667977
0.337461,-0.667845
0.338141,-0.667714
0.338821,-0.667582
0.339502,-0.66745
0.340182,-0.667319
0.340862,-0.667187
0.341543,-0.667055
0.342223,-0.666924
0.342903,-0.666792
0.343584,-0.66666
0.344264,-0.666528
0.344944,-0.666397
0.345625,-0.666265
0.346305,-0.666133
0.346985,-0.666002
0.347665,-0.66587
0.348346,-0.665738
0.349026,-0.665607
0.349706,-0.665475
0.350387,-0.665343
0.351067,-0.665212
0.351747,-0.66508
0.352428,-0.664948
0.353108,-0.664816
0.353788,-0.664685
0.354469,-0.664553
0.355149,-0.664421
0.355829,-0.66429
0.35651,-0.664158
0.35719,-0.664026
0.35787,-0.663895
0.358551,-0.663763
0.359231,-0.663631
0.359911,-0.6635
0.360591,-0.663368
0.361272,-0.663236
0.361952,-0.663104
0.362632,-0.662973
0.363313,-0.662841
0.363993,-0.662709
0.364673,-0.662578
0.365354,-0.662446
0.366034,-0.662314
0.366714,-0.662183
0.367395,-0.662051
0.368075,-0.661919
0.368755,-0.661788
0.369436,-0.661656
0.370116,-0.661524
0.370796,-0.661392
0.371477,-0.661261
0.372157,-0.661129
0.372837,-0.660997
0.373517,-0.660866
0.374198,-0.660734
0.374878,-0.660602
0.375558,-0.660471
0.376239,-0.660339
0.376919,-0.660207
0.377599,-0.660076
0.37828,-0.659944
0.37896,-0.659812
0.37964,-0.65968
0.380321,-0.659549
0.381001,-0.659417
0.381681,-0.659285
0.382362,-0.659154
0.383042,-0.659022
0.383722,-0.65889
0.384403,-0.658759
0.385083,-0.658627
0.385763,-0.658495
0.386443,-0.658364
0.387124,-0.658232
0.387804,-0.6581
0.388484,-0.657968
0.389165,-0.657837
0.389845,-0.657705
0.390525,-0.657573
0.391206,-0.657442
0.391886,-0.65731
0.392566,-0.657178
0.393247,-0.657047
0.393927,-0.656915
0.394607,-0.656783
0.395288,-0.656652
0.395968,-0.65652
0.396648,-0.656388
0.397328,-0.656256
0.398009,-0.656125
0.398689,-0.655993
0.399369,-0.655861
0.40005,-0.65573
0.40073,-0.655598
0.40141,-0.655466
0.402091,-0.655335
0.402771,-0.655203
0.403451,-0.655071
0.404132,-0.65494
0.404812,-0.654808
0.405492,-0.654676
0.406173,-0.654544
0.406853,-0.654413
0.407533,-0.654281
0.408214,-0.654149
0.408894,-0.654018
0.409574,-0.653886
0.410254,-0.653754
0.410935,-0.653623
0.411615,-0.653491
0.412295,-0.653359
0.412465,-0.652832
0.412635,-0.652306
0.412804,-0.651779
0.412974,-0.651252
0.413144,-0.650725
0.413313,-0.650199
0.413483,-0.649672
0.413652,-0.649145
0.413822,-0.648618
0.413992,-0.648092
0.414161,-0.647565
0.414331,-0.647038
0.414501,-0.646511
0.41467,-0.645985
0.41484,-0.645458
0.415009,-0.644931
0.415179,-0.644404
0.415349,-0.643878
0.415518,-0.643351
0.415688,-0.642824
0.415858,-0.642297
0.416027,-0.64177
0.416197,-0.641244
0.416366,-0.640717
0.416536,-0.64019
0.416706,-0.639663
0.416875,-0.639137
0.417045,-0.63861
0.417215,-0.638083
0.417384,-0.637556
0.417554,-0.63703
0.417723,-0.636503
0.417893,-0.635976
0.418063,-0.635449
0.418232,-0.634923
0.418402,-0.634396
0.418571,-0.633869
0.418741,-0.633342
0.418911,-0.632815
0.41908,-0.632289
0.41925,-0.631762
0.41942,-0.631235
0.419589,-0.630708
0.419759,-0.630182
0.419928,-0.629655
0.420098,-0.629128
0.420268,-0.628601
0.420437,-0.628075
0.420607,-0.627548
0.420777,-0.627021
0.420946,-0.626494
0.421116,-0.625968
0.421285,-0.625441
0.421455,-0.624914
0.421625,-0.624387
0.421794,-0.623861
0.421964,-0.623334
0.422134,-0.622807
0.422303,-0.62228
0.422473,-0.621753
0.422642,-0.621227
0.422812,-0.6207
0.422982,-0.620173
0.423151,-0.619646
0.423321,-0.61912
0.423491,-0.618593
0.42366,-0.618066
0.42383,-0.617539
0.423999,-0.617013
0.424169,-0.616486
0.424339,-0.615959
0.424508,-0.615432
0.424678,-0.614906
0.424848,-0.614379
0.425017,-0.613852
0.425187,-0.613325
0.425356,-0.612799
0.425526,-0.612272
0.425696,-0.611745
0.425865,-0.611218
0.426035,-0.610691
0.426205,-0.610165
0.426374,-0.609638
0.426544,-0.609111
0.426713,-0.608584
0.426883,-0.608058
0.427053,-0.607531
0.427222,-0.607004
0.427392,-0.606477
0.427562,-0.605951
0.427731,-0.605424
0.427901,-0.604897
0.42807,-0.60437
0.42824,-0.603844
0.42841,-0.603317
0.428579,-0.60279
0.428749,-0.602263
0.428919,-0.601737
0.429088,-0.60121
0.429258,-0.600683
0.429427,-0.600156
0.429597,-0.599629
0.429767,-0.599103
0.429936,-0.598576
0.430106,-0.598049
0.430276,-0.597522
0.430445,-0.596996
0.430615,-0.596469
0.430784,-0.595942
0.430954,-0.595415
0.431124,-0.594889
0.431293,-0.594362
0.431463,-0.593835
0.431633,-0.593308
0.431802,-0.592782
0.431972,-0.592255
0.432141,-0.591728
0.432311,-0.591201
0.432481,-0.590674
0.43265,-0.590148
0.43282,-0.589621
0.43299,-0.589094
0.433159,-0.588567
0.433329,-0.588041
0.433498,-0.587514
0.433668,-0.586987
0.433838,-0.58646
0.434007,-0.585934
0.434177,-0.585407
0.434346,-0.58488
0.434516,-0.584353
0.434686,-0.583827
0.434855,-0.5833
0.435025,-0.582773
0.435195,-0.582246
0.435364,-0.58172
0.435534,-0.581193
0.435703,-0.580666
0.435873,-0.580139
0.436043,-0.579612
0.436212,-0.579086
0.436382,-0.578559
0.436552,-0.578032
0.436721,-0.577505
0.436891,-0.576979
0.43706,-0.576452
0.43723,-0.575925
0.4374,-0.575398
0.437569,-0.574872
0.438254,-0.57543
0.438939,-0.575988
0.439624,-0.576547
0.440309,-0.577105
0.440994,-0.577664
0.441678,-0.578222
0.442363,-0.57878
0.443048,-0.579339
0.443733,-0.579897
0.444418,-0.580456
0.445103,-0.581014
0.445788,-0.581572
0.446472,-0.582131
0.447157,-0.582689
0.447842,-0.583248
0.448527,-0.583806
0.449212,-0.584365
0.449897,-0.584923
0.450582,-0.585481
0.451266,-0.58604
0.451951,-0.586598
0.452636,-0.587157
0.453321,-0.587715
0.454006,-0.588273
0.454691,-0.588832
0.455375,-0.58939
0.45606,-0.589949
0.456745,-0.590507
0.45743,-0.591065
0.458115,-0.591624
0.4588,-0.592182
0.459485,-0.592741
0.460169,-0.593299
0.460854,-0.593857
0.461539,-0.594416
0.462224,-0.594974
0.462909,-0.595533
0.463594,-0.596091
0.464279,-0.596649
0.464963,-0.597208
0.465648,-0.597766
0.466333,-0.598325
0.467018,-0.598883
0.467703,-0.599441
0.468388,-0.6
0.469073,-0.600558
0.469757,-0.601117
0.470442,-0.601675
0.471127,-0.602233
0.471812,-0.602792
0.472497,-0.60335
0.473182,-0.603909
0.473866,-0.604467
0.474551,-0.605026
0.475236,-0.605584
0.475921,-0.606142
0.476606,-0.606701
0.477291,-0.607259
0.477976,-0.607818
0.47866,-0.608376
0.479345,-0.608934
0.48003,-0.609493
0.480715,-0.610051
0.4814,-0.61061
0.482085,-0.611168
0.48277,-0.611726
0.483454,-0.612285
0.484139,-0.612843
0.484824,-0.613402
0.485509,-0.61396
0.486194,-0.614518
0.486879,-0.615077
0.487564,-0.615635
0.488248,-0.616194
0.488933,-0.616752
0.489618,-0.61731
0.490303,-0.617869
0.490988,-0.618427
0.491673,-0.618986
0.492357,-0.619544
0.493042,-0.620102
0.493727,-0.620661
0.494412,-0.621219
0.495097,-0.621778
0.495782,-0.622336
0.496467,-0.622894
0.497151,-0.623453
0.497836,-0.624011
0.498521,-0.62457
0.499206,-0.625128
0.499891,-0.625687
0.500576,-0.626245
0.501261,-0.626803
0.501945,-0.627362
0.50263,-0.62792
0.503315,-0.628479
0.504,-0.629037
0.504685,-0.629595
0.50537,-0.630154
0.506054,-0.630712
0.506739,-0.631271
0.507424,-0.631829
0.508109,-0.632387
0.508794,-0.632946
0.509479,-0.633504
0.510164,-0.634063
0.510848,-0.634621
0.511533,-0.635179
0.512218,-0.635738
0.512903,-0.636296
0.513588,-0.636855
0.514273,-0.637413
0.514958,-0.637971
0.515642,-0.63853
0.516327,-0.639088
0.517012,-0.639647
0.517697,-0.640205
0.518382,-0.640763
0.519067,-0.641322
0.519752,-0.64188
0.520436,-0.642439
0.521121,-0.642997
0.521806,-0.643555
0.522491,-0.644114
0.523176,-0.644672
0.523861,-0.645231
0.524545,-0.645789
0.52523,-0.646348
0.525915,-0.646906
0.5266,-0.647464
0.527285,-0.648023
0.52797,-0.648581
0.528655,-0.64914
0.529339,-0.649698
0.530024,-0.650256
0.530709,-0.650815
0.531394,-0.651373
0.532079,-0.651932
0.532764,-0.65249
0.533449,-0.653048
0.534133,-0.653607
0.534818,-0.654165
0.535503,-0.654724
0.536188,-0.655282
0.536873,-0.65584
0.537558,-0.656399
0.538243,-0.656957
0.538927,-0.657516
0.539612,-0.658074
0.540297,-0.658632
0.540911,-0.658933
0.541526,-0.659234
0.54214,-0.659535
0.542754,-0.659836
0.543369,-0.660137
0.543983,-0.660438
0.544597,-0.660739
0.545212,-0.661039
0.545826,-0.66134
0.54644,-0.661641
0.547055,-0.661942
0.547669,-0.662243
0.548283,-0.662544
0.548898,-0.662845
0.549512,-0.663145
0.550126,-0.663446
0.550741,-0.663747
0.551355,-0.664048
0.551969,-0.664349
0.552584,-0.66465
0.553198,-0.664951
0.553813,-0.665252
0.554427,-0.665552
0.555041,-0.665853
0.555656,-0.666154
0.55627,-0.666455
0.556884,-0.666756
0.557499,-0.667057
0.558113,-0.667358
0.558727,-0.667658
0.559342,-0.667959
0.559956,-0.66826
0.56057,-0.668561
0.561185,-0.668862
0.561799,-0.669163
0.562413,-0.669464
0.563028,-0.669765
0.563642,-0.670065
0.564256,-0.670366
0.564871,-0.670667
0.565485,-0.670968
0.566099,-0.671269
0.566714,-0.67157
0.567328,-0.671871
0.567942,-0.672171
0.568557,-0.672472
0.569171,-0.672773
0.569785,-0.673074
0.5704,-0.673375
0.571014,-0.673676
0.571628,-0.673977
0.572243,-0.674278
0.572857,-0.674578
0.573471,-0.674879
0.574086,-0.67518
0.5747,-0.675481
0.575314,-0.675782
0.575929,-0.676083
0.576543,-0.676384
0.577157,-0.676684
0.577772,-0.676985
0.578386,-0.677286
0.579,-0.677587
0.579615,-0.677888
0.580229,-0.678189
0.580843,-0.67849
0.581458,-0.678791
0.582072,-0.679091
0.582686,-0.679392
0.583301,-0.679693
0.583915,-0.679994
0.584529,-0.680295
0.585144,-0.680596
0.585758,-0.680897
0.586372,-0.681198
0.586987,-0.681498
0.587601,-0.681799
0.588215,-0.6821
0.58883,-0.682401
0.589444,-0.682702
0.590058,-0.683003
0.590673,-0.683304
0.591287,-0.683604
0.591901,-0.683905
0.592516,-0.684206
0.59313,-0.684507
0.593744,-0.684808
0.594359,-0.685109
0.594973,-0.68541
0.595587,-0.685711
0.596202,-0.686011
0.596816,-0.686312
0.59743,-0.686613
0.598045,-0.686914
0.598659,-0.687215
0.599274,-0.687516
0.599888,-0.687817
0.600502,-0.688117
0.601117,-0.688418
0.601731,-0.688719
0.602345,-0.68902
0.60296,-0.689321
0.603574,-0.689622
0.604188,-0.689923
0.604803,-0.690224
0.605417,-0.690524
0.606031,-0.690825
0.606646,-0.691126
0.60726,-0.691427
0.607874,-0.691728
0.608489,-0.692029
0.609103,-0.69233
0.609717,-0.69263
0.610332,-0.692931
0.610946,-0.693232
0.61156,-0.693533
0.612175,-0.693834
0.612789,-0.694135
0.613403,-0.694436
0.614018,-0.694737
0.614632,-0.695037
0.615246,-0.695338
0.615861,-0.695639
0.616475,-0.69594
0.617089,-0.696241
0.617704,-0.696542
0.618318,-0.696843
0.618932,-0.697143
0.619547,-0.697444
0.620161,-0.697745
0.620775,-0.698046
0.62139,-0.698347
0.622004,-0.698648
0.622618,-0.698949
0.623233,-0.69925
0.623847,-0.69955
0.624461,-0.699851
0.625076,-0.700152
0.62569,-0.700453
0.626304,-0.700754
0.626919,-0.701055
0.627533,-0.701356
0.628147,-0.701657
0.628762,-0.701957
0.629376,-0.702258
0.62999,-0.702559
0.630605,-0.70286
0.631219,-0.703161
0.631833,-0.703462
