O
10
1,0,-1,0.78,-0.5,0.75,0.0,0.0,0.0,0.3,0.4,0.02,0,0.8,False
2,0,-1,1.1,-0.5,0.93,0.0,0.0,0.0,0.02,0.4,0.2,0,0.8,False
3,0,-1,0.78,-0.5,1.11,0.0,0.0,0.0,0.3,0.4,0.02,0,0.8,False
4,0,-1,0.8,-0.92,0.93,0.0,0.0,0.0,0.32,0.02,0.2,0,0.8,False
5,0,-1,0.8,-0.08,0.93,0.0,0.0,0.0,0.32,0.02,0.2,0,0.8,False
6,0,0,0.8240828781293226,-0.39939643902586147,0.86,0.0,0.0,4.256244003622835,0.04756183578633146,0.033851942010985174,0.09,0.43060543545470725,0.9523432838614232,False
7,0,0,0.8853140565687175,-0.7505703558964092,0.86,0.0,0.0,0.5089695214084785,0.06583585398342902,0.07613229900274104,0.09,0.20656702107205765,0.9173116483617557,False
8,2,0,0.9960629764319192,-0.5180804944233116,0.8627914398672777,0.0,0.0,4.211056559195086,0.03,0.03,0.1855828797345554,0.406021499174592,1.1732761290383544,False
9,0,0,0.7023702307691166,-0.5478199829778797,0.9039389827084352,0.0,0.0,0.9782113436137881,0.03,0.03,0.13393898270843524,0.2577723705582005,1.1987926578925068,False
10,0,0,0.6319910029263638,-0.34934021135642823,0.8683035558695843,0.0,0.0,6.112903927088121,0.03,0.03,0.09830355586958432,0.47849377297901025,0.8100205889320095,False
R
0.0,0.0,0.0,0.0,0.0,0.0,1.0
S
8
torso_lift_joint,0
r_shoulder_pan_joint,-1.69017
r_shoulder_lift_joint,-0.0788625
r_upper_arm_roll_joint,-1.69017
r_elbow_flex_joint,-1.2717
r_forearm_roll_joint,-0.151824
r_wrist_flex_joint,-1.25254
r_wrist_roll_joint,0.675062
G
0.558076,-0.336631,0.868304,2.97131,-3.14159,3.14159
ooi
10
A
599
0.310248,-0.673113
0.310588,-0.672987
0.310928,-0.67286
0.311267,-0.672733
0.311607,-0.672607
0.311947,-0.67248
0.312287,-0.672354
0.312627,-0.672227
0.312966,-0.672101
0.313306,-0.671974
0.313646,-0.671847
0.313986,-0.671721
0.314325,-0.671594
0.314665,-0.671468
0.315005,-0.671341
0.315345,-0.671215
0.315684,-0.671088
0.316024,-0.670962
0.316364,-0.670835
0.316704,-0.670708
0.317044,-0.670582
0.317383,-0.670455
0.317723,-0.670329
0.318063,-0.670202
0.318403,-0.670076
0.318742,-0.669949
0.319082,-0.669822
0.319422,-0.669696
0.319762,-0.669569
0.320102,-0.669443
0.320441,-0.669316
0.320781,-0.66919
0.321121,-0.669063
0.321461,-0.668937
0.3218,-0.66881
0.32214,-0.668683
0.32248,-0.668557
0.32282,-0.66843
0.323159,-0.668304
0.323499,-0.668177
0.323839,-0.668051
0.324179,-0.667924
0.324519,-0.667797
0.324858,-0.667671
0.325198,-0.667544
0.325538,-0.667418
0.325878,-0.667291
0.326217,-0.667165
0.326557,-0.667038
0.326897,-0.666912
0.327237,-0.666785
0.327576,-0.666658
0.327916,-0.666532
0.328256,-0.666405
0.328596,-0.666279
0.328936,-0.666152
0.329275,-0.666026
0.329615,-0.665899
0.329955,-0.665772
0.330295,-0.665646
0.330634,-0.665519
0.330974,-0.665393
0.331314,-0.665266
0.331654,-0.66514
0.331993,-0.665013
0.332333,-0.664887
0.332673,-0.66476
0.333013,-0.664633
0.333353,-0.664507
0.333692,-0.66438
0.334032,-0.664254
0.334372,-0.664127
0.334712,-0.664001
0.335051,-0.663874
0.335391,-0.663748
0.335731,-0.663621
0.336071,-0.663494
0.33641,-0.663368
0.33675,-0.663241
0.33709,-0.663115
0.33743,-0.662988
0.33777,-0.662862
0.338109,-0.662735
0.338449,-0.662608
0.338789,-0.662482
0.339129,-0.662355
0.339468,-0.662229
0.339808,-0.662102
0.340148,-0.661976
0.340488,-0.661849
0.340827,-0.661723
0.341167,-0.661596
0.341507,-0.661469
0.341847,-0.661343
0.342187,-0.661216
0.342526,-0.66109
0.342866,-0.660963
0.343206,-0.660837
0.343546,-0.66071
0.343885,-0.660583
0.344225,-0.660457
0.344565,-0.66033
0.344905,-0.660204
0.345244,-0.660077
0.345584,-0.659951
0.345924,-0.659824
0.346264,-0.659698
0.346604,-0.659571
0.346943,-0.659444
0.347283,-0.659318
0.347623,-0.659191
0.347963,-0.659065
0.348302,-0.658938
0.348642,-0.658812
0.348982,-0.658685
0.349322,-0.658558
0.349661,-0.658432
0.350001,-0.658305
0.350341,-0.658179
0.350681,-0.658052
0.351021,-0.657926
0.35136,-0.657799
0.3517,-0.657673
0.35204,-0.657546
0.35238,-0.657419
0.352719,-0.657293
0.353059,-0.657166
0.353399,-0.65704
0.353739,-0.656913
0.354078,-0.656787
0.354418,-0.65666
0.354758,-0.656533
0.355098,-0.656407
0.355438,-0.65628
0.355777,-0.656154
0.356117,-0.656027
0.356457,-0.655901
0.356797,-0.655774
0.357136,-0.655648
0.357476,-0.655521
0.357816,-0.655394
0.358156,-0.655268
0.358495,-0.655141
0.358835,-0.655015
0.359175,-0.654888
0.359515,-0.654762
0.359855,-0.654635
0.360194,-0.654508
0.360534,-0.654382
0.360874,-0.654255
0.361214,-0.654129
0.362911,-0.653107
0.364608,-0.652086
0.366306,-0.651064
0.368003,-0.650043
0.3697,-0.649021
0.371397,-0.648
0.373095,-0.646978
0.374792,-0.645957
0.376489,-0.644935
0.378187,-0.643914
0.379884,-0.642892
0.381581,-0.641871
0.383279,-0.640849
0.384976,-0.639827
0.386673,-0.638806
0.388371,-0.637784
0.390068,-0.636763
0.391765,-0.635741
0.393462,-0.63472
0.39516,-0.633698
0.396857,-0.632677
0.398554,-0.631655
0.400252,-0.630634
0.401949,-0.629612
0.403646,-0.628591
0.405344,-0.627569
0.407041,-0.626548
0.408738,-0.625526
0.410436,-0.624505
0.412133,-0.623483
0.41383,-0.622462
0.415528,-0.62144
0.417225,-0.620419
0.418922,-0.619397
0.420619,-0.618375
0.422317,-0.617354
0.424014,-0.616332
0.425711,-0.615311
0.427409,-0.614289
0.429106,-0.613268
0.430803,-0.612246
0.432501,-0.611225
0.434198,-0.610203
0.435895,-0.609182
0.437593,-0.60816
0.43929,-0.607139
0.440987,-0.606117
0.442684,-0.605096
0.444382,-0.604074
0.446079,-0.603053
0.447776,-0.602031
0.449474,-0.60101
0.451171,-0.599988
0.452868,-0.598967
0.454566,-0.597945
0.456263,-0.596923
0.45796,-0.595902
0.459658,-0.59488
0.461355,-0.593859
0.463052,-0.592837
0.464749,-0.591816
0.466447,-0.590794
0.468144,-0.589773
0.469841,-0.588751
0.471539,-0.58773
0.473236,-0.586708
0.474933,-0.585687
0.476631,-0.584665
0.478328,-0.583644
0.480025,-0.582622
0.481723,-0.581601
0.48342,-0.580579
0.485117,-0.579558
0.486814,-0.578536
0.488512,-0.577515
0.490209,-0.576493
0.491906,-0.575471
0.493604,-0.57445
0.495301,-0.573428
0.496998,-0.572407
0.498696,-0.571385
0.500393,-0.570364
0.50209,-0.569342
0.503788,-0.568321
0.505485,-0.567299
0.507182,-0.566278
0.508879,-0.565256
0.510577,-0.564235
0.512274,-0.563213
0.513971,-0.562192
0.515669,-0.56117
0.517366,-0.560149
0.519063,-0.559127
0.520761,-0.558106
0.522458,-0.557084
0.524155,-0.556062
0.525853,-0.555041
0.52755,-0.554019
0.529247,-0.552998
0.530944,-0.551976
0.532642,-0.550955
0.534339,-0.549933
0.536036,-0.548912
0.537734,-0.54789
0.539431,-0.546869
0.541128,-0.545847
0.542826,-0.544826
0.544523,-0.543804
0.54622,-0.542783
0.547918,-0.541761
0.549615,-0.54074
0.551312,-0.539718
0.553009,-0.538697
0.554707,-0.537675
0.556404,-0.536654
0.558101,-0.535632
0.559799,-0.53461
0.561496,-0.533589
0.563193,-0.532567
0.564891,-0.531546
0.566588,-0.530524
0.568285,-0.529503
0.569983,-0.528481
0.57168,-0.52746
0.573377,-0.526438
0.575074,-0.525417
0.576772,-0.524395
0.578469,-0.523374
0.580166,-0.522352
0.581864,-0.521331
0.583561,-0.520309
0.585258,-0.519288
0.586956,-0.518266
0.588653,-0.517245
0.59035,-0.516223
0.592048,-0.515202
0.593745,-0.51418
0.595442,-0.513158
0.597139,-0.512137
0.598837,-0.511115
0.600534,-0.510094
0.602231,-0.509072
0.603929,-0.508051
0.605626,-0.507029
0.607323,-0.506008
0.609021,-0.504986
0.610718,-0.503965
0.612415,-0.502943
0.614113,-0.501922
0.613767,-0.500774
0.613422,-0.499626
0.613077,-0.498478
0.612732,-0.49733
0.612387,-0.496182
0.612041,-0.495033
0.611696,-0.493885
0.611351,-0.492737
0.611006,-0.491589
0.610661,-0.490441
0.610316,-0.489293
0.60997,-0.488145
0.609625,-0.486997
0.60928,-0.485849
0.608935,-0.484701
0.60859,-0.483553
0.608244,-0.482405
0.607899,-0.481257
0.607554,-0.480109
0.607209,-0.478961
0.606864,-0.477813
0.606518,-0.476665
0.606173,-0.475517
0.605828,-0.474369
0.605483,-0.473221
0.605138,-0.472073
0.604793,-0.470925
0.604447,-0.469777
0.604102,-0.468629
0.603757,-0.467481
0.603412,-0.466332
0.603067,-0.465184
0.602721,-0.464036
0.602376,-0.462888
0.602031,-0.46174
0.601686,-0.460592
0.601341,-0.459444
0.600996,-0.458296
0.60065,-0.457148
0.600305,-0.456
0.59996,-0.454852
0.599615,-0.453704
0.59927,-0.452556
0.598924,-0.451408
0.598579,-0.45026
0.598234,-0.449112
0.597889,-0.447964
0.597544,-0.446816
0.597199,-0.445668
0.596853,-0.44452
0.596508,-0.443372
0.596163,-0.442224
0.595818,-0.441076
0.595473,-0.439928
0.595127,-0.43878
0.594782,-0.437631
0.594437,-0.436483
0.594092,-0.435335
0.593747,-0.434187
0.593402,-0.433039
0.593056,-0.431891
0.592711,-0.430743
0.592366,-0.429595
0.592021,-0.428447
0.591676,-0.427299
0.59133,-0.426151
0.590985,-0.425003
0.59064,-0.423855
0.590295,-0.422707
0.58995,-0.421559
0.589605,-0.420411
0.589259,-0.419263
0.588914,-0.418115
0.588569,-0.416967
0.588224,-0.415819
0.587879,-0.414671
0.587533,-0.413523
0.587188,-0.412375
0.586843,-0.411227
0.586498,-0.410079
0.586153,-0.40893
0.585808,-0.407782
0.585462,-0.406634
0.585117,-0.405486
0.584772,-0.404338
0.584427,-0.40319
0.584082,-0.402042
0.583736,-0.400894
0.583391,-0.399746
0.583046,-0.398598
0.582701,-0.39745
0.582356,-0.396302
0.58201,-0.395154
0.581665,-0.394006
0.58132,-0.392858
0.580975,-0.39171
0.58063,-0.390562
0.580285,-0.389414
0.579939,-0.388266
0.579594,-0.387118
0.579249,-0.38597
0.578904,-0.384822
0.578559,-0.383674
0.578213,-0.382526
0.577868,-0.381378
0.577523,-0.380229
0.577178,-0.379081
0.576833,-0.377933
0.576488,-0.376785
0.576142,-0.375637
0.575797,-0.374489
0.575452,-0.373341
0.575107,-0.372193
0.574762,-0.371045
0.574416,-0.369897
0.574071,-0.368749
0.573726,-0.367601
0.573381,-0.366453
0.573036,-0.365305
0.572691,-0.364157
0.572345,-0.363009
0.572,-0.361861
0.571655,-0.360713
0.57131,-0.359565
0.570965,-0.358417
0.570619,-0.357269
0.570274,-0.356121
0.569929,-0.354973
0.569584,-0.353825
0.569239,-0.352677
0.568894,-0.351528
0.568548,-0.35038
0.568203,-0.349232
0.567858,-0.348084
0.567513,-0.346936
0.567168,-0.345788
0.566822,-0.34464
0.566477,-0.343492
0.566132,-0.342344
0.565787,-0.341196
0.565442,-0.340048
0.565097,-0.3389
0.564751,-0.337752
0.564406,-0.336604
0.564061,-0.335456
0.563716,-0.334308
0.563371,-0.33316
0.563025,-0.332012
0.56268,-0.330864
0.562335,-0.329716
0.562306,-0.329762
0.562278,-0.329809
0.562249,-0.329855
0.562221,-0.329901
0.562192,-0.329948
0.562164,-0.329994
0.562135,-0.330041
0.562106,-0.330087
0.562078,-0.330133
0.562049,-0.33018
0.562021,-0.330226
0.561992,-0.330273
0.561963,-0.330319
0.561935,-0.330365
0.561906,-0.330412
0.561878,-0.330458
0.561849,-0.330505
0.56182,-0.330551
0.561792,-0.330597
0.561763,-0.330644
0.561735,-0.33069
0.561706,-0.330737
0.561678,-0.330783
0.561649,-0.33083
0.56162,-0.330876
0.561592,-0.330922
0.561563,-0.330969
0.561535,-0.331015
0.561506,-0.331062
0.561477,-0.331108
0.561449,-0.331154
0.56142,-0.331201
0.561392,-0.331247
0.561363,-0.331294
0.561335,-0.33134
0.561306,-0.331386
0.561277,-0.331433
0.561249,-0.331479
0.56122,-0.331526
0.561192,-0.331572
0.561163,-0.331619
0.561134,-0.331665
0.561106,-0.331711
0.561077,-0.331758
0.561049,-0.331804
0.56102,-0.331851
0.560991,-0.331897
0.560963,-0.331943
0.560934,-0.33199
0.560906,-0.332036
0.560877,-0.332083
0.560849,-0.332129
0.56082,-0.332175
0.560791,-0.332222
0.560763,-0.332268
0.560734,-0.332315
0.560706,-0.332361
0.560677,-0.332407
0.560648,-0.332454
0.56062,-0.3325
0.560591,-0.332547
0.560563,-0.332593
0.560534,-0.33264
0.560506,-0.332686
0.560477,-0.332732
0.560448,-0.332779
0.56042,-0.332825
0.560391,-0.332872
0.560363,-0.332918
0.560334,-0.332964
0.560305,-0.333011
0.560277,-0.333057
0.560248,-0.333104
0.56022,-0.33315
0.560191,-0.333196
0.560163,-0.333243
0.560134,-0.333289
0.560105,-0.333336
0.560077,-0.333382
0.560048,-0.333428
0.56002,-0.333475
0.559991,-0.333521
0.559962,-0.333568
0.559934,-0.333614
0.559905,-0.333661
0.559877,-0.333707
0.559848,-0.333753
0.559819,-0.3338
0.559791,-0.333846
0.559762,-0.333893
0.559734,-0.333939
0.559705,-0.333985
0.559677,-0.334032
0.559648,-0.334078
0.559619,-0.334125
0.559591,-0.334171
0.559562,-0.334217
0.559534,-0.334264
0.559505,-0.33431
0.559476,-0.334357
0.559448,-0.334403
0.559419,-0.334449
0.559391,-0.334496
0.559362,-0.334542
0.559334,-0.334589
0.559305,-0.334635
0.559276,-0.334682
0.559248,-0.334728
0.559219,-0.334774
0.559191,-0.334821
0.559162,-0.334867
0.559133,-0.334914
0.559105,-0.33496
0.559076,-0.335006
0.559048,-0.335053
0.559019,-0.335099
0.55899,-0.335146
0.558962,-0.335192
0.558933,-0.335238
0.558905,-0.335285
0.558876,-0.335331
0.558848,-0.335378
0.558819,-0.335424
0.55879,-0.33547
0.558762,-0.335517
0.558733,-0.335563
0.558705,-0.33561
0.558676,-0.335656
0.558647,-0.335703
0.558619,-0.335749
0.55859,-0.335795
0.558562,-0.335842
0.558533,-0.335888
0.558505,-0.335935
0.558476,-0.335981
0.558447,-0.336027
0.558419,-0.336074
0.55839,-0.33612
0.558362,-0.336167
0.558333,-0.336213
0.558304,-0.336259
0.558276,-0.336306
0.558247,-0.336352
0.558219,-0.336399
0.55819,-0.336445
0.558161,-0.336492
0.558133,-0.336538
0.558104,-0.336584
0.558076,-0.336631
