O
10
1,0,-1,0.78,-0.5,0.75,0.0,0.0,0.0,0.3,0.4,0.02,0,0.8,False
2,0,-1,1.1,-0.5,0.93,0.0,0.0,0.0,0.02,0.4,0.2,0,0.8,False
3,0,-1,0.78,-0.5,1.11,0.0,0.0,0.0,0.3,0.4,0.02,0,0.8,False
4,0,-1,0.8,-0.92,0.93,0.0,0.0,0.0,0.32,0.02,0.2,0,0.8,False
5,0,-1,0.8,-0.08,0.93,0.0,0.0,0.0,0.32,0.02,0.2,0,0.8,False
6,2,0,0.8744787273835622,-0.764825281671642,0.8555306074819345,0.0,0.0,3.817022037491852,0.07721161431946874,0.07721161431946874,0.17106121496386903,0.023727952031599053,1.1408715561441412,False
7,2,0,0.6913907234412825,-0.7401933043378813,0.8545088812354745,0.0,0.0,0.8314240904581477,0.03016197797228066,0.03016197797228066,0.169017762470949,0.43632791609832305,1.1337695311747873,False
8,0,0,0.7100816653986004,-0.505573954484013,0.8915409675741186,0.0,0.0,2.2092808693750845,0.03247671091815467,0.03,0.12154096757411859,0.1857502780666191,0.925350503018853,False
9,2,0,0.577357541622191,-0.3353212821217843,0.8450000000000001,0.0,0.0,2.3020454721774564,0.07244971537226189,0.07244971537226189,0.15,0.05637016336503792,1.0752531736795887,False
10,0,0,0.8076782834650906,-0.24391121939049842,0.901922193454792,0.0,0.0,6.036352671416077,0.055177550648713256,0.05629180098372447,0.13192219345479192,0.43102342337097016,0.8718603568760732,False
R
0.0,0.0,0.0,0.0,0.0,0.0,1.0
S
8
torso_lift_joint,0
r_shoulder_pan_joint,-1.69017
r_shoulder_lift_joint,-0.0788625
r_upper_arm_roll_joint,-1.69017
r_elbow_flex_joint,-1.2717
r_forearm_roll_joint,-0.151824
r_wrist_flex_joint,-1.25254
r_wrist_roll_joint,0.675062
G
0.616678,-0.731987,0.854509,3.03219,-3.14159,3.14159
ooi
7
A
599
0.310248,-0.673113
0.311006,-0.673414
0.311764,-0.673715
0.312521,-0.674016
0.313279,-0.674316
0.314037,-0.674617
0.314794,-0.674918
0.315552,-0.675219
0.31631,-0.67552
0.317067,-0.67582
0.317825,-0.676121
0.318583,-0.676422
0.31934,-0.676723
0.320098,-0.677024
0.320856,-0.677324
0.321613,-0.677625
0.322371,-0.677926
0.323129,-0.678227
0.323886,-0.678528
0.324644,-0.678828
0.325402,-0.679129
0.32616,-0.67943
0.326917,-0.679731
0.327675,-0.680032
0.328433,-0.680332
0.32919,-0.680633
0.329948,-0.680934
0.330706,-0.681235
0.331463,-0.681536
0.332221,-0.681837
0.332979,-0.682137
0.333736,-0.682438
0.334494,-0.682739
0.335252,-0.68304
0.336009,-0.683341
0.336767,-0.683641
0.337525,-0.683942
0.338282,-0.684243
0.33904,-0.684544
0.339798,-0.684845
0.340555,-0.685145
0.341313,-0.685446
0.342071,-0.685747
0.342829,-0.686048
0.343586,-0.686349
0.344344,-0.686649
0.345102,-0.68695
0.345859,-0.687251
0.346617,-0.687552
0.347375,-0.687853
0.348132,-0.688154
0.34889,-0.688454
0.349648,-0.688755
0.350405,-0.689056
0.351163,-0.689357
0.351921,-0.689658
0.352678,-0.689958
0.353436,-0.690259
0.354194,-0.69056
0.354951,-0.690861
0.355709,-0.691162
0.356467,-0.691462
0.357224,-0.691763
0.357982,-0.692064
0.35874,-0.692365
0.359498,-0.692666
0.360255,-0.692966
0.361013,-0.693267
0.361771,-0.693568
0.362528,-0.693869
0.363286,-0.69417
0.364044,-0.694471
0.364801,-0.694771
0.365559,-0.695072
0.366317,-0.695373
0.367074,-0.695674
0.367832,-0.695975
0.36859,-0.696275
0.369347,-0.696576
0.370105,-0.696877
0.370863,-0.697178
0.37162,-0.697479
0.372378,-0.697779
0.373136,-0.69808
0.373893,-0.698381
0.374651,-0.698682
0.375409,-0.698983
0.376167,-0.699283
0.376924,-0.699584
0.377682,-0.699885
0.37844,-0.700186
0.379197,-0.700487
0.379955,-0.700788
0.380713,-0.701088
0.38147,-0.701389
0.382228,-0.70169
0.382986,-0.701991
0.383743,-0.702292
0.384501,-0.702592
0.385259,-0.702893
0.386016,-0.703194
0.386774,-0.703495
0.387532,-0.703796
0.388289,-0.704096
0.389047,-0.704397
0.389805,-0.704698
0.390562,-0.704999
0.39132,-0.7053
0.392078,-0.7056
0.392836,-0.705901
0.393593,-0.706202
0.394351,-0.706503
0.395109,-0.706804
0.395866,-0.707105
0.396624,-0.707405
0.397382,-0.707706
0.398139,-0.708007
0.398897,-0.708308
0.399655,-0.708609
0.400412,-0.708909
0.40117,-0.70921
0.401928,-0.709511
0.402685,-0.709812
0.403443,-0.710113
0.404201,-0.710413
0.404958,-0.710714
0.405716,-0.711015
0.406474,-0.711316
0.407232,-0.711617
0.407989,-0.711917
0.408747,-0.712218
0.409505,-0.712519
0.410262,-0.71282
0.41102,-0.713121
0.411778,-0.713422
0.412535,-0.713722
0.413293,-0.714023
0.414051,-0.714324
0.414808,-0.714625
0.415566,-0.714926
0.416324,-0.715226
0.417081,-0.715527
0.417839,-0.715828
0.418597,-0.716129
0.419354,-0.71643
0.420112,-0.71673
0.42087,-0.717031
0.421627,-0.717332
0.422385,-0.717633
0.423143,-0.717934
0.423901,-0.718234
0.423022,-0.718568
0.422144,-0.718901
0.421266,-0.719235
0.420388,-0.719568
0.41951,-0.719901
0.418632,-0.720235
0.417754,-0.720568
0.416876,-0.720902
0.415998,-0.721235
0.41512,-0.721568
0.414242,-0.721902
0.413364,-0.722235
0.412486,-0.722568
0.411608,-0.722902
0.41073,-0.723235
0.409852,-0.723569
0.408974,-0.723902
0.408096,-0.724235
0.407218,-0.724569
0.40634,-0.724902
0.405462,-0.725236
0.404584,-0.725569
0.403706,-0.725902
0.402828,-0.726236
0.40195,-0.726569
0.401072,-0.726902
0.400194,-0.727236
0.399316,-0.727569
0.398438,-0.727903
0.39756,-0.728236
0.396682,-0.728569
0.395804,-0.728903
0.394926,-0.729236
0.394048,-0.72957
0.39317,-0.729903
0.392292,-0.730236
0.391413,-0.73057
0.390535,-0.730903
0.389657,-0.731237
0.388779,-0.73157
0.387901,-0.731903
0.387023,-0.732237
0.386145,-0.73257
0.385267,-0.732903
0.384389,-0.733237
0.383511,-0.73357
0.382633,-0.733904
0.381755,-0.734237
0.380877,-0.73457
0.379999,-0.734904
0.379121,-0.735237
0.378243,-0.735571
0.377365,-0.735904
0.376487,-0.736237
0.375609,-0.736571
0.374731,-0.736904
0.373853,-0.737237
0.372975,-0.737571
0.372097,-0.737904
0.371219,-0.738238
0.370341,-0.738571
0.369463,-0.738904
0.368585,-0.739238
0.367707,-0.739571
0.366829,-0.739905
0.365951,-0.740238
0.365073,-0.740571
0.364195,-0.740905
0.363317,-0.741238
0.362439,-0.741572
0.361561,-0.741905
0.360683,-0.742238
0.359805,-0.742572
0.358926,-0.742905
0.358048,-0.743238
0.35717,-0.743572
0.356292,-0.743905
0.355414,-0.744239
0.354536,-0.744572
0.353658,-0.744905
0.35278,-0.745239
0.351902,-0.745572
0.351024,-0.745906
0.350146,-0.746239
0.349268,-0.746572
0.34839,-0.746906
0.347512,-0.747239
0.346634,-0.747572
0.345756,-0.747906
0.344878,-0.748239
0.344,-0.748573
0.343122,-0.748906
0.342244,-0.749239
0.341366,-0.749573
0.340488,-0.749906
0.33961,-0.75024
0.338732,-0.750573
0.337854,-0.750906
0.336976,-0.75124
0.336098,-0.751573
0.33522,-0.751906
0.334342,-0.75224
0.333464,-0.752573
0.332586,-0.752907
0.331708,-0.75324
0.33083,-0.753573
0.329952,-0.753907
0.329074,-0.75424
0.328196,-0.754574
0.327317,-0.754907
0.326439,-0.75524
0.325561,-0.755574
0.324683,-0.755907
0.323805,-0.756241
0.322927,-0.756574
0.322049,-0.756907
0.321171,-0.757241
0.320293,-0.757574
0.319415,-0.757907
0.318537,-0.758241
0.317659,-0.758574
0.316781,-0.758908
0.315903,-0.759241
0.315025,-0.759574
0.314147,-0.759908
0.313269,-0.760241
0.312391,-0.760575
0.311513,-0.760908
0.310635,-0.761241
0.309757,-0.761575
0.308879,-0.761908
0.308001,-0.762241
0.307123,-0.762575
0.306245,-0.762908
0.305367,-0.763242
0.304489,-0.763575
0.303611,-0.763908
0.302733,-0.764242
0.301855,-0.764575
0.300977,-0.764909
0.300099,-0.765242
0.299221,-0.765575
0.298343,-0.765909
0.297465,-0.766242
0.296587,-0.766575
0.295709,-0.766909
0.29483,-0.767242
0.293952,-0.767576
0.293074,-0.767909
0.293702,-0.768151
0.294329,-0.768392
0.294956,-0.768634
0.295583,-0.768876
0.29621,-0.769117
0.296837,-0.769359
0.297464,-0.769601
0.298091,-0.769842
0.298719,-0.770084
0.299346,-0.770325
0.299973,-0.770567
0.3006,-0.770809
0.301227,-0.77105
0.301854,-0.771292
0.302481,-0.771534
0.303108,-0.771775
0.303736,-0.772017
0.304363,-0.772259
0.30499,-0.7725
0.305617,-0.772742
0.306244,-0.772984
0.306871,-0.773225
0.307498,-0.773467
0.308126,-0.773708
0.308753,-0.77395
0.30938,-0.774192
0.310007,-0.774433
0.310634,-0.774675
0.311261,-0.774917
0.311888,-0.775158
0.312515,-0.7754
0.313143,-0.775642
0.31377,-0.775883
0.314397,-0.776125
0.315024,-0.776366
0.315651,-0.776608
0.316278,-0.77685
0.316905,-0.777091
0.317532,-0.777333
0.31816,-0.777575
0.318787,-0.777816
0.319414,-0.778058
0.320041,-0.7783
0.320668,-0.778541
0.321295,-0.778783
0.321922,-0.779025
0.322549,-0.779266
0.323177,-0.779508
0.323804,-0.779749
0.324431,-0.779991
0.325058,-0.780233
0.325685,-0.780474
0.326312,-0.780716
0.326939,-0.780958
0.327566,-0.781199
0.328194,-0.781441
0.328821,-0.781683
0.329448,-0.781924
0.330075,-0.782166
0.330702,-0.782408
0.331329,-0.782649
0.331956,-0.782891
0.332584,-0.783132
0.333211,-0.783374
0.333838,-0.783616
0.334465,-0.783857
0.335092,-0.784099
0.335719,-0.784341
0.336346,-0.784582
0.336973,-0.784824
0.337601,-0.785066
0.338228,-0.785307
0.338855,-0.785549
0.339482,-0.78579
0.340109,-0.786032
0.340736,-0.786274
0.341363,-0.786515
0.34199,-0.786757
0.342618,-0.786999
0.343245,-0.78724
0.343872,-0.787482
0.344499,-0.787724
0.345126,-0.787965
0.345753,-0.788207
0.34638,-0.788449
0.347007,-0.78869
0.347635,-0.788932
0.348262,-0.789173
0.348889,-0.789415
0.349516,-0.789657
0.350143,-0.789898
0.35077,-0.79014
0.351397,-0.790382
0.352025,-0.790623
0.352652,-0.790865
0.353279,-0.791107
0.353906,-0.791348
0.354533,-0.79159
0.35516,-0.791832
0.355787,-0.792073
0.356414,-0.792315
0.357042,-0.792556
0.357669,-0.792798
0.358296,-0.79304
0.358923,-0.793281
0.35955,-0.793523
0.360177,-0.793765
0.360804,-0.794006
0.361431,-0.794248
0.362059,-0.79449
0.362686,-0.794731
0.363313,-0.794973
0.36394,-0.795215
0.364567,-0.795456
0.365194,-0.795698
0.365821,-0.795939
0.366448,-0.796181
0.367076,-0.796423
0.367703,-0.796664
0.36833,-0.796906
0.368957,-0.797148
0.369584,-0.797389
0.370211,-0.797631
0.370838,-0.797873
0.371466,-0.798114
0.372093,-0.798356
0.37272,-0.798597
0.373347,-0.798839
0.373974,-0.799081
0.374601,-0.799322
0.375228,-0.799564
0.375855,-0.799806
0.376483,-0.800047
0.37711,-0.800289
0.377737,-0.800531
0.378364,-0.800772
0.378991,-0.801014
0.379618,-0.801256
0.380245,-0.801497
0.380872,-0.801739
0.3815,-0.80198
0.382127,-0.802222
0.382754,-0.802464
0.383381,-0.802705
0.384008,-0.802947
0.384635,-0.803189
0.385262,-0.80343
0.385889,-0.803672
0.386517,-0.803914
0.387144,-0.804155
0.388684,-0.803671
0.390225,-0.803187
0.391765,-0.802702
0.393306,-0.802218
0.394846,-0.801733
0.396387,-0.801249
0.397927,-0.800765
0.399468,-0.80028
0.401008,-0.799796
0.402549,-0.799312
0.404089,-0.798827
0.40563,-0.798343
0.40717,-0.797859
0.408711,-0.797374
0.410251,-0.79689
0.411792,-0.796406
0.413332,-0.795921
0.414873,-0.795437
0.416413,-0.794953
0.417954,-0.794468
0.419494,-0.793984
0.421035,-0.793499
0.422575,-0.793015
0.424116,-0.792531
0.425656,-0.792046
0.427197,-0.791562
0.428737,-0.791078
0.430278,-0.790593
0.431818,-0.790109
0.433359,-0.789625
0.434899,-0.78914
0.43644,-0.788656
0.43798,-0.788172
0.439521,-0.787687
0.441061,-0.787203
0.442602,-0.786719
0.444142,-0.786234
0.445683,-0.78575
0.447223,-0.785266
0.448764,-0.784781
0.450304,-0.784297
0.451845,-0.783812
0.453385,-0.783328
0.454926,-0.782844
0.456466,-0.782359
0.458007,-0.781875
0.459547,-0.781391
0.461088,-0.780906
0.462628,-0.780422
0.464169,-0.779938
0.465709,-0.779453
0.46725,-0.778969
0.46879,-0.778485
0.470331,-0.778
0.471871,-0.777516
0.473412,-0.777032
0.474952,-0.776547
0.476493,-0.776063
0.478033,-0.775578
0.479574,-0.775094
0.481114,-0.77461
0.482655,-0.774125
0.484195,-0.773641
0.485736,-0.773157
0.487276,-0.772672
0.488817,-0.772188
0.490357,-0.771704
0.491898,-0.771219
0.493438,-0.770735
0.494979,-0.770251
0.496519,-0.769766
0.49806,-0.769282
0.4996,-0.768798
0.501141,-0.768313
0.502681,-0.767829
0.504222,-0.767344
0.505762,-0.76686
0.507303,-0.766376
0.508843,-0.765891
0.510384,-0.765407
0.511924,-0.764923
0.513465,-0.764438
0.515005,-0.763954
0.516546,-0.76347
0.518086,-0.762985
0.519627,-0.762501
0.521167,-0.762017
0.522708,-0.761532
0.524248,-0.761048
0.525789,-0.760564
0.527329,-0.760079
0.52887,-0.759595
0.53041,-0.75911
0.531951,-0.758626
0.533491,-0.758142
0.535032,-0.757657
0.536572,-0.757173
0.538113,-0.756689
0.539653,-0.756204
0.541194,-0.75572
0.542734,-0.755236
0.544275,-0.754751
0.545815,-0.754267
0.547356,-0.753783
0.548896,-0.753298
0.550437,-0.752814
0.551977,-0.75233
0.553518,-0.751845
0.555058,-0.751361
0.556599,-0.750877
0.558139,-0.750392
0.55968,-0.749908
0.56122,-0.749423
0.562761,-0.748939
0.564301,-0.748455
0.565842,-0.74797
0.567382,-0.747486
0.568923,-0.747002
0.570463,-0.746517
0.572004,-0.746033
0.573544,-0.745549
0.575085,-0.745064
0.576625,-0.74458
0.578166,-0.744096
0.579706,-0.743611
0.581247,-0.743127
0.582787,-0.742643
0.584328,-0.742158
0.585868,-0.741674
0.587409,-0.741189
0.588949,-0.740705
0.59049,-0.740221
0.59203,-0.739736
0.593571,-0.739252
0.595111,-0.738768
0.596652,-0.738283
0.598192,-0.737799
0.599733,-0.737315
0.601273,-0.73683
0.602814,-0.736346
0.604354,-0.735862
0.605895,-0.735377
0.607435,-0.734893
0.608976,-0.734409
0.610516,-0.733924
0.612057,-0.73344
0.613597,-0.732955
0.615138,-0.732471
0.616678,-0.731987
