O
10
1,0,-1,0.78,-0.5,0.75,0.0,0.0,0.0,0.3,0.4,0.02,0,0.8,False
2,0,-1,1.1,-0.5,0.93,0.0,0.0,0.0,0.02,0.4,0.2,0,0.8,False
3,0,-1,0.78,-0.5,1.11,0.0,0.0,0.0,0.3,0.4,0.02,0,0.8,False
4,0,-1,0.8,-0.92,0.93,0.0,0.0,0.0,0.32,0.02,0.2,0,0.8,False
5,0,-1,0.8,-0.08,0.93,0.0,0.0,0.0,0.32,0.02,0.2,0,0.8,False
6,0,0,0.5464460037086192,-0.41434224210063886,0.8928598692670522,0.0,0.0,3.382234925427872,0.03,0.03,0.12285986926705213,0.416678910203405,1.1127607611178534,False
7,0,0,0.6901587555519839,-0.6210611890349111,0.86,0.0,0.0,4.463445383805026,0.041818653221261305,0.041953263485647395,0.09,0.18085086362825586,1.1794570989856032,False
8,0,0,0.9288695861934787,-0.655073033660091,0.86,0.0,0.0,5.157717338411903,0.05779418332916017,0.04967989657448661,0.09,0.07561929313826504,0.9189318899053267,False
9,2,0,1.024980984519092,-0.22209575544204985,0.8607343178140192,0.0,0.0,2.58852585028208,0.03,0.03,0.18146863562803844,0.16855669674412754,1.0794807626330614,False
10,2,0,0.7940161414085521,-0.5788420906249864,0.8479548378933465,0.0,0.0,0.029529138257937793,0.03,0.03,0.15590967578669285,0.3568306846468168,1.1415820583615361,False
R
0.0,0.0,0.0,0.0,0.0,0.0,1.0
S
8
torso_lift_joint,0
r_shoulder_pan_joint,-1.69017
r_shoulder_lift_joint,-0.0788625
r_upper_arm_roll_joint,-1.69017
r_elbow_flex_joint,-1.2717
r_forearm_roll_joint,-0.151824
r_wrist_flex_joint,-1.25254
r_wrist_roll_joint,0.675062
G
0.473607,-0.432217,0.89286,0.240642,-0,0
ooi
6
A
599
0.310248,-0.673113
0.310812,-0.673234
0.311375,-0.673355
0.311939,-0.673476
0.312502,-0.673597
0.313066,-0.673718
0.313629,-0.673839
0.314193,-0.67396
0.314756,-0.674081
0.31532,-0.674202
0.315883,-0.674323
0.316447,-0.674444
0.31701,-0.674565
0.317574,-0.674686
0.318137,-0.674807
0.318701,-0.674928
0.319264,-0.675049
0.319828,-0.67517
0.320391,-0.675291
0.320955,-0.675412
0.321518,-0.675533
0.322082,-0.675654
0.322645,-0.675775
0.323209,-0.675896
0.323772,-0.676017
0.324336,-0.676138
0.324899,-0.676259
0.325463,-0.67638
0.326026,-0.676501
0.32659,-0.676622
0.327153,-0.676743
0.327717,-0.676864
0.32828,-0.676985
0.328844,-0.677106
0.329407,-0.677227
0.329971,-0.677348
0.330534,-0.677469
0.331098,-0.67759
0.331661,-0.677711
0.332225,-0.677832
0.332788,-0.677953
0.333352,-0.678074
0.333915,-0.678195
0.334478,-0.678316
0.335042,-0.678437
0.335605,-0.678558
0.336169,-0.678679
0.336732,-0.6788
0.337296,-0.678921
0.337859,-0.679042
0.338423,-0.679163
0.338986,-0.679284
0.33955,-0.679405
0.340113,-0.679526
0.340677,-0.679647
0.34124,-0.679768
0.341804,-0.679889
0.342367,-0.68001
0.342931,-0.680131
0.343494,-0.680252
0.344058,-0.680373
0.344621,-0.680494
0.345185,-0.680615
0.345748,-0.680736
0.346312,-0.680857
0.346875,-0.680978
0.347439,-0.681099
0.348002,-0.68122
0.348566,-0.681341
0.349129,-0.681462
0.349693,-0.681583
0.350256,-0.681704
0.35082,-0.681824
0.351383,-0.681945
0.351947,-0.682066
0.35251,-0.682187
0.353074,-0.682308
0.353637,-0.682429
0.354201,-0.68255
0.354764,-0.682671
0.355328,-0.682792
0.355891,-0.682913
0.356455,-0.683034
0.357018,-0.683155
0.357582,-0.683276
0.358145,-0.683397
0.358709,-0.683518
0.359272,-0.683639
0.359836,-0.68376
0.360399,-0.683881
0.360963,-0.684002
0.361526,-0.684123
0.36209,-0.684244
0.362653,-0.684365
0.363217,-0.684486
0.36378,-0.684607
0.364344,-0.684728
0.364907,-0.684849
0.365471,-0.68497
0.366034,-0.685091
0.366598,-0.685212
0.367161,-0.685333
0.367725,-0.685454
0.368288,-0.685575
0.368852,-0.685696
0.369415,-0.685817
0.369979,-0.685938
0.370542,-0.686059
0.371106,-0.68618
0.371669,-0.686301
0.372233,-0.686422
0.372796,-0.686543
0.37336,-0.686664
0.373923,-0.686785
0.374487,-0.686906
0.37505,-0.687027
0.375614,-0.687148
0.376177,-0.687269
0.376741,-0.68739
0.377304,-0.687511
0.377868,-0.687632
0.378431,-0.687753
0.378995,-0.687874
0.379558,-0.687995
0.380122,-0.688116
0.380685,-0.688237
0.381249,-0.688358
0.381812,-0.688479
0.382376,-0.6886
0.382939,-0.688721
0.383503,-0.688842
0.384066,-0.688963
0.38463,-0.689084
0.385193,-0.689205
0.385757,-0.689326
0.38632,-0.689447
0.386884,-0.689568
0.387447,-0.689689
0.388011,-0.68981
0.388574,-0.689931
0.389138,-0.690052
0.389701,-0.690173
0.390265,-0.690294
0.390828,-0.690415
0.391392,-0.690536
0.391955,-0.690657
0.392519,-0.690778
0.393082,-0.690899
0.393646,-0.69102
0.394209,-0.691141
0.394773,-0.691262
0.395248,-0.691305
0.395724,-0.691349
0.396199,-0.691392
0.396675,-0.691435
0.397151,-0.691479
0.397626,-0.691522
0.398102,-0.691566
0.398577,-0.691609
0.399053,-0.691652
0.399529,-0.691696
0.400004,-0.691739
0.40048,-0.691783
0.400956,-0.691826
0.401431,-0.691869
0.401907,-0.691913
0.402382,-0.691956
0.402858,-0.692
0.403334,-0.692043
0.403809,-0.692086
0.404285,-0.69213
0.40476,-0.692173
0.405236,-0.692217
0.405712,-0.69226
0.406187,-0.692303
0.406663,-0.692347
0.407138,-0.69239
0.407614,-0.692434
0.40809,-0.692477
0.408565,-0.69252
0.409041,-0.692564
0.409517,-0.692607
0.409992,-0.69265
0.410468,-0.692694
0.410943,-0.692737
0.411419,-0.692781
0.411895,-0.692824
0.41237,-0.692867
0.412846,-0.692911
0.413321,-0.692954
0.413797,-0.692998
0.414273,-0.693041
0.414748,-0.693084
0.415224,-0.693128
0.415699,-0.693171
0.416175,-0.693215
0.416651,-0.693258
0.417126,-0.693301
0.417602,-0.693345
0.418078,-0.693388
0.418553,-0.693432
0.419029,-0.693475
0.419504,-0.693518
0.41998,-0.693562
0.420456,-0.693605
0.420931,-0.693649
0.421407,-0.693692
0.421882,-0.693735
0.422358,-0.693779
0.422834,-0.693822
0.423309,-0.693866
0.423785,-0.693909
0.42426,-0.693952
0.424736,-0.693996
0.425212,-0.694039
0.425687,-0.694083
0.426163,-0.694126
0.426639,-0.694169
0.427114,-0.694213
0.42759,-0.694256
0.428065,-0.694299
0.428541,-0.694343
0.429017,-0.694386
0.429492,-0.69443
0.429968,-0.694473
0.430443,-0.694516
0.430919,-0.69456
0.431395,-0.694603
0.43187,-0.694647
0.432346,-0.69469
0.432821,-0.694733
0.433297,-0.694777
0.433773,-0.69482
0.434248,-0.694864
0.434724,-0.694907
0.4352,-0.69495
0.435675,-0.694994
0.436151,-0.695037
0.436626,-0.695081
0.437102,-0.695124
0.437578,-0.695167
0.438053,-0.695211
0.438529,-0.695254
0.439004,-0.695298
0.43948,-0.695341
0.439956,-0.695384
0.440431,-0.695428
0.440907,-0.695471
0.441382,-0.695515
0.441858,-0.695558
0.442334,-0.695601
0.442809,-0.695645
0.443285,-0.695688
0.443761,-0.695731
0.444236,-0.695775
0.444712,-0.695818
0.445187,-0.695862
0.445663,-0.695905
0.446139,-0.695948
0.446614,-0.695992
0.44709,-0.696035
0.447565,-0.696079
0.448041,-0.696122
0.448517,-0.696165
0.448992,-0.696209
0.449468,-0.696252
0.449943,-0.696296
0.450419,-0.696339
0.450895,-0.696382
0.45137,-0.696426
0.451846,-0.696469
0.452322,-0.696513
0.452797,-0.696556
0.453273,-0.696599
0.453748,-0.696643
0.454224,-0.696686
0.4547,-0.69673
0.455175,-0.696773
0.455651,-0.696816
0.456126,-0.69686
0.456602,-0.696903
0.457078,-0.696947
0.457553,-0.69699
0.458029,-0.697033
0.458504,-0.697077
0.45898,-0.69712
0.459456,-0.697163
0.459931,-0.697207
0.460407,-0.69725
0.460883,-0.697294
0.461358,-0.697337
0.461834,-0.69738
0.462309,-0.697424
0.462785,-0.697467
0.463261,-0.697511
0.463736,-0.697554
0.464212,-0.697597
0.464687,-0.697641
0.465163,-0.697684
0.465639,-0.697728
0.465662,-0.695925
0.465685,-0.694122
0.465709,-0.692319
0.465732,-0.690516
0.465755,-0.688713
0.465778,-0.68691
0.465802,-0.685107
0.465825,-0.683304
0.465848,-0.681501
0.465872,-0.679698
0.465895,-0.677895
0.465918,-0.676092
0.465942,-0.674289
0.465965,-0.672486
0.465988,-0.670683
0.466012,-0.66888
0.466035,-0.667077
0.466058,-0.665274
0.466081,-0.663471
0.466105,-0.661669
0.466128,-0.659866
0.466151,-0.658063
0.466175,-0.65626
0.466198,-0.654457
0.466221,-0.652654
0.466245,-0.650851
0.466268,-0.649048
0.466291,-0.647245
0.466315,-0.645442
0.466338,-0.643639
0.466361,-0.641836
0.466384,-0.640033
0.466408,-0.63823
0.466431,-0.636427
0.466454,-0.634624
0.466478,-0.632821
0.466501,-0.631018
0.466524,-0.629215
0.466548,-0.627412
0.466571,-0.625609
0.466594,-0.623806
0.466618,-0.622003
0.466641,-0.620201
0.466664,-0.618398
0.466687,-0.616595
0.466711,-0.614792
0.466734,-0.612989
0.466757,-0.611186
0.466781,-0.609383
0.466804,-0.60758
0.466827,-0.605777
0.466851,-0.603974
0.466874,-0.602171
0.466897,-0.600368
0.466921,-0.598565
0.466944,-0.596762
0.466967,-0.594959
0.46699,-0.593156
0.467014,-0.591353
0.467037,-0.58955
0.46706,-0.587747
0.467084,-0.585944
0.467107,-0.584141
0.46713,-0.582338
0.467154,-0.580535
0.467177,-0.578733
0.4672,-0.57693
0.467224,-0.575127
0.467247,-0.573324
0.46727,-0.571521
0.467293,-0.569718
0.467317,-0.567915
0.46734,-0.566112
0.467363,-0.564309
0.467387,-0.562506
0.46741,-0.560703
0.467433,-0.5589
0.467457,-0.557097
0.46748,-0.555294
0.467503,-0.553491
0.467527,-0.551688
0.46755,-0.549885
0.467573,-0.548082
0.467596,-0.546279
0.46762,-0.544476
0.467643,-0.542673
0.467666,-0.54087
0.46769,-0.539067
0.467713,-0.537265
0.467736,-0.535462
0.46776,-0.533659
0.467783,-0.531856
0.467806,-0.530053
0.46783,-0.52825
0.467853,-0.526447
0.467876,-0.524644
0.467899,-0.522841
0.467923,-0.521038
0.467946,-0.519235
0.467969,-0.517432
0.467993,-0.515629
0.468016,-0.513826
0.468039,-0.512023
0.468063,-0.51022
0.468086,-0.508417
0.468109,-0.506614
0.468133,-0.504811
0.468156,-0.503008
0.468179,-0.501205
0.468202,-0.499402
0.468226,-0.4976
0.468249,-0.495797
0.468272,-0.493994
0.468296,-0.492191
0.468319,-0.490388
0.468342,-0.488585
0.468366,-0.486782
0.468389,-0.484979
0.468412,-0.483176
0.468436,-0.481373
0.468459,-0.47957
0.468482,-0.477767
0.468505,-0.475964
0.468529,-0.474161
0.468552,-0.472358
0.468575,-0.470555
0.468599,-0.468752
0.468622,-0.466949
0.468645,-0.465146
0.468669,-0.463343
0.468692,-0.46154
0.468715,-0.459737
0.468739,-0.457934
0.468762,-0.456132
0.468785,-0.454329
0.468808,-0.452526
0.468832,-0.450723
0.468855,-0.44892
0.468878,-0.447117
0.468902,-0.445314
0.468925,-0.443511
0.468948,-0.441708
0.468972,-0.439905
0.468995,-0.438102
0.469018,-0.436299
0.469042,-0.434496
0.469065,-0.432693
0.469088,-0.43089
0.469111,-0.429087
0.469135,-0.427284
0.469165,-0.427317
0.469195,-0.42735
0.469225,-0.427384
0.469255,-0.427417
0.469285,-0.42745
0.469315,-0.427483
0.469345,-0.427516
0.469375,-0.427549
0.469405,-0.427582
0.469435,-0.427615
0.469465,-0.427648
0.469495,-0.427681
0.469525,-0.427715
0.469555,-0.427748
0.469585,-0.427781
0.469615,-0.427814
0.469645,-0.427847
0.469675,-0.42788
0.469705,-0.427913
0.469735,-0.427946
0.469765,-0.427979
0.469795,-0.428013
0.469825,-0.428046
0.469855,-0.428079
0.469885,-0.428112
0.469915,-0.428145
0.469945,-0.428178
0.469975,-0.428211
0.470005,-0.428244
0.470035,-0.428277
0.470065,-0.42831
0.470095,-0.428344
0.470125,-0.428377
0.470155,-0.42841
0.470185,-0.428443
0.470215,-0.428476
0.470245,-0.428509
0.470275,-0.428542
0.470305,-0.428575
0.470335,-0.428608
0.470365,-0.428641
0.470395,-0.428675
0.470425,-0.428708
0.470455,-0.428741
0.470485,-0.428774
0.470515,-0.428807
0.470545,-0.42884
0.470576,-0.428873
0.470606,-0.428906
0.470636,-0.428939
0.470666,-0.428973
0.470696,-0.429006
0.470726,-0.429039
0.470756,-0.429072
0.470786,-0.429105
0.470816,-0.429138
0.470846,-0.429171
0.470876,-0.429204
0.470906,-0.429237
0.470936,-0.42927
0.470966,-0.429304
0.470996,-0.429337
0.471026,-0.42937
0.471056,-0.429403
0.471086,-0.429436
0.471116,-0.429469
0.471146,-0.429502
0.471176,-0.429535
0.471206,-0.429568
0.471236,-0.429602
0.471266,-0.429635
0.471296,-0.429668
0.471326,-0.429701
0.471356,-0.429734
0.471386,-0.429767
0.471416,-0.4298
0.471446,-0.429833
0.471476,-0.429866
0.471506,-0.429899
0.471536,-0.429933
0.471566,-0.429966
0.471596,-0.429999
0.471626,-0.430032
0.471656,-0.430065
0.471686,-0.430098
0.471716,-0.430131
0.471746,-0.430164
0.471776,-0.430197
0.471806,-0.43023
0.471836,-0.430264
0.471866,-0.430297
0.471896,-0.43033
0.471926,-0.430363
0.471956,-0.430396
0.471986,-0.430429
0.472016,-0.430462
0.472046,-0.430495
0.472076,-0.430528
0.472106,-0.430562
0.472136,-0.430595
0.472166,-0.430628
0.472196,-0.430661
0.472226,-0.430694
0.472256,-0.430727
0.472286,-0.43076
0.472316,-0.430793
0.472346,-0.430826
0.472376,-0.430859
0.472406,-0.430893
0.472437,-0.430926
0.472467,-0.430959
0.472497,-0.430992
0.472527,-0.431025
0.472557,-0.431058
0.472587,-0.431091
0.472617,-0.431124
0.472647,-0.431157
0.472677,-0.43119
0.472707,-0.431224
0.472737,-0.431257
0.472767,-0.43129
0.472797,-0.431323
0.472827,-0.431356
0.472857,-0.431389
0.472887,-0.431422
0.472917,-0.431455
0.472947,-0.431488
0.472977,-0.431522
0.473007,-0.431555
0.473037,-0.431588
0.473067,-0.431621
0.473097,-0.431654
0.473127,-0.431687
0.473157,-0.43172
0.473187,-0.431753
0.473217,-0.431786
0.473247,-0.431819
0.473277,-0.431853
0.473307,-0.431886
0.473337,-0.431919
0.473367,-0.431952
0.473397,-0.431985
0.473427,-0.432018
0.473457,-0.432051
0.473487,-0.432084
0.473517,-0.432117
0.473547,-0.432151
0.473577,-0.432184
0.473607,-0.432217
