O
10
1,0,-1,0.78,-0.5,0.75,0.0,0.0,0.0,0.3,0.4,0.02,0,0.8,False
2,0,-1,1.1,-0.5,0.93,0.0,0.0,0.0,0.02,0.4,0.2,0,0.8,False
3,0,-1,0.78,-0.5,1.11,0.0,0.0,0.0,0.3,0.4,0.02,0,0.8,False
4,0,-1,0.8,-0.92,0.93,0.0,0.0,0.0,0.32,0.02,0.2,0,0.8,False
5,0,-1,0.8,-0.08,0.93,0.0,0.0,0.0,0.32,0.02,0.2,0,0.8,False
6,2,0,0.6715643799986462,-0.684150132439191,0.8450000000000001,0.0,0.0,1.4275930226830287,0.07279702393304514,0.07279702393304514,0.15,0.32921904333361796,1.0283270238640272,False
7,2,0,0.7357098856769175,-0.3809226746685043,0.8450000000000001,0.0,0.0,2.75214797436099,0.03,0.03,0.15,0.1417218205918328,0.917300756507092,False
8,0,0,0.9411171652868279,-0.18816550542802313,0.86,0.0,0.0,5.487066113832325,0.03,0.03031386897200644,0.09,0.3293698348340957,0.9626291406716767,False
9,0,0,0.5369252560717235,-0.4069818258952755,0.8860154216568474,0.0,0.0,3.7861964001345108,0.03612607505656228,0.03,0.11601542165684747,0.4592451745375877,1.0417335521112232,False
10,2,0,0.8898018433899184,-0.8345333263263003,0.8450000000000001,0.0,0.0,5.373040682882672,0.03,0.03,0.15,0.26927098313447,1.0062081428810246,False
R
0.0,0.0,0.0,0.0,0.0,0.0,1.0
S
8
torso_lift_joint,0
r_shoulder_pan_joint,-1.69017
r_shoulder_lift_joint,-0.0788625
r_upper_arm_roll_joint,-1.69017
r_elbow_flex_joint,-1.2717
r_forearm_roll_joint,-0.151824
r_wrist_flex_joint,-1.25254
r_wrist_roll_joint,0.675062
G
0.68184,-0.433105,0.845,0.769482,-0,0
ooi
7
A
300
0.310248,-0.673113
0.312108,-0.672428
0.313969,-0.671743
0.315829,-0.671058
0.317689,-0.670372
0.319549,-0.669687
0.32141,-0.669002
0.32327,-0.668317
0.32513,-0.667632
0.32699,-0.666947
0.328851,-0.666262
0.330711,-0.665576
0.332571,-0.664891
0.334431,-0.664206
0.336292,-0.663521
0.338152,-0.662836
0.340012,-0.662151
0.341872,-0.661465
0.343733,-0.66078
0.345593,-0.660095
0.347453,-0.65941
0.349313,-0.658725
0.351173,-0.65804
0.353034,-0.657355
0.354894,-0.656669
0.356754,-0.655984
0.358614,-0.655299
0.360475,-0.654614
0.362335,-0.653929
0.364195,-0.653244
0.366055,-0.652558
0.367916,-0.651873
0.369776,-0.651188
0.371636,-0.650503
0.373496,-0.649818
0.375357,-0.649133
0.377217,-0.648448
0.379077,-0.647762
0.380937,-0.647077
0.382798,-0.646392
0.384658,-0.645707
0.386518,-0.645022
0.388378,-0.644337
0.390239,-0.643651
0.392099,-0.642966
0.393959,-0.642281
0.395819,-0.641596
0.397679,-0.640911
0.39954,-0.640226
0.4014,-0.639541
0.40326,-0.638855
0.40512,-0.63817
0.406981,-0.637485
0.408841,-0.6368
0.410701,-0.636115
0.412561,-0.63543
0.414422,-0.634744
0.416282,-0.634059
0.418142,-0.633374
0.420002,-0.632689
0.421863,-0.632004
0.423723,-0.631319
0.425583,-0.630634
0.427443,-0.629948
0.429304,-0.629263
0.431164,-0.628578
0.433024,-0.627893
0.434884,-0.627208
0.436745,-0.626523
0.438605,-0.625837
0.440465,-0.625152
0.442325,-0.624467
0.444185,-0.623782
0.446046,-0.623097
0.447906,-0.622412
0.449766,-0.621727
0.451626,-0.621041
0.453487,-0.620356
0.455347,-0.619671
0.457207,-0.618986
0.459067,-0.618301
0.460928,-0.617616
0.462788,-0.61693
0.464648,-0.616245
0.466508,-0.61556
0.468369,-0.614875
0.470229,-0.61419
0.472089,-0.613505
0.473949,-0.61282
0.47581,-0.612134
0.47767,-0.611449
0.47953,-0.610764
0.48139,-0.610079
0.483251,-0.609394
0.485111,-0.608709
0.486971,-0.608023
0.488831,-0.607338
0.490691,-0.606653
0.492552,-0.605968
0.494412,-0.605283
0.496272,-0.604598
0.498132,-0.603913
0.499993,-0.603227
0.501853,-0.602542
0.503713,-0.601857
0.505573,-0.601172
0.507434,-0.600487
0.509294,-0.599802
0.511154,-0.599116
0.513014,-0.598431
0.514875,-0.597746
0.516735,-0.597061
0.518595,-0.596376
0.520455,-0.595691
0.522316,-0.595006
0.524176,-0.59432
0.526036,-0.593635
0.527896,-0.59295
0.529757,-0.592265
0.531617,-0.59158
0.533477,-0.590895
0.535337,-0.590209
0.537197,-0.589524
0.539058,-0.588839
0.540918,-0.588154
0.542778,-0.587469
0.544638,-0.586784
0.546499,-0.586099
0.548359,-0.585413
0.550219,-0.584728
0.552079,-0.584043
0.55394,-0.583358
0.5558,-0.582673
0.55766,-0.581988
0.55952,-0.581302
0.561381,-0.580617
0.563241,-0.579932
0.565101,-0.579247
0.566961,-0.578562
0.568822,-0.577877
0.570682,-0.577191
0.572542,-0.576506
0.574402,-0.575821
0.576263,-0.575136
0.578123,-0.574451
0.579983,-0.573766
0.581843,-0.573081
0.583703,-0.572395
0.585564,-0.57171
0.587424,-0.571025
0.589284,-0.57034
0.589905,-0.569419
0.590527,-0.568498
0.591148,-0.567577
0.591769,-0.566656
0.59239,-0.565735
0.593011,-0.564814
0.593632,-0.563893
0.594254,-0.562972
0.594875,-0.562051
0.595496,-0.56113
0.596117,-0.560209
0.596738,-0.559287
0.59736,-0.558366
0.597981,-0.557445
0.598602,-0.556524
0.599223,-0.555603
0.599844,-0.554682
0.600465,-0.553761
0.601087,-0.55284
0.601708,-0.551919
0.602329,-0.550998
0.60295,-0.550077
0.603571,-0.549156
0.604192,-0.548235
0.604814,-0.547314
0.605435,-0.546393
0.606056,-0.545472
0.606677,-0.544551
0.607298,-0.54363
0.60792,-0.542709
0.608541,-0.541788
0.609162,-0.540867
0.609783,-0.539946
0.610404,-0.539025
0.611025,-0.538104
0.611647,-0.537183
0.612268,-0.536261
0.612889,-0.53534
0.61351,-0.534419
0.614131,-0.533498
0.614752,-0.532577
0.615374,-0.531656
0.615995,-0.530735
0.616616,-0.529814
0.617237,-0.528893
0.617858,-0.527972
0.61848,-0.527051
0.619101,-0.52613
0.619722,-0.525209
0.620343,-0.524288
0.620964,-0.523367
0.621585,-0.522446
0.622207,-0.521525
0.622828,-0.520604
0.623449,-0.519683
0.62407,-0.518762
0.624691,-0.517841
0.625312,-0.51692
0.625934,-0.515999
0.626555,-0.515078
0.627176,-0.514156
0.627797,-0.513235
0.628418,-0.512314
0.62904,-0.511393
0.629661,-0.510472
0.630282,-0.509551
0.630903,-0.50863
0.631524,-0.507709
0.632145,-0.506788
0.632767,-0.505867
0.633388,-0.504946
0.634009,-0.504025
0.63463,-0.503104
0.635251,-0.502183
0.635872,-0.501262
0.636494,-0.500341
0.637115,-0.49942
0.637736,-0.498499
0.638357,-0.497578
0.638978,-0.496657
0.6396,-0.495736
0.640221,-0.494815
0.640842,-0.493894
0.641463,-0.492973
0.642084,-0.492052
0.642705,-0.49113
0.643327,-0.490209
0.643948,-0.489288
0.644569,-0.488367
0.64519,-0.487446
0.645811,-0.486525
0.646432,-0.485604
0.647054,-0.484683
0.647675,-0.483762
0.648296,-0.482841
0.648917,-0.48192
0.649538,-0.480999
0.65016,-0.480078
0.650781,-0.479157
0.651402,-0.478236
0.652023,-0.477315
0.652644,-0.476394
0.653265,-0.475473
0.653887,-0.474552
0.654508,-0.473631
0.655129,-0.47271
0.65575,-0.471789
0.656371,-0.470868
0.656992,-0.469947
0.657614,-0.469026
0.658235,-0.468104
0.658856,-0.467183
0.659477,-0.466262
0.660098,-0.465341
0.66072,-0.46442
0.661341,-0.463499
0.661962,-0.462578
0.662583,-0.461657
0.663204,-0.460736
0.663825,-0.459815
0.664447,-0.458894
0.665068,-0.457973
0.665689,-0.457052
0.66631,-0.456131
0.666931,-0.45521
0.667552,-0.454289
0.668174,-0.453368
0.668795,-0.452447
0.669416,-0.451526
0.670037,-0.450605
0.670658,-0.449684
0.67128,-0.448763
0.671901,-0.447842
0.672522,-0.446921
0.673143,-0.446
0.673764,-0.445078
0.674385,-0.444157
0.675007,-0.443236
0.675628,-0.442315
0.676249,-0.441394
0.67687,-0.440473
0.677491,-0.439552
0.678113,-0.438631
0.678734,-0.43771
0.679355,-0.436789
0.679976,-0.435868
0.680597,-0.434947
0.681218,-0.434026
0.68184,-0.433105
