O
10
1,0,-1,0.78,-0.5,0.75,0.0,0.0,0.0,0.3,0.4,0.02,0,0.8,False
2,0,-1,1.1,-0.5,0.93,0.0,0.0,0.0,0.02,0.4,0.2,0,0.8,False
3,0,-1,0.78,-0.5,1.11,0.0,0.0,0.0,0.3,0.4,0.02,0,0.8,False
4,0,-1,0.8,-0.92,0.93,0.0,0.0,0.0,0.32,0.02,0.2,0,0.8,False
5,0,-1,0.8,-0.08,0.93,0.0,0.0,0.0,0.32,0.02,0.2,0,0.8,False
6,2,0,0.7352305741153861,-0.16292217814892074,0.8619360871906487,0.0,0.0,4.191142166803751,0.03065645007307373,0.03065645007307373,0.18387217438129733,0.125031068893182,0.806094336052243,False
7,2,0,0.993140821611689,-0.7716198369820867,0.8450000000000001,0.0,0.0,2.337069701190337,0.03820220552590316,0.03820220552590316,0.15,0.22692232356123293,1.1758672628216946,False
8,2,0,0.7498375283037884,-0.4038096480781887,0.8562555476434293,0.0,0.0,6.043709400361446,0.07935074440185268,0.07935074440185268,0.17251109528685843,0.43433173084285215,1.124009115584233,False
9,0,0,0.5657885176531097,-0.241854599236222,0.9230777728637167,0.0,0.0,6.085236519945307,0.03,0.06565659599763556,0.1530777728637167,0.07863380065595893,1.1050370458408765,False
10,0,0,0.987947982161065,-0.4580689302037774,0.86,0.0,0.0,1.0333731535938777,0.03483779244494688,0.044283474461322386,0.09,0.1888544368093913,1.1156436485902215,False
R
0.0,0.0,0.0,0.0,0.0,0.0,1.0
S
8
torso_lift_joint,0
r_shoulder_pan_joint,-1.69017
r_shoulder_lift_joint,-0.0788625
r_upper_arm_roll_joint,-1.69017
r_elbow_flex_joint,-1.2717
r_forearm_roll_joint,-0.151824
r_wrist_flex_joint,-1.25254
r_wrist_roll_joint,0.675062
G
0.544027,-0.35035,0.923078,1.37285,-0,0
ooi
9
A
300
0.310248,-0.673113
0.310908,-0.671326
0.311567,-0.669538
0.312226,-0.667751
0.312886,-0.665963
0.313545,-0.664176
0.314204,-0.662388
0.314864,-0.660601
0.315523,-0.658813
0.316182,-0.657026
0.316842,-0.655239
0.317501,-0.653451
0.31816,-0.651664
0.31882,-0.649876
0.319479,-0.648089
0.320138,-0.646301
0.320798,-0.644514
0.321457,-0.642726
0.322116,-0.640939
0.322776,-0.639151
0.323435,-0.637364
0.324094,-0.635577
0.324754,-0.633789
0.325413,-0.632002
0.326072,-0.630214
0.326732,-0.628427
0.327391,-0.626639
0.32805,-0.624852
0.32871,-0.623064
0.329369,-0.621277
0.330028,-0.619489
0.330688,-0.617702
0.331347,-0.615915
0.332006,-0.614127
0.332666,-0.61234
0.333325,-0.610552
0.333984,-0.608765
0.334644,-0.606977
0.335303,-0.60519
0.335962,-0.603402
0.336622,-0.601615
0.337281,-0.599827
0.33794,-0.59804
0.3386,-0.596252
0.339259,-0.594465
0.339918,-0.592678
0.340578,-0.59089
0.341237,-0.589103
0.341896,-0.587315
0.342556,-0.585528
0.343215,-0.58374
0.343874,-0.581953
0.344534,-0.580165
0.345193,-0.578378
0.345852,-0.57659
0.346512,-0.574803
0.347171,-0.573016
0.34783,-0.571228
0.34849,-0.569441
0.349149,-0.567653
0.349808,-0.565866
0.350468,-0.564078
0.351127,-0.562291
0.351786,-0.560503
0.352446,-0.558716
0.353105,-0.556928
0.353764,-0.555141
0.354424,-0.553354
0.355083,-0.551566
0.355742,-0.549779
0.356402,-0.547991
0.357061,-0.546204
0.35772,-0.544416
0.35838,-0.542629
0.359039,-0.540841
0.359698,-0.539054
0.360358,-0.537266
0.361017,-0.535479
0.361677,-0.533692
0.362336,-0.531904
0.362995,-0.530117
0.363655,-0.528329
0.364314,-0.526542
0.364973,-0.524754
0.365633,-0.522967
0.366292,-0.521179
0.366951,-0.519392
0.367611,-0.517604
0.36827,-0.515817
0.368929,-0.51403
0.369589,-0.512242
0.370248,-0.510455
0.370907,-0.508667
0.371567,-0.50688
0.372226,-0.505092
0.372885,-0.503305
0.373545,-0.501517
0.374204,-0.49973
0.374863,-0.497942
0.375523,-0.496155
0.376182,-0.494368
0.376841,-0.49258
0.377501,-0.490793
0.37816,-0.489005
0.378819,-0.487218
0.379479,-0.48543
0.380138,-0.483643
0.380797,-0.481855
0.381457,-0.480068
0.382116,-0.47828
0.382775,-0.476493
0.383435,-0.474706
0.384094,-0.472918
0.384753,-0.471131
0.385413,-0.469343
0.386072,-0.467556
0.386731,-0.465768
0.387391,-0.463981
0.38805,-0.462193
0.388709,-0.460406
0.389369,-0.458618
0.390028,-0.456831
0.390687,-0.455044
0.391347,-0.453256
0.392006,-0.451469
0.392665,-0.449681
0.393325,-0.447894
0.393984,-0.446106
0.394643,-0.444319
0.395303,-0.442531
0.395962,-0.440744
0.396621,-0.438956
0.397281,-0.437169
0.39794,-0.435382
0.398599,-0.433594
0.399259,-0.431807
0.399918,-0.430019
0.400577,-0.428232
0.401237,-0.426444
0.401896,-0.424657
0.402555,-0.422869
0.403215,-0.421082
0.403874,-0.419294
0.404533,-0.417507
0.405193,-0.415719
0.405852,-0.413932
0.406511,-0.412145
0.407171,-0.410357
0.40783,-0.40857
0.408489,-0.406782
0.409149,-0.404995
0.410054,-0.404628
0.410959,-0.404261
0.411864,-0.403895
0.41277,-0.403528
0.413675,-0.403161
0.41458,-0.402794
0.415485,-0.402428
0.416391,-0.402061
0.417296,-0.401694
0.418201,-0.401327
0.419106,-0.400961
0.420011,-0.400594
0.420917,-0.400227
0.421822,-0.39986
0.422727,-0.399494
0.423632,-0.399127
0.424538,-0.39876
0.425443,-0.398393
0.426348,-0.398027
0.427253,-0.39766
0.428158,-0.397293
0.429064,-0.396926
0.429969,-0.39656
0.430874,-0.396193
0.431779,-0.395826
0.432685,-0.395459
0.43359,-0.395093
0.434495,-0.394726
0.4354,-0.394359
0.436305,-0.393993
0.437211,-0.393626
0.438116,-0.393259
0.439021,-0.392892
0.439926,-0.392526
0.440832,-0.392159
0.441737,-0.391792
0.442642,-0.391425
0.443547,-0.391059
0.444452,-0.390692
0.445358,-0.390325
0.446263,-0.389958
0.447168,-0.389592
0.448073,-0.389225
0.448979,-0.388858
0.449884,-0.388491
0.450789,-0.388125
0.451694,-0.387758
0.452599,-0.387391
0.453505,-0.387024
0.45441,-0.386658
0.455315,-0.386291
0.45622,-0.385924
0.457126,-0.385557
0.458031,-0.385191
0.458936,-0.384824
0.459841,-0.384457
0.460746,-0.384091
0.461652,-0.383724
0.462557,-0.383357
0.463462,-0.38299
0.464367,-0.382624
0.465273,-0.382257
0.466178,-0.38189
0.467083,-0.381523
0.467988,-0.381157
0.468893,-0.38079
0.469799,-0.380423
0.470704,-0.380056
0.471609,-0.37969
0.472514,-0.379323
0.47342,-0.378956
0.474325,-0.378589
0.47523,-0.378223
0.476135,-0.377856
0.47704,-0.377489
0.477946,-0.377122
0.478851,-0.376756
0.479756,-0.376389
0.480661,-0.376022
0.481567,-0.375655
0.482472,-0.375289
0.483377,-0.374922
0.484282,-0.374555
0.485187,-0.374188
0.486093,-0.373822
0.486998,-0.373455
0.487903,-0.373088
0.488808,-0.372722
0.489714,-0.372355
0.490619,-0.371988
0.491524,-0.371621
0.492429,-0.371255
0.493334,-0.370888
0.49424,-0.370521
0.495145,-0.370154
0.49605,-0.369788
0.496955,-0.369421
0.497861,-0.369054
0.498766,-0.368687
0.499671,-0.368321
0.500576,-0.367954
0.501481,-0.367587
0.502387,-0.36722
0.503292,-0.366854
0.504197,-0.366487
0.505102,-0.36612
0.506008,-0.365753
0.506913,-0.365387
0.507818,-0.36502
0.508723,-0.364653
0.509628,-0.364286
0.510534,-0.36392
0.511439,-0.363553
0.512344,-0.363186
0.513249,-0.36282
0.514155,-0.362453
0.51506,-0.362086
0.515965,-0.361719
0.51687,-0.361353
0.517775,-0.360986
0.518681,-0.360619
0.519586,-0.360252
0.520491,-0.359886
0.521396,-0.359519
0.522302,-0.359152
0.523207,-0.358785
0.524112,-0.358419
0.525017,-0.358052
0.525922,-0.357685
0.526828,-0.357318
0.527733,-0.356952
0.528638,-0.356585
0.529543,-0.356218
0.530449,-0.355851
0.531354,-0.355485
0.532259,-0.355118
0.533164,-0.354751
0.53407,-0.354384
0.534975,-0.354018
0.53588,-0.353651
0.536785,-0.353284
0.53769,-0.352917
0.538596,-0.352551
0.539501,-0.352184
0.540406,-0.351817
0.541311,-0.351451
0.542217,-0.351084
0.543122,-0.350717
0.544027,-0.35035
