O
10
1,0,-1,0.78,-0.5,0.75,0.0,0.0,0.0,0.3,0.4,0.02,0,0.8,False
2,0,-1,1.1,-0.5,0.93,0.0,0.0,0.0,0.02,0.4,0.2,0,0.8,False
3,0,-1,0.78,-0.5,1.11,0.0,0.0,0.0,0.3,0.4,0.02,0,0.8,False
4,0,-1,0.8,-0.92,0.93,0.0,0.0,0.0,0.32,0.02,0.2,0,0.8,False
5,0,-1,0.8,-0.08,0.93,0.0,0.0,0.0,0.32,0.02,0.2,0,0.8,False
6,0,0,0.8879697737161947,-0.47382303026880646,0.86,0.0,0.0,5.4392008073456894,0.03,0.03,0.09,0.16929318980227448,0.9732617635263346,False
7,0,0,0.9473938821872017,-0.3159829112206468,0.893930078698048,0.0,0.0,3.4299645117558355,0.038791661224654654,0.03,0.12393007869804794,0.163027240012802,1.0221220406517733,False
8,2,0,0.877513257212313,-0.602889248913757,0.8450000000000001,0.0,0.0,4.540780276853867,0.033257841759756185,0.033257841759756185,0.15,0.39953086307638835,0.8504237981397972,False
9,0,0,0.5311689222207063,-0.23675511611676714,0.8868883552033289,0.0,0.0,0.7492596096406384,0.041699011510240594,0.03,0.11688835520332885,0.46410450977449885,0.8431333724569007,False
10,0,0,0.6112567203021669,-0.4601834417853326,0.8625828157686519,0.0,0.0,2.1351897132368083,0.03,0.047361590784922684,0.09258281576865195,0.18655569620466117,0.9969364176007282,False
R
0.0,0.0,0.0,0.0,0.0,0.0,1.0
S
8
torso_lift_joint,0
r_shoulder_pan_joint,-1.69017
r_shoulder_lift_joint,-0.0788625
r_upper_arm_roll_joint,-1.69017
r_elbow_flex_joint,-1.2717
r_forearm_roll_joint,-0.151824
r_wrist_flex_joint,-1.25254
r_wrist_roll_joint,0.675062
G
0.467688,-0.295806,0.886888,0.74926,-0,0
ooi
9
A
599
0.310248,-0.673113
0.310812,-0.672055
0.311375,-0.670997
0.311939,-0.669938
0.312502,-0.66888
0.313065,-0.667822
0.313629,-0.666763
0.314192,-0.665705
0.314756,-0.664647
0.315319,-0.663588
0.315883,-0.66253
0.316446,-0.661472
0.31701,-0.660414
0.317573,-0.659355
0.318137,-0.658297
0.3187,-0.657239
0.319263,-0.65618
0.319827,-0.655122
0.32039,-0.654064
0.320954,-0.653006
0.321517,-0.651947
0.322081,-0.650889
0.322644,-0.649831
0.323208,-0.648772
0.323771,-0.647714
0.324334,-0.646656
0.324898,-0.645598
0.325461,-0.644539
0.326025,-0.643481
0.326588,-0.642423
0.327152,-0.641364
0.327715,-0.640306
0.328279,-0.639248
0.328842,-0.63819
0.329406,-0.637131
0.329969,-0.636073
0.330532,-0.635015
0.331096,-0.633956
0.331659,-0.632898
0.332223,-0.63184
0.332786,-0.630782
0.33335,-0.629723
0.333913,-0.628665
0.334477,-0.627607
0.33504,-0.626548
0.335604,-0.62549
0.336167,-0.624432
0.33673,-0.623374
0.337294,-0.622315
0.337857,-0.621257
0.338421,-0.620199
0.338984,-0.61914
0.339548,-0.618082
0.340111,-0.617024
0.340675,-0.615966
0.341238,-0.614907
0.341802,-0.613849
0.342365,-0.612791
0.342928,-0.611732
0.343492,-0.610674
0.344055,-0.609616
0.344619,-0.608558
0.345182,-0.607499
0.345746,-0.606441
0.346309,-0.605383
0.346873,-0.604324
0.347436,-0.603266
0.347999,-0.602208
0.348563,-0.60115
0.349126,-0.600091
0.34969,-0.599033
0.350253,-0.597975
0.350817,-0.596916
0.35138,-0.595858
0.351944,-0.5948
0.352507,-0.593742
0.353071,-0.592683
0.353634,-0.591625
0.354197,-0.590567
0.354761,-0.589508
0.355324,-0.58845
0.355888,-0.587392
0.356451,-0.586334
0.357015,-0.585275
0.357578,-0.584217
0.358142,-0.583159
0.358705,-0.5821
0.359269,-0.581042
0.359832,-0.579984
0.360395,-0.578926
0.360959,-0.577867
0.361522,-0.576809
0.362086,-0.575751
0.362649,-0.574692
0.363213,-0.573634
0.363776,-0.572576
0.36434,-0.571518
0.364903,-0.570459
0.365467,-0.569401
0.36603,-0.568343
0.366593,-0.567284
0.367157,-0.566226
0.36772,-0.565168
0.368284,-0.56411
0.368847,-0.563051
0.369411,-0.561993
0.369974,-0.560935
0.370538,-0.559876
0.371101,-0.558818
0.371664,-0.55776
0.372228,-0.556702
0.372791,-0.555643
0.373355,-0.554585
0.373918,-0.553527
0.374482,-0.552468
0.375045,-0.55141
0.375609,-0.550352
0.376172,-0.549294
0.376736,-0.548235
0.377299,-0.547177
0.377862,-0.546119
0.378426,-0.54506
0.378989,-0.544002
0.379553,-0.542944
0.380116,-0.541886
0.38068,-0.540827
0.381243,-0.539769
0.381807,-0.538711
0.38237,-0.537652
0.382934,-0.536594
0.383497,-0.535536
0.38406,-0.534478
0.384624,-0.533419
0.385187,-0.532361
0.385751,-0.531303
0.386314,-0.530244
0.386878,-0.529186
0.387441,-0.528128
0.388005,-0.52707
0.388568,-0.526011
0.389132,-0.524953
0.389695,-0.523895
0.390258,-0.522836
0.390822,-0.521778
0.391385,-0.52072
0.391949,-0.519662
0.392512,-0.518603
0.393076,-0.517545
0.393639,-0.516487
0.394203,-0.515428
0.394766,-0.51437
0.394092,-0.51471
0.393418,-0.515049
0.392744,-0.515389
0.39207,-0.515729
0.391396,-0.516068
0.390722,-0.516408
0.390048,-0.516748
0.389373,-0.517087
0.388699,-0.517427
0.388025,-0.517767
0.387351,-0.518106
0.386677,-0.518446
0.386003,-0.518786
0.385329,-0.519125
0.384655,-0.519465
0.383981,-0.519805
0.383307,-0.520144
0.382633,-0.520484
0.381959,-0.520823
0.381285,-0.521163
0.38061,-0.521503
0.379936,-0.521842
0.379262,-0.522182
0.378588,-0.522522
0.377914,-0.522861
0.37724,-0.523201
0.376566,-0.523541
0.375892,-0.52388
0.375218,-0.52422
0.374544,-0.52456
0.37387,-0.524899
0.373196,-0.525239
0.372522,-0.525579
0.371847,-0.525918
0.371173,-0.526258
0.370499,-0.526597
0.369825,-0.526937
0.369151,-0.527277
0.368477,-0.527616
0.367803,-0.527956
0.367129,-0.528296
0.366455,-0.528635
0.365781,-0.528975
0.365107,-0.529315
0.364433,-0.529654
0.363759,-0.529994
0.363084,-0.530334
0.36241,-0.530673
0.361736,-0.531013
0.361062,-0.531353
0.360388,-0.531692
0.359714,-0.532032
0.35904,-0.532371
0.358366,-0.532711
0.357692,-0.533051
0.357018,-0.53339
0.356344,-0.53373
0.35567,-0.53407
0.354996,-0.534409
0.354321,-0.534749
0.353647,-0.535089
0.352973,-0.535428
0.352299,-0.535768
0.351625,-0.536108
0.350951,-0.536447
0.350277,-0.536787
0.349603,-0.537127
0.348929,-0.537466
0.348255,-0.537806
0.347581,-0.538145
0.346907,-0.538485
0.346233,-0.538825
0.345559,-0.539164
0.344884,-0.539504
0.34421,-0.539844
0.343536,-0.540183
0.342862,-0.540523
0.342188,-0.540863
0.341514,-0.541202
0.34084,-0.541542
0.340166,-0.541882
0.339492,-0.542221
0.338818,-0.542561
0.338144,-0.542901
0.33747,-0.54324
0.336796,-0.54358
0.336121,-0.543919
0.335447,-0.544259
0.334773,-0.544599
0.334099,-0.544938
0.333425,-0.545278
0.332751,-0.545618
0.332077,-0.545957
0.331403,-0.546297
0.330729,-0.546637
0.330055,-0.546976
0.329381,-0.547316
0.328707,-0.547656
0.328033,-0.547995
0.327358,-0.548335
0.326684,-0.548675
0.32601,-0.549014
0.325336,-0.549354
0.324662,-0.549693
0.323988,-0.550033
0.323314,-0.550373
0.32264,-0.550712
0.321966,-0.551052
0.321292,-0.551392
0.320618,-0.551731
0.319944,-0.552071
0.31927,-0.552411
0.318595,-0.55275
0.317921,-0.55309
0.317247,-0.55343
0.316573,-0.553769
0.315899,-0.554109
0.315225,-0.554449
0.314551,-0.554788
0.313877,-0.555128
0.313203,-0.555467
0.312529,-0.555807
0.311855,-0.556147
0.311181,-0.556486
0.310507,-0.556826
0.309832,-0.557166
0.309158,-0.557505
0.308484,-0.557845
0.30781,-0.558185
0.307136,-0.558524
0.306462,-0.558864
0.305788,-0.559204
0.305114,-0.559543
0.30444,-0.559883
0.303766,-0.560223
0.303092,-0.560562
0.302418,-0.560902
0.301744,-0.561241
0.301069,-0.561581
0.300395,-0.561921
0.299721,-0.56226
0.299047,-0.5626
0.298373,-0.56294
0.297699,-0.563279
0.297025,-0.563619
0.296351,-0.563959
0.295677,-0.564298
0.295003,-0.564638
0.294329,-0.564978
0.294836,-0.563949
0.295343,-0.562921
0.29585,-0.561892
0.296357,-0.560864
0.296864,-0.559835
0.297371,-0.558807
0.297878,-0.557778
0.298385,-0.55675
0.298892,-0.555722
0.299399,-0.554693
0.299906,-0.553665
0.300413,-0.552636
0.30092,-0.551608
0.301427,-0.550579
0.301934,-0.549551
0.302442,-0.548522
0.302949,-0.547494
0.303456,-0.546465
0.303963,-0.545437
0.30447,-0.544409
0.304977,-0.54338
0.305484,-0.542352
0.305991,-0.541323
0.306498,-0.540295
0.307005,-0.539266
0.307512,-0.538238
0.308019,-0.537209
0.308526,-0.536181
0.309033,-0.535152
0.30954,-0.534124
0.310047,-0.533096
0.310554,-0.532067
0.311061,-0.531039
0.311568,-0.53001
0.312075,-0.528982
0.312583,-0.527953
0.31309,-0.526925
0.313597,-0.525896
0.314104,-0.524868
0.314611,-0.523839
0.315118,-0.522811
0.315625,-0.521783
0.316132,-0.520754
0.316639,-0.519726
0.317146,-0.518697
0.317653,-0.517669
0.31816,-0.51664
0.318667,-0.515612
0.319174,-0.514583
0.319681,-0.513555
0.320188,-0.512526
0.320695,-0.511498
0.321202,-0.51047
0.321709,-0.509441
0.322216,-0.508413
0.322723,-0.507384
0.323231,-0.506356
0.323738,-0.505327
0.324245,-0.504299
0.324752,-0.50327
0.325259,-0.502242
0.325766,-0.501213
0.326273,-0.500185
0.32678,-0.499157
0.327287,-0.498128
0.327794,-0.4971
0.328301,-0.496071
0.328808,-0.495043
0.329315,-0.494014
0.329822,-0.492986
0.330329,-0.491957
0.330836,-0.490929
0.331343,-0.4899
0.33185,-0.488872
0.332357,-0.487844
0.332864,-0.486815
0.333372,-0.485787
0.333879,-0.484758
0.334386,-0.48373
0.334893,-0.482701
0.3354,-0.481673
0.335907,-0.480644
0.336414,-0.479616
0.336921,-0.478587
0.337428,-0.477559
0.337935,-0.476531
0.338442,-0.475502
0.338949,-0.474474
0.339456,-0.473445
0.339963,-0.472417
0.34047,-0.471388
0.340977,-0.47036
0.341484,-0.469331
0.341991,-0.468303
0.342498,-0.467274
0.343005,-0.466246
0.343512,-0.465218
0.34402,-0.464189
0.344527,-0.463161
0.345034,-0.462132
0.345541,-0.461104
0.346048,-0.460075
0.346555,-0.459047
0.347062,-0.458018
0.347569,-0.45699
0.348076,-0.455961
0.348583,-0.454933
0.34909,-0.453905
0.349597,-0.452876
0.350104,-0.451848
0.350611,-0.450819
0.351118,-0.449791
0.351625,-0.448762
0.352132,-0.447734
0.352639,-0.446705
0.353146,-0.445677
0.353653,-0.444648
0.354161,-0.44362
0.354668,-0.442592
0.355175,-0.441563
0.355682,-0.440535
0.356189,-0.439506
0.356696,-0.438478
0.357203,-0.437449
0.35771,-0.436421
0.358217,-0.435392
0.358724,-0.434364
0.359231,-0.433335
0.359738,-0.432307
0.360245,-0.431279
0.360752,-0.43025
0.361259,-0.429222
0.361766,-0.428193
0.362273,-0.427165
0.36278,-0.426136
0.363287,-0.425108
0.363794,-0.424079
0.364301,-0.423051
0.364809,-0.422023
0.365316,-0.420994
0.365823,-0.419966
0.36633,-0.418937
0.366837,-0.417909
0.367344,-0.41688
0.367851,-0.415852
0.368358,-0.414823
0.368865,-0.413795
0.369372,-0.412766
0.369879,-0.411738
0.370386,-0.41071
0.371039,-0.409938
0.371692,-0.409167
0.372345,-0.408396
0.372998,-0.407625
0.373651,-0.406854
0.374304,-0.406083
0.374957,-0.405311
0.37561,-0.40454
0.376263,-0.403769
0.376916,-0.402998
0.377569,-0.402227
0.378223,-0.401455
0.378876,-0.400684
0.379529,-0.399913
0.380182,-0.399142
0.380835,-0.398371
0.381488,-0.3976
0.382141,-0.396828
0.382794,-0.396057
0.383447,-0.395286
0.3841,-0.394515
0.384753,-0.393744
0.385406,-0.392973
0.386059,-0.392201
0.386712,-0.39143
0.387365,-0.390659
0.388018,-0.389888
0.388671,-0.389117
0.389324,-0.388346
0.389977,-0.387574
0.39063,-0.386803
0.391283,-0.386032
0.391936,-0.385261
0.392589,-0.38449
0.393242,-0.383719
0.393895,-0.382947
0.394548,-0.382176
0.395201,-0.381405
0.395854,-0.380634
0.396508,-0.379863
0.397161,-0.379092
0.397814,-0.37832
0.398467,-0.377549
0.39912,-0.376778
0.399773,-0.376007
0.400426,-0.375236
0.401079,-0.374465
0.401732,-0.373693
0.402385,-0.372922
0.403038,-0.372151
0.403691,-0.37138
0.404344,-0.370609
0.404997,-0.369838
0.40565,-0.369066
0.406303,-0.368295
0.406956,-0.367524
0.407609,-0.366753
0.408262,-0.365982
0.408915,-0.365211
0.409568,-0.364439
0.410221,-0.363668
0.410874,-0.362897
0.411527,-0.362126
0.41218,-0.361355
0.412833,-0.360584
0.413486,-0.359812
0.41414,-0.359041
0.414793,-0.35827
0.415446,-0.357499
0.416099,-0.356728
0.416752,-0.355957
0.417405,-0.355185
0.418058,-0.354414
0.418711,-0.353643
0.419364,-0.352872
0.420017,-0.352101
0.42067,-0.35133
0.421323,-0.350558
0.421976,-0.349787
0.422629,-0.349016
0.423282,-0.348245
0.423935,-0.347474
0.424588,-0.346703
0.425241,-0.345931
0.425894,-0.34516
0.426547,-0.344389
0.4272,-0.343618
0.427853,-0.342847
0.428506,-0.342076
0.429159,-0.341304
0.429812,-0.340533
0.430465,-0.339762
0.431118,-0.338991
0.431771,-0.33822
0.432425,-0.337449
0.433078,-0.336677
0.433731,-0.335906
0.434384,-0.335135
0.435037,-0.334364
0.43569,-0.333593
0.436343,-0.332822
0.436996,-0.33205
0.437649,-0.331279
0.438302,-0.330508
0.438955,-0.329737
0.439608,-0.328966
0.440261,-0.328195
0.440914,-0.327423
0.441567,-0.326652
0.44222,-0.325881
0.442873,-0.32511
0.443526,-0.324339
0.444179,-0.323568
0.444832,-0.322796
0.445485,-0.322025
0.446138,-0.321254
0.446791,-0.320483
0.447444,-0.319712
0.448097,-0.318941
0.44875,-0.318169
0.449403,-0.317398
0.450057,-0.316627
0.45071,-0.315856
0.451363,-0.315085
0.452016,-0.314314
0.452669,-0.313542
0.453322,-0.312771
0.453975,-0.312
0.454628,-0.311229
0.455281,-0.310458
0.455934,-0.309687
0.456587,-0.308915
0.45724,-0.308144
0.457893,-0.307373
0.458546,-0.306602
0.459199,-0.305831
0.459852,-0.30506
0.460505,-0.304288
0.461158,-0.303517
0.461811,-0.302746
0.462464,-0.301975
0.463117,-0.301204
0.46377,-0.300433
0.464423,-0.299661
0.465076,-0.29889
0.465729,-0.298119
0.466382,-0.297348
0.467035,-0.296577
0.467688,-0.295806
