O
10
1,0,-1,0.78,-0.5,0.75,0.0,0.0,0.0,0.3,0.4,0.02,0,0.8,False
2,0,-1,1.1,-0.5,0.93,0.0,0.0,0.0,0.02,0.4,0.2,0,0.8,False
3,0,-1,0.78,-0.5,1.11,0.0,0.0,0.0,0.3,0.4,0.02,0,0.8,False
4,0,-1,0.8,-0.92,0.93,0.0,0.0,0.0,0.32,0.02,0.2,0,0.8,False
5,0,-1,0.8,-0.08,0.93,0.0,0.0,0.0,0.32,0.02,0.2,0,0.8,False
6,2,0,0.8639665584218873,-0.2517288900897976,0.8450000000000001,0.0,0.0,3.418323609420986,0.03,0.03,0.15,0.34870728592437283,0.8929250968676344,False
7,2,0,0.8641205032934032,-0.3918620285111344,0.8450000000000001,0.0,0.0,3.9131347721724263,0.03,0.03,0.15,0.41883090918893295,1.1678328911205347,False
8,2,0,0.9201425938891485,-0.5844389488345929,0.8450000000000001,0.0,0.0,4.783273994133339,0.06893935818239286,0.06893935818239286,0.15,0.1137089688038383,0.9972620479319038,False
9,0,0,0.7203389107666599,-0.4763823557700632,0.86,0.0,0.0,4.9282127662217645,0.037451619522559196,0.04892455296413312,0.09,0.12480005932959443,1.0919699001358354,False
10,2,0,0.9886983208091136,-0.18950299345650545,0.8450000000000001,0.0,0.0,3.177060966128928,0.03,0.03,0.15,0.25116649092751026,0.9822746564973531,False
R
0.0,0.0,0.0,0.0,0.0,0.0,1.0
S
8
torso_lift_joint,0
r_shoulder_pan_joint,-1.69017
r_shoulder_lift_joint,-0.0788625
r_upper_arm_roll_joint,-1.69017
r_elbow_flex_joint,-1.2717
r_forearm_roll_joint,-0.151824
r_wrist_flex_joint,-1.25254
r_wrist_roll_joint,0.675062
G
0.628593,-0.496497,0.86,0.215824,-0,0
ooi
9
A
599
0.310248,-0.673113
0.310936,-0.672574
0.311623,-0.672035
0.312311,-0.671496
0.312999,-0.670957
0.313686,-0.670418
0.314374,-0.66988
0.315061,-0.669341
0.315749,-0.668802
0.316437,-0.668263
0.317124,-0.667724
0.317812,-0.667185
0.3185,-0.666646
0.319187,-0.666107
0.319875,-0.665568
0.320562,-0.665029
0.32125,-0.66449
0.321938,-0.663951
0.322625,-0.663413
0.323313,-0.662874
0.324001,-0.662335
0.324688,-0.661796
0.325376,-0.661257
0.326063,-0.660718
0.326751,-0.660179
0.327439,-0.65964
0.328126,-0.659101
0.328814,-0.658562
0.329501,-0.658023
0.330189,-0.657484
0.330877,-0.656946
0.331564,-0.656407
0.332252,-0.655868
0.33294,-0.655329
0.333627,-0.65479
0.334315,-0.654251
0.335002,-0.653712
0.33569,-0.653173
0.336378,-0.652634
0.337065,-0.652095
0.337753,-0.651556
0.33844,-0.651017
0.339128,-0.650478
0.339816,-0.64994
0.340503,-0.649401
0.341191,-0.648862
0.341879,-0.648323
0.342566,-0.647784
0.343254,-0.647245
0.343941,-0.646706
0.344629,-0.646167
0.345317,-0.645628
0.346004,-0.645089
0.346692,-0.64455
0.347379,-0.644011
0.348067,-0.643473
0.348755,-0.642934
0.349442,-0.642395
0.35013,-0.641856
0.350818,-0.641317
0.351505,-0.640778
0.352193,-0.640239
0.35288,-0.6397
0.353568,-0.639161
0.354256,-0.638622
0.354943,-0.638083
0.355631,-0.637544
0.356318,-0.637006
0.357006,-0.636467
0.357694,-0.635928
0.358381,-0.635389
0.359069,-0.63485
0.359757,-0.634311
0.360444,-0.633772
0.361132,-0.633233
0.361819,-0.632694
0.362507,-0.632155
0.363195,-0.631616
0.363882,-0.631077
0.36457,-0.630539
0.365257,-0.63
0.365945,-0.629461
0.366633,-0.628922
0.36732,-0.628383
0.368008,-0.627844
0.368696,-0.627305
0.369383,-0.626766
0.370071,-0.626227
0.370758,-0.625688
0.371446,-0.625149
0.372134,-0.62461
0.372821,-0.624071
0.373509,-0.623533
0.374196,-0.622994
0.374884,-0.622455
0.375572,-0.621916
0.376259,-0.621377
0.376947,-0.620838
0.377635,-0.620299
0.378322,-0.61976
0.37901,-0.619221
0.379697,-0.618682
0.380385,-0.618143
0.381073,-0.617604
0.38176,-0.617066
0.382448,-0.616527
0.383135,-0.615988
0.383823,-0.615449
0.384511,-0.61491
0.385198,-0.614371
0.385886,-0.613832
0.386574,-0.613293
0.387261,-0.612754
0.387949,-0.612215
0.388636,-0.611676
0.389324,-0.611137
0.390012,-0.610599
0.390699,-0.61006
0.391387,-0.609521
0.392075,-0.608982
0.392762,-0.608443
0.39345,-0.607904
0.394137,-0.607365
0.394825,-0.606826
0.395513,-0.606287
0.3962,-0.605748
0.396888,-0.605209
0.397575,-0.60467
0.398263,-0.604132
0.398951,-0.603593
0.399638,-0.603054
0.400326,-0.602515
0.401014,-0.601976
0.401701,-0.601437
0.402389,-0.600898
0.403076,-0.600359
0.403764,-0.59982
0.404452,-0.599281
0.405139,-0.598742
0.405827,-0.598203
0.406514,-0.597664
0.407202,-0.597126
0.40789,-0.596587
0.408577,-0.596048
0.409265,-0.595509
0.409953,-0.59497
0.41064,-0.594431
0.411328,-0.593892
0.412015,-0.593353
0.412703,-0.592814
0.413391,-0.592275
0.413539,-0.592616
0.413688,-0.592956
0.413836,-0.593297
0.413985,-0.593638
0.414133,-0.593978
0.414282,-0.594319
0.41443,-0.594659
0.414579,-0.595
0.414727,-0.595341
0.414876,-0.595681
0.415024,-0.596022
0.415173,-0.596362
0.415321,-0.596703
0.41547,-0.597044
0.415618,-0.597384
0.415767,-0.597725
0.415915,-0.598065
0.416064,-0.598406
0.416212,-0.598747
0.416361,-0.599087
0.416509,-0.599428
0.416658,-0.599768
0.416806,-0.600109
0.416955,-0.60045
0.417103,-0.60079
0.417252,-0.601131
0.4174,-0.601471
0.417549,-0.601812
0.417697,-0.602152
0.417846,-0.602493
0.417994,-0.602834
0.418143,-0.603174
0.418291,-0.603515
0.41844,-0.603855
0.418589,-0.604196
0.418737,-0.604537
0.418886,-0.604877
0.419034,-0.605218
0.419183,-0.605558
0.419331,-0.605899
0.41948,-0.60624
0.419628,-0.60658
0.419777,-0.606921
0.419925,-0.607261
0.420074,-0.607602
0.420222,-0.607943
0.420371,-0.608283
0.420519,-0.608624
0.420668,-0.608964
0.420816,-0.609305
0.420965,-0.609645
0.421113,-0.609986
0.421262,-0.610327
0.42141,-0.610667
0.421559,-0.611008
0.421707,-0.611348
0.421856,-0.611689
0.422004,-0.61203
0.422153,-0.61237
0.422301,-0.612711
0.42245,-0.613051
0.422598,-0.613392
0.422747,-0.613733
0.422895,-0.614073
0.423044,-0.614414
0.423192,-0.614754
0.423341,-0.615095
0.423489,-0.615436
0.423638,-0.615776
0.423786,-0.616117
0.423935,-0.616457
0.424083,-0.616798
0.424232,-0.617139
0.42438,-0.617479
0.424529,-0.61782
0.424677,-0.61816
0.424826,-0.618501
0.424975,-0.618841
0.425123,-0.619182
0.425272,-0.619523
0.42542,-0.619863
0.425569,-0.620204
0.425717,-0.620544
0.425866,-0.620885
0.426014,-0.621226
0.426163,-0.621566
0.426311,-0.621907
0.42646,-0.622247
0.426608,-0.622588
0.426757,-0.622929
0.426905,-0.623269
0.427054,-0.62361
0.427202,-0.62395
0.427351,-0.624291
0.427499,-0.624632
0.427648,-0.624972
0.427796,-0.625313
0.427945,-0.625653
0.428093,-0.625994
0.428242,-0.626335
0.42839,-0.626675
0.428539,-0.627016
0.428687,-0.627356
0.428836,-0.627697
0.428984,-0.628037
0.429133,-0.628378
0.429281,-0.628719
0.42943,-0.629059
0.429578,-0.6294
0.429727,-0.62974
0.429875,-0.630081
0.430024,-0.630422
0.430172,-0.630762
0.430321,-0.631103
0.430469,-0.631443
0.430618,-0.631784
0.430766,-0.632125
0.430915,-0.632465
0.431064,-0.632806
0.431212,-0.633146
0.431361,-0.633487
0.431509,-0.633828
0.431658,-0.634168
0.431806,-0.634509
0.431955,-0.634849
0.432103,-0.63519
0.432252,-0.63553
0.4324,-0.635871
0.432549,-0.636212
0.432697,-0.636552
0.432846,-0.636893
0.432994,-0.637233
0.433143,-0.637574
0.433291,-0.637915
0.43344,-0.638255
0.433588,-0.638596
0.433737,-0.638936
0.433885,-0.639277
0.434034,-0.639618
0.434182,-0.639958
0.434331,-0.640299
0.434479,-0.640639
0.434628,-0.64098
0.434776,-0.641321
0.434925,-0.641661
0.435073,-0.642002
0.435222,-0.642342
0.43537,-0.642683
0.435519,-0.643024
0.436954,-0.642277
0.438388,-0.64153
0.439823,-0.640783
0.441257,-0.640037
0.442692,-0.63929
0.444127,-0.638543
0.445561,-0.637797
0.446996,-0.63705
0.448431,-0.636303
0.449865,-0.635557
0.4513,-0.63481
0.452735,-0.634063
0.454169,-0.633317
0.455604,-0.63257
0.457039,-0.631823
0.458473,-0.631077
0.459908,-0.63033
0.461342,-0.629583
0.462777,-0.628837
0.464212,-0.62809
0.465646,-0.627343
0.467081,-0.626597
0.468516,-0.62585
0.46995,-0.625103
0.471385,-0.624357
0.47282,-0.62361
0.474254,-0.622863
0.475689,-0.622117
0.477124,-0.62137
0.478558,-0.620623
0.479993,-0.619877
0.481428,-0.61913
0.482862,-0.618383
0.484297,-0.617636
0.485731,-0.61689
0.487166,-0.616143
0.488601,-0.615396
0.490035,-0.61465
0.49147,-0.613903
0.492905,-0.613156
0.494339,-0.61241
0.495774,-0.611663
0.497209,-0.610916
0.498643,-0.61017
0.500078,-0.609423
0.501513,-0.608676
0.502947,-0.60793
0.504382,-0.607183
0.505817,-0.606436
0.507251,-0.60569
0.508686,-0.604943
0.51012,-0.604196
0.511555,-0.60345
0.51299,-0.602703
0.514424,-0.601956
0.515859,-0.60121
0.517294,-0.600463
0.518728,-0.599716
0.520163,-0.59897
0.521598,-0.598223
0.523032,-0.597476
0.524467,-0.59673
0.525902,-0.595983
0.527336,-0.595236
0.528771,-0.594489
0.530206,-0.593743
0.53164,-0.592996
0.533075,-0.592249
0.534509,-0.591503
0.535944,-0.590756
0.537379,-0.590009
0.538813,-0.589263
0.540248,-0.588516
0.541683,-0.587769
0.543117,-0.587023
0.544552,-0.586276
0.545987,-0.585529
0.547421,-0.584783
0.548856,-0.584036
0.550291,-0.583289
0.551725,-0.582543
0.55316,-0.581796
0.554594,-0.581049
0.556029,-0.580303
0.557464,-0.579556
0.558898,-0.578809
0.560333,-0.578063
0.561768,-0.577316
0.563202,-0.576569
0.564637,-0.575823
0.566072,-0.575076
0.567506,-0.574329
0.568941,-0.573583
0.570376,-0.572836
0.57181,-0.572089
0.573245,-0.571342
0.57468,-0.570596
0.576114,-0.569849
0.577549,-0.569102
0.578983,-0.568356
0.580418,-0.567609
0.581853,-0.566862
0.583287,-0.566116
0.584722,-0.565369
0.586157,-0.564622
0.587591,-0.563876
0.589026,-0.563129
0.590461,-0.562382
0.591895,-0.561636
0.59333,-0.560889
0.594765,-0.560142
0.596199,-0.559396
0.597634,-0.558649
0.599069,-0.557902
0.600503,-0.557156
0.601938,-0.556409
0.603372,-0.555662
0.604807,-0.554916
0.606242,-0.554169
0.607676,-0.553422
0.609111,-0.552676
0.610546,-0.551929
0.61198,-0.551182
0.613415,-0.550436
0.61485,-0.549689
0.616284,-0.548942
0.617719,-0.548195
0.619154,-0.547449
0.620588,-0.546702
0.622023,-0.545955
0.623458,-0.545209
0.624892,-0.544462
0.626327,-0.543715
0.627761,-0.542969
0.629196,-0.542222
0.630631,-0.541475
0.632065,-0.540729
0.6335,-0.539982
0.634935,-0.539235
0.636369,-0.538489
0.637804,-0.537742
0.639239,-0.536995
0.640673,-0.536249
0.642108,-0.535502
0.643543,-0.534755
0.644977,-0.534009
0.646412,-0.533262
0.647847,-0.532515
0.649281,-0.531769
0.650716,-0.531022
0.650567,-0.53079
0.650419,-0.530558
0.65027,-0.530327
0.650122,-0.530095
0.649973,-0.529863
0.649825,-0.529632
0.649676,-0.5294
0.649528,-0.529168
0.64938,-0.528936
0.649231,-0.528705
0.649083,-0.528473
0.648934,-0.528241
0.648786,-0.52801
0.648637,-0.527778
0.648489,-0.527546
0.64834,-0.527314
0.648192,-0.527083
0.648043,-0.526851
0.647895,-0.526619
0.647746,-0.526388
0.647598,-0.526156
0.647449,-0.525924
0.647301,-0.525692
0.647152,-0.525461
0.647004,-0.525229
0.646856,-0.524997
0.646707,-0.524766
0.646559,-0.524534
0.64641,-0.524302
0.646262,-0.52407
0.646113,-0.523839
0.645965,-0.523607
0.645816,-0.523375
0.645668,-0.523144
0.645519,-0.522912
0.645371,-0.52268
0.645222,-0.522448
0.645074,-0.522217
0.644925,-0.521985
0.644777,-0.521753
0.644628,-0.521522
0.64448,-0.52129
0.644331,-0.521058
0.644183,-0.520826
0.644035,-0.520595
0.643886,-0.520363
0.643738,-0.520131
0.643589,-0.5199
0.643441,-0.519668
0.643292,-0.519436
0.643144,-0.519204
0.642995,-0.518973
0.642847,-0.518741
0.642698,-0.518509
0.64255,-0.518278
0.642401,-0.518046
0.642253,-0.517814
0.642104,-0.517582
0.641956,-0.517351
0.641807,-0.517119
0.641659,-0.516887
0.64151,-0.516656
0.641362,-0.516424
0.641214,-0.516192
0.641065,-0.51596
0.640917,-0.515729
0.640768,-0.515497
0.64062,-0.515265
0.640471,-0.515034
0.640323,-0.514802
0.640174,-0.51457
0.640026,-0.514338
0.639877,-0.514107
0.639729,-0.513875
0.63958,-0.513643
0.639432,-0.513412
0.639283,-0.51318
0.639135,-0.512948
0.638986,-0.512716
0.638838,-0.512485
0.63869,-0.512253
0.638541,-0.512021
0.638393,-0.51179
0.638244,-0.511558
0.638096,-0.511326
0.637947,-0.511094
0.637799,-0.510863
0.63765,-0.510631
0.637502,-0.510399
0.637353,-0.510168
0.637205,-0.509936
0.637056,-0.509704
0.636908,-0.509472
0.636759,-0.509241
0.636611,-0.509009
0.636462,-0.508777
0.636314,-0.508546
0.636165,-0.508314
0.636017,-0.508082
0.635869,-0.50785
0.63572,-0.507619
0.635572,-0.507387
0.635423,-0.507155
0.635275,-0.506924
0.635126,-0.506692
0.634978,-0.50646
0.634829,-0.506229
0.634681,-0.505997
0.634532,-0.505765
0.634384,-0.505533
0.634235,-0.505302
0.634087,-0.50507
0.633938,-0.504838
0.63379,-0.504607
0.633641,-0.504375
0.633493,-0.504143
0.633345,-0.503911
0.633196,-0.50368
0.633048,-0.503448
0.632899,-0.503216
0.632751,-0.502985
0.632602,-0.502753
0.632454,-0.502521
0.632305,-0.502289
0.632157,-0.502058
0.632008,-0.501826
0.63186,-0.501594
0.631711,-0.501363
0.631563,-0.501131
0.631414,-0.500899
0.631266,-0.500667
0.631117,-0.500436
0.630969,-0.500204
0.63082,-0.499972
0.630672,-0.499741
0.630524,-0.499509
0.630375,-0.499277
0.630227,-0.499045
0.630078,-0.498814
0.62993,-0.498582
0.629781,-0.49835
0.629633,-0.498119
0.629484,-0.497887
0.629336,-0.497655
0.629187,-0.497423
0.629039,-0.497192
0.62889,-0.49696
0.628742,-0.496728
0.628593,-0.496497
