O
10
1,0,-1,0.78,-0.5,0.75,0.0,0.0,0.0,0.3,0.4,0.02,0,0.8,False
2,0,-1,1.1,-0.5,0.93,0.0,0.0,0.0,0.02,0.4,0.2,0,0.8,False
3,0,-1,0.78,-0.5,1.11,0.0,0.0,0.0,0.3,0.4,0.02,0,0.8,False
4,0,-1,0.8,-0.92,0.93,0.0,0.0,0.0,0.32,0.02,0.2,0,0.8,False
5,0,-1,0.8,-0.08,0.93,0.0,0.0,0.0,0.32,0.02,0.2,0,0.8,False
6,2,0,0.6270199830055073,-0.7148919402205086,0.8450000000000001,0.0,0.0,3.490427935391601,0.06783611907454219,0.06783611907454219,0.15,0.03564497485558471,1.1909624559209666,False
7,2,0,0.5255105276828753,-0.32513906386381586,0.8450000000000001,0.0,0.0,0.9716708371902262,0.03742467560785138,0.03742467560785138,0.15,0.19626892269729046,1.150906159453055,False
8,0,0,0.6969516133048327,-0.27734197965035945,0.9205223412812189,0.0,0.0,2.5550404306809513,0.054140203489958044,0.06421194569479982,0.1505223412812189,0.34935108936473275,0.8864036680580011,False
9,0,0,0.8381063557154245,-0.6836891323686258,0.86,0.0,0.0,0.15079001816502421,0.05260570051728328,0.03707569747706559,0.09,0.26803047134304675,0.974353820997236,False
10,2,0,0.8995626559563863,-0.45411714023699923,0.8457032203484798,0.0,0.0,1.6555429470621246,0.04260563761789711,0.04260563761789711,0.15140644069695947,0.40411748365101663,1.0747707811717455,False
R
0.0,0.0,0.0,0.0,0.0,0.0,1.0
S
8
torso_lift_joint,0
r_shoulder_pan_joint,-1.69017
r_shoulder_lift_joint,-0.0788625
r_upper_arm_roll_joint,-1.69017
r_elbow_flex_joint,-1.2717
r_forearm_roll_joint,-0.151824
r_wrist_flex_joint,-1.25254
r_wrist_roll_joint,0.675062
G
0.460324,-0.375583,0.845,0.658589,-0,0
ooi
7
A
599
0.310248,-0.673113
0.310101,-0.67238
0.309954,-0.671647
0.309807,-0.670915
0.30966,-0.670182
0.309513,-0.669449
0.309366,-0.668716
0.309219,-0.667983
0.309072,-0.66725
0.308925,-0.666517
0.308778,-0.665785
0.308631,-0.665052
0.308484,-0.664319
0.308337,-0.663586
0.30819,-0.662853
0.308042,-0.66212
0.307895,-0.661387
0.307748,-0.660655
0.307601,-0.659922
0.307454,-0.659189
0.307307,-0.658456
0.30716,-0.657723
0.307013,-0.65699
0.306866,-0.656257
0.306719,-0.655525
0.306572,-0.654792
0.306425,-0.654059
0.306278,-0.653326
0.306131,-0.652593
0.305984,-0.65186
0.305837,-0.651127
0.30569,-0.650395
0.305543,-0.649662
0.305396,-0.648929
0.305249,-0.648196
0.305101,-0.647463
0.304954,-0.64673
0.304807,-0.645997
0.30466,-0.645265
0.304513,-0.644532
0.304366,-0.643799
0.304219,-0.643066
0.304072,-0.642333
0.303925,-0.6416
0.303778,-0.640867
0.303631,-0.640135
0.303484,-0.639402
0.303337,-0.638669
0.30319,-0.637936
0.303043,-0.637203
0.302896,-0.63647
0.302749,-0.635737
0.302602,-0.635005
0.302455,-0.634272
0.302308,-0.633539
0.302161,-0.632806
0.302013,-0.632073
0.301866,-0.63134
0.301719,-0.630607
0.301572,-0.629875
0.301425,-0.629142
0.301278,-0.628409
0.301131,-0.627676
0.300984,-0.626943
0.300837,-0.62621
0.30069,-0.625477
0.300543,-0.624745
0.300396,-0.624012
0.300249,-0.623279
0.300102,-0.622546
0.299955,-0.621813
0.299808,-0.62108
0.299661,-0.620347
0.299514,-0.619615
0.299367,-0.618882
0.29922,-0.618149
0.299073,-0.617416
0.298925,-0.616683
0.298778,-0.61595
0.298631,-0.615218
0.298484,-0.614485
0.298337,-0.613752
0.29819,-0.613019
0.298043,-0.612286
0.297896,-0.611553
0.297749,-0.61082
0.297602,-0.610088
0.297455,-0.609355
0.297308,-0.608622
0.297161,-0.607889
0.297014,-0.607156
0.296867,-0.606423
0.29672,-0.60569
0.296573,-0.604958
0.296426,-0.604225
0.296279,-0.603492
0.296132,-0.602759
0.295985,-0.602026
0.295837,-0.601293
0.29569,-0.60056
0.295543,-0.599828
0.295396,-0.599095
0.295249,-0.598362
0.295102,-0.597629
0.294955,-0.596896
0.294808,-0.596163
0.294661,-0.59543
0.294514,-0.594698
0.294367,-0.593965
0.29422,-0.593232
0.294073,-0.592499
0.293926,-0.591766
0.293779,-0.591033
0.293632,-0.5903
0.293485,-0.589568
0.293338,-0.588835
0.293191,-0.588102
0.293044,-0.587369
0.292896,-0.586636
0.292749,-0.585903
0.292602,-0.58517
0.292455,-0.584438
0.292308,-0.583705
0.292161,-0.582972
0.292014,-0.582239
0.291867,-0.581506
0.29172,-0.580773
0.291573,-0.58004
0.291426,-0.579308
0.291279,-0.578575
0.291132,-0.577842
0.290985,-0.577109
0.290838,-0.576376
0.290691,-0.575643
0.290544,-0.57491
0.290397,-0.574178
0.29025,-0.573445
0.290103,-0.572712
0.289956,-0.571979
0.289808,-0.571246
0.289661,-0.570513
0.289514,-0.56978
0.289367,-0.569048
0.28922,-0.568315
0.289073,-0.567582
0.288926,-0.566849
0.288779,-0.566116
0.288632,-0.565383
0.288485,-0.56465
0.288338,-0.563918
0.288191,-0.563185
0.288472,-0.562384
0.288752,-0.561584
0.289033,-0.560784
0.289314,-0.559984
0.289594,-0.559183
0.289875,-0.558383
0.290156,-0.557583
0.290436,-0.556782
0.290717,-0.555982
0.290998,-0.555182
0.291279,-0.554381
0.291559,-0.553581
0.29184,-0.552781
0.292121,-0.551981
0.292401,-0.55118
0.292682,-0.55038
0.292963,-0.54958
0.293243,-0.548779
0.293524,-0.547979
0.293805,-0.547179
0.294085,-0.546378
0.294366,-0.545578
0.294647,-0.544778
0.294928,-0.543978
0.295208,-0.543177
0.295489,-0.542377
0.29577,-0.541577
0.29605,-0.540776
0.296331,-0.539976
0.296612,-0.539176
0.296892,-0.538375
0.297173,-0.537575
0.297454,-0.536775
0.297735,-0.535975
0.298015,-0.535174
0.298296,-0.534374
0.298577,-0.533574
0.298857,-0.532773
0.299138,-0.531973
0.299419,-0.531173
0.299699,-0.530372
0.29998,-0.529572
0.300261,-0.528772
0.300541,-0.527972
0.300822,-0.527171
0.301103,-0.526371
0.301384,-0.525571
0.301664,-0.52477
0.301945,-0.52397
0.302226,-0.52317
0.302506,-0.522369
0.302787,-0.521569
0.303068,-0.520769
0.303348,-0.519969
0.303629,-0.519168
0.30391,-0.518368
0.30419,-0.517568
0.304471,-0.516767
0.304752,-0.515967
0.305033,-0.515167
0.305313,-0.514366
0.305594,-0.513566
0.305875,-0.512766
0.306155,-0.511966
0.306436,-0.511165
0.306717,-0.510365
0.306997,-0.509565
0.307278,-0.508764
0.307559,-0.507964
0.307839,-0.507164
0.30812,-0.506363
0.308401,-0.505563
0.308682,-0.504763
0.308962,-0.503963
0.309243,-0.503162
0.309524,-0.502362
0.309804,-0.501562
0.310085,-0.500761
0.310366,-0.499961
0.310646,-0.499161
0.310927,-0.49836
0.311208,-0.49756
0.311488,-0.49676
0.311769,-0.49596
0.31205,-0.495159
0.312331,-0.494359
0.312611,-0.493559
0.312892,-0.492758
0.313173,-0.491958
0.313453,-0.491158
0.313734,-0.490357
0.314015,-0.489557
0.314295,-0.488757
0.314576,-0.487957
0.314857,-0.487156
0.315137,-0.486356
0.315418,-0.485556
0.315699,-0.484755
0.31598,-0.483955
0.31626,-0.483155
0.316541,-0.482354
0.316822,-0.481554
0.317102,-0.480754
0.317383,-0.479954
0.317664,-0.479153
0.317944,-0.478353
0.318225,-0.477553
0.318506,-0.476752
0.318786,-0.475952
0.319067,-0.475152
0.319348,-0.474351
0.319629,-0.473551
0.319909,-0.472751
0.32019,-0.471951
0.320471,-0.47115
0.320751,-0.47035
0.321032,-0.46955
0.321313,-0.468749
0.321593,-0.467949
0.321874,-0.467149
0.322155,-0.466348
0.322435,-0.465548
0.322716,-0.464748
0.322997,-0.463948
0.323278,-0.463147
0.323558,-0.462347
0.323839,-0.461547
0.32412,-0.460746
0.3244,-0.459946
0.324681,-0.459146
0.324962,-0.458345
0.325242,-0.457545
0.325523,-0.456745
0.325804,-0.455945
0.326084,-0.455144
0.326365,-0.454344
0.326646,-0.453544
0.326927,-0.452743
0.327207,-0.451943
0.327488,-0.451143
0.327769,-0.450342
0.328049,-0.449542
0.32833,-0.448742
0.328611,-0.447942
0.328891,-0.447141
0.329172,-0.446341
0.329453,-0.445541
0.329733,-0.44474
0.330014,-0.44394
0.330793,-0.443976
0.331571,-0.444012
0.33235,-0.444049
0.333128,-0.444085
0.333907,-0.444121
0.334685,-0.444157
0.335464,-0.444194
0.336242,-0.44423
0.337021,-0.444266
0.3378,-0.444302
0.338578,-0.444338
0.339357,-0.444375
0.340135,-0.444411
0.340914,-0.444447
0.341692,-0.444483
0.342471,-0.444519
0.343249,-0.444556
0.344028,-0.444592
0.344806,-0.444628
0.345585,-0.444664
0.346363,-0.4447
0.347142,-0.444737
0.34792,-0.444773
0.348699,-0.444809
0.349478,-0.444845
0.350256,-0.444882
0.351035,-0.444918
0.351813,-0.444954
0.352592,-0.44499
0.35337,-0.445026
0.354149,-0.445063
0.354927,-0.445099
0.355706,-0.445135
0.356484,-0.445171
0.357263,-0.445207
0.358041,-0.445244
0.35882,-0.44528
0.359598,-0.445316
0.360377,-0.445352
0.361155,-0.445389
0.361934,-0.445425
0.362713,-0.445461
0.363491,-0.445497
0.36427,-0.445533
0.365048,-0.44557
0.365827,-0.445606
0.366605,-0.445642
0.367384,-0.445678
0.368162,-0.445714
0.368941,-0.445751
0.369719,-0.445787
0.370498,-0.445823
0.371276,-0.445859
0.372055,-0.445896
0.372833,-0.445932
0.373612,-0.445968
0.374391,-0.446004
0.375169,-0.44604
0.375948,-0.446077
0.376726,-0.446113
0.377505,-0.446149
0.378283,-0.446185
0.379062,-0.446221
0.37984,-0.446258
0.380619,-0.446294
0.381397,-0.44633
0.382176,-0.446366
0.382954,-0.446403
0.383733,-0.446439
0.384511,-0.446475
0.38529,-0.446511
0.386069,-0.446547
0.386847,-0.446584
0.387626,-0.44662
0.388404,-0.446656
0.389183,-0.446692
0.389961,-0.446728
0.39074,-0.446765
0.391518,-0.446801
0.392297,-0.446837
0.393075,-0.446873
0.393854,-0.44691
0.394632,-0.446946
0.395411,-0.446982
0.396189,-0.447018
0.396968,-0.447054
0.397747,-0.447091
0.398525,-0.447127
0.399304,-0.447163
0.400082,-0.447199
0.400861,-0.447235
0.401639,-0.447272
0.402418,-0.447308
0.403196,-0.447344
0.403975,-0.44738
0.404753,-0.447417
0.405532,-0.447453
0.40631,-0.447489
0.407089,-0.447525
0.407867,-0.447561
0.408646,-0.447598
0.409425,-0.447634
0.410203,-0.44767
0.410982,-0.447706
0.41176,-0.447742
0.412539,-0.447779
0.413317,-0.447815
0.414096,-0.447851
0.414874,-0.447887
0.415653,-0.447924
0.416431,-0.44796
0.41721,-0.447996
0.417988,-0.448032
0.418767,-0.448068
0.419545,-0.448105
0.420324,-0.448141
0.421103,-0.448177
0.421881,-0.448213
0.42266,-0.448249
0.423438,-0.448286
0.424217,-0.448322
0.424995,-0.448358
0.425774,-0.448394
0.426552,-0.448431
0.427331,-0.448467
0.428109,-0.448503
0.428888,-0.448539
0.429666,-0.448575
0.430445,-0.448612
0.431223,-0.448648
0.432002,-0.448684
0.43278,-0.44872
0.433559,-0.448756
0.434338,-0.448793
0.435116,-0.448829
0.435895,-0.448865
0.436673,-0.448901
0.437452,-0.448938
0.43823,-0.448974
0.439009,-0.44901
0.439787,-0.449046
0.440566,-0.449082
0.441344,-0.449119
0.442123,-0.449155
0.442901,-0.449191
0.44368,-0.449227
0.444458,-0.449263
0.445237,-0.4493
0.446016,-0.449336
0.446794,-0.449372
0.446885,-0.448877
0.446976,-0.448382
0.447067,-0.447886
0.447157,-0.447391
0.447248,-0.446896
0.447339,-0.446401
0.44743,-0.445906
0.447521,-0.44541
0.447611,-0.444915
0.447702,-0.44442
0.447793,-0.443925
0.447884,-0.443429
0.447975,-0.442934
0.448065,-0.442439
0.448156,-0.441944
0.448247,-0.441448
0.448338,-0.440953
0.448429,-0.440458
0.448519,-0.439963
0.44861,-0.439468
0.448701,-0.438972
0.448792,-0.438477
0.448883,-0.437982
0.448973,-0.437487
0.449064,-0.436991
0.449155,-0.436496
0.449246,-0.436001
0.449337,-0.435506
0.449428,-0.435011
0.449518,-0.434515
0.449609,-0.43402
0.4497,-0.433525
0.449791,-0.43303
0.449882,-0.432534
0.449972,-0.432039
0.450063,-0.431544
0.450154,-0.431049
0.450245,-0.430553
0.450336,-0.430058
0.450426,-0.429563
0.450517,-0.429068
0.450608,-0.428573
0.450699,-0.428077
0.45079,-0.427582
0.45088,-0.427087
0.450971,-0.426592
0.451062,-0.426096
0.451153,-0.425601
0.451244,-0.425106
0.451334,-0.424611
0.451425,-0.424115
0.451516,-0.42362
0.451607,-0.423125
0.451698,-0.42263
0.451789,-0.422135
0.451879,-0.421639
0.45197,-0.421144
0.452061,-0.420649
0.452152,-0.420154
0.452243,-0.419658
0.452333,-0.419163
0.452424,-0.418668
0.452515,-0.418173
0.452606,-0.417678
0.452697,-0.417182
0.452787,-0.416687
0.452878,-0.416192
0.452969,-0.415697
0.45306,-0.415201
0.453151,-0.414706
0.453241,-0.414211
0.453332,-0.413716
0.453423,-0.41322
0.453514,-0.412725
0.453605,-0.41223
0.453695,-0.411735
0.453786,-0.41124
0.453877,-0.410744
0.453968,-0.410249
0.454059,-0.409754
0.45415,-0.409259
0.45424,-0.408763
0.454331,-0.408268
0.454422,-0.407773
0.454513,-0.407278
0.454604,-0.406782
0.454694,-0.406287
0.454785,-0.405792
0.454876,-0.405297
0.454967,-0.404802
0.455058,-0.404306
0.455148,-0.403811
0.455239,-0.403316
0.45533,-0.402821
0.455421,-0.402325
0.455512,-0.40183
0.455602,-0.401335
0.455693,-0.40084
0.455784,-0.400345
0.455875,-0.399849
0.455966,-0.399354
0.456056,-0.398859
0.456147,-0.398364
0.456238,-0.397868
0.456329,-0.397373
0.45642,-0.396878
0.456511,-0.396383
0.456601,-0.395887
0.456692,-0.395392
0.456783,-0.394897
0.456874,-0.394402
0.456965,-0.393907
0.457055,-0.393411
0.457146,-0.392916
0.457237,-0.392421
0.457328,-0.391926
0.457419,-0.39143
0.457509,-0.390935
0.4576,-0.39044
0.457691,-0.389945
0.457782,-0.38945
0.457873,-0.388954
0.457963,-0.388459
0.458054,-0.387964
0.458145,-0.387469
0.458236,-0.386973
0.458327,-0.386478
0.458417,-0.385983
0.458508,-0.385488
0.458599,-0.384992
0.45869,-0.384497
0.458781,-0.384002
0.458872,-0.383507
0.458962,-0.383012
0.459053,-0.382516
0.459144,-0.382021
0.459235,-0.381526
0.459326,-0.381031
0.459416,-0.380535
0.459507,-0.38004
0.459598,-0.379545
0.459689,-0.37905
0.45978,-0.378554
0.45987,-0.378059
0.459961,-0.377564
0.460052,-0.377069
0.460143,-0.376574
0.460234,-0.376078
0.460324,-0.375583
