O
10
1,0,-1,0.78,-0.5,0.75,0.0,0.0,0.0,0.3,0.4,0.02,0,0.8,False
2,0,-1,1.1,-0.5,0.93,0.0,0.0,0.0,0.02,0.4,0.2,0,0.8,False
3,0,-1,0.78,-0.5,1.11,0.0,0.0,0.0,0.3,0.4,0.02,0,0.8,False
4,0,-1,0.8,-0.92,0.93,0.0,0.0,0.0,0.32,0.02,0.2,0,0.8,False
5,0,-1,0.8,-0.08,0.93,0.0,0.0,0.0,0.32,0.02,0.2,0,0.8,False
6,0,0,0.5708944999745663,-0.6958156825845905,0.86,0.0,0.0,1.830641722468594,0.07982622394733287,0.03,0.09,0.3606455995987047,0.8876662199762342,False
7,2,0,0.6580890891809722,-0.27402927009222144,0.8590063407560226,0.0,0.0,1.7857500293779722,0.05289879540210454,0.05289879540210454,0.17801268151204513,0.2013919711819835,1.0362220034600917,False
8,2,0,0.7710051363415664,-0.4388185234490809,0.850941138909902,0.0,0.0,2.5349803828030915,0.03,0.03,0.16188227781980377,0.29721849569655373,0.8848527694726769,False
9,0,0,0.7097637557026076,-0.8211888561932666,0.86,0.0,0.0,3.889627045085452,0.05962263610494291,0.03,0.09,0.0894915538395803,0.8041491785471891,False
10,0,0,0.9101755894165526,-0.6388638482596596,0.86,0.0,0.0,2.29215744151919,0.04732430957229096,0.03,0.09,0.23311889730730112,0.8963771642700602,False
R
0.0,0.0,0.0,0.0,0.0,0.0,1.0
S
8
torso_lift_joint,0
r_shoulder_pan_joint,-1.69017
r_shoulder_lift_joint,-0.0788625
r_upper_arm_roll_joint,-1.69017
r_elbow_flex_joint,-1.2717
r_forearm_roll_joint,-0.151824
r_wrist_flex_joint,-1.25254
r_wrist_roll_joint,0.675062
G
0.701526,-0.467061,0.850941,0.386092,-0,0
ooi
8
A
300
0.310248,-0.673113
0.311136,-0.672293
0.312025,-0.671472
0.312913,-0.670652
0.313801,-0.669831
0.314689,-0.669011
0.315578,-0.668191
0.316466,-0.66737
0.317354,-0.66655
0.318243,-0.665729
0.319131,-0.664909
0.320019,-0.664088
0.320907,-0.663268
0.321796,-0.662448
0.322684,-0.661627
0.323572,-0.660807
0.32446,-0.659986
0.325349,-0.659166
0.326237,-0.658345
0.327125,-0.657525
0.328013,-0.656705
0.328902,-0.655884
0.32979,-0.655064
0.330678,-0.654243
0.331566,-0.653423
0.332455,-0.652602
0.333343,-0.651782
0.334231,-0.650962
0.335119,-0.650141
0.336008,-0.649321
0.336896,-0.6485
0.337784,-0.64768
0.338673,-0.646859
0.339561,-0.646039
0.340449,-0.645219
0.341337,-0.644398
0.342226,-0.643578
0.343114,-0.642757
0.344002,-0.641937
0.34489,-0.641116
0.345779,-0.640296
0.346667,-0.639476
0.347555,-0.638655
0.348443,-0.637835
0.349332,-0.637014
0.35022,-0.636194
0.351108,-0.635373
0.351996,-0.634553
0.352885,-0.633733
0.353773,-0.632912
0.354661,-0.632092
0.355549,-0.631271
0.356438,-0.630451
0.357326,-0.629631
0.358214,-0.62881
0.359102,-0.62799
0.359991,-0.627169
0.360879,-0.626349
0.361767,-0.625528
0.362656,-0.624708
0.363544,-0.623888
0.364432,-0.623067
0.36532,-0.622247
0.366209,-0.621426
0.367097,-0.620606
0.367985,-0.619785
0.368873,-0.618965
0.369762,-0.618145
0.37065,-0.617324
0.371538,-0.616504
0.372426,-0.615683
0.373315,-0.614863
0.374203,-0.614042
0.375091,-0.613222
0.375979,-0.612402
0.376868,-0.611581
0.377756,-0.610761
0.378644,-0.60994
0.379532,-0.60912
0.380421,-0.608299
0.381309,-0.607479
0.382197,-0.606659
0.383086,-0.605838
0.383974,-0.605018
0.384862,-0.604197
0.38575,-0.603377
0.386639,-0.602556
0.387527,-0.601736
0.388415,-0.600916
0.389303,-0.600095
0.390192,-0.599275
0.39108,-0.598454
0.391968,-0.597634
0.392856,-0.596813
0.393745,-0.595993
0.394633,-0.595173
0.395521,-0.594352
0.396409,-0.593532
0.397298,-0.592711
0.398186,-0.591891
0.399074,-0.59107
0.399962,-0.59025
0.400851,-0.58943
0.401739,-0.588609
0.402627,-0.587789
0.403516,-0.586968
0.404404,-0.586148
0.405292,-0.585328
0.40618,-0.584507
0.407069,-0.583687
0.407957,-0.582866
0.408845,-0.582046
0.409733,-0.581225
0.410622,-0.580405
0.41151,-0.579585
0.412398,-0.578764
0.413286,-0.577944
0.414175,-0.577123
0.415063,-0.576303
0.415951,-0.575482
0.416839,-0.574662
0.417728,-0.573842
0.418616,-0.573021
0.419504,-0.572201
0.420392,-0.57138
0.421281,-0.57056
0.422169,-0.569739
0.423057,-0.568919
0.423946,-0.568099
0.424834,-0.567278
0.425722,-0.566458
0.42661,-0.565637
0.427499,-0.564817
0.428387,-0.563996
0.429275,-0.563176
0.430163,-0.562356
0.431052,-0.561535
0.43194,-0.560715
0.432828,-0.559894
0.433716,-0.559074
0.434605,-0.558253
0.435493,-0.557433
0.436381,-0.556613
0.437269,-0.555792
0.438158,-0.554972
0.439046,-0.554151
0.439934,-0.553331
0.440822,-0.55251
0.441711,-0.55169
0.442599,-0.55087
0.443487,-0.550049
0.445219,-0.549492
0.446951,-0.548935
0.448683,-0.548378
0.450414,-0.547821
0.452146,-0.547264
0.453878,-0.546707
0.45561,-0.54615
0.457342,-0.545593
0.459073,-0.545037
0.460805,-0.54448
0.462537,-0.543923
0.464269,-0.543366
0.466001,-0.542809
0.467732,-0.542252
0.469464,-0.541695
0.471196,-0.541138
0.472928,-0.540581
0.47466,-0.540024
0.476392,-0.539467
0.478123,-0.53891
0.479855,-0.538353
0.481587,-0.537796
0.483319,-0.537239
0.485051,-0.536682
0.486782,-0.536125
0.488514,-0.535568
0.490246,-0.535011
0.491978,-0.534454
0.49371,-0.533897
0.495441,-0.53334
0.497173,-0.532783
0.498905,-0.532226
0.500637,-0.531669
0.502369,-0.531112
0.5041,-0.530555
0.505832,-0.529998
0.507564,-0.529441
0.509296,-0.528885
0.511028,-0.528328
0.512759,-0.527771
0.514491,-0.527214
0.516223,-0.526657
0.517955,-0.5261
0.519687,-0.525543
0.521418,-0.524986
0.52315,-0.524429
0.524882,-0.523872
0.526614,-0.523315
0.528346,-0.522758
0.530077,-0.522201
0.531809,-0.521644
0.533541,-0.521087
0.535273,-0.52053
0.537005,-0.519973
0.538736,-0.519416
0.540468,-0.518859
0.5422,-0.518302
0.543932,-0.517745
0.545664,-0.517188
0.547395,-0.516631
0.549127,-0.516074
0.550859,-0.515517
0.552591,-0.51496
0.554323,-0.514403
0.556055,-0.513846
0.557786,-0.513289
0.559518,-0.512733
0.56125,-0.512176
0.562982,-0.511619
0.564714,-0.511062
0.566445,-0.510505
0.568177,-0.509948
0.569909,-0.509391
0.571641,-0.508834
0.573373,-0.508277
0.575104,-0.50772
0.576836,-0.507163
0.578568,-0.506606
0.5803,-0.506049
0.582032,-0.505492
0.583763,-0.504935
0.585495,-0.504378
0.587227,-0.503821
0.588959,-0.503264
0.590691,-0.502707
0.592422,-0.50215
0.594154,-0.501593
0.595886,-0.501036
0.597618,-0.500479
0.59935,-0.499922
0.601081,-0.499365
0.602813,-0.498808
0.604545,-0.498251
0.606277,-0.497694
0.608009,-0.497137
0.60974,-0.496581
0.611472,-0.496024
0.613204,-0.495467
0.614936,-0.49491
0.616668,-0.494353
0.618399,-0.493796
0.620131,-0.493239
0.621863,-0.492682
0.623595,-0.492125
0.625327,-0.491568
0.627058,-0.491011
0.62879,-0.490454
0.630522,-0.489897
0.632254,-0.48934
0.633986,-0.488783
0.635718,-0.488226
0.637449,-0.487669
0.639181,-0.487112
0.640913,-0.486555
0.642645,-0.485998
0.644377,-0.485441
0.646108,-0.484884
0.64784,-0.484327
0.649572,-0.48377
0.651304,-0.483213
0.653036,-0.482656
0.654767,-0.482099
0.656499,-0.481542
0.658231,-0.480986
0.659963,-0.480429
0.661695,-0.479872
0.663426,-0.479315
0.665158,-0.478758
0.66689,-0.478201
0.668622,-0.477644
0.670354,-0.477087
0.672085,-0.47653
0.673817,-0.475973
0.675549,-0.475416
0.677281,-0.474859
0.679013,-0.474302
0.680744,-0.473745
0.682476,-0.473188
0.684208,-0.472631
0.68594,-0.472074
0.687672,-0.471517
0.689403,-0.47096
0.691135,-0.470403
0.692867,-0.469846
0.694599,-0.469289
0.696331,-0.468732
0.698062,-0.468175
0.699794,-0.467618
0.701526,-0.467061
