O
10
1,0,-1,0.78,-0.5,0.75,0.0,0.0,0.0,0.3,0.4,0.02,0,0.8,False
2,0,-1,1.1,-0.5,0.93,0.0,0.0,0.0,0.02,0.4,0.2,0,0.8,False
3,0,-1,0.78,-0.5,1.11,0.0,0.0,0.0,0.3,0.4,0.02,0,0.8,False
4,0,-1,0.8,-0.92,0.93,0.0,0.0,0.0,0.32,0.02,0.2,0,0.8,False
5,0,-1,0.8,-0.08,0.93,0.0,0.0,0.0,0.32,0.02,0.2,0,0.8,False
6,0,0,0.964525555128968,-0.5961168578200422,0.8749435933735225,0.0,0.0,6.081790739920388,0.053130872146923885,0.07967656740654008,0.10494359337352242,0.4181481417456613,1.1040357366978992,False
7,0,0,0.6715530456811396,-0.6018208887101358,0.86,0.0,0.0,2.842676904487269,0.03571003515983896,0.03,0.09,0.32046529941323015,0.9961476981711659,False
8,2,0,0.8067942106833802,-0.2853396972547956,0.8450000000000001,0.0,0.0,3.8768699012155374,0.03770657666981719,0.03770657666981719,0.15,0.060541653441404275,1.1806808200623653,False
9,2,0,0.7084334084516297,-0.7820799120071525,0.8450000000000001,0.0,0.0,3.7883939727172256,0.061084206545018234,0.061084206545018234,0.15,0.25603869957564573,1.112603596155092,False
10,2,0,0.6765009978248345,-0.3127579691107881,0.8450000000000001,0.0,0.0,2.140017540233484,0.048102959128805384,0.048102959128805384,0.15,0.29061377873240507,0.8393820986907865,False
R
0.0,0.0,0.0,0.0,0.0,0.0,1.0
S
8
torso_lift_joint,0
r_shoulder_pan_joint,-1.69017
r_shoulder_lift_joint,-0.0788625
r_upper_arm_roll_joint,-1.69017
r_elbow_flex_joint,-1.2717
r_forearm_roll_joint,-0.151824
r_wrist_flex_joint,-1.25254
r_wrist_roll_joint,0.675062
G
0.594422,-0.578053,0.86,2.84268,-3.14159,3.14159
ooi
7
A
599
0.310248,-0.673113
0.310669,-0.673923
0.311089,-0.674733
0.311509,-0.675543
0.311929,-0.676353
0.31235,-0.677163
0.31277,-0.677973
0.31319,-0.678783
0.313611,-0.679593
0.314031,-0.680403
0.314451,-0.681213
0.314872,-0.682023
0.315292,-0.682833
0.315712,-0.683643
0.316133,-0.684453
0.316553,-0.685263
0.316973,-0.686073
0.317394,-0.686883
0.317814,-0.687693
0.318234,-0.688503
0.318655,-0.689313
0.319075,-0.690123
0.319495,-0.690933
0.319916,-0.691743
0.320336,-0.692553
0.320756,-0.693363
0.321177,-0.694173
0.321597,-0.694983
0.322017,-0.695793
0.322438,-0.696603
0.322858,-0.697413
0.323278,-0.698223
0.323699,-0.699033
0.324119,-0.699843
0.324539,-0.700653
0.32496,-0.701463
0.32538,-0.702273
0.3258,-0.703083
0.326221,-0.703893
0.326641,-0.704703
0.327061,-0.705513
0.327482,-0.706323
0.327902,-0.707133
0.328322,-0.707943
0.328743,-0.708753
0.329163,-0.709563
0.329583,-0.710373
0.330004,-0.711183
0.330424,-0.711993
0.330844,-0.712803
0.331265,-0.713613
0.331685,-0.714423
0.332105,-0.715233
0.332526,-0.716043
0.332946,-0.716853
0.333366,-0.717663
0.333787,-0.718473
0.334207,-0.719283
0.334627,-0.720093
0.335048,-0.720903
0.335468,-0.721713
0.335888,-0.722523
0.336309,-0.723333
0.336729,-0.724143
0.337149,-0.724953
0.33757,-0.725763
0.33799,-0.726573
0.33841,-0.727383
0.338831,-0.728193
0.339251,-0.729003
0.339671,-0.729813
0.340092,-0.730623
0.340512,-0.731433
0.340932,-0.732243
0.341353,-0.733053
0.341773,-0.733863
0.342193,-0.734673
0.342614,-0.735482
0.343034,-0.736292
0.343454,-0.737102
0.343874,-0.737912
0.344295,-0.738722
0.344715,-0.739532
0.345135,-0.740342
0.345556,-0.741152
0.345976,-0.741962
0.346396,-0.742772
0.346817,-0.743582
0.347237,-0.744392
0.347657,-0.745202
0.348078,-0.746012
0.348498,-0.746822
0.348918,-0.747632
0.349339,-0.748442
0.349759,-0.749252
0.350179,-0.750062
0.3506,-0.750872
0.35102,-0.751682
0.35144,-0.752492
0.351861,-0.753302
0.352281,-0.754112
0.352701,-0.754922
0.353122,-0.755732
0.353542,-0.756542
0.353962,-0.757352
0.354383,-0.758162
0.354803,-0.758972
0.355223,-0.759782
0.355644,-0.760592
0.356064,-0.761402
0.356484,-0.762212
0.356905,-0.763022
0.357325,-0.763832
0.357745,-0.764642
0.358166,-0.765452
0.358586,-0.766262
0.359006,-0.767072
0.359427,-0.767882
0.359847,-0.768692
0.360267,-0.769502
0.360688,-0.770312
0.361108,-0.771122
0.361528,-0.771932
0.361949,-0.772742
0.362369,-0.773552
0.362789,-0.774362
0.36321,-0.775172
0.36363,-0.775982
0.36405,-0.776792
0.364471,-0.777602
0.364891,-0.778412
0.365311,-0.779222
0.365732,-0.780032
0.366152,-0.780842
0.366572,-0.781652
0.366993,-0.782462
0.367413,-0.783272
0.367833,-0.784082
0.368254,-0.784892
0.368674,-0.785702
0.369094,-0.786512
0.369515,-0.787322
0.369935,-0.788132
0.370355,-0.788942
0.370776,-0.789752
0.371196,-0.790562
0.371616,-0.791372
0.372037,-0.792182
0.372457,-0.792992
0.372877,-0.793802
0.373298,-0.794612
0.372889,-0.793849
0.37248,-0.793086
0.372072,-0.792323
0.371663,-0.79156
0.371255,-0.790796
0.370846,-0.790033
0.370438,-0.78927
0.370029,-0.788507
0.36962,-0.787744
0.369212,-0.786981
0.368803,-0.786218
0.368395,-0.785455
0.367986,-0.784692
0.367578,-0.783929
0.367169,-0.783166
0.366761,-0.782402
0.366352,-0.781639
0.365943,-0.780876
0.365535,-0.780113
0.365126,-0.77935
0.364718,-0.778587
0.364309,-0.777824
0.363901,-0.777061
0.363492,-0.776298
0.363083,-0.775535
0.362675,-0.774772
0.362266,-0.774008
0.361858,-0.773245
0.361449,-0.772482
0.361041,-0.771719
0.360632,-0.770956
0.360224,-0.770193
0.359815,-0.76943
0.359406,-0.768667
0.358998,-0.767904
0.358589,-0.767141
0.358181,-0.766378
0.357772,-0.765614
0.357364,-0.764851
0.356955,-0.764088
0.356546,-0.763325
0.356138,-0.762562
0.355729,-0.761799
0.355321,-0.761036
0.354912,-0.760273
0.354504,-0.75951
0.354095,-0.758747
0.353687,-0.757984
0.353278,-0.75722
0.352869,-0.756457
0.352461,-0.755694
0.352052,-0.754931
0.351644,-0.754168
0.351235,-0.753405
0.350827,-0.752642
0.350418,-0.751879
0.350009,-0.751116
0.349601,-0.750353
0.349192,-0.749589
0.348784,-0.748826
0.348375,-0.748063
0.347967,-0.7473
0.347558,-0.746537
0.34715,-0.745774
0.346741,-0.745011
0.346332,-0.744248
0.345924,-0.743485
0.345515,-0.742722
0.345107,-0.741959
0.344698,-0.741195
0.34429,-0.740432
0.343881,-0.739669
0.343472,-0.738906
0.343064,-0.738143
0.342655,-0.73738
0.342247,-0.736617
0.341838,-0.735854
0.34143,-0.735091
0.341021,-0.734328
0.340613,-0.733565
0.340204,-0.732801
0.339795,-0.732038
0.339387,-0.731275
0.338978,-0.730512
0.33857,-0.729749
0.338161,-0.728986
0.337753,-0.728223
0.337344,-0.72746
0.336935,-0.726697
0.336527,-0.725934
0.336118,-0.725171
0.33571,-0.724407
0.335301,-0.723644
0.334893,-0.722881
0.334484,-0.722118
0.334076,-0.721355
0.333667,-0.720592
0.333258,-0.719829
0.33285,-0.719066
0.332441,-0.718303
0.332033,-0.71754
0.331624,-0.716777
0.331216,-0.716013
0.330807,-0.71525
0.330398,-0.714487
0.32999,-0.713724
0.329581,-0.712961
0.329173,-0.712198
0.328764,-0.711435
0.328356,-0.710672
0.327947,-0.709909
0.327539,-0.709146
0.32713,-0.708382
0.326721,-0.707619
0.326313,-0.706856
0.325904,-0.706093
0.325496,-0.70533
0.325087,-0.704567
0.324679,-0.703804
0.32427,-0.703041
0.323861,-0.702278
0.323453,-0.701515
0.323044,-0.700752
0.322636,-0.699988
0.322227,-0.699225
0.321819,-0.698462
0.32141,-0.697699
0.321002,-0.696936
0.320593,-0.696173
0.320184,-0.69541
0.319776,-0.694647
0.319367,-0.693884
0.318959,-0.693121
0.31855,-0.692358
0.318142,-0.691594
0.317733,-0.690831
0.317324,-0.690068
0.316916,-0.689305
0.316507,-0.688542
0.316099,-0.687779
0.31569,-0.687016
0.315282,-0.686253
0.314873,-0.68549
0.314465,-0.684727
0.314056,-0.683964
0.313647,-0.6832
0.313239,-0.682437
0.31283,-0.681674
0.312422,-0.680911
0.313447,-0.681315
0.314472,-0.68172
0.315496,-0.682124
0.316521,-0.682528
0.317546,-0.682933
0.318571,-0.683337
0.319596,-0.683741
0.320621,-0.684145
0.321646,-0.68455
0.322671,-0.684954
0.323696,-0.685358
0.324721,-0.685763
0.325746,-0.686167
0.326771,-0.686571
0.327795,-0.686976
0.32882,-0.68738
0.329845,-0.687784
0.33087,-0.688188
0.331895,-0.688593
0.33292,-0.688997
0.333945,-0.689401
0.33497,-0.689806
0.335995,-0.69021
0.33702,-0.690614
0.338045,-0.691018
0.33907,-0.691423
0.340094,-0.691827
0.341119,-0.692231
0.342144,-0.692636
0.343169,-0.69304
0.344194,-0.693444
0.345219,-0.693848
0.346244,-0.694253
0.347269,-0.694657
0.348294,-0.695061
0.349319,-0.695466
0.350344,-0.69587
0.351368,-0.696274
0.352393,-0.696679
0.353418,-0.697083
0.354443,-0.697487
0.355468,-0.697891
0.356493,-0.698296
0.357518,-0.6987
0.358543,-0.699104
0.359568,-0.699509
0.360593,-0.699913
0.361618,-0.700317
0.362643,-0.700721
0.363667,-0.701126
0.364692,-0.70153
0.365717,-0.701934
0.366742,-0.702339
0.367767,-0.702743
0.368792,-0.703147
0.369817,-0.703551
0.370842,-0.703956
0.371867,-0.70436
0.372892,-0.704764
0.373917,-0.705169
0.374941,-0.705573
0.375966,-0.705977
0.376991,-0.706381
0.378016,-0.706786
0.379041,-0.70719
0.380066,-0.707594
0.381091,-0.707999
0.382116,-0.708403
0.383141,-0.708807
0.384166,-0.709212
0.385191,-0.709616
0.386216,-0.71002
0.38724,-0.710424
0.388265,-0.710829
0.38929,-0.711233
0.390315,-0.711637
0.39134,-0.712042
0.392365,-0.712446
0.39339,-0.71285
0.394415,-0.713254
0.39544,-0.713659
0.396465,-0.714063
0.39749,-0.714467
0.398515,-0.714872
0.399539,-0.715276
0.400564,-0.71568
0.401589,-0.716084
0.402614,-0.716489
0.403639,-0.716893
0.404664,-0.717297
0.405689,-0.717702
0.406714,-0.718106
0.407739,-0.71851
0.408764,-0.718914
0.409789,-0.719319
0.410813,-0.719723
0.411838,-0.720127
0.412863,-0.720532
0.413888,-0.720936
0.414913,-0.72134
0.415938,-0.721745
0.416963,-0.722149
0.417988,-0.722553
0.419013,-0.722957
0.420038,-0.723362
0.421063,-0.723766
0.422088,-0.72417
0.423112,-0.724575
0.424137,-0.724979
0.425162,-0.725383
0.426187,-0.725787
0.427212,-0.726192
0.428237,-0.726596
0.429262,-0.727
0.430287,-0.727405
0.431312,-0.727809
0.432337,-0.728213
0.433362,-0.728617
0.434386,-0.729022
0.435411,-0.729426
0.436436,-0.72983
0.437461,-0.730235
0.438486,-0.730639
0.439511,-0.731043
0.440536,-0.731447
0.441561,-0.731852
0.442586,-0.732256
0.443611,-0.73266
0.444636,-0.733065
0.445661,-0.733469
0.446685,-0.733873
0.44771,-0.734278
0.448735,-0.734682
0.44976,-0.735086
0.450785,-0.73549
0.45181,-0.735895
0.452835,-0.736299
0.45386,-0.736703
0.454885,-0.737108
0.45591,-0.737512
0.456935,-0.737916
0.45796,-0.73832
0.458984,-0.738725
0.460009,-0.739129
0.461034,-0.739533
0.462059,-0.739938
0.463084,-0.740342
0.464109,-0.740746
0.465134,-0.74115
0.466159,-0.741555
0.46702,-0.740457
0.46788,-0.73936
0.468741,-0.738263
0.469602,-0.737165
0.470463,-0.736068
0.471324,-0.734971
0.472185,-0.733873
0.473045,-0.732776
0.473906,-0.731679
0.474767,-0.730581
0.475628,-0.729484
0.476489,-0.728387
0.47735,-0.72729
0.47821,-0.726192
0.479071,-0.725095
0.479932,-0.723998
0.480793,-0.7229
0.481654,-0.721803
0.482515,-0.720706
0.483375,-0.719608
0.484236,-0.718511
0.485097,-0.717414
0.485958,-0.716316
0.486819,-0.715219
0.487679,-0.714122
0.48854,-0.713024
0.489401,-0.711927
0.490262,-0.71083
0.491123,-0.709732
0.491984,-0.708635
0.492844,-0.707538
0.493705,-0.70644
0.494566,-0.705343
0.495427,-0.704246
0.496288,-0.703148
0.497149,-0.702051
0.498009,-0.700954
0.49887,-0.699856
0.499731,-0.698759
0.500592,-0.697662
0.501453,-0.696564
0.502314,-0.695467
0.503174,-0.69437
0.504035,-0.693272
0.504896,-0.692175
0.505757,-0.691078
0.506618,-0.68998
0.507478,-0.688883
0.508339,-0.687786
0.5092,-0.686688
0.510061,-0.685591
0.510922,-0.684494
0.511783,-0.683396
0.512643,-0.682299
0.513504,-0.681202
0.514365,-0.680104
0.515226,-0.679007
0.516087,-0.67791
0.516948,-0.676812
0.517808,-0.675715
0.518669,-0.674618
0.51953,-0.67352
0.520391,-0.672423
0.521252,-0.671326
0.522113,-0.670229
0.522973,-0.669131
0.523834,-0.668034
0.524695,-0.666937
0.525556,-0.665839
0.526417,-0.664742
0.527278,-0.663645
0.528138,-0.662547
0.528999,-0.66145
0.52986,-0.660353
0.530721,-0.659255
0.531582,-0.658158
0.532442,-0.657061
0.533303,-0.655963
0.534164,-0.654866
0.535025,-0.653769
0.535886,-0.652671
0.536747,-0.651574
0.537607,-0.650477
0.538468,-0.649379
0.539329,-0.648282
0.54019,-0.647185
0.541051,-0.646087
0.541912,-0.64499
0.542772,-0.643893
0.543633,-0.642795
0.544494,-0.641698
0.545355,-0.640601
0.546216,-0.639503
0.547077,-0.638406
0.547937,-0.637309
0.548798,-0.636211
0.549659,-0.635114
0.55052,-0.634017
0.551381,-0.632919
0.552241,-0.631822
0.553102,-0.630725
0.553963,-0.629627
0.554824,-0.62853
0.555685,-0.627433
0.556546,-0.626335
0.557406,-0.625238
0.558267,-0.624141
0.559128,-0.623043
0.559989,-0.621946
0.56085,-0.620849
0.561711,-0.619751
0.562571,-0.618654
0.563432,-0.617557
0.564293,-0.616459
0.565154,-0.615362
0.566015,-0.614265
0.566876,-0.613168
0.567736,-0.61207
0.568597,-0.610973
0.569458,-0.609876
0.570319,-0.608778
0.57118,-0.607681
0.57204,-0.606584
0.572901,-0.605486
0.573762,-0.604389
0.574623,-0.603292
0.575484,-0.602194
0.576345,-0.601097
0.577205,-0.6
0.578066,-0.598902
0.578927,-0.597805
0.579788,-0.596708
0.580649,-0.59561
0.58151,-0.594513
0.58237,-0.593416
0.583231,-0.592318
0.584092,-0.591221
0.584953,-0.590124
0.585814,-0.589026
0.586675,-0.587929
0.587535,-0.586832
0.588396,-0.585734
0.589257,-0.584637
0.590118,-0.58354
0.590979,-0.582442
0.59184,-0.581345
0.5927,-0.580248
0.593561,-0.57915
0.594422,-0.578053
