O
10
1,0,-1,0.78,-0.5,0.75,0.0,0.0,0.0,0.3,0.4,0.02,0,0.8,False
2,0,-1,1.1,-0.5,0.93,0.0,0.0,0.0,0.02,0.4,0.2,0,0.8,False
3,0,-1,0.78,-0.5,1.11,0.0,0.0,0.0,0.3,0.4,0.02,0,0.8,False
4,0,-1,0.8,-0.92,0.93,0.0,0.0,0.0,0.32,0.02,0.2,0,0.8,False
5,0,-1,0.8,-0.08,0.93,0.0,0.0,0.0,0.32,0.02,0.2,0,0.8,False
6,0,0,0.7568776417081599,-0.5340610666263952,0.86,0.0,0.0,5.226084258578923,0.06535524618055465,0.03,0.09,0.460604682834593,0.9327209377738701,False
7,2,0,0.8384916873501167,-0.7035523871287294,0.8450000000000001,0.0,0.0,5.1653663446176905,0.04790788070090504,0.04790788070090504,0.15,0.1293770841191425,1.09560013381256,False
8,2,0,0.936879292250165,-0.3956245933782261,0.8450000000000001,0.0,0.0,4.7926987481405945,0.05911875051414268,0.05911875051414268,0.15,0.3817491548354132,1.1123946204545294,False
9,2,0,0.5602950713671977,-0.3372619665116642,0.8450000000000001,0.0,0.0,1.2063299334350128,0.03,0.03,0.15,0.0037900409552050207,1.0238427740480556,False
10,0,0,0.9967428208175853,-0.2687766927404366,0.8615187918026046,0.0,0.0,2.413951458801828,0.039226082065180586,0.03,0.09151879180260458,0.3244306839974485,0.8443037616545168,False
R
0.0,0.0,0.0,0.0,0.0,0.0,1.0
S
8
torso_lift_joint,0
r_shoulder_pan_joint,-1.69017
r_shoulder_lift_joint,-0.0788625
r_upper_arm_roll_joint,-1.69017
r_elbow_flex_joint,-1.2717
r_forearm_roll_joint,-0.151824
r_wrist_flex_joint,-1.25254
r_wrist_roll_joint,0.675062
G
0.493007,-0.370387,0.845,0.457455,-0,0
ooi
9
A
599
0.310248,-0.673113
0.310535,-0.673449
0.310821,-0.673784
0.311108,-0.67412
0.311394,-0.674456
0.311681,-0.674791
0.311967,-0.675127
0.312254,-0.675462
0.31254,-0.675798
0.312827,-0.676134
0.313114,-0.676469
0.3134,-0.676805
0.313687,-0.677141
0.313973,-0.677476
0.31426,-0.677812
0.314546,-0.678148
0.314833,-0.678483
0.315119,-0.678819
0.315406,-0.679154
0.315692,-0.67949
0.315979,-0.679826
0.316265,-0.680161
0.316552,-0.680497
0.316839,-0.680833
0.317125,-0.681168
0.317412,-0.681504
0.317698,-0.681839
0.317985,-0.682175
0.318271,-0.682511
0.318558,-0.682846
0.318844,-0.683182
0.319131,-0.683518
0.319417,-0.683853
0.319704,-0.684189
0.31999,-0.684525
0.320277,-0.68486
0.320563,-0.685196
0.32085,-0.685531
0.321137,-0.685867
0.321423,-0.686203
0.32171,-0.686538
0.321996,-0.686874
0.322283,-0.68721
0.322569,-0.687545
0.322856,-0.687881
0.323142,-0.688216
0.323429,-0.688552
0.323715,-0.688888
0.324002,-0.689223
0.324288,-0.689559
0.324575,-0.689895
0.324862,-0.69023
0.325148,-0.690566
0.325435,-0.690901
0.325721,-0.691237
0.326008,-0.691573
0.326294,-0.691908
0.326581,-0.692244
0.326867,-0.69258
0.327154,-0.692915
0.32744,-0.693251
0.327727,-0.693587
0.328013,-0.693922
0.3283,-0.694258
0.328586,-0.694593
0.328873,-0.694929
0.32916,-0.695265
0.329446,-0.6956
0.329733,-0.695936
0.330019,-0.696272
0.330306,-0.696607
0.330592,-0.696943
0.330879,-0.697278
0.331165,-0.697614
0.331452,-0.69795
0.331738,-0.698285
0.332025,-0.698621
0.332311,-0.698957
0.332598,-0.699292
0.332885,-0.699628
0.333171,-0.699964
0.333458,-0.700299
0.333744,-0.700635
0.334031,-0.70097
0.334317,-0.701306
0.334604,-0.701642
0.33489,-0.701977
0.335177,-0.702313
0.335463,-0.702649
0.33575,-0.702984
0.336036,-0.70332
0.336323,-0.703655
0.33661,-0.703991
0.336896,-0.704327
0.337183,-0.704662
0.337469,-0.704998
0.337756,-0.705334
0.338042,-0.705669
0.338329,-0.706005
0.338615,-0.706341
0.338902,-0.706676
0.339188,-0.707012
0.339475,-0.707347
0.339761,-0.707683
0.340048,-0.708019
0.340334,-0.708354
0.340621,-0.70869
0.340908,-0.709026
0.341194,-0.709361
0.341481,-0.709697
0.341767,-0.710032
0.342054,-0.710368
0.34234,-0.710704
0.342627,-0.711039
0.342913,-0.711375
0.3432,-0.711711
0.343486,-0.712046
0.343773,-0.712382
0.344059,-0.712717
0.344346,-0.713053
0.344633,-0.713389
0.344919,-0.713724
0.345206,-0.71406
0.345492,-0.714396
0.345779,-0.714731
0.346065,-0.715067
0.346352,-0.715403
0.346638,-0.715738
0.346925,-0.716074
0.347211,-0.716409
0.347498,-0.716745
0.347784,-0.717081
0.348071,-0.717416
0.348357,-0.717752
0.348644,-0.718088
0.348931,-0.718423
0.349217,-0.718759
0.349504,-0.719094
0.34979,-0.71943
0.350077,-0.719766
0.350363,-0.720101
0.35065,-0.720437
0.350936,-0.720773
0.351223,-0.721108
0.351509,-0.721444
0.351796,-0.72178
0.352082,-0.722115
0.352369,-0.722451
0.352656,-0.722786
0.352942,-0.723122
0.353229,-0.723458
0.353382,-0.722668
0.353534,-0.721878
0.353687,-0.721088
0.35384,-0.720298
0.353993,-0.719508
0.354146,-0.718717
0.354299,-0.717927
0.354452,-0.717137
0.354605,-0.716347
0.354758,-0.715557
0.354911,-0.714767
0.355064,-0.713977
0.355217,-0.713187
0.35537,-0.712397
0.355522,-0.711607
0.355675,-0.710817
0.355828,-0.710027
0.355981,-0.709237
0.356134,-0.708447
0.356287,-0.707657
0.35644,-0.706867
0.356593,-0.706077
0.356746,-0.705287
0.356899,-0.704497
0.357052,-0.703707
0.357205,-0.702917
0.357358,-0.702127
0.357511,-0.701337
0.357663,-0.700547
0.357816,-0.699757
0.357969,-0.698967
0.358122,-0.698177
0.358275,-0.697387
0.358428,-0.696597
0.358581,-0.695807
0.358734,-0.695017
0.358887,-0.694227
0.35904,-0.693437
0.359193,-0.692646
0.359346,-0.691856
0.359499,-0.691066
0.359651,-0.690276
0.359804,-0.689486
0.359957,-0.688696
0.36011,-0.687906
0.360263,-0.687116
0.360416,-0.686326
0.360569,-0.685536
0.360722,-0.684746
0.360875,-0.683956
0.361028,-0.683166
0.361181,-0.682376
0.361334,-0.681586
0.361487,-0.680796
0.361639,-0.680006
0.361792,-0.679216
0.361945,-0.678426
0.362098,-0.677636
0.362251,-0.676846
0.362404,-0.676056
0.362557,-0.675266
0.36271,-0.674476
0.362863,-0.673686
0.363016,-0.672896
0.363169,-0.672106
0.363322,-0.671316
0.363475,-0.670526
0.363627,-0.669736
0.36378,-0.668946
0.363933,-0.668156
0.364086,-0.667365
0.364239,-0.666575
0.364392,-0.665785
0.364545,-0.664995
0.364698,-0.664205
0.364851,-0.663415
0.365004,-0.662625
0.365157,-0.661835
0.36531,-0.661045
0.365463,-0.660255
0.365616,-0.659465
0.365768,-0.658675
0.365921,-0.657885
0.366074,-0.657095
0.366227,-0.656305
0.36638,-0.655515
0.366533,-0.654725
0.366686,-0.653935
0.366839,-0.653145
0.366992,-0.652355
0.367145,-0.651565
0.367298,-0.650775
0.367451,-0.649985
0.367604,-0.649195
0.367756,-0.648405
0.367909,-0.647615
0.368062,-0.646825
0.368215,-0.646035
0.368368,-0.645245
0.368521,-0.644455
0.368674,-0.643665
0.368827,-0.642875
0.36898,-0.642084
0.369133,-0.641294
0.369286,-0.640504
0.369439,-0.639714
0.369592,-0.638924
0.369744,-0.638134
0.369897,-0.637344
0.37005,-0.636554
0.370203,-0.635764
0.370356,-0.634974
0.370509,-0.634184
0.370662,-0.633394
0.370815,-0.632604
0.370968,-0.631814
0.371121,-0.631024
0.371274,-0.630234
0.371427,-0.629444
0.37158,-0.628654
0.371733,-0.627864
0.371885,-0.627074
0.372038,-0.626284
0.372191,-0.625494
0.372344,-0.624704
0.372497,-0.623914
0.37265,-0.623124
0.372803,-0.622334
0.372956,-0.621544
0.373109,-0.620754
0.373262,-0.619964
0.373415,-0.619174
0.373568,-0.618384
0.373721,-0.617594
0.373873,-0.616804
0.374026,-0.616013
0.374179,-0.615223
0.374332,-0.614433
0.374485,-0.613643
0.374638,-0.612853
0.374791,-0.612063
0.374944,-0.611273
0.375097,-0.610483
0.37525,-0.609693
0.375403,-0.608903
0.375556,-0.608113
0.375709,-0.607323
0.375861,-0.606533
0.376014,-0.605743
0.37613,-0.605059
0.376246,-0.604375
0.376362,-0.603691
0.376478,-0.603007
0.376594,-0.602323
0.37671,-0.601639
0.376826,-0.600955
0.376942,-0.600271
0.377058,-0.599587
0.377174,-0.598903
0.37729,-0.598219
0.377406,-0.597535
0.377522,-0.596851
0.377638,-0.596167
0.377754,-0.595483
0.37787,-0.594799
0.377986,-0.594115
0.378102,-0.593431
0.378218,-0.592747
0.378335,-0.592063
0.378451,-0.591379
0.378567,-0.590695
0.378683,-0.590011
0.378799,-0.589327
0.378915,-0.588643
0.379031,-0.587959
0.379147,-0.587275
0.379263,-0.586591
0.379379,-0.585907
0.379495,-0.585223
0.379611,-0.584539
0.379727,-0.583855
0.379843,-0.583171
0.379959,-0.582487
0.380075,-0.581803
0.380191,-0.581119
0.380307,-0.580435
0.380423,-0.579751
0.380539,-0.579067
0.380655,-0.578383
0.380771,-0.577699
0.380887,-0.577015
0.381003,-0.576331
0.381119,-0.575647
0.381235,-0.574963
0.381351,-0.574279
0.381467,-0.573595
0.381583,-0.572911
0.381699,-0.572227
0.381815,-0.571543
0.381931,-0.570859
0.382047,-0.570175
0.382163,-0.569491
0.382279,-0.568807
0.382395,-0.568123
0.382511,-0.567439
0.382627,-0.566755
0.382743,-0.566071
0.382859,-0.565387
0.382975,-0.564703
0.383091,-0.564019
0.383207,-0.563335
0.383323,-0.562651
0.383439,-0.561967
0.383555,-0.561283
0.383671,-0.560599
0.383787,-0.559915
0.383903,-0.559231
0.384019,-0.558547
0.384135,-0.557863
0.384251,-0.557179
0.384367,-0.556495
0.384483,-0.555811
0.384599,-0.555127
0.384715,-0.554443
0.384831,-0.553759
0.384947,-0.553075
0.385063,-0.552391
0.385179,-0.551707
0.385295,-0.551023
0.385411,-0.550339
0.385527,-0.549655
0.385643,-0.548971
0.385759,-0.548287
0.385875,-0.547603
0.385991,-0.546919
0.386107,-0.546235
0.386223,-0.545551
0.386339,-0.544867
0.386455,-0.544183
0.386571,-0.543499
0.386687,-0.542815
0.386803,-0.542131
0.386919,-0.541447
0.387035,-0.540763
0.387151,-0.540079
0.387267,-0.539395
0.387383,-0.538711
0.387499,-0.538027
0.387615,-0.537343
0.387731,-0.536659
0.387847,-0.535975
0.387963,-0.535291
0.388079,-0.534607
0.388195,-0.533923
0.388311,-0.533239
0.388427,-0.532555
0.388543,-0.531871
0.388659,-0.531187
0.388775,-0.530503
0.388891,-0.529819
0.389007,-0.529135
0.389123,-0.528451
0.389239,-0.527767
0.389355,-0.527083
0.389471,-0.526399
0.389587,-0.525715
0.389703,-0.525031
0.389819,-0.524347
0.389935,-0.523663
0.390051,-0.522979
0.390167,-0.522295
0.390283,-0.521611
0.390399,-0.520927
0.390515,-0.520243
0.390631,-0.519559
0.390747,-0.518875
0.390863,-0.518191
0.390979,-0.517507
0.391095,-0.516823
0.391211,-0.516139
0.391327,-0.515455
0.391443,-0.514771
0.391559,-0.514087
0.391675,-0.513403
0.391791,-0.51272
0.391907,-0.512036
0.392023,-0.511352
0.392139,-0.510668
0.392255,-0.509984
0.392371,-0.5093
0.392487,-0.508616
0.392603,-0.507932
0.392719,-0.507248
0.392835,-0.506564
0.392951,-0.50588
0.393067,-0.505196
0.393183,-0.504512
0.393299,-0.503828
0.393415,-0.503144
0.394083,-0.502253
0.394752,-0.501362
0.39542,-0.500471
0.396089,-0.49958
0.396757,-0.498689
0.397425,-0.497798
0.398094,-0.496907
0.398762,-0.496016
0.399431,-0.495125
0.400099,-0.494234
0.400767,-0.493343
0.401436,-0.492452
0.402104,-0.491561
0.402773,-0.49067
0.403441,-0.489779
0.404109,-0.488888
0.404778,-0.487997
0.405446,-0.487106
0.406115,-0.486215
0.406783,-0.485324
0.407451,-0.484433
0.40812,-0.483542
0.408788,-0.482651
0.409457,-0.48176
0.410125,-0.480869
0.410793,-0.479978
0.411462,-0.479087
0.41213,-0.478196
0.412799,-0.477305
0.413467,-0.476414
0.414135,-0.475523
0.414804,-0.474632
0.415472,-0.473741
0.416141,-0.47285
0.416809,-0.471959
0.417477,-0.471068
0.418146,-0.470177
0.418814,-0.469286
0.419483,-0.468395
0.420151,-0.467504
0.420819,-0.466613
0.421488,-0.465722
0.422156,-0.464831
0.422825,-0.46394
0.423493,-0.463049
0.424161,-0.462158
0.42483,-0.461267
0.425498,-0.460376
0.426167,-0.459485
0.426835,-0.458594
0.427503,-0.457703
0.428172,-0.456812
0.42884,-0.455921
0.429509,-0.45503
0.430177,-0.454139
0.430845,-0.453248
0.431514,-0.452357
0.432182,-0.451466
0.432851,-0.450575
0.433519,-0.449685
0.434187,-0.448794
0.434856,-0.447903
0.435524,-0.447012
0.436193,-0.446121
0.436861,-0.44523
0.437529,-0.444339
0.438198,-0.443448
0.438866,-0.442557
0.439535,-0.441666
0.440203,-0.440775
0.440871,-0.439884
0.44154,-0.438993
0.442208,-0.438102
0.442877,-0.437211
0.443545,-0.43632
0.444213,-0.435429
0.444882,-0.434538
0.44555,-0.433647
0.446219,-0.432756
0.446887,-0.431865
0.447555,-0.430974
0.448224,-0.430083
0.448892,-0.429192
0.449561,-0.428301
0.450229,-0.42741
0.450897,-0.426519
0.451566,-0.425628
0.452234,-0.424737
0.452903,-0.423846
0.453571,-0.422955
0.454239,-0.422064
0.454908,-0.421173
0.455576,-0.420282
0.456245,-0.419391
0.456913,-0.4185
0.457581,-0.417609
0.45825,-0.416718
0.458918,-0.415827
0.459587,-0.414936
0.460255,-0.414045
0.460923,-0.413154
0.461592,-0.412263
0.46226,-0.411372
0.462929,-0.410481
0.463597,-0.40959
0.464265,-0.408699
0.464934,-0.407808
0.465602,-0.406917
0.466271,-0.406026
0.466939,-0.405135
0.467607,-0.404244
0.468276,-0.403353
0.468944,-0.402462
0.469613,-0.401571
0.470281,-0.40068
0.470949,-0.399789
0.471618,-0.398898
0.472286,-0.398007
0.472955,-0.397116
0.473623,-0.396225
0.474291,-0.395334
0.47496,-0.394444
0.475628,-0.393553
0.476297,-0.392662
0.476965,-0.391771
0.477633,-0.39088
0.478302,-0.389989
0.47897,-0.389098
0.479639,-0.388207
0.480307,-0.387316
0.480975,-0.386425
0.481644,-0.385534
0.482312,-0.384643
0.482981,-0.383752
0.483649,-0.382861
0.484317,-0.38197
0.484986,-0.381079
0.485654,-0.380188
0.486323,-0.379297
0.486991,-0.378406
0.487659,-0.377515
0.488328,-0.376624
0.488996,-0.375733
0.489665,-0.374842
0.490333,-0.373951
0.491001,-0.37306
0.49167,-0.372169
0.492338,-0.371278
0.493007,-0.370387
