O
10
1,0,-1,0.78,-0.5,0.75,0.0,0.0,0.0,0.3,0.4,0.02,0,0.8,False
2,0,-1,1.1,-0.5,0.93,0.0,0.0,0.0,0.02,0.4,0.2,0,0.8,False
3,0,-1,0.78,-0.5,1.11,0.0,0.0,0.0,0.3,0.4,0.02,0,0.8,False
4,0,-1,0.8,-0.92,0.93,0.0,0.0,0.0,0.32,0.02,0.2,0,0.8,False
5,0,-1,0.8,-0.08,0.93,0.0,0.0,0.0,0.32,0.02,0.2,0,0.8,False
6,0,0,0.8458709460367209,-0.437445833061073,0.9147678740218622,0.0,0.0,4.514370845085217,0.03,0.06012991165806823,0.14476787402186217,0.29897785557028717,0.8703622231813523,False
7,0,0,0.6727520891770659,-0.1782024659420851,0.9200466070155762,0.0,0.0,4.494526441988708,0.03,0.06499139023813758,0.15004660701557615,0.16437003885023266,1.0871893405928346,False
8,2,0,0.8982099743724177,-0.5468662551387147,0.8450000000000001,0.0,0.0,5.268629829542776,0.03,0.03,0.15,0.25033147382909804,1.189994523363984,False
9,2,0,0.8320543136276198,-0.7052383808107561,0.8450000000000001,0.0,0.0,5.102141267751457,0.03,0.03,0.15,0.4017719039024299,0.9501309750510883,False
10,0,0,0.9474174384591048,-0.23508723411115195,0.86,0.0,0.0,1.6354745803586122,0.03,0.03784708052090542,0.09,0.31532893418868807,0.9073523852793496,False
R
0.0,0.0,0.0,0.0,0.0,0.0,1.0
S
8
torso_lift_joint,0
r_shoulder_pan_joint,-1.69017
r_shoulder_lift_joint,-0.0788625
r_upper_arm_roll_joint,-1.69017
r_elbow_flex_joint,-1.2717
r_forearm_roll_joint,-0.151824
r_wrist_flex_joint,-1.25254
r_wrist_roll_joint,0.675062
G
0.742795,-0.416764,0.914768,2.94357,-3.14159,3.14159
ooi
6
A
599
0.310248,-0.673113
0.310806,-0.673237
0.311364,-0.673362
0.311922,-0.673486
0.31248,-0.673611
0.313038,-0.673735
0.313596,-0.673859
0.314154,-0.673984
0.314713,-0.674108
0.315271,-0.674232
0.315829,-0.674357
0.316387,-0.674481
0.316945,-0.674605
0.317503,-0.67473
0.318061,-0.674854
0.318619,-0.674978
0.319177,-0.675103
0.319735,-0.675227
0.320293,-0.675352
0.320851,-0.675476
0.321409,-0.6756
0.321967,-0.675725
0.322525,-0.675849
0.323083,-0.675973
0.323641,-0.676098
0.324199,-0.676222
0.324757,-0.676346
0.325315,-0.676471
0.325873,-0.676595
0.326431,-0.67672
0.32699,-0.676844
0.327548,-0.676968
0.328106,-0.677093
0.328664,-0.677217
0.329222,-0.677341
0.32978,-0.677466
0.330338,-0.67759
0.330896,-0.677714
0.331454,-0.677839
0.332012,-0.677963
0.33257,-0.678087
0.333128,-0.678212
0.333686,-0.678336
0.334244,-0.678461
0.334802,-0.678585
0.33536,-0.678709
0.335918,-0.678834
0.336476,-0.678958
0.337034,-0.679082
0.337592,-0.679207
0.33815,-0.679331
0.338708,-0.679455
0.339267,-0.67958
0.339825,-0.679704
0.340383,-0.679829
0.340941,-0.679953
0.341499,-0.680077
0.342057,-0.680202
0.342615,-0.680326
0.343173,-0.68045
0.343731,-0.680575
0.344289,-0.680699
0.344847,-0.680823
0.345405,-0.680948
0.345963,-0.681072
0.346521,-0.681196
0.347079,-0.681321
0.347637,-0.681445
0.348195,-0.68157
0.348753,-0.681694
0.349311,-0.681818
0.349869,-0.681943
0.350427,-0.682067
0.350985,-0.682191
0.351544,-0.682316
0.352102,-0.68244
0.35266,-0.682564
0.353218,-0.682689
0.353776,-0.682813
0.354334,-0.682938
0.354892,-0.683062
0.35545,-0.683186
0.356008,-0.683311
0.356566,-0.683435
0.357124,-0.683559
0.357682,-0.683684
0.35824,-0.683808
0.358798,-0.683932
0.359356,-0.684057
0.359914,-0.684181
0.360472,-0.684305
0.36103,-0.68443
0.361588,-0.684554
0.362146,-0.684679
0.362704,-0.684803
0.363262,-0.684927
0.36382,-0.685052
0.364379,-0.685176
0.364937,-0.6853
0.365495,-0.685425
0.366053,-0.685549
0.366611,-0.685673
0.367169,-0.685798
0.367727,-0.685922
0.368285,-0.686047
0.368843,-0.686171
0.369401,-0.686295
0.369959,-0.68642
0.370517,-0.686544
0.371075,-0.686668
0.371633,-0.686793
0.372191,-0.686917
0.372749,-0.687041
0.373307,-0.687166
0.373865,-0.68729
0.374423,-0.687414
0.374981,-0.687539
0.375539,-0.687663
0.376097,-0.687788
0.376656,-0.687912
0.377214,-0.688036
0.377772,-0.688161
0.37833,-0.688285
0.378888,-0.688409
0.379446,-0.688534
0.380004,-0.688658
0.380562,-0.688782
0.38112,-0.688907
0.381678,-0.689031
0.382236,-0.689156
0.382794,-0.68928
0.383352,-0.689404
0.38391,-0.689529
0.384468,-0.689653
0.385026,-0.689777
0.385584,-0.689902
0.386142,-0.690026
0.3867,-0.69015
0.387258,-0.690275
0.387816,-0.690399
0.388374,-0.690524
0.388933,-0.690648
0.389491,-0.690772
0.390049,-0.690897
0.390607,-0.691021
0.391165,-0.691145
0.391723,-0.69127
0.392281,-0.691394
0.392839,-0.691518
0.393397,-0.691643
0.393955,-0.691767
0.395018,-0.690636
0.396081,-0.689505
0.397144,-0.688374
0.398207,-0.687243
0.39927,-0.686112
0.400333,-0.684981
0.401396,-0.68385
0.402459,-0.682718
0.403522,-0.681587
0.404585,-0.680456
0.405647,-0.679325
0.40671,-0.678194
0.407773,-0.677063
0.408836,-0.675932
0.409899,-0.674801
0.410962,-0.67367
0.412025,-0.672539
0.413088,-0.671408
0.414151,-0.670276
0.415214,-0.669145
0.416277,-0.668014
0.41734,-0.666883
0.418403,-0.665752
0.419466,-0.664621
0.420529,-0.66349
0.421592,-0.662359
0.422655,-0.661228
0.423718,-0.660097
0.424781,-0.658966
0.425844,-0.657835
0.426907,-0.656703
0.42797,-0.655572
0.429033,-0.654441
0.430096,-0.65331
0.431159,-0.652179
0.432221,-0.651048
0.433284,-0.649917
0.434347,-0.648786
0.43541,-0.647655
0.436473,-0.646524
0.437536,-0.645393
0.438599,-0.644261
0.439662,-0.64313
0.440725,-0.641999
0.441788,-0.640868
0.442851,-0.639737
0.443914,-0.638606
0.444977,-0.637475
0.44604,-0.636344
0.447103,-0.635213
0.448166,-0.634082
0.449229,-0.632951
0.450292,-0.63182
0.451355,-0.630688
0.452418,-0.629557
0.453481,-0.628426
0.454544,-0.627295
0.455607,-0.626164
0.45667,-0.625033
0.457733,-0.623902
0.458796,-0.622771
0.459858,-0.62164
0.460921,-0.620509
0.461984,-0.619378
0.463047,-0.618246
0.46411,-0.617115
0.465173,-0.615984
0.466236,-0.614853
0.467299,-0.613722
0.468362,-0.612591
0.469425,-0.61146
0.470488,-0.610329
0.471551,-0.609198
0.472614,-0.608067
0.473677,-0.606936
0.47474,-0.605805
0.475803,-0.604673
0.476866,-0.603542
0.477929,-0.602411
0.478992,-0.60128
0.480055,-0.600149
0.481118,-0.599018
0.482181,-0.597887
0.483244,-0.596756
0.484307,-0.595625
0.48537,-0.594494
0.486432,-0.593363
0.487495,-0.592231
0.488558,-0.5911
0.489621,-0.589969
0.490684,-0.588838
0.491747,-0.587707
0.49281,-0.586576
0.493873,-0.585445
0.494936,-0.584314
0.495999,-0.583183
0.497062,-0.582052
0.498125,-0.580921
0.499188,-0.57979
0.500251,-0.578658
0.501314,-0.577527
0.502377,-0.576396
0.50344,-0.575265
0.504503,-0.574134
0.505566,-0.573003
0.506629,-0.571872
0.507692,-0.570741
0.508755,-0.56961
0.509818,-0.568479
0.510881,-0.567348
0.511944,-0.566216
0.513006,-0.565085
0.514069,-0.563954
0.515132,-0.562823
0.516195,-0.561692
0.517258,-0.560561
0.518321,-0.55943
0.519384,-0.558299
0.520447,-0.557168
0.52151,-0.556037
0.522573,-0.554906
0.523636,-0.553775
0.524699,-0.552643
0.525762,-0.551512
0.526825,-0.550381
0.527888,-0.54925
0.528951,-0.548119
0.530014,-0.546988
0.531077,-0.545857
0.53214,-0.544726
0.533203,-0.543595
0.534266,-0.542464
0.535329,-0.541333
0.536392,-0.540202
0.537455,-0.53907
0.538518,-0.537939
0.539581,-0.536808
0.540643,-0.535677
0.541706,-0.534546
0.542769,-0.533415
0.543832,-0.532284
0.544895,-0.531153
0.545958,-0.530022
0.547021,-0.528891
0.548084,-0.52776
0.549147,-0.526628
0.55021,-0.525497
0.551273,-0.524366
0.552336,-0.523235
0.551783,-0.522935
0.55123,-0.522636
0.550677,-0.522336
0.550124,-0.522036
0.549571,-0.521736
0.549018,-0.521436
0.548465,-0.521136
0.547912,-0.520836
0.547359,-0.520537
0.546806,-0.520237
0.546253,-0.519937
0.5457,-0.519637
0.545147,-0.519337
0.544594,-0.519037
0.544041,-0.518737
0.543488,-0.518438
0.542935,-0.518138
0.542382,-0.517838
0.541829,-0.517538
0.541276,-0.517238
0.540723,-0.516938
0.54017,-0.516639
0.539617,-0.516339
0.539064,-0.516039
0.538511,-0.515739
0.537958,-0.515439
0.537405,-0.515139
0.536852,-0.514839
0.536299,-0.51454
0.535746,-0.51424
0.535193,-0.51394
0.53464,-0.51364
0.534087,-0.51334
0.533534,-0.51304
0.532981,-0.512741
0.532428,-0.512441
0.531875,-0.512141
0.531322,-0.511841
0.530769,-0.511541
0.530216,-0.511241
0.529663,-0.510941
0.52911,-0.510642
0.528557,-0.510342
0.528004,-0.510042
0.527451,-0.509742
0.526898,-0.509442
0.526345,-0.509142
0.525792,-0.508842
0.525239,-0.508543
0.524686,-0.508243
0.524133,-0.507943
0.52358,-0.507643
0.523027,-0.507343
0.522474,-0.507043
0.521921,-0.506744
0.521368,-0.506444
0.520815,-0.506144
0.520262,-0.505844
0.519709,-0.505544
0.519156,-0.505244
0.518603,-0.504944
0.51805,-0.504645
0.517497,-0.504345
0.516944,-0.504045
0.516391,-0.503745
0.515838,-0.503445
0.515285,-0.503145
0.514732,-0.502845
0.514179,-0.502546
0.513626,-0.502246
0.513073,-0.501946
0.51252,-0.501646
0.511967,-0.501346
0.511414,-0.501046
0.510861,-0.500747
0.510308,-0.500447
0.509755,-0.500147
0.509202,-0.499847
0.508649,-0.499547
0.508096,-0.499247
0.507543,-0.498947
0.50699,-0.498648
0.506437,-0.498348
0.505884,-0.498048
0.505331,-0.497748
0.504778,-0.497448
0.504225,-0.497148
0.503672,-0.496849
0.503119,-0.496549
0.502566,-0.496249
0.502013,-0.495949
0.50146,-0.495649
0.500907,-0.495349
0.500354,-0.495049
0.499801,-0.49475
0.499248,-0.49445
0.498695,-0.49415
0.498142,-0.49385
0.497589,-0.49355
0.497036,-0.49325
0.496483,-0.49295
0.49593,-0.492651
0.495377,-0.492351
0.494824,-0.492051
0.494271,-0.491751
0.493718,-0.491451
0.493165,-0.491151
0.492612,-0.490852
0.492059,-0.490552
0.491506,-0.490252
0.490953,-0.489952
0.4904,-0.489652
0.489846,-0.489352
0.489293,-0.489052
0.48874,-0.488753
0.488187,-0.488453
0.487634,-0.488153
0.487081,-0.487853
0.486528,-0.487553
0.485975,-0.487253
0.485422,-0.486954
0.484869,-0.486654
0.484316,-0.486354
0.483763,-0.486054
0.48321,-0.485754
0.482657,-0.485454
0.482104,-0.485154
0.481551,-0.484855
0.480998,-0.484555
0.480445,-0.484255
0.479892,-0.483955
0.479339,-0.483655
0.478786,-0.483355
0.478233,-0.483055
0.47768,-0.482756
0.477127,-0.482456
0.476574,-0.482156
0.476021,-0.481856
0.475468,-0.481556
0.474915,-0.481256
0.474362,-0.480957
0.473809,-0.480657
0.473256,-0.480357
0.472703,-0.480057
0.47215,-0.479757
0.471597,-0.479457
0.471044,-0.479157
0.470491,-0.478858
0.469938,-0.478558
0.469385,-0.478258
0.47122,-0.477845
0.473055,-0.477432
0.47489,-0.47702
0.476725,-0.476607
0.47856,-0.476194
0.480395,-0.475782
0.48223,-0.475369
0.484065,-0.474956
0.4859,-0.474543
0.487735,-0.474131
0.48957,-0.473718
0.491405,-0.473305
0.49324,-0.472893
0.495075,-0.47248
0.49691,-0.472067
0.498745,-0.471655
0.50058,-0.471242
0.502415,-0.470829
0.50425,-0.470416
0.506085,-0.470004
0.50792,-0.469591
0.509755,-0.469178
0.51159,-0.468766
0.513425,-0.468353
0.51526,-0.46794
0.517094,-0.467527
0.518929,-0.467115
0.520764,-0.466702
0.522599,-0.466289
0.524434,-0.465877
0.526269,-0.465464
0.528104,-0.465051
0.529939,-0.464638
0.531774,-0.464226
0.533609,-0.463813
0.535444,-0.4634
0.537279,-0.462988
0.539114,-0.462575
0.540949,-0.462162
0.542784,-0.461749
0.544619,-0.461337
0.546454,-0.460924
0.548289,-0.460511
0.550124,-0.460099
0.551959,-0.459686
0.553794,-0.459273
0.555629,-0.45886
0.557464,-0.458448
0.559299,-0.458035
0.561134,-0.457622
0.562969,-0.45721
0.564804,-0.456797
0.566639,-0.456384
0.568474,-0.455972
0.570309,-0.455559
0.572143,-0.455146
0.573978,-0.454733
0.575813,-0.454321
0.577648,-0.453908
0.579483,-0.453495
0.581318,-0.453083
0.583153,-0.45267
0.584988,-0.452257
0.586823,-0.451844
0.588658,-0.451432
0.590493,-0.451019
0.592328,-0.450606
0.594163,-0.450194
0.595998,-0.449781
0.597833,-0.449368
0.599668,-0.448955
0.601503,-0.448543
0.603338,-0.44813
0.605173,-0.447717
0.607008,-0.447305
0.608843,-0.446892
0.610678,-0.446479
0.612513,-0.446066
0.614348,-0.445654
0.616183,-0.445241
0.618018,-0.444828
0.619853,-0.444416
0.621688,-0.444003
0.623523,-0.44359
0.625358,-0.443177
0.627193,-0.442765
0.629027,-0.442352
0.630862,-0.441939
0.632697,-0.441527
0.634532,-0.441114
0.636367,-0.440701
0.638202,-0.440288
0.640037,-0.439876
0.641872,-0.439463
0.643707,-0.43905
0.645542,-0.438638
0.647377,-0.438225
0.649212,-0.437812
0.651047,-0.4374
0.652882,-0.436987
0.654717,-0.436574
0.656552,-0.436161
0.658387,-0.435749
0.660222,-0.435336
0.662057,-0.434923
0.663892,-0.434511
0.665727,-0.434098
0.667562,-0.433685
0.669397,-0.433272
0.671232,-0.43286
0.673067,-0.432447
0.674902,-0.432034
0.676737,-0.431622
0.678572,-0.431209
0.680407,-0.430796
0.682242,-0.430383
0.684076,-0.429971
0.685911,-0.429558
0.687746,-0.429145
0.689581,-0.428733
0.691416,-0.42832
0.693251,-0.427907
0.695086,-0.427494
0.696921,-0.427082
0.698756,-0.426669
0.700591,-0.426256
0.702426,-0.425844
0.704261,-0.425431
0.706096,-0.425018
0.707931,-0.424605
0.709766,-0.424193
0.711601,-0.42378
0.713436,-0.423367
0.715271,-0.422955
0.717106,-0.422542
0.718941,-0.422129
0.720776,-0.421717
0.722611,-0.421304
0.724446,-0.420891
0.726281,-0.420478
0.728116,-0.420066
0.729951,-0.419653
0.731786,-0.41924
0.733621,-0.418828
0.735456,-0.418415
0.737291,-0.418002
0.739126,-0.417589
0.74096,-0.417177
0.742795,-0.416764
