O
10
1,0,-1,0.78,-0.5,0.75,0.0,0.0,0.0,0.3,0.4,0.02,0,0.8,False
2,0,-1,1.1,-0.5,0.93,0.0,0.0,0.0,0.02,0.4,0.2,0,0.8,False
3,0,-1,0.78,-0.5,1.11,0.0,0.0,0.0,0.3,0.4,0.02,0,0.8,False
4,0,-1,0.8,-0.92,0.93,0.0,0.0,0.0,0.32,0.02,0.2,0,0.8,False
5,0,-1,0.8,-0.08,0.93,0.0,0.0,0.0,0.32,0.02,0.2,0,0.8,False
6,2,0,0.735291223294461,-0.3207942376324865,0.8450000000000001,0.0,0.0,5.608994937409197,0.03,0.03,0.15,0.015742229738321678,1.003067164003939,False
7,2,0,0.9858050040310212,-0.26427536766095294,0.8450000000000001,0.0,0.0,0.022758008909814116,0.03,0.03,0.15,0.2733573116462984,1.039234968729347,False
8,0,0,0.9122430961801398,-0.70233570947276,0.9223081799725424,0.0,0.0,3.9820651026963882,0.03,0.05511522606930884,0.15230817997254242,0.052042907025540486,1.0464485386312758,False
9,2,0,0.5790459785660329,-0.7951329823184834,0.8450000000000001,0.0,0.0,4.631377477503593,0.0412788037892489,0.0412788037892489,0.15,0.04910343021522595,0.8251683300783902,False
10,2,0,0.7968187167745837,-0.47491570763444824,0.8589007222633366,0.0,0.0,2.587562666873835,0.03164056394417263,0.03164056394417263,0.1778014445266731,0.3151158797968629,0.8812607815495405,False
R
0.0,0.0,0.0,0.0,0.0,0.0,1.0
S
8
torso_lift_joint,0
r_shoulder_pan_joint,-1.69017
r_shoulder_lift_joint,-0.0788625
r_upper_arm_roll_joint,-1.69017
r_elbow_flex_joint,-1.2717
r_forearm_roll_joint,-0.151824
r_wrist_flex_joint,-1.25254
r_wrist_roll_joint,0.675062
G
0.672043,-0.361101,0.845,0.567374,-0,0
ooi
6
A
599
0.310248,-0.673113
0.310714,-0.67231
0.31118,-0.671506
0.311645,-0.670702
0.312111,-0.669899
0.312577,-0.669095
0.313043,-0.668292
0.313508,-0.667488
0.313974,-0.666685
0.31444,-0.665881
0.314905,-0.665078
0.315371,-0.664274
0.315837,-0.66347
0.316303,-0.662667
0.316768,-0.661863
0.317234,-0.66106
0.3177,-0.660256
0.318165,-0.659453
0.318631,-0.658649
0.319097,-0.657846
0.319563,-0.657042
0.320028,-0.656238
0.320494,-0.655435
0.32096,-0.654631
0.321426,-0.653828
0.321891,-0.653024
0.322357,-0.652221
0.322823,-0.651417
0.323288,-0.650614
0.323754,-0.64981
0.32422,-0.649006
0.324686,-0.648203
0.325151,-0.647399
0.325617,-0.646596
0.326083,-0.645792
0.326548,-0.644989
0.327014,-0.644185
0.32748,-0.643382
0.327946,-0.642578
0.328411,-0.641774
0.328877,-0.640971
0.329343,-0.640167
0.329809,-0.639364
0.330274,-0.63856
0.33074,-0.637757
0.331206,-0.636953
0.331671,-0.63615
0.332137,-0.635346
0.332603,-0.634542
0.333069,-0.633739
0.333534,-0.632935
0.334,-0.632132
0.334466,-0.631328
0.334931,-0.630525
0.335397,-0.629721
0.335863,-0.628918
0.336329,-0.628114
0.336794,-0.62731
0.33726,-0.626507
0.337726,-0.625703
0.338192,-0.6249
0.338657,-0.624096
0.339123,-0.623293
0.339589,-0.622489
0.340054,-0.621686
0.34052,-0.620882
0.340986,-0.620078
0.341452,-0.619275
0.341917,-0.618471
0.342383,-0.617668
0.342849,-0.616864
0.343314,-0.616061
0.34378,-0.615257
0.344246,-0.614454
0.344712,-0.61365
0.345177,-0.612846
0.345643,-0.612043
0.346109,-0.611239
0.346575,-0.610436
0.34704,-0.609632
0.347506,-0.608829
0.347972,-0.608025
0.348437,-0.607222
0.348903,-0.606418
0.349369,-0.605614
0.349835,-0.604811
0.3503,-0.604007
0.350766,-0.603204
0.351232,-0.6024
0.351697,-0.601597
0.352163,-0.600793
0.352629,-0.59999
0.353095,-0.599186
0.35356,-0.598382
0.354026,-0.597579
0.354492,-0.596775
0.354958,-0.595972
0.355423,-0.595168
0.355889,-0.594365
0.356355,-0.593561
0.35682,-0.592758
0.357286,-0.591954
0.357752,-0.59115
0.358218,-0.590347
0.358683,-0.589543
0.359149,-0.58874
0.359615,-0.587936
0.36008,-0.587133
0.360546,-0.586329
0.361012,-0.585526
0.361478,-0.584722
0.361943,-0.583918
0.362409,-0.583115
0.362875,-0.582311
0.363341,-0.581508
0.363806,-0.580704
0.364272,-0.579901
0.364738,-0.579097
0.365203,-0.578294
0.365669,-0.57749
0.366135,-0.576686
0.366601,-0.575883
0.367066,-0.575079
0.367532,-0.574276
0.367998,-0.573472
0.368463,-0.572669
0.368929,-0.571865
0.369395,-0.571062
0.369861,-0.570258
0.370326,-0.569454
0.370792,-0.568651
0.371258,-0.567847
0.371724,-0.567044
0.372189,-0.56624
0.372655,-0.565437
0.373121,-0.564633
0.373586,-0.56383
0.374052,-0.563026
0.374518,-0.562222
0.374984,-0.561419
0.375449,-0.560615
0.375915,-0.559812
0.376381,-0.559008
0.376846,-0.558205
0.377312,-0.557401
0.377778,-0.556598
0.378244,-0.555794
0.378709,-0.55499
0.379175,-0.554187
0.379641,-0.553383
0.380107,-0.55258
0.380728,-0.553215
0.38135,-0.55385
0.381972,-0.554486
0.382594,-0.555121
0.383216,-0.555757
0.383838,-0.556392
0.38446,-0.557027
0.385081,-0.557663
0.385703,-0.558298
0.386325,-0.558933
0.386947,-0.559569
0.387569,-0.560204
0.388191,-0.560839
0.388813,-0.561475
0.389435,-0.56211
0.390056,-0.562745
0.390678,-0.563381
0.3913,-0.564016
0.391922,-0.564651
0.392544,-0.565287
0.393166,-0.565922
0.393788,-0.566557
0.39441,-0.567193
0.395031,-0.567828
0.395653,-0.568463
0.396275,-0.569099
0.396897,-0.569734
0.397519,-0.570369
0.398141,-0.571005
0.398763,-0.57164
0.399384,-0.572275
0.400006,-0.572911
0.400628,-0.573546
0.40125,-0.574181
0.401872,-0.574817
0.402494,-0.575452
0.403116,-0.576088
0.403738,-0.576723
0.404359,-0.577358
0.404981,-0.577994
0.405603,-0.578629
0.406225,-0.579264
0.406847,-0.5799
0.407469,-0.580535
0.408091,-0.58117
0.408713,-0.581806
0.409334,-0.582441
0.409956,-0.583076
0.410578,-0.583712
0.4112,-0.584347
0.411822,-0.584982
0.412444,-0.585618
0.413066,-0.586253
0.413687,-0.586888
0.414309,-0.587524
0.414931,-0.588159
0.415553,-0.588794
0.416175,-0.58943
0.416797,-0.590065
0.417419,-0.5907
0.418041,-0.591336
0.418662,-0.591971
0.419284,-0.592606
0.419906,-0.593242
0.420528,-0.593877
0.42115,-0.594512
0.421772,-0.595148
0.422394,-0.595783
0.423016,-0.596419
0.423637,-0.597054
0.424259,-0.597689
0.424881,-0.598325
0.425503,-0.59896
0.426125,-0.599595
0.426747,-0.600231
0.427369,-0.600866
0.42799,-0.601501
0.428612,-0.602137
0.429234,-0.602772
0.429856,-0.603407
0.430478,-0.604043
0.4311,-0.604678
0.431722,-0.605313
0.432344,-0.605949
0.432965,-0.606584
0.433587,-0.607219
0.434209,-0.607855
0.434831,-0.60849
0.435453,-0.609125
0.436075,-0.609761
0.436697,-0.610396
0.437319,-0.611031
0.43794,-0.611667
0.438562,-0.612302
0.439184,-0.612937
0.439806,-0.613573
0.440428,-0.614208
0.44105,-0.614843
0.441672,-0.615479
0.442293,-0.616114
0.442915,-0.61675
0.443537,-0.617385
0.444159,-0.61802
0.444781,-0.618656
0.445403,-0.619291
0.446025,-0.619926
0.446647,-0.620562
0.447268,-0.621197
0.44789,-0.621832
0.448512,-0.622468
0.449134,-0.623103
0.449756,-0.623738
0.450378,-0.624374
0.451,-0.625009
0.451622,-0.625644
0.452243,-0.62628
0.452865,-0.626915
0.453487,-0.62755
0.454109,-0.628186
0.454731,-0.628821
0.455353,-0.629456
0.455975,-0.630092
0.456596,-0.630727
0.457218,-0.631362
0.45784,-0.631998
0.458462,-0.632633
0.459084,-0.633268
0.459706,-0.633904
0.460328,-0.634539
0.46095,-0.635174
0.461571,-0.63581
0.462193,-0.636445
0.462815,-0.637081
0.463437,-0.637716
0.464059,-0.638351
0.464681,-0.638987
0.465303,-0.639622
0.465925,-0.640257
0.466546,-0.640893
0.467168,-0.641528
0.46779,-0.642163
0.468412,-0.642799
0.469034,-0.643434
0.469656,-0.644069
0.470278,-0.644705
0.470899,-0.64534
0.471521,-0.645975
0.472143,-0.646611
0.472765,-0.647246
0.47356,-0.646613
0.474354,-0.64598
0.475149,-0.645347
0.475944,-0.644715
0.476738,-0.644082
0.477533,-0.643449
0.478327,-0.642816
0.479122,-0.642183
0.479917,-0.64155
0.480711,-0.640917
0.481506,-0.640284
0.482301,-0.639652
0.483095,-0.639019
0.48389,-0.638386
0.484684,-0.637753
0.485479,-0.63712
0.486274,-0.636487
0.487068,-0.635854
0.487863,-0.635221
0.488657,-0.634589
0.489452,-0.633956
0.490247,-0.633323
0.491041,-0.63269
0.491836,-0.632057
0.492631,-0.631424
0.493425,-0.630791
0.49422,-0.630158
0.495014,-0.629526
0.495809,-0.628893
0.496604,-0.62826
0.497398,-0.627627
0.498193,-0.626994
0.498988,-0.626361
0.499782,-0.625728
0.500577,-0.625095
0.501371,-0.624463
0.502166,-0.62383
0.502961,-0.623197
0.503755,-0.622564
0.50455,-0.621931
0.505345,-0.621298
0.506139,-0.620665
0.506934,-0.620032
0.507728,-0.6194
0.508523,-0.618767
0.509318,-0.618134
0.510112,-0.617501
0.510907,-0.616868
0.511701,-0.616235
0.512496,-0.615602
0.513291,-0.614969
0.514085,-0.614337
0.51488,-0.613704
0.515675,-0.613071
0.516469,-0.612438
0.517264,-0.611805
0.518058,-0.611172
0.518853,-0.610539
0.519648,-0.609906
0.520442,-0.609274
0.521237,-0.608641
0.522032,-0.608008
0.522826,-0.607375
0.523621,-0.606742
0.524415,-0.606109
0.52521,-0.605476
0.526005,-0.604844
0.526799,-0.604211
0.527594,-0.603578
0.528389,-0.602945
0.529183,-0.602312
0.529978,-0.601679
0.530772,-0.601046
0.531567,-0.600413
0.532362,-0.599781
0.533156,-0.599148
0.533951,-0.598515
0.534745,-0.597882
0.53554,-0.597249
0.536335,-0.596616
0.537129,-0.595983
0.537924,-0.59535
0.538719,-0.594718
0.539513,-0.594085
0.540308,-0.593452
0.541102,-0.592819
0.541897,-0.592186
0.542692,-0.591553
0.543486,-0.59092
0.544281,-0.590287
0.545076,-0.589655
0.54587,-0.589022
0.546665,-0.588389
0.547459,-0.587756
0.548254,-0.587123
0.549049,-0.58649
0.549843,-0.585857
0.550638,-0.585224
0.551433,-0.584592
0.552227,-0.583959
0.553022,-0.583326
0.553816,-0.582693
0.554611,-0.58206
0.555406,-0.581427
0.5562,-0.580794
0.556995,-0.580161
0.557789,-0.579529
0.558584,-0.578896
0.559379,-0.578263
0.560173,-0.57763
0.560968,-0.576997
0.561763,-0.576364
0.562557,-0.575731
0.563352,-0.575098
0.564146,-0.574466
0.564941,-0.573833
0.565736,-0.5732
0.56653,-0.572567
0.567325,-0.571934
0.56812,-0.571301
0.568914,-0.570668
0.569709,-0.570035
0.570503,-0.569403
0.571298,-0.56877
0.572093,-0.568137
0.572887,-0.567504
0.573682,-0.566871
0.574477,-0.566238
0.575271,-0.565605
0.576066,-0.564972
0.57686,-0.56434
0.577655,-0.563707
0.57845,-0.563074
0.579244,-0.562441
0.580039,-0.561808
0.580833,-0.561175
0.581628,-0.560542
0.582423,-0.559909
0.583217,-0.559277
0.584012,-0.558644
0.584807,-0.558011
0.585601,-0.557378
0.586396,-0.556745
0.58719,-0.556112
0.587985,-0.555479
0.58878,-0.554846
0.589574,-0.554214
0.590369,-0.553581
0.591164,-0.552948
0.591958,-0.552315
0.592496,-0.551032
0.593033,-0.549748
0.593571,-0.548465
0.594108,-0.547182
0.594646,-0.545898
0.595183,-0.544615
0.595721,-0.543332
0.596258,-0.542048
0.596795,-0.540765
0.597333,-0.539482
0.59787,-0.538199
0.598408,-0.536915
0.598945,-0.535632
0.599483,-0.534349
0.60002,-0.533065
0.600558,-0.531782
0.601095,-0.530499
0.601633,-0.529215
0.60217,-0.527932
0.602708,-0.526649
0.603245,-0.525365
0.603783,-0.524082
0.60432,-0.522799
0.604858,-0.521515
0.605395,-0.520232
0.605933,-0.518949
0.60647,-0.517665
0.607008,-0.516382
0.607545,-0.515099
0.608083,-0.513815
0.60862,-0.512532
0.609158,-0.511249
0.609695,-0.509966
0.610232,-0.508682
0.61077,-0.507399
0.611307,-0.506116
0.611845,-0.504832
0.612382,-0.503549
0.61292,-0.502266
0.613457,-0.500982
0.613995,-0.499699
0.614532,-0.498416
0.61507,-0.497132
0.615607,-0.495849
0.616145,-0.494566
0.616682,-0.493282
0.61722,-0.491999
0.617757,-0.490716
0.618295,-0.489432
0.618832,-0.488149
0.61937,-0.486866
0.619907,-0.485583
0.620445,-0.484299
0.620982,-0.483016
0.62152,-0.481733
0.622057,-0.480449
0.622595,-0.479166
0.623132,-0.477883
0.623669,-0.476599
0.624207,-0.475316
0.624744,-0.474033
0.625282,-0.472749
0.625819,-0.471466
0.626357,-0.470183
0.626894,-0.468899
0.627432,-0.467616
0.627969,-0.466333
0.628507,-0.465049
0.629044,-0.463766
0.629582,-0.462483
0.630119,-0.461199
0.630657,-0.459916
0.631194,-0.458633
0.631732,-0.45735
0.632269,-0.456066
0.632807,-0.454783
0.633344,-0.4535
0.633882,-0.452216
0.634419,-0.450933
0.634957,-0.44965
0.635494,-0.448366
0.636031,-0.447083
0.636569,-0.4458
0.637106,-0.444516
0.637644,-0.443233
0.638181,-0.44195
0.638719,-0.440666
0.639256,-0.439383
0.639794,-0.4381
0.640331,-0.436816
0.640869,-0.435533
0.641406,-0.43425
0.641944,-0.432966
0.642481,-0.431683
0.643019,-0.4304
0.643556,-0.429117
0.644094,-0.427833
0.644631,-0.42655
0.645169,-0.425267
0.645706,-0.423983
0.646244,-0.4227
0.646781,-0.421417
0.647319,-0.420133
0.647856,-0.41885
0.648394,-0.417567
0.648931,-0.416283
0.649468,-0.415
0.650006,-0.413717
0.650543,-0.412433
0.651081,-0.41115
0.651618,-0.409867
0.652156,-0.408583
0.652693,-0.4073
0.653231,-0.406017
0.653768,-0.404734
0.654306,-0.40345
0.654843,-0.402167
0.655381,-0.400884
0.655918,-0.3996
0.656456,-0.398317
0.656993,-0.397034
0.657531,-0.39575
0.658068,-0.394467
0.658606,-0.393184
0.659143,-0.3919
0.659681,-0.390617
0.660218,-0.389334
0.660756,-0.38805
0.661293,-0.386767
0.66183,-0.385484
0.662368,-0.3842
0.662905,-0.382917
0.663443,-0.381634
0.66398,-0.38035
0.664518,-0.379067
0.665055,-0.377784
0.665593,-0.376501
0.66613,-0.375217
0.666668,-0.373934
0.667205,-0.372651
0.667743,-0.371367
0.66828,-0.370084
0.668818,-0.368801
0.669355,-0.367517
0.669893,-0.366234
0.67043,-0.364951
0.670968,-0.363667
0.671505,-0.362384
0.672043,-0.361101
