O
10
1,0,-1,0.78,-0.5,0.75,0.0,0.0,0.0,0.3,0.4,0.02,0,0.8,False
2,0,-1,1.1,-0.5,0.93,0.0,0.0,0.0,0.02,0.4,0.2,0,0.8,False
3,0,-1,0.78,-0.5,1.11,0.0,0.0,0.0,0.3,0.4,0.02,0,0.8,False
4,0,-1,0.8,-0.92,0.93,0.0,0.0,0.0,0.32,0.02,0.2,0,0.8,False
5,0,-1,0.8,-0.08,0.93,0.0,0.0,0.0,0.32,0.02,0.2,0,0.8,False
6,2,0,0.9382147825537398,-0.43585407893616573,0.8450000000000001,0.0,0.0,1.3325382585330143,0.04752804459056824,0.04752804459056824,0.15,0.10121186368035062,1.0562076141213257,False
7,2,0,0.6185560699994654,-0.48593470731984445,0.8623649498377142,0.0,0.0,0.9689070131148572,0.033239177678748344,0.033239177678748344,0.18472989967542824,0.43026775952930985,1.1756350579601076,False
8,0,0,0.7894558491809993,-0.6737982201821586,0.86,0.0,0.0,6.003437441829296,0.03955486189612071,0.03,0.09,0.20359435608094206,0.8139299717141917,False
9,2,0,0.8820825747237895,-0.705202198875062,0.856601013529986,0.0,0.0,6.216788312327177,0.03155720172852694,0.03155720172852694,0.17320202705997195,0.14146246906081267,1.0323717951229958,False
10,2,0,0.7472761128670631,-0.3497167888373469,0.8450000000000001,0.0,0.0,1.097236506999537,0.05185571943160388,0.05185571943160388,0.15,0.08556975413785045,1.090470037926705,False
R
0.0,0.0,0.0,0.0,0.0,0.0,1.0
S
8
torso_lift_joint,0
r_shoulder_pan_joint,-1.69017
r_shoulder_lift_joint,-0.0788625
r_upper_arm_roll_joint,-1.69017
r_elbow_flex_joint,-1.2717
r_forearm_roll_joint,-0.151824
r_wrist_flex_joint,-1.25254
r_wrist_roll_joint,0.675062
G
0.541072,-0.496781,0.862365,0.13908,-0,0
ooi
7
A
599
0.310248,-0.673113
0.31026,-0.672655
0.310272,-0.672198
0.310285,-0.67174
0.310297,-0.671282
0.310309,-0.670824
0.310321,-0.670366
0.310333,-0.669909
0.310345,-0.669451
0.310358,-0.668993
0.31037,-0.668535
0.310382,-0.668078
0.310394,-0.66762
0.310406,-0.667162
0.310418,-0.666704
0.31043,-0.666247
0.310443,-0.665789
0.310455,-0.665331
0.310467,-0.664873
0.310479,-0.664415
0.310491,-0.663958
0.310503,-0.6635
0.310515,-0.663042
0.310528,-0.662584
0.31054,-0.662127
0.310552,-0.661669
0.310564,-0.661211
0.310576,-0.660753
0.310588,-0.660296
0.310601,-0.659838
0.310613,-0.65938
0.310625,-0.658922
0.310637,-0.658465
0.310649,-0.658007
0.310661,-0.657549
0.310673,-0.657091
0.310686,-0.656633
0.310698,-0.656176
0.31071,-0.655718
0.310722,-0.65526
0.310734,-0.654802
0.310746,-0.654345
0.310759,-0.653887
0.310771,-0.653429
0.310783,-0.652971
0.310795,-0.652514
0.310807,-0.652056
0.310819,-0.651598
0.310831,-0.65114
0.310844,-0.650682
0.310856,-0.650225
0.310868,-0.649767
0.31088,-0.649309
0.310892,-0.648851
0.310904,-0.648394
0.310916,-0.647936
0.310929,-0.647478
0.310941,-0.64702
0.310953,-0.646563
0.310965,-0.646105
0.310977,-0.645647
0.310989,-0.645189
0.311002,-0.644731
0.311014,-0.644274
0.311026,-0.643816
0.311038,-0.643358
0.31105,-0.6429
0.311062,-0.642443
0.311074,-0.641985
0.311087,-0.641527
0.311099,-0.641069
0.311111,-0.640612
0.311123,-0.640154
0.311135,-0.639696
0.311147,-0.639238
0.311159,-0.63878
0.311172,-0.638323
0.311184,-0.637865
0.311196,-0.637407
0.311208,-0.636949
0.31122,-0.636492
0.311232,-0.636034
0.311245,-0.635576
0.311257,-0.635118
0.311269,-0.634661
0.311281,-0.634203
0.311293,-0.633745
0.311305,-0.633287
0.311317,-0.632829
0.31133,-0.632372
0.311342,-0.631914
0.311354,-0.631456
0.311366,-0.630998
0.311378,-0.630541
0.31139,-0.630083
0.311403,-0.629625
0.311415,-0.629167
0.311427,-0.62871
0.311439,-0.628252
0.311451,-0.627794
0.311463,-0.627336
0.311475,-0.626879
0.311488,-0.626421
0.3115,-0.625963
0.311512,-0.625505
0.311524,-0.625047
0.311536,-0.62459
0.311548,-0.624132
0.31156,-0.623674
0.311573,-0.623216
0.311585,-0.622759
0.311597,-0.622301
0.311609,-0.621843
0.311621,-0.621385
0.311633,-0.620928
0.311646,-0.62047
0.311658,-0.620012
0.31167,-0.619554
0.311682,-0.619096
0.311694,-0.618639
0.311706,-0.618181
0.311718,-0.617723
0.311731,-0.617265
0.311743,-0.616808
0.311755,-0.61635
0.311767,-0.615892
0.311779,-0.615434
0.311791,-0.614977
0.311803,-0.614519
0.311816,-0.614061
0.311828,-0.613603
0.31184,-0.613145
0.311852,-0.612688
0.311864,-0.61223
0.311876,-0.611772
0.311889,-0.611314
0.311901,-0.610857
0.311913,-0.610399
0.311925,-0.609941
0.311937,-0.609483
0.311949,-0.609026
0.311961,-0.608568
0.311974,-0.60811
0.311986,-0.607652
0.311998,-0.607194
0.31201,-0.606737
0.312022,-0.606279
0.312034,-0.605821
0.312047,-0.605363
0.312059,-0.604906
0.312071,-0.604448
0.31276,-0.605028
0.31345,-0.605609
0.314139,-0.606189
0.314829,-0.60677
0.315518,-0.607351
0.316208,-0.607931
0.316898,-0.608512
0.317587,-0.609092
0.318277,-0.609673
0.318966,-0.610253
0.319656,-0.610834
0.320345,-0.611414
0.321035,-0.611995
0.321724,-0.612575
0.322414,-0.613156
0.323103,-0.613736
0.323793,-0.614317
0.324482,-0.614897
0.325172,-0.615478
0.325861,-0.616058
0.326551,-0.616639
0.32724,-0.617219
0.32793,-0.6178
0.328619,-0.61838
0.329309,-0.618961
0.329999,-0.619542
0.330688,-0.620122
0.331378,-0.620703
0.332067,-0.621283
0.332757,-0.621864
0.333446,-0.622444
0.334136,-0.623025
0.334825,-0.623605
0.335515,-0.624186
0.336204,-0.624766
0.336894,-0.625347
0.337583,-0.625927
0.338273,-0.626508
0.338962,-0.627088
0.339652,-0.627669
0.340341,-0.628249
0.341031,-0.62883
0.341721,-0.62941
0.34241,-0.629991
0.3431,-0.630571
0.343789,-0.631152
0.344479,-0.631733
0.345168,-0.632313
0.345858,-0.632894
0.346547,-0.633474
0.347237,-0.634055
0.347926,-0.634635
0.348616,-0.635216
0.349305,-0.635796
0.349995,-0.636377
0.350684,-0.636957
0.351374,-0.637538
0.352063,-0.638118
0.352753,-0.638699
0.353442,-0.639279
0.354132,-0.63986
0.354822,-0.64044
0.355511,-0.641021
0.356201,-0.641601
0.35689,-0.642182
0.35758,-0.642762
0.358269,-0.643343
0.358959,-0.643924
0.359648,-0.644504
0.360338,-0.645085
0.361027,-0.645665
0.361717,-0.646246
0.362406,-0.646826
0.363096,-0.647407
0.363785,-0.647987
0.364475,-0.648568
0.365164,-0.649148
0.365854,-0.649729
0.366544,-0.650309
0.367233,-0.65089
0.367923,-0.65147
0.368612,-0.652051
0.369302,-0.652631
0.369991,-0.653212
0.370681,-0.653792
0.37137,-0.654373
0.37206,-0.654954
0.372749,-0.655534
0.373439,-0.656115
0.374128,-0.656695
0.374818,-0.657276
0.375507,-0.657856
0.376197,-0.658437
0.376886,-0.659017
0.377576,-0.659598
0.378265,-0.660178
0.378955,-0.660759
0.379645,-0.661339
0.380334,-0.66192
0.381024,-0.6625
0.381713,-0.663081
0.382403,-0.663661
0.383092,-0.664242
0.383782,-0.664822
0.384471,-0.665403
0.385161,-0.665983
0.38585,-0.666564
0.38654,-0.667145
0.387229,-0.667725
0.387919,-0.668306
0.388608,-0.668886
0.389298,-0.669467
0.389987,-0.670047
0.390677,-0.670628
0.391367,-0.671208
0.392056,-0.671789
0.392746,-0.672369
0.393435,-0.67295
0.394125,-0.67353
0.394814,-0.674111
0.395504,-0.674691
0.396193,-0.675272
0.396883,-0.675852
0.397572,-0.676433
0.398262,-0.677013
0.398951,-0.677594
0.399641,-0.678174
0.40033,-0.678755
0.40102,-0.679336
0.401709,-0.679916
0.402399,-0.680497
0.403088,-0.681077
0.403778,-0.681658
0.404468,-0.682238
0.405157,-0.682819
0.405847,-0.683399
0.406536,-0.68398
0.407226,-0.68456
0.407915,-0.685141
0.408605,-0.685721
0.409294,-0.686302
0.409984,-0.686882
0.410673,-0.687463
0.411363,-0.688043
0.412052,-0.688624
0.412742,-0.689204
0.413431,-0.689785
0.414121,-0.690365
0.41481,-0.690946
0.416017,-0.690374
0.417223,-0.689803
0.418429,-0.689231
0.419636,-0.68866
0.420842,-0.688088
0.422048,-0.687517
0.423254,-0.686945
0.424461,-0.686374
0.425667,-0.685802
0.426873,-0.68523
0.42808,-0.684659
0.429286,-0.684087
0.430492,-0.683516
0.431698,-0.682944
0.432905,-0.682373
0.434111,-0.681801
0.435317,-0.68123
0.436523,-0.680658
0.43773,-0.680087
0.438936,-0.679515
0.440142,-0.678943
0.441349,-0.678372
0.442555,-0.6778
0.443761,-0.677229
0.444967,-0.676657
0.446174,-0.676086
0.44738,-0.675514
0.448586,-0.674943
0.449793,-0.674371
0.450999,-0.673799
0.452205,-0.673228
0.453411,-0.672656
0.454618,-0.672085
0.455824,-0.671513
0.45703,-0.670942
0.458237,-0.67037
0.459443,-0.669799
0.460649,-0.669227
0.461855,-0.668655
0.463062,-0.668084
0.464268,-0.667512
0.465474,-0.666941
0.466681,-0.666369
0.467887,-0.665798
0.469093,-0.665226
0.470299,-0.664655
0.471506,-0.664083
0.472712,-0.663512
0.473918,-0.66294
0.475124,-0.662368
0.476331,-0.661797
0.477537,-0.661225
0.478743,-0.660654
0.47995,-0.660082
0.481156,-0.659511
0.482362,-0.658939
0.483568,-0.658368
0.484775,-0.657796
0.485981,-0.657224
0.487187,-0.656653
0.488394,-0.656081
0.4896,-0.65551
0.490806,-0.654938
0.492012,-0.654367
0.493219,-0.653795
0.494425,-0.653224
0.495631,-0.652652
0.496838,-0.65208
0.498044,-0.651509
0.49925,-0.650937
0.500456,-0.650366
0.501663,-0.649794
0.502869,-0.649223
0.504075,-0.648651
0.505281,-0.64808
0.506488,-0.647508
0.507694,-0.646936
0.5089,-0.646365
0.510107,-0.645793
0.511313,-0.645222
0.512519,-0.64465
0.513725,-0.644079
0.514932,-0.643507
0.516138,-0.642936
0.517344,-0.642364
0.518551,-0.641793
0.519757,-0.641221
0.520963,-0.640649
0.522169,-0.640078
0.523376,-0.639506
0.524582,-0.638935
0.525788,-0.638363
0.526995,-0.637792
0.528201,-0.63722
0.529407,-0.636649
0.530613,-0.636077
0.53182,-0.635505
0.533026,-0.634934
0.534232,-0.634362
0.535438,-0.633791
0.536645,-0.633219
0.537851,-0.632648
0.539057,-0.632076
0.540264,-0.631505
0.54147,-0.630933
0.542676,-0.630361
0.543882,-0.62979
0.545089,-0.629218
0.546295,-0.628647
0.547501,-0.628075
0.548708,-0.627504
0.549914,-0.626932
0.55112,-0.626361
0.552326,-0.625789
0.553533,-0.625217
0.554739,-0.624646
0.555945,-0.624074
0.557152,-0.623503
0.558358,-0.622931
0.559564,-0.62236
0.56077,-0.621788
0.561977,-0.621217
0.563183,-0.620645
0.564389,-0.620074
0.565595,-0.619502
0.566802,-0.61893
0.568008,-0.618359
0.569214,-0.617787
0.570421,-0.617216
0.571627,-0.616644
0.572833,-0.616073
0.574039,-0.615501
0.575246,-0.61493
0.576452,-0.614358
0.577658,-0.613786
0.578865,-0.613215
0.580071,-0.612643
0.581277,-0.612072
0.582483,-0.6115
0.58369,-0.610929
0.584896,-0.610357
0.586102,-0.609786
0.587309,-0.609214
0.588515,-0.608642
0.589721,-0.608071
0.590927,-0.607499
0.592134,-0.606928
0.59334,-0.606356
0.594546,-0.605785
0.595753,-0.605213
0.595386,-0.604485
0.595019,-0.603758
0.594652,-0.60303
0.594285,-0.602302
0.593918,-0.601574
0.593551,-0.600847
0.593184,-0.600119
0.592817,-0.599391
0.59245,-0.598664
0.592083,-0.597936
0.591716,-0.597208
0.591349,-0.59648
0.590982,-0.595753
0.590615,-0.595025
0.590248,-0.594297
0.589881,-0.593569
0.589514,-0.592842
0.589147,-0.592114
0.58878,-0.591386
0.588413,-0.590659
0.588046,-0.589931
0.587679,-0.589203
0.587312,-0.588475
0.586945,-0.587748
0.586578,-0.58702
0.586211,-0.586292
0.585844,-0.585564
0.585477,-0.584837
0.58511,-0.584109
0.584743,-0.583381
0.584376,-0.582653
0.584009,-0.581926
0.583642,-0.581198
0.583275,-0.58047
0.582908,-0.579743
0.582541,-0.579015
0.582174,-0.578287
0.581807,-0.577559
0.58144,-0.576832
0.581073,-0.576104
0.580706,-0.575376
0.580339,-0.574648
0.579972,-0.573921
0.579605,-0.573193
0.579238,-0.572465
0.578871,-0.571738
0.578504,-0.57101
0.578137,-0.570282
0.57777,-0.569554
0.577403,-0.568827
0.577036,-0.568099
0.57667,-0.567371
0.576303,-0.566643
0.575936,-0.565916
0.575569,-0.565188
0.575202,-0.56446
0.574835,-0.563732
0.574468,-0.563005
0.574101,-0.562277
0.573734,-0.561549
0.573367,-0.560822
0.573,-0.560094
0.572633,-0.559366
0.572266,-0.558638
0.571899,-0.557911
0.571532,-0.557183
0.571165,-0.556455
0.570798,-0.555727
0.570431,-0.555
0.570064,-0.554272
0.569697,-0.553544
0.56933,-0.552816
0.568963,-0.552089
0.568596,-0.551361
0.568229,-0.550633
0.567862,-0.549906
0.567495,-0.549178
0.567128,-0.54845
0.566761,-0.547722
0.566394,-0.546995
0.566027,-0.546267
0.56566,-0.545539
0.565293,-0.544811
0.564926,-0.544084
0.564559,-0.543356
0.564192,-0.542628
0.563825,-0.541901
0.563458,-0.541173
0.563091,-0.540445
0.562724,-0.539717
0.562357,-0.53899
0.56199,-0.538262
0.561623,-0.537534
0.561256,-0.536806
0.560889,-0.536079
0.560522,-0.535351
0.560155,-0.534623
0.559788,-0.533895
0.559421,-0.533168
0.559054,-0.53244
0.558687,-0.531712
0.55832,-0.530985
0.557953,-0.530257
0.557587,-0.529529
0.55722,-0.528801
0.556853,-0.528074
0.556486,-0.527346
0.556119,-0.526618
0.555752,-0.52589
0.555385,-0.525163
0.555018,-0.524435
0.554651,-0.523707
0.554284,-0.52298
0.553917,-0.522252
0.55355,-0.521524
0.553183,-0.520796
0.552816,-0.520069
0.552449,-0.519341
0.552082,-0.518613
0.551715,-0.517885
0.551348,-0.517158
0.550981,-0.51643
0.550614,-0.515702
0.550247,-0.514974
0.54988,-0.514247
0.549513,-0.513519
0.549146,-0.512791
0.548779,-0.512064
0.548412,-0.511336
0.548045,-0.510608
0.547678,-0.50988
0.547311,-0.509153
0.546944,-0.508425
0.546577,-0.507697
0.54621,-0.506969
0.545843,-0.506242
0.545476,-0.505514
0.545109,-0.504786
0.544742,-0.504059
0.544375,-0.503331
0.544008,-0.502603
0.543641,-0.501875
0.543274,-0.501148
0.542907,-0.50042
0.54254,-0.499692
0.542173,-0.498964
0.541806,-0.498237
0.541439,-0.497509
0.541072,-0.496781
