O
10
1,0,-1,0.78,-0.5,0.75,0.0,0.0,0.0,0.3,0.4,0.02,0,0.8,False
2,0,-1,1.1,-0.5,0.93,0.0,0.0,0.0,0.02,0.4,0.2,0,0.8,False
3,0,-1,0.78,-0.5,1.11,0.0,0.0,0.0,0.3,0.4,0.02,0,0.8,False
4,0,-1,0.8,-0.92,0.93,0.0,0.0,0.0,0.32,0.02,0.2,0,0.8,False
5,0,-1,0.8,-0.08,0.93,0.0,0.0,0.0,0.32,0.02,0.2,0,0.8,False
6,2,0,0.766566640879805,-0.5740103274271032,0.8450000000000001,0.0,0.0,5.207084866341793,0.03,0.03,0.15,0.17270544169473528,1.0300290453893164,False
7,0,0,0.8495177652025359,-0.4206498995270595,0.86,0.0,0.0,0.7620574409093241,0.03,0.03,0.09,0.1355995183633925,0.9945554094029571,False
8,2,0,0.6571530281137241,-0.6167507081412732,0.8450000000000001,0.0,0.0,3.300459851853567,0.03,0.03,0.15,0.31541369971255906,1.1288139637168706,False
9,2,0,1.006570396980478,-0.45061636820666245,0.8450000000000001,0.0,0.0,1.4580187719475288,0.034485699975762,0.034485699975762,0.15,0.0788514916079242,1.1936767352421602,False
10,2,0,0.5764673832420418,-0.2273267178103322,0.8627181205321847,0.0,0.0,3.3137076952448528,0.04115161554538765,0.04115161554538765,0.1854362410643693,0.09474563107558476,1.133507810596609,False
R
0.0,0.0,0.0,0.0,0.0,0.0,1.0
S
8
torso_lift_joint,0
r_shoulder_pan_joint,-1.69017
r_shoulder_lift_joint,-0.0788625
r_upper_arm_roll_joint,-1.69017
r_elbow_flex_joint,-1.2717
r_forearm_roll_joint,-0.151824
r_wrist_flex_joint,-1.25254
r_wrist_roll_joint,0.675062
G
0.6019,-0.667467,0.845,0.742608,-0,0
ooi
8
A
599
0.310248,-0.673113
0.311252,-0.67249
0.312255,-0.671867
0.313259,-0.671244
0.314263,-0.67062
0.315266,-0.669997
0.31627,-0.669374
0.317274,-0.668751
0.318277,-0.668128
0.319281,-0.667504
0.320284,-0.666881
0.321288,-0.666258
0.322292,-0.665635
0.323295,-0.665012
0.324299,-0.664388
0.325303,-0.663765
0.326306,-0.663142
0.32731,-0.662519
0.328313,-0.661896
0.329317,-0.661272
0.330321,-0.660649
0.331324,-0.660026
0.332328,-0.659403
0.333332,-0.65878
0.334335,-0.658157
0.335339,-0.657533
0.336343,-0.65691
0.337346,-0.656287
0.33835,-0.655664
0.339353,-0.655041
0.340357,-0.654417
0.341361,-0.653794
0.342364,-0.653171
0.343368,-0.652548
0.344372,-0.651925
0.345375,-0.651301
0.346379,-0.650678
0.347382,-0.650055
0.348386,-0.649432
0.34939,-0.648809
0.350393,-0.648185
0.351397,-0.647562
0.352401,-0.646939
0.353404,-0.646316
0.354408,-0.645693
0.355411,-0.64507
0.356415,-0.644446
0.357419,-0.643823
0.358422,-0.6432
0.359426,-0.642577
0.36043,-0.641954
0.361433,-0.64133
0.362437,-0.640707
0.36344,-0.640084
0.364444,-0.639461
0.365448,-0.638838
0.366451,-0.638214
0.367455,-0.637591
0.368459,-0.636968
0.369462,-0.636345
0.370466,-0.635722
0.371469,-0.635098
0.372473,-0.634475
0.373477,-0.633852
0.37448,-0.633229
0.375484,-0.632606
0.376488,-0.631983
0.377491,-0.631359
0.378495,-0.630736
0.379499,-0.630113
0.380502,-0.62949
0.381506,-0.628867
0.382509,-0.628243
0.383513,-0.62762
0.384517,-0.626997
0.38552,-0.626374
0.386524,-0.625751
0.387528,-0.625127
0.388531,-0.624504
0.389535,-0.623881
0.390538,-0.623258
0.391542,-0.622635
0.392546,-0.622011
0.393549,-0.621388
0.394553,-0.620765
0.395557,-0.620142
0.39656,-0.619519
0.397564,-0.618896
0.398567,-0.618272
0.399571,-0.617649
0.400575,-0.617026
0.401578,-0.616403
0.402582,-0.61578
0.403586,-0.615156
0.404589,-0.614533
0.405593,-0.61391
0.406596,-0.613287
0.4076,-0.612664
0.408604,-0.61204
0.409607,-0.611417
0.410611,-0.610794
0.411615,-0.610171
0.412618,-0.609548
0.413622,-0.608924
0.414625,-0.608301
0.415629,-0.607678
0.416633,-0.607055
0.417636,-0.606432
0.41864,-0.605809
0.419644,-0.605185
0.420647,-0.604562
0.421651,-0.603939
0.422654,-0.603316
0.423658,-0.602693
0.424662,-0.602069
0.425665,-0.601446
0.426669,-0.600823
0.427673,-0.6002
0.428676,-0.599577
0.42968,-0.598953
0.430684,-0.59833
0.431687,-0.597707
0.432691,-0.597084
0.433694,-0.596461
0.434698,-0.595837
0.435702,-0.595214
0.436705,-0.594591
0.437709,-0.593968
0.438713,-0.593345
0.439716,-0.592722
0.44072,-0.592098
0.441723,-0.591475
0.442727,-0.590852
0.443731,-0.590229
0.444734,-0.589606
0.445738,-0.588982
0.446742,-0.588359
0.447745,-0.587736
0.448749,-0.587113
0.449752,-0.58649
0.450756,-0.585866
0.45176,-0.585243
0.452763,-0.58462
0.453767,-0.583997
0.454771,-0.583374
0.455774,-0.58275
0.456778,-0.582127
0.457781,-0.581504
0.458785,-0.580881
0.459789,-0.580258
0.460792,-0.579635
0.461271,-0.578989
0.461749,-0.578344
0.462227,-0.577699
0.462706,-0.577054
0.463184,-0.576409
0.463662,-0.575764
0.464141,-0.575119
0.464619,-0.574474
0.465097,-0.573829
0.465576,-0.573183
0.466054,-0.572538
0.466532,-0.571893
0.467011,-0.571248
0.467489,-0.570603
0.467967,-0.569958
0.468446,-0.569313
0.468924,-0.568668
0.469403,-0.568023
0.469881,-0.567378
0.470359,-0.566732
0.470838,-0.566087
0.471316,-0.565442
0.471794,-0.564797
0.472273,-0.564152
0.472751,-0.563507
0.473229,-0.562862
0.473708,-0.562217
0.474186,-0.561572
0.474664,-0.560927
0.475143,-0.560281
0.475621,-0.559636
0.476099,-0.558991
0.476578,-0.558346
0.477056,-0.557701
0.477534,-0.557056
0.478013,-0.556411
0.478491,-0.555766
0.478969,-0.555121
0.479448,-0.554476
0.479926,-0.55383
0.480404,-0.553185
0.480883,-0.55254
0.481361,-0.551895
0.481839,-0.55125
0.482318,-0.550605
0.482796,-0.54996
0.483274,-0.549315
0.483753,-0.54867
0.484231,-0.548024
0.484709,-0.547379
0.485188,-0.546734
0.485666,-0.546089
0.486144,-0.545444
0.486623,-0.544799
0.487101,-0.544154
0.48758,-0.543509
0.488058,-0.542864
0.488536,-0.542219
0.489015,-0.541573
0.489493,-0.540928
0.489971,-0.540283
0.49045,-0.539638
0.490928,-0.538993
0.491406,-0.538348
0.491885,-0.537703
0.492363,-0.537058
0.492841,-0.536413
0.49332,-0.535768
0.493798,-0.535122
0.494276,-0.534477
0.494755,-0.533832
0.495233,-0.533187
0.495711,-0.532542
0.49619,-0.531897
0.496668,-0.531252
0.497146,-0.530607
0.497625,-0.529962
0.498103,-0.529316
0.498581,-0.528671
0.49906,-0.528026
0.499538,-0.527381
0.500016,-0.526736
0.500495,-0.526091
0.500973,-0.525446
0.501451,-0.524801
0.50193,-0.524156
0.502408,-0.523511
0.502886,-0.522865
0.503365,-0.52222
0.503843,-0.521575
0.504321,-0.52093
0.5048,-0.520285
0.505278,-0.51964
0.505757,-0.518995
0.506235,-0.51835
0.506713,-0.517705
0.507192,-0.51706
0.50767,-0.516414
0.508148,-0.515769
0.508627,-0.515124
0.509105,-0.514479
0.509583,-0.513834
0.510062,-0.513189
0.51054,-0.512544
0.511018,-0.511899
0.511497,-0.511254
0.511975,-0.510608
0.512453,-0.509963
0.512932,-0.509318
0.51341,-0.508673
0.513888,-0.508028
0.514367,-0.507383
0.514845,-0.506738
0.515323,-0.506093
0.515802,-0.505448
0.51628,-0.504803
0.516758,-0.504157
0.517237,-0.503512
0.517715,-0.502867
0.518193,-0.502222
0.518672,-0.501577
0.51915,-0.500932
0.519628,-0.500287
0.520107,-0.499642
0.520585,-0.498997
0.521063,-0.498352
0.521542,-0.497706
0.52202,-0.497061
0.522498,-0.496416
0.522977,-0.495771
0.523455,-0.495126
0.523934,-0.494481
0.524412,-0.493836
0.52489,-0.493191
0.525369,-0.492546
0.525847,-0.4919
0.526325,-0.491255
0.526804,-0.49061
0.527282,-0.489965
0.52776,-0.48932
0.528239,-0.488675
0.528717,-0.48803
0.529195,-0.487385
0.529674,-0.48674
0.530152,-0.486095
0.53063,-0.485449
0.531109,-0.484804
0.531587,-0.484159
0.532065,-0.483514
0.532498,-0.483868
0.532931,-0.484221
0.533363,-0.484575
0.533796,-0.484928
0.534229,-0.485282
0.534661,-0.485635
0.535094,-0.485989
0.535527,-0.486342
0.535959,-0.486696
0.536392,-0.487049
0.536824,-0.487403
0.537257,-0.487756
0.53769,-0.48811
0.538122,-0.488464
0.538555,-0.488817
0.538988,-0.489171
0.53942,-0.489524
0.539853,-0.489878
0.540286,-0.490231
0.540718,-0.490585
0.541151,-0.490938
0.541584,-0.491292
0.542016,-0.491645
0.542449,-0.491999
0.542882,-0.492352
0.543314,-0.492706
0.543747,-0.493059
0.54418,-0.493413
0.544612,-0.493766
0.545045,-0.49412
0.545478,-0.494473
0.54591,-0.494827
0.546343,-0.49518
0.546776,-0.495534
0.547208,-0.495888
0.547641,-0.496241
0.548073,-0.496595
0.548506,-0.496948
0.548939,-0.497302
0.549371,-0.497655
0.549804,-0.498009
0.550237,-0.498362
0.550669,-0.498716
0.551102,-0.499069
0.551535,-0.499423
0.551967,-0.499776
0.5524,-0.50013
0.552833,-0.500483
0.553265,-0.500837
0.553698,-0.50119
0.554131,-0.501544
0.554563,-0.501897
0.554996,-0.502251
0.555429,-0.502605
0.555861,-0.502958
0.556294,-0.503312
0.556727,-0.503665
0.557159,-0.504019
0.557592,-0.504372
0.558024,-0.504726
0.558457,-0.505079
0.55889,-0.505433
0.559322,-0.505786
0.559755,-0.50614
0.560188,-0.506493
0.56062,-0.506847
0.561053,-0.5072
0.561486,-0.507554
0.561918,-0.507907
0.562351,-0.508261
0.562784,-0.508614
0.563216,-0.508968
0.563649,-0.509321
0.564082,-0.509675
0.564514,-0.510029
0.564947,-0.510382
0.56538,-0.510736
0.565812,-0.511089
0.566245,-0.511443
0.566678,-0.511796
0.56711,-0.51215
0.567543,-0.512503
0.567975,-0.512857
0.568408,-0.51321
0.568841,-0.513564
0.569273,-0.513917
0.569706,-0.514271
0.570139,-0.514624
0.570571,-0.514978
0.571004,-0.515331
0.571437,-0.515685
0.571869,-0.516038
0.572302,-0.516392
0.572735,-0.516746
0.573167,-0.517099
0.5736,-0.517453
0.574033,-0.517806
0.574465,-0.51816
0.574898,-0.518513
0.575331,-0.518867
0.575763,-0.51922
0.576196,-0.519574
0.576629,-0.519927
0.577061,-0.520281
0.577494,-0.520634
0.577926,-0.520988
0.578359,-0.521341
0.578792,-0.521695
0.579224,-0.522048
0.579657,-0.522402
0.58009,-0.522755
0.580522,-0.523109
0.580955,-0.523463
0.581388,-0.523816
0.58182,-0.52417
0.582253,-0.524523
0.582686,-0.524877
0.583118,-0.52523
0.583551,-0.525584
0.583984,-0.525937
0.584416,-0.526291
0.584849,-0.526644
0.585282,-0.526998
0.585714,-0.527351
0.586147,-0.527705
0.58658,-0.528058
0.587012,-0.528412
0.587445,-0.528765
0.587877,-0.529119
0.58831,-0.529472
0.588743,-0.529826
0.589175,-0.530179
0.589608,-0.530533
0.590041,-0.530887
0.590473,-0.53124
0.590906,-0.531594
0.591339,-0.531947
0.591771,-0.532301
0.592204,-0.532654
0.592637,-0.533008
0.593069,-0.533361
0.593502,-0.533715
0.593935,-0.534068
0.594367,-0.534422
0.5948,-0.534775
0.595233,-0.535129
0.595665,-0.535482
0.596098,-0.535836
0.596531,-0.536189
0.596963,-0.536543
0.596996,-0.537422
0.597029,-0.5383
0.597063,-0.539179
0.597096,-0.540058
0.597129,-0.540936
0.597162,-0.541815
0.597195,-0.542694
0.597228,-0.543572
0.597261,-0.544451
0.597295,-0.54533
0.597328,-0.546208
0.597361,-0.547087
0.597394,-0.547966
0.597427,-0.548844
0.59746,-0.549723
0.597493,-0.550602
0.597526,-0.551481
0.59756,-0.552359
0.597593,-0.553238
0.597626,-0.554117
0.597659,-0.554995
0.597692,-0.555874
0.597725,-0.556753
0.597758,-0.557631
0.597791,-0.55851
0.597825,-0.559389
0.597858,-0.560267
0.597891,-0.561146
0.597924,-0.562025
0.597957,-0.562903
0.59799,-0.563782
0.598023,-0.564661
0.598057,-0.565539
0.59809,-0.566418
0.598123,-0.567297
0.598156,-0.568175
0.598189,-0.569054
0.598222,-0.569933
0.598255,-0.570812
0.598288,-0.57169
0.598322,-0.572569
0.598355,-0.573448
0.598388,-0.574326
0.598421,-0.575205
0.598454,-0.576084
0.598487,-0.576962
0.59852,-0.577841
0.598554,-0.57872
0.598587,-0.579598
0.59862,-0.580477
0.598653,-0.581356
0.598686,-0.582234
0.598719,-0.583113
0.598752,-0.583992
0.598785,-0.58487
0.598819,-0.585749
0.598852,-0.586628
0.598885,-0.587506
0.598918,-0.588385
0.598951,-0.589264
0.598984,-0.590143
0.599017,-0.591021
0.599051,-0.5919
0.599084,-0.592779
0.599117,-0.593657
0.59915,-0.594536
0.599183,-0.595415
0.599216,-0.596293
0.599249,-0.597172
0.599282,-0.598051
0.599316,-0.598929
0.599349,-0.599808
0.599382,-0.600687
0.599415,-0.601565
0.599448,-0.602444
0.599481,-0.603323
0.599514,-0.604201
0.599548,-0.60508
0.599581,-0.605959
0.599614,-0.606838
0.599647,-0.607716
0.59968,-0.608595
0.599713,-0.609474
0.599746,-0.610352
0.599779,-0.611231
0.599813,-0.61211
0.599846,-0.612988
0.599879,-0.613867
0.599912,-0.614746
0.599945,-0.615624
0.599978,-0.616503
0.600011,-0.617382
0.600045,-0.61826
0.600078,-0.619139
0.600111,-0.620018
0.600144,-0.620896
0.600177,-0.621775
0.60021,-0.622654
0.600243,-0.623532
0.600276,-0.624411
0.60031,-0.62529
0.600343,-0.626169
0.600376,-0.627047
0.600409,-0.627926
0.600442,-0.628805
0.600475,-0.629683
0.600508,-0.630562
0.600542,-0.631441
0.600575,-0.632319
0.600608,-0.633198
0.600641,-0.634077
0.600674,-0.634955
0.600707,-0.635834
0.60074,-0.636713
0.600773,-0.637591
0.600807,-0.63847
0.60084,-0.639349
0.600873,-0.640227
0.600906,-0.641106
0.600939,-0.641985
0.600972,-0.642863
0.601005,-0.643742
0.601039,-0.644621
0.601072,-0.6455
0.601105,-0.646378
0.601138,-0.647257
0.601171,-0.648136
0.601204,-0.649014
0.601237,-0.649893
0.60127,-0.650772
0.601304,-0.65165
0.601337,-0.652529
0.60137,-0.653408
0.601403,-0.654286
0.601436,-0.655165
0.601469,-0.656044
0.601502,-0.656922
0.601535,-0.657801
0.601569,-0.65868
0.601602,-0.659558
0.601635,-0.660437
0.601668,-0.661316
0.601701,-0.662194
0.601734,-0.663073
0.601767,-0.663952
0.601801,-0.664831
0.601834,-0.665709
0.601867,-0.666588
0.6019,-0.667467
