O
15
1,0,-1,0.78,-0.5,0.75,0.0,0.0,0.0,0.3,0.4,0.02,0,0.8,False
2,0,-1,1.1,-0.5,0.93,0.0,0.0,0.0,0.02,0.4,0.2,0,0.8,False
3,0,-1,0.78,-0.5,1.11,0.0,0.0,0.0,0.3,0.4,0.02,0,0.8,False
4,0,-1,0.8,-0.92,0.93,0.0,0.0,0.0,0.32,0.02,0.2,0,0.8,False
5,0,-1,0.8,-0.08,0.93,0.0,0.0,0.0,0.32,0.02,0.2,0,0.8,False
6,2,0,0.6436847409966829,-0.2685926181856064,0.8450000000000001,0.0,0.0,3.2155858992899504,0.061206105811213246,0.061206105811213246,0.15,0.29742873747375254,1.080390075379054,False
7,2,0,0.9309151962401954,-0.6358852474570681,0.8450000000000001,0.0,0.0,0.3412489855232976,0.03,0.03,0.15,0.3041114086859844,1.107050796067172,False
8,2,0,0.7038670949913961,-0.6022940527258741,0.8450000000000001,0.0,0.0,0.4617590262908008,0.03,0.03,0.15,0.49096344176318696,1.1677436314240126,False
9,2,0,0.5894304629945061,-0.39062029628185047,0.8450000000000001,0.0,0.0,5.783036629250624,0.03,0.03,0.15,0.26045896292721404,0.9461130885678284,False
10,0,0,1.0140504262266359,-0.7605379030315244,0.86,0.0,0.0,1.1571494400759068,0.03,0.03,0.09,0.20651546829780032,1.1273762187784617,False
11,2,1,0.9806234273127983,-0.4646696257804596,0.8612403771624184,0.0,0.0,5.984362532415358,0.03,0.03,0.18248075432483682,0.40736820478790425,1.1200216095833602,True
12,0,1,0.9008588962440338,-0.20210561556203832,0.9096919758304933,0.0,0.0,5.320290556138433,0.03,0.07133118896073563,0.13969197583049334,0.032625887517819696,1.058625415972838,True
13,0,1,0.7693060461519903,-0.8023114887078243,0.8952148203356508,0.0,0.0,1.946350047986154,0.03,0.05967969058432236,0.12521482033565076,0.16393390818649778,0.9010737086118902,True
14,2,1,0.5619175808834442,-0.7270946949339948,0.8450000000000001,0.0,0.0,5.006814280181132,0.03,0.03,0.15,0.12683150321938758,1.1241903828982065,True
15,2,1,0.5581340032491626,-0.8241957726091176,0.8450000000000001,0.0,0.0,2.0201212058648013,0.03,0.03,0.15,0.1103037708389436,0.8905419146658973,True
R
0.0,0.0,0.0,0.0,0.0,0.0,1.0
S
8
torso_lift_joint,0
r_shoulder_pan_joint,-1.69017
r_shoulder_lift_joint,-0.0788625
r_upper_arm_roll_joint,-1.69017
r_elbow_flex_joint,-1.2717
r_forearm_roll_joint,-0.151824
r_wrist_flex_joint,-1.25254
r_wrist_roll_joint,0.675062
G
0.630493,-0.617824,0.845,0.208572,-0,0
ooi
8
A
599
0.310248,-0.673113
0.310811,-0.6731
0.311375,-0.673088
0.311938,-0.673075
0.312501,-0.673062
0.313065,-0.67305
0.313628,-0.673037
0.314191,-0.673025
0.314755,-0.673012
0.315318,-0.672999
0.315881,-0.672987
0.316445,-0.672974
0.317008,-0.672961
0.317571,-0.672949
0.318134,-0.672936
0.318698,-0.672923
0.319261,-0.672911
0.319824,-0.672898
0.320388,-0.672885
0.320951,-0.672873
0.321514,-0.67286
0.322078,-0.672847
0.322641,-0.672835
0.323204,-0.672822
0.323767,-0.672809
0.324331,-0.672797
0.324894,-0.672784
0.325457,-0.672771
0.326021,-0.672759
0.326584,-0.672746
0.327147,-0.672733
0.327711,-0.672721
0.328274,-0.672708
0.328837,-0.672696
0.3294,-0.672683
0.329964,-0.67267
0.330527,-0.672658
0.33109,-0.672645
0.331654,-0.672632
0.332217,-0.67262
0.33278,-0.672607
0.333344,-0.672594
0.333907,-0.672582
0.33447,-0.672569
0.335033,-0.672556
0.335597,-0.672544
0.33616,-0.672531
0.336723,-0.672518
0.337287,-0.672506
0.33785,-0.672493
0.338413,-0.67248
0.338977,-0.672468
0.33954,-0.672455
0.340103,-0.672442
0.340667,-0.67243
0.34123,-0.672417
0.341793,-0.672404
0.342356,-0.672392
0.34292,-0.672379
0.343483,-0.672367
0.344046,-0.672354
0.34461,-0.672341
0.345173,-0.672329
0.345736,-0.672316
0.3463,-0.672303
0.346863,-0.672291
0.347426,-0.672278
0.347989,-0.672265
0.348553,-0.672253
0.349116,-0.67224
0.349679,-0.672227
0.350243,-0.672215
0.350806,-0.672202
0.351369,-0.672189
0.351933,-0.672177
0.352496,-0.672164
0.353059,-0.672151
0.353622,-0.672139
0.354186,-0.672126
0.354749,-0.672113
0.355312,-0.672101
0.355876,-0.672088
0.356439,-0.672075
0.357002,-0.672063
0.357566,-0.67205
0.358129,-0.672038
0.358692,-0.672025
0.359255,-0.672012
0.359819,-0.672
0.360382,-0.671987
0.360945,-0.671974
0.361509,-0.671962
0.362072,-0.671949
0.362635,-0.671936
0.363199,-0.671924
0.363762,-0.671911
0.364325,-0.671898
0.364889,-0.671886
0.365452,-0.671873
0.366015,-0.67186
0.366578,-0.671848
0.367142,-0.671835
0.367705,-0.671822
0.368268,-0.67181
0.368832,-0.671797
0.369395,-0.671784
0.369958,-0.671772
0.370522,-0.671759
0.371085,-0.671747
0.371648,-0.671734
0.372211,-0.671721
0.372775,-0.671709
0.373338,-0.671696
0.373901,-0.671683
0.374465,-0.671671
0.375028,-0.671658
0.375591,-0.671645
0.376155,-0.671633
0.376718,-0.67162
0.377281,-0.671607
0.377844,-0.671595
0.378408,-0.671582
0.378971,-0.671569
0.379534,-0.671557
0.380098,-0.671544
0.380661,-0.671531
0.381224,-0.671519
0.381788,-0.671506
0.382351,-0.671493
0.382914,-0.671481
0.383477,-0.671468
0.384041,-0.671455
0.384604,-0.671443
0.385167,-0.67143
0.385731,-0.671418
0.386294,-0.671405
0.386857,-0.671392
0.387421,-0.67138
0.387984,-0.671367
0.388547,-0.671354
0.389111,-0.671342
0.389674,-0.671329
0.390237,-0.671316
0.3908,-0.671304
0.391364,-0.671291
0.391927,-0.671278
0.39249,-0.671266
0.393054,-0.671253
0.393617,-0.67124
0.39418,-0.671228
0.394744,-0.671215
0.394384,-0.671512
0.394025,-0.67181
0.393665,-0.672107
0.393306,-0.672404
0.392946,-0.672702
0.392587,-0.672999
0.392228,-0.673296
0.391868,-0.673593
0.391509,-0.673891
0.391149,-0.674188
0.39079,-0.674485
0.390431,-0.674783
0.390071,-0.67508
0.389712,-0.675377
0.389352,-0.675674
0.388993,-0.675972
0.388633,-0.676269
0.388274,-0.676566
0.387915,-0.676864
0.387555,-0.677161
0.387196,-0.677458
0.386836,-0.677755
0.386477,-0.678053
0.386118,-0.67835
0.385758,-0.678647
0.385399,-0.678945
0.385039,-0.679242
0.38468,-0.679539
0.38432,-0.679836
0.383961,-0.680134
0.383602,-0.680431
0.383242,-0.680728
0.382883,-0.681026
0.382523,-0.681323
0.382164,-0.68162
0.381805,-0.681918
0.381445,-0.682215
0.381086,-0.682512
0.380726,-0.682809
0.380367,-0.683107
0.380007,-0.683404
0.379648,-0.683701
0.379289,-0.683999
0.378929,-0.684296
0.37857,-0.684593
0.37821,-0.68489
0.377851,-0.685188
0.377492,-0.685485
0.377132,-0.685782
0.376773,-0.68608
0.376413,-0.686377
0.376054,-0.686674
0.375694,-0.686971
0.375335,-0.687269
0.374976,-0.687566
0.374616,-0.687863
0.374257,-0.688161
0.373897,-0.688458
0.373538,-0.688755
0.373179,-0.689052
0.372819,-0.68935
0.37246,-0.689647
0.3721,-0.689944
0.371741,-0.690242
0.371381,-0.690539
0.371022,-0.690836
0.370663,-0.691134
0.370303,-0.691431
0.369944,-0.691728
0.369584,-0.692025
0.369225,-0.692323
0.368866,-0.69262
0.368506,-0.692917
0.368147,-0.693215
0.367787,-0.693512
0.367428,-0.693809
0.367068,-0.694106
0.366709,-0.694404
0.36635,-0.694701
0.36599,-0.694998
0.365631,-0.695296
0.365271,-0.695593
0.364912,-0.69589
0.364553,-0.696187
0.364193,-0.696485
0.363834,-0.696782
0.363474,-0.697079
0.363115,-0.697377
0.362755,-0.697674
0.362396,-0.697971
0.362037,-0.698268
0.361677,-0.698566
0.361318,-0.698863
0.360958,-0.69916
0.360599,-0.699458
0.36024,-0.699755
0.35988,-0.700052
0.359521,-0.700349
0.359161,-0.700647
0.358802,-0.700944
0.358442,-0.701241
0.358083,-0.701539
0.357724,-0.701836
0.357364,-0.702133
0.357005,-0.702431
0.356645,-0.702728
0.356286,-0.703025
0.355927,-0.703322
0.355567,-0.70362
0.355208,-0.703917
0.354848,-0.704214
0.354489,-0.704512
0.354129,-0.704809
0.35377,-0.705106
0.353411,-0.705403
0.353051,-0.705701
0.352692,-0.705998
0.352332,-0.706295
0.351973,-0.706593
0.351614,-0.70689
0.351254,-0.707187
0.350895,-0.707484
0.350535,-0.707782
0.350176,-0.708079
0.349816,-0.708376
0.349457,-0.708674
0.349098,-0.708971
0.348738,-0.709268
0.348379,-0.709565
0.348019,-0.709863
0.34766,-0.71016
0.347301,-0.710457
0.346941,-0.710755
0.346582,-0.711052
0.346222,-0.711349
0.345863,-0.711647
0.345503,-0.711944
0.345144,-0.712241
0.344785,-0.712538
0.344425,-0.712836
0.344066,-0.713133
0.343706,-0.71343
0.343347,-0.713728
0.342987,-0.714025
0.342628,-0.714322
0.342269,-0.714619
0.341909,-0.714917
0.34155,-0.715214
0.34119,-0.715511
0.342082,-0.715681
0.342974,-0.715851
0.343866,-0.71602
0.344757,-0.71619
0.345649,-0.71636
0.346541,-0.716529
0.347432,-0.716699
0.348324,-0.716869
0.349216,-0.717038
0.350107,-0.717208
0.350999,-0.717378
0.351891,-0.717547
0.352782,-0.717717
0.353674,-0.717886
0.354566,-0.718056
0.355458,-0.718226
0.356349,-0.718395
0.357241,-0.718565
0.358133,-0.718735
0.359024,-0.718904
0.359916,-0.719074
0.360808,-0.719244
0.361699,-0.719413
0.362591,-0.719583
0.363483,-0.719753
0.364375,-0.719922
0.365266,-0.720092
0.366158,-0.720262
0.36705,-0.720431
0.367941,-0.720601
0.368833,-0.720771
0.369725,-0.72094
0.370616,-0.72111
0.371508,-0.72128
0.3724,-0.721449
0.373291,-0.721619
0.374183,-0.721789
0.375075,-0.721958
0.375967,-0.722128
0.376858,-0.722298
0.37775,-0.722467
0.378642,-0.722637
0.379533,-0.722807
0.380425,-0.722976
0.381317,-0.723146
0.382208,-0.723316
0.3831,-0.723485
0.383992,-0.723655
0.384884,-0.723825
0.385775,-0.723994
0.386667,-0.724164
0.387559,-0.724333
0.38845,-0.724503
0.389342,-0.724673
0.390234,-0.724842
0.391125,-0.725012
0.392017,-0.725182
0.392909,-0.725351
0.393801,-0.725521
0.394692,-0.725691
0.395584,-0.72586
0.396476,-0.72603
0.397367,-0.7262
0.398259,-0.726369
0.399151,-0.726539
0.400042,-0.726709
0.400934,-0.726878
0.401826,-0.727048
0.402717,-0.727218
0.403609,-0.727387
0.404501,-0.727557
0.405393,-0.727727
0.406284,-0.727896
0.407176,-0.728066
0.408068,-0.728236
0.408959,-0.728405
0.409851,-0.728575
0.410743,-0.728745
0.411634,-0.728914
0.412526,-0.729084
0.413418,-0.729254
0.41431,-0.729423
0.415201,-0.729593
0.416093,-0.729763
0.416985,-0.729932
0.417876,-0.730102
0.418768,-0.730272
0.41966,-0.730441
0.420551,-0.730611
0.421443,-0.73078
0.422335,-0.73095
0.423226,-0.73112
0.424118,-0.731289
0.42501,-0.731459
0.425902,-0.731629
0.426793,-0.731798
0.427685,-0.731968
0.428577,-0.732138
0.429468,-0.732307
0.43036,-0.732477
0.431252,-0.732647
0.432143,-0.732816
0.433035,-0.732986
0.433927,-0.733156
0.434819,-0.733325
0.43571,-0.733495
0.436602,-0.733665
0.437494,-0.733834
0.438385,-0.734004
0.439277,-0.734174
0.440169,-0.734343
0.44106,-0.734513
0.441952,-0.734683
0.442844,-0.734852
0.443736,-0.735022
0.444627,-0.735192
0.445519,-0.735361
0.446411,-0.735531
0.447302,-0.735701
0.448194,-0.73587
0.449086,-0.73604
0.449977,-0.73621
0.450869,-0.736379
0.451761,-0.736549
0.452652,-0.736718
0.453544,-0.736888
0.454436,-0.737058
0.455328,-0.737227
0.456219,-0.737397
0.457111,-0.737567
0.458003,-0.737736
0.458894,-0.737906
0.459786,-0.738076
0.460678,-0.738245
0.461569,-0.738415
0.462461,-0.738585
0.463353,-0.738754
0.464245,-0.738924
0.465136,-0.739094
0.466028,-0.739263
0.46692,-0.739433
0.467811,-0.739603
0.468703,-0.739772
0.469595,-0.739942
0.470486,-0.740112
0.471378,-0.740281
0.47227,-0.740451
0.473162,-0.740621
0.474053,-0.74079
0.474945,-0.74096
0.475989,-0.740134
0.477033,-0.739307
0.478077,-0.738481
0.479121,-0.737654
0.480165,-0.736828
0.481209,-0.736001
0.482253,-0.735175
0.483296,-0.734349
0.48434,-0.733522
0.485384,-0.732696
0.486428,-0.731869
0.487472,-0.731043
0.488516,-0.730217
0.48956,-0.72939
0.490604,-0.728564
0.491648,-0.727737
0.492692,-0.726911
0.493736,-0.726084
0.49478,-0.725258
0.495824,-0.724432
0.496868,-0.723605
0.497912,-0.722779
0.498956,-0.721952
0.5,-0.721126
0.501043,-0.720299
0.502087,-0.719473
0.503131,-0.718647
0.504175,-0.71782
0.505219,-0.716994
0.506263,-0.716167
0.507307,-0.715341
0.508351,-0.714515
0.509395,-0.713688
0.510439,-0.712862
0.511483,-0.712035
0.512527,-0.711209
0.513571,-0.710382
0.514615,-0.709556
0.515659,-0.70873
0.516703,-0.707903
0.517747,-0.707077
0.518791,-0.70625
0.519834,-0.705424
0.520878,-0.704598
0.521922,-0.703771
0.522966,-0.702945
0.52401,-0.702118
0.525054,-0.701292
0.526098,-0.700465
0.527142,-0.699639
0.528186,-0.698813
0.52923,-0.697986
0.530274,-0.69716
0.531318,-0.696333
0.532362,-0.695507
0.533406,-0.694681
0.53445,-0.693854
0.535494,-0.693028
0.536538,-0.692201
0.537582,-0.691375
0.538625,-0.690548
0.539669,-0.689722
0.540713,-0.688896
0.541757,-0.688069
0.542801,-0.687243
0.543845,-0.686416
0.544889,-0.68559
0.545933,-0.684764
0.546977,-0.683937
0.548021,-0.683111
0.549065,-0.682284
0.550109,-0.681458
0.551153,-0.680631
0.552197,-0.679805
0.553241,-0.678979
0.554285,-0.678152
0.555329,-0.677326
0.556373,-0.676499
0.557416,-0.675673
0.55846,-0.674847
0.559504,-0.67402
0.560548,-0.673194
0.561592,-0.672367
0.562636,-0.671541
0.56368,-0.670714
0.564724,-0.669888
0.565768,-0.669062
0.566812,-0.668235
0.567856,-0.667409
0.5689,-0.666582
0.569944,-0.665756
0.570988,-0.66493
0.572032,-0.664103
0.573076,-0.663277
0.57412,-0.66245
0.575164,-0.661624
0.576207,-0.660797
0.577251,-0.659971
0.578295,-0.659145
0.579339,-0.658318
0.580383,-0.657492
0.581427,-0.656665
0.582471,-0.655839
0.583515,-0.655013
0.584559,-0.654186
0.585603,-0.65336
0.586647,-0.652533
0.587691,-0.651707
0.588735,-0.65088
0.589779,-0.650054
0.590823,-0.649228
0.591867,-0.648401
0.592911,-0.647575
0.593954,-0.646748
0.594998,-0.645922
0.596042,-0.645096
0.597086,-0.644269
0.59813,-0.643443
0.599174,-0.642616
0.600218,-0.64179
0.601262,-0.640963
0.602306,-0.640137
0.60335,-0.639311
0.604394,-0.638484
0.605438,-0.637658
0.606482,-0.636831
0.607526,-0.636005
0.60857,-0.635179
0.609614,-0.634352
0.610658,-0.633526
0.611702,-0.632699
0.612745,-0.631873
0.613789,-0.631046
0.614833,-0.63022
0.615877,-0.629394
0.616921,-0.628567
0.617965,-0.627741
0.619009,-0.626914
0.620053,-0.626088
0.621097,-0.625262
0.622141,-0.624435
0.623185,-0.623609
0.624229,-0.622782
0.625273,-0.621956
0.626317,-0.621129
0.627361,-0.620303
0.628405,-0.619477
0.629449,-0.61865
0.630493,-0.617824
