O
15
1,0,-1,0.78,-0.5,0.75,0.0,0.0,0.0,0.3,0.4,0.02,0,0.8,False
2,0,-1,1.1,-0.5,0.93,0.0,0.0,0.0,0.02,0.4,0.2,0,0.8,False
3,0,-1,0.78,-0.5,1.11,0.0,0.0,0.0,0.3,0.4,0.02,0,0.8,False
4,0,-1,0.8,-0.92,0.93,0.0,0.0,0.0,0.32,0.02,0.2,0,0.8,False
5,0,-1,0.8,-0.08,0.93,0.0,0.0,0.0,0.32,0.02,0.2,0,0.8,False
6,2,0,0.9035904835114363,-0.6396322000684362,0.8450000000000001,0.0,0.0,4.269864735935553,0.03,0.03,0.15,0.4877410519992707,1.0916096906464474,False
7,0,0,0.9679346315318798,-0.45575477333051617,0.86,0.0,0.0,5.820721731189773,0.039637746335990966,0.0349542880053365,0.09,0.1554451356880397,1.0313344101751296,False
8,0,0,0.5946158709221995,-0.5626396599077654,0.9013337557453895,0.0,0.0,2.443198120750667,0.07921958682898671,0.03,0.13133375574538958,0.46568429290647073,0.9985061037420785,False
9,2,0,0.7771730275275592,-0.2921747994016707,0.8532427738581064,0.0,0.0,0.40967599250823905,0.03735114579951343,0.03735114579951343,0.16648554771621285,0.058679819710427794,0.9489745500654256,False
10,0,0,0.8556211222546105,-0.448761162166162,0.86,0.0,0.0,1.317656120199362,0.03445928473959421,0.03,0.09,0.08034854021016063,1.1369835315899999,False
11,2,1,0.8935876958381528,-0.7863095144400912,0.8450000000000001,0.0,0.0,1.931975894573302,0.07334078290736891,0.07334078290736891,0.15,0.0016400482974723296,1.029056674510096,True
12,0,1,0.6176886522223695,-0.7540297079639107,0.86,0.0,0.0,0.8833772701934657,0.03,0.031017793812792797,0.09,0.09552041499944175,0.9183367720503602,True
13,0,1,0.6116815921554167,-0.2971775855368337,0.8917780700268807,0.0,0.0,5.472054973472307,0.033730785196145315,0.051633367755635096,0.12177807002688071,0.27155869389354037,0.9559248011346049,True
14,2,1,0.8371744926752904,-0.5556931465855999,0.8573931634684615,0.0,0.0,1.5612893310974325,0.03,0.03,0.17478632693692298,0.11441314039490114,1.1545662939862715,True
15,0,1,0.7689269637573323,-0.1824463474613559,0.86,0.0,0.0,4.945782575474855,0.030411917217374133,0.05115089142353624,0.09,0.37493098660988017,0.817646520051884,True
R
0.0,0.0,0.0,0.0,0.0,0.0,1.0
S
8
torso_lift_joint,0
r_shoulder_pan_joint,-1.69017
r_shoulder_lift_joint,-0.0788625
r_upper_arm_roll_joint,-1.69017
r_elbow_flex_joint,-1.2717
r_forearm_roll_joint,-0.151824
r_wrist_flex_joint,-1.25254
r_wrist_roll_joint,0.675062
G
0.499479,-0.482768,0.901334,2.4432,-3.14159,3.14159
ooi
8
A
599
0.310248,-0.673113
0.310246,-0.674452
0.310244,-0.675791
0.310242,-0.677131
0.31024,-0.67847
0.310238,-0.679809
0.310236,-0.681148
0.310234,-0.682488
0.310232,-0.683827
0.31023,-0.685166
0.310228,-0.686505
0.310226,-0.687844
0.310224,-0.689184
0.310222,-0.690523
0.31022,-0.691862
0.310218,-0.693201
0.310216,-0.69454
0.310214,-0.69588
0.310212,-0.697219
0.31021,-0.698558
0.310208,-0.699897
0.310206,-0.701236
0.310204,-0.702576
0.310202,-0.703915
0.3102,-0.705254
0.310198,-0.706593
0.310196,-0.707932
0.310194,-0.709272
0.310192,-0.710611
0.31019,-0.71195
0.310189,-0.713289
0.310187,-0.714628
0.310185,-0.715968
0.310183,-0.717307
0.310181,-0.718646
0.310179,-0.719985
0.310177,-0.721324
0.310175,-0.722664
0.310173,-0.724003
0.310171,-0.725342
0.310169,-0.726681
0.310167,-0.72802
0.310165,-0.72936
0.310163,-0.730699
0.310161,-0.732038
0.310159,-0.733377
0.310157,-0.734716
0.310155,-0.736056
0.310153,-0.737395
0.310151,-0.738734
0.310149,-0.740073
0.310147,-0.741413
0.310145,-0.742752
0.310143,-0.744091
0.310141,-0.74543
0.310139,-0.746769
0.310137,-0.748109
0.310135,-0.749448
0.310133,-0.750787
0.310131,-0.752126
0.310129,-0.753465
0.310127,-0.754805
0.310125,-0.756144
0.310123,-0.757483
0.310121,-0.758822
0.310119,-0.760161
0.310117,-0.761501
0.310115,-0.76284
0.310113,-0.764179
0.310111,-0.765518
0.310109,-0.766857
0.310107,-0.768197
0.310105,-0.769536
0.310103,-0.770875
0.310101,-0.772214
0.310099,-0.773553
0.310097,-0.774893
0.310095,-0.776232
0.310093,-0.777571
0.310091,-0.77891
0.310089,-0.780249
0.310087,-0.781589
0.310085,-0.782928
0.310083,-0.784267
0.310081,-0.785606
0.310079,-0.786945
0.310077,-0.788285
0.310075,-0.789624
0.310073,-0.790963
0.310071,-0.792302
0.310069,-0.793641
0.310067,-0.794981
0.310065,-0.79632
0.310063,-0.797659
0.310061,-0.798998
0.310059,-0.800338
0.310057,-0.801677
0.310055,-0.803016
0.310053,-0.804355
0.310051,-0.805694
0.310049,-0.807034
0.310047,-0.808373
0.310045,-0.809712
0.310043,-0.811051
0.310041,-0.81239
0.310039,-0.81373
0.310037,-0.815069
0.310035,-0.816408
0.310033,-0.817747
0.310031,-0.819086
0.310029,-0.820426
0.310027,-0.821765
0.310025,-0.823104
0.310023,-0.824443
0.310021,-0.825782
0.310019,-0.827122
0.310017,-0.828461
0.310015,-0.8298
0.310013,-0.831139
0.310011,-0.832478
0.310009,-0.833818
0.310007,-0.835157
0.310006,-0.836496
0.310004,-0.837835
0.310002,-0.839174
0.31,-0.840514
0.309998,-0.841853
0.309996,-0.843192
0.309994,-0.844531
0.309992,-0.84587
0.30999,-0.84721
0.309988,-0.848549
0.309986,-0.849888
0.309984,-0.851227
0.309982,-0.852566
0.30998,-0.853906
0.309978,-0.855245
0.309976,-0.856584
0.309974,-0.857923
0.309972,-0.859263
0.30997,-0.860602
0.309968,-0.861941
0.309966,-0.86328
0.309964,-0.864619
0.309962,-0.865959
0.30996,-0.867298
0.309958,-0.868637
0.309956,-0.869976
0.309954,-0.871315
0.309952,-0.872655
0.30995,-0.873994
0.311048,-0.872939
0.312146,-0.871885
0.313243,-0.870831
0.314341,-0.869777
0.315439,-0.868722
0.316537,-0.867668
0.317635,-0.866614
0.318733,-0.865559
0.31983,-0.864505
0.320928,-0.863451
0.322026,-0.862397
0.323124,-0.861342
0.324222,-0.860288
0.32532,-0.859234
0.326418,-0.858179
0.327515,-0.857125
0.328613,-0.856071
0.329711,-0.855016
0.330809,-0.853962
0.331907,-0.852908
0.333005,-0.851854
0.334103,-0.850799
0.3352,-0.849745
0.336298,-0.848691
0.337396,-0.847636
0.338494,-0.846582
0.339592,-0.845528
0.34069,-0.844474
0.341787,-0.843419
0.342885,-0.842365
0.343983,-0.841311
0.345081,-0.840256
0.346179,-0.839202
0.347277,-0.838148
0.348375,-0.837093
0.349472,-0.836039
0.35057,-0.834985
0.351668,-0.833931
0.352766,-0.832876
0.353864,-0.831822
0.354962,-0.830768
0.35606,-0.829713
0.357157,-0.828659
0.358255,-0.827605
0.359353,-0.826551
0.360451,-0.825496
0.361549,-0.824442
0.362647,-0.823388
0.363744,-0.822333
0.364842,-0.821279
0.36594,-0.820225
0.367038,-0.81917
0.368136,-0.818116
0.369234,-0.817062
0.370332,-0.816008
0.371429,-0.814953
0.372527,-0.813899
0.373625,-0.812845
0.374723,-0.81179
0.375821,-0.810736
0.376919,-0.809682
0.378017,-0.808628
0.379114,-0.807573
0.380212,-0.806519
0.38131,-0.805465
0.382408,-0.80441
0.383506,-0.803356
0.384604,-0.802302
0.385701,-0.801247
0.386799,-0.800193
0.387897,-0.799139
0.388995,-0.798085
0.390093,-0.79703
0.391191,-0.795976
0.392289,-0.794922
0.393386,-0.793867
0.394484,-0.792813
0.395582,-0.791759
0.39668,-0.790705
0.397778,-0.78965
0.398876,-0.788596
0.399974,-0.787542
0.401071,-0.786487
0.402169,-0.785433
0.403267,-0.784379
0.404365,-0.783324
0.405463,-0.78227
0.406561,-0.781216
0.407658,-0.780162
0.408756,-0.779107
0.409854,-0.778053
0.410952,-0.776999
0.41205,-0.775944
0.413148,-0.77489
0.414246,-0.773836
0.415343,-0.772782
0.416441,-0.771727
0.417539,-0.770673
0.418637,-0.769619
0.419735,-0.768564
0.420833,-0.76751
0.421931,-0.766456
0.423028,-0.765401
0.424126,-0.764347
0.425224,-0.763293
0.426322,-0.762239
0.42742,-0.761184
0.428518,-0.76013
0.429615,-0.759076
0.430713,-0.758021
0.431811,-0.756967
0.432909,-0.755913
0.434007,-0.754859
0.435105,-0.753804
0.436203,-0.75275
0.4373,-0.751696
0.438398,-0.750641
0.439496,-0.749587
0.440594,-0.748533
0.441692,-0.747479
0.44279,-0.746424
0.443888,-0.74537
0.444985,-0.744316
0.446083,-0.743261
0.447181,-0.742207
0.448279,-0.741153
0.449377,-0.740098
0.450475,-0.739044
0.451572,-0.73799
0.45267,-0.736936
0.453768,-0.735881
0.454866,-0.734827
0.455964,-0.733773
0.457062,-0.732718
0.45816,-0.731664
0.459257,-0.73061
0.460355,-0.729556
0.461453,-0.728501
0.462551,-0.727447
0.463649,-0.726393
0.464747,-0.725338
0.465845,-0.724284
0.466942,-0.72323
0.46804,-0.722175
0.469138,-0.721121
0.470236,-0.720067
0.471334,-0.719013
0.472432,-0.717958
0.473529,-0.716904
0.473736,-0.715581
0.473943,-0.714258
0.474149,-0.712936
0.474356,-0.711613
0.474563,-0.71029
0.474769,-0.708967
0.474976,-0.707645
0.475182,-0.706322
0.475389,-0.704999
0.475596,-0.703676
0.475802,-0.702354
0.476009,-0.701031
0.476215,-0.699708
0.476422,-0.698385
0.476629,-0.697063
0.476835,-0.69574
0.477042,-0.694417
0.477249,-0.693094
0.477455,-0.691772
0.477662,-0.690449
0.477868,-0.689126
0.478075,-0.687803
0.478282,-0.686481
0.478488,-0.685158
0.478695,-0.683835
0.478901,-0.682512
0.479108,-0.68119
0.479315,-0.679867
0.479521,-0.678544
0.479728,-0.677221
0.479934,-0.675899
0.480141,-0.674576
0.480348,-0.673253
0.480554,-0.67193
0.480761,-0.670608
0.480968,-0.669285
0.481174,-0.667962
0.481381,-0.666639
0.481587,-0.665317
0.481794,-0.663994
0.482001,-0.662671
0.482207,-0.661348
0.482414,-0.660026
0.48262,-0.658703
0.482827,-0.65738
0.483034,-0.656057
0.48324,-0.654735
0.483447,-0.653412
0.483654,-0.652089
0.48386,-0.650766
0.484067,-0.649444
0.484273,-0.648121
0.48448,-0.646798
0.484687,-0.645475
0.484893,-0.644153
0.4851,-0.64283
0.485306,-0.641507
0.485513,-0.640184
0.48572,-0.638862
0.485926,-0.637539
0.486133,-0.636216
0.48634,-0.634893
0.486546,-0.633571
0.486753,-0.632248
0.486959,-0.630925
0.487166,-0.629602
0.487373,-0.62828
0.487579,-0.626957
0.487786,-0.625634
0.487992,-0.624311
0.488199,-0.622989
0.488406,-0.621666
0.488612,-0.620343
0.488819,-0.61902
0.489025,-0.617698
0.489232,-0.616375
0.489439,-0.615052
0.489645,-0.613729
0.489852,-0.612407
0.490059,-0.611084
0.490265,-0.609761
0.490472,-0.608438
0.490678,-0.607116
0.490885,-0.605793
0.491092,-0.60447
0.491298,-0.603147
0.491505,-0.601825
0.491711,-0.600502
0.491918,-0.599179
0.492125,-0.597856
0.492331,-0.596534
0.492538,-0.595211
0.492745,-0.593888
0.492951,-0.592565
0.493158,-0.591243
0.493364,-0.58992
0.493571,-0.588597
0.493778,-0.587274
0.493984,-0.585952
0.494191,-0.584629
0.494397,-0.583306
0.494604,-0.581983
0.494811,-0.580661
0.495017,-0.579338
0.495224,-0.578015
0.49543,-0.576692
0.495637,-0.57537
0.495844,-0.574047
0.49605,-0.572724
0.496257,-0.571401
0.496464,-0.570079
0.49667,-0.568756
0.496877,-0.567433
0.497083,-0.56611
0.49729,-0.564788
0.497497,-0.563465
0.497703,-0.562142
0.49791,-0.560819
0.498116,-0.559496
0.498323,-0.558174
0.49853,-0.556851
0.498736,-0.555528
0.498943,-0.554205
0.49915,-0.552883
0.499356,-0.55156
0.499563,-0.550237
0.499769,-0.548914
0.499976,-0.547592
0.500183,-0.546269
0.500389,-0.544946
0.500596,-0.543623
0.500802,-0.542301
0.501009,-0.540978
0.501216,-0.539655
0.501422,-0.538332
0.501629,-0.53701
0.501836,-0.535687
0.502042,-0.534364
0.502249,-0.533041
0.502455,-0.531719
0.502662,-0.530396
0.502869,-0.529073
0.503075,-0.52775
0.503282,-0.526428
0.503488,-0.525105
0.503695,-0.523782
0.503902,-0.522459
0.504108,-0.521137
0.504315,-0.519814
0.504521,-0.518491
0.504488,-0.518251
0.504454,-0.518012
0.50442,-0.517772
0.504386,-0.517532
0.504352,-0.517292
0.504318,-0.517053
0.504285,-0.516813
0.504251,-0.516573
0.504217,-0.516333
0.504183,-0.516094
0.504149,-0.515854
0.504115,-0.515614
0.504082,-0.515374
0.504048,-0.515135
0.504014,-0.514895
0.50398,-0.514655
0.503946,-0.514415
0.503912,-0.514176
0.503878,-0.513936
0.503845,-0.513696
0.503811,-0.513456
0.503777,-0.513217
0.503743,-0.512977
0.503709,-0.512737
0.503675,-0.512497
0.503642,-0.512258
0.503608,-0.512018
0.503574,-0.511778
0.50354,-0.511538
0.503506,-0.511299
0.503472,-0.511059
0.503439,-0.510819
0.503405,-0.510579
0.503371,-0.51034
0.503337,-0.5101
0.503303,-0.50986
0.503269,-0.50962
0.503236,-0.509381
0.503202,-0.509141
0.503168,-0.508901
0.503134,-0.508661
0.5031,-0.508422
0.503066,-0.508182
0.503032,-0.507942
0.502999,-0.507702
0.502965,-0.507462
0.502931,-0.507223
0.502897,-0.506983
0.502863,-0.506743
0.502829,-0.506503
0.502796,-0.506264
0.502762,-0.506024
0.502728,-0.505784
0.502694,-0.505544
0.50266,-0.505305
0.502626,-0.505065
0.502593,-0.504825
0.502559,-0.504585
0.502525,-0.504346
0.502491,-0.504106
0.502457,-0.503866
0.502423,-0.503626
0.502389,-0.503387
0.502356,-0.503147
0.502322,-0.502907
0.502288,-0.502667
0.502254,-0.502428
0.50222,-0.502188
0.502186,-0.501948
0.502153,-0.501708
0.502119,-0.501469
0.502085,-0.501229
0.502051,-0.500989
0.502017,-0.500749
0.501983,-0.50051
0.50195,-0.50027
0.501916,-0.50003
0.501882,-0.49979
0.501848,-0.499551
0.501814,-0.499311
0.50178,-0.499071
0.501747,-0.498831
0.501713,-0.498592
0.501679,-0.498352
0.501645,-0.498112
0.501611,-0.497872
0.501577,-0.497633
0.501543,-0.497393
0.50151,-0.497153
0.501476,-0.496913
0.501442,-0.496674
0.501408,-0.496434
0.501374,-0.496194
0.50134,-0.495954
0.501307,-0.495715
0.501273,-0.495475
0.501239,-0.495235
0.501205,-0.494995
0.501171,-0.494756
0.501137,-0.494516
0.501104,-0.494276
0.50107,-0.494036
0.501036,-0.493797
0.501002,-0.493557
0.500968,-0.493317
0.500934,-0.493077
0.5009,-0.492838
0.500867,-0.492598
0.500833,-0.492358
0.500799,-0.492118
0.500765,-0.491878
0.500731,-0.491639
0.500697,-0.491399
0.500664,-0.491159
0.50063,-0.490919
0.500596,-0.49068
0.500562,-0.49044
0.500528,-0.4902
0.500494,-0.48996
0.500461,-0.489721
0.500427,-0.489481
0.500393,-0.489241
0.500359,-0.489001
0.500325,-0.488762
0.500291,-0.488522
0.500257,-0.488282
0.500224,-0.488042
0.50019,-0.487803
0.500156,-0.487563
0.500122,-0.487323
0.500088,-0.487083
0.500054,-0.486844
0.500021,-0.486604
0.499987,-0.486364
0.499953,-0.486124
0.499919,-0.485885
0.499885,-0.485645
0.499851,-0.485405
0.499818,-0.485165
0.499784,-0.484926
0.49975,-0.484686
0.499716,-0.484446
0.499682,-0.484206
0.499648,-0.483967
0.499615,-0.483727
0.499581,-0.483487
0.499547,-0.483247
0.499513,-0.483008
0.499479,-0.482768
