O
15
1,0,-1,0.78,-0.5,0.75,0.0,0.0,0.0,0.3,0.4,0.02,0,0.8,False
2,0,-1,1.1,-0.5,0.93,0.0,0.0,0.0,0.02,0.4,0.2,0,0.8,False
3,0,-1,0.78,-0.5,1.11,0.0,0.0,0.0,0.3,0.4,0.02,0,0.8,False
4,0,-1,0.8,-0.92,0.93,0.0,0.0,0.0,0.32,0.02,0.2,0,0.8,False
5,0,-1,0.8,-0.08,0.93,0.0,0.0,0.0,0.32,0.02,0.2,0,0.8,False
6,2,0,0.8642092049068573,-0.2902466598024187,0.8450000000000001,0.0,0.0,2.032545665662094,0.038161836971106235,0.038161836971106235,0.15,0.3081677000273489,1.1255519964999292,False
7,2,0,0.525206531497931,-0.7261648863264442,0.8450000000000001,0.0,0.0,4.17700223970666,0.03,0.03,0.15,0.38367219474764913,1.0262355172372488,False
8,0,0,0.7836746878601065,-0.7656248159018115,0.86,0.0,0.0,5.946797225044755,0.05546507872511965,0.07228293435064544,0.09,0.2984694793884025,1.0507178828646158,False
9,0,0,0.6527504850622277,-0.21138559224044107,0.86,0.0,0.0,1.8996295127709457,0.0536764188955346,0.05709062384340234,0.09,0.05302826450249398,0.8261907442727674,False
10,0,0,0.8092183071887341,-0.14300254926941858,0.86,0.0,0.0,3.1987296937708205,0.03809166019069079,0.03,0.09,0.41621514416144184,1.043295512007347,False
11,2,1,0.9666167853407029,-0.49556530053176007,0.8450000000000001,0.0,0.0,3.741077120964898,0.04524683769410443,0.04524683769410443,0.15,0.13423749879427427,1.0812447398094276,True
12,2,1,0.7684568960062517,-0.5057859942783407,0.8450000000000001,0.0,0.0,4.943509935494264,0.06454170340867502,0.06454170340867502,0.15,0.13629946755384836,1.0785323139084104,True
13,0,1,0.5664577344047641,-0.36651573816159244,0.86,0.0,0.0,4.415412498762975,0.03,0.06479853543080155,0.09,0.377639081746734,0.9670930896425918,True
14,2,1,0.7644576913558523,-0.3543452933220791,0.8450000000000001,0.0,0.0,3.0390233472802435,0.03,0.03,0.15,0.14311429198894077,1.0217796205217329,True
15,0,1,0.9392294300576529,-0.8092191363979505,0.86,0.0,0.0,3.368150003774383,0.05684669319160308,0.03,0.09,0.16867970719916842,1.1114045372395698,True
R
0.0,0.0,0.0,0.0,0.0,0.0,1.0
S
8
torso_lift_joint,0
r_shoulder_pan_joint,-1.69017
r_shoulder_lift_joint,-0.0788625
r_upper_arm_roll_joint,-1.69017
r_elbow_flex_joint,-1.2717
r_forearm_roll_joint,-0.151824
r_wrist_flex_joint,-1.25254
r_wrist_roll_joint,0.675062
G
0.79361,-0.334197,0.845,0.556817,-0,0
ooi
6
A
599
0.310248,-0.673113
0.310349,-0.67274
0.310451,-0.672368
0.310552,-0.671995
0.310653,-0.671622
0.310754,-0.67125
0.310855,-0.670877
0.310956,-0.670504
0.311058,-0.670132
0.311159,-0.669759
0.31126,-0.669386
0.311361,-0.669014
0.311462,-0.668641
0.311563,-0.668268
0.311665,-0.667896
0.311766,-0.667523
0.311867,-0.66715
0.311968,-0.666778
0.312069,-0.666405
0.31217,-0.666032
0.312272,-0.66566
0.312373,-0.665287
0.312474,-0.664914
0.312575,-0.664542
0.312676,-0.664169
0.312777,-0.663796
0.312879,-0.663424
0.31298,-0.663051
0.313081,-0.662678
0.313182,-0.662306
0.313283,-0.661933
0.313384,-0.66156
0.313486,-0.661188
0.313587,-0.660815
0.313688,-0.660442
0.313789,-0.66007
0.31389,-0.659697
0.313991,-0.659324
0.314093,-0.658952
0.314194,-0.658579
0.314295,-0.658206
0.314396,-0.657834
0.314497,-0.657461
0.314598,-0.657088
0.3147,-0.656716
0.314801,-0.656343
0.314902,-0.65597
0.315003,-0.655598
0.315104,-0.655225
0.315205,-0.654852
0.315307,-0.65448
0.315408,-0.654107
0.315509,-0.653734
0.31561,-0.653362
0.315711,-0.652989
0.315812,-0.652616
0.315914,-0.652244
0.316015,-0.651871
0.316116,-0.651498
0.316217,-0.651126
0.316318,-0.650753
0.316419,-0.65038
0.316521,-0.650008
0.316622,-0.649635
0.316723,-0.649262
0.316824,-0.64889
0.316925,-0.648517
0.317026,-0.648144
0.317128,-0.647772
0.317229,-0.647399
0.31733,-0.647026
0.317431,-0.646654
0.317532,-0.646281
0.317633,-0.645908
0.317735,-0.645536
0.317836,-0.645163
0.317937,-0.64479
0.318038,-0.644418
0.318139,-0.644045
0.31824,-0.643672
0.318342,-0.6433
0.318443,-0.642927
0.318544,-0.642554
0.318645,-0.642182
0.318746,-0.641809
0.318847,-0.641436
0.318949,-0.641064
0.31905,-0.640691
0.319151,-0.640318
0.319252,-0.639946
0.319353,-0.639573
0.319454,-0.6392
0.319556,-0.638828
0.319657,-0.638455
0.319758,-0.638082
0.319859,-0.63771
0.31996,-0.637337
0.320061,-0.636964
0.320163,-0.636592
0.320264,-0.636219
0.320365,-0.635846
0.320466,-0.635474
0.320567,-0.635101
0.320668,-0.634728
0.32077,-0.634356
0.320871,-0.633983
0.320972,-0.63361
0.321073,-0.633238
0.321174,-0.632865
0.321275,-0.632492
0.321377,-0.63212
0.321478,-0.631747
0.321579,-0.631374
0.32168,-0.631002
0.321781,-0.630629
0.321882,-0.630256
0.321984,-0.629884
0.322085,-0.629511
0.322186,-0.629138
0.322287,-0.628766
0.322388,-0.628393
0.32249,-0.62802
0.322591,-0.627648
0.322692,-0.627275
0.322793,-0.626902
0.322894,-0.62653
0.322995,-0.626157
0.323097,-0.625784
0.323198,-0.625412
0.323299,-0.625039
0.3234,-0.624666
0.323501,-0.624294
0.323602,-0.623921
0.323704,-0.623548
0.323805,-0.623176
0.323906,-0.622803
0.324007,-0.62243
0.324108,-0.622058
0.324209,-0.621685
0.324311,-0.621312
0.324412,-0.62094
0.324513,-0.620567
0.324614,-0.620194
0.324715,-0.619822
0.324816,-0.619449
0.324918,-0.619076
0.325019,-0.618704
0.32512,-0.618331
0.325221,-0.617958
0.325322,-0.617586
0.325423,-0.617213
0.326665,-0.616205
0.327907,-0.615197
0.329149,-0.61419
0.330391,-0.613182
0.331633,-0.612174
0.332875,-0.611167
0.334117,-0.610159
0.335359,-0.609151
0.336601,-0.608144
0.337843,-0.607136
0.339085,-0.606128
0.340327,-0.605121
0.341569,-0.604113
0.342811,-0.603105
0.344053,-0.602098
0.345295,-0.60109
0.346537,-0.600082
0.347779,-0.599074
0.349021,-0.598067
0.350263,-0.597059
0.351505,-0.596051
0.352747,-0.595044
0.353989,-0.594036
0.355231,-0.593028
0.356473,-0.592021
0.357715,-0.591013
0.358957,-0.590005
0.360199,-0.588998
0.361441,-0.58799
0.362683,-0.586982
0.363925,-0.585974
0.365167,-0.584967
0.366409,-0.583959
0.367651,-0.582951
0.368893,-0.581944
0.370135,-0.580936
0.371377,-0.579928
0.372619,-0.578921
0.373861,-0.577913
0.375103,-0.576905
0.376345,-0.575898
0.377587,-0.57489
0.378829,-0.573882
0.380071,-0.572874
0.381313,-0.571867
0.382555,-0.570859
0.383797,-0.569851
0.385039,-0.568844
0.386281,-0.567836
0.387523,-0.566828
0.388765,-0.565821
0.390007,-0.564813
0.391249,-0.563805
0.392491,-0.562798
0.393733,-0.56179
0.394975,-0.560782
0.396217,-0.559774
0.397459,-0.558767
0.398701,-0.557759
0.399943,-0.556751
0.401185,-0.555744
0.402427,-0.554736
0.403669,-0.553728
0.404911,-0.552721
0.406153,-0.551713
0.407395,-0.550705
0.408637,-0.549698
0.409879,-0.54869
0.411121,-0.547682
0.412363,-0.546674
0.413605,-0.545667
0.414847,-0.544659
0.416089,-0.543651
0.417331,-0.542644
0.418573,-0.541636
0.419815,-0.540628
0.421057,-0.539621
0.422299,-0.538613
0.423541,-0.537605
0.424783,-0.536598
0.426025,-0.53559
0.427267,-0.534582
0.428509,-0.533574
0.429751,-0.532567
0.430993,-0.531559
0.432235,-0.530551
0.433477,-0.529544
0.434719,-0.528536
0.435961,-0.527528
0.437203,-0.526521
0.438445,-0.525513
0.439687,-0.524505
0.440929,-0.523498
0.442171,-0.52249
0.443413,-0.521482
0.444655,-0.520474
0.445897,-0.519467
0.447139,-0.518459
0.448381,-0.517451
0.449623,-0.516444
0.450865,-0.515436
0.452107,-0.514428
0.453349,-0.513421
0.454591,-0.512413
0.455833,-0.511405
0.457075,-0.510398
0.458317,-0.50939
0.459559,-0.508382
0.460801,-0.507375
0.462043,-0.506367
0.463285,-0.505359
0.464527,-0.504351
0.465769,-0.503344
0.467011,-0.502336
0.468253,-0.501328
0.469495,-0.500321
0.470737,-0.499313
0.471979,-0.498305
0.473221,-0.497298
0.474463,-0.49629
0.475705,-0.495282
0.476947,-0.494275
0.478189,-0.493267
0.479431,-0.492259
0.480673,-0.491251
0.481915,-0.490244
0.483156,-0.489236
0.484398,-0.488228
0.48564,-0.487221
0.486882,-0.486213
0.488124,-0.485205
0.489366,-0.484198
0.490608,-0.48319
0.49185,-0.482182
0.493092,-0.481175
0.494334,-0.480167
0.495576,-0.479159
0.496818,-0.478151
0.49806,-0.477144
0.499302,-0.476136
0.500544,-0.475128
0.501786,-0.474121
0.503028,-0.473113
0.50427,-0.472105
0.505512,-0.471098
0.506754,-0.47009
0.507996,-0.469082
0.509238,-0.468075
0.51048,-0.467067
0.510951,-0.46727
0.511421,-0.467473
0.511891,-0.467675
0.512361,-0.467878
0.512832,-0.468081
0.513302,-0.468284
0.513772,-0.468487
0.514243,-0.46869
0.514713,-0.468893
0.515183,-0.469096
0.515653,-0.469298
0.516124,-0.469501
0.516594,-0.469704
0.517064,-0.469907
0.517535,-0.47011
0.518005,-0.470313
0.518475,-0.470516
0.518945,-0.470718
0.519416,-0.470921
0.519886,-0.471124
0.520356,-0.471327
0.520827,-0.47153
0.521297,-0.471733
0.521767,-0.471936
0.522237,-0.472138
0.522708,-0.472341
0.523178,-0.472544
0.523648,-0.472747
0.524119,-0.47295
0.524589,-0.473153
0.525059,-0.473356
0.525529,-0.473559
0.526,-0.473761
0.52647,-0.473964
0.52694,-0.474167
0.527411,-0.47437
0.527881,-0.474573
0.528351,-0.474776
0.528821,-0.474979
0.529292,-0.475181
0.529762,-0.475384
0.530232,-0.475587
0.530703,-0.47579
0.531173,-0.475993
0.531643,-0.476196
0.532113,-0.476399
0.532584,-0.476602
0.533054,-0.476804
0.533524,-0.477007
0.533995,-0.47721
0.534465,-0.477413
0.534935,-0.477616
0.535405,-0.477819
0.535876,-0.478022
0.536346,-0.478224
0.536816,-0.478427
0.537287,-0.47863
0.537757,-0.478833
0.538227,-0.479036
0.538697,-0.479239
0.539168,-0.479442
0.539638,-0.479645
0.540108,-0.479847
0.540579,-0.48005
0.541049,-0.480253
0.541519,-0.480456
0.541989,-0.480659
0.54246,-0.480862
0.54293,-0.481065
0.5434,-0.481267
0.543871,-0.48147
0.544341,-0.481673
0.544811,-0.481876
0.545281,-0.482079
0.545752,-0.482282
0.546222,-0.482485
0.546692,-0.482688
0.547163,-0.48289
0.547633,-0.483093
0.548103,-0.483296
0.548573,-0.483499
0.549044,-0.483702
0.549514,-0.483905
0.549984,-0.484108
0.550455,-0.48431
0.550925,-0.484513
0.551395,-0.484716
0.551865,-0.484919
0.552336,-0.485122
0.552806,-0.485325
0.553276,-0.485528
0.553747,-0.485731
0.554217,-0.485933
0.554687,-0.486136
0.555157,-0.486339
0.555628,-0.486542
0.556098,-0.486745
0.556568,-0.486948
0.557039,-0.487151
0.557509,-0.487353
0.557979,-0.487556
0.558449,-0.487759
0.55892,-0.487962
0.55939,-0.488165
0.55986,-0.488368
0.560331,-0.488571
0.560801,-0.488773
0.561271,-0.488976
0.561741,-0.489179
0.562212,-0.489382
0.562682,-0.489585
0.563152,-0.489788
0.563623,-0.489991
0.564093,-0.490194
0.564563,-0.490396
0.565033,-0.490599
0.565504,-0.490802
0.565974,-0.491005
0.566444,-0.491208
0.566915,-0.491411
0.567385,-0.491614
0.567855,-0.491816
0.568325,-0.492019
0.568796,-0.492222
0.569266,-0.492425
0.569736,-0.492628
0.570207,-0.492831
0.570677,-0.493034
0.571147,-0.493237
0.571617,-0.493439
0.572088,-0.493642
0.572558,-0.493845
0.573028,-0.494048
0.573499,-0.494251
0.573969,-0.494454
0.574439,-0.494657
0.574909,-0.494859
0.57538,-0.495062
0.57585,-0.495265
0.57632,-0.495468
0.576791,-0.495671
0.577261,-0.495874
0.577731,-0.496077
0.578201,-0.49628
0.578672,-0.496482
0.579142,-0.496685
0.579612,-0.496888
0.580082,-0.497091
0.580553,-0.497294
0.581023,-0.497497
0.58245,-0.496401
0.583877,-0.495305
0.585303,-0.494209
0.58673,-0.493113
0.588157,-0.492017
0.589584,-0.490921
0.59101,-0.489825
0.592437,-0.488729
0.593864,-0.487633
0.595291,-0.486537
0.596717,-0.485441
0.598144,-0.484345
0.599571,-0.483249
0.600998,-0.482153
0.602424,-0.481057
0.603851,-0.479961
0.605278,-0.478865
0.606705,-0.477769
0.608131,-0.476673
0.609558,-0.475577
0.610985,-0.474481
0.612412,-0.473385
0.613838,-0.472289
0.615265,-0.471193
0.616692,-0.470097
0.618119,-0.469001
0.619545,-0.467905
0.620972,-0.466809
0.622399,-0.465713
0.623826,-0.464618
0.625252,-0.463522
0.626679,-0.462426
0.628106,-0.46133
0.629533,-0.460234
0.63096,-0.459138
0.632386,-0.458042
0.633813,-0.456946
0.63524,-0.45585
0.636667,-0.454754
0.638093,-0.453658
0.63952,-0.452562
0.640947,-0.451466
0.642374,-0.45037
0.6438,-0.449274
0.645227,-0.448178
0.646654,-0.447082
0.648081,-0.445986
0.649507,-0.44489
0.650934,-0.443794
0.652361,-0.442698
0.653788,-0.441602
0.655214,-0.440506
0.656641,-0.43941
0.658068,-0.438314
0.659495,-0.437218
0.660921,-0.436122
0.662348,-0.435026
0.663775,-0.43393
0.665202,-0.432834
0.666628,-0.431738
0.668055,-0.430642
0.669482,-0.429546
0.670909,-0.42845
0.672335,-0.427354
0.673762,-0.426258
0.675189,-0.425162
0.676616,-0.424066
0.678042,-0.422971
0.679469,-0.421875
0.680896,-0.420779
0.682323,-0.419683
0.683749,-0.418587
0.685176,-0.417491
0.686603,-0.416395
0.68803,-0.415299
0.689457,-0.414203
0.690883,-0.413107
0.69231,-0.412011
0.693737,-0.410915
0.695164,-0.409819
0.69659,-0.408723
0.698017,-0.407627
0.699444,-0.406531
0.700871,-0.405435
0.702297,-0.404339
0.703724,-0.403243
0.705151,-0.402147
0.706578,-0.401051
0.708004,-0.399955
0.709431,-0.398859
0.710858,-0.397763
0.712285,-0.396667
0.713711,-0.395571
0.715138,-0.394475
0.716565,-0.393379
0.717992,-0.392283
0.719418,-0.391187
0.720845,-0.390091
0.722272,-0.388995
0.723699,-0.387899
0.725125,-0.386803
0.726552,-0.385707
0.727979,-0.384611
0.729406,-0.383515
0.730832,-0.382419
0.732259,-0.381323
0.733686,-0.380228
0.735113,-0.379132
0.736539,-0.378036
0.737966,-0.37694
0.739393,-0.375844
0.74082,-0.374748
0.742246,-0.373652
0.743673,-0.372556
0.7451,-0.37146
0.746527,-0.370364
0.747953,-0.369268
0.74938,-0.368172
0.750807,-0.367076
0.752234,-0.36598
0.753661,-0.364884
0.755087,-0.363788
0.756514,-0.362692
0.757941,-0.361596
0.759368,-0.3605
0.760794,-0.359404
0.762221,-0.358308
0.763648,-0.357212
0.765075,-0.356116
0.766501,-0.35502
0.767928,-0.353924
0.769355,-0.352828
0.770782,-0.351732
0.772208,-0.350636
0.773635,-0.34954
0.775062,-0.348444
0.776489,-0.347348
0.777915,-0.346252
0.779342,-0.345156
0.780769,-0.34406
0.782196,-0.342964
0.783622,-0.341868
0.785049,-0.340772
0.786476,-0.339676
0.787903,-0.338581
0.789329,-0.337485
0.790756,-0.336389
0.792183,-0.335293
0.79361,-0.334197
