O
15
1,0,-1,0.78,-0.5,0.75,0.0,0.0,0.0,0.3,0.4,0.02,0,0.8,False
2,0,-1,1.1,-0.5,0.93,0.0,0.0,0.0,0.02,0.4,0.2,0,0.8,False
3,0,-1,0.78,-0.5,1.11,0.0,0.0,0.0,0.3,0.4,0.02,0,0.8,False
4,0,-1,0.8,-0.92,0.93,0.0,0.0,0.0,0.32,0.02,0.2,0,0.8,False
5,0,-1,0.8,-0.08,0.93,0.0,0.0,0.0,0.32,0.02,0.2,0,0.8,False
6,2,0,0.5542581676674455,-0.33435218014955215,0.8450000000000001,0.0,0.0,1.9285262165531456,0.03,0.03,0.15,0.49036632846408423,0.8937382804347753,False
7,2,0,0.9206833070226981,-0.5615086323355949,0.8686004145635072,0.0,0.0,3.259370399926879,0.03580795222936177,0.03580795222936177,0.19720082912701445,0.07930618867560907,1.0473360235200544,False
8,2,0,0.7735691356999057,-0.5033397730774611,0.8450000000000001,0.0,0.0,3.3219994586358337,0.07428606450785057,0.07428606450785057,0.15,0.21404852691479798,1.009148035989035,False
9,2,0,1.0015512861324654,-0.25468030677444453,0.8450000000000001,0.0,0.0,1.2978187019150225,0.03,0.03,0.15,0.2534101144972522,0.9160025430377646,False
10,2,0,0.6289419052798582,-0.7476729517220854,0.8450000000000001,0.0,0.0,2.7628350242498576,0.07202122786694166,0.07202122786694166,0.15,0.347429485982676,1.1991145285756504,False
11,2,1,0.7278651592284842,-0.2361827278411519,0.8450000000000001,0.0,0.0,2.9589231718819318,0.049895081154302336,0.049895081154302336,0.15,0.10041325569329473,1.1066301113314672,True
12,2,1,0.8524157461430818,-0.8398500496128845,0.8450000000000001,0.0,0.0,3.7304315407077184,0.03,0.03,0.15,0.1476897935503565,0.8940836504019846,True
13,0,1,0.8133419076080673,-0.7227927126933065,0.86,0.0,0.0,0.3786119867206354,0.03,0.037526908892184824,0.09,0.12752072879888882,1.1066399283687236,True
14,0,1,1.0024452803284607,-0.4123329096359676,0.8736905414755648,0.0,0.0,3.21671279012677,0.05184874159702654,0.03,0.10369054147556478,0.3806845067095288,1.036539907790658,True
15,2,1,0.8581631511820526,-0.18209607470337463,0.8642623979567111,0.0,0.0,4.7114836471282215,0.036889169950944115,0.036889169950944115,0.18852479591342222,0.30257991430589815,1.117340480973575,True
R
0.0,0.0,0.0,0.0,0.0,0.0,1.0
S
8
torso_lift_joint,0
r_shoulder_pan_joint,-1.69017
r_shoulder_lift_joint,-0.0788625
r_upper_arm_roll_joint,-1.69017
r_elbow_flex_joint,-1.2717
r_forearm_roll_joint,-0.151824
r_wrist_flex_joint,-1.25254
r_wrist_roll_joint,0.675062
G
0.489506,-0.372196,0.845,0.528895,-0,0
ooi
6
A
599
0.310248,-0.673113
0.311257,-0.673079
0.312266,-0.673044
0.313274,-0.67301
0.314283,-0.672976
0.315292,-0.672941
0.316301,-0.672907
0.317309,-0.672873
0.318318,-0.672838
0.319327,-0.672804
0.320335,-0.672769
0.321344,-0.672735
0.322353,-0.672701
0.323362,-0.672666
0.32437,-0.672632
0.325379,-0.672598
0.326388,-0.672563
0.327397,-0.672529
0.328405,-0.672495
0.329414,-0.67246
0.330423,-0.672426
0.331431,-0.672392
0.33244,-0.672357
0.333449,-0.672323
0.334458,-0.672288
0.335466,-0.672254
0.336475,-0.67222
0.337484,-0.672185
0.338493,-0.672151
0.339501,-0.672117
0.34051,-0.672082
0.341519,-0.672048
0.342527,-0.672014
0.343536,-0.671979
0.344545,-0.671945
0.345554,-0.67191
0.346562,-0.671876
0.347571,-0.671842
0.34858,-0.671807
0.349588,-0.671773
0.350597,-0.671739
0.351606,-0.671704
0.352615,-0.67167
0.353623,-0.671636
0.354632,-0.671601
0.355641,-0.671567
0.35665,-0.671533
0.357658,-0.671498
0.358667,-0.671464
0.359676,-0.671429
0.360684,-0.671395
0.361693,-0.671361
0.362702,-0.671326
0.363711,-0.671292
0.364719,-0.671258
0.365728,-0.671223
0.366737,-0.671189
0.367746,-0.671155
0.368754,-0.67112
0.369763,-0.671086
0.370772,-0.671051
0.37178,-0.671017
0.372789,-0.670983
0.373798,-0.670948
0.374807,-0.670914
0.375815,-0.67088
0.376824,-0.670845
0.377833,-0.670811
0.378842,-0.670777
0.37985,-0.670742
0.380859,-0.670708
0.381868,-0.670674
0.382876,-0.670639
0.383885,-0.670605
0.384894,-0.67057
0.385903,-0.670536
0.386911,-0.670502
0.38792,-0.670467
0.388929,-0.670433
0.389938,-0.670399
0.390946,-0.670364
0.391955,-0.67033
0.392964,-0.670296
0.393972,-0.670261
0.394981,-0.670227
0.39599,-0.670192
0.396999,-0.670158
0.398007,-0.670124
0.399016,-0.670089
0.400025,-0.670055
0.401034,-0.670021
0.402042,-0.669986
0.403051,-0.669952
0.40406,-0.669918
0.405068,-0.669883
0.406077,-0.669849
0.407086,-0.669815
0.408095,-0.66978
0.409103,-0.669746
0.410112,-0.669711
0.411121,-0.669677
0.41213,-0.669643
0.413138,-0.669608
0.414147,-0.669574
0.415156,-0.66954
0.416164,-0.669505
0.417173,-0.669471
0.418182,-0.669437
0.419191,-0.669402
0.420199,-0.669368
0.421208,-0.669334
0.422217,-0.669299
0.423225,-0.669265
0.424234,-0.66923
0.425243,-0.669196
0.426252,-0.669162
0.42726,-0.669127
0.428269,-0.669093
0.429278,-0.669059
0.430287,-0.669024
0.431295,-0.66899
0.432304,-0.668956
0.433313,-0.668921
0.434321,-0.668887
0.43533,-0.668852
0.436339,-0.668818
0.437348,-0.668784
0.438356,-0.668749
0.439365,-0.668715
0.440374,-0.668681
0.441383,-0.668646
0.442391,-0.668612
0.4434,-0.668578
0.444409,-0.668543
0.445417,-0.668509
0.446426,-0.668475
0.447435,-0.66844
0.448444,-0.668406
0.449452,-0.668371
0.450461,-0.668337
0.45147,-0.668303
0.452479,-0.668268
0.453487,-0.668234
0.454496,-0.6682
0.455505,-0.668165
0.456513,-0.668131
0.457522,-0.668097
0.458531,-0.668062
0.45954,-0.668028
0.460548,-0.667993
0.461557,-0.667959
0.461944,-0.668271
0.462331,-0.668583
0.462717,-0.668895
0.463104,-0.669207
0.463491,-0.66952
0.463877,-0.669832
0.464264,-0.670144
0.464651,-0.670456
0.465038,-0.670768
0.465424,-0.67108
0.465811,-0.671392
0.466198,-0.671704
0.466584,-0.672016
0.466971,-0.672328
0.467358,-0.67264
0.467745,-0.672953
0.468131,-0.673265
0.468518,-0.673577
0.468905,-0.673889
0.469292,-0.674201
0.469678,-0.674513
0.470065,-0.674825
0.470452,-0.675137
0.470838,-0.675449
0.471225,-0.675761
0.471612,-0.676074
0.471999,-0.676386
0.472385,-0.676698
0.472772,-0.67701
0.473159,-0.677322
0.473546,-0.677634
0.473932,-0.677946
0.474319,-0.678258
0.474706,-0.67857
0.475092,-0.678882
0.475479,-0.679194
0.475866,-0.679507
0.476253,-0.679819
0.476639,-0.680131
0.477026,-0.680443
0.477413,-0.680755
0.477799,-0.681067
0.478186,-0.681379
0.478573,-0.681691
0.47896,-0.682003
0.479346,-0.682315
0.479733,-0.682627
0.48012,-0.68294
0.480507,-0.683252
0.480893,-0.683564
0.48128,-0.683876
0.481667,-0.684188
0.482053,-0.6845
0.48244,-0.684812
0.482827,-0.685124
0.483214,-0.685436
0.4836,-0.685748
0.483987,-0.68606
0.484374,-0.686373
0.48476,-0.686685
0.485147,-0.686997
0.485534,-0.687309
0.485921,-0.687621
0.486307,-0.687933
0.486694,-0.688245
0.487081,-0.688557
0.487468,-0.688869
0.487854,-0.689181
0.488241,-0.689493
0.488628,-0.689806
0.489014,-0.690118
0.489401,-0.69043
0.489788,-0.690742
0.490175,-0.691054
0.490561,-0.691366
0.490948,-0.691678
0.491335,-0.69199
0.491722,-0.692302
0.492108,-0.692614
0.492495,-0.692926
0.492882,-0.693239
0.493268,-0.693551
0.493655,-0.693863
0.494042,-0.694175
0.494429,-0.694487
0.494815,-0.694799
0.495202,-0.695111
0.495589,-0.695423
0.495975,-0.695735
0.496362,-0.696047
0.496749,-0.696359
0.497136,-0.696672
0.497522,-0.696984
0.497909,-0.697296
0.498296,-0.697608
0.498683,-0.69792
0.499069,-0.698232
0.499456,-0.698544
0.499843,-0.698856
0.500229,-0.699168
0.500616,-0.69948
0.501003,-0.699792
0.50139,-0.700105
0.501776,-0.700417
0.502163,-0.700729
0.50255,-0.701041
0.502937,-0.701353
0.503323,-0.701665
0.50371,-0.701977
0.504097,-0.702289
0.504483,-0.702601
0.50487,-0.702913
0.505257,-0.703226
0.505644,-0.703538
0.50603,-0.70385
0.506417,-0.704162
0.506804,-0.704474
0.50719,-0.704786
0.507577,-0.705098
0.507964,-0.70541
0.508351,-0.705722
0.508737,-0.706034
0.509124,-0.706346
0.509511,-0.706659
0.509898,-0.706971
0.510284,-0.707283
0.510671,-0.707595
0.511058,-0.707907
0.511444,-0.708219
0.511831,-0.708531
0.512218,-0.708843
0.512605,-0.709155
0.512991,-0.709467
0.513378,-0.709779
0.513765,-0.710092
0.514151,-0.710404
0.514538,-0.710716
0.514925,-0.711028
0.515312,-0.71134
0.515698,-0.711652
0.516085,-0.711964
0.516472,-0.712276
0.516859,-0.712588
0.517245,-0.7129
0.517632,-0.713212
0.518019,-0.713525
0.518405,-0.713837
0.518792,-0.714149
0.519179,-0.714461
0.518913,-0.713141
0.518647,-0.711822
0.518381,-0.710502
0.518115,-0.709182
0.517849,-0.707863
0.517583,-0.706543
0.517317,-0.705223
0.517051,-0.703904
0.516785,-0.702584
0.516519,-0.701264
0.516253,-0.699945
0.515987,-0.698625
0.515721,-0.697306
0.515455,-0.695986
0.515189,-0.694666
0.514923,-0.693347
0.514657,-0.692027
0.514391,-0.690707
0.514125,-0.689388
0.513859,-0.688068
0.513593,-0.686748
0.513327,-0.685429
0.513062,-0.684109
0.512796,-0.682789
0.51253,-0.68147
0.512264,-0.68015
0.511998,-0.678831
0.511732,-0.677511
0.511466,-0.676191
0.5112,-0.674872
0.510934,-0.673552
0.510668,-0.672232
0.510402,-0.670913
0.510136,-0.669593
0.50987,-0.668273
0.509604,-0.666954
0.509338,-0.665634
0.509072,-0.664315
0.508806,-0.662995
0.50854,-0.661675
0.508274,-0.660356
0.508008,-0.659036
0.507742,-0.657716
0.507476,-0.656397
0.50721,-0.655077
0.506944,-0.653757
0.506678,-0.652438
0.506412,-0.651118
0.506146,-0.649798
0.50588,-0.648479
0.505614,-0.647159
0.505348,-0.64584
0.505082,-0.64452
0.504816,-0.6432
0.50455,-0.641881
0.504284,-0.640561
0.504018,-0.639241
0.503752,-0.637922
0.503486,-0.636602
0.503221,-0.635282
0.502955,-0.633963
0.502689,-0.632643
0.502423,-0.631324
0.502157,-0.630004
0.501891,-0.628684
0.501625,-0.627365
0.501359,-0.626045
0.501093,-0.624725
0.500827,-0.623406
0.500561,-0.622086
0.500295,-0.620766
0.500029,-0.619447
0.499763,-0.618127
0.499497,-0.616808
0.499231,-0.615488
0.498965,-0.614168
0.498699,-0.612849
0.498433,-0.611529
0.498167,-0.610209
0.497901,-0.60889
0.497635,-0.60757
0.497369,-0.60625
0.497103,-0.604931
0.496837,-0.603611
0.496571,-0.602291
0.496305,-0.600972
0.496039,-0.599652
0.495773,-0.598333
0.495507,-0.597013
0.495241,-0.595693
0.494975,-0.594374
0.494709,-0.593054
0.494443,-0.591734
0.494177,-0.590415
0.493911,-0.589095
0.493645,-0.587775
0.493379,-0.586456
0.493114,-0.585136
0.492848,-0.583817
0.492582,-0.582497
0.492316,-0.581177
0.49205,-0.579858
0.491784,-0.578538
0.491518,-0.577218
0.491252,-0.575899
0.490986,-0.574579
0.49072,-0.573259
0.490454,-0.57194
0.490188,-0.57062
0.489922,-0.5693
0.489656,-0.567981
0.48939,-0.566661
0.489124,-0.565342
0.488858,-0.564022
0.488592,-0.562702
0.488326,-0.561383
0.48806,-0.560063
0.487794,-0.558743
0.487528,-0.557424
0.487262,-0.556104
0.486996,-0.554784
0.48673,-0.553465
0.486464,-0.552145
0.486198,-0.550826
0.485932,-0.549506
0.485666,-0.548186
0.4854,-0.546867
0.485134,-0.545547
0.484868,-0.544227
0.484602,-0.542908
0.484336,-0.541588
0.48407,-0.540268
0.483804,-0.538949
0.483538,-0.537629
0.483273,-0.536309
0.483007,-0.53499
0.482741,-0.53367
0.482475,-0.532351
0.482209,-0.531031
0.481943,-0.529711
0.481677,-0.528392
0.481411,-0.527072
0.481145,-0.525752
0.480879,-0.524433
0.480613,-0.523113
0.480347,-0.521793
0.480081,-0.520474
0.479815,-0.519154
0.479549,-0.517835
0.479283,-0.516515
0.479352,-0.515546
0.47942,-0.514578
0.479489,-0.513609
0.479557,-0.512641
0.479626,-0.511672
0.479695,-0.510703
0.479763,-0.509735
0.479832,-0.508766
0.4799,-0.507798
0.479969,-0.506829
0.480038,-0.50586
0.480106,-0.504892
0.480175,-0.503923
0.480243,-0.502955
0.480312,-0.501986
0.480381,-0.501018
0.480449,-0.500049
0.480518,-0.49908
0.480586,-0.498112
0.480655,-0.497143
0.480724,-0.496175
0.480792,-0.495206
0.480861,-0.494237
0.48093,-0.493269
0.480998,-0.4923
0.481067,-0.491332
0.481135,-0.490363
0.481204,-0.489394
0.481273,-0.488426
0.481341,-0.487457
0.48141,-0.486489
0.481478,-0.48552
0.481547,-0.484552
0.481616,-0.483583
0.481684,-0.482614
0.481753,-0.481646
0.481821,-0.480677
0.48189,-0.479709
0.481959,-0.47874
0.482027,-0.477771
0.482096,-0.476803
0.482165,-0.475834
0.482233,-0.474866
0.482302,-0.473897
0.48237,-0.472929
0.482439,-0.47196
0.482508,-0.470991
0.482576,-0.470023
0.482645,-0.469054
0.482713,-0.468086
0.482782,-0.467117
0.482851,-0.466148
0.482919,-0.46518
0.482988,-0.464211
0.483056,-0.463243
0.483125,-0.462274
0.483194,-0.461306
0.483262,-0.460337
0.483331,-0.459368
0.483399,-0.4584
0.483468,-0.457431
0.483537,-0.456463
0.483605,-0.455494
0.483674,-0.454525
0.483743,-0.453557
0.483811,-0.452588
0.48388,-0.45162
0.483948,-0.450651
0.484017,-0.449682
0.484086,-0.448714
0.484154,-0.447745
0.484223,-0.446777
0.484291,-0.445808
0.48436,-0.44484
0.484429,-0.443871
0.484497,-0.442902
0.484566,-0.441934
0.484634,-0.440965
0.484703,-0.439997
0.484772,-0.439028
0.48484,-0.438059
0.484909,-0.437091
0.484978,-0.436122
0.485046,-0.435154
0.485115,-0.434185
0.485183,-0.433217
0.485252,-0.432248
0.485321,-0.431279
0.485389,-0.430311
0.485458,-0.429342
0.485526,-0.428374
0.485595,-0.427405
0.485664,-0.426436
0.485732,-0.425468
0.485801,-0.424499
0.485869,-0.423531
0.485938,-0.422562
0.486007,-0.421594
0.486075,-0.420625
0.486144,-0.419656
0.486212,-0.418688
0.486281,-0.417719
0.48635,-0.416751
0.486418,-0.415782
0.486487,-0.414813
0.486556,-0.413845
0.486624,-0.412876
0.486693,-0.411908
0.486761,-0.410939
0.48683,-0.40997
0.486899,-0.409002
0.486967,-0.408033
0.487036,-0.407065
0.487104,-0.406096
0.487173,-0.405128
0.487242,-0.404159
0.48731,-0.40319
0.487379,-0.402222
0.487447,-0.401253
0.487516,-0.400285
0.487585,-0.399316
0.487653,-0.398347
0.487722,-0.397379
0.487791,-0.39641
0.487859,-0.395442
0.487928,-0.394473
0.487996,-0.393505
0.488065,-0.392536
0.488134,-0.391567
0.488202,-0.390599
0.488271,-0.38963
0.488339,-0.388662
0.488408,-0.387693
0.488477,-0.386724
0.488545,-0.385756
0.488614,-0.384787
0.488682,-0.383819
0.488751,-0.38285
0.48882,-0.381881
0.488888,-0.380913
0.488957,-0.379944
0.489026,-0.378976
0.489094,-0.378007
0.489163,-0.377039
0.489231,-0.37607
0.4893,-0.375101
0.489369,-0.374133
0.489437,-0.373164
0.489506,-0.372196
