O
15
1,0,-1,0.78,-0.5,0.75,0.0,0.0,0.0,0.3,0.4,0.02,0,0.8,False
2,0,-1,1.1,-0.5,0.93,0.0,0.0,0.0,0.02,0.4,0.2,0,0.8,False
3,0,-1,0.78,-0.5,1.11,0.0,0.0,0.0,0.3,0.4,0.02,0,0.8,False
4,0,-1,0.8,-0.92,0.93,0.0,0.0,0.0,0.32,0.02,0.2,0,0.8,False
5,0,-1,0.8,-0.08,0.93,0.0,0.0,0.0,0.32,0.02,0.2,0,0.8,False
6,2,0,0.9421344517634115,-0.17697137583127065,0.8450000000000001,0.0,0.0,1.4071481759247713,0.03,0.03,0.15,0.4481751993892781,1.0501749872018329,False
7,2,0,0.864648847535894,-0.7030991260315834,0.8450000000000001,0.0,0.0,0.8878678159335045,0.03825452658157867,0.03825452658157867,0.15,0.15268381349934507,0.8307728026656902,False
8,0,0,0.6344663300380659,-0.1723692443192858,0.8731180127326763,0.0,0.0,1.1957190611307928,0.03480049773586739,0.03119664057148559,0.10311801273267625,0.11736052990212592,0.945166524295932,False
9,2,0,0.8395062603221076,-0.40025259725127044,0.8450000000000001,0.0,0.0,4.979092625975968,0.03,0.03,0.15,0.1374044886382751,1.1437458191970933,False
10,2,0,0.5598451057810564,-0.7967984678511731,0.8576819953549104,0.0,0.0,2.2785321659262237,0.04322494405157814,0.04322494405157814,0.17536399070982073,0.3103243374955884,1.0093830359637244,False
11,2,1,1.0031053975598618,-0.8209119975405239,0.8450000000000001,0.0,0.0,3.335379227665253,0.049519658105047555,0.049519658105047555,0.15,0.3404762120724854,0.8966069489762137,True
12,0,1,0.6017255748418935,-0.5408873084441345,0.9085159036896606,0.0,0.0,0.43797655261115837,0.030982651960639637,0.03,0.13851590368966066,0.3588813338631475,0.9294884297683296,True
13,0,1,0.6362871891357329,-0.34540677095557193,0.86,0.0,0.0,1.9016586856973108,0.062460638239310216,0.07308345532215174,0.09,0.26607287384841866,1.1656684181574526,True
14,2,1,0.9359322270132953,-0.34300653377179247,0.8450000000000001,0.0,0.0,2.0527343963389355,0.03,0.03,0.15,0.02551572335338481,1.1015115296238973,True
15,0,1,0.7207947937912592,-0.6412568616983598,0.86,0.0,0.0,2.5591596322528427,0.052875042902076556,0.03563907757145948,0.09,0.480936430963217,1.1593077854549525,True
R
0.0,0.0,0.0,0.0,0.0,0.0,1.0
S
8
torso_lift_joint,0
r_shoulder_pan_joint,-1.69017
r_shoulder_lift_joint,-0.0788625
r_upper_arm_roll_joint,-1.69017
r_elbow_flex_joint,-1.2717
r_forearm_roll_joint,-0.151824
r_wrist_flex_joint,-1.25254
r_wrist_roll_joint,0.675062
G
0.605232,-0.246622,0.873118,1.19572,-0,0
ooi
8
A
599
0.310248,-0.673113
0.310574,-0.672905
0.310899,-0.672697
0.311225,-0.672489
0.311551,-0.672282
0.311876,-0.672074
0.312202,-0.671866
0.312528,-0.671658
0.312853,-0.67145
0.313179,-0.671242
0.313504,-0.671034
0.31383,-0.670826
0.314156,-0.670618
0.314481,-0.670411
0.314807,-0.670203
0.315133,-0.669995
0.315458,-0.669787
0.315784,-0.669579
0.316109,-0.669371
0.316435,-0.669163
0.316761,-0.668955
0.317086,-0.668748
0.317412,-0.66854
0.317738,-0.668332
0.318063,-0.668124
0.318389,-0.667916
0.318714,-0.667708
0.31904,-0.6675
0.319366,-0.667292
0.319691,-0.667084
0.320017,-0.666877
0.320343,-0.666669
0.320668,-0.666461
0.320994,-0.666253
0.321319,-0.666045
0.321645,-0.665837
0.321971,-0.665629
0.322296,-0.665421
0.322622,-0.665214
0.322948,-0.665006
0.323273,-0.664798
0.323599,-0.66459
0.323924,-0.664382
0.32425,-0.664174
0.324576,-0.663966
0.324901,-0.663758
0.325227,-0.66355
0.325553,-0.663343
0.325878,-0.663135
0.326204,-0.662927
0.326529,-0.662719
0.326855,-0.662511
0.327181,-0.662303
0.327506,-0.662095
0.327832,-0.661887
0.328158,-0.66168
0.328483,-0.661472
0.328809,-0.661264
0.329134,-0.661056
0.32946,-0.660848
0.329786,-0.66064
0.330111,-0.660432
0.330437,-0.660224
0.330763,-0.660016
0.331088,-0.659809
0.331414,-0.659601
0.331739,-0.659393
0.332065,-0.659185
0.332391,-0.658977
0.332716,-0.658769
0.333042,-0.658561
0.333368,-0.658353
0.333693,-0.658146
0.334019,-0.657938
0.334344,-0.65773
0.33467,-0.657522
0.334996,-0.657314
0.335321,-0.657106
0.335647,-0.656898
0.335973,-0.65669
0.336298,-0.656482
0.336624,-0.656275
0.336949,-0.656067
0.337275,-0.655859
0.337601,-0.655651
0.337926,-0.655443
0.338252,-0.655235
0.338578,-0.655027
0.338903,-0.654819
0.339229,-0.654612
0.339554,-0.654404
0.33988,-0.654196
0.340206,-0.653988
0.340531,-0.65378
0.340857,-0.653572
0.341183,-0.653364
0.341508,-0.653156
0.341834,-0.652949
0.342159,-0.652741
0.342485,-0.652533
0.342811,-0.652325
0.343136,-0.652117
0.343462,-0.651909
0.343788,-0.651701
0.344113,-0.651493
0.344439,-0.651285
0.344764,-0.651078
0.34509,-0.65087
0.345416,-0.650662
0.345741,-0.650454
0.346067,-0.650246
0.346393,-0.650038
0.346718,-0.64983
0.347044,-0.649622
0.347369,-0.649415
0.347695,-0.649207
0.348021,-0.648999
0.348346,-0.648791
0.348672,-0.648583
0.348998,-0.648375
0.349323,-0.648167
0.349649,-0.647959
0.349974,-0.647751
0.3503,-0.647544
0.350626,-0.647336
0.350951,-0.647128
0.351277,-0.64692
0.351603,-0.646712
0.351928,-0.646504
0.352254,-0.646296
0.352579,-0.646088
0.352905,-0.645881
0.353231,-0.645673
0.353556,-0.645465
0.353882,-0.645257
0.354208,-0.645049
0.354533,-0.644841
0.354859,-0.644633
0.355184,-0.644425
0.35551,-0.644217
0.355836,-0.64401
0.356161,-0.643802
0.356487,-0.643594
0.356813,-0.643386
0.357138,-0.643178
0.357464,-0.64297
0.357789,-0.642762
0.358115,-0.642554
0.358441,-0.642347
0.358766,-0.642139
0.359092,-0.641931
0.359357,-0.640458
0.359622,-0.638985
0.359886,-0.637512
0.360151,-0.636039
0.360416,-0.634566
0.360681,-0.633093
0.360945,-0.63162
0.36121,-0.630147
0.361475,-0.628674
0.36174,-0.627201
0.362005,-0.625728
0.362269,-0.624255
0.362534,-0.622782
0.362799,-0.621309
0.363064,-0.619837
0.363329,-0.618364
0.363593,-0.616891
0.363858,-0.615418
0.364123,-0.613945
0.364388,-0.612472
0.364653,-0.610999
0.364917,-0.609526
0.365182,-0.608053
0.365447,-0.60658
0.365712,-0.605107
0.365976,-0.603634
0.366241,-0.602161
0.366506,-0.600688
0.366771,-0.599215
0.367036,-0.597742
0.3673,-0.596269
0.367565,-0.594796
0.36783,-0.593323
0.368095,-0.591851
0.36836,-0.590378
0.368624,-0.588905
0.368889,-0.587432
0.369154,-0.585959
0.369419,-0.584486
0.369683,-0.583013
0.369948,-0.58154
0.370213,-0.580067
0.370478,-0.578594
0.370743,-0.577121
0.371007,-0.575648
0.371272,-0.574175
0.371537,-0.572702
0.371802,-0.571229
0.372067,-0.569756
0.372331,-0.568283
0.372596,-0.56681
0.372861,-0.565337
0.373126,-0.563865
0.373391,-0.562392
0.373655,-0.560919
0.37392,-0.559446
0.374185,-0.557973
0.37445,-0.5565
0.374714,-0.555027
0.374979,-0.553554
0.375244,-0.552081
0.375509,-0.550608
0.375774,-0.549135
0.376038,-0.547662
0.376303,-0.546189
0.376568,-0.544716
0.376833,-0.543243
0.377098,-0.54177
0.377362,-0.540297
0.377627,-0.538824
0.377892,-0.537351
0.378157,-0.535879
0.378422,-0.534406
0.378686,-0.532933
0.378951,-0.53146
0.379216,-0.529987
0.379481,-0.528514
0.379745,-0.527041
0.38001,-0.525568
0.380275,-0.524095
0.38054,-0.522622
0.380805,-0.521149
0.381069,-0.519676
0.381334,-0.518203
0.381599,-0.51673
0.381864,-0.515257
0.382129,-0.513784
0.382393,-0.512311
0.382658,-0.510838
0.382923,-0.509366
0.383188,-0.507893
0.383452,-0.50642
0.383717,-0.504947
0.383982,-0.503474
0.384247,-0.502001
0.384512,-0.500528
0.384776,-0.499055
0.385041,-0.497582
0.385306,-0.496109
0.385571,-0.494636
0.385836,-0.493163
0.3861,-0.49169
0.386365,-0.490217
0.38663,-0.488744
0.386895,-0.487271
0.38716,-0.485798
0.387424,-0.484325
0.387689,-0.482852
0.387954,-0.48138
0.388219,-0.479907
0.388483,-0.478434
0.388748,-0.476961
0.389013,-0.475488
0.389278,-0.474015
0.389543,-0.472542
0.389807,-0.471069
0.390072,-0.469596
0.390337,-0.468123
0.390602,-0.46665
0.390867,-0.465177
0.391131,-0.463704
0.391396,-0.462231
0.391661,-0.460758
0.391926,-0.459285
0.392191,-0.457812
0.392455,-0.456339
0.39272,-0.454866
0.392985,-0.453394
0.39325,-0.451921
0.393514,-0.450448
0.393779,-0.448975
0.394044,-0.447502
0.394309,-0.446029
0.394574,-0.444556
0.394838,-0.443083
0.395103,-0.44161
0.395368,-0.440137
0.395633,-0.438664
0.395898,-0.437191
0.396162,-0.435718
0.396427,-0.434245
0.396692,-0.432772
0.396957,-0.431299
0.397222,-0.429826
0.397486,-0.428353
0.397751,-0.42688
0.398016,-0.425408
0.398281,-0.423935
0.398545,-0.422462
0.399639,-0.422225
0.400732,-0.421988
0.401825,-0.421751
0.402919,-0.421514
0.404012,-0.421277
0.405105,-0.42104
0.406198,-0.420803
0.407292,-0.420566
0.408385,-0.420329
0.409478,-0.420092
0.410571,-0.419855
0.411665,-0.419618
0.412758,-0.419381
0.413851,-0.419144
0.414944,-0.418907
0.416038,-0.41867
0.417131,-0.418433
0.418224,-0.418196
0.419318,-0.417959
0.420411,-0.417722
0.421504,-0.417485
0.422597,-0.417248
0.423691,-0.417011
0.424784,-0.416774
0.425877,-0.416537
0.42697,-0.4163
0.428064,-0.416064
0.429157,-0.415827
0.43025,-0.41559
0.431344,-0.415353
0.432437,-0.415116
0.43353,-0.414879
0.434623,-0.414642
0.435717,-0.414405
0.43681,-0.414168
0.437903,-0.413931
0.438996,-0.413694
0.44009,-0.413457
0.441183,-0.41322
0.442276,-0.412983
0.443369,-0.412746
0.444463,-0.412509
0.445556,-0.412272
0.446649,-0.412035
0.447743,-0.411798
0.448836,-0.411561
0.449929,-0.411324
0.451022,-0.411087
0.452116,-0.41085
0.453209,-0.410613
0.454302,-0.410376
0.455395,-0.410139
0.456489,-0.409902
0.457582,-0.409665
0.458675,-0.409428
0.459768,-0.409191
0.460862,-0.408954
0.461955,-0.408718
0.463048,-0.408481
0.464142,-0.408244
0.465235,-0.408007
0.466328,-0.40777
0.467421,-0.407533
0.468515,-0.407296
0.469608,-0.407059
0.470701,-0.406822
0.471794,-0.406585
0.472888,-0.406348
0.473981,-0.406111
0.475074,-0.405874
0.476168,-0.405637
0.477261,-0.4054
0.478354,-0.405163
0.479447,-0.404926
0.480541,-0.404689
0.481634,-0.404452
0.482727,-0.404215
0.48382,-0.403978
0.484914,-0.403741
0.486007,-0.403504
0.4871,-0.403267
0.488193,-0.40303
0.489287,-0.402793
0.49038,-0.402556
0.491473,-0.402319
0.492567,-0.402082
0.49366,-0.401845
0.494753,-0.401608
0.495846,-0.401372
0.49694,-0.401135
0.498033,-0.400898
0.499126,-0.400661
0.500219,-0.400424
0.501313,-0.400187
0.502406,-0.39995
0.503499,-0.399713
0.504593,-0.399476
0.505686,-0.399239
0.506779,-0.399002
0.507872,-0.398765
0.508966,-0.398528
0.510059,-0.398291
0.511152,-0.398054
0.512245,-0.397817
0.513339,-0.39758
0.514432,-0.397343
0.515525,-0.397106
0.516618,-0.396869
0.517712,-0.396632
0.518805,-0.396395
0.519898,-0.396158
0.520992,-0.395921
0.522085,-0.395684
0.523178,-0.395447
0.524271,-0.39521
0.525365,-0.394973
0.526458,-0.394736
0.527551,-0.394499
0.528644,-0.394262
0.529738,-0.394026
0.530831,-0.393789
0.531924,-0.393552
0.533017,-0.393315
0.534111,-0.393078
0.535204,-0.392841
0.536297,-0.392604
0.537391,-0.392367
0.538484,-0.39213
0.539577,-0.391893
0.54067,-0.391656
0.541764,-0.391419
0.542857,-0.391182
0.54395,-0.390945
0.545043,-0.390708
0.546137,-0.390471
0.54723,-0.390234
0.548323,-0.389997
0.549417,-0.38976
0.55051,-0.389523
0.551603,-0.389286
0.552696,-0.389049
0.55379,-0.388812
0.554883,-0.388575
0.555976,-0.388338
0.557069,-0.388101
0.558163,-0.387864
0.559256,-0.387627
0.560349,-0.38739
0.561442,-0.387153
0.562536,-0.386917
0.562822,-0.385975
0.563109,-0.385033
0.563395,-0.384092
0.563682,-0.38315
0.563968,-0.382209
0.564255,-0.381267
0.564542,-0.380325
0.564828,-0.379384
0.565115,-0.378442
0.565401,-0.377501
0.565688,-0.376559
0.565974,-0.375618
0.566261,-0.374676
0.566547,-0.373734
0.566834,-0.372793
0.567121,-0.371851
0.567407,-0.37091
0.567694,-0.369968
0.56798,-0.369027
0.568267,-0.368085
0.568553,-0.367143
0.56884,-0.366202
0.569126,-0.36526
0.569413,-0.364319
0.5697,-0.363377
0.569986,-0.362436
0.570273,-0.361494
0.570559,-0.360552
0.570846,-0.359611
0.571132,-0.358669
0.571419,-0.357728
0.571705,-0.356786
0.571992,-0.355845
0.572278,-0.354903
0.572565,-0.353961
0.572852,-0.35302
0.573138,-0.352078
0.573425,-0.351137
0.573711,-0.350195
0.573998,-0.349254
0.574284,-0.348312
0.574571,-0.34737
0.574857,-0.346429
0.575144,-0.345487
0.575431,-0.344546
0.575717,-0.343604
0.576004,-0.342663
0.57629,-0.341721
0.576577,-0.340779
0.576863,-0.339838
0.57715,-0.338896
0.577436,-0.337955
0.577723,-0.337013
0.57801,-0.336072
0.578296,-0.33513
0.578583,-0.334188
0.578869,-0.333247
0.579156,-0.332305
0.579442,-0.331364
0.579729,-0.330422
0.580015,-0.32948
0.580302,-0.328539
0.580588,-0.327597
0.580875,-0.326656
0.581162,-0.325714
0.581448,-0.324773
0.581735,-0.323831
0.582021,-0.322889
0.582308,-0.321948
0.582594,-0.321006
0.582881,-0.320065
0.583167,-0.319123
0.583454,-0.318182
0.583741,-0.31724
0.584027,-0.316298
0.584314,-0.315357
0.5846,-0.314415
0.584887,-0.313474
0.585173,-0.312532
0.58546,-0.311591
0.585746,-0.310649
0.586033,-0.309707
0.586319,-0.308766
0.586606,-0.307824
0.586893,-0.306883
0.587179,-0.305941
0.587466,-0.305
0.587752,-0.304058
0.588039,-0.303116
0.588325,-0.302175
0.588612,-0.301233
0.588898,-0.300292
0.589185,-0.29935
0.589472,-0.298409
0.589758,-0.297467
0.590045,-0.296525
0.590331,-0.295584
0.590618,-0.294642
0.590904,-0.293701
0.591191,-0.292759
0.591477,-0.291818
0.591764,-0.290876
0.592051,-0.289934
0.592337,-0.288993
0.592624,-0.288051
0.59291,-0.28711
0.593197,-0.286168
0.593483,-0.285226
0.59377,-0.284285
0.594056,-0.283343
0.594343,-0.282402
0.594629,-0.28146
0.594916,-0.280519
0.595203,-0.279577
0.595489,-0.278635
0.595776,-0.277694
0.596062,-0.276752
0.596349,-0.275811
0.596635,-0.274869
0.596922,-0.273928
0.597208,-0.272986
0.597495,-0.272044
0.597782,-0.271103
0.598068,-0.270161
0.598355,-0.26922
0.598641,-0.268278
0.598928,-0.267337
0.599214,-0.266395
0.599501,-0.265453
0.599787,-0.264512
0.600074,-0.26357
0.60036,-0.262629
0.600647,-0.261687
0.600934,-0.260746
0.60122,-0.259804
0.601507,-0.258862
0.601793,-0.257921
0.60208,-0.256979
0.602366,-0.256038
0.602653,-0.255096
0.602939,-0.254155
0.603226,-0.253213
0.603513,-0.252271
0.603799,-0.25133
0.604086,-0.250388
0.604372,-0.249447
0.604659,-0.248505
0.604945,-0.247564
0.605232,-0.246622
