O
15
1,0,-1,0.78,-0.5,0.75,0.0,0.0,0.0,0.3,0.4,0.02,0,0.8,False
2,0,-1,1.1,-0.5,0.93,0.0,0.0,0.0,0.02,0.4,0.2,0,0.8,False
3,0,-1,0.78,-0.5,1.11,0.0,0.0,0.0,0.3,0.4,0.02,0,0.8,False
4,0,-1,0.8,-0.92,0.93,0.0,0.0,0.0,0.32,0.02,0.2,0,0.8,False
5,0,-1,0.8,-0.08,0.93,0.0,0.0,0.0,0.32,0.02,0.2,0,0.8,False
6,2,0,0.7838872247726509,-0.3617476363629827,0.8450000000000001,0.0,0.0,3.4935631098193043,0.07436692959069394,0.07436692959069394,0.15,0.34557731660563823,0.8111955727015306,False
7,0,0,0.7419755336093135,-0.5675096324173966,0.86,0.0,0.0,3.156819591622821,0.06515697277472718,0.03696791610764107,0.09,0.14114688397095104,0.9490804326625124,False
8,0,0,0.530815450801252,-0.429727288498752,0.9180162656331112,0.0,0.0,0.6576062390339072,0.03,0.03,0.14801626563311118,0.21782186219497418,1.168735477605073,False
9,2,0,0.9893237409083013,-0.7820560430001336,0.8450000000000001,0.0,0.0,3.3923267194397657,0.04875530395146033,0.04875530395146033,0.15,0.410878557611309,1.1248331349088216,False
10,0,0,0.5490535500705047,-0.3140103305682992,0.86,0.0,0.0,1.7063714874273588,0.03,0.03,0.09,0.2950914805264106,0.9615409101467925,False
11,0,1,0.7336646118807266,-0.15422996497970864,0.86,0.0,0.0,3.1215629149878583,0.07783150200604336,0.04039669529416313,0.09,0.1685956319539454,1.1466505293954685,True
12,2,1,0.9459949520877837,-0.16113502428134763,0.8522845846968109,0.0,0.0,3.9457536671162767,0.03,0.03,0.16456916939362176,0.283636155310834,1.0430270049196404,True
13,2,1,0.9836289946536829,-0.28675437381211577,0.8450000000000001,0.0,0.0,3.5953503781175007,0.0338058241374512,0.0338058241374512,0.15,0.164217377716468,1.1826795425403276,True
14,0,1,0.6224353847731396,-0.6821145631244094,0.8819508054913262,0.0,0.0,2.088158676558598,0.047111722844272154,0.03,0.11195080549132622,0.4782938990458083,1.1966510159433337,True
15,0,1,0.9819177453970569,-0.42137137134766106,0.8891889536365516,0.0,0.0,2.5685203627354514,0.07593932131300238,0.038971731848371154,0.11918895363655163,0.1289709331142232,1.127485134797751,True
R
0.0,0.0,0.0,0.0,0.0,0.0,1.0
S
8
torso_lift_joint,0
r_shoulder_pan_joint,-1.69017
r_shoulder_lift_joint,-0.0788625
r_upper_arm_roll_joint,-1.69017
r_elbow_flex_joint,-1.2717
r_forearm_roll_joint,-0.151824
r_wrist_flex_joint,-1.25254
r_wrist_roll_joint,0.675062
G
0.471456,-0.475569,0.918016,0.657606,-0,0
ooi
8
A
599
0.310248,-0.673113
0.309929,-0.672591
0.309609,-0.67207
0.30929,-0.671548
0.30897,-0.671026
0.30865,-0.670505
0.308331,-0.669983
0.308011,-0.669461
0.307692,-0.66894
0.307372,-0.668418
0.307053,-0.667896
0.306733,-0.667375
0.306414,-0.666853
0.306094,-0.666331
0.305774,-0.66581
0.305455,-0.665288
0.305135,-0.664766
0.304816,-0.664245
0.304496,-0.663723
0.304177,-0.663202
0.303857,-0.66268
0.303538,-0.662158
0.303218,-0.661637
0.302898,-0.661115
0.302579,-0.660593
0.302259,-0.660072
0.30194,-0.65955
0.30162,-0.659028
0.301301,-0.658507
0.300981,-0.657985
0.300662,-0.657463
0.300342,-0.656942
0.300022,-0.65642
0.299703,-0.655898
0.299383,-0.655377
0.299064,-0.654855
0.298744,-0.654333
0.298425,-0.653812
0.298105,-0.65329
0.297786,-0.652768
0.297466,-0.652247
0.297146,-0.651725
0.296827,-0.651203
0.296507,-0.650682
0.296188,-0.65016
0.295868,-0.649638
0.295549,-0.649117
0.295229,-0.648595
0.29491,-0.648073
0.29459,-0.647552
0.29427,-0.64703
0.293951,-0.646508
0.293631,-0.645987
0.293312,-0.645465
0.292992,-0.644943
0.292673,-0.644422
0.292353,-0.6439
0.292034,-0.643378
0.291714,-0.642857
0.291394,-0.642335
0.291075,-0.641813
0.290755,-0.641292
0.290436,-0.64077
0.290116,-0.640248
0.289797,-0.639727
0.289477,-0.639205
0.289158,-0.638683
0.288838,-0.638162
0.288518,-0.63764
0.288199,-0.637118
0.287879,-0.636597
0.28756,-0.636075
0.28724,-0.635553
0.286921,-0.635032
0.286601,-0.63451
0.286282,-0.633988
0.285962,-0.633467
0.285642,-0.632945
0.285323,-0.632423
0.285003,-0.631902
0.284684,-0.63138
0.284364,-0.630858
0.284045,-0.630337
0.283725,-0.629815
0.283406,-0.629293
0.283086,-0.628772
0.282766,-0.62825
0.282447,-0.627728
0.282127,-0.627207
0.281808,-0.626685
0.281488,-0.626164
0.281169,-0.625642
0.280849,-0.62512
0.28053,-0.624599
0.28021,-0.624077
0.27989,-0.623555
0.279571,-0.623034
0.279251,-0.622512
0.278932,-0.62199
0.278612,-0.621469
0.278293,-0.620947
0.277973,-0.620425
0.277654,-0.619904
0.277334,-0.619382
0.277014,-0.61886
0.276695,-0.618339
0.276375,-0.617817
0.276056,-0.617295
0.275736,-0.616774
0.275417,-0.616252
0.275097,-0.61573
0.274778,-0.615209
0.274458,-0.614687
0.274138,-0.614165
0.273819,-0.613644
0.273499,-0.613122
0.27318,-0.6126
0.27286,-0.612079
0.272541,-0.611557
0.272221,-0.611035
0.271902,-0.610514
0.271582,-0.609992
0.271262,-0.60947
0.270943,-0.608949
0.270623,-0.608427
0.270304,-0.607905
0.269984,-0.607384
0.269665,-0.606862
0.269345,-0.60634
0.269026,-0.605819
0.268706,-0.605297
0.268386,-0.604775
0.268067,-0.604254
0.267747,-0.603732
0.267428,-0.60321
0.267108,-0.602689
0.266789,-0.602167
0.266469,-0.601645
0.26615,-0.601124
0.26583,-0.600602
0.26551,-0.60008
0.265191,-0.599559
0.264871,-0.599037
0.264552,-0.598515
0.264232,-0.597994
0.263913,-0.597472
0.263593,-0.59695
0.263274,-0.596429
0.262954,-0.595907
0.262634,-0.595385
0.262315,-0.594864
0.262672,-0.594455
0.26303,-0.594046
0.263387,-0.593637
0.263745,-0.593228
0.264102,-0.59282
0.264459,-0.592411
0.264817,-0.592002
0.265174,-0.591593
0.265532,-0.591184
0.265889,-0.590775
0.266246,-0.590366
0.266604,-0.589958
0.266961,-0.589549
0.267319,-0.58914
0.267676,-0.588731
0.268033,-0.588322
0.268391,-0.587913
0.268748,-0.587504
0.269106,-0.587096
0.269463,-0.586687
0.26982,-0.586278
0.270178,-0.585869
0.270535,-0.58546
0.270893,-0.585051
0.27125,-0.584642
0.271608,-0.584234
0.271965,-0.583825
0.272322,-0.583416
0.27268,-0.583007
0.273037,-0.582598
0.273395,-0.582189
0.273752,-0.581781
0.274109,-0.581372
0.274467,-0.580963
0.274824,-0.580554
0.275182,-0.580145
0.275539,-0.579736
0.275896,-0.579327
0.276254,-0.578919
0.276611,-0.57851
0.276969,-0.578101
0.277326,-0.577692
0.277683,-0.577283
0.278041,-0.576874
0.278398,-0.576465
0.278756,-0.576057
0.279113,-0.575648
0.27947,-0.575239
0.279828,-0.57483
0.280185,-0.574421
0.280543,-0.574012
0.2809,-0.573603
0.281258,-0.573195
0.281615,-0.572786
0.281972,-0.572377
0.28233,-0.571968
0.282687,-0.571559
0.283045,-0.57115
0.283402,-0.570742
0.283759,-0.570333
0.284117,-0.569924
0.284474,-0.569515
0.284832,-0.569106
0.285189,-0.568697
0.285546,-0.568288
0.285904,-0.56788
0.286261,-0.567471
0.286619,-0.567062
0.286976,-0.566653
0.287333,-0.566244
0.287691,-0.565835
0.288048,-0.565426
0.288406,-0.565018
0.288763,-0.564609
0.28912,-0.5642
0.289478,-0.563791
0.289835,-0.563382
0.290193,-0.562973
0.29055,-0.562564
0.290908,-0.562156
0.291265,-0.561747
0.291622,-0.561338
0.29198,-0.560929
0.292337,-0.56052
0.292695,-0.560111
0.293052,-0.559702
0.293409,-0.559294
0.293767,-0.558885
0.294124,-0.558476
0.294482,-0.558067
0.294839,-0.557658
0.295196,-0.557249
0.295554,-0.556841
0.295911,-0.556432
0.296269,-0.556023
0.296626,-0.555614
0.296983,-0.555205
0.297341,-0.554796
0.297698,-0.554387
0.298056,-0.553979
0.298413,-0.55357
0.29877,-0.553161
0.299128,-0.552752
0.299485,-0.552343
0.299843,-0.551934
0.3002,-0.551525
0.300558,-0.551117
0.300915,-0.550708
0.301272,-0.550299
0.30163,-0.54989
0.301987,-0.549481
0.302345,-0.549072
0.302702,-0.548663
0.303059,-0.548255
0.303417,-0.547846
0.303774,-0.547437
0.304132,-0.547028
0.304489,-0.546619
0.304846,-0.54621
0.305204,-0.545802
0.305561,-0.545393
0.305919,-0.544984
0.306276,-0.544575
0.306633,-0.544166
0.306991,-0.543757
0.307348,-0.543348
0.307706,-0.54294
0.308063,-0.542531
0.308421,-0.542122
0.308778,-0.541713
0.309135,-0.541304
0.309493,-0.540895
0.30985,-0.540486
0.310208,-0.540078
0.310565,-0.539669
0.310922,-0.53926
0.31128,-0.538851
0.311637,-0.538442
0.311995,-0.538033
0.312352,-0.537624
0.312709,-0.537216
0.313067,-0.536807
0.313424,-0.536398
0.313782,-0.535989
0.314139,-0.53558
0.314496,-0.535171
0.314854,-0.534762
0.315211,-0.534354
0.315569,-0.533945
0.316011,-0.533774
0.316454,-0.533603
0.316896,-0.533432
0.317339,-0.533262
0.317782,-0.533091
0.318224,-0.53292
0.318667,-0.532749
0.319109,-0.532579
0.319552,-0.532408
0.319995,-0.532237
0.320437,-0.532066
0.32088,-0.531895
0.321322,-0.531725
0.321765,-0.531554
0.322208,-0.531383
0.32265,-0.531212
0.323093,-0.531042
0.323535,-0.530871
0.323978,-0.5307
0.324421,-0.530529
0.324863,-0.530358
0.325306,-0.530188
0.325748,-0.530017
0.326191,-0.529846
0.326634,-0.529675
0.327076,-0.529505
0.327519,-0.529334
0.327961,-0.529163
0.328404,-0.528992
0.328847,-0.528821
0.329289,-0.528651
0.329732,-0.52848
0.330174,-0.528309
0.330617,-0.528138
0.33106,-0.527968
0.331502,-0.527797
0.331945,-0.527626
0.332387,-0.527455
0.33283,-0.527284
0.333273,-0.527114
0.333715,-0.526943
0.334158,-0.526772
0.3346,-0.526601
0.335043,-0.526431
0.335486,-0.52626
0.335928,-0.526089
0.336371,-0.525918
0.336813,-0.525747
0.337256,-0.525577
0.337699,-0.525406
0.338141,-0.525235
0.338584,-0.525064
0.339026,-0.524894
0.339469,-0.524723
0.339912,-0.524552
0.340354,-0.524381
0.340797,-0.52421
0.341239,-0.52404
0.341682,-0.523869
0.342125,-0.523698
0.342567,-0.523527
0.34301,-0.523356
0.343452,-0.523186
0.343895,-0.523015
0.344338,-0.522844
0.34478,-0.522673
0.345223,-0.522503
0.345665,-0.522332
0.346108,-0.522161
0.346551,-0.52199
0.346993,-0.521819
0.347436,-0.521649
0.347878,-0.521478
0.348321,-0.521307
0.348764,-0.521136
0.349206,-0.520966
0.349649,-0.520795
0.350091,-0.520624
0.350534,-0.520453
0.350977,-0.520282
0.351419,-0.520112
0.351862,-0.519941
0.352304,-0.51977
0.352747,-0.519599
0.35319,-0.519429
0.353632,-0.519258
0.354075,-0.519087
0.354517,-0.518916
0.35496,-0.518745
0.355403,-0.518575
0.355845,-0.518404
0.356288,-0.518233
0.356731,-0.518062
0.357173,-0.517892
0.357616,-0.517721
0.358058,-0.51755
0.358501,-0.517379
0.358944,-0.517208
0.359386,-0.517038
0.359829,-0.516867
0.360271,-0.516696
0.360714,-0.516525
0.361157,-0.516355
0.361599,-0.516184
0.362042,-0.516013
0.362484,-0.515842
0.362927,-0.515671
0.36337,-0.515501
0.363812,-0.51533
0.364255,-0.515159
0.364697,-0.514988
0.36514,-0.514818
0.365583,-0.514647
0.366025,-0.514476
0.366468,-0.514305
0.36691,-0.514134
0.367353,-0.513964
0.367796,-0.513793
0.368238,-0.513622
0.368681,-0.513451
0.369123,-0.513281
0.369566,-0.51311
0.370009,-0.512939
0.370451,-0.512768
0.370894,-0.512597
0.371336,-0.512427
0.371779,-0.512256
0.372222,-0.512085
0.372664,-0.511914
0.373107,-0.511744
0.373549,-0.511573
0.373992,-0.511402
0.374435,-0.511231
0.374877,-0.51106
0.37532,-0.51089
0.375762,-0.510719
0.376205,-0.510548
0.376648,-0.510377
0.37709,-0.510207
0.377533,-0.510036
0.377975,-0.509865
0.378418,-0.509694
0.378861,-0.509523
0.379303,-0.509353
0.379746,-0.509182
0.380188,-0.509011
0.380631,-0.50884
0.381074,-0.50867
0.381516,-0.508499
0.381959,-0.508328
0.382559,-0.508108
0.38316,-0.507888
0.383761,-0.507668
0.384361,-0.507449
0.384962,-0.507229
0.385563,-0.507009
0.386163,-0.506789
0.386764,-0.506569
0.387365,-0.506349
0.387965,-0.506129
0.388566,-0.50591
0.389167,-0.50569
0.389767,-0.50547
0.390368,-0.50525
0.390969,-0.50503
0.391569,-0.50481
0.39217,-0.50459
0.39277,-0.50437
0.393371,-0.504151
0.393972,-0.503931
0.394572,-0.503711
0.395173,-0.503491
0.395774,-0.503271
0.396374,-0.503051
0.396975,-0.502831
0.397576,-0.502612
0.398176,-0.502392
0.398777,-0.502172
0.399378,-0.501952
0.399978,-0.501732
0.400579,-0.501512
0.40118,-0.501292
0.40178,-0.501073
0.402381,-0.500853
0.402982,-0.500633
0.403582,-0.500413
0.404183,-0.500193
0.404784,-0.499973
0.405384,-0.499753
0.405985,-0.499534
0.406586,-0.499314
0.407186,-0.499094
0.407787,-0.498874
0.408387,-0.498654
0.408988,-0.498434
0.409589,-0.498214
0.410189,-0.497995
0.41079,-0.497775
0.411391,-0.497555
0.411991,-0.497335
0.412592,-0.497115
0.413193,-0.496895
0.413793,-0.496675
0.414394,-0.496456
0.414995,-0.496236
0.415595,-0.496016
0.416196,-0.495796
0.416797,-0.495576
0.417397,-0.495356
0.417998,-0.495136
0.418599,-0.494917
0.419199,-0.494697
0.4198,-0.494477
0.420401,-0.494257
0.421001,-0.494037
0.421602,-0.493817
0.422203,-0.493597
0.422803,-0.493378
0.423404,-0.493158
0.424004,-0.492938
0.424605,-0.492718
0.425206,-0.492498
0.425806,-0.492278
0.426407,-0.492058
0.427008,-0.491839
0.427608,-0.491619
0.428209,-0.491399
0.42881,-0.491179
0.42941,-0.490959
0.430011,-0.490739
0.430612,-0.490519
0.431212,-0.4903
0.431813,-0.49008
0.432414,-0.48986
0.433014,-0.48964
0.433615,-0.48942
0.434216,-0.4892
0.434816,-0.48898
0.435417,-0.488761
0.436018,-0.488541
0.436618,-0.488321
0.437219,-0.488101
0.43782,-0.487881
0.43842,-0.487661
0.439021,-0.487441
0.439621,-0.487222
0.440222,-0.487002
0.440823,-0.486782
0.441423,-0.486562
0.442024,-0.486342
0.442625,-0.486122
0.443225,-0.485902
0.443826,-0.485683
0.444427,-0.485463
0.445027,-0.485243
0.445628,-0.485023
0.446229,-0.484803
0.446829,-0.484583
0.44743,-0.484363
0.448031,-0.484144
0.448631,-0.483924
0.449232,-0.483704
0.449833,-0.483484
0.450433,-0.483264
0.451034,-0.483044
0.451635,-0.482824
0.452235,-0.482605
0.452836,-0.482385
0.453437,-0.482165
0.454037,-0.481945
0.454638,-0.481725
0.455238,-0.481505
0.455839,-0.481285
0.45644,-0.481066
0.45704,-0.480846
0.457641,-0.480626
0.458242,-0.480406
0.458842,-0.480186
0.459443,-0.479966
0.460044,-0.479746
0.460644,-0.479527
0.461245,-0.479307
0.461846,-0.479087
0.462446,-0.478867
0.463047,-0.478647
0.463648,-0.478427
0.464248,-0.478207
0.464849,-0.477988
0.46545,-0.477768
0.46605,-0.477548
0.466651,-0.477328
0.467252,-0.477108
0.467852,-0.476888
0.468453,-0.476668
0.469054,-0.476449
0.469654,-0.476229
0.470255,-0.476009
0.470855,-0.475789
0.471456,-0.475569
