O
15
1,0,-1,0.78,-0.5,0.75,0.0,0.0,0.0,0.3,0.4,0.02,0,0.8,False
2,0,-1,1.1,-0.5,0.93,0.0,0.0,0.0,0.02,0.4,0.2,0,0.8,False
3,0,-1,0.78,-0.5,1.11,0.0,0.0,0.0,0.3,0.4,0.02,0,0.8,False
4,0,-1,0.8,-0.92,0.93,0.0,0.0,0.0,0.32,0.02,0.2,0,0.8,False
5,0,-1,0.8,-0.08,0.93,0.0,0.0,0.0,0.32,0.02,0.2,0,0.8,False
6,0,0,0.8918079731110602,-0.7653746486037956,0.86,0.0,0.0,0.5647154873754975,0.05728407295201616,0.03,0.09,0.19402655617803682,1.1393241676104329,False
7,2,0,0.8349522607229336,-0.1663666634620744,0.8450000000000001,0.0,0.0,1.5853247468876628,0.03,0.03,0.15,0.10368172939800818,1.049049724985833,False
8,0,0,0.8750453047662878,-0.4528266513885513,0.9057992555448474,0.0,0.0,5.334213385453635,0.03,0.03,0.1357992555448474,0.14250022700403087,0.9284767375418673,False
9,0,0,0.5194658587297722,-0.28971213733396994,0.8798037859962593,0.0,0.0,5.404847902340591,0.03,0.039163854002499165,0.10980378599625923,0.4877731112405797,0.9388881786405152,False
10,2,0,0.9685682243010694,-0.17688003714547385,0.8450000000000001,0.0,0.0,3.473785051126598,0.03,0.03,0.15,0.28306039037708036,1.0595524646261107,False
11,2,1,0.6035849478035191,-0.405056040369847,0.8450000000000001,0.0,0.0,0.5357668457699789,0.03,0.03,0.15,0.37886701951972546,1.0424987980694926,True
12,2,1,0.8255735680408569,-0.35650365616706137,0.8496026224117333,0.0,0.0,5.049468307743884,0.03,0.03,0.15920524482346668,0.27653112978593725,0.9258012241842001,True
13,0,1,0.6714653477463426,-0.22814893794268687,0.8677828829930567,0.0,0.0,2.03016489377481,0.05999178250053059,0.07172254788594729,0.09778288299305671,0.189413033252333,0.8196629824643923,True
14,2,1,0.9233248563125789,-0.3475888795844472,0.8450000000000001,0.0,0.0,2.155815824175935,0.03,0.03,0.15,0.18566044285519873,0.9014360665695765,True
15,2,1,0.5762423643882775,-0.7870863725841455,0.8450000000000001,0.0,0.0,4.681929377417493,0.03,0.03,0.15,0.17410969843595148,1.1342331208312864,True
R
0.0,0.0,0.0,0.0,0.0,0.0,1.0
S
8
torso_lift_joint,0
r_shoulder_pan_joint,-1.69017
r_shoulder_lift_joint,-0.0788625
r_upper_arm_roll_joint,-1.69017
r_elbow_flex_joint,-1.2717
r_forearm_roll_joint,-0.151824
r_wrist_flex_joint,-1.25254
r_wrist_roll_joint,0.675062
G
0.454687,-0.343445,0.879804,0.692459,-0,0
ooi
9
A
599
0.310248,-0.673113
0.310423,-0.671937
0.310598,-0.670761
0.310773,-0.669584
0.310948,-0.668408
0.311123,-0.667232
0.311298,-0.666055
0.311473,-0.664879
0.311648,-0.663703
0.311823,-0.662526
0.311998,-0.66135
0.312173,-0.660174
0.312348,-0.658998
0.312523,-0.657821
0.312698,-0.656645
0.312873,-0.655469
0.313048,-0.654292
0.313223,-0.653116
0.313398,-0.65194
0.313573,-0.650764
0.313748,-0.649587
0.313923,-0.648411
0.314098,-0.647235
0.314273,-0.646058
0.314448,-0.644882
0.314623,-0.643706
0.314799,-0.64253
0.314974,-0.641353
0.315149,-0.640177
0.315324,-0.639001
0.315499,-0.637824
0.315674,-0.636648
0.315849,-0.635472
0.316024,-0.634296
0.316199,-0.633119
0.316374,-0.631943
0.316549,-0.630767
0.316724,-0.62959
0.316899,-0.628414
0.317074,-0.627238
0.317249,-0.626062
0.317424,-0.624885
0.317599,-0.623709
0.317774,-0.622533
0.317949,-0.621356
0.318124,-0.62018
0.318299,-0.619004
0.318474,-0.617828
0.318649,-0.616651
0.318824,-0.615475
0.318999,-0.614299
0.319174,-0.613122
0.319349,-0.611946
0.319524,-0.61077
0.319699,-0.609594
0.319874,-0.608417
0.320049,-0.607241
0.320224,-0.606065
0.320399,-0.604888
0.320574,-0.603712
0.320749,-0.602536
0.320924,-0.60136
0.321099,-0.600183
0.321274,-0.599007
0.321449,-0.597831
0.321624,-0.596654
0.321799,-0.595478
0.321974,-0.594302
0.322149,-0.593126
0.322324,-0.591949
0.322499,-0.590773
0.322674,-0.589597
0.322849,-0.58842
0.323024,-0.587244
0.323199,-0.586068
0.323374,-0.584892
0.323549,-0.583715
0.323724,-0.582539
0.323899,-0.581363
0.324074,-0.580186
0.324249,-0.57901
0.324424,-0.577834
0.324599,-0.576658
0.324774,-0.575481
0.324949,-0.574305
0.325124,-0.573129
0.325299,-0.571952
0.325474,-0.570776
0.325649,-0.5696
0.325824,-0.568424
0.325999,-0.567247
0.326174,-0.566071
0.326349,-0.564895
0.326524,-0.563718
0.326699,-0.562542
0.326874,-0.561366
0.327049,-0.56019
0.327224,-0.559013
0.327399,-0.557837
0.327574,-0.556661
0.327749,-0.555484
0.327924,-0.554308
0.328099,-0.553132
0.328275,-0.551956
0.32845,-0.550779
0.328625,-0.549603
0.3288,-0.548427
0.328975,-0.54725
0.32915,-0.546074
0.329325,-0.544898
0.3295,-0.543722
0.329675,-0.542545
0.32985,-0.541369
0.330025,-0.540193
0.3302,-0.539016
0.330375,-0.53784
0.33055,-0.536664
0.330725,-0.535488
0.3309,-0.534311
0.331075,-0.533135
0.33125,-0.531959
0.331425,-0.530782
0.3316,-0.529606
0.331775,-0.52843
0.33195,-0.527254
0.332125,-0.526077
0.3323,-0.524901
0.332475,-0.523725
0.33265,-0.522548
0.332825,-0.521372
0.333,-0.520196
0.333175,-0.519019
0.33335,-0.517843
0.333525,-0.516667
0.3337,-0.515491
0.333875,-0.514314
0.33405,-0.513138
0.334225,-0.511962
0.3344,-0.510785
0.334575,-0.509609
0.33475,-0.508433
0.334925,-0.507257
0.3351,-0.50608
0.335275,-0.504904
0.33545,-0.503728
0.335625,-0.502551
0.3358,-0.501375
0.335975,-0.500199
0.33615,-0.499023
0.336325,-0.497846
0.3365,-0.49667
0.337004,-0.496392
0.337508,-0.496114
0.338013,-0.495836
0.338517,-0.495558
0.339021,-0.49528
0.339525,-0.495002
0.340029,-0.494724
0.340533,-0.494446
0.341038,-0.494168
0.341542,-0.49389
0.342046,-0.493612
0.34255,-0.493334
0.343054,-0.493056
0.343558,-0.492778
0.344062,-0.4925
0.344567,-0.492221
0.345071,-0.491943
0.345575,-0.491665
0.346079,-0.491387
0.346583,-0.491109
0.347087,-0.490831
0.347592,-0.490553
0.348096,-0.490275
0.3486,-0.489997
0.349104,-0.489719
0.349608,-0.489441
0.350112,-0.489163
0.350617,-0.488885
0.351121,-0.488607
0.351625,-0.488329
0.352129,-0.488051
0.352633,-0.487773
0.353137,-0.487495
0.353642,-0.487217
0.354146,-0.486939
0.35465,-0.486661
0.355154,-0.486383
0.355658,-0.486105
0.356162,-0.485827
0.356666,-0.485549
0.357171,-0.485271
0.357675,-0.484993
0.358179,-0.484715
0.358683,-0.484436
0.359187,-0.484158
0.359691,-0.48388
0.360196,-0.483602
0.3607,-0.483324
0.361204,-0.483046
0.361708,-0.482768
0.362212,-0.48249
0.362716,-0.482212
0.363221,-0.481934
0.363725,-0.481656
0.364229,-0.481378
0.364733,-0.4811
0.365237,-0.480822
0.365741,-0.480544
0.366245,-0.480266
0.36675,-0.479988
0.367254,-0.47971
0.367758,-0.479432
0.368262,-0.479154
0.368766,-0.478876
0.36927,-0.478598
0.369775,-0.47832
0.370279,-0.478042
0.370783,-0.477764
0.371287,-0.477486
0.371791,-0.477208
0.372295,-0.47693
0.3728,-0.476651
0.373304,-0.476373
0.373808,-0.476095
0.374312,-0.475817
0.374816,-0.475539
0.37532,-0.475261
0.375825,-0.474983
0.376329,-0.474705
0.376833,-0.474427
0.377337,-0.474149
0.377841,-0.473871
0.378345,-0.473593
0.378849,-0.473315
0.379354,-0.473037
0.379858,-0.472759
0.380362,-0.472481
0.380866,-0.472203
0.38137,-0.471925
0.381874,-0.471647
0.382379,-0.471369
0.382883,-0.471091
0.383387,-0.470813
0.383891,-0.470535
0.384395,-0.470257
0.384899,-0.469979
0.385404,-0.469701
0.385908,-0.469423
0.386412,-0.469145
0.386916,-0.468867
0.38742,-0.468588
0.387924,-0.46831
0.388428,-0.468032
0.388933,-0.467754
0.389437,-0.467476
0.389941,-0.467198
0.390445,-0.46692
0.390949,-0.466642
0.391453,-0.466364
0.391958,-0.466086
0.392462,-0.465808
0.392966,-0.46553
0.39347,-0.465252
0.393974,-0.464974
0.394478,-0.464696
0.394983,-0.464418
0.395487,-0.46414
0.395991,-0.463862
0.396495,-0.463584
0.396999,-0.463306
0.397503,-0.463028
0.398008,-0.46275
0.398512,-0.462472
0.399016,-0.462194
0.39952,-0.461916
0.400024,-0.461638
0.400528,-0.46136
0.401032,-0.461082
0.401537,-0.460803
0.402041,-0.460525
0.402545,-0.460247
0.403049,-0.459969
0.403553,-0.459691
0.404057,-0.459413
0.404562,-0.459135
0.405066,-0.458857
0.40557,-0.458579
0.406074,-0.458301
0.406578,-0.458023
0.407082,-0.457745
0.407587,-0.457467
0.408091,-0.457189
0.408595,-0.456911
0.409099,-0.456633
0.409603,-0.456355
0.410107,-0.456077
0.410611,-0.455799
0.411116,-0.455521
0.41162,-0.455243
0.411999,-0.454716
0.412378,-0.454188
0.412756,-0.453661
0.413135,-0.453134
0.413514,-0.452607
0.413893,-0.45208
0.414272,-0.451553
0.414651,-0.451026
0.415029,-0.450498
0.415408,-0.449971
0.415787,-0.449444
0.416166,-0.448917
0.416545,-0.44839
0.416924,-0.447863
0.417303,-0.447335
0.417681,-0.446808
0.41806,-0.446281
0.418439,-0.445754
0.418818,-0.445227
0.419197,-0.4447
0.419576,-0.444172
0.419955,-0.443645
0.420333,-0.443118
0.420712,-0.442591
0.421091,-0.442064
0.42147,-0.441537
0.421849,-0.44101
0.422228,-0.440482
0.422607,-0.439955
0.422985,-0.439428
0.423364,-0.438901
0.423743,-0.438374
0.424122,-0.437847
0.424501,-0.437319
0.42488,-0.436792
0.425259,-0.436265
0.425637,-0.435738
0.426016,-0.435211
0.426395,-0.434684
0.426774,-0.434156
0.427153,-0.433629
0.427532,-0.433102
0.427911,-0.432575
0.428289,-0.432048
0.428668,-0.431521
0.429047,-0.430994
0.429426,-0.430466
0.429805,-0.429939
0.430184,-0.429412
0.430563,-0.428885
0.430941,-0.428358
0.43132,-0.427831
0.431699,-0.427303
0.432078,-0.426776
0.432457,-0.426249
0.432836,-0.425722
0.433215,-0.425195
0.433593,-0.424668
0.433972,-0.42414
0.434351,-0.423613
0.43473,-0.423086
0.435109,-0.422559
0.435488,-0.422032
0.435867,-0.421505
0.436245,-0.420978
0.436624,-0.42045
0.437003,-0.419923
0.437382,-0.419396
0.437761,-0.418869
0.43814,-0.418342
0.438519,-0.417815
0.438897,-0.417287
0.439276,-0.41676
0.439655,-0.416233
0.440034,-0.415706
0.440413,-0.415179
0.440792,-0.414652
0.441171,-0.414124
0.441549,-0.413597
0.441928,-0.41307
0.442307,-0.412543
0.442686,-0.412016
0.443065,-0.411489
0.443444,-0.410962
0.443823,-0.410434
0.444201,-0.409907
0.44458,-0.40938
0.444959,-0.408853
0.445338,-0.408326
0.445717,-0.407799
0.446096,-0.407271
0.446475,-0.406744
0.446853,-0.406217
0.447232,-0.40569
0.447611,-0.405163
0.44799,-0.404636
0.448369,-0.404108
0.448748,-0.403581
0.449127,-0.403054
0.449505,-0.402527
0.449884,-0.402
0.450263,-0.401473
0.450642,-0.400946
0.451021,-0.400418
0.4514,-0.399891
0.451778,-0.399364
0.452157,-0.398837
0.452536,-0.39831
0.452915,-0.397783
0.453294,-0.397255
0.453673,-0.396728
0.454052,-0.396201
0.45443,-0.395674
0.454809,-0.395147
0.455188,-0.39462
0.455567,-0.394092
0.455946,-0.393565
0.456325,-0.393038
0.456704,-0.392511
0.457082,-0.391984
0.457461,-0.391457
0.45784,-0.39093
0.458219,-0.390402
0.458598,-0.389875
0.458977,-0.389348
0.459356,-0.388821
0.459734,-0.388294
0.460113,-0.387767
0.460492,-0.387239
0.460871,-0.386712
0.46125,-0.386185
0.461629,-0.385658
0.462008,-0.385131
0.462386,-0.384604
0.462765,-0.384076
0.463144,-0.383549
0.463523,-0.383022
0.463902,-0.382495
0.464281,-0.381968
0.46466,-0.381441
0.465038,-0.380914
0.465417,-0.380386
0.465796,-0.379859
0.466175,-0.379332
0.466554,-0.378805
0.466933,-0.378278
0.467312,-0.377751
0.46769,-0.377223
0.468069,-0.376696
0.468448,-0.376169
0.468356,-0.37595
0.468263,-0.37573
0.468171,-0.37551
0.468079,-0.375291
0.467986,-0.375071
0.467894,-0.374851
0.467802,-0.374632
0.467709,-0.374412
0.467617,-0.374193
0.467525,-0.373973
0.467432,-0.373753
0.46734,-0.373534
0.467247,-0.373314
0.467155,-0.373094
0.467063,-0.372875
0.46697,-0.372655
0.466878,-0.372436
0.466786,-0.372216
0.466693,-0.371996
0.466601,-0.371777
0.466509,-0.371557
0.466416,-0.371337
0.466324,-0.371118
0.466232,-0.370898
0.466139,-0.370679
0.466047,-0.370459
0.465954,-0.370239
0.465862,-0.37002
0.46577,-0.3698
0.465677,-0.36958
0.465585,-0.369361
0.465493,-0.369141
0.4654,-0.368922
0.465308,-0.368702
0.465216,-0.368482
0.465123,-0.368263
0.465031,-0.368043
0.464939,-0.367823
0.464846,-0.367604
0.464754,-0.367384
0.464661,-0.367165
0.464569,-0.366945
0.464477,-0.366725
0.464384,-0.366506
0.464292,-0.366286
0.4642,-0.366066
0.464107,-0.365847
0.464015,-0.365627
0.463923,-0.365408
0.46383,-0.365188
0.463738,-0.364968
0.463646,-0.364749
0.463553,-0.364529
0.463461,-0.364309
0.463368,-0.36409
0.463276,-0.36387
0.463184,-0.363651
0.463091,-0.363431
0.462999,-0.363211
0.462907,-0.362992
0.462814,-0.362772
0.462722,-0.362552
0.46263,-0.362333
0.462537,-0.362113
0.462445,-0.361894
0.462352,-0.361674
0.46226,-0.361454
0.462168,-0.361235
0.462075,-0.361015
0.461983,-0.360795
0.461891,-0.360576
0.461798,-0.360356
0.461706,-0.360137
0.461614,-0.359917
0.461521,-0.359697
0.461429,-0.359478
0.461337,-0.359258
0.461244,-0.359038
0.461152,-0.358819
0.461059,-0.358599
0.460967,-0.35838
0.460875,-0.35816
0.460782,-0.35794
0.46069,-0.357721
0.460598,-0.357501
0.460505,-0.357281
0.460413,-0.357062
0.460321,-0.356842
0.460228,-0.356623
0.460136,-0.356403
0.460044,-0.356183
0.459951,-0.355964
0.459859,-0.355744
0.459766,-0.355524
0.459674,-0.355305
0.459582,-0.355085
0.459489,-0.354866
0.459397,-0.354646
0.459305,-0.354426
0.459212,-0.354207
0.45912,-0.353987
0.459028,-0.353767
0.458935,-0.353548
0.458843,-0.353328
0.458751,-0.353109
0.458658,-0.352889
0.458566,-0.352669
0.458473,-0.35245
0.458381,-0.35223
0.458289,-0.35201
0.458196,-0.351791
0.458104,-0.351571
0.458012,-0.351352
0.457919,-0.351132
0.457827,-0.350912
0.457735,-0.350693
0.457642,-0.350473
0.45755,-0.350253
0.457458,-0.350034
0.457365,-0.349814
0.457273,-0.349595
0.45718,-0.349375
0.457088,-0.349155
0.456996,-0.348936
0.456903,-0.348716
0.456811,-0.348496
0.456719,-0.348277
0.456626,-0.348057
0.456534,-0.347838
0.456442,-0.347618
0.456349,-0.347398
0.456257,-0.347179
0.456164,-0.346959
0.456072,-0.346739
0.45598,-0.34652
0.455887,-0.3463
0.455795,-0.346081
0.455703,-0.345861
0.45561,-0.345641
0.455518,-0.345422
0.455426,-0.345202
0.455333,-0.344982
0.455241,-0.344763
0.455149,-0.344543
0.455056,-0.344324
0.454964,-0.344104
0.454871,-0.343884
0.454779,-0.343665
0.454687,-0.343445
