O
15
1,0,-1,0.78,-0.5,0.75,0.0,0.0,0.0,0.3,0.4,0.02,0,0.8,False
2,0,-1,1.1,-0.5,0.93,0.0,0.0,0.0,0.02,0.4,0.2,0,0.8,False
3,0,-1,0.78,-0.5,1.11,0.0,0.0,0.0,0.3,0.4,0.02,0,0.8,False
4,0,-1,0.8,-0.92,0.93,0.0,0.0,0.0,0.32,0.02,0.2,0,0.8,False
5,0,-1,0.8,-0.08,0.93,0.0,0.0,0.0,0.32,0.02,0.2,0,0.8,False
6,0,0,0.6098692263075824,-0.29428610348139006,0.9071146021678231,0.0,0.0,5.911918753133469,0.03,0.07737423143742499,0.13711460216782312,0.24247291190103631,1.018053798645486,False
7,2,0,0.8392717079540024,-0.5637353697113245,0.8514642371235391,0.0,0.0,0.7023982595238585,0.04222145748877301,0.04222145748877301,0.1629284742470782,0.4473912631130344,1.1853105507022195,False
8,2,0,0.8107383065983724,-0.292956995090626,0.8450000000000001,0.0,0.0,2.320775296332199,0.031059537621843967,0.031059537621843967,0.15,0.2107958055763714,1.0665043496922608,False
9,0,0,1.007707903469925,-0.6938225861126954,0.86,0.0,0.0,4.046197103033292,0.041458805933919304,0.03525551939005431,0.09,0.3477710012165957,1.1336996980082756,False
10,2,0,0.8200054885981267,-0.7233822996163186,0.8450000000000001,0.0,0.0,0.8991757310506421,0.03,0.03,0.15,0.18545337048845062,1.194251529897817,False
11,0,1,0.5860522371039381,-0.4338874507709416,0.86,0.0,0.0,6.2527783545954705,0.055940693630336984,0.03,0.09,0.2944732809593525,1.197036653874701,True
12,0,1,0.517174002880959,-0.8136492826950914,0.86,0.0,0.0,0.02058808491117993,0.03,0.055124973349957244,0.09,0.49914063390592667,1.008809119223923,True
13,2,1,0.819015313881275,-0.424848362703804,0.8688497746406346,0.0,0.0,4.5235784890808155,0.03782027276437957,0.03782027276437957,0.19769954928126926,0.49285760857000993,0.97708102151951,True
14,0,1,0.6929140083683221,-0.6514955441649894,0.86,0.0,0.0,5.673460330433852,0.03,0.07663261303597035,0.09,0.23550290062381424,0.8635728716464666,True
15,2,1,0.756007985696157,-0.18750211195087363,0.8450000000000001,0.0,0.0,0.7410567623513935,0.03,0.03,0.15,0.45671021581200816,1.0969332981477429,True
R
0.0,0.0,0.0,0.0,0.0,0.0,1.0
S
8
torso_lift_joint,0
r_shoulder_pan_joint,-1.69017
r_shoulder_lift_joint,-0.0788625
r_upper_arm_roll_joint,-1.69017
r_elbow_flex_joint,-1.2717
r_forearm_roll_joint,-0.151824
r_wrist_flex_joint,-1.25254
r_wrist_roll_joint,0.675062
G
0.565472,-0.408323,0.907115,1.19953,-0,0
ooi
6
A
599
0.310248,-0.673113
0.310269,-0.672041
0.310289,-0.670968
0.31031,-0.669896
0.31033,-0.668823
0.31035,-0.667751
0.310371,-0.666678
0.310391,-0.665606
0.310412,-0.664533
0.310432,-0.663461
0.310453,-0.662388
0.310473,-0.661316
0.310494,-0.660243
0.310514,-0.659171
0.310535,-0.658098
0.310555,-0.657026
0.310575,-0.655953
0.310596,-0.65488
0.310616,-0.653808
0.310637,-0.652735
0.310657,-0.651663
0.310678,-0.65059
0.310698,-0.649518
0.310719,-0.648445
0.310739,-0.647373
0.310759,-0.6463
0.31078,-0.645228
0.3108,-0.644155
0.310821,-0.643083
0.310841,-0.64201
0.310862,-0.640938
0.310882,-0.639865
0.310903,-0.638793
0.310923,-0.63772
0.310944,-0.636648
0.310964,-0.635575
0.310984,-0.634503
0.311005,-0.63343
0.311025,-0.632358
0.311046,-0.631285
0.311066,-0.630213
0.311087,-0.62914
0.311107,-0.628068
0.311128,-0.626995
0.311148,-0.625923
0.311169,-0.62485
0.311189,-0.623778
0.311209,-0.622705
0.31123,-0.621633
0.31125,-0.62056
0.311271,-0.619488
0.311291,-0.618415
0.311312,-0.617343
0.311332,-0.61627
0.311353,-0.615198
0.311373,-0.614125
0.311394,-0.613053
0.311414,-0.61198
0.311434,-0.610908
0.311455,-0.609835
0.311475,-0.608763
0.311496,-0.60769
0.311516,-0.606618
0.311537,-0.605545
0.311557,-0.604473
0.311578,-0.6034
0.311598,-0.602328
0.311619,-0.601255
0.311639,-0.600183
0.311659,-0.59911
0.31168,-0.598038
0.3117,-0.596965
0.311721,-0.595893
0.311741,-0.59482
0.311762,-0.593748
0.311782,-0.592675
0.311803,-0.591603
0.311823,-0.59053
0.311844,-0.589458
0.311864,-0.588385
0.311884,-0.587313
0.311905,-0.58624
0.311925,-0.585168
0.311946,-0.584095
0.311966,-0.583023
0.311987,-0.58195
0.312007,-0.580878
0.312028,-0.579805
0.312048,-0.578733
0.312068,-0.57766
0.312089,-0.576588
0.312109,-0.575515
0.31213,-0.574443
0.31215,-0.57337
0.312171,-0.572298
0.312191,-0.571225
0.312212,-0.570153
0.312232,-0.56908
0.312253,-0.568008
0.312273,-0.566935
0.312293,-0.565863
0.312314,-0.56479
0.312334,-0.563718
0.312355,-0.562645
0.312375,-0.561573
0.312396,-0.5605
0.312416,-0.559428
0.312437,-0.558355
0.312457,-0.557283
0.312478,-0.55621
0.312498,-0.555138
0.312518,-0.554065
0.312539,-0.552993
0.312559,-0.55192
0.31258,-0.550848
0.3126,-0.549775
0.312621,-0.548703
0.312641,-0.54763
0.312662,-0.546558
0.312682,-0.545485
0.312703,-0.544413
0.312723,-0.54334
0.312743,-0.542267
0.312764,-0.541195
0.312784,-0.540122
0.312805,-0.53905
0.312825,-0.537977
0.312846,-0.536905
0.312866,-0.535832
0.312887,-0.53476
0.312907,-0.533687
0.312928,-0.532615
0.312948,-0.531542
0.312968,-0.53047
0.312989,-0.529397
0.313009,-0.528325
0.31303,-0.527252
0.31305,-0.52618
0.313071,-0.525107
0.313091,-0.524035
0.313112,-0.522962
0.313132,-0.52189
0.313152,-0.520817
0.313173,-0.519745
0.313193,-0.518672
0.313214,-0.5176
0.313234,-0.516527
0.313255,-0.515455
0.313275,-0.514382
0.313296,-0.51331
0.313316,-0.512237
0.314286,-0.513016
0.315257,-0.513795
0.316227,-0.514573
0.317197,-0.515352
0.318167,-0.516131
0.319138,-0.516909
0.320108,-0.517688
0.321078,-0.518467
0.322048,-0.519245
0.323019,-0.520024
0.323989,-0.520803
0.324959,-0.521581
0.32593,-0.52236
0.3269,-0.523139
0.32787,-0.523917
0.32884,-0.524696
0.329811,-0.525475
0.330781,-0.526253
0.331751,-0.527032
0.332721,-0.527811
0.333692,-0.52859
0.334662,-0.529368
0.335632,-0.530147
0.336602,-0.530926
0.337573,-0.531704
0.338543,-0.532483
0.339513,-0.533262
0.340483,-0.53404
0.341454,-0.534819
0.342424,-0.535598
0.343394,-0.536376
0.344364,-0.537155
0.345335,-0.537934
0.346305,-0.538712
0.347275,-0.539491
0.348245,-0.54027
0.349216,-0.541048
0.350186,-0.541827
0.351156,-0.542606
0.352127,-0.543384
0.353097,-0.544163
0.354067,-0.544942
0.355037,-0.54572
0.356008,-0.546499
0.356978,-0.547278
0.357948,-0.548056
0.358918,-0.548835
0.359889,-0.549614
0.360859,-0.550392
0.361829,-0.551171
0.362799,-0.55195
0.36377,-0.552728
0.36474,-0.553507
0.36571,-0.554286
0.36668,-0.555064
0.367651,-0.555843
0.368621,-0.556622
0.369591,-0.5574
0.370561,-0.558179
0.371532,-0.558958
0.372502,-0.559736
0.373472,-0.560515
0.374443,-0.561294
0.375413,-0.562072
0.376383,-0.562851
0.377353,-0.56363
0.378324,-0.564408
0.379294,-0.565187
0.380264,-0.565966
0.381234,-0.566745
0.382205,-0.567523
0.383175,-0.568302
0.384145,-0.569081
0.385115,-0.569859
0.386086,-0.570638
0.387056,-0.571417
0.388026,-0.572195
0.388996,-0.572974
0.389967,-0.573753
0.390937,-0.574531
0.391907,-0.57531
0.392877,-0.576089
0.393848,-0.576867
0.394818,-0.577646
0.395788,-0.578425
0.396759,-0.579203
0.397729,-0.579982
0.398699,-0.580761
0.399669,-0.581539
0.40064,-0.582318
0.40161,-0.583097
0.40258,-0.583875
0.40355,-0.584654
0.404521,-0.585433
0.405491,-0.586211
0.406461,-0.58699
0.407431,-0.587769
0.408402,-0.588547
0.409372,-0.589326
0.410342,-0.590105
0.411312,-0.590883
0.412283,-0.591662
0.413253,-0.592441
0.414223,-0.593219
0.415193,-0.593998
0.416164,-0.594777
0.417134,-0.595555
0.418104,-0.596334
0.419075,-0.597113
0.420045,-0.597891
0.421015,-0.59867
0.421985,-0.599449
0.422956,-0.600227
0.423926,-0.601006
0.424896,-0.601785
0.425866,-0.602563
0.426837,-0.603342
0.427807,-0.604121
0.428777,-0.6049
0.429747,-0.605678
0.430718,-0.606457
0.431688,-0.607236
0.432658,-0.608014
0.433628,-0.608793
0.434599,-0.609572
0.435569,-0.61035
0.436539,-0.611129
0.437509,-0.611908
0.43848,-0.612686
0.43945,-0.613465
0.44042,-0.614244
0.441391,-0.615022
0.442361,-0.615801
0.443331,-0.61658
0.444301,-0.617358
0.445272,-0.618137
0.446242,-0.618916
0.447212,-0.619694
0.448182,-0.620473
0.449153,-0.621252
0.450123,-0.62203
0.451093,-0.622809
0.452063,-0.623588
0.453034,-0.624366
0.454004,-0.625145
0.454974,-0.625924
0.455944,-0.626702
0.456915,-0.627481
0.457885,-0.62826
0.457672,-0.627246
0.457458,-0.626233
0.457245,-0.625219
0.457032,-0.624206
0.456819,-0.623192
0.456605,-0.622179
0.456392,-0.621165
0.456179,-0.620151
0.455965,-0.619138
0.455752,-0.618124
0.455539,-0.617111
0.455326,-0.616097
0.455112,-0.615084
0.454899,-0.61407
0.454686,-0.613057
0.454472,-0.612043
0.454259,-0.61103
0.454046,-0.610016
0.453833,-0.609003
0.453619,-0.607989
0.453406,-0.606976
0.453193,-0.605962
0.452979,-0.604949
0.452766,-0.603935
0.452553,-0.602921
0.45234,-0.601908
0.452126,-0.600894
0.451913,-0.599881
0.4517,-0.598867
0.451486,-0.597854
0.451273,-0.59684
0.45106,-0.595827
0.450847,-0.594813
0.450633,-0.5938
0.45042,-0.592786
0.450207,-0.591773
0.449993,-0.590759
0.44978,-0.589746
0.449567,-0.588732
0.449354,-0.587719
0.44914,-0.586705
0.448927,-0.585691
0.448714,-0.584678
0.4485,-0.583664
0.448287,-0.582651
0.448074,-0.581637
0.447861,-0.580624
0.447647,-0.57961
0.447434,-0.578597
0.447221,-0.577583
0.447007,-0.57657
0.446794,-0.575556
0.446581,-0.574543
0.446368,-0.573529
0.446154,-0.572516
0.445941,-0.571502
0.445728,-0.570489
0.445514,-0.569475
0.445301,-0.568461
0.445088,-0.567448
0.444875,-0.566434
0.444661,-0.565421
0.444448,-0.564407
0.444235,-0.563394
0.444021,-0.56238
0.443808,-0.561367
0.443595,-0.560353
0.443382,-0.55934
0.443168,-0.558326
0.442955,-0.557313
0.442742,-0.556299
0.442528,-0.555286
0.442315,-0.554272
0.442102,-0.553259
0.441889,-0.552245
0.441675,-0.551232
0.441462,-0.550218
0.441249,-0.549204
0.441035,-0.548191
0.440822,-0.547177
0.440609,-0.546164
0.440396,-0.54515
0.440182,-0.544137
0.439969,-0.543123
0.439756,-0.54211
0.439542,-0.541096
0.439329,-0.540083
0.439116,-0.539069
0.438903,-0.538056
0.438689,-0.537042
0.438476,-0.536029
0.438263,-0.535015
0.438049,-0.534002
0.437836,-0.532988
0.437623,-0.531974
0.43741,-0.530961
0.437196,-0.529947
0.436983,-0.528934
0.43677,-0.52792
0.436556,-0.526907
0.436343,-0.525893
0.43613,-0.52488
0.435917,-0.523866
0.435703,-0.522853
0.43549,-0.521839
0.435277,-0.520826
0.435063,-0.519812
0.43485,-0.518799
0.434637,-0.517785
0.434424,-0.516772
0.43421,-0.515758
0.433997,-0.514744
0.433784,-0.513731
0.43357,-0.512717
0.433357,-0.511704
0.433144,-0.51069
0.432931,-0.509677
0.432717,-0.508663
0.432504,-0.50765
0.432291,-0.506636
0.432077,-0.505623
0.431864,-0.504609
0.431651,-0.503596
0.431438,-0.502582
0.431224,-0.501569
0.431011,-0.500555
0.430798,-0.499542
0.430584,-0.498528
0.430371,-0.497514
0.430158,-0.496501
0.429945,-0.495487
0.429731,-0.494474
0.429518,-0.49346
0.429305,-0.492447
0.429091,-0.491433
0.428878,-0.49042
0.428665,-0.489406
0.428452,-0.488393
0.428238,-0.487379
0.428025,-0.486366
0.427812,-0.485352
0.427598,-0.484339
0.427385,-0.483325
0.427172,-0.482312
0.426959,-0.481298
0.426745,-0.480284
0.426532,-0.479271
0.426319,-0.478257
0.426105,-0.477244
0.425892,-0.47623
0.426829,-0.475775
0.427766,-0.475319
0.428702,-0.474863
0.429639,-0.474407
0.430576,-0.473952
0.431513,-0.473496
0.43245,-0.47304
0.433386,-0.472584
0.434323,-0.472129
0.43526,-0.471673
0.436197,-0.471217
0.437134,-0.470761
0.43807,-0.470306
0.439007,-0.46985
0.439944,-0.469394
0.440881,-0.468938
0.441817,-0.468483
0.442754,-0.468027
0.443691,-0.467571
0.444628,-0.467115
0.445565,-0.466659
0.446501,-0.466204
0.447438,-0.465748
0.448375,-0.465292
0.449312,-0.464836
0.450248,-0.464381
0.451185,-0.463925
0.452122,-0.463469
0.453059,-0.463013
0.453996,-0.462558
0.454932,-0.462102
0.455869,-0.461646
0.456806,-0.46119
0.457743,-0.460735
0.458679,-0.460279
0.459616,-0.459823
0.460553,-0.459367
0.46149,-0.458912
0.462427,-0.458456
0.463363,-0.458
0.4643,-0.457544
0.465237,-0.457089
0.466174,-0.456633
0.46711,-0.456177
0.468047,-0.455721
0.468984,-0.455266
0.469921,-0.45481
0.470858,-0.454354
0.471794,-0.453898
0.472731,-0.453443
0.473668,-0.452987
0.474605,-0.452531
0.475541,-0.452075
0.476478,-0.45162
0.477415,-0.451164
0.478352,-0.450708
0.479289,-0.450252
0.480225,-0.449797
0.481162,-0.449341
0.482099,-0.448885
0.483036,-0.448429
0.483973,-0.447974
0.484909,-0.447518
0.485846,-0.447062
0.486783,-0.446606
0.48772,-0.44615
0.488656,-0.445695
0.489593,-0.445239
0.49053,-0.444783
0.491467,-0.444327
0.492404,-0.443872
0.49334,-0.443416
0.494277,-0.44296
0.495214,-0.442504
0.496151,-0.442049
0.497087,-0.441593
0.498024,-0.441137
0.498961,-0.440681
0.499898,-0.440226
0.500835,-0.43977
0.501771,-0.439314
0.502708,-0.438858
0.503645,-0.438403
0.504582,-0.437947
0.505518,-0.437491
0.506455,-0.437035
0.507392,-0.43658
0.508329,-0.436124
0.509266,-0.435668
0.510202,-0.435212
0.511139,-0.434757
0.512076,-0.434301
0.513013,-0.433845
0.513949,-0.433389
0.514886,-0.432934
0.515823,-0.432478
0.51676,-0.432022
0.517697,-0.431566
0.518633,-0.431111
0.51957,-0.430655
0.520507,-0.430199
0.521444,-0.429743
0.52238,-0.429288
0.523317,-0.428832
0.524254,-0.428376
0.525191,-0.42792
0.526128,-0.427465
0.527064,-0.427009
0.528001,-0.426553
0.528938,-0.426097
0.529875,-0.425642
0.530811,-0.425186
0.531748,-0.42473
0.532685,-0.424274
0.533622,-0.423818
0.534559,-0.423363
0.535495,-0.422907
0.536432,-0.422451
0.537369,-0.421995
0.538306,-0.42154
0.539243,-0.421084
0.540179,-0.420628
0.541116,-0.420172
0.542053,-0.419717
0.54299,-0.419261
0.543926,-0.418805
0.544863,-0.418349
0.5458,-0.417894
0.546737,-0.417438
0.547674,-0.416982
0.54861,-0.416526
0.549547,-0.416071
0.550484,-0.415615
0.551421,-0.415159
0.552357,-0.414703
0.553294,-0.414248
0.554231,-0.413792
0.555168,-0.413336
0.556105,-0.41288
0.557041,-0.412425
0.557978,-0.411969
0.558915,-0.411513
0.559852,-0.411057
0.560788,-0.410602
0.561725,-0.410146
0.562662,-0.40969
0.563599,-0.409234
0.564536,-0.408779
0.565472,-0.408323
