O
15
1,0,-1,0.78,-0.5,0.75,0.0,0.0,0.0,0.3,0.4,0.02,0,0.8,False
2,0,-1,1.1,-0.5,0.93,0.0,0.0,0.0,0.02,0.4,0.2,0,0.8,False
3,0,-1,0.78,-0.5,1.11,0.0,0.0,0.0,0.3,0.4,0.02,0,0.8,False
4,0,-1,0.8,-0.92,0.93,0.0,0.0,0.0,0.32,0.02,0.2,0,0.8,False
5,0,-1,0.8,-0.08,0.93,0.0,0.0,0.0,0.32,0.02,0.2,0,0.8,False
6,0,0,1.0191088566614386,-0.4064649576614779,0.9141062973955777,0.0,0.0,6.017103136145347,0.03,0.03,0.1441062973955777,0.04900023580015678,1.1826874316532348,False
7,0,0,0.6290468391545687,-0.32079373009396195,0.86,0.0,0.0,0.4194802484868774,0.0684080166818323,0.07432423113748775,0.09,0.0022367609714694647,0.9994790971892056,False
8,0,0,0.6550121054413668,-0.4932656748439125,0.86,0.0,0.0,3.0723761624197063,0.06296743970489707,0.03,0.09,0.33108861652651156,0.8701177998470485,False
9,2,0,0.9864975551377551,-0.7100874601555963,0.8450000000000001,0.0,0.0,0.5158813552750062,0.03,0.03,0.15,0.36685761880604345,1.0318088247816017,False
10,0,0,0.6072451414180553,-0.6723230734729289,0.86,0.0,0.0,2.0073289696053638,0.06341736273492454,0.043003520183524706,0.09,0.3951012795691064,1.1539601944160554,False
11,0,1,1.0038730333789994,-0.26453396038551835,0.8969382591018342,0.0,0.0,0.05083418456443806,0.062250560026423755,0.03312728737972664,0.12693825910183423,0.1761747495637977,1.1545297037522808,True
12,2,1,0.8779609465480265,-0.7285633319049141,0.8450000000000001,0.0,0.0,1.3810681453708493,0.03,0.03,0.15,0.17238905231249702,0.8251662293371873,True
13,0,1,0.6942382479846703,-0.17273276917160252,0.86,0.0,0.0,5.139462688314803,0.03,0.03,0.09,0.37610619483411517,0.9473597373060831,True
14,2,1,0.9209173976671351,-0.5353789569251826,0.8450000000000001,0.0,0.0,5.478568125727929,0.03,0.03,0.15,0.01200960077439095,0.880341869877303,True
15,2,1,0.8509066339981262,-0.2946051352464619,0.8577246568150257,0.0,0.0,5.0242941026069,0.03402612792790997,0.03402612792790997,0.1754493136300516,0.33827353250683107,0.9089152116936733,True
R
0.0,0.0,0.0,0.0,0.0,0.0,1.0
S
8
torso_lift_joint,0
r_shoulder_pan_joint,-1.69017
r_shoulder_lift_joint,-0.0788625
r_upper_arm_roll_joint,-1.69017
r_elbow_flex_joint,-1.2717
r_forearm_roll_joint,-0.151824
r_wrist_flex_joint,-1.25254
r_wrist_roll_joint,0.675062
G
0.547303,-0.485799,0.86,3.07238,-3.14159,3.14159
ooi
8
A
599
0.310248,-0.673113
0.309948,-0.673996
0.309648,-0.674878
0.309348,-0.675761
0.309048,-0.676643
0.308748,-0.677525
0.308448,-0.678408
0.308148,-0.67929
0.307848,-0.680173
0.307548,-0.681055
0.307248,-0.681938
0.306947,-0.68282
0.306647,-0.683703
0.306347,-0.684585
0.306047,-0.685468
0.305747,-0.68635
0.305447,-0.687233
0.305147,-0.688115
0.304847,-0.688998
0.304547,-0.68988
0.304247,-0.690763
0.303947,-0.691645
0.303647,-0.692528
0.303347,-0.69341
0.303047,-0.694293
0.302747,-0.695175
0.302447,-0.696058
0.302146,-0.69694
0.301846,-0.697823
0.301546,-0.698705
0.301246,-0.699588
0.300946,-0.70047
0.300646,-0.701352
0.300346,-0.702235
0.300046,-0.703117
0.299746,-0.704
0.299446,-0.704882
0.299146,-0.705765
0.298846,-0.706647
0.298546,-0.70753
0.298246,-0.708412
0.297946,-0.709295
0.297646,-0.710177
0.297346,-0.71106
0.297045,-0.711942
0.296745,-0.712825
0.296445,-0.713707
0.296145,-0.71459
0.295845,-0.715472
0.295545,-0.716355
0.295245,-0.717237
0.294945,-0.71812
0.294645,-0.719002
0.294345,-0.719885
0.294045,-0.720767
0.293745,-0.72165
0.293445,-0.722532
0.293145,-0.723415
0.292845,-0.724297
0.292545,-0.72518
0.292244,-0.726062
0.291944,-0.726944
0.291644,-0.727827
0.291344,-0.728709
0.291044,-0.729592
0.290744,-0.730474
0.290444,-0.731357
0.290144,-0.732239
0.289844,-0.733122
0.289544,-0.734004
0.289244,-0.734887
0.288944,-0.735769
0.288644,-0.736652
0.288344,-0.737534
0.288044,-0.738417
0.287744,-0.739299
0.287443,-0.740182
0.287143,-0.741064
0.286843,-0.741947
0.286543,-0.742829
0.286243,-0.743712
0.285943,-0.744594
0.285643,-0.745477
0.285343,-0.746359
0.285043,-0.747242
0.284743,-0.748124
0.284443,-0.749007
0.284143,-0.749889
0.283843,-0.750771
0.283543,-0.751654
0.283243,-0.752536
0.282943,-0.753419
0.282642,-0.754301
0.282342,-0.755184
0.282042,-0.756066
0.281742,-0.756949
0.281442,-0.757831
0.281142,-0.758714
0.280842,-0.759596
0.280542,-0.760479
0.280242,-0.761361
0.279942,-0.762244
0.279642,-0.763126
0.279342,-0.764009
0.279042,-0.764891
0.278742,-0.765774
0.278442,-0.766656
0.278142,-0.767539
0.277841,-0.768421
0.277541,-0.769304
0.277241,-0.770186
0.276941,-0.771069
0.276641,-0.771951
0.276341,-0.772834
0.276041,-0.773716
0.275741,-0.774598
0.275441,-0.775481
0.275141,-0.776363
0.274841,-0.777246
0.274541,-0.778128
0.274241,-0.779011
0.273941,-0.779893
0.273641,-0.780776
0.273341,-0.781658
0.27304,-0.782541
0.27274,-0.783423
0.27244,-0.784306
0.27214,-0.785188
0.27184,-0.786071
0.27154,-0.786953
0.27124,-0.787836
0.27094,-0.788718
0.27064,-0.789601
0.27034,-0.790483
0.27004,-0.791366
0.26974,-0.792248
0.26944,-0.793131
0.26914,-0.794013
0.26884,-0.794896
0.26854,-0.795778
0.268239,-0.796661
0.267939,-0.797543
0.267639,-0.798425
0.267339,-0.799308
0.267039,-0.80019
0.266739,-0.801073
0.266439,-0.801955
0.266139,-0.802838
0.265839,-0.80372
0.265539,-0.804603
0.265239,-0.805485
0.265715,-0.805945
0.266191,-0.806404
0.266667,-0.806863
0.267142,-0.807323
0.267618,-0.807782
0.268094,-0.808241
0.26857,-0.808701
0.269046,-0.80916
0.269522,-0.80962
0.269998,-0.810079
0.270474,-0.810538
0.270949,-0.810998
0.271425,-0.811457
0.271901,-0.811916
0.272377,-0.812376
0.272853,-0.812835
0.273329,-0.813294
0.273805,-0.813754
0.274281,-0.814213
0.274757,-0.814673
0.275232,-0.815132
0.275708,-0.815591
0.276184,-0.816051
0.27666,-0.81651
0.277136,-0.816969
0.277612,-0.817429
0.278088,-0.817888
0.278564,-0.818347
0.27904,-0.818807
0.279515,-0.819266
0.279991,-0.819725
0.280467,-0.820185
0.280943,-0.820644
0.281419,-0.821104
0.281895,-0.821563
0.282371,-0.822022
0.282847,-0.822482
0.283323,-0.822941
0.283798,-0.8234
0.284274,-0.82386
0.28475,-0.824319
0.285226,-0.824778
0.285702,-0.825238
0.286178,-0.825697
0.286654,-0.826157
0.28713,-0.826616
0.287605,-0.827075
0.288081,-0.827535
0.288557,-0.827994
0.289033,-0.828453
0.289509,-0.828913
0.289985,-0.829372
0.290461,-0.829831
0.290937,-0.830291
0.291413,-0.83075
0.291888,-0.831209
0.292364,-0.831669
0.29284,-0.832128
0.293316,-0.832588
0.293792,-0.833047
0.294268,-0.833506
0.294744,-0.833966
0.29522,-0.834425
0.295696,-0.834884
0.296171,-0.835344
0.296647,-0.835803
0.297123,-0.836262
0.297599,-0.836722
0.298075,-0.837181
0.298551,-0.83764
0.299027,-0.8381
0.299503,-0.838559
0.299979,-0.839019
0.300454,-0.839478
0.30093,-0.839937
0.301406,-0.840397
0.301882,-0.840856
0.302358,-0.841315
0.302834,-0.841775
0.30331,-0.842234
0.303786,-0.842693
0.304261,-0.843153
0.304737,-0.843612
0.305213,-0.844072
0.305689,-0.844531
0.306165,-0.84499
0.306641,-0.84545
0.307117,-0.845909
0.307593,-0.846368
0.308069,-0.846828
0.308544,-0.847287
0.30902,-0.847746
0.309496,-0.848206
0.309972,-0.848665
0.310448,-0.849124
0.310924,-0.849584
0.3114,-0.850043
0.311876,-0.850503
0.312352,-0.850962
0.312827,-0.851421
0.313303,-0.851881
0.313779,-0.85234
0.314255,-0.852799
0.314731,-0.853259
0.315207,-0.853718
0.315683,-0.854177
0.316159,-0.854637
0.316634,-0.855096
0.31711,-0.855555
0.317586,-0.856015
0.318062,-0.856474
0.318538,-0.856934
0.319014,-0.857393
0.31949,-0.857852
0.319966,-0.858312
0.320442,-0.858771
0.320917,-0.85923
0.321393,-0.85969
0.321869,-0.860149
0.322345,-0.860608
0.322821,-0.861068
0.323297,-0.861527
0.323773,-0.861987
0.324249,-0.862446
0.324725,-0.862905
0.3252,-0.863365
0.325676,-0.863824
0.326152,-0.864283
0.326628,-0.864743
0.327104,-0.865202
0.32758,-0.865661
0.328056,-0.866121
0.328532,-0.86658
0.329008,-0.867039
0.329483,-0.867499
0.329959,-0.867958
0.330435,-0.868418
0.330911,-0.868877
0.331387,-0.869336
0.331863,-0.869796
0.332339,-0.870255
0.332815,-0.870714
0.33329,-0.871174
0.333766,-0.871633
0.334242,-0.872092
0.334718,-0.872552
0.335194,-0.873011
0.33567,-0.87347
0.336146,-0.87393
0.337245,-0.872658
0.338345,-0.871385
0.339445,-0.870113
0.340544,-0.868841
0.341644,-0.867568
0.342744,-0.866296
0.343843,-0.865024
0.344943,-0.863751
0.346043,-0.862479
0.347142,-0.861207
0.348242,-0.859934
0.349342,-0.858662
0.350441,-0.85739
0.351541,-0.856117
0.352641,-0.854845
0.35374,-0.853573
0.35484,-0.8523
0.35594,-0.851028
0.357039,-0.849756
0.358139,-0.848483
0.359239,-0.847211
0.360338,-0.845939
0.361438,-0.844666
0.362538,-0.843394
0.363637,-0.842122
0.364737,-0.84085
0.365837,-0.839577
0.366936,-0.838305
0.368036,-0.837033
0.369136,-0.83576
0.370235,-0.834488
0.371335,-0.833216
0.372435,-0.831943
0.373534,-0.830671
0.374634,-0.829399
0.375734,-0.828126
0.376833,-0.826854
0.377933,-0.825582
0.379033,-0.824309
0.380132,-0.823037
0.381232,-0.821765
0.382332,-0.820492
0.383431,-0.81922
0.384531,-0.817948
0.385631,-0.816675
0.38673,-0.815403
0.38783,-0.814131
0.38893,-0.812858
0.390029,-0.811586
0.391129,-0.810314
0.392229,-0.809042
0.393328,-0.807769
0.394428,-0.806497
0.395528,-0.805225
0.396627,-0.803952
0.397727,-0.80268
0.398827,-0.801408
0.399926,-0.800135
0.401026,-0.798863
0.402126,-0.797591
0.403225,-0.796318
0.404325,-0.795046
0.405424,-0.793774
0.406524,-0.792501
0.407624,-0.791229
0.408723,-0.789957
0.409823,-0.788684
0.410923,-0.787412
0.412022,-0.78614
0.413122,-0.784867
0.414222,-0.783595
0.415321,-0.782323
0.416421,-0.78105
0.417521,-0.779778
0.41862,-0.778506
0.41972,-0.777234
0.42082,-0.775961
0.421919,-0.774689
0.423019,-0.773417
0.424119,-0.772144
0.425218,-0.770872
0.426318,-0.7696
0.427418,-0.768327
0.428517,-0.767055
0.429617,-0.765783
0.430717,-0.76451
0.431816,-0.763238
0.432916,-0.761966
0.434016,-0.760693
0.435115,-0.759421
0.436215,-0.758149
0.437315,-0.756876
0.438414,-0.755604
0.439514,-0.754332
0.440614,-0.753059
0.441713,-0.751787
0.442813,-0.750515
0.443913,-0.749242
0.445012,-0.74797
0.446112,-0.746698
0.447212,-0.745426
0.448311,-0.744153
0.449411,-0.742881
0.450511,-0.741609
0.45161,-0.740336
0.45271,-0.739064
0.45381,-0.737792
0.454909,-0.736519
0.456009,-0.735247
0.457109,-0.733975
0.458208,-0.732702
0.459308,-0.73143
0.460408,-0.730158
0.461507,-0.728885
0.462607,-0.727613
0.463707,-0.726341
0.464806,-0.725068
0.465906,-0.723796
0.467006,-0.722524
0.468105,-0.721251
0.469205,-0.719979
0.470305,-0.718707
0.471404,-0.717434
0.472504,-0.716162
0.473604,-0.71489
0.474703,-0.713618
0.475803,-0.712345
0.476903,-0.711073
0.478002,-0.709801
0.479102,-0.708528
0.480201,-0.707256
0.481301,-0.705984
0.482401,-0.704711
0.4835,-0.703439
0.4846,-0.702167
0.4857,-0.700894
0.486799,-0.699622
0.487899,-0.69835
0.488999,-0.697077
0.490098,-0.695805
0.491198,-0.694533
0.492298,-0.69326
0.493397,-0.691988
0.494497,-0.690716
0.495597,-0.689443
0.496696,-0.688171
0.497796,-0.686899
0.498896,-0.685626
0.499995,-0.684354
0.501095,-0.683082
0.501405,-0.681758
0.501715,-0.680434
0.502025,-0.67911
0.502336,-0.677786
0.502646,-0.676462
0.502956,-0.675138
0.503266,-0.673813
0.503576,-0.672489
0.503886,-0.671165
0.504196,-0.669841
0.504506,-0.668517
0.504817,-0.667193
0.505127,-0.665869
0.505437,-0.664545
0.505747,-0.663221
0.506057,-0.661897
0.506367,-0.660573
0.506677,-0.659249
0.506987,-0.657925
0.507297,-0.656601
0.507608,-0.655277
0.507918,-0.653953
0.508228,-0.652629
0.508538,-0.651305
0.508848,-0.649981
0.509158,-0.648657
0.509468,-0.647333
0.509778,-0.646008
0.510089,-0.644684
0.510399,-0.64336
0.510709,-0.642036
0.511019,-0.640712
0.511329,-0.639388
0.511639,-0.638064
0.511949,-0.63674
0.512259,-0.635416
0.51257,-0.634092
0.51288,-0.632768
0.51319,-0.631444
0.5135,-0.63012
0.51381,-0.628796
0.51412,-0.627472
0.51443,-0.626148
0.51474,-0.624824
0.515051,-0.6235
0.515361,-0.622176
0.515671,-0.620852
0.515981,-0.619527
0.516291,-0.618203
0.516601,-0.616879
0.516911,-0.615555
0.517221,-0.614231
0.517532,-0.612907
0.517842,-0.611583
0.518152,-0.610259
0.518462,-0.608935
0.518772,-0.607611
0.519082,-0.606287
0.519392,-0.604963
0.519702,-0.603639
0.520012,-0.602315
0.520323,-0.600991
0.520633,-0.599667
0.520943,-0.598343
0.521253,-0.597019
0.521563,-0.595695
0.521873,-0.594371
0.522183,-0.593046
0.522493,-0.591722
0.522804,-0.590398
0.523114,-0.589074
0.523424,-0.58775
0.523734,-0.586426
0.524044,-0.585102
0.524354,-0.583778
0.524664,-0.582454
0.524974,-0.58113
0.525285,-0.579806
0.525595,-0.578482
0.525905,-0.577158
0.526215,-0.575834
0.526525,-0.57451
0.526835,-0.573186
0.527145,-0.571862
0.527455,-0.570538
0.527766,-0.569214
0.528076,-0.56789
0.528386,-0.566566
0.528696,-0.565241
0.529006,-0.563917
0.529316,-0.562593
0.529626,-0.561269
0.529936,-0.559945
0.530246,-0.558621
0.530557,-0.557297
0.530867,-0.555973
0.531177,-0.554649
0.531487,-0.553325
0.531797,-0.552001
0.532107,-0.550677
0.532417,-0.549353
0.532727,-0.548029
0.533038,-0.546705
0.533348,-0.545381
0.533658,-0.544057
0.533968,-0.542733
0.534278,-0.541409
0.534588,-0.540085
0.534898,-0.53876
0.535208,-0.537436
0.535519,-0.536112
0.535829,-0.534788
0.536139,-0.533464
0.536449,-0.53214
0.536759,-0.530816
0.537069,-0.529492
0.537379,-0.528168
0.537689,-0.526844
0.538,-0.52552
0.53831,-0.524196
0.53862,-0.522872
0.53893,-0.521548
0.53924,-0.520224
0.53955,-0.5189
0.53986,-0.517576
0.54017,-0.516252
0.540481,-0.514928
0.540791,-0.513604
0.541101,-0.512279
0.541411,-0.510955
0.541721,-0.509631
0.542031,-0.508307
0.542341,-0.506983
0.542651,-0.505659
0.542961,-0.504335
0.543272,-0.503011
0.543582,-0.501687
0.543892,-0.500363
0.544202,-0.499039
0.544512,-0.497715
0.544822,-0.496391
0.545132,-0.495067
0.545442,-0.493743
0.545753,-0.492419
0.546063,-0.491095
0.546373,-0.489771
0.546683,-0.488447
0.546993,-0.487123
0.547303,-0.485799
