O
15
1,0,-1,0.78,-0.5,0.75,0.0,0.0,0.0,0.3,0.4,0.02,0,0.8,False
2,0,-1,1.1,-0.5,0.93,0.0,0.0,0.0,0.02,0.4,0.2,0,0.8,False
3,0,-1,0.78,-0.5,1.11,0.0,0.0,0.0,0.3,0.4,0.02,0,0.8,False
4,0,-1,0.8,-0.92,0.93,0.0,0.0,0.0,0.32,0.02,0.2,0,0.8,False
5,0,-1,0.8,-0.08,0.93,0.0,0.0,0.0,0.32,0.02,0.2,0,0.8,False
6,2,0,1.0112171032885775,-0.31885656625672687,0.8450000000000001,0.0,0.0,4.0050260501037975,0.03,0.03,0.15,0.21962209228454543,0.9951289561559791,False
7,0,0,0.561039498240771,-0.4446555559959165,0.9080894538413748,0.0,0.0,1.8120949051609627,0.03,0.060153189976603794,0.1380894538413748,0.09227232668680624,0.9386617049591215,False
8,0,0,0.7541424927766336,-0.5188005472448031,0.86,0.0,0.0,4.402364933980866,0.03,0.05486899027273998,0.09,0.45553120937521774,1.0125766578200663,False
9,0,0,0.9165097591190464,-0.7012848429006651,0.9077444255700252,0.0,0.0,3.406455283755179,0.03,0.06360798737197275,0.13774442557002517,0.3293051517972353,1.0674940239579866,False
10,2,0,0.8738337836570171,-0.37631868567597654,0.8521977481792452,0.0,0.0,4.437074394329101,0.03,0.03,0.16439549635849052,0.29471134482833566,0.9239703989406038,False
11,2,1,0.7536712549140179,-0.1999655307141488,0.8695723597269293,0.0,0.0,4.7318926376769195,0.05527511282333293,0.05527511282333293,0.19914471945385862,0.21324357368425179,1.1426034643463416,True
12,0,1,0.5766326204887811,-0.3124026107340172,0.86,0.0,0.0,1.1523124082647778,0.058571846008691315,0.06120744101210456,0.09,0.2868876821137929,1.1326848796212268,True
13,0,1,0.6029606899555141,-0.7634677161181628,0.8727296596688559,0.0,0.0,1.9773735533865568,0.03,0.030555136623438787,0.10272965966885589,0.16579374023521765,0.9710921495527219,True
14,0,1,0.7998005423126369,-0.7126561661317907,0.914569233881334,0.0,0.0,1.597498836758684,0.060162528413927045,0.043081455117009074,0.14456923388133408,0.17164206344695793,0.8162851080028777,True
15,0,1,1.0172399947341773,-0.5082068808093813,0.86,0.0,0.0,3.380134057701697,0.03,0.03,0.09,0.22376459156507944,1.0627530726071717,True
R
0.0,0.0,0.0,0.0,0.0,0.0,1.0
S
8
torso_lift_joint,0
r_shoulder_pan_joint,-1.69017
r_shoulder_lift_joint,-0.0788625
r_upper_arm_roll_joint,-1.69017
r_elbow_flex_joint,-1.2717
r_forearm_roll_joint,-0.151824
r_wrist_flex_joint,-1.25254
r_wrist_roll_joint,0.675062
G
0.458933,-0.469783,0.908089,0.241299,-0,0
ooi
7
A
599
0.310248,-0.673113
0.309695,-0.672343
0.309143,-0.671573
0.30859,-0.670802
0.308037,-0.670032
0.307485,-0.669262
0.306932,-0.668492
0.306379,-0.667722
0.305827,-0.666951
0.305274,-0.666181
0.304721,-0.665411
0.304169,-0.664641
0.303616,-0.663871
0.303063,-0.663101
0.302511,-0.66233
0.301958,-0.66156
0.301405,-0.66079
0.300853,-0.66002
0.3003,-0.65925
0.299747,-0.658479
0.299195,-0.657709
0.298642,-0.656939
0.298089,-0.656169
0.297537,-0.655399
0.296984,-0.654628
0.296431,-0.653858
0.295879,-0.653088
0.295326,-0.652318
0.294773,-0.651548
0.29422,-0.650777
0.293668,-0.650007
0.293115,-0.649237
0.292562,-0.648467
0.29201,-0.647697
0.291457,-0.646926
0.290904,-0.646156
0.290352,-0.645386
0.289799,-0.644616
0.289246,-0.643846
0.288694,-0.643075
0.288141,-0.642305
0.287588,-0.641535
0.287036,-0.640765
0.286483,-0.639995
0.28593,-0.639224
0.285378,-0.638454
0.284825,-0.637684
0.284272,-0.636914
0.28372,-0.636144
0.283167,-0.635373
0.282614,-0.634603
0.282062,-0.633833
0.281509,-0.633063
0.280956,-0.632293
0.280403,-0.631522
0.279851,-0.630752
0.279298,-0.629982
0.278745,-0.629212
0.278193,-0.628442
0.27764,-0.627671
0.277087,-0.626901
0.276535,-0.626131
0.275982,-0.625361
0.275429,-0.624591
0.274877,-0.62382
0.274324,-0.62305
0.273771,-0.62228
0.273219,-0.62151
0.272666,-0.62074
0.272113,-0.619969
0.271561,-0.619199
0.271008,-0.618429
0.270455,-0.617659
0.269903,-0.616889
0.26935,-0.616118
0.268797,-0.615348
0.268245,-0.614578
0.267692,-0.613808
0.267139,-0.613038
0.266586,-0.612267
0.266034,-0.611497
0.265481,-0.610727
0.264928,-0.609957
0.264376,-0.609187
0.263823,-0.608416
0.26327,-0.607646
0.262718,-0.606876
0.262165,-0.606106
0.261612,-0.605336
0.26106,-0.604566
0.260507,-0.603795
0.259954,-0.603025
0.259402,-0.602255
0.258849,-0.601485
0.258296,-0.600715
0.257744,-0.599944
0.257191,-0.599174
0.256638,-0.598404
0.256086,-0.597634
0.255533,-0.596864
0.25498,-0.596093
0.254428,-0.595323
0.253875,-0.594553
0.253322,-0.593783
0.252769,-0.593013
0.252217,-0.592242
0.251664,-0.591472
0.251111,-0.590702
0.250559,-0.589932
0.250006,-0.589162
0.249453,-0.588391
0.248901,-0.587621
0.248348,-0.586851
0.247795,-0.586081
0.247243,-0.585311
0.24669,-0.58454
0.246137,-0.58377
0.245585,-0.583
0.245032,-0.58223
0.244479,-0.58146
0.243927,-0.580689
0.243374,-0.579919
0.242821,-0.579149
0.242269,-0.578379
0.241716,-0.577609
0.241163,-0.576838
0.240611,-0.576068
0.240058,-0.575298
0.239505,-0.574528
0.238952,-0.573758
0.2384,-0.572987
0.237847,-0.572217
0.237294,-0.571447
0.236742,-0.570677
0.236189,-0.569907
0.235636,-0.569136
0.235084,-0.568366
0.234531,-0.567596
0.233978,-0.566826
0.233426,-0.566056
0.232873,-0.565285
0.23232,-0.564515
0.231768,-0.563745
0.231215,-0.562975
0.230662,-0.562205
0.23011,-0.561434
0.229557,-0.560664
0.229004,-0.559894
0.228452,-0.559124
0.227899,-0.558354
0.227346,-0.557583
0.227429,-0.557635
0.227512,-0.557687
0.227594,-0.557739
0.227677,-0.557791
0.22776,-0.557843
0.227843,-0.557895
0.227925,-0.557947
0.228008,-0.557998
0.228091,-0.55805
0.228173,-0.558102
0.228256,-0.558154
0.228339,-0.558206
0.228422,-0.558258
0.228504,-0.55831
0.228587,-0.558361
0.22867,-0.558413
0.228753,-0.558465
0.228835,-0.558517
0.228918,-0.558569
0.229001,-0.558621
0.229083,-0.558673
0.229166,-0.558725
0.229249,-0.558776
0.229332,-0.558828
0.229414,-0.55888
0.229497,-0.558932
0.22958,-0.558984
0.229663,-0.559036
0.229745,-0.559088
0.229828,-0.559139
0.229911,-0.559191
0.229993,-0.559243
0.230076,-0.559295
0.230159,-0.559347
0.230242,-0.559399
0.230324,-0.559451
0.230407,-0.559503
0.23049,-0.559554
0.230573,-0.559606
0.230655,-0.559658
0.230738,-0.55971
0.230821,-0.559762
0.230904,-0.559814
0.230986,-0.559866
0.231069,-0.559917
0.231152,-0.559969
0.231234,-0.560021
0.231317,-0.560073
0.2314,-0.560125
0.231483,-0.560177
0.231565,-0.560229
0.231648,-0.560281
0.231731,-0.560332
0.231814,-0.560384
0.231896,-0.560436
0.231979,-0.560488
0.232062,-0.56054
0.232144,-0.560592
0.232227,-0.560644
0.23231,-0.560695
0.232393,-0.560747
0.232475,-0.560799
0.232558,-0.560851
0.232641,-0.560903
0.232724,-0.560955
0.232806,-0.561007
0.232889,-0.561059
0.232972,-0.56111
0.233054,-0.561162
0.233137,-0.561214
0.23322,-0.561266
0.233303,-0.561318
0.233385,-0.56137
0.233468,-0.561422
0.233551,-0.561473
0.233634,-0.561525
0.233716,-0.561577
0.233799,-0.561629
0.233882,-0.561681
0.233964,-0.561733
0.234047,-0.561785
0.23413,-0.561837
0.234213,-0.561888
0.234295,-0.56194
0.234378,-0.561992
0.234461,-0.562044
0.234544,-0.562096
0.234626,-0.562148
0.234709,-0.5622
0.234792,-0.562251
0.234874,-0.562303
0.234957,-0.562355
0.23504,-0.562407
0.235123,-0.562459
0.235205,-0.562511
0.235288,-0.562563
0.235371,-0.562615
0.235454,-0.562666
0.235536,-0.562718
0.235619,-0.56277
0.235702,-0.562822
0.235784,-0.562874
0.235867,-0.562926
0.23595,-0.562978
0.236033,-0.563029
0.236115,-0.563081
0.236198,-0.563133
0.236281,-0.563185
0.236364,-0.563237
0.236446,-0.563289
0.236529,-0.563341
0.236612,-0.563393
0.236694,-0.563444
0.236777,-0.563496
0.23686,-0.563548
0.236943,-0.5636
0.237025,-0.563652
0.237108,-0.563704
0.237191,-0.563756
0.237274,-0.563807
0.237356,-0.563859
0.237439,-0.563911
0.237522,-0.563963
0.237604,-0.564015
0.237687,-0.564067
0.23777,-0.564119
0.237853,-0.564171
0.237935,-0.564222
0.238018,-0.564274
0.238101,-0.564326
0.238184,-0.564378
0.238266,-0.56443
0.238349,-0.564482
0.238432,-0.564534
0.238514,-0.564585
0.238597,-0.564637
0.23868,-0.564689
0.238763,-0.564741
0.238845,-0.564793
0.238928,-0.564845
0.239011,-0.564897
0.239094,-0.564949
0.239176,-0.565
0.239259,-0.565052
0.239342,-0.565104
0.239424,-0.565156
0.239507,-0.565208
0.23959,-0.56526
0.239673,-0.565312
0.240732,-0.565453
0.241792,-0.565595
0.242851,-0.565736
0.24391,-0.565877
0.24497,-0.566019
0.246029,-0.56616
0.247089,-0.566302
0.248148,-0.566443
0.249208,-0.566585
0.250267,-0.566726
0.251326,-0.566868
0.252386,-0.567009
0.253445,-0.567151
0.254505,-0.567292
0.255564,-0.567434
0.256624,-0.567575
0.257683,-0.567717
0.258742,-0.567858
0.259802,-0.568
0.260861,-0.568141
0.261921,-0.568282
0.26298,-0.568424
0.264039,-0.568565
0.265099,-0.568707
0.266158,-0.568848
0.267218,-0.56899
0.268277,-0.569131
0.269337,-0.569273
0.270396,-0.569414
0.271455,-0.569556
0.272515,-0.569697
0.273574,-0.569839
0.274634,-0.56998
0.275693,-0.570122
0.276753,-0.570263
0.277812,-0.570405
0.278871,-0.570546
0.279931,-0.570687
0.28099,-0.570829
0.28205,-0.57097
0.283109,-0.571112
0.284169,-0.571253
0.285228,-0.571395
0.286287,-0.571536
0.287347,-0.571678
0.288406,-0.571819
0.289466,-0.571961
0.290525,-0.572102
0.291585,-0.572244
0.292644,-0.572385
0.293703,-0.572527
0.294763,-0.572668
0.295822,-0.57281
0.296882,-0.572951
0.297941,-0.573093
0.299001,-0.573234
0.30006,-0.573375
0.301119,-0.573517
0.302179,-0.573658
0.303238,-0.5738
0.304298,-0.573941
0.305357,-0.574083
0.306417,-0.574224
0.307476,-0.574366
0.308535,-0.574507
0.309595,-0.574649
0.310654,-0.57479
0.311714,-0.574932
0.312773,-0.575073
0.313833,-0.575215
0.314892,-0.575356
0.315951,-0.575498
0.317011,-0.575639
0.31807,-0.57578
0.31913,-0.575922
0.320189,-0.576063
0.321249,-0.576205
0.322308,-0.576346
0.323367,-0.576488
0.324427,-0.576629
0.325486,-0.576771
0.326546,-0.576912
0.327605,-0.577054
0.328665,-0.577195
0.329724,-0.577337
0.330783,-0.577478
0.331843,-0.57762
0.332902,-0.577761
0.333962,-0.577903
0.335021,-0.578044
0.336081,-0.578185
0.33714,-0.578327
0.338199,-0.578468
0.339259,-0.57861
0.340318,-0.578751
0.341378,-0.578893
0.342437,-0.579034
0.343497,-0.579176
0.344556,-0.579317
0.345615,-0.579459
0.346675,-0.5796
0.347734,-0.579742
0.348794,-0.579883
0.349853,-0.580025
0.350913,-0.580166
0.351972,-0.580308
0.353031,-0.580449
0.354091,-0.58059
0.35515,-0.580732
0.35621,-0.580873
0.357269,-0.581015
0.358328,-0.581156
0.359388,-0.581298
0.360447,-0.581439
0.361507,-0.581581
0.362566,-0.581722
0.363626,-0.581864
0.364685,-0.582005
0.365744,-0.582147
0.366804,-0.582288
0.367863,-0.58243
0.368923,-0.582571
0.369982,-0.582713
0.371042,-0.582854
0.372101,-0.582996
0.37316,-0.583137
0.37422,-0.583278
0.375279,-0.58342
0.376339,-0.583561
0.377398,-0.583703
0.378458,-0.583844
0.379517,-0.583986
0.380576,-0.584127
0.381636,-0.584269
0.382695,-0.58441
0.383755,-0.584552
0.384814,-0.584693
0.385874,-0.584835
0.386933,-0.584976
0.387992,-0.585118
0.389052,-0.585259
0.390111,-0.585401
0.391171,-0.585542
0.39223,-0.585683
0.39329,-0.585825
0.394349,-0.585966
0.395408,-0.586108
0.396468,-0.586249
0.397527,-0.586391
0.398587,-0.586532
0.398992,-0.585749
0.399397,-0.584965
0.399802,-0.584182
0.400207,-0.583398
0.400612,-0.582615
0.401017,-0.581831
0.401422,-0.581047
0.401827,-0.580264
0.402232,-0.57948
0.402637,-0.578697
0.403042,-0.577913
0.403447,-0.57713
0.403852,-0.576346
0.404257,-0.575563
0.404662,-0.574779
0.405067,-0.573995
0.405472,-0.573212
0.405877,-0.572428
0.406282,-0.571645
0.406687,-0.570861
0.407092,-0.570078
0.407497,-0.569294
0.407902,-0.568511
0.408307,-0.567727
0.408712,-0.566944
0.409117,-0.56616
0.409522,-0.565376
0.409927,-0.564593
0.410332,-0.563809
0.410737,-0.563026
0.411142,-0.562242
0.411547,-0.561459
0.411952,-0.560675
0.412357,-0.559892
0.412762,-0.559108
0.413167,-0.558324
0.413572,-0.557541
0.413977,-0.556757
0.414382,-0.555974
0.414787,-0.55519
0.415192,-0.554407
0.415597,-0.553623
0.416002,-0.55284
0.416407,-0.552056
0.416812,-0.551273
0.417217,-0.550489
0.417622,-0.549705
0.418027,-0.548922
0.418432,-0.548138
0.418837,-0.547355
0.419242,-0.546571
0.419647,-0.545788
0.420052,-0.545004
0.420457,-0.544221
0.420862,-0.543437
0.421267,-0.542653
0.421672,-0.54187
0.422077,-0.541086
0.422482,-0.540303
0.422887,-0.539519
0.423292,-0.538736
0.423697,-0.537952
0.424102,-0.537169
0.424507,-0.536385
0.424912,-0.535602
0.425317,-0.534818
0.425722,-0.534034
0.426127,-0.533251
0.426532,-0.532467
0.426937,-0.531684
0.427342,-0.5309
0.427747,-0.530117
0.428152,-0.529333
0.428557,-0.52855
0.428962,-0.527766
0.429367,-0.526983
0.429772,-0.526199
0.430177,-0.525415
0.430582,-0.524632
0.430987,-0.523848
0.431392,-0.523065
0.431797,-0.522281
0.432202,-0.521498
0.432607,-0.520714
0.433012,-0.519931
0.433417,-0.519147
0.433822,-0.518363
0.434227,-0.51758
0.434632,-0.516796
0.435037,-0.516013
0.435442,-0.515229
0.435847,-0.514446
0.436252,-0.513662
0.436657,-0.512879
0.437062,-0.512095
0.437467,-0.511312
0.437872,-0.510528
0.438277,-0.509744
0.438682,-0.508961
0.439087,-0.508177
0.439492,-0.507394
0.439897,-0.50661
0.440302,-0.505827
0.440707,-0.505043
0.441112,-0.50426
0.441517,-0.503476
0.441922,-0.502692
0.442327,-0.501909
0.442732,-0.501125
0.443137,-0.500342
0.443542,-0.499558
0.443947,-0.498775
0.444353,-0.497991
0.444758,-0.497208
0.445163,-0.496424
0.445568,-0.495641
0.445973,-0.494857
0.446378,-0.494073
0.446783,-0.49329
0.447188,-0.492506
0.447593,-0.491723
0.447998,-0.490939
0.448403,-0.490156
0.448808,-0.489372
0.449213,-0.488589
0.449618,-0.487805
0.450023,-0.487021
0.450428,-0.486238
0.450833,-0.485454
0.451238,-0.484671
0.451643,-0.483887
0.452048,-0.483104
0.452453,-0.48232
0.452858,-0.481537
0.453263,-0.480753
0.453668,-0.47997
0.454073,-0.479186
0.454478,-0.478402
0.454883,-0.477619
0.455288,-0.476835
0.455693,-0.476052
0.456098,-0.475268
0.456503,-0.474485
0.456908,-0.473701
0.457313,-0.472918
0.457718,-0.472134
0.458123,-0.47135
0.458528,-0.470567
0.458933,-0.469783
