O
15
1,0,-1,0.78,-0.5,0.75,0.0,0.0,0.0,0.3,0.4,0.02,0,0.8,False
2,0,-1,1.1,-0.5,0.93,0.0,0.0,0.0,0.02,0.4,0.2,0,0.8,False
3,0,-1,0.78,-0.5,1.11,0.0,0.0,0.0,0.3,0.4,0.02,0,0.8,False
4,0,-1,0.8,-0.92,0.93,0.0,0.0,0.0,0.32,0.02,0.2,0,0.8,False
5,0,-1,0.8,-0.08,0.93,0.0,0.0,0.0,0.32,0.02,0.2,0,0.8,False
6,0,0,0.739537109284563,-0.708128136191102,0.86,0.0,0.0,0.8931206562768582,0.06459902384689015,0.03,0.09,0.3820905450695546,0.9695657361464642,False
7,2,0,0.9850560230261218,-0.40555267866903477,0.8450000000000001,0.0,0.0,5.5529804424692255,0.04932485887889078,0.04932485887889078,0.15,0.09122295697289923,0.8996613119621221,False
8,2,0,0.660703403159318,-0.41331583978935355,0.869566558277014,0.0,0.0,2.3965243615507124,0.03,0.03,0.19913311655402793,0.4284545772907654,0.9929222834111109,False
9,0,0,0.6019313682833373,-0.7025946198898759,0.86,0.0,0.0,0.749669291166052,0.03,0.05742590259408258,0.09,0.3484330287530818,1.1824675894729597,False
10,2,0,0.752529300603499,-0.4877523308540573,0.8450000000000001,0.0,0.0,4.534319108611537,0.03,0.03,0.15,0.0173362638933503,0.8630878788046347,False
11,2,1,0.8433814949929882,-0.5189962458332182,0.8450000000000001,0.0,0.0,1.4211842641979284,0.03858507456445062,0.03858507456445062,0.15,0.4884177068524709,1.0005354211267417,True
12,0,1,0.5844052774468914,-0.2806087001777844,0.86,0.0,0.0,4.480057739561714,0.059877872361021746,0.07922074856496811,0.09,0.40282550590517724,1.095002492373732,True
13,2,1,0.9208157342756613,-0.8192073812047905,0.865708511507545,0.0,0.0,1.531824458593768,0.030058979470883887,0.030058979470883887,0.19141702301509003,0.06691384021854241,1.175222106567681,True
14,2,1,0.8207568725890402,-0.3344082454465903,0.8450000000000001,0.0,0.0,0.8866187879077443,0.03,0.03,0.15,0.16788804265833895,0.9813158878697306,True
15,2,1,0.5123135347216412,-0.45692332297278204,0.8450000000000001,0.0,0.0,3.7937970129776657,0.03,0.03,0.15,0.049183691892157655,0.9461336008936465,True
R
0.0,0.0,0.0,0.0,0.0,0.0,1.0
S
8
torso_lift_joint,0
r_shoulder_pan_joint,-1.69017
r_shoulder_lift_joint,-0.0788625
r_upper_arm_roll_joint,-1.69017
r_elbow_flex_joint,-1.2717
r_forearm_roll_joint,-0.151824
r_wrist_flex_joint,-1.25254
r_wrist_roll_joint,0.675062
G
0.590676,-0.44017,0.869567,0.366178,-0,0
ooi
8
A
599
0.310248,-0.673113
0.310799,-0.672549
0.311349,-0.671984
0.311899,-0.671419
0.31245,-0.670855
0.313,-0.67029
0.313551,-0.669726
0.314101,-0.669161
0.314652,-0.668597
0.315202,-0.668032
0.315753,-0.667468
0.316303,-0.666903
0.316853,-0.666339
0.317404,-0.665774
0.317954,-0.665209
0.318505,-0.664645
0.319055,-0.66408
0.319606,-0.663516
0.320156,-0.662951
0.320707,-0.662387
0.321257,-0.661822
0.321807,-0.661258
0.322358,-0.660693
0.322908,-0.660128
0.323459,-0.659564
0.324009,-0.658999
0.32456,-0.658435
0.32511,-0.65787
0.32566,-0.657306
0.326211,-0.656741
0.326761,-0.656177
0.327312,-0.655612
0.327862,-0.655048
0.328413,-0.654483
0.328963,-0.653918
0.329514,-0.653354
0.330064,-0.652789
0.330614,-0.652225
0.331165,-0.65166
0.331715,-0.651096
0.332266,-0.650531
0.332816,-0.649967
0.333367,-0.649402
0.333917,-0.648838
0.334467,-0.648273
0.335018,-0.647708
0.335568,-0.647144
0.336119,-0.646579
0.336669,-0.646015
0.33722,-0.64545
0.33777,-0.644886
0.338321,-0.644321
0.338871,-0.643757
0.339421,-0.643192
0.339972,-0.642628
0.340522,-0.642063
0.341073,-0.641498
0.341623,-0.640934
0.342174,-0.640369
0.342724,-0.639805
0.343274,-0.63924
0.343825,-0.638676
0.344375,-0.638111
0.344926,-0.637547
0.345476,-0.636982
0.346027,-0.636417
0.346577,-0.635853
0.347128,-0.635288
0.347678,-0.634724
0.348228,-0.634159
0.348779,-0.633595
0.349329,-0.63303
0.34988,-0.632466
0.35043,-0.631901
0.350981,-0.631337
0.351531,-0.630772
0.352081,-0.630207
0.352632,-0.629643
0.353182,-0.629078
0.353733,-0.628514
0.354283,-0.627949
0.354834,-0.627385
0.355384,-0.62682
0.355935,-0.626256
0.356485,-0.625691
0.357035,-0.625127
0.357586,-0.624562
0.358136,-0.623997
0.358687,-0.623433
0.359237,-0.622868
0.359788,-0.622304
0.360338,-0.621739
0.360889,-0.621175
0.361439,-0.62061
0.361989,-0.620046
0.36254,-0.619481
0.36309,-0.618916
0.363641,-0.618352
0.364191,-0.617787
0.364742,-0.617223
0.365292,-0.616658
0.365842,-0.616094
0.366393,-0.615529
0.366943,-0.614965
0.367494,-0.6144
0.368044,-0.613836
0.368595,-0.613271
0.369145,-0.612706
0.369696,-0.612142
0.370246,-0.611577
0.370796,-0.611013
0.371347,-0.610448
0.371897,-0.609884
0.372448,-0.609319
0.372998,-0.608755
0.373549,-0.60819
0.374099,-0.607626
0.374649,-0.607061
0.3752,-0.606496
0.37575,-0.605932
0.376301,-0.605367
0.376851,-0.604803
0.377402,-0.604238
0.377952,-0.603674
0.378503,-0.603109
0.379053,-0.602545
0.379603,-0.60198
0.380154,-0.601416
0.380704,-0.600851
0.381255,-0.600286
0.381805,-0.599722
0.382356,-0.599157
0.382906,-0.598593
0.383456,-0.598028
0.384007,-0.597464
0.384557,-0.596899
0.385108,-0.596335
0.385658,-0.59577
0.386209,-0.595205
0.386759,-0.594641
0.38731,-0.594076
0.38786,-0.593512
0.38841,-0.592947
0.388961,-0.592383
0.389511,-0.591818
0.390062,-0.591254
0.390612,-0.590689
0.391163,-0.590125
0.391713,-0.58956
0.392263,-0.588995
0.392814,-0.588431
0.393063,-0.588727
0.393313,-0.589023
0.393562,-0.58932
0.393811,-0.589616
0.394061,-0.589912
0.39431,-0.590208
0.394559,-0.590504
0.394809,-0.5908
0.395058,-0.591097
0.395307,-0.591393
0.395556,-0.591689
0.395806,-0.591985
0.396055,-0.592281
0.396304,-0.592578
0.396554,-0.592874
0.396803,-0.59317
0.397052,-0.593466
0.397302,-0.593762
0.397551,-0.594059
0.3978,-0.594355
0.39805,-0.594651
0.398299,-0.594947
0.398548,-0.595243
0.398798,-0.59554
0.399047,-0.595836
0.399296,-0.596132
0.399546,-0.596428
0.399795,-0.596724
0.400044,-0.597021
0.400294,-0.597317
0.400543,-0.597613
0.400792,-0.597909
0.401042,-0.598205
0.401291,-0.598501
0.40154,-0.598798
0.40179,-0.599094
0.402039,-0.59939
0.402288,-0.599686
0.402537,-0.599982
0.402787,-0.600279
0.403036,-0.600575
0.403285,-0.600871
0.403535,-0.601167
0.403784,-0.601463
0.404033,-0.60176
0.404283,-0.602056
0.404532,-0.602352
0.404781,-0.602648
0.405031,-0.602944
0.40528,-0.603241
0.405529,-0.603537
0.405779,-0.603833
0.406028,-0.604129
0.406277,-0.604425
0.406527,-0.604722
0.406776,-0.605018
0.407025,-0.605314
0.407275,-0.60561
0.407524,-0.605906
0.407773,-0.606202
0.408023,-0.606499
0.408272,-0.606795
0.408521,-0.607091
0.408771,-0.607387
0.40902,-0.607683
0.409269,-0.60798
0.409518,-0.608276
0.409768,-0.608572
0.410017,-0.608868
0.410266,-0.609164
0.410516,-0.609461
0.410765,-0.609757
0.411014,-0.610053
0.411264,-0.610349
0.411513,-0.610645
0.411762,-0.610942
0.412012,-0.611238
0.412261,-0.611534
0.41251,-0.61183
0.41276,-0.612126
0.413009,-0.612423
0.413258,-0.612719
0.413508,-0.613015
0.413757,-0.613311
0.414006,-0.613607
0.414256,-0.613903
0.414505,-0.6142
0.414754,-0.614496
0.415004,-0.614792
0.415253,-0.615088
0.415502,-0.615384
0.415752,-0.615681
0.416001,-0.615977
0.41625,-0.616273
0.416499,-0.616569
0.416749,-0.616865
0.416998,-0.617162
0.417247,-0.617458
0.417497,-0.617754
0.417746,-0.61805
0.417995,-0.618346
0.418245,-0.618643
0.418494,-0.618939
0.418743,-0.619235
0.418993,-0.619531
0.419242,-0.619827
0.419491,-0.620124
0.419741,-0.62042
0.41999,-0.620716
0.420239,-0.621012
0.420489,-0.621308
0.420738,-0.621604
0.420987,-0.621901
0.421237,-0.622197
0.421486,-0.622493
0.421735,-0.622789
0.421985,-0.623085
0.422234,-0.623382
0.422483,-0.623678
0.422733,-0.623974
0.422982,-0.62427
0.423231,-0.624566
0.42348,-0.624863
0.42373,-0.625159
0.423979,-0.625455
0.424228,-0.625751
0.424478,-0.626047
0.424727,-0.626344
0.424976,-0.62664
0.425226,-0.626936
0.425475,-0.627232
0.425724,-0.627528
0.425974,-0.627825
0.426223,-0.628121
0.426472,-0.628417
0.426722,-0.628713
0.426971,-0.629009
0.42722,-0.629305
0.42747,-0.629602
0.427719,-0.629898
0.427968,-0.630194
0.428218,-0.63049
0.428467,-0.630786
0.428716,-0.631083
0.428966,-0.631379
0.429215,-0.631675
0.429464,-0.631971
0.429714,-0.632267
0.429963,-0.632564
0.430679,-0.631662
0.431395,-0.630761
0.432112,-0.629859
0.432828,-0.628958
0.433544,-0.628057
0.434261,-0.627155
0.434977,-0.626254
0.435693,-0.625352
0.436409,-0.624451
0.437126,-0.623549
0.437842,-0.622648
0.438558,-0.621747
0.439274,-0.620845
0.439991,-0.619944
0.440707,-0.619042
0.441423,-0.618141
0.44214,-0.61724
0.442856,-0.616338
0.443572,-0.615437
0.444288,-0.614535
0.445005,-0.613634
0.445721,-0.612733
0.446437,-0.611831
0.447154,-0.61093
0.44787,-0.610028
0.448586,-0.609127
0.449302,-0.608225
0.450019,-0.607324
0.450735,-0.606423
0.451451,-0.605521
0.452167,-0.60462
0.452884,-0.603718
0.4536,-0.602817
0.454316,-0.601916
0.455033,-0.601014
0.455749,-0.600113
0.456465,-0.599211
0.457181,-0.59831
0.457898,-0.597409
0.458614,-0.596507
0.45933,-0.595606
0.460047,-0.594704
0.460763,-0.593803
0.461479,-0.592901
0.462195,-0.592
0.462912,-0.591099
0.463628,-0.590197
0.464344,-0.589296
0.46506,-0.588394
0.465777,-0.587493
0.466493,-0.586592
0.467209,-0.58569
0.467926,-0.584789
0.468642,-0.583887
0.469358,-0.582986
0.470074,-0.582085
0.470791,-0.581183
0.471507,-0.580282
0.472223,-0.57938
0.47294,-0.578479
0.473656,-0.577577
0.474372,-0.576676
0.475088,-0.575775
0.475805,-0.574873
0.476521,-0.573972
0.477237,-0.57307
0.477954,-0.572169
0.47867,-0.571268
0.479386,-0.570366
0.480102,-0.569465
0.480819,-0.568563
0.481535,-0.567662
0.482251,-0.566761
0.482967,-0.565859
0.483684,-0.564958
0.4844,-0.564056
0.485116,-0.563155
0.485833,-0.562253
0.486549,-0.561352
0.487265,-0.560451
0.487981,-0.559549
0.488698,-0.558648
0.489414,-0.557746
0.49013,-0.556845
0.490847,-0.555944
0.491563,-0.555042
0.492279,-0.554141
0.492995,-0.553239
0.493712,-0.552338
0.494428,-0.551437
0.495144,-0.550535
0.49586,-0.549634
0.496577,-0.548732
0.497293,-0.547831
0.498009,-0.546929
0.498726,-0.546028
0.499442,-0.545127
0.500158,-0.544225
0.500874,-0.543324
0.501591,-0.542422
0.502307,-0.541521
0.503023,-0.54062
0.50374,-0.539718
0.504456,-0.538817
0.505172,-0.537915
0.505888,-0.537014
0.506605,-0.536113
0.507321,-0.535211
0.508037,-0.53431
0.508753,-0.533408
0.50947,-0.532507
0.510186,-0.531605
0.510902,-0.530704
0.511619,-0.529803
0.512335,-0.528901
0.513051,-0.528
0.513767,-0.527098
0.514484,-0.526197
0.5152,-0.525296
0.515916,-0.524394
0.516633,-0.523493
0.517349,-0.522591
0.518065,-0.52169
0.518781,-0.520789
0.519498,-0.519887
0.520214,-0.518986
0.52093,-0.518084
0.521647,-0.517183
0.522363,-0.516281
0.523079,-0.51538
0.523795,-0.514479
0.524512,-0.513577
0.525228,-0.512676
0.525944,-0.511774
0.52666,-0.510873
0.527377,-0.509972
0.528093,-0.50907
0.528809,-0.508169
0.529526,-0.507267
0.530242,-0.506366
0.530958,-0.505465
0.531674,-0.504563
0.532391,-0.503662
0.533107,-0.50276
0.533823,-0.501859
0.53454,-0.500957
0.535256,-0.500056
0.535972,-0.499155
0.536688,-0.498253
0.537405,-0.497352
0.537762,-0.496968
0.53812,-0.496584
0.538477,-0.496201
0.538835,-0.495817
0.539192,-0.495433
0.53955,-0.495049
0.539907,-0.494665
0.540265,-0.494282
0.540622,-0.493898
0.54098,-0.493514
0.541337,-0.49313
0.541695,-0.492747
0.542052,-0.492363
0.54241,-0.491979
0.542767,-0.491595
0.543125,-0.491211
0.543483,-0.490828
0.54384,-0.490444
0.544198,-0.49006
0.544555,-0.489676
0.544913,-0.489293
0.54527,-0.488909
0.545628,-0.488525
0.545985,-0.488141
0.546343,-0.487758
0.5467,-0.487374
0.547058,-0.48699
0.547415,-0.486606
0.547773,-0.486222
0.54813,-0.485839
0.548488,-0.485455
0.548845,-0.485071
0.549203,-0.484687
0.54956,-0.484304
0.549918,-0.48392
0.550275,-0.483536
0.550633,-0.483152
0.550991,-0.482768
0.551348,-0.482385
0.551706,-0.482001
0.552063,-0.481617
0.552421,-0.481233
0.552778,-0.48085
0.553136,-0.480466
0.553493,-0.480082
0.553851,-0.479698
0.554208,-0.479314
0.554566,-0.478931
0.554923,-0.478547
0.555281,-0.478163
0.555638,-0.477779
0.555996,-0.477396
0.556353,-0.477012
0.556711,-0.476628
0.557068,-0.476244
0.557426,-0.475861
0.557784,-0.475477
0.558141,-0.475093
0.558499,-0.474709
0.558856,-0.474325
0.559214,-0.473942
0.559571,-0.473558
0.559929,-0.473174
0.560286,-0.47279
0.560644,-0.472407
0.561001,-0.472023
0.561359,-0.471639
0.561716,-0.471255
0.562074,-0.470871
0.562431,-0.470488
0.562789,-0.470104
0.563146,-0.46972
0.563504,-0.469336
0.563861,-0.468953
0.564219,-0.468569
0.564576,-0.468185
0.564934,-0.467801
0.565292,-0.467417
0.565649,-0.467034
0.566007,-0.46665
0.566364,-0.466266
0.566722,-0.465882
0.567079,-0.465499
0.567437,-0.465115
0.567794,-0.464731
0.568152,-0.464347
0.568509,-0.463964
0.568867,-0.46358
0.569224,-0.463196
0.569582,-0.462812
0.569939,-0.462428
0.570297,-0.462045
0.570654,-0.461661
0.571012,-0.461277
0.571369,-0.460893
0.571727,-0.46051
0.572084,-0.460126
0.572442,-0.459742
0.5728,-0.459358
0.573157,-0.458974
0.573515,-0.458591
0.573872,-0.458207
0.57423,-0.457823
0.574587,-0.457439
0.574945,-0.457056
0.575302,-0.456672
0.57566,-0.456288
0.576017,-0.455904
0.576375,-0.455521
0.576732,-0.455137
0.57709,-0.454753
0.577447,-0.454369
0.577805,-0.453985
0.578162,-0.453602
0.57852,-0.453218
0.578877,-0.452834
0.579235,-0.45245
0.579592,-0.452067
0.57995,-0.451683
0.580308,-0.451299
0.580665,-0.450915
0.581023,-0.450531
0.58138,-0.450148
0.581738,-0.449764
0.582095,-0.44938
0.582453,-0.448996
0.58281,-0.448613
0.583168,-0.448229
0.583525,-0.447845
0.583883,-0.447461
0.58424,-0.447077
0.584598,-0.446694
0.584955,-0.44631
0.585313,-0.445926
0.58567,-0.445542
0.586028,-0.445159
0.586385,-0.444775
0.586743,-0.444391
0.5871,-0.444007
0.587458,-0.443624
0.587816,-0.44324
0.588173,-0.442856
0.588531,-0.442472
0.588888,-0.442088
0.589246,-0.441705
0.589603,-0.441321
0.589961,-0.440937
0.590318,-0.440553
0.590676,-0.44017
