O
15
1,0,-1,0.78,-0.5,0.75,0.0,0.0,0.0,0.3,0.4,0.02,0,0.8,False
2,0,-1,1.1,-0.5,0.93,0.0,0.0,0.0,0.02,0.4,0.2,0,0.8,False
3,0,-1,0.78,-0.5,1.11,0.0,0.0,0.0,0.3,0.4,0.02,0,0.8,False
4,0,-1,0.8,-0.92,0.93,0.0,0.0,0.0,0.32,0.02,0.2,0,0.8,False
5,0,-1,0.8,-0.08,0.93,0.0,0.0,0.0,0.32,0.02,0.2,0,0.8,False
6,0,0,0.9573890776194953,-0.4185817516522267,0.86,0.0,0.0,3.6542548083055166,0.03,0.034902601529119996,0.09,0.12359092419373935,1.1103725143111045,False
7,2,0,0.8901924286066394,-0.717859004344169,0.8450000000000001,0.0,0.0,3.34990893912752,0.03,0.03,0.15,0.28593619721859875,0.9375446765916764,False
8,2,0,0.71697298545507,-0.7204169466216783,0.8680057280956974,0.0,0.0,1.3492170733144417,0.03899386732763733,0.03899386732763733,0.1960114561913947,0.39436233379635505,1.0992433231871153,False
9,0,0,0.6478104445355158,-0.24476245605389346,0.86,0.0,0.0,1.5757416117734955,0.03,0.03659544021793484,0.09,0.0658264232095685,1.0152171213899739,False
10,2,0,0.8521286143265843,-0.27526629524681334,0.8450000000000001,0.0,0.0,5.3538053653461075,0.04197787716343896,0.04197787716343896,0.15,0.10448967290126382,0.8776765561258031,False
11,0,1,0.5855274677216573,-0.44193534035859244,0.8858162182779503,0.0,0.0,4.481291029943262,0.03,0.07478598202684629,0.1158162182779503,0.40690298087671456,1.0759562630785204,True
12,2,1,0.7892155304127231,-0.16936788600161856,0.8585841250980011,0.0,0.0,1.534036912275693,0.03160700674589553,0.03160700674589553,0.17716825019600213,0.14067594899496044,0.8165225428833631,True
13,2,1,0.8961834399327459,-0.8324949010851461,0.8450000000000001,0.0,0.0,5.827373685646697,0.03,0.03,0.15,0.4137314484007402,0.9098706541817058,True
14,0,1,0.7104110512896755,-0.6081290531628559,0.86,0.0,0.0,0.05997081151156292,0.03,0.03,0.09,0.4972518653507206,0.9702926090630479,True
15,2,1,0.5591802061775222,-0.2391860302515103,0.8686943276808317,0.0,0.0,0.23694180120624841,0.03,0.03,0.19738865536166328,0.48483648214318725,1.0663329919865125,True
R
0.0,0.0,0.0,0.0,0.0,0.0,1.0
S
8
torso_lift_joint,0
r_shoulder_pan_joint,-1.69017
r_shoulder_lift_joint,-0.0788625
r_upper_arm_roll_joint,-1.69017
r_elbow_flex_joint,-1.2717
r_forearm_roll_joint,-0.151824
r_wrist_flex_joint,-1.25254
r_wrist_roll_joint,0.675062
G
0.644689,-0.677639,0.868006,2.60722,-3.14159,3.14159
ooi
8
A
599
0.310248,-0.673113
0.310253,-0.674505
0.310258,-0.675897
0.310264,-0.677289
0.310269,-0.678681
0.310274,-0.680073
0.310279,-0.681465
0.310284,-0.682858
0.310289,-0.68425
0.310294,-0.685642
0.310299,-0.687034
0.310304,-0.688426
0.31031,-0.689818
0.310315,-0.69121
0.31032,-0.692602
0.310325,-0.693994
0.31033,-0.695386
0.310335,-0.696778
0.31034,-0.69817
0.310345,-0.699562
0.31035,-0.700954
0.310356,-0.702346
0.310361,-0.703738
0.310366,-0.70513
0.310371,-0.706523
0.310376,-0.707915
0.310381,-0.709307
0.310386,-0.710699
0.310391,-0.712091
0.310396,-0.713483
0.310402,-0.714875
0.310407,-0.716267
0.310412,-0.717659
0.310417,-0.719051
0.310422,-0.720443
0.310427,-0.721835
0.310432,-0.723227
0.310437,-0.724619
0.310442,-0.726011
0.310448,-0.727403
0.310453,-0.728796
0.310458,-0.730188
0.310463,-0.73158
0.310468,-0.732972
0.310473,-0.734364
0.310478,-0.735756
0.310483,-0.737148
0.310488,-0.73854
0.310494,-0.739932
0.310499,-0.741324
0.310504,-0.742716
0.310509,-0.744108
0.310514,-0.7455
0.310519,-0.746892
0.310524,-0.748284
0.310529,-0.749676
0.310534,-0.751069
0.31054,-0.752461
0.310545,-0.753853
0.31055,-0.755245
0.310555,-0.756637
0.31056,-0.758029
0.310565,-0.759421
0.31057,-0.760813
0.310575,-0.762205
0.31058,-0.763597
0.310586,-0.764989
0.310591,-0.766381
0.310596,-0.767773
0.310601,-0.769165
0.310606,-0.770557
0.310611,-0.771949
0.310616,-0.773342
0.310621,-0.774734
0.310627,-0.776126
0.310632,-0.777518
0.310637,-0.77891
0.310642,-0.780302
0.310647,-0.781694
0.310652,-0.783086
0.310657,-0.784478
0.310662,-0.78587
0.310667,-0.787262
0.310673,-0.788654
0.310678,-0.790046
0.310683,-0.791438
0.310688,-0.79283
0.310693,-0.794222
0.310698,-0.795615
0.310703,-0.797007
0.310708,-0.798399
0.310713,-0.799791
0.310719,-0.801183
0.310724,-0.802575
0.310729,-0.803967
0.310734,-0.805359
0.310739,-0.806751
0.310744,-0.808143
0.310749,-0.809535
0.310754,-0.810927
0.310759,-0.812319
0.310765,-0.813711
0.31077,-0.815103
0.310775,-0.816495
0.31078,-0.817888
0.310785,-0.81928
0.31079,-0.820672
0.310795,-0.822064
0.3108,-0.823456
0.310805,-0.824848
0.310811,-0.82624
0.310816,-0.827632
0.310821,-0.829024
0.310826,-0.830416
0.310831,-0.831808
0.310836,-0.8332
0.310841,-0.834592
0.310846,-0.835984
0.310851,-0.837376
0.310857,-0.838768
0.310862,-0.840161
0.310867,-0.841553
0.310872,-0.842945
0.310877,-0.844337
0.310882,-0.845729
0.310887,-0.847121
0.310892,-0.848513
0.310897,-0.849905
0.310903,-0.851297
0.310908,-0.852689
0.310913,-0.854081
0.310918,-0.855473
0.310923,-0.856865
0.310928,-0.858257
0.310933,-0.859649
0.310938,-0.861041
0.310943,-0.862433
0.310949,-0.863826
0.310954,-0.865218
0.310959,-0.86661
0.310964,-0.868002
0.310969,-0.869394
0.310974,-0.870786
0.310979,-0.872178
0.310984,-0.87357
0.31099,-0.874962
0.310995,-0.876354
0.311,-0.877746
0.311005,-0.879138
0.31101,-0.88053
0.311015,-0.881922
0.31129,-0.882216
0.311564,-0.88251
0.311839,-0.882804
0.312114,-0.883098
0.312388,-0.883392
0.312663,-0.883686
0.312938,-0.88398
0.313213,-0.884274
0.313487,-0.884568
0.313762,-0.884862
0.314037,-0.885156
0.314311,-0.88545
0.314586,-0.885744
0.314861,-0.886038
0.315135,-0.886332
0.31541,-0.886626
0.315685,-0.88692
0.315959,-0.887215
0.316234,-0.887509
0.316509,-0.887803
0.316783,-0.888097
0.317058,-0.888391
0.317333,-0.888685
0.317607,-0.888979
0.317882,-0.889273
0.318157,-0.889567
0.318431,-0.889861
0.318706,-0.890155
0.318981,-0.890449
0.319256,-0.890743
0.31953,-0.891037
0.319805,-0.891331
0.32008,-0.891625
0.320354,-0.891919
0.320629,-0.892213
0.320904,-0.892507
0.321178,-0.892801
0.321453,-0.893095
0.321728,-0.893389
0.322002,-0.893683
0.322277,-0.893977
0.322552,-0.894271
0.322826,-0.894565
0.323101,-0.894859
0.323376,-0.895153
0.32365,-0.895447
0.323925,-0.895741
0.3242,-0.896035
0.324474,-0.896329
0.324749,-0.896623
0.325024,-0.896917
0.325299,-0.897211
0.325573,-0.897505
0.325848,-0.897799
0.326123,-0.898093
0.326397,-0.898387
0.326672,-0.898681
0.326947,-0.898975
0.327221,-0.899269
0.327496,-0.899563
0.327771,-0.899857
0.328045,-0.900151
0.32832,-0.900445
0.328595,-0.900739
0.328869,-0.901033
0.329144,-0.901327
0.329419,-0.901621
0.329693,-0.901915
0.329968,-0.902209
0.330243,-0.902503
0.330517,-0.902797
0.330792,-0.903091
0.331067,-0.903385
0.331342,-0.903679
0.331616,-0.903973
0.331891,-0.904267
0.332166,-0.904561
0.33244,-0.904855
0.332715,-0.905149
0.33299,-0.905443
0.333264,-0.905737
0.333539,-0.906031
0.333814,-0.906325
0.334088,-0.906619
0.334363,-0.906913
0.334638,-0.907207
0.334912,-0.907501
0.335187,-0.907795
0.335462,-0.908089
0.335736,-0.908383
0.336011,-0.908677
0.336286,-0.908971
0.33656,-0.909265
0.336835,-0.909559
0.33711,-0.909853
0.337385,-0.910147
0.337659,-0.910441
0.337934,-0.910735
0.338209,-0.911029
0.338483,-0.911323
0.338758,-0.911617
0.339033,-0.911911
0.339307,-0.912205
0.339582,-0.912499
0.339857,-0.912793
0.340131,-0.913087
0.340406,-0.913381
0.340681,-0.913675
0.340955,-0.913969
0.34123,-0.914263
0.341505,-0.914557
0.341779,-0.914851
0.342054,-0.915145
0.342329,-0.915439
0.342603,-0.915733
0.342878,-0.916027
0.343153,-0.916321
0.343428,-0.916615
0.343702,-0.916909
0.343977,-0.917203
0.344252,-0.917497
0.344526,-0.917791
0.344801,-0.918085
0.345076,-0.918379
0.34535,-0.918673
0.345625,-0.918967
0.3459,-0.919261
0.346174,-0.919555
0.346449,-0.919849
0.346724,-0.920143
0.346998,-0.920437
0.347273,-0.920731
0.347548,-0.921025
0.347822,-0.921319
0.348097,-0.921613
0.348372,-0.921907
0.348646,-0.922201
0.348921,-0.922495
0.349196,-0.922789
0.349471,-0.923083
0.349745,-0.923377
0.35002,-0.923671
0.350295,-0.923965
0.350569,-0.924259
0.350844,-0.924553
0.351119,-0.924848
0.351393,-0.925142
0.351668,-0.925436
0.351943,-0.92573
0.353439,-0.924879
0.354934,-0.924029
0.35643,-0.923178
0.357926,-0.922327
0.359422,-0.921477
0.360918,-0.920626
0.362414,-0.919776
0.36391,-0.918925
0.365406,-0.918075
0.366902,-0.917224
0.368398,-0.916374
0.369893,-0.915523
0.371389,-0.914673
0.372885,-0.913822
0.374381,-0.912972
0.375877,-0.912121
0.377373,-0.911271
0.378869,-0.91042
0.380365,-0.90957
0.381861,-0.908719
0.383357,-0.907869
0.384852,-0.907018
0.386348,-0.906168
0.387844,-0.905317
0.38934,-0.904467
0.390836,-0.903616
0.392332,-0.902766
0.393828,-0.901915
0.395324,-0.901065
0.39682,-0.900214
0.398315,-0.899364
0.399811,-0.898513
0.401307,-0.897663
0.402803,-0.896812
0.404299,-0.895962
0.405795,-0.895111
0.407291,-0.894261
0.408787,-0.89341
0.410283,-0.89256
0.411779,-0.891709
0.413274,-0.890859
0.41477,-0.890008
0.416266,-0.889158
0.417762,-0.888307
0.419258,-0.887457
0.420754,-0.886606
0.42225,-0.885756
0.423746,-0.884905
0.425242,-0.884055
0.426738,-0.883204
0.428233,-0.882353
0.429729,-0.881503
0.431225,-0.880652
0.432721,-0.879802
0.434217,-0.878951
0.435713,-0.878101
0.437209,-0.87725
0.438705,-0.8764
0.440201,-0.875549
0.441697,-0.874699
0.443192,-0.873848
0.444688,-0.872998
0.446184,-0.872147
0.44768,-0.871297
0.449176,-0.870446
0.450672,-0.869596
0.452168,-0.868745
0.453664,-0.867895
0.45516,-0.867044
0.456656,-0.866194
0.458151,-0.865343
0.459647,-0.864493
0.461143,-0.863642
0.462639,-0.862792
0.464135,-0.861941
0.465631,-0.861091
0.467127,-0.86024
0.468623,-0.85939
0.470119,-0.858539
0.471615,-0.857689
0.47311,-0.856838
0.474606,-0.855988
0.476102,-0.855137
0.477598,-0.854287
0.479094,-0.853436
0.48059,-0.852586
0.482086,-0.851735
0.483582,-0.850885
0.485078,-0.850034
0.486573,-0.849184
0.488069,-0.848333
0.489565,-0.847483
0.491061,-0.846632
0.492557,-0.845782
0.494053,-0.844931
0.495549,-0.844081
0.497045,-0.84323
0.498541,-0.84238
0.500037,-0.841529
0.501532,-0.840678
0.503028,-0.839828
0.504524,-0.838977
0.50602,-0.838127
0.507516,-0.837276
0.509012,-0.836426
0.510508,-0.835575
0.512004,-0.834725
0.5135,-0.833874
0.514996,-0.833024
0.516491,-0.832173
0.517987,-0.831323
0.519483,-0.830472
0.520979,-0.829622
0.522475,-0.828771
0.523971,-0.827921
0.525467,-0.82707
0.526963,-0.82622
0.528459,-0.825369
0.529955,-0.824519
0.53145,-0.823668
0.532946,-0.822818
0.534442,-0.821967
0.535938,-0.821117
0.537434,-0.820266
0.53893,-0.819416
0.540426,-0.818565
0.541922,-0.817715
0.543418,-0.816864
0.544914,-0.816014
0.546409,-0.815163
0.547905,-0.814313
0.549401,-0.813462
0.550897,-0.812612
0.552393,-0.811761
0.553889,-0.810911
0.555385,-0.81006
0.556881,-0.80921
0.558377,-0.808359
0.559873,-0.807509
0.561368,-0.806658
0.562864,-0.805808
0.56436,-0.804957
0.565856,-0.804107
0.567352,-0.803256
0.568848,-0.802406
0.570344,-0.801555
0.57184,-0.800704
0.573336,-0.799854
0.574831,-0.799003
0.576327,-0.798153
0.576786,-0.797344
0.577245,-0.796535
0.577704,-0.795726
0.578163,-0.794918
0.578621,-0.794109
0.57908,-0.7933
0.579539,-0.792491
0.579998,-0.791682
0.580457,-0.790874
0.580915,-0.790065
0.581374,-0.789256
0.581833,-0.788447
0.582292,-0.787638
0.582751,-0.786829
0.583209,-0.786021
0.583668,-0.785212
0.584127,-0.784403
0.584586,-0.783594
0.585045,-0.782785
0.585503,-0.781977
0.585962,-0.781168
0.586421,-0.780359
0.58688,-0.77955
0.587339,-0.778741
0.587797,-0.777932
0.588256,-0.777124
0.588715,-0.776315
0.589174,-0.775506
0.589633,-0.774697
0.590091,-0.773888
0.59055,-0.77308
0.591009,-0.772271
0.591468,-0.771462
0.591927,-0.770653
0.592385,-0.769844
0.592844,-0.769035
0.593303,-0.768227
0.593762,-0.767418
0.594221,-0.766609
0.594679,-0.7658
0.595138,-0.764991
0.595597,-0.764183
0.596056,-0.763374
0.596515,-0.762565
0.596973,-0.761756
0.597432,-0.760947
0.597891,-0.760138
0.59835,-0.75933
0.598809,-0.758521
0.599267,-0.757712
0.599726,-0.756903
0.600185,-0.756094
0.600644,-0.755286
0.601103,-0.754477
0.601561,-0.753668
0.60202,-0.752859
0.602479,-0.75205
0.602938,-0.751241
0.603397,-0.750433
0.603855,-0.749624
0.604314,-0.748815
0.604773,-0.748006
0.605232,-0.747197
0.605691,-0.746389
0.606149,-0.74558
0.606608,-0.744771
0.607067,-0.743962
0.607526,-0.743153
0.607985,-0.742344
0.608443,-0.741536
0.608902,-0.740727
0.609361,-0.739918
0.60982,-0.739109
0.610279,-0.7383
0.610737,-0.737492
0.611196,-0.736683
0.611655,-0.735874
0.612114,-0.735065
0.612573,-0.734256
0.613031,-0.733447
0.61349,-0.732639
0.613949,-0.73183
0.614408,-0.731021
0.614867,-0.730212
0.615325,-0.729403
0.615784,-0.728595
0.616243,-0.727786
0.616702,-0.726977
0.617161,-0.726168
0.617619,-0.725359
0.618078,-0.72455
0.618537,-0.723742
0.618996,-0.722933
0.619455,-0.722124
0.619913,-0.721315
0.620372,-0.720506
0.620831,-0.719697
0.62129,-0.718889
0.621749,-0.71808
0.622208,-0.717271
0.622666,-0.716462
0.623125,-0.715653
0.623584,-0.714845
0.624043,-0.714036
0.624502,-0.713227
0.62496,-0.712418
0.625419,-0.711609
0.625878,-0.7108
0.626337,-0.709992
0.626796,-0.709183
0.627254,-0.708374
0.627713,-0.707565
0.628172,-0.706756
0.628631,-0.705948
0.62909,-0.705139
0.629548,-0.70433
0.630007,-0.703521
0.630466,-0.702712
0.630925,-0.701903
0.631384,-0.701095
0.631842,-0.700286
0.632301,-0.699477
0.63276,-0.698668
0.633219,-0.697859
0.633678,-0.697051
0.634136,-0.696242
0.634595,-0.695433
0.635054,-0.694624
0.635513,-0.693815
0.635972,-0.693006
0.63643,-0.692198
0.636889,-0.691389
0.637348,-0.69058
0.637807,-0.689771
0.638266,-0.688962
0.638724,-0.688154
0.639183,-0.687345
0.639642,-0.686536
0.640101,-0.685727
0.64056,-0.684918
0.641018,-0.684109
0.641477,-0.683301
0.641936,-0.682492
0.642395,-0.681683
0.642854,-0.680874
0.643312,-0.680065
0.643771,-0.679257
0.64423,-0.678448
0.644689,-0.677639
