O
15
1,0,-1,0.78,-0.5,0.75,0.0,0.0,0.0,0.3,0.4,0.02,0,0.8,False
2,0,-1,1.1,-0.5,0.93,0.0,0.0,0.0,0.02,0.4,0.2,0,0.8,False
3,0,-1,0.78,-0.5,1.11,0.0,0.0,0.0,0.3,0.4,0.02,0,0.8,False
4,0,-1,0.8,-0.92,0.93,0.0,0.0,0.0,0.32,0.02,0.2,0,0.8,False
5,0,-1,0.8,-0.08,0.93,0.0,0.0,0.0,0.32,0.02,0.2,0,0.8,False
6,0,0,0.5757341419603337,-0.44474308705752824,0.9199629111807008,0.0,0.0,0.8076936967927238,0.0512694360450431,0.04270357268087204,0.14996291118070085,0.033901913375385284,1.118095126133785,False
7,0,0,0.7058571659778295,-0.7586458513655977,0.86,0.0,0.0,0.7686546763603377,0.07522659866303308,0.047334936924458594,0.09,0.1451776984665299,0.89191245703258,False
8,2,0,0.8996143328479034,-0.4148024484097827,0.8623972837791691,0.0,0.0,1.3808341509041053,0.06853471395662601,0.06853471395662601,0.18479456755833834,0.0263489663655897,1.0704610107125434,False
9,2,0,0.545596338195313,-0.6851278855495357,0.8450000000000001,0.0,0.0,2.148352940346486,0.03,0.03,0.15,0.07269251059051779,0.8642632893844762,False
10,0,0,1.0141416440900621,-0.20797980241053327,0.86,0.0,0.0,1.650586302121837,0.03,0.03,0.09,0.020807379583524965,1.0414354948871931,False
11,0,1,0.8430251096558496,-0.6956788760305714,0.8809640715907625,0.0,0.0,2.013929302375461,0.03,0.03,0.11096407159076249,0.007874509367852833,1.1661910153798742,True
12,2,1,0.6814891976331392,-0.23914600312128298,0.8450000000000001,0.0,0.0,1.4626632374524864,0.07640900709243302,0.07640900709243302,0.15,0.01188100376493717,1.1343021077958002,True
13,0,1,0.5311819353848942,-0.30814883046752106,0.86,0.0,0.0,3.437089414419433,0.03,0.03397567573525721,0.09,0.37855917137429757,1.1158436013479358,True
14,2,1,0.7805601764855968,-0.6028300016848473,0.8450000000000001,0.0,0.0,2.19876965050921,0.03,0.03,0.15,0.4387312323933218,1.0848568907731004,True
15,2,1,0.9460792856273976,-0.8286190410022872,0.8450000000000001,0.0,0.0,0.9176608307781948,0.03,0.03,0.15,0.3874321068233396,0.9451101187107355,True
R
0.0,0.0,0.0,0.0,0.0,0.0,1.0
S
8
torso_lift_joint,0
r_shoulder_pan_joint,-1.69017
r_shoulder_lift_joint,-0.0788625
r_upper_arm_roll_joint,-1.69017
r_elbow_flex_joint,-1.2717
r_forearm_roll_joint,-0.151824
r_wrist_flex_joint,-1.25254
r_wrist_roll_joint,0.675062
G
0.509196,-0.514317,0.919963,0.807694,-0,0
ooi
6
A
599
0.310248,-0.673113
0.310017,-0.67158
0.309785,-0.670047
0.309553,-0.668514
0.309322,-0.66698
0.30909,-0.665447
0.308858,-0.663914
0.308627,-0.662381
0.308395,-0.660848
0.308164,-0.659315
0.307932,-0.657781
0.3077,-0.656248
0.307469,-0.654715
0.307237,-0.653182
0.307005,-0.651649
0.306774,-0.650116
0.306542,-0.648583
0.306311,-0.647049
0.306079,-0.645516
0.305847,-0.643983
0.305616,-0.64245
0.305384,-0.640917
0.305152,-0.639384
0.304921,-0.63785
0.304689,-0.636317
0.304458,-0.634784
0.304226,-0.633251
0.303994,-0.631718
0.303763,-0.630185
0.303531,-0.628651
0.3033,-0.627118
0.303068,-0.625585
0.302836,-0.624052
0.302605,-0.622519
0.302373,-0.620986
0.302141,-0.619452
0.30191,-0.617919
0.301678,-0.616386
0.301447,-0.614853
0.301215,-0.61332
0.300983,-0.611787
0.300752,-0.610254
0.30052,-0.60872
0.300288,-0.607187
0.300057,-0.605654
0.299825,-0.604121
0.299594,-0.602588
0.299362,-0.601055
0.29913,-0.599521
0.298899,-0.597988
0.298667,-0.596455
0.298435,-0.594922
0.298204,-0.593389
0.297972,-0.591856
0.297741,-0.590322
0.297509,-0.588789
0.297277,-0.587256
0.297046,-0.585723
0.296814,-0.58419
0.296582,-0.582657
0.296351,-0.581124
0.296119,-0.57959
0.295888,-0.578057
0.295656,-0.576524
0.295424,-0.574991
0.295193,-0.573458
0.294961,-0.571925
0.294729,-0.570391
0.294498,-0.568858
0.294266,-0.567325
0.294035,-0.565792
0.293803,-0.564259
0.293571,-0.562726
0.29334,-0.561192
0.293108,-0.559659
0.292877,-0.558126
0.292645,-0.556593
0.292413,-0.55506
0.292182,-0.553527
0.29195,-0.551993
0.291718,-0.55046
0.291487,-0.548927
0.291255,-0.547394
0.291024,-0.545861
0.290792,-0.544328
0.29056,-0.542795
0.290329,-0.541261
0.290097,-0.539728
0.289865,-0.538195
0.289634,-0.536662
0.289402,-0.535129
0.289171,-0.533596
0.288939,-0.532062
0.288707,-0.530529
0.288476,-0.528996
0.288244,-0.527463
0.288012,-0.52593
0.287781,-0.524397
0.287549,-0.522863
0.287318,-0.52133
0.287086,-0.519797
0.286854,-0.518264
0.286623,-0.516731
0.286391,-0.515198
0.286159,-0.513665
0.285928,-0.512131
0.285696,-0.510598
0.285465,-0.509065
0.285233,-0.507532
0.285001,-0.505999
0.28477,-0.504466
0.284538,-0.502932
0.284306,-0.501399
0.284075,-0.499866
0.283843,-0.498333
0.283612,-0.4968
0.28338,-0.495267
0.283148,-0.493733
0.282917,-0.4922
0.282685,-0.490667
0.282453,-0.489134
0.282222,-0.487601
0.28199,-0.486068
0.281759,-0.484534
0.281527,-0.483001
0.281295,-0.481468
0.281064,-0.479935
0.280832,-0.478402
0.280601,-0.476869
0.280369,-0.475336
0.280137,-0.473802
0.279906,-0.472269
0.279674,-0.470736
0.279442,-0.469203
0.279211,-0.46767
0.278979,-0.466137
0.278748,-0.464603
0.278516,-0.46307
0.278284,-0.461537
0.278053,-0.460004
0.277821,-0.458471
0.277589,-0.456938
0.277358,-0.455404
0.277126,-0.453871
0.276895,-0.452338
0.276663,-0.450805
0.276431,-0.449272
0.2762,-0.447739
0.275968,-0.446206
0.275736,-0.444672
0.275505,-0.443139
0.275647,-0.442994
0.275789,-0.442848
0.275931,-0.442702
0.276072,-0.442557
0.276214,-0.442411
0.276356,-0.442266
0.276498,-0.44212
0.27664,-0.441974
0.276782,-0.441829
0.276924,-0.441683
0.277066,-0.441537
0.277208,-0.441392
0.27735,-0.441246
0.277491,-0.441101
0.277633,-0.440955
0.277775,-0.440809
0.277917,-0.440664
0.278059,-0.440518
0.278201,-0.440373
0.278343,-0.440227
0.278485,-0.440081
0.278627,-0.439936
0.278768,-0.43979
0.27891,-0.439645
0.279052,-0.439499
0.279194,-0.439353
0.279336,-0.439208
0.279478,-0.439062
0.27962,-0.438917
0.279762,-0.438771
0.279904,-0.438625
0.280046,-0.43848
0.280187,-0.438334
0.280329,-0.438189
0.280471,-0.438043
0.280613,-0.437897
0.280755,-0.437752
0.280897,-0.437606
0.281039,-0.43746
0.281181,-0.437315
0.281323,-0.437169
0.281465,-0.437024
0.281606,-0.436878
0.281748,-0.436732
0.28189,-0.436587
0.282032,-0.436441
0.282174,-0.436296
0.282316,-0.43615
0.282458,-0.436004
0.2826,-0.435859
0.282742,-0.435713
0.282884,-0.435568
0.283025,-0.435422
0.283167,-0.435276
0.283309,-0.435131
0.283451,-0.434985
0.283593,-0.43484
0.283735,-0.434694
0.283877,-0.434548
0.284019,-0.434403
0.284161,-0.434257
0.284303,-0.434111
0.284444,-0.433966
0.284586,-0.43382
0.284728,-0.433675
0.28487,-0.433529
0.285012,-0.433383
0.285154,-0.433238
0.285296,-0.433092
0.285438,-0.432947
0.28558,-0.432801
0.285722,-0.432655
0.285863,-0.43251
0.286005,-0.432364
0.286147,-0.432219
0.286289,-0.432073
0.286431,-0.431927
0.286573,-0.431782
0.286715,-0.431636
0.286857,-0.431491
0.286999,-0.431345
0.287141,-0.431199
0.287282,-0.431054
0.287424,-0.430908
0.287566,-0.430763
0.287708,-0.430617
0.28785,-0.430471
0.287992,-0.430326
0.288134,-0.43018
0.288276,-0.430034
0.288418,-0.429889
0.288559,-0.429743
0.288701,-0.429598
0.288843,-0.429452
0.288985,-0.429306
0.289127,-0.429161
0.289269,-0.429015
0.289411,-0.42887
0.289553,-0.428724
0.289695,-0.428578
0.289837,-0.428433
0.289978,-0.428287
0.29012,-0.428142
0.290262,-0.427996
0.290404,-0.42785
0.290546,-0.427705
0.290688,-0.427559
0.29083,-0.427414
0.290972,-0.427268
0.291114,-0.427122
0.291256,-0.426977
0.291397,-0.426831
0.291539,-0.426685
0.291681,-0.42654
0.291823,-0.426394
0.291965,-0.426249
0.292107,-0.426103
0.292249,-0.425957
0.292391,-0.425812
0.292533,-0.425666
0.292675,-0.425521
0.292816,-0.425375
0.292958,-0.425229
0.2931,-0.425084
0.293242,-0.424938
0.293384,-0.424793
0.293526,-0.424647
0.293668,-0.424501
0.29381,-0.424356
0.293952,-0.42421
0.294094,-0.424065
0.294235,-0.423919
0.294377,-0.423773
0.294519,-0.423628
0.294661,-0.423482
0.294803,-0.423337
0.294945,-0.423191
0.295087,-0.423045
0.295229,-0.4229
0.295371,-0.422754
0.295513,-0.422608
0.295654,-0.422463
0.295796,-0.422317
0.295938,-0.422172
0.29608,-0.422026
0.296222,-0.42188
0.296364,-0.421735
0.296506,-0.421589
0.296648,-0.421444
0.296909,-0.422172
0.29717,-0.422901
0.297431,-0.423629
0.297692,-0.424358
0.297953,-0.425086
0.298215,-0.425815
0.298476,-0.426544
0.298737,-0.427272
0.298998,-0.428001
0.299259,-0.428729
0.29952,-0.429458
0.299781,-0.430186
0.300043,-0.430915
0.300304,-0.431644
0.300565,-0.432372
0.300826,-0.433101
0.301087,-0.433829
0.301348,-0.434558
0.301609,-0.435286
0.301871,-0.436015
0.302132,-0.436744
0.302393,-0.437472
0.302654,-0.438201
0.302915,-0.438929
0.303176,-0.439658
0.303438,-0.440386
0.303699,-0.441115
0.30396,-0.441844
0.304221,-0.442572
0.304482,-0.443301
0.304743,-0.444029
0.305004,-0.444758
0.305266,-0.445486
0.305527,-0.446215
0.305788,-0.446944
0.306049,-0.447672
0.30631,-0.448401
0.306571,-0.449129
0.306832,-0.449858
0.307094,-0.450586
0.307355,-0.451315
0.307616,-0.452044
0.307877,-0.452772
0.308138,-0.453501
0.308399,-0.454229
0.30866,-0.454958
0.308922,-0.455686
0.309183,-0.456415
0.309444,-0.457144
0.309705,-0.457872
0.309966,-0.458601
0.310227,-0.459329
0.310488,-0.460058
0.31075,-0.460786
0.311011,-0.461515
0.311272,-0.462243
0.311533,-0.462972
0.311794,-0.463701
0.312055,-0.464429
0.312316,-0.465158
0.312578,-0.465886
0.312839,-0.466615
0.3131,-0.467343
0.313361,-0.468072
0.313622,-0.468801
0.313883,-0.469529
0.314145,-0.470258
0.314406,-0.470986
0.314667,-0.471715
0.314928,-0.472443
0.315189,-0.473172
0.31545,-0.473901
0.315711,-0.474629
0.315973,-0.475358
0.316234,-0.476086
0.316495,-0.476815
0.316756,-0.477543
0.317017,-0.478272
0.317278,-0.479001
0.317539,-0.479729
0.317801,-0.480458
0.318062,-0.481186
0.318323,-0.481915
0.318584,-0.482643
0.318845,-0.483372
0.319106,-0.484101
0.319367,-0.484829
0.319629,-0.485558
0.31989,-0.486286
0.320151,-0.487015
0.320412,-0.487743
0.320673,-0.488472
0.320934,-0.489201
0.321195,-0.489929
0.321457,-0.490658
0.321718,-0.491386
0.321979,-0.492115
0.32224,-0.492843
0.322501,-0.493572
0.322762,-0.494301
0.323024,-0.495029
0.323285,-0.495758
0.323546,-0.496486
0.323807,-0.497215
0.324068,-0.497943
0.324329,-0.498672
0.32459,-0.499401
0.324852,-0.500129
0.325113,-0.500858
0.325374,-0.501586
0.325635,-0.502315
0.325896,-0.503043
0.326157,-0.503772
0.326418,-0.504501
0.32668,-0.505229
0.326941,-0.505958
0.327202,-0.506686
0.327463,-0.507415
0.327724,-0.508143
0.327985,-0.508872
0.328246,-0.509601
0.328508,-0.510329
0.328769,-0.511058
0.32903,-0.511786
0.329291,-0.512515
0.329552,-0.513243
0.329813,-0.513972
0.330074,-0.514701
0.330336,-0.515429
0.330597,-0.516158
0.330858,-0.516886
0.331119,-0.517615
0.33138,-0.518343
0.331641,-0.519072
0.331902,-0.5198
0.332164,-0.520529
0.332425,-0.521258
0.332686,-0.521986
0.332947,-0.522715
0.333208,-0.523443
0.333469,-0.524172
0.333731,-0.5249
0.333992,-0.525629
0.334253,-0.526358
0.334514,-0.527086
0.334775,-0.527815
0.335036,-0.528543
0.335297,-0.529272
0.335559,-0.53
0.33582,-0.530729
0.336983,-0.530619
0.338147,-0.530509
0.33931,-0.530399
0.340474,-0.530288
0.341638,-0.530178
0.342801,-0.530068
0.343965,-0.529958
0.345128,-0.529848
0.346292,-0.529738
0.347456,-0.529628
0.348619,-0.529517
0.349783,-0.529407
0.350946,-0.529297
0.35211,-0.529187
0.353274,-0.529077
0.354437,-0.528967
0.355601,-0.528856
0.356764,-0.528746
0.357928,-0.528636
0.359092,-0.528526
0.360255,-0.528416
0.361419,-0.528306
0.362582,-0.528196
0.363746,-0.528085
0.36491,-0.527975
0.366073,-0.527865
0.367237,-0.527755
0.3684,-0.527645
0.369564,-0.527535
0.370728,-0.527425
0.371891,-0.527314
0.373055,-0.527204
0.374218,-0.527094
0.375382,-0.526984
0.376546,-0.526874
0.377709,-0.526764
0.378873,-0.526653
0.380036,-0.526543
0.3812,-0.526433
0.382364,-0.526323
0.383527,-0.526213
0.384691,-0.526103
0.385854,-0.525993
0.387018,-0.525882
0.388182,-0.525772
0.389345,-0.525662
0.390509,-0.525552
0.391672,-0.525442
0.392836,-0.525332
0.394,-0.525221
0.395163,-0.525111
0.396327,-0.525001
0.39749,-0.524891
0.398654,-0.524781
0.399818,-0.524671
0.400981,-0.524561
0.402145,-0.52445
0.403308,-0.52434
0.404472,-0.52423
0.405636,-0.52412
0.406799,-0.52401
0.407963,-0.5239
0.409126,-0.52379
0.41029,-0.523679
0.411454,-0.523569
0.412617,-0.523459
0.413781,-0.523349
0.414944,-0.523239
0.416108,-0.523129
0.417272,-0.523018
0.418435,-0.522908
0.419599,-0.522798
0.420762,-0.522688
0.421926,-0.522578
0.42309,-0.522468
0.424253,-0.522358
0.425417,-0.522247
0.42658,-0.522137
0.427744,-0.522027
0.428908,-0.521917
0.430071,-0.521807
0.431235,-0.521697
0.432398,-0.521587
0.433562,-0.521476
0.434726,-0.521366
0.435889,-0.521256
0.437053,-0.521146
0.438216,-0.521036
0.43938,-0.520926
0.440544,-0.520815
0.441707,-0.520705
0.442871,-0.520595
0.444034,-0.520485
0.445198,-0.520375
0.446362,-0.520265
0.447525,-0.520155
0.448689,-0.520044
0.449852,-0.519934
0.451016,-0.519824
0.45218,-0.519714
0.453343,-0.519604
0.454507,-0.519494
0.45567,-0.519383
0.456834,-0.519273
0.457998,-0.519163
0.459161,-0.519053
0.460325,-0.518943
0.461488,-0.518833
0.462652,-0.518723
0.463816,-0.518612
0.464979,-0.518502
0.466143,-0.518392
0.467306,-0.518282
0.46847,-0.518172
0.469634,-0.518062
0.470797,-0.517952
0.471961,-0.517841
0.473124,-0.517731
0.474288,-0.517621
0.475452,-0.517511
0.476615,-0.517401
0.477779,-0.517291
0.478942,-0.51718
0.480106,-0.51707
0.48127,-0.51696
0.482433,-0.51685
0.483597,-0.51674
0.48476,-0.51663
0.485924,-0.51652
0.487088,-0.516409
0.488251,-0.516299
0.489415,-0.516189
0.490578,-0.516079
0.491742,-0.515969
0.492906,-0.515859
0.494069,-0.515748
0.495233,-0.515638
0.496396,-0.515528
0.49756,-0.515418
0.498723,-0.515308
0.499887,-0.515198
0.501051,-0.515088
0.502214,-0.514977
0.503378,-0.514867
0.504541,-0.514757
0.505705,-0.514647
0.506869,-0.514537
0.508032,-0.514427
0.509196,-0.514317
