O
15
1,0,-1,0.78,-0.5,0.75,0.0,0.0,0.0,0.3,0.4,0.02,0,0.8,False
2,0,-1,1.1,-0.5,0.93,0.0,0.0,0.0,0.02,0.4,0.2,0,0.8,False
3,0,-1,0.78,-0.5,1.11,0.0,0.0,0.0,0.3,0.4,0.02,0,0.8,False
4,0,-1,0.8,-0.92,0.93,0.0,0.0,0.0,0.32,0.02,0.2,0,0.8,False
5,0,-1,0.8,-0.08,0.93,0.0,0.0,0.0,0.32,0.02,0.2,0,0.8,False
6,0,0,0.8368780522736275,-0.4432890617529023,0.86,0.0,0.0,2.376678639661462,0.05415348877758626,0.03913596710859974,0.09,0.08071730059243132,1.1801501972408128,False
7,0,0,0.5291543199975963,-0.20864732877753323,0.9023904972485627,0.0,0.0,1.9339829903200845,0.03085560106032765,0.03,0.13239049724856264,0.3339737104343378,1.112872735284864,False
8,0,0,0.7171819328537258,-0.6799020720463944,0.86,0.0,0.0,5.891659388742385,0.06037697964170701,0.03,0.09,0.2623502121938813,0.8541493663690192,False
9,0,0,0.7173374552843417,-0.3795851794328194,0.86,0.0,0.0,6.153811955709742,0.03,0.06986598694697893,0.09,0.2330711504762788,1.0436007387862762,False
10,0,0,0.570260488564969,-0.795870248966257,0.9019841215148111,0.0,0.0,1.5352621280873977,0.0402595483491015,0.03,0.1319841215148111,0.09102601156859286,1.199937566032089,False
11,0,1,0.6736440663445433,-0.5348083362751253,0.86,0.0,0.0,3.061339474151448,0.03,0.0440353977096361,0.09,0.1371803253418497,0.8434586361628194,True
12,0,1,0.5682941864951545,-0.6639387285039623,0.8703981192140557,0.0,0.0,3.7788926172974135,0.03,0.03,0.10039811921405568,0.2937914755563917,0.8332098273018785,True
13,2,1,0.8883790170559469,-0.6900798019645964,0.8450000000000001,0.0,0.0,6.195155812422689,0.06525921465951502,0.06525921465951502,0.15,0.17382051757082517,0.8858593774081238,True
14,0,1,0.9819705107729861,-0.22595520675458214,0.86,0.0,0.0,4.23663658384891,0.046565740656502055,0.03,0.09,0.3750769231479451,1.0781236008763426,True
15,0,1,0.8318560013057363,-0.8167834958159376,0.86,0.0,0.0,2.399843008397123,0.03,0.03,0.09,0.28488242569172567,1.0829564107068943,True
R
0.0,0.0,0.0,0.0,0.0,0.0,1.0
S
8
torso_lift_joint,0
r_shoulder_pan_joint,-1.69017
r_shoulder_lift_joint,-0.0788625
r_upper_arm_roll_joint,-1.69017
r_elbow_flex_joint,-1.2717
r_forearm_roll_joint,-0.151824
r_wrist_flex_joint,-1.25254
r_wrist_roll_joint,0.675062
G
0.619779,-0.63969,0.86,2.75007,-3.14159,3.14159
ooi
8
A
599
0.310248,-0.673113
0.311217,-0.67267
0.312185,-0.672227
0.313154,-0.671784
0.314123,-0.671341
0.315091,-0.670898
0.31606,-0.670454
0.317029,-0.670011
0.317997,-0.669568
0.318966,-0.669125
0.319935,-0.668682
0.320903,-0.668239
0.321872,-0.667796
0.322841,-0.667353
0.323809,-0.66691
0.324778,-0.666466
0.325747,-0.666023
0.326715,-0.66558
0.327684,-0.665137
0.328653,-0.664694
0.329621,-0.664251
0.33059,-0.663808
0.331559,-0.663365
0.332527,-0.662922
0.333496,-0.662478
0.334464,-0.662035
0.335433,-0.661592
0.336402,-0.661149
0.33737,-0.660706
0.338339,-0.660263
0.339308,-0.65982
0.340276,-0.659377
0.341245,-0.658934
0.342214,-0.658491
0.343182,-0.658047
0.344151,-0.657604
0.34512,-0.657161
0.346088,-0.656718
0.347057,-0.656275
0.348026,-0.655832
0.348994,-0.655389
0.349963,-0.654946
0.350932,-0.654503
0.3519,-0.654059
0.352869,-0.653616
0.353838,-0.653173
0.354806,-0.65273
0.355775,-0.652287
0.356743,-0.651844
0.357712,-0.651401
0.358681,-0.650958
0.359649,-0.650515
0.360618,-0.650071
0.361587,-0.649628
0.362555,-0.649185
0.363524,-0.648742
0.364493,-0.648299
0.365461,-0.647856
0.36643,-0.647413
0.367399,-0.64697
0.368367,-0.646527
0.369336,-0.646084
0.370305,-0.64564
0.371273,-0.645197
0.372242,-0.644754
0.373211,-0.644311
0.374179,-0.643868
0.375148,-0.643425
0.376117,-0.642982
0.377085,-0.642539
0.378054,-0.642096
0.379022,-0.641652
0.379991,-0.641209
0.38096,-0.640766
0.381928,-0.640323
0.382897,-0.63988
0.383866,-0.639437
0.384834,-0.638994
0.385803,-0.638551
0.386772,-0.638108
0.38774,-0.637664
0.388709,-0.637221
0.389678,-0.636778
0.390646,-0.636335
0.391615,-0.635892
0.392584,-0.635449
0.393552,-0.635006
0.394521,-0.634563
0.39549,-0.63412
0.396458,-0.633677
0.397427,-0.633233
0.398395,-0.63279
0.399364,-0.632347
0.400333,-0.631904
0.401301,-0.631461
0.40227,-0.631018
0.403239,-0.630575
0.404207,-0.630132
0.405176,-0.629689
0.406145,-0.629245
0.407113,-0.628802
0.408082,-0.628359
0.409051,-0.627916
0.410019,-0.627473
0.410988,-0.62703
0.411957,-0.626587
0.412925,-0.626144
0.413894,-0.625701
0.414863,-0.625257
0.415831,-0.624814
0.4168,-0.624371
0.417769,-0.623928
0.418737,-0.623485
0.419706,-0.623042
0.420674,-0.622599
0.421643,-0.622156
0.422612,-0.621713
0.42358,-0.621269
0.424549,-0.620826
0.425518,-0.620383
0.426486,-0.61994
0.427455,-0.619497
0.428424,-0.619054
0.429392,-0.618611
0.430361,-0.618168
0.43133,-0.617725
0.432298,-0.617282
0.433267,-0.616838
0.434236,-0.616395
0.435204,-0.615952
0.436173,-0.615509
0.437142,-0.615066
0.43811,-0.614623
0.439079,-0.61418
0.440048,-0.613737
0.441016,-0.613294
0.441985,-0.61285
0.442953,-0.612407
0.443922,-0.611964
0.444891,-0.611521
0.445859,-0.611078
0.446828,-0.610635
0.447797,-0.610192
0.448765,-0.609749
0.449734,-0.609306
0.450703,-0.608862
0.451671,-0.608419
0.45264,-0.607976
0.453609,-0.607533
0.454577,-0.60709
0.455546,-0.606647
0.456291,-0.606236
0.457036,-0.605824
0.457781,-0.605413
0.458526,-0.605002
0.459272,-0.60459
0.460017,-0.604179
0.460762,-0.603768
0.461507,-0.603356
0.462252,-0.602945
0.462997,-0.602534
0.463742,-0.602122
0.464487,-0.601711
0.465233,-0.6013
0.465978,-0.600888
0.466723,-0.600477
0.467468,-0.600066
0.468213,-0.599654
0.468958,-0.599243
0.469703,-0.598831
0.470448,-0.59842
0.471194,-0.598009
0.471939,-0.597597
0.472684,-0.597186
0.473429,-0.596775
0.474174,-0.596363
0.474919,-0.595952
0.475664,-0.595541
0.476409,-0.595129
0.477154,-0.594718
0.4779,-0.594307
0.478645,-0.593895
0.47939,-0.593484
0.480135,-0.593073
0.48088,-0.592661
0.481625,-0.59225
0.48237,-0.591839
0.483115,-0.591427
0.483861,-0.591016
0.484606,-0.590605
0.485351,-0.590193
0.486096,-0.589782
0.486841,-0.589371
0.487586,-0.588959
0.488331,-0.588548
0.489076,-0.588137
0.489822,-0.587725
0.490567,-0.587314
0.491312,-0.586903
0.492057,-0.586491
0.492802,-0.58608
0.493547,-0.585669
0.494292,-0.585257
0.495037,-0.584846
0.495783,-0.584435
0.496528,-0.584023
0.497273,-0.583612
0.498018,-0.583201
0.498763,-0.582789
0.499508,-0.582378
0.500253,-0.581967
0.500998,-0.581555
0.501744,-0.581144
0.502489,-0.580733
0.503234,-0.580321
0.503979,-0.57991
0.504724,-0.579499
0.505469,-0.579087
0.506214,-0.578676
0.506959,-0.578265
0.507705,-0.577853
0.50845,-0.577442
0.509195,-0.577031
0.50994,-0.576619
0.510685,-0.576208
0.51143,-0.575796
0.512175,-0.575385
0.51292,-0.574974
0.513665,-0.574562
0.514411,-0.574151
0.515156,-0.57374
0.515901,-0.573328
0.516646,-0.572917
0.517391,-0.572506
0.518136,-0.572094
0.518881,-0.571683
0.519626,-0.571272
0.520372,-0.57086
0.521117,-0.570449
0.521862,-0.570038
0.522607,-0.569626
0.523352,-0.569215
0.524097,-0.568804
0.524842,-0.568392
0.525587,-0.567981
0.526333,-0.56757
0.527078,-0.567158
0.527823,-0.566747
0.528568,-0.566336
0.529313,-0.565924
0.530058,-0.565513
0.530803,-0.565102
0.531548,-0.56469
0.532294,-0.564279
0.533039,-0.563868
0.533784,-0.563456
0.534529,-0.563045
0.535274,-0.562634
0.536019,-0.562222
0.536764,-0.561811
0.537509,-0.5614
0.538255,-0.560988
0.539,-0.560577
0.539745,-0.560166
0.54049,-0.559754
0.541235,-0.559343
0.54198,-0.558932
0.542725,-0.55852
0.54347,-0.558109
0.544215,-0.557698
0.544961,-0.557286
0.545706,-0.556875
0.546451,-0.556464
0.547196,-0.556052
0.547941,-0.555641
0.548686,-0.55523
0.549431,-0.554818
0.550176,-0.554407
0.550922,-0.553995
0.551667,-0.553584
0.552412,-0.553173
0.553157,-0.552761
0.553902,-0.55235
0.554647,-0.551939
0.555392,-0.551527
0.556137,-0.551116
0.556883,-0.550705
0.557628,-0.550293
0.558373,-0.549882
0.559118,-0.549471
0.559863,-0.549059
0.560608,-0.548648
0.561353,-0.548237
0.562098,-0.547825
0.562844,-0.547414
0.563589,-0.547003
0.564334,-0.546591
0.565079,-0.54618
0.565824,-0.545769
0.566569,-0.545357
0.566619,-0.545372
0.566668,-0.545387
0.566718,-0.545402
0.566768,-0.545417
0.566817,-0.545432
0.566867,-0.545447
0.566917,-0.545461
0.566967,-0.545476
0.567016,-0.545491
0.567066,-0.545506
0.567116,-0.545521
0.567165,-0.545536
0.567215,-0.545551
0.567265,-0.545565
0.567314,-0.54558
0.567364,-0.545595
0.567414,-0.54561
0.567463,-0.545625
0.567513,-0.54564
0.567563,-0.545655
0.567612,-0.545669
0.567662,-0.545684
0.567712,-0.545699
0.567761,-0.545714
0.567811,-0.545729
0.567861,-0.545744
0.56791,-0.545759
0.56796,-0.545774
0.56801,-0.545788
0.568059,-0.545803
0.568109,-0.545818
0.568159,-0.545833
0.568208,-0.545848
0.568258,-0.545863
0.568308,-0.545878
0.568357,-0.545892
0.568407,-0.545907
0.568457,-0.545922
0.568506,-0.545937
0.568556,-0.545952
0.568606,-0.545967
0.568655,-0.545982
0.568705,-0.545996
0.568755,-0.546011
0.568804,-0.546026
0.568854,-0.546041
0.568904,-0.546056
0.568953,-0.546071
0.569003,-0.546086
0.569053,-0.546101
0.569102,-0.546115
0.569152,-0.54613
0.569202,-0.546145
0.569251,-0.54616
0.569301,-0.546175
0.569351,-0.54619
0.5694,-0.546205
0.56945,-0.546219
0.5695,-0.546234
0.569549,-0.546249
0.569599,-0.546264
0.569649,-0.546279
0.569698,-0.546294
0.569748,-0.546309
0.569798,-0.546323
0.569847,-0.546338
0.569897,-0.546353
0.569947,-0.546368
0.569996,-0.546383
0.570046,-0.546398
0.570096,-0.546413
0.570145,-0.546428
0.570195,-0.546442
0.570245,-0.546457
0.570294,-0.546472
0.570344,-0.546487
0.570394,-0.546502
0.570443,-0.546517
0.570493,-0.546532
0.570543,-0.546546
0.570592,-0.546561
0.570642,-0.546576
0.570692,-0.546591
0.570741,-0.546606
0.570791,-0.546621
0.570841,-0.546636
0.57089,-0.54665
0.57094,-0.546665
0.57099,-0.54668
0.571039,-0.546695
0.571089,-0.54671
0.571139,-0.546725
0.571188,-0.54674
0.571238,-0.546755
0.571288,-0.546769
0.571337,-0.546784
0.571387,-0.546799
0.571437,-0.546814
0.571486,-0.546829
0.571536,-0.546844
0.571586,-0.546859
0.571635,-0.546873
0.571685,-0.546888
0.571735,-0.546903
0.571784,-0.546918
0.571834,-0.546933
0.571884,-0.546948
0.571933,-0.546963
0.571983,-0.546977
0.572033,-0.546992
0.572082,-0.547007
0.572132,-0.547022
0.572182,-0.547037
0.572231,-0.547052
0.572281,-0.547067
0.572331,-0.547082
0.57238,-0.547096
0.57243,-0.547111
0.57248,-0.547126
0.572529,-0.547141
0.572579,-0.547156
0.572629,-0.547171
0.572679,-0.547186
0.572728,-0.5472
0.572778,-0.547215
0.572828,-0.54723
0.572877,-0.547245
0.572927,-0.54726
0.572977,-0.547275
0.573026,-0.54729
0.573076,-0.547304
0.573126,-0.547319
0.573175,-0.547334
0.573225,-0.547349
0.573275,-0.547364
0.573324,-0.547379
0.573374,-0.547394
0.573424,-0.547409
0.573473,-0.547423
0.573523,-0.547438
0.573573,-0.547453
0.573622,-0.547468
0.573672,-0.547483
0.573722,-0.547498
0.573771,-0.547513
0.573821,-0.547527
0.573871,-0.547542
0.57392,-0.547557
0.57397,-0.547572
0.57402,-0.547587
0.574327,-0.548205
0.574634,-0.548823
0.574941,-0.549441
0.575248,-0.550059
0.575555,-0.550678
0.575862,-0.551296
0.576169,-0.551914
0.576476,-0.552532
0.576784,-0.55315
0.577091,-0.553768
0.577398,-0.554386
0.577705,-0.555005
0.578012,-0.555623
0.578319,-0.556241
0.578626,-0.556859
0.578933,-0.557477
0.57924,-0.558095
0.579548,-0.558713
0.579855,-0.559332
0.580162,-0.55995
0.580469,-0.560568
0.580776,-0.561186
0.581083,-0.561804
0.58139,-0.562422
0.581697,-0.56304
0.582004,-0.563659
0.582312,-0.564277
0.582619,-0.564895
0.582926,-0.565513
0.583233,-0.566131
0.58354,-0.566749
0.583847,-0.567367
0.584154,-0.567986
0.584461,-0.568604
0.584768,-0.569222
0.585076,-0.56984
0.585383,-0.570458
0.58569,-0.571076
0.585997,-0.571694
0.586304,-0.572313
0.586611,-0.572931
0.586918,-0.573549
0.587225,-0.574167
0.587532,-0.574785
0.58784,-0.575403
0.588147,-0.576021
0.588454,-0.57664
0.588761,-0.577258
0.589068,-0.577876
0.589375,-0.578494
0.589682,-0.579112
0.589989,-0.57973
0.590296,-0.580348
0.590604,-0.580967
0.590911,-0.581585
0.591218,-0.582203
0.591525,-0.582821
0.591832,-0.583439
0.592139,-0.584057
0.592446,-0.584675
0.592753,-0.585294
0.59306,-0.585912
0.593368,-0.58653
0.593675,-0.587148
0.593982,-0.587766
0.594289,-0.588384
0.594596,-0.589003
0.594903,-0.589621
0.59521,-0.590239
0.595517,-0.590857
0.595824,-0.591475
0.596132,-0.592093
0.596439,-0.592711
0.596746,-0.59333
0.597053,-0.593948
0.59736,-0.594566
0.597667,-0.595184
0.597974,-0.595802
0.598281,-0.59642
0.598588,-0.597038
0.598896,-0.597657
0.599203,-0.598275
0.59951,-0.598893
0.599817,-0.599511
0.600124,-0.600129
0.600431,-0.600747
0.600738,-0.601365
0.601045,-0.601984
0.601352,-0.602602
0.60166,-0.60322
0.601967,-0.603838
0.602274,-0.604456
0.602581,-0.605074
0.602888,-0.605692
0.603195,-0.606311
0.603502,-0.606929
0.603809,-0.607547
0.604116,-0.608165
0.604424,-0.608783
0.604731,-0.609401
0.605038,-0.610019
0.605345,-0.610638
0.605652,-0.611256
0.605959,-0.611874
0.606266,-0.612492
0.606573,-0.61311
0.60688,-0.613728
0.607188,-0.614346
0.607495,-0.614965
0.607802,-0.615583
0.608109,-0.616201
0.608416,-0.616819
0.608723,-0.617437
0.60903,-0.618055
0.609337,-0.618673
0.609644,-0.619292
0.609952,-0.61991
0.610259,-0.620528
0.610566,-0.621146
0.610873,-0.621764
0.61118,-0.622382
0.611487,-0.623
0.611794,-0.623619
0.612101,-0.624237
0.612408,-0.624855
0.612716,-0.625473
0.613023,-0.626091
0.61333,-0.626709
0.613637,-0.627327
0.613944,-0.627946
0.614251,-0.628564
0.614558,-0.629182
0.614865,-0.6298
0.615172,-0.630418
0.61548,-0.631036
0.615787,-0.631654
0.616094,-0.632273
0.616401,-0.632891
0.616708,-0.633509
0.617015,-0.634127
0.617322,-0.634745
0.617629,-0.635363
0.617936,-0.635981
0.618244,-0.6366
0.618551,-0.637218
0.618858,-0.637836
0.619165,-0.638454
0.619472,-0.639072
0.619779,-0.63969
