O
15
1,0,-1,0.78,-0.5,0.75,0.0,0.0,0.0,0.3,0.4,0.02,0,0.8,False
2,0,-1,1.1,-0.5,0.93,0.0,0.0,0.0,0.02,0.4,0.2,0,0.8,False
3,0,-1,0.78,-0.5,1.11,0.0,0.0,0.0,0.3,0.4,0.02,0,0.8,False
4,0,-1,0.8,-0.92,0.93,0.0,0.0,0.0,0.32,0.02,0.2,0,0.8,False
5,0,-1,0.8,-0.08,0.93,0.0,0.0,0.0,0.32,0.02,0.2,0,0.8,False
6,0,0,0.824213598713454,-0.23232749777531803,0.86,0.0,0.0,3.5279027516396693,0.05658322583405673,0.03,0.09,0.4858108455365219,1.1906261491722208,False
7,2,0,0.8294152406715505,-0.8058423887580448,0.8450000000000001,0.0,0.0,1.4546089844892969,0.06457350939957338,0.06457350939957338,0.15,0.29395919602211373,1.0163583643744225,False
8,0,0,0.670103484620414,-0.7875175772368675,0.919368110812984,0.0,0.0,1.635468189418489,0.03,0.06999977711888121,0.14936811081298393,0.3781150374439907,1.0851304150670844,False
9,2,0,0.5507115850568215,-0.3006670942394998,0.8450000000000001,0.0,0.0,2.211477999127536,0.045075692156522545,0.045075692156522545,0.15,0.38528689060480054,0.8686340332157981,False
10,0,0,0.5572201192021236,-0.6172730396044552,0.86,0.0,0.0,0.7606728125871035,0.03,0.050935569764803436,0.09,0.2060184859659525,0.9715757816424058,False
11,2,1,0.9039713522535082,-0.612351649958116,0.8506213783318058,0.0,0.0,0.12973876586779243,0.0518129614941037,0.0518129614941037,0.16124275666361151,0.049159277114965205,1.1846970170344475,True
12,0,1,0.7145001916652545,-0.6663639592124414,0.9057231393499965,0.0,0.0,2.593406272813817,0.03,0.043649601242170245,0.13572313934999647,0.38692250968849096,1.075853126905697,True
13,0,1,0.5301076839826907,-0.47016746344302274,0.86,0.0,0.0,3.1755023383107885,0.03286627635329153,0.04619734790908469,0.09,0.37259035798031087,1.1871986583006353,True
14,2,1,0.7304667168611304,-0.3621927287211488,0.8450000000000001,0.0,0.0,2.9250883230514635,0.03,0.03,0.15,0.023187663190797347,1.1444541810856783,True
15,2,1,0.675411636189248,-0.26552000538932863,0.8450000000000001,0.0,0.0,0.017135517023436065,0.03,0.03,0.15,0.23511898228678862,0.9283456691266844,True
R
0.0,0.0,0.0,0.0,0.0,0.0,1.0
S
8
torso_lift_joint,0
r_shoulder_pan_joint,-1.69017
r_shoulder_lift_joint,-0.0788625
r_upper_arm_roll_joint,-1.69017
r_elbow_flex_joint,-1.2717
r_forearm_roll_joint,-0.151824
r_wrist_flex_joint,-1.25254
r_wrist_roll_joint,0.675062
G
0.555344,-0.79495,0.919368,0.0646719,-0,0
ooi
8
A
599
0.310248,-0.673113
0.311054,-0.672681
0.31186,-0.672249
0.312665,-0.671816
0.313471,-0.671384
0.314277,-0.670952
0.315082,-0.67052
0.315888,-0.670088
0.316694,-0.669655
0.317499,-0.669223
0.318305,-0.668791
0.319111,-0.668359
0.319916,-0.667927
0.320722,-0.667494
0.321528,-0.667062
0.322333,-0.66663
0.323139,-0.666198
0.323945,-0.665766
0.32475,-0.665333
0.325556,-0.664901
0.326362,-0.664469
0.327167,-0.664037
0.327973,-0.663605
0.328779,-0.663172
0.329584,-0.66274
0.33039,-0.662308
0.331196,-0.661876
0.332001,-0.661444
0.332807,-0.661011
0.333613,-0.660579
0.334418,-0.660147
0.335224,-0.659715
0.33603,-0.659283
0.336835,-0.65885
0.337641,-0.658418
0.338447,-0.657986
0.339252,-0.657554
0.340058,-0.657122
0.340864,-0.656689
0.341669,-0.656257
0.342475,-0.655825
0.343281,-0.655393
0.344086,-0.654961
0.344892,-0.654528
0.345698,-0.654096
0.346503,-0.653664
0.347309,-0.653232
0.348115,-0.6528
0.34892,-0.652367
0.349726,-0.651935
0.350532,-0.651503
0.351337,-0.651071
0.352143,-0.650639
0.352949,-0.650206
0.353754,-0.649774
0.35456,-0.649342
0.355366,-0.64891
0.356171,-0.648478
0.356977,-0.648045
0.357783,-0.647613
0.358588,-0.647181
0.359394,-0.646749
0.3602,-0.646317
0.361005,-0.645884
0.361811,-0.645452
0.362617,-0.64502
0.363422,-0.644588
0.364228,-0.644156
0.365034,-0.643723
0.365839,-0.643291
0.366645,-0.642859
0.367451,-0.642427
0.368256,-0.641995
0.369062,-0.641562
0.369868,-0.64113
0.370673,-0.640698
0.371479,-0.640266
0.372285,-0.639834
0.37309,-0.639401
0.373896,-0.638969
0.374702,-0.638537
0.375507,-0.638105
0.376313,-0.637673
0.377119,-0.63724
0.377924,-0.636808
0.37873,-0.636376
0.379536,-0.635944
0.380341,-0.635512
0.381147,-0.635079
0.381953,-0.634647
0.382758,-0.634215
0.383564,-0.633783
0.38437,-0.633351
0.385175,-0.632918
0.385981,-0.632486
0.386787,-0.632054
0.387593,-0.631622
0.388398,-0.63119
0.389204,-0.630757
0.39001,-0.630325
0.390815,-0.629893
0.391621,-0.629461
0.392427,-0.629029
0.393232,-0.628596
0.394038,-0.628164
0.394844,-0.627732
0.395649,-0.6273
0.396455,-0.626868
0.397261,-0.626435
0.398066,-0.626003
0.398872,-0.625571
0.399678,-0.625139
0.400483,-0.624707
0.401289,-0.624274
0.402095,-0.623842
0.4029,-0.62341
0.403706,-0.622978
0.404512,-0.622546
0.405317,-0.622113
0.406123,-0.621681
0.406929,-0.621249
0.407734,-0.620817
0.40854,-0.620385
0.409346,-0.619952
0.410151,-0.61952
0.410957,-0.619088
0.411763,-0.618656
0.412568,-0.618224
0.413374,-0.617791
0.41418,-0.617359
0.414985,-0.616927
0.415791,-0.616495
0.416597,-0.616063
0.417402,-0.615631
0.418208,-0.615198
0.419014,-0.614766
0.419819,-0.614334
0.420625,-0.613902
0.421431,-0.61347
0.422236,-0.613037
0.423042,-0.612605
0.423848,-0.612173
0.424653,-0.611741
0.425459,-0.611309
0.426265,-0.610876
0.42707,-0.610444
0.427876,-0.610012
0.428682,-0.60958
0.429487,-0.609148
0.430293,-0.608715
0.431099,-0.608283
0.430363,-0.609357
0.429628,-0.610431
0.428893,-0.611505
0.428158,-0.612579
0.427423,-0.613653
0.426687,-0.614727
0.425952,-0.615801
0.425217,-0.616875
0.424482,-0.617949
0.423747,-0.619023
0.423011,-0.620096
0.422276,-0.62117
0.421541,-0.622244
0.420806,-0.623318
0.420071,-0.624392
0.419335,-0.625466
0.4186,-0.62654
0.417865,-0.627614
0.41713,-0.628688
0.416395,-0.629762
0.415659,-0.630836
0.414924,-0.63191
0.414189,-0.632984
0.413454,-0.634058
0.412719,-0.635132
0.411983,-0.636206
0.411248,-0.63728
0.410513,-0.638353
0.409778,-0.639427
0.409043,-0.640501
0.408307,-0.641575
0.407572,-0.642649
0.406837,-0.643723
0.406102,-0.644797
0.405367,-0.645871
0.404631,-0.646945
0.403896,-0.648019
0.403161,-0.649093
0.402426,-0.650167
0.401691,-0.651241
0.400955,-0.652315
0.40022,-0.653389
0.399485,-0.654463
0.39875,-0.655537
0.398015,-0.65661
0.397279,-0.657684
0.396544,-0.658758
0.395809,-0.659832
0.395074,-0.660906
0.394339,-0.66198
0.393603,-0.663054
0.392868,-0.664128
0.392133,-0.665202
0.391398,-0.666276
0.390663,-0.66735
0.389927,-0.668424
0.389192,-0.669498
0.388457,-0.670572
0.387722,-0.671646
0.386987,-0.67272
0.386251,-0.673794
0.385516,-0.674867
0.384781,-0.675941
0.384046,-0.677015
0.383311,-0.678089
0.382575,-0.679163
0.38184,-0.680237
0.381105,-0.681311
0.38037,-0.682385
0.379635,-0.683459
0.378899,-0.684533
0.378164,-0.685607
0.377429,-0.686681
0.376694,-0.687755
0.375959,-0.688829
0.375223,-0.689903
0.374488,-0.690977
0.373753,-0.692051
0.373018,-0.693124
0.372283,-0.694198
0.371547,-0.695272
0.370812,-0.696346
0.370077,-0.69742
0.369342,-0.698494
0.368607,-0.699568
0.367871,-0.700642
0.367136,-0.701716
0.366401,-0.70279
0.365666,-0.703864
0.364931,-0.704938
0.364195,-0.706012
0.36346,-0.707086
0.362725,-0.70816
0.36199,-0.709234
0.361255,-0.710308
0.360519,-0.711381
0.359784,-0.712455
0.359049,-0.713529
0.358314,-0.714603
0.357579,-0.715677
0.356843,-0.716751
0.356108,-0.717825
0.355373,-0.718899
0.354638,-0.719973
0.353903,-0.721047
0.353167,-0.722121
0.352432,-0.723195
0.351697,-0.724269
0.350962,-0.725343
0.350227,-0.726417
0.349491,-0.727491
0.348756,-0.728565
0.348021,-0.729638
0.347286,-0.730712
0.346551,-0.731786
0.345815,-0.73286
0.34508,-0.733934
0.344345,-0.735008
0.34361,-0.736082
0.342875,-0.737156
0.342139,-0.73823
0.341404,-0.739304
0.340669,-0.740378
0.339934,-0.741452
0.339199,-0.742526
0.338463,-0.7436
0.337728,-0.744674
0.336993,-0.745748
0.336258,-0.746822
0.335523,-0.747896
0.334787,-0.748969
0.334052,-0.750043
0.333317,-0.751117
0.332582,-0.752191
0.331847,-0.753265
0.331111,-0.754339
0.330376,-0.755413
0.329641,-0.756487
0.328906,-0.757561
0.328171,-0.758635
0.327435,-0.759709
0.3267,-0.760783
0.325965,-0.761857
0.32523,-0.762931
0.324495,-0.764005
0.323759,-0.765079
0.323024,-0.766153
0.322289,-0.767226
0.321554,-0.7683
0.322003,-0.767776
0.322452,-0.767251
0.322901,-0.766727
0.32335,-0.766202
0.323799,-0.765678
0.324248,-0.765154
0.324697,-0.764629
0.325146,-0.764105
0.325595,-0.76358
0.326044,-0.763056
0.326493,-0.762531
0.326942,-0.762007
0.327391,-0.761482
0.32784,-0.760958
0.328289,-0.760433
0.328738,-0.759909
0.329187,-0.759384
0.329636,-0.75886
0.330085,-0.758335
0.330534,-0.757811
0.330983,-0.757286
0.331432,-0.756762
0.331881,-0.756237
0.332331,-0.755713
0.33278,-0.755188
0.333229,-0.754664
0.333678,-0.75414
0.334127,-0.753615
0.334576,-0.753091
0.335025,-0.752566
0.335474,-0.752042
0.335923,-0.751517
0.336372,-0.750993
0.336821,-0.750468
0.33727,-0.749944
0.337719,-0.749419
0.338168,-0.748895
0.338617,-0.74837
0.339066,-0.747846
0.339515,-0.747321
0.339964,-0.746797
0.340413,-0.746272
0.340862,-0.745748
0.341311,-0.745223
0.34176,-0.744699
0.342209,-0.744174
0.342658,-0.74365
0.343107,-0.743126
0.343556,-0.742601
0.344005,-0.742077
0.344454,-0.741552
0.344903,-0.741028
0.345352,-0.740503
0.345801,-0.739979
0.346251,-0.739454
0.3467,-0.73893
0.347149,-0.738405
0.347598,-0.737881
0.348047,-0.737356
0.348496,-0.736832
0.348945,-0.736307
0.349394,-0.735783
0.349843,-0.735258
0.350292,-0.734734
0.350741,-0.734209
0.35119,-0.733685
0.351639,-0.73316
0.352088,-0.732636
0.352537,-0.732112
0.352986,-0.731587
0.353435,-0.731063
0.353884,-0.730538
0.354333,-0.730014
0.354782,-0.729489
0.355231,-0.728965
0.35568,-0.72844
0.356129,-0.727916
0.356578,-0.727391
0.357027,-0.726867
0.357476,-0.726342
0.357925,-0.725818
0.358374,-0.725293
0.358823,-0.724769
0.359272,-0.724244
0.359722,-0.72372
0.360171,-0.723195
0.36062,-0.722671
0.361069,-0.722146
0.361518,-0.721622
0.361967,-0.721098
0.362416,-0.720573
0.362865,-0.720049
0.363314,-0.719524
0.363763,-0.719
0.364212,-0.718475
0.364661,-0.717951
0.36511,-0.717426
0.365559,-0.716902
0.366008,-0.716377
0.366457,-0.715853
0.366906,-0.715328
0.367355,-0.714804
0.367804,-0.714279
0.368253,-0.713755
0.368702,-0.71323
0.369151,-0.712706
0.3696,-0.712181
0.370049,-0.711657
0.370498,-0.711132
0.370947,-0.710608
0.371396,-0.710084
0.371845,-0.709559
0.372294,-0.709035
0.372743,-0.70851
0.373192,-0.707986
0.373642,-0.707461
0.374091,-0.706937
0.37454,-0.706412
0.374989,-0.705888
0.375438,-0.705363
0.375887,-0.704839
0.376336,-0.704314
0.376785,-0.70379
0.377234,-0.703265
0.377683,-0.702741
0.378132,-0.702216
0.378581,-0.701692
0.37903,-0.701167
0.379479,-0.700643
0.379928,-0.700118
0.380377,-0.699594
0.380826,-0.69907
0.381275,-0.698545
0.381724,-0.698021
0.382173,-0.697496
0.382622,-0.696972
0.383071,-0.696447
0.38352,-0.695923
0.383969,-0.695398
0.384418,-0.694874
0.384867,-0.694349
0.385316,-0.693825
0.385765,-0.6933
0.386214,-0.692776
0.386663,-0.692251
0.387113,-0.691727
0.387562,-0.691202
0.388011,-0.690678
0.38846,-0.690153
0.388909,-0.689629
0.390026,-0.690336
0.391143,-0.691043
0.39226,-0.691749
0.393377,-0.692456
0.394494,-0.693163
0.395611,-0.69387
0.396728,-0.694577
0.397845,-0.695284
0.398962,-0.695991
0.400079,-0.696697
0.401196,-0.697404
0.402313,-0.698111
0.40343,-0.698818
0.404547,-0.699525
0.405664,-0.700232
0.406781,-0.700939
0.407898,-0.701645
0.409015,-0.702352
0.410132,-0.703059
0.411249,-0.703766
0.412366,-0.704473
0.413483,-0.70518
0.4146,-0.705886
0.415717,-0.706593
0.416834,-0.7073
0.417951,-0.708007
0.419068,-0.708714
0.420185,-0.709421
0.421302,-0.710128
0.422419,-0.710834
0.423536,-0.711541
0.424653,-0.712248
0.42577,-0.712955
0.426887,-0.713662
0.428004,-0.714369
0.429121,-0.715076
0.430238,-0.715782
0.431355,-0.716489
0.432472,-0.717196
0.433589,-0.717903
0.434706,-0.71861
0.435823,-0.719317
0.43694,-0.720024
0.438057,-0.72073
0.439174,-0.721437
0.440291,-0.722144
0.441408,-0.722851
0.442525,-0.723558
0.443642,-0.724265
0.444759,-0.724971
0.445876,-0.725678
0.446993,-0.726385
0.448111,-0.727092
0.449228,-0.727799
0.450345,-0.728506
0.451462,-0.729213
0.452579,-0.729919
0.453696,-0.730626
0.454813,-0.731333
0.45593,-0.73204
0.457047,-0.732747
0.458164,-0.733454
0.459281,-0.734161
0.460398,-0.734867
0.461515,-0.735574
0.462632,-0.736281
0.463749,-0.736988
0.464866,-0.737695
0.465983,-0.738402
0.4671,-0.739108
0.468217,-0.739815
0.469334,-0.740522
0.470451,-0.741229
0.471568,-0.741936
0.472685,-0.742643
0.473802,-0.74335
0.474919,-0.744056
0.476036,-0.744763
0.477153,-0.74547
0.47827,-0.746177
0.479387,-0.746884
0.480504,-0.747591
0.481621,-0.748298
0.482738,-0.749004
0.483855,-0.749711
0.484972,-0.750418
0.486089,-0.751125
0.487206,-0.751832
0.488323,-0.752539
0.48944,-0.753245
0.490557,-0.753952
0.491674,-0.754659
0.492791,-0.755366
0.493908,-0.756073
0.495025,-0.75678
0.496142,-0.757487
0.497259,-0.758193
0.498376,-0.7589
0.499493,-0.759607
0.50061,-0.760314
0.501727,-0.761021
0.502844,-0.761728
0.503961,-0.762435
0.505078,-0.763141
0.506195,-0.763848
0.507312,-0.764555
0.508429,-0.765262
0.509546,-0.765969
0.510663,-0.766676
0.51178,-0.767382
0.512897,-0.768089
0.514014,-0.768796
0.515132,-0.769503
0.516249,-0.77021
0.517366,-0.770917
0.518483,-0.771624
0.5196,-0.77233
0.520717,-0.773037
0.521834,-0.773744
0.522951,-0.774451
0.524068,-0.775158
0.525185,-0.775865
0.526302,-0.776572
0.527419,-0.777278
0.528536,-0.777985
0.529653,-0.778692
0.53077,-0.779399
0.531887,-0.780106
0.533004,-0.780813
0.534121,-0.781519
0.535238,-0.782226
0.536355,-0.782933
0.537472,-0.78364
0.538589,-0.784347
0.539706,-0.785054
0.540823,-0.785761
0.54194,-0.786467
0.543057,-0.787174
0.544174,-0.787881
0.545291,-0.788588
0.546408,-0.789295
0.547525,-0.790002
0.548642,-0.790709
0.549759,-0.791415
0.550876,-0.792122
0.551993,-0.792829
0.55311,-0.793536
0.554227,-0.794243
0.555344,-0.79495
