O
15
1,0,-1,0.78,-0.5,0.75,0.0,0.0,0.0,0.3,0.4,0.02,0,0.8,False
2,0,-1,1.1,-0.5,0.93,0.0,0.0,0.0,0.02,0.4,0.2,0,0.8,False
3,0,-1,0.78,-0.5,1.11,0.0,0.0,0.0,0.3,0.4,0.02,0,0.8,False
4,0,-1,0.8,-0.92,0.93,0.0,0.0,0.0,0.32,0.02,0.2,0,0.8,False
5,0,-1,0.8,-0.08,0.93,0.0,0.0,0.0,0.32,0.02,0.2,0,0.8,False
6,2,0,0.7903819003257311,-0.7488789219768758,0.8593003979230477,0.0,0.0,2.948183203126764,0.03,0.03,0.1786007958460952,0.1857170252519979,0.812654925723263,False
7,0,0,0.870289182163942,-0.3390823443891069,0.86,0.0,0.0,3.8395912949300737,0.05212050743669815,0.03,0.09,0.06410817482055692,1.0752300572120583,False
8,0,0,0.7051332362898817,-0.5960129199839854,0.8622508182167056,0.0,0.0,4.811158879448787,0.03658719116384979,0.03,0.09225081821670553,0.29662273940140393,1.1514888345968235,False
9,0,0,0.8293004745230745,-0.47118362207708847,0.86,0.0,0.0,4.95644731639741,0.033486620919730474,0.07597126223389408,0.09,0.09622265157987753,1.0485855917234588,False
10,2,0,0.9491752389577994,-0.17352822146895253,0.8450000000000001,0.0,0.0,3.065414048097807,0.03,0.03,0.15,0.3740126069659115,1.0350933080849194,False
11,0,1,0.9340443632780173,-0.7128709718970897,0.86,0.0,0.0,4.616045301975592,0.03,0.06284763225326781,0.09,0.3155994972066789,0.8925077468037753,True
12,2,1,0.5429823802513067,-0.7755611635664069,0.868837562437635,0.0,0.0,2.094522469644115,0.03,0.03,0.19767512487526995,0.00905053751412399,0.8171369654183573,True
13,0,1,1.018025924920184,-0.3935927269551688,0.90062601691641,0.0,0.0,4.470383456328395,0.04199436725612051,0.03,0.1306260169164099,0.459637133683033,0.8739417724485572,True
14,2,1,0.9718852031947267,-0.4940882480714213,0.8450000000000001,0.0,0.0,3.9528954982949425,0.03,0.03,0.15,0.468455468642991,0.906675572191053,True
15,0,1,0.5991130699490907,-0.6160224020779539,0.86,0.0,0.0,3.444687705355187,0.03,0.03184711660013084,0.09,0.15041613002044135,1.0677682736380447,True
R
0.0,0.0,0.0,0.0,0.0,0.0,1.0
S
8
torso_lift_joint,0
r_shoulder_pan_joint,-1.69017
r_shoulder_lift_joint,-0.0788625
r_upper_arm_roll_joint,-1.69017
r_elbow_flex_joint,-1.2717
r_forearm_roll_joint,-0.151824
r_wrist_flex_joint,-1.25254
r_wrist_roll_joint,0.675062
G
0.623944,-0.604058,0.862251,0.0987699,-0,0
ooi
8
A
599
0.310248,-0.673113
0.310458,-0.673782
0.310667,-0.674451
0.310877,-0.675119
0.311086,-0.675788
0.311295,-0.676457
0.311505,-0.677126
0.311714,-0.677794
0.311924,-0.678463
0.312133,-0.679132
0.312343,-0.679801
0.312552,-0.680469
0.312762,-0.681138
0.312971,-0.681807
0.313181,-0.682476
0.31339,-0.683144
0.3136,-0.683813
0.313809,-0.684482
0.314018,-0.685151
0.314228,-0.68582
0.314437,-0.686488
0.314647,-0.687157
0.314856,-0.687826
0.315066,-0.688495
0.315275,-0.689163
0.315485,-0.689832
0.315694,-0.690501
0.315904,-0.69117
0.316113,-0.691838
0.316322,-0.692507
0.316532,-0.693176
0.316741,-0.693845
0.316951,-0.694513
0.31716,-0.695182
0.31737,-0.695851
0.317579,-0.69652
0.317789,-0.697188
0.317998,-0.697857
0.318208,-0.698526
0.318417,-0.699195
0.318627,-0.699863
0.318836,-0.700532
0.319045,-0.701201
0.319255,-0.70187
0.319464,-0.702539
0.319674,-0.703207
0.319883,-0.703876
0.320093,-0.704545
0.320302,-0.705214
0.320512,-0.705882
0.320721,-0.706551
0.320931,-0.70722
0.32114,-0.707889
0.321349,-0.708557
0.321559,-0.709226
0.321768,-0.709895
0.321978,-0.710564
0.322187,-0.711232
0.322397,-0.711901
0.322606,-0.71257
0.322816,-0.713239
0.323025,-0.713907
0.323235,-0.714576
0.323444,-0.715245
0.323654,-0.715914
0.323863,-0.716582
0.324072,-0.717251
0.324282,-0.71792
0.324491,-0.718589
0.324701,-0.719258
0.32491,-0.719926
0.32512,-0.720595
0.325329,-0.721264
0.325539,-0.721933
0.325748,-0.722601
0.325958,-0.72327
0.326167,-0.723939
0.326376,-0.724608
0.326586,-0.725276
0.326795,-0.725945
0.327005,-0.726614
0.327214,-0.727283
0.327424,-0.727951
0.327633,-0.72862
0.327843,-0.729289
0.328052,-0.729958
0.328262,-0.730626
0.328471,-0.731295
0.328681,-0.731964
0.32889,-0.732633
0.329099,-0.733301
0.329309,-0.73397
0.329518,-0.734639
0.329728,-0.735308
0.329937,-0.735977
0.330147,-0.736645
0.330356,-0.737314
0.330566,-0.737983
0.330775,-0.738652
0.330985,-0.73932
0.331194,-0.739989
0.331403,-0.740658
0.331613,-0.741327
0.331822,-0.741995
0.332032,-0.742664
0.332241,-0.743333
0.332451,-0.744002
0.33266,-0.74467
0.33287,-0.745339
0.333079,-0.746008
0.333289,-0.746677
0.333498,-0.747345
0.333708,-0.748014
0.333917,-0.748683
0.334126,-0.749352
0.334336,-0.75002
0.334545,-0.750689
0.334755,-0.751358
0.334964,-0.752027
0.335174,-0.752696
0.335383,-0.753364
0.335593,-0.754033
0.335802,-0.754702
0.336012,-0.755371
0.336221,-0.756039
0.33643,-0.756708
0.33664,-0.757377
0.336849,-0.758046
0.337059,-0.758714
0.337268,-0.759383
0.337478,-0.760052
0.337687,-0.760721
0.337897,-0.761389
0.338106,-0.762058
0.338316,-0.762727
0.338525,-0.763396
0.338735,-0.764064
0.338944,-0.764733
0.339153,-0.765402
0.339363,-0.766071
0.339572,-0.766739
0.339782,-0.767408
0.339991,-0.768077
0.340201,-0.768746
0.34041,-0.769415
0.34062,-0.770083
0.340829,-0.770752
0.341039,-0.771421
0.341248,-0.77209
0.341457,-0.772758
0.341667,-0.773427
0.342021,-0.772602
0.342375,-0.771776
0.342729,-0.770951
0.343083,-0.770125
0.343438,-0.7693
0.343792,-0.768475
0.344146,-0.767649
0.3445,-0.766824
0.344854,-0.765999
0.345208,-0.765173
0.345562,-0.764348
0.345917,-0.763522
0.346271,-0.762697
0.346625,-0.761872
0.346979,-0.761046
0.347333,-0.760221
0.347687,-0.759395
0.348041,-0.75857
0.348395,-0.757745
0.34875,-0.756919
0.349104,-0.756094
0.349458,-0.755268
0.349812,-0.754443
0.350166,-0.753618
0.35052,-0.752792
0.350874,-0.751967
0.351228,-0.751141
0.351583,-0.750316
0.351937,-0.749491
0.352291,-0.748665
0.352645,-0.74784
0.352999,-0.747014
0.353353,-0.746189
0.353707,-0.745364
0.354061,-0.744538
0.354416,-0.743713
0.35477,-0.742887
0.355124,-0.742062
0.355478,-0.741237
0.355832,-0.740411
0.356186,-0.739586
0.35654,-0.738761
0.356895,-0.737935
0.357249,-0.73711
0.357603,-0.736284
0.357957,-0.735459
0.358311,-0.734634
0.358665,-0.733808
0.359019,-0.732983
0.359373,-0.732157
0.359728,-0.731332
0.360082,-0.730507
0.360436,-0.729681
0.36079,-0.728856
0.361144,-0.72803
0.361498,-0.727205
0.361852,-0.72638
0.362206,-0.725554
0.362561,-0.724729
0.362915,-0.723903
0.363269,-0.723078
0.363623,-0.722253
0.363977,-0.721427
0.364331,-0.720602
0.364685,-0.719776
0.36504,-0.718951
0.365394,-0.718126
0.365748,-0.7173
0.366102,-0.716475
0.366456,-0.715649
0.36681,-0.714824
0.367164,-0.713999
0.367518,-0.713173
0.367873,-0.712348
0.368227,-0.711522
0.368581,-0.710697
0.368935,-0.709872
0.369289,-0.709046
0.369643,-0.708221
0.369997,-0.707396
0.370351,-0.70657
0.370706,-0.705745
0.37106,-0.704919
0.371414,-0.704094
0.371768,-0.703269
0.372122,-0.702443
0.372476,-0.701618
0.37283,-0.700792
0.373184,-0.699967
0.373539,-0.699142
0.373893,-0.698316
0.374247,-0.697491
0.374601,-0.696665
0.374955,-0.69584
0.375309,-0.695015
0.375663,-0.694189
0.376018,-0.693364
0.376372,-0.692538
0.376726,-0.691713
0.37708,-0.690888
0.377434,-0.690062
0.377788,-0.689237
0.378142,-0.688411
0.378496,-0.687586
0.378851,-0.686761
0.379205,-0.685935
0.379559,-0.68511
0.379913,-0.684284
0.380267,-0.683459
0.380621,-0.682634
0.380975,-0.681808
0.381329,-0.680983
0.381684,-0.680158
0.382038,-0.679332
0.382392,-0.678507
0.382746,-0.677681
0.3831,-0.676856
0.383454,-0.676031
0.383808,-0.675205
0.384163,-0.67438
0.384517,-0.673554
0.384871,-0.672729
0.385225,-0.671904
0.385579,-0.671078
0.385933,-0.670253
0.386287,-0.669427
0.386641,-0.668602
0.386996,-0.667777
0.38735,-0.666951
0.387704,-0.666126
0.388058,-0.6653
0.388412,-0.664475
0.388766,-0.66365
0.38912,-0.662824
0.389474,-0.661999
0.389829,-0.661173
0.390183,-0.660348
0.390537,-0.659523
0.390891,-0.658697
0.391245,-0.657872
0.391599,-0.657046
0.391953,-0.656221
0.392307,-0.655396
0.392662,-0.65457
0.393016,-0.653745
0.39337,-0.65292
0.393724,-0.652094
0.394078,-0.651269
0.394432,-0.650443
0.395454,-0.650288
0.396477,-0.650133
0.397499,-0.649978
0.398521,-0.649823
0.399543,-0.649668
0.400565,-0.649513
0.401588,-0.649358
0.40261,-0.649202
0.403632,-0.649047
0.404654,-0.648892
0.405676,-0.648737
0.406699,-0.648582
0.407721,-0.648427
0.408743,-0.648272
0.409765,-0.648117
0.410787,-0.647962
0.41181,-0.647806
0.412832,-0.647651
0.413854,-0.647496
0.414876,-0.647341
0.415898,-0.647186
0.416921,-0.647031
0.417943,-0.646876
0.418965,-0.646721
0.419987,-0.646566
0.421009,-0.64641
0.422032,-0.646255
0.423054,-0.6461
0.424076,-0.645945
0.425098,-0.64579
0.42612,-0.645635
0.427143,-0.64548
0.428165,-0.645325
0.429187,-0.645169
0.430209,-0.645014
0.431231,-0.644859
0.432254,-0.644704
0.433276,-0.644549
0.434298,-0.644394
0.43532,-0.644239
0.436342,-0.644084
0.437365,-0.643929
0.438387,-0.643773
0.439409,-0.643618
0.440431,-0.643463
0.441453,-0.643308
0.442476,-0.643153
0.443498,-0.642998
0.44452,-0.642843
0.445542,-0.642688
0.446564,-0.642533
0.447587,-0.642377
0.448609,-0.642222
0.449631,-0.642067
0.450653,-0.641912
0.451675,-0.641757
0.452698,-0.641602
0.45372,-0.641447
0.454742,-0.641292
0.455764,-0.641137
0.456786,-0.640981
0.457809,-0.640826
0.458831,-0.640671
0.459853,-0.640516
0.460875,-0.640361
0.461897,-0.640206
0.46292,-0.640051
0.463942,-0.639896
0.464964,-0.639741
0.465986,-0.639585
0.467008,-0.63943
0.468031,-0.639275
0.469053,-0.63912
0.470075,-0.638965
0.471097,-0.63881
0.472119,-0.638655
0.473142,-0.6385
0.474164,-0.638345
0.475186,-0.638189
0.476208,-0.638034
0.47723,-0.637879
0.478253,-0.637724
0.479275,-0.637569
0.480297,-0.637414
0.481319,-0.637259
0.482341,-0.637104
0.483364,-0.636949
0.484386,-0.636793
0.485408,-0.636638
0.48643,-0.636483
0.487452,-0.636328
0.488475,-0.636173
0.489497,-0.636018
0.490519,-0.635863
0.491541,-0.635708
0.492563,-0.635552
0.493586,-0.635397
0.494608,-0.635242
0.49563,-0.635087
0.496652,-0.634932
0.497674,-0.634777
0.498697,-0.634622
0.499719,-0.634467
0.500741,-0.634312
0.501763,-0.634156
0.502785,-0.634001
0.503808,-0.633846
0.50483,-0.633691
0.505852,-0.633536
0.506874,-0.633381
0.507896,-0.633226
0.508919,-0.633071
0.509941,-0.632916
0.510963,-0.63276
0.511985,-0.632605
0.513007,-0.63245
0.51403,-0.632295
0.515052,-0.63214
0.516074,-0.631985
0.517096,-0.63183
0.518118,-0.631675
0.519141,-0.63152
0.520163,-0.631364
0.521185,-0.631209
0.522207,-0.631054
0.523229,-0.630899
0.524252,-0.630744
0.525274,-0.630589
0.526296,-0.630434
0.527318,-0.630279
0.52834,-0.630124
0.529363,-0.629968
0.530385,-0.629813
0.531407,-0.629658
0.532429,-0.629503
0.533451,-0.629348
0.534474,-0.629193
0.535496,-0.629038
0.536518,-0.628883
0.53754,-0.628728
0.538562,-0.628572
0.539585,-0.628417
0.540607,-0.628262
0.541629,-0.628107
0.542651,-0.627952
0.543673,-0.627797
0.544696,-0.627642
0.545718,-0.627487
0.54674,-0.627332
0.547762,-0.627176
0.548274,-0.627021
0.548785,-0.626866
0.549296,-0.626711
0.549807,-0.626556
0.550319,-0.626401
0.55083,-0.626245
0.551341,-0.62609
0.551853,-0.625935
0.552364,-0.62578
0.552875,-0.625625
0.553386,-0.62547
0.553898,-0.625315
0.554409,-0.625159
0.55492,-0.625004
0.555432,-0.624849
0.555943,-0.624694
0.556454,-0.624539
0.556965,-0.624384
0.557477,-0.624228
0.557988,-0.624073
0.558499,-0.623918
0.559011,-0.623763
0.559522,-0.623608
0.560033,-0.623453
0.560544,-0.623298
0.561056,-0.623142
0.561567,-0.622987
0.562078,-0.622832
0.562589,-0.622677
0.563101,-0.622522
0.563612,-0.622367
0.564123,-0.622211
0.564635,-0.622056
0.565146,-0.621901
0.565657,-0.621746
0.566168,-0.621591
0.56668,-0.621436
0.567191,-0.62128
0.567702,-0.621125
0.568214,-0.62097
0.568725,-0.620815
0.569236,-0.62066
0.569747,-0.620505
0.570259,-0.62035
0.57077,-0.620194
0.571281,-0.620039
0.571793,-0.619884
0.572304,-0.619729
0.572815,-0.619574
0.573326,-0.619419
0.573838,-0.619263
0.574349,-0.619108
0.57486,-0.618953
0.575372,-0.618798
0.575883,-0.618643
0.576394,-0.618488
0.576905,-0.618333
0.577417,-0.618177
0.577928,-0.618022
0.578439,-0.617867
0.578951,-0.617712
0.579462,-0.617557
0.579973,-0.617402
0.580484,-0.617246
0.580996,-0.617091
0.581507,-0.616936
0.582018,-0.616781
0.58253,-0.616626
0.583041,-0.616471
0.583552,-0.616315
0.584063,-0.61616
0.584575,-0.616005
0.585086,-0.61585
0.585597,-0.615695
0.586109,-0.61554
0.58662,-0.615385
0.587131,-0.615229
0.587642,-0.615074
0.588154,-0.614919
0.588665,-0.614764
0.589176,-0.614609
0.589688,-0.614454
0.590199,-0.614298
0.59071,-0.614143
0.591221,-0.613988
0.591733,-0.613833
0.592244,-0.613678
0.592755,-0.613523
0.593267,-0.613368
0.593778,-0.613212
0.594289,-0.613057
0.5948,-0.612902
0.595312,-0.612747
0.595823,-0.612592
0.596334,-0.612437
0.596846,-0.612281
0.597357,-0.612126
0.597868,-0.611971
0.598379,-0.611816
0.598891,-0.611661
0.599402,-0.611506
0.599913,-0.611351
0.600425,-0.611195
0.600936,-0.61104
0.601447,-0.610885
0.601958,-0.61073
0.60247,-0.610575
0.602981,-0.61042
0.603492,-0.610264
0.604004,-0.610109
0.604515,-0.609954
0.605026,-0.609799
0.605537,-0.609644
0.606049,-0.609489
0.60656,-0.609333
0.607071,-0.609178
0.607583,-0.609023
0.608094,-0.608868
0.608605,-0.608713
0.609116,-0.608558
0.609628,-0.608403
0.610139,-0.608247
0.61065,-0.608092
0.611162,-0.607937
0.611673,-0.607782
0.612184,-0.607627
0.612695,-0.607472
0.613207,-0.607316
0.613718,-0.607161
0.614229,-0.607006
0.614741,-0.606851
0.615252,-0.606696
0.615763,-0.606541
0.616274,-0.606386
0.616786,-0.60623
0.617297,-0.606075
0.617808,-0.60592
0.61832,-0.605765
0.618831,-0.60561
0.619342,-0.605455
0.619853,-0.605299
0.620365,-0.605144
0.620876,-0.604989
0.621387,-0.604834
0.621899,-0.604679
0.62241,-0.604524
0.622921,-0.604368
0.623432,-0.604213
0.623944,-0.604058
