O
15
1,0,-1,0.78,-0.5,0.75,0.0,0.0,0.0,0.3,0.4,0.02,0,0.8,False
2,0,-1,1.1,-0.5,0.93,0.0,0.0,0.0,0.02,0.4,0.2,0,0.8,False
3,0,-1,0.78,-0.5,1.11,0.0,0.0,0.0,0.3,0.4,0.02,0,0.8,False
4,0,-1,0.8,-0.92,0.93,0.0,0.0,0.0,0.32,0.02,0.2,0,0.8,False
5,0,-1,0.8,-0.08,0.93,0.0,0.0,0.0,0.32,0.02,0.2,0,0.8,False
6,2,0,0.8209607155820493,-0.39372389541089037,0.846386679486588,0.0,0.0,1.9505315957076963,0.04728396237387605,0.04728396237387605,0.1527733589731759,0.0040126111689732236,0.8964275723559264,False
7,2,0,0.5442788126336428,-0.29511157082349604,0.8450000000000001,0.0,0.0,2.093726985703091,0.03993235984095835,0.03993235984095835,0.15,0.15017236443330234,0.8820918702170919,False
8,0,0,0.6812657886412,-0.2813047510392823,0.86,0.0,0.0,5.015973168864707,0.05882447703749945,0.03,0.09,0.48655316219464906,0.8695700655876192,False
9,0,0,0.9832880063888837,-0.5642431882662999,0.86,0.0,0.0,2.591039455949189,0.03180210548250857,0.042501047105464915,0.09,0.08758214674550446,0.8393706303096125,False
10,0,0,0.57024100492602,-0.41235824635195945,0.86,0.0,0.0,2.6275117918240456,0.03,0.03,0.09,0.2786602391545744,1.0820973517399963,False
11,2,1,0.8756852986647321,-0.25389037467984443,0.8450000000000001,0.0,0.0,4.469202414014102,0.03,0.03,0.15,0.44515149707052937,1.0442108557803638,True
12,2,1,0.6818271128101832,-0.8511522054546191,0.8450000000000001,0.0,0.0,4.845345686740278,0.03,0.03,0.15,0.1464188432601919,0.8556607725418368,True
13,2,1,0.6634966087868618,-0.450675657552255,0.8450000000000001,0.0,0.0,3.0561222757003432,0.03,0.03,0.15,0.4016463535591182,0.9757859114770225,True
14,0,1,0.8410034727318945,-0.7596327008896853,0.86,0.0,0.0,4.953460784179882,0.03,0.06654495635595717,0.09,0.14831321708500245,0.9744931603853072,True
15,0,1,0.5603647179300999,-0.7682309279174986,0.9155906044400054,0.0,0.0,4.393730724531085,0.05978346586427004,0.03,0.14559060444000538,0.2562719653492036,0.8853388394909342,True
R
0.0,0.0,0.0,0.0,0.0,0.0,1.0
S
8
torso_lift_joint,0
r_shoulder_pan_joint,-1.69017
r_shoulder_lift_joint,-0.0788625
r_upper_arm_roll_joint,-1.69017
r_elbow_flex_joint,-1.2717
r_forearm_roll_joint,-0.151824
r_wrist_flex_joint,-1.25254
r_wrist_roll_joint,0.675062
G
0.533361,-0.477664,0.86,1.05672,-0,0
ooi
10
A
599
0.310248,-0.673113
0.311435,-0.672574
0.312623,-0.672035
0.31381,-0.671496
0.314997,-0.670957
0.316185,-0.670418
0.317372,-0.669879
0.318559,-0.66934
0.319747,-0.668801
0.320934,-0.668261
0.322121,-0.667722
0.323309,-0.667183
0.324496,-0.666644
0.325683,-0.666105
0.326871,-0.665566
0.328058,-0.665027
0.329245,-0.664488
0.330432,-0.663949
0.33162,-0.66341
0.332807,-0.662871
0.333994,-0.662332
0.335182,-0.661793
0.336369,-0.661254
0.337556,-0.660715
0.338744,-0.660175
0.339931,-0.659636
0.341118,-0.659097
0.342306,-0.658558
0.343493,-0.658019
0.34468,-0.65748
0.345868,-0.656941
0.347055,-0.656402
0.348242,-0.655863
0.349429,-0.655324
0.350617,-0.654785
0.351804,-0.654246
0.352991,-0.653707
0.354179,-0.653168
0.355366,-0.652628
0.356553,-0.652089
0.357741,-0.65155
0.358928,-0.651011
0.360115,-0.650472
0.361303,-0.649933
0.36249,-0.649394
0.363677,-0.648855
0.364864,-0.648316
0.366052,-0.647777
0.367239,-0.647238
0.368426,-0.646699
0.369614,-0.64616
0.370801,-0.645621
0.371988,-0.645082
0.373176,-0.644542
0.374363,-0.644003
0.37555,-0.643464
0.376738,-0.642925
0.377925,-0.642386
0.379112,-0.641847
0.3803,-0.641308
0.381487,-0.640769
0.382674,-0.64023
0.383861,-0.639691
0.385049,-0.639152
0.386236,-0.638613
0.387423,-0.638074
0.388611,-0.637535
0.389798,-0.636996
0.390985,-0.636456
0.392173,-0.635917
0.39336,-0.635378
0.394547,-0.634839
0.395735,-0.6343
0.396922,-0.633761
0.398109,-0.633222
0.399296,-0.632683
0.400484,-0.632144
0.401671,-0.631605
0.402858,-0.631066
0.404046,-0.630527
0.405233,-0.629988
0.40642,-0.629449
0.407608,-0.62891
0.408795,-0.62837
0.409982,-0.627831
0.41117,-0.627292
0.412357,-0.626753
0.413544,-0.626214
0.414732,-0.625675
0.415919,-0.625136
0.417106,-0.624597
0.418293,-0.624058
0.419481,-0.623519
0.420668,-0.62298
0.421855,-0.622441
0.423043,-0.621902
0.42423,-0.621363
0.425417,-0.620823
0.426605,-0.620284
0.427792,-0.619745
0.428979,-0.619206
0.430167,-0.618667
0.431354,-0.618128
0.432541,-0.617589
0.433729,-0.61705
0.434916,-0.616511
0.436103,-0.615972
0.43729,-0.615433
0.438478,-0.614894
0.439665,-0.614355
0.440852,-0.613816
0.44204,-0.613277
0.443227,-0.612737
0.444414,-0.612198
0.445602,-0.611659
0.446789,-0.61112
0.447976,-0.610581
0.449164,-0.610042
0.450351,-0.609503
0.451538,-0.608964
0.452725,-0.608425
0.453913,-0.607886
0.4551,-0.607347
0.456287,-0.606808
0.457475,-0.606269
0.458662,-0.60573
0.459849,-0.605191
0.461037,-0.604651
0.462224,-0.604112
0.463411,-0.603573
0.464599,-0.603034
0.465786,-0.602495
0.466973,-0.601956
0.468161,-0.601417
0.469348,-0.600878
0.470535,-0.600339
0.471722,-0.5998
0.47291,-0.599261
0.474097,-0.598722
0.475284,-0.598183
0.476472,-0.597644
0.477659,-0.597105
0.478846,-0.596565
0.480034,-0.596026
0.481221,-0.595487
0.482408,-0.594948
0.483596,-0.594409
0.484783,-0.59387
0.48597,-0.593331
0.487157,-0.592792
0.488345,-0.592253
0.486873,-0.592433
0.485402,-0.592612
0.48393,-0.592792
0.482459,-0.592971
0.480987,-0.593151
0.479516,-0.593331
0.478044,-0.59351
0.476573,-0.59369
0.475102,-0.59387
0.47363,-0.594049
0.472159,-0.594229
0.470687,-0.594409
0.469216,-0.594588
0.467744,-0.594768
0.466273,-0.594947
0.464801,-0.595127
0.46333,-0.595307
0.461858,-0.595486
0.460387,-0.595666
0.458915,-0.595846
0.457444,-0.596025
0.455972,-0.596205
0.454501,-0.596385
0.453029,-0.596564
0.451558,-0.596744
0.450086,-0.596924
0.448615,-0.597103
0.447143,-0.597283
0.445672,-0.597462
0.4442,-0.597642
0.442729,-0.597822
0.441257,-0.598001
0.439786,-0.598181
0.438315,-0.598361
0.436843,-0.59854
0.435372,-0.59872
0.4339,-0.5989
0.432429,-0.599079
0.430957,-0.599259
0.429486,-0.599438
0.428014,-0.599618
0.426543,-0.599798
0.425071,-0.599977
0.4236,-0.600157
0.422128,-0.600337
0.420657,-0.600516
0.419185,-0.600696
0.417714,-0.600876
0.416242,-0.601055
0.414771,-0.601235
0.413299,-0.601414
0.411828,-0.601594
0.410356,-0.601774
0.408885,-0.601953
0.407413,-0.602133
0.405942,-0.602313
0.404471,-0.602492
0.402999,-0.602672
0.401528,-0.602852
0.400056,-0.603031
0.398585,-0.603211
0.397113,-0.603391
0.395642,-0.60357
0.39417,-0.60375
0.392699,-0.603929
0.391227,-0.604109
0.389756,-0.604289
0.388284,-0.604468
0.386813,-0.604648
0.385341,-0.604828
0.38387,-0.605007
0.382398,-0.605187
0.380927,-0.605367
0.379455,-0.605546
0.377984,-0.605726
0.376512,-0.605905
0.375041,-0.606085
0.373569,-0.606265
0.372098,-0.606444
0.370627,-0.606624
0.369155,-0.606804
0.367684,-0.606983
0.366212,-0.607163
0.364741,-0.607343
0.363269,-0.607522
0.361798,-0.607702
0.360326,-0.607881
0.358855,-0.608061
0.357383,-0.608241
0.355912,-0.60842
0.35444,-0.6086
0.352969,-0.60878
0.351497,-0.608959
0.350026,-0.609139
0.348554,-0.609319
0.347083,-0.609498
0.345611,-0.609678
0.34414,-0.609857
0.342668,-0.610037
0.341197,-0.610217
0.339725,-0.610396
0.338254,-0.610576
0.336783,-0.610756
0.335311,-0.610935
0.33384,-0.611115
0.332368,-0.611295
0.330897,-0.611474
0.329425,-0.611654
0.327954,-0.611834
0.326482,-0.612013
0.325011,-0.612193
0.323539,-0.612372
0.322068,-0.612552
0.320596,-0.612732
0.319125,-0.612911
0.317653,-0.613091
0.316182,-0.613271
0.31471,-0.61345
0.313239,-0.61363
0.311767,-0.61381
0.310296,-0.613989
0.308824,-0.614169
0.307353,-0.614348
0.305881,-0.614528
0.30441,-0.614708
0.302939,-0.614887
0.301467,-0.615067
0.299996,-0.615247
0.298524,-0.615426
0.297053,-0.615606
0.295581,-0.615786
0.29411,-0.615965
0.292638,-0.616145
0.291167,-0.616324
0.289695,-0.616504
0.288224,-0.616684
0.286752,-0.616863
0.285281,-0.617043
0.283809,-0.617223
0.282338,-0.617402
0.280866,-0.617582
0.279395,-0.617762
0.277923,-0.617941
0.276452,-0.618121
0.27498,-0.618301
0.273509,-0.61848
0.272037,-0.61866
0.270566,-0.618839
0.269094,-0.619019
0.270115,-0.618062
0.271136,-0.617105
0.272157,-0.616148
0.273178,-0.615192
0.274199,-0.614235
0.27522,-0.613278
0.276241,-0.612321
0.277262,-0.611364
0.278283,-0.610407
0.279304,-0.60945
0.280325,-0.608494
0.281346,-0.607537
0.282367,-0.60658
0.283388,-0.605623
0.284409,-0.604666
0.28543,-0.603709
0.286451,-0.602752
0.287472,-0.601796
0.288493,-0.600839
0.289514,-0.599882
0.290535,-0.598925
0.291556,-0.597968
0.292576,-0.597011
0.293597,-0.596054
0.294618,-0.595098
0.295639,-0.594141
0.29666,-0.593184
0.297681,-0.592227
0.298702,-0.59127
0.299723,-0.590313
0.300744,-0.589356
0.301765,-0.5884
0.302786,-0.587443
0.303807,-0.586486
0.304828,-0.585529
0.305849,-0.584572
0.30687,-0.583615
0.307891,-0.582658
0.308912,-0.581701
0.309933,-0.580745
0.310954,-0.579788
0.311975,-0.578831
0.312996,-0.577874
0.314017,-0.576917
0.315038,-0.57596
0.316058,-0.575003
0.317079,-0.574047
0.3181,-0.57309
0.319121,-0.572133
0.320142,-0.571176
0.321163,-0.570219
0.322184,-0.569262
0.323205,-0.568305
0.324226,-0.567349
0.325247,-0.566392
0.326268,-0.565435
0.327289,-0.564478
0.32831,-0.563521
0.329331,-0.562564
0.330352,-0.561607
0.331373,-0.560651
0.332394,-0.559694
0.333415,-0.558737
0.334436,-0.55778
0.335457,-0.556823
0.336478,-0.555866
0.337499,-0.554909
0.33852,-0.553953
0.33954,-0.552996
0.340561,-0.552039
0.341582,-0.551082
0.342603,-0.550125
0.343624,-0.549168
0.344645,-0.548211
0.345666,-0.547255
0.346687,-0.546298
0.347708,-0.545341
0.348729,-0.544384
0.34975,-0.543427
0.350771,-0.54247
0.351792,-0.541513
0.352813,-0.540556
0.353834,-0.5396
0.354855,-0.538643
0.355876,-0.537686
0.356897,-0.536729
0.357918,-0.535772
0.358939,-0.534815
0.35996,-0.533858
0.360981,-0.532902
0.362002,-0.531945
0.363022,-0.530988
0.364043,-0.530031
0.365064,-0.529074
0.366085,-0.528117
0.367106,-0.52716
0.368127,-0.526204
0.369148,-0.525247
0.370169,-0.52429
0.37119,-0.523333
0.372211,-0.522376
0.373232,-0.521419
0.374253,-0.520462
0.375274,-0.519506
0.376295,-0.518549
0.377316,-0.517592
0.378337,-0.516635
0.379358,-0.515678
0.380379,-0.514721
0.3814,-0.513764
0.382421,-0.512808
0.383442,-0.511851
0.384463,-0.510894
0.385484,-0.509937
0.386504,-0.50898
0.387525,-0.508023
0.388546,-0.507066
0.389567,-0.506109
0.390588,-0.505153
0.391609,-0.504196
0.39263,-0.503239
0.393651,-0.502282
0.394672,-0.501325
0.395693,-0.500368
0.396714,-0.499411
0.397735,-0.498455
0.398756,-0.497498
0.399777,-0.496541
0.400798,-0.495584
0.401819,-0.494627
0.40284,-0.49367
0.403861,-0.492713
0.404882,-0.491757
0.405903,-0.4908
0.406924,-0.489843
0.407945,-0.488886
0.408965,-0.487929
0.409986,-0.486972
0.411007,-0.486015
0.412028,-0.485059
0.413049,-0.484102
0.41407,-0.483145
0.415091,-0.482188
0.416112,-0.481231
0.417133,-0.480274
0.418154,-0.479317
0.419175,-0.478361
0.420196,-0.477404
0.421217,-0.476447
0.422238,-0.47549
0.422984,-0.475505
0.42373,-0.475519
0.424475,-0.475534
0.425221,-0.475548
0.425967,-0.475563
0.426713,-0.475577
0.427458,-0.475592
0.428204,-0.475607
0.42895,-0.475621
0.429696,-0.475636
0.430442,-0.47565
0.431187,-0.475665
0.431933,-0.47568
0.432679,-0.475694
0.433425,-0.475709
0.434171,-0.475723
0.434916,-0.475738
0.435662,-0.475753
0.436408,-0.475767
0.437154,-0.475782
0.4379,-0.475796
0.438645,-0.475811
0.439391,-0.475826
0.440137,-0.47584
0.440883,-0.475855
0.441629,-0.475869
0.442374,-0.475884
0.44312,-0.475899
0.443866,-0.475913
0.444612,-0.475928
0.445357,-0.475942
0.446103,-0.475957
0.446849,-0.475971
0.447595,-0.475986
0.448341,-0.476001
0.449086,-0.476015
0.449832,-0.47603
0.450578,-0.476044
0.451324,-0.476059
0.45207,-0.476074
0.452815,-0.476088
0.453561,-0.476103
0.454307,-0.476117
0.455053,-0.476132
0.455799,-0.476147
0.456544,-0.476161
0.45729,-0.476176
0.458036,-0.47619
0.458782,-0.476205
0.459528,-0.47622
0.460273,-0.476234
0.461019,-0.476249
0.461765,-0.476263
0.462511,-0.476278
0.463256,-0.476292
0.464002,-0.476307
0.464748,-0.476322
0.465494,-0.476336
0.46624,-0.476351
0.466985,-0.476365
0.467731,-0.47638
0.468477,-0.476395
0.469223,-0.476409
0.469969,-0.476424
0.470714,-0.476438
0.47146,-0.476453
0.472206,-0.476468
0.472952,-0.476482
0.473698,-0.476497
0.474443,-0.476511
0.475189,-0.476526
0.475935,-0.476541
0.476681,-0.476555
0.477427,-0.47657
0.478172,-0.476584
0.478918,-0.476599
0.479664,-0.476614
0.48041,-0.476628
0.481155,-0.476643
0.481901,-0.476657
0.482647,-0.476672
0.483393,-0.476686
0.484139,-0.476701
0.484884,-0.476716
0.48563,-0.47673
0.486376,-0.476745
0.487122,-0.476759
0.487868,-0.476774
0.488613,-0.476789
0.489359,-0.476803
0.490105,-0.476818
0.490851,-0.476832
0.491597,-0.476847
0.492342,-0.476862
0.493088,-0.476876
0.493834,-0.476891
0.49458,-0.476905
0.495326,-0.47692
0.496071,-0.476935
0.496817,-0.476949
0.497563,-0.476964
0.498309,-0.476978
0.499054,-0.476993
0.4998,-0.477007
0.500546,-0.477022
0.501292,-0.477037
0.502038,-0.477051
0.502783,-0.477066
0.503529,-0.47708
0.504275,-0.477095
0.505021,-0.47711
0.505767,-0.477124
0.506512,-0.477139
0.507258,-0.477153
0.508004,-0.477168
0.50875,-0.477183
0.509496,-0.477197
0.510241,-0.477212
0.510987,-0.477226
0.511733,-0.477241
0.512479,-0.477256
0.513225,-0.47727
0.51397,-0.477285
0.514716,-0.477299
0.515462,-0.477314
0.516208,-0.477329
0.516953,-0.477343
0.517699,-0.477358
0.518445,-0.477372
0.519191,-0.477387
0.519937,-0.477401
0.520682,-0.477416
0.521428,-0.477431
0.522174,-0.477445
0.52292,-0.47746
0.523666,-0.477474
0.524411,-0.477489
0.525157,-0.477504
0.525903,-0.477518
0.526649,-0.477533
0.527395,-0.477547
0.52814,-0.477562
0.528886,-0.477577
0.529632,-0.477591
0.530378,-0.477606
0.531124,-0.47762
0.531869,-0.477635
0.532615,-0.47765
0.533361,-0.477664
