O
15
1,0,-1,0.78,-0.5,0.75,0.0,0.0,0.0,0.3,0.4,0.02,0,0.8,False
2,0,-1,1.1,-0.5,0.93,0.0,0.0,0.0,0.02,0.4,0.2,0,0.8,False
3,0,-1,0.78,-0.5,1.11,0.0,0.0,0.0,0.3,0.4,0.02,0,0.8,False
4,0,-1,0.8,-0.92,0.93,0.0,0.0,0.0,0.32,0.02,0.2,0,0.8,False
5,0,-1,0.8,-0.08,0.93,0.0,0.0,0.0,0.32,0.02,0.2,0,0.8,False
6,0,0,0.9805142137279582,-0.5468679414750066,0.86,0.0,0.0,2.911481091459096,0.03,0.04672035469807953,0.09,0.2168324955709568,0.9011827789563137,False
7,0,0,0.9254067092447211,-0.7632801526647792,0.86,0.0,0.0,4.130820236001379,0.04464514403612019,0.04264953483750378,0.09,0.005846162697152768,1.1230009765593358,False
8,2,0,0.7654123097096104,-0.32891355043815795,0.8450000000000001,0.0,0.0,0.3227373400220047,0.06323425834312525,0.06323425834312525,0.15,0.25782698538959553,0.8710307493845151,False
9,2,0,0.6358155517818772,-0.29057938953875107,0.8450000000000001,0.0,0.0,4.833367210748389,0.03,0.03,0.15,0.22404612201760182,0.9522639694261477,False
10,2,0,0.6830116616514696,-0.8335826963525204,0.8450000000000001,0.0,0.0,5.003492129390863,0.03608637503807884,0.03608637503807884,0.15,0.4184391986829925,1.0614940275564109,False
11,2,1,0.9259118875338828,-0.27560807316095415,0.8450000000000001,0.0,0.0,4.91027068328028,0.04519549258509171,0.04519549258509171,0.15,0.4290990598403946,0.9124459019549961,True
12,2,1,0.5410885750108159,-0.4742152252867854,0.8450000000000001,0.0,0.0,0.004982058461192434,0.05997965781348089,0.05997965781348089,0.15,0.08697385682101938,1.011393056751074,True
13,0,1,0.7473350426702245,-0.5297090078963739,0.86,0.0,0.0,4.027973423007645,0.06453579603527877,0.03726050207804484,0.09,0.3569601083188406,1.1285011103500788,True
14,2,1,0.545776091824591,-0.6538981324353986,0.8450000000000001,0.0,0.0,6.160122716253808,0.03,0.03,0.15,0.32894584013990413,1.1386034493738366,True
15,2,1,0.8692710386745414,-0.4706752951132695,0.8697438469489089,0.0,0.0,5.616216408976398,0.03,0.03,0.1994876938978178,0.37299744345930347,0.9471832750926565,True
R
0.0,0.0,0.0,0.0,0.0,0.0,1.0
S
8
torso_lift_joint,0
r_shoulder_pan_joint,-1.69017
r_shoulder_lift_joint,-0.0788625
r_upper_arm_roll_joint,-1.69017
r_elbow_flex_joint,-1.2717
r_forearm_roll_joint,-0.151824
r_wrist_flex_joint,-1.25254
r_wrist_roll_joint,0.675062
G
0.562133,-0.304573,0.845,0.187683,-0,0
ooi
9
A
599
0.310248,-0.673113
0.311132,-0.673362
0.312016,-0.673612
0.3129,-0.673861
0.313784,-0.674111
0.314668,-0.67436
0.315553,-0.674609
0.316437,-0.674859
0.317321,-0.675108
0.318205,-0.675358
0.319089,-0.675607
0.319973,-0.675856
0.320857,-0.676106
0.321741,-0.676355
0.322625,-0.676605
0.323509,-0.676854
0.324393,-0.677103
0.325277,-0.677353
0.326161,-0.677602
0.327045,-0.677851
0.327929,-0.678101
0.328813,-0.67835
0.329698,-0.6786
0.330582,-0.678849
0.331466,-0.679098
0.33235,-0.679348
0.333234,-0.679597
0.334118,-0.679847
0.335002,-0.680096
0.335886,-0.680345
0.33677,-0.680595
0.337654,-0.680844
0.338538,-0.681094
0.339422,-0.681343
0.340306,-0.681592
0.34119,-0.681842
0.342074,-0.682091
0.342958,-0.68234
0.343843,-0.68259
0.344727,-0.682839
0.345611,-0.683089
0.346495,-0.683338
0.347379,-0.683587
0.348263,-0.683837
0.349147,-0.684086
0.350031,-0.684336
0.350915,-0.684585
0.351799,-0.684834
0.352683,-0.685084
0.353567,-0.685333
0.354451,-0.685583
0.355335,-0.685832
0.356219,-0.686081
0.357103,-0.686331
0.357988,-0.68658
0.358872,-0.686829
0.359756,-0.687079
0.36064,-0.687328
0.361524,-0.687578
0.362408,-0.687827
0.363292,-0.688076
0.364176,-0.688326
0.36506,-0.688575
0.365944,-0.688825
0.366828,-0.689074
0.367712,-0.689323
0.368596,-0.689573
0.36948,-0.689822
0.370364,-0.690072
0.371248,-0.690321
0.372133,-0.69057
0.373017,-0.69082
0.373901,-0.691069
0.374785,-0.691319
0.375669,-0.691568
0.376553,-0.691817
0.377437,-0.692067
0.378321,-0.692316
0.379205,-0.692565
0.380089,-0.692815
0.380973,-0.693064
0.381857,-0.693314
0.382741,-0.693563
0.383625,-0.693812
0.384509,-0.694062
0.385393,-0.694311
0.386277,-0.694561
0.387162,-0.69481
0.388046,-0.695059
0.38893,-0.695309
0.389814,-0.695558
0.390698,-0.695808
0.391582,-0.696057
0.392466,-0.696306
0.39335,-0.696556
0.394234,-0.696805
0.395118,-0.697054
0.396002,-0.697304
0.396886,-0.697553
0.39777,-0.697803
0.398654,-0.698052
0.399538,-0.698301
0.400422,-0.698551
0.401307,-0.6988
0.402191,-0.69905
0.403075,-0.699299
0.403959,-0.699548
0.404843,-0.699798
0.405727,-0.700047
0.406611,-0.700297
0.407495,-0.700546
0.408379,-0.700795
0.409263,-0.701045
0.410147,-0.701294
0.411031,-0.701543
0.411915,-0.701793
0.412799,-0.702042
0.413683,-0.702292
0.414567,-0.702541
0.415452,-0.70279
0.416336,-0.70304
0.41722,-0.703289
0.418104,-0.703539
0.418988,-0.703788
0.419872,-0.704037
0.420756,-0.704287
0.42164,-0.704536
0.422524,-0.704786
0.423408,-0.705035
0.424292,-0.705284
0.425176,-0.705534
0.42606,-0.705783
0.426944,-0.706032
0.427828,-0.706282
0.428712,-0.706531
0.429597,-0.706781
0.430481,-0.70703
0.431365,-0.707279
0.432249,-0.707529
0.433133,-0.707778
0.434017,-0.708028
0.434901,-0.708277
0.435785,-0.708526
0.436669,-0.708776
0.437553,-0.709025
0.438437,-0.709275
0.439321,-0.709524
0.440205,-0.709773
0.441089,-0.710023
0.441973,-0.710272
0.442857,-0.710522
0.44384,-0.709698
0.444822,-0.708874
0.445805,-0.70805
0.446788,-0.707226
0.44777,-0.706402
0.448753,-0.705578
0.449735,-0.704754
0.450718,-0.70393
0.4517,-0.703106
0.452683,-0.702282
0.453665,-0.701458
0.454648,-0.700634
0.45563,-0.69981
0.456613,-0.698987
0.457595,-0.698163
0.458578,-0.697339
0.45956,-0.696515
0.460543,-0.695691
0.461525,-0.694867
0.462508,-0.694043
0.46349,-0.693219
0.464473,-0.692395
0.465455,-0.691571
0.466438,-0.690747
0.46742,-0.689923
0.468403,-0.689099
0.469385,-0.688275
0.470368,-0.687452
0.47135,-0.686628
0.472333,-0.685804
0.473315,-0.68498
0.474298,-0.684156
0.47528,-0.683332
0.476263,-0.682508
0.477245,-0.681684
0.478228,-0.68086
0.47921,-0.680036
0.480193,-0.679212
0.481175,-0.678388
0.482158,-0.677564
0.48314,-0.67674
0.484123,-0.675917
0.485106,-0.675093
0.486088,-0.674269
0.487071,-0.673445
0.488053,-0.672621
0.489036,-0.671797
0.490018,-0.670973
0.491001,-0.670149
0.491983,-0.669325
0.492966,-0.668501
0.493948,-0.667677
0.494931,-0.666853
0.495913,-0.666029
0.496896,-0.665205
0.497878,-0.664382
0.498861,-0.663558
0.499843,-0.662734
0.500826,-0.66191
0.501808,-0.661086
0.502791,-0.660262
0.503773,-0.659438
0.504756,-0.658614
0.505738,-0.65779
0.506721,-0.656966
0.507703,-0.656142
0.508686,-0.655318
0.509668,-0.654494
0.510651,-0.65367
0.511633,-0.652847
0.512616,-0.652023
0.513598,-0.651199
0.514581,-0.650375
0.515563,-0.649551
0.516546,-0.648727
0.517528,-0.647903
0.518511,-0.647079
0.519493,-0.646255
0.520476,-0.645431
0.521459,-0.644607
0.522441,-0.643783
0.523424,-0.642959
0.524406,-0.642135
0.525389,-0.641312
0.526371,-0.640488
0.527354,-0.639664
0.528336,-0.63884
0.529319,-0.638016
0.530301,-0.637192
0.531284,-0.636368
0.532266,-0.635544
0.533249,-0.63472
0.534231,-0.633896
0.535214,-0.633072
0.536196,-0.632248
0.537179,-0.631424
0.538161,-0.6306
0.539144,-0.629777
0.540126,-0.628953
0.541109,-0.628129
0.542091,-0.627305
0.543074,-0.626481
0.544056,-0.625657
0.545039,-0.624833
0.546021,-0.624009
0.547004,-0.623185
0.547986,-0.622361
0.548969,-0.621537
0.549951,-0.620713
0.550934,-0.619889
0.551916,-0.619065
0.552899,-0.618242
0.553881,-0.617418
0.554864,-0.616594
0.555846,-0.61577
0.556829,-0.614946
0.557811,-0.614122
0.558794,-0.613298
0.559777,-0.612474
0.560759,-0.61165
0.561742,-0.610826
0.562724,-0.610002
0.563707,-0.609178
0.564689,-0.608354
0.565672,-0.607531
0.566654,-0.606707
0.567637,-0.605883
0.568619,-0.605059
0.569602,-0.604235
0.570584,-0.603411
0.571567,-0.602587
0.572549,-0.601763
0.573532,-0.600939
0.574514,-0.600115
0.575497,-0.599291
0.576479,-0.598467
0.577462,-0.597643
0.578444,-0.596819
0.579427,-0.595996
0.580409,-0.595172
0.581392,-0.594348
0.582374,-0.593524
0.583357,-0.5927
0.584339,-0.591876
0.585322,-0.591052
0.586304,-0.590228
0.587287,-0.589404
0.588269,-0.58858
0.589252,-0.587756
0.589202,-0.586906
0.589152,-0.586055
0.589102,-0.585205
0.589052,-0.584355
0.589003,-0.583504
0.588953,-0.582654
0.588903,-0.581803
0.588853,-0.580953
0.588803,-0.580103
0.588753,-0.579252
0.588703,-0.578402
0.588654,-0.577551
0.588604,-0.576701
0.588554,-0.575851
0.588504,-0.575
0.588454,-0.57415
0.588404,-0.573299
0.588354,-0.572449
0.588305,-0.571598
0.588255,-0.570748
0.588205,-0.569898
0.588155,-0.569047
0.588105,-0.568197
0.588055,-0.567346
0.588005,-0.566496
0.587956,-0.565646
0.587906,-0.564795
0.587856,-0.563945
0.587806,-0.563094
0.587756,-0.562244
0.587706,-0.561394
0.587656,-0.560543
0.587607,-0.559693
0.587557,-0.558842
0.587507,-0.557992
0.587457,-0.557142
0.587407,-0.556291
0.587357,-0.555441
0.587307,-0.55459
0.587258,-0.55374
0.587208,-0.552889
0.587158,-0.552039
0.587108,-0.551189
0.587058,-0.550338
0.587008,-0.549488
0.586958,-0.548637
0.586908,-0.547787
0.586859,-0.546937
0.586809,-0.546086
0.586759,-0.545236
0.586709,-0.544385
0.586659,-0.543535
0.586609,-0.542685
0.586559,-0.541834
0.58651,-0.540984
0.58646,-0.540133
0.58641,-0.539283
0.58636,-0.538433
0.58631,-0.537582
0.58626,-0.536732
0.58621,-0.535881
0.586161,-0.535031
0.586111,-0.53418
0.586061,-0.53333
0.586011,-0.53248
0.585961,-0.531629
0.585911,-0.530779
0.585861,-0.529928
0.585812,-0.529078
0.585762,-0.528228
0.585712,-0.527377
0.585662,-0.526527
0.585612,-0.525676
0.585562,-0.524826
0.585512,-0.523976
0.585463,-0.523125
0.585413,-0.522275
0.585363,-0.521424
0.585313,-0.520574
0.585263,-0.519724
0.585213,-0.518873
0.585163,-0.518023
0.585114,-0.517172
0.585064,-0.516322
0.585014,-0.515471
0.584964,-0.514621
0.584914,-0.513771
0.584864,-0.51292
0.584814,-0.51207
0.584765,-0.511219
0.584715,-0.510369
0.584665,-0.509519
0.584615,-0.508668
0.584565,-0.507818
0.584515,-0.506967
0.584465,-0.506117
0.584415,-0.505267
0.584366,-0.504416
0.584316,-0.503566
0.584266,-0.502715
0.584216,-0.501865
0.584166,-0.501015
0.584116,-0.500164
0.584066,-0.499314
0.584017,-0.498463
0.583967,-0.497613
0.583917,-0.496763
0.583867,-0.495912
0.583817,-0.495062
0.583767,-0.494211
0.583717,-0.493361
0.583668,-0.49251
0.583618,-0.49166
0.583568,-0.49081
0.583518,-0.489959
0.583468,-0.489109
0.583418,-0.488258
0.583368,-0.487408
0.583319,-0.486558
0.583269,-0.485707
0.583219,-0.484857
0.583169,-0.484006
0.583119,-0.483156
0.583069,-0.482306
0.583019,-0.481455
0.58297,-0.480605
0.58292,-0.479754
0.58287,-0.478904
0.58282,-0.478054
0.58277,-0.477203
0.58272,-0.476353
0.58267,-0.475502
0.582621,-0.474652
0.582571,-0.473801
0.582521,-0.472951
0.582471,-0.472101
0.582421,-0.47125
0.582371,-0.4704
0.582321,-0.469549
0.582271,-0.468699
0.582222,-0.467849
0.582172,-0.466998
0.582122,-0.466148
0.582072,-0.465297
0.582022,-0.464447
0.581972,-0.463597
0.581922,-0.462746
0.581873,-0.461896
0.581823,-0.461045
0.581773,-0.460195
0.581641,-0.45915
0.581509,-0.458106
0.581377,-0.457062
0.581246,-0.456017
0.581114,-0.454973
0.580982,-0.453928
0.58085,-0.452884
0.580718,-0.451839
0.580587,-0.450795
0.580455,-0.449751
0.580323,-0.448706
0.580191,-0.447662
0.580059,-0.446617
0.579927,-0.445573
0.579796,-0.444528
0.579664,-0.443484
0.579532,-0.442439
0.5794,-0.441395
0.579268,-0.440351
0.579137,-0.439306
0.579005,-0.438262
0.578873,-0.437217
0.578741,-0.436173
0.578609,-0.435128
0.578478,-0.434084
0.578346,-0.433039
0.578214,-0.431995
0.578082,-0.430951
0.57795,-0.429906
0.577818,-0.428862
0.577687,-0.427817
0.577555,-0.426773
0.577423,-0.425728
0.577291,-0.424684
0.577159,-0.423639
0.577028,-0.422595
0.576896,-0.421551
0.576764,-0.420506
0.576632,-0.419462
0.5765,-0.418417
0.576369,-0.417373
0.576237,-0.416328
0.576105,-0.415284
0.575973,-0.414239
0.575841,-0.413195
0.575709,-0.412151
0.575578,-0.411106
0.575446,-0.410062
0.575314,-0.409017
0.575182,-0.407973
0.57505,-0.406928
0.574919,-0.405884
0.574787,-0.40484
0.574655,-0.403795
0.574523,-0.402751
0.574391,-0.401706
0.574259,-0.400662
0.574128,-0.399617
0.573996,-0.398573
0.573864,-0.397528
0.573732,-0.396484
0.5736,-0.39544
0.573469,-0.394395
0.573337,-0.393351
0.573205,-0.392306
0.573073,-0.391262
0.572941,-0.390217
0.57281,-0.389173
0.572678,-0.388128
0.572546,-0.387084
0.572414,-0.38604
0.572282,-0.384995
0.57215,-0.383951
0.572019,-0.382906
0.571887,-0.381862
0.571755,-0.380817
0.571623,-0.379773
0.571491,-0.378728
0.57136,-0.377684
0.571228,-0.37664
0.571096,-0.375595
0.570964,-0.374551
0.570832,-0.373506
0.570701,-0.372462
0.570569,-0.371417
0.570437,-0.370373
0.570305,-0.369328
0.570173,-0.368284
0.570041,-0.36724
0.56991,-0.366195
0.569778,-0.365151
0.569646,-0.364106
0.569514,-0.363062
0.569382,-0.362017
0.569251,-0.360973
0.569119,-0.359929
0.568987,-0.358884
0.568855,-0.35784
0.568723,-0.356795
0.568591,-0.355751
0.56846,-0.354706
0.568328,-0.353662
0.568196,-0.352617
0.568064,-0.351573
0.567932,-0.350529
0.567801,-0.349484
0.567669,-0.34844
0.567537,-0.347395
0.567405,-0.346351
0.567273,-0.345306
0.567142,-0.344262
0.56701,-0.343217
0.566878,-0.342173
0.566746,-0.341129
0.566614,-0.340084
0.566482,-0.33904
0.566351,-0.337995
0.566219,-0.336951
0.566087,-0.335906
0.565955,-0.334862
0.565823,-0.333817
0.565692,-0.332773
0.56556,-0.331729
0.565428,-0.330684
0.565296,-0.32964
0.565164,-0.328595
0.565033,-0.327551
0.564901,-0.326506
0.564769,-0.325462
0.564637,-0.324417
0.564505,-0.323373
0.564373,-0.322329
0.564242,-0.321284
0.56411,-0.32024
0.563978,-0.319195
0.563846,-0.318151
0.563714,-0.317106
0.563583,-0.316062
0.563451,-0.315018
0.563319,-0.313973
0.563187,-0.312929
0.563055,-0.311884
0.562923,-0.31084
0.562792,-0.309795
0.56266,-0.308751
0.562528,-0.307706
0.562396,-0.306662
0.562264,-0.305618
0.562133,-0.304573
