O
15
1,0,-1,0.78,-0.5,0.75,0.0,0.0,0.0,0.3,0.4,0.02,0,0.8,False
2,0,-1,1.1,-0.5,0.93,0.0,0.0,0.0,0.02,0.4,0.2,0,0.8,False
3,0,-1,0.78,-0.5,1.11,0.0,0.0,0.0,0.3,0.4,0.02,0,0.8,False
4,0,-1,0.8,-0.92,0.93,0.0,0.0,0.0,0.32,0.02,0.2,0,0.8,False
5,0,-1,0.8,-0.08,0.93,0.0,0.0,0.0,0.32,0.02,0.2,0,0.8,False
6,2,0,0.8080000715925006,-0.475445136490281,0.8450000000000001,0.0,0.0,0.5635883569651994,0.03,0.03,0.15,0.25110265557062017,1.1962949470834572,False
7,0,0,0.873851159261593,-0.2271194398826054,0.86,0.0,0.0,3.771168492937498,0.03,0.04974373798578778,0.09,0.453463580760574,1.021934549156325,False
8,0,0,0.602148286949242,-0.386876103777508,0.8959183341634267,0.0,0.0,5.395798731330437,0.03,0.03,0.12591833416342663,0.24326004883765345,0.8091969448610841,False
9,2,0,0.6155547524094681,-0.18137616327835215,0.8450000000000001,0.0,0.0,0.03937995768229911,0.036941135207440974,0.036941135207440974,0.15,0.402702211071587,0.8057808892592113,False
10,2,0,0.9980884938927858,-0.42331830930905406,0.8642730357617979,0.0,0.0,6.011764150513505,0.03,0.03,0.18854607152359576,0.1486347550311824,0.8456438984177417,False
11,2,1,0.6967025272797043,-0.6569579365141262,0.8450000000000001,0.0,0.0,3.103304747632072,0.07466590662580083,0.07466590662580083,0.15,0.23293819456170112,0.9818223063020916,True
12,0,1,0.8596713602522741,-0.7678128696025854,0.8995848843402021,0.0,0.0,4.409231572430138,0.07067687631321665,0.03,0.12958488434020213,0.17372515150416767,1.0729181854213647,True
13,2,1,0.8046133595386037,-0.3781113606193566,0.8450000000000001,0.0,0.0,2.175826314102313,0.03,0.03,0.15,0.21616256468127576,0.8335682527605076,True
14,0,1,0.9906183475986616,-0.7335266540263748,0.9230308259456991,0.0,0.0,3.325208171550312,0.0486660503117291,0.066144496342884,0.15303082594569908,0.24434795190052117,1.165546650948175,True
15,2,1,1.0048006755428949,-0.1849134142131269,0.8450000000000001,0.0,0.0,2.6885343474303696,0.03,0.03,0.15,0.1332647314188789,0.9303075069047549,True
R
0.0,0.0,0.0,0.0,0.0,0.0,1.0
S
8
torso_lift_joint,0
r_shoulder_pan_joint,-1.69017
r_shoulder_lift_joint,-0.0788625
r_upper_arm_roll_joint,-1.69017
r_elbow_flex_joint,-1.2717
r_forearm_roll_joint,-0.151824
r_wrist_flex_joint,-1.25254
r_wrist_roll_joint,0.675062
G
0.738105,-0.502642,0.845,0.371081,-0,0
ooi
6
A
599
0.310248,-0.673113
0.31054,-0.673156
0.310833,-0.6732
0.311125,-0.673243
0.311417,-0.673287
0.31171,-0.67333
0.312002,-0.673373
0.312294,-0.673417
0.312587,-0.67346
0.312879,-0.673503
0.313171,-0.673547
0.313463,-0.67359
0.313756,-0.673633
0.314048,-0.673677
0.31434,-0.67372
0.314633,-0.673764
0.314925,-0.673807
0.315217,-0.67385
0.315509,-0.673894
0.315802,-0.673937
0.316094,-0.67398
0.316386,-0.674024
0.316679,-0.674067
0.316971,-0.67411
0.317263,-0.674154
0.317556,-0.674197
0.317848,-0.674241
0.31814,-0.674284
0.318432,-0.674327
0.318725,-0.674371
0.319017,-0.674414
0.319309,-0.674457
0.319602,-0.674501
0.319894,-0.674544
0.320186,-0.674588
0.320478,-0.674631
0.320771,-0.674674
0.321063,-0.674718
0.321355,-0.674761
0.321648,-0.674804
0.32194,-0.674848
0.322232,-0.674891
0.322525,-0.674934
0.322817,-0.674978
0.323109,-0.675021
0.323401,-0.675065
0.323694,-0.675108
0.323986,-0.675151
0.324278,-0.675195
0.324571,-0.675238
0.324863,-0.675281
0.325155,-0.675325
0.325448,-0.675368
0.32574,-0.675411
0.326032,-0.675455
0.326324,-0.675498
0.326617,-0.675542
0.326909,-0.675585
0.327201,-0.675628
0.327494,-0.675672
0.327786,-0.675715
0.328078,-0.675758
0.32837,-0.675802
0.328663,-0.675845
0.328955,-0.675888
0.329247,-0.675932
0.32954,-0.675975
0.329832,-0.676019
0.330124,-0.676062
0.330417,-0.676105
0.330709,-0.676149
0.331001,-0.676192
0.331293,-0.676235
0.331586,-0.676279
0.331878,-0.676322
0.33217,-0.676366
0.332463,-0.676409
0.332755,-0.676452
0.333047,-0.676496
0.333339,-0.676539
0.333632,-0.676582
0.333924,-0.676626
0.334216,-0.676669
0.334509,-0.676712
0.334801,-0.676756
0.335093,-0.676799
0.335386,-0.676843
0.335678,-0.676886
0.33597,-0.676929
0.336262,-0.676973
0.336555,-0.677016
0.336847,-0.677059
0.337139,-0.677103
0.337432,-0.677146
0.337724,-0.677189
0.338016,-0.677233
0.338308,-0.677276
0.338601,-0.67732
0.338893,-0.677363
0.339185,-0.677406
0.339478,-0.67745
0.33977,-0.677493
0.340062,-0.677536
0.340355,-0.67758
0.340647,-0.677623
0.340939,-0.677666
0.341231,-0.67771
0.341524,-0.677753
0.341816,-0.677797
0.342108,-0.67784
0.342401,-0.677883
0.342693,-0.677927
0.342985,-0.67797
0.343277,-0.678013
0.34357,-0.678057
0.343862,-0.6781
0.344154,-0.678144
0.344447,-0.678187
0.344739,-0.67823
0.345031,-0.678274
0.345324,-0.678317
0.345616,-0.67836
0.345908,-0.678404
0.3462,-0.678447
0.346493,-0.67849
0.346785,-0.678534
0.347077,-0.678577
0.34737,-0.678621
0.347662,-0.678664
0.347954,-0.678707
0.348246,-0.678751
0.348539,-0.678794
0.348831,-0.678837
0.349123,-0.678881
0.349416,-0.678924
0.349708,-0.678967
0.35,-0.679011
0.350293,-0.679054
0.350585,-0.679098
0.350877,-0.679141
0.351169,-0.679184
0.351462,-0.679228
0.351754,-0.679271
0.352046,-0.679314
0.352339,-0.679358
0.352631,-0.679401
0.352923,-0.679444
0.353215,-0.679488
0.353508,-0.679531
0.3538,-0.679575
0.354092,-0.679618
0.354799,-0.678787
0.355507,-0.677957
0.356214,-0.677126
0.356921,-0.676295
0.357628,-0.675464
0.358335,-0.674634
0.359042,-0.673803
0.359749,-0.672972
0.360456,-0.672142
0.361163,-0.671311
0.36187,-0.67048
0.362577,-0.669649
0.363284,-0.668819
0.363991,-0.667988
0.364699,-0.667157
0.365406,-0.666327
0.366113,-0.665496
0.36682,-0.664665
0.367527,-0.663834
0.368234,-0.663004
0.368941,-0.662173
0.369648,-0.661342
0.370355,-0.660512
0.371062,-0.659681
0.371769,-0.65885
0.372476,-0.658019
0.373184,-0.657189
0.373891,-0.656358
0.374598,-0.655527
0.375305,-0.654696
0.376012,-0.653866
0.376719,-0.653035
0.377426,-0.652204
0.378133,-0.651374
0.37884,-0.650543
0.379547,-0.649712
0.380254,-0.648881
0.380961,-0.648051
0.381668,-0.64722
0.382376,-0.646389
0.383083,-0.645559
0.38379,-0.644728
0.384497,-0.643897
0.385204,-0.643066
0.385911,-0.642236
0.386618,-0.641405
0.387325,-0.640574
0.388032,-0.639744
0.388739,-0.638913
0.389446,-0.638082
0.390153,-0.637251
0.39086,-0.636421
0.391568,-0.63559
0.392275,-0.634759
0.392982,-0.633929
0.393689,-0.633098
0.394396,-0.632267
0.395103,-0.631436
0.39581,-0.630606
0.396517,-0.629775
0.397224,-0.628944
0.397931,-0.628114
0.398638,-0.627283
0.399345,-0.626452
0.400053,-0.625621
0.40076,-0.624791
0.401467,-0.62396
0.402174,-0.623129
0.402881,-0.622299
0.403588,-0.621468
0.404295,-0.620637
0.405002,-0.619806
0.405709,-0.618976
0.406416,-0.618145
0.407123,-0.617314
0.40783,-0.616484
0.408537,-0.615653
0.409245,-0.614822
0.409952,-0.613991
0.410659,-0.613161
0.411366,-0.61233
0.412073,-0.611499
0.41278,-0.610669
0.413487,-0.609838
0.414194,-0.609007
0.414901,-0.608176
0.415608,-0.607346
0.416315,-0.606515
0.417022,-0.605684
0.417729,-0.604854
0.418437,-0.604023
0.419144,-0.603192
0.419851,-0.602361
0.420558,-0.601531
0.421265,-0.6007
0.421972,-0.599869
0.422679,-0.599039
0.423386,-0.598208
0.424093,-0.597377
0.4248,-0.596546
0.425507,-0.595716
0.426214,-0.594885
0.426922,-0.594054
0.427629,-0.593224
0.428336,-0.592393
0.429043,-0.591562
0.42975,-0.590731
0.430457,-0.589901
0.431164,-0.58907
0.431871,-0.588239
0.432578,-0.587409
0.433285,-0.586578
0.433992,-0.585747
0.434699,-0.584916
0.435406,-0.584086
0.436114,-0.583255
0.436821,-0.582424
0.437528,-0.581594
0.438235,-0.580763
0.438942,-0.579932
0.439649,-0.579101
0.440356,-0.578271
0.441063,-0.57744
0.44177,-0.576609
0.442477,-0.575779
0.443184,-0.574948
0.443891,-0.574117
0.444598,-0.573286
0.445306,-0.572456
0.446013,-0.571625
0.44672,-0.570794
0.447427,-0.569964
0.448134,-0.569133
0.448841,-0.568302
0.449548,-0.567471
0.450255,-0.566641
0.450962,-0.56581
0.451669,-0.564979
0.452376,-0.564149
0.453083,-0.563318
0.453791,-0.562487
0.454498,-0.561656
0.455205,-0.560826
0.455912,-0.559995
0.456619,-0.559164
0.457326,-0.558333
0.458033,-0.557503
0.45874,-0.556672
0.459447,-0.555841
0.460633,-0.556033
0.461819,-0.556226
0.463006,-0.556418
0.464192,-0.55661
0.465378,-0.556802
0.466564,-0.556994
0.46775,-0.557186
0.468936,-0.557378
0.470123,-0.55757
0.471309,-0.557762
0.472495,-0.557954
0.473681,-0.558146
0.474867,-0.558338
0.476053,-0.55853
0.47724,-0.558723
0.478426,-0.558915
0.479612,-0.559107
0.480798,-0.559299
0.481984,-0.559491
0.48317,-0.559683
0.484357,-0.559875
0.485543,-0.560067
0.486729,-0.560259
0.487915,-0.560451
0.489101,-0.560643
0.490287,-0.560835
0.491474,-0.561028
0.49266,-0.56122
0.493846,-0.561412
0.495032,-0.561604
0.496218,-0.561796
0.497404,-0.561988
0.498591,-0.56218
0.499777,-0.562372
0.500963,-0.562564
0.502149,-0.562756
0.503335,-0.562948
0.504521,-0.56314
0.505708,-0.563332
0.506894,-0.563525
0.50808,-0.563717
0.509266,-0.563909
0.510452,-0.564101
0.511638,-0.564293
0.512825,-0.564485
0.514011,-0.564677
0.515197,-0.564869
0.516383,-0.565061
0.517569,-0.565253
0.518755,-0.565445
0.519942,-0.565637
0.521128,-0.56583
0.522314,-0.566022
0.5235,-0.566214
0.524686,-0.566406
0.525872,-0.566598
0.527059,-0.56679
0.528245,-0.566982
0.529431,-0.567174
0.530617,-0.567366
0.531803,-0.567558
0.532989,-0.56775
0.534176,-0.567942
0.535362,-0.568134
0.536548,-0.568327
0.537734,-0.568519
0.53892,-0.568711
0.540106,-0.568903
0.541293,-0.569095
0.542479,-0.569287
0.543665,-0.569479
0.544851,-0.569671
0.546037,-0.569863
0.547223,-0.570055
0.54841,-0.570247
0.549596,-0.570439
0.550782,-0.570632
0.551968,-0.570824
0.553154,-0.571016
0.55434,-0.571208
0.555527,-0.5714
0.556713,-0.571592
0.557899,-0.571784
0.559085,-0.571976
0.560271,-0.572168
0.561457,-0.57236
0.562644,-0.572552
0.56383,-0.572744
0.565016,-0.572936
0.566202,-0.573129
0.567388,-0.573321
0.568574,-0.573513
0.569761,-0.573705
0.570947,-0.573897
0.572133,-0.574089
0.573319,-0.574281
0.574505,-0.574473
0.575691,-0.574665
0.576878,-0.574857
0.578064,-0.575049
0.57925,-0.575241
0.580436,-0.575433
0.581622,-0.575626
0.582808,-0.575818
0.583995,-0.57601
0.585181,-0.576202
0.586367,-0.576394
0.587553,-0.576586
0.588739,-0.576778
0.589925,-0.57697
0.591112,-0.577162
0.592298,-0.577354
0.593484,-0.577546
0.59467,-0.577738
0.595856,-0.577931
0.597042,-0.578123
0.598229,-0.578315
0.599415,-0.578507
0.600601,-0.578699
0.601787,-0.578891
0.602973,-0.579083
0.604159,-0.579275
0.605346,-0.579467
0.606532,-0.579659
0.607718,-0.579851
0.608904,-0.580043
0.61009,-0.580235
0.611276,-0.580428
0.612463,-0.58062
0.613649,-0.580812
0.614835,-0.581004
0.616021,-0.581196
0.617207,-0.581388
0.618393,-0.58158
0.61958,-0.581772
0.620766,-0.581964
0.621952,-0.582156
0.623138,-0.582348
0.624324,-0.58254
0.62551,-0.582733
0.626697,-0.582925
0.627883,-0.583117
0.629069,-0.583309
0.630255,-0.583501
0.631441,-0.583693
0.632627,-0.583885
0.633814,-0.584077
0.635,-0.584269
0.636186,-0.584461
0.637372,-0.584653
0.638048,-0.584103
0.638724,-0.583553
0.6394,-0.583002
0.640076,-0.582452
0.640752,-0.581901
0.641428,-0.581351
0.642105,-0.5808
0.642781,-0.58025
0.643457,-0.5797
0.644133,-0.579149
0.644809,-0.578599
0.645485,-0.578048
0.646161,-0.577498
0.646837,-0.576948
0.647513,-0.576397
0.648189,-0.575847
0.648865,-0.575296
0.649541,-0.574746
0.650217,-0.574195
0.650893,-0.573645
0.651569,-0.573095
0.652245,-0.572544
0.652921,-0.571994
0.653598,-0.571443
0.654274,-0.570893
0.65495,-0.570343
0.655626,-0.569792
0.656302,-0.569242
0.656978,-0.568691
0.657654,-0.568141
0.65833,-0.567591
0.659006,-0.56704
0.659682,-0.56649
0.660358,-0.565939
0.661034,-0.565389
0.66171,-0.564838
0.662386,-0.564288
0.663062,-0.563738
0.663738,-0.563187
0.664414,-0.562637
0.665091,-0.562086
0.665767,-0.561536
0.666443,-0.560986
0.667119,-0.560435
0.667795,-0.559885
0.668471,-0.559334
0.669147,-0.558784
0.669823,-0.558234
0.670499,-0.557683
0.671175,-0.557133
0.671851,-0.556582
0.672527,-0.556032
0.673203,-0.555481
0.673879,-0.554931
0.674555,-0.554381
0.675231,-0.55383
0.675907,-0.55328
0.676584,-0.552729
0.67726,-0.552179
0.677936,-0.551629
0.678612,-0.551078
0.679288,-0.550528
0.679964,-0.549977
0.68064,-0.549427
0.681316,-0.548877
0.681992,-0.548326
0.682668,-0.547776
0.683344,-0.547225
0.68402,-0.546675
0.684696,-0.546124
0.685372,-0.545574
0.686048,-0.545024
0.686724,-0.544473
0.6874,-0.543923
0.688077,-0.543372
0.688753,-0.542822
0.689429,-0.542272
0.690105,-0.541721
0.690781,-0.541171
0.691457,-0.54062
0.692133,-0.54007
0.692809,-0.53952
0.693485,-0.538969
0.694161,-0.538419
0.694837,-0.537868
0.695513,-0.537318
0.696189,-0.536767
0.696865,-0.536217
0.697541,-0.535667
0.698217,-0.535116
0.698893,-0.534566
0.69957,-0.534015
0.700246,-0.533465
0.700922,-0.532915
0.701598,-0.532364
0.702274,-0.531814
0.70295,-0.531263
0.703626,-0.530713
0.704302,-0.530163
0.704978,-0.529612
0.705654,-0.529062
0.70633,-0.528511
0.707006,-0.527961
0.707682,-0.52741
0.708358,-0.52686
0.709034,-0.52631
0.70971,-0.525759
0.710386,-0.525209
0.711063,-0.524658
0.711739,-0.524108
0.712415,-0.523558
0.713091,-0.523007
0.713767,-0.522457
0.714443,-0.521906
0.715119,-0.521356
0.715795,-0.520806
0.716471,-0.520255
0.717147,-0.519705
0.717823,-0.519154
0.718499,-0.518604
0.719175,-0.518053
0.719851,-0.517503
0.720527,-0.516953
0.721203,-0.516402
0.721879,-0.515852
0.722556,-0.515301
0.723232,-0.514751
0.723908,-0.514201
0.724584,-0.51365
0.72526,-0.5131
0.725936,-0.512549
0.726612,-0.511999
0.727288,-0.511448
0.727964,-0.510898
0.72864,-0.510348
0.729316,-0.509797
0.729992,-0.509247
0.730668,-0.508696
0.731344,-0.508146
0.73202,-0.507596
0.732696,-0.507045
0.733372,-0.506495
0.734049,-0.505944
0.734725,-0.505394
0.735401,-0.504844
0.736077,-0.504293
0.736753,-0.503743
0.737429,-0.503192
0.738105,-0.502642
