O
15
1,0,-1,0.78,-0.5,0.75,0.0,0.0,0.0,0.3,0.4,0.02,0,0.8,False
2,0,-1,1.1,-0.5,0.93,0.0,0.0,0.0,0.02,0.4,0.2,0,0.8,False
3,0,-1,0.78,-0.5,1.11,0.0,0.0,0.0,0.3,0.4,0.02,0,0.8,False
4,0,-1,0.8,-0.92,0.93,0.0,0.0,0.0,0.32,0.02,0.2,0,0.8,False
5,0,-1,0.8,-0.08,0.93,0.0,0.0,0.0,0.32,0.02,0.2,0,0.8,False
6,0,0,0.7202173546460677,-0.654717887154521,0.9058961281318145,0.0,0.0,1.2535441677436072,0.05086460482044624,0.03,0.13589612813181445,0.36224050068281044,1.0525352050645456,False
7,2,0,0.781799853924235,-0.2661563667329534,0.8450000000000001,0.0,0.0,1.9529210400998498,0.035069916589426015,0.035069916589426015,0.15,0.17252218937006142,0.9595533374383347,False
8,0,0,0.9913690325461793,-0.7984526738790569,0.86,0.0,0.0,1.9101375102194056,0.07447701670976618,0.03,0.09,0.21602846242084123,1.1580921617173419,False
9,2,0,0.9916876732791967,-0.3114916038186507,0.8450000000000001,0.0,0.0,4.660828617131198,0.0672782501350551,0.0672782501350551,0.15,0.2805201424939125,0.8418365608104709,False
10,2,0,0.5722955755735486,-0.816338398206007,0.8502905225778792,0.0,0.0,5.405463430759923,0.04720126064649233,0.04720126064649233,0.16058104515575833,0.033337905279238356,0.8657009179115374,False
11,0,1,0.8707455777173023,-0.5282940599178367,0.86,0.0,0.0,0.7259660364994976,0.04589042806571521,0.03,0.09,0.37239679043770146,0.9824095954826394,True
12,0,1,0.7410905149883557,-0.4117493242020337,0.9116060441204923,0.0,0.0,3.5485429242670743,0.05028610399255525,0.03,0.14160604412049224,0.14719677928004637,0.8978518698463641,True
13,0,1,0.6155528183135044,-0.27087162297323597,0.8893471121082632,0.0,0.0,1.297396861731245,0.062303074172463155,0.03,0.11934711210826317,0.38330464921773477,1.099375070396528,True
14,2,1,0.7265995364156258,-0.7672174936859487,0.8503502623904192,0.0,0.0,3.2258330295331534,0.03,0.03,0.16070052478083846,0.17410461412459904,0.8479732786374392,True
15,2,1,0.6109194660868783,-0.5372702629213311,0.8450000000000001,0.0,0.0,6.144324406031508,0.044472758812515105,0.044472758812515105,0.15,0.21657213349951232,0.9091584631945723,True
R
0.0,0.0,0.0,0.0,0.0,0.0,1.0
S
8
torso_lift_joint,0
r_shoulder_pan_joint,-1.69017
r_shoulder_lift_joint,-0.0788625
r_upper_arm_roll_joint,-1.69017
r_elbow_flex_joint,-1.2717
r_forearm_roll_joint,-0.151824
r_wrist_flex_joint,-1.25254
r_wrist_roll_joint,0.675062
G
0.723957,-0.321523,0.845,0.763526,-0,0
ooi
7
A
300
0.310248,-0.673113
0.311478,-0.67191
0.312708,-0.670707
0.313938,-0.669504
0.315168,-0.668301
0.316397,-0.667098
0.317627,-0.665894
0.318857,-0.664691
0.320087,-0.663488
0.321317,-0.662285
0.322547,-0.661082
0.323776,-0.659879
0.325006,-0.658676
0.326236,-0.657473
0.327466,-0.65627
0.328696,-0.655066
0.329926,-0.653863
0.331155,-0.65266
0.332385,-0.651457
0.333615,-0.650254
0.334845,-0.649051
0.336075,-0.647848
0.337305,-0.646645
0.338534,-0.645442
0.339764,-0.644238
0.340994,-0.643035
0.342224,-0.641832
0.343454,-0.640629
0.344684,-0.639426
0.345914,-0.638223
0.347143,-0.63702
0.348373,-0.635817
0.349603,-0.634614
0.350833,-0.63341
0.352063,-0.632207
0.353293,-0.631004
0.354522,-0.629801
0.355752,-0.628598
0.356982,-0.627395
0.358212,-0.626192
0.359442,-0.624989
0.360672,-0.623786
0.361901,-0.622583
0.363131,-0.621379
0.364361,-0.620176
0.365591,-0.618973
0.366821,-0.61777
0.368051,-0.616567
0.36928,-0.615364
0.37051,-0.614161
0.37174,-0.612958
0.37297,-0.611755
0.3742,-0.610551
0.37543,-0.609348
0.376659,-0.608145
0.377889,-0.606942
0.379119,-0.605739
0.380349,-0.604536
0.381579,-0.603333
0.382809,-0.60213
0.384039,-0.600927
0.385268,-0.599723
0.386498,-0.59852
0.387728,-0.597317
0.388958,-0.596114
0.390188,-0.594911
0.391418,-0.593708
0.392647,-0.592505
0.393877,-0.591302
0.395107,-0.590099
0.396337,-0.588895
0.397567,-0.587692
0.398797,-0.586489
0.400026,-0.585286
0.401256,-0.584083
0.402486,-0.58288
0.403716,-0.581677
0.404946,-0.580474
0.406176,-0.579271
0.407405,-0.578068
0.408635,-0.576864
0.409865,-0.575661
0.411095,-0.574458
0.412325,-0.573255
0.413555,-0.572052
0.414784,-0.570849
0.416014,-0.569646
0.417244,-0.568443
0.418474,-0.56724
0.419704,-0.566036
0.420934,-0.564833
0.422164,-0.56363
0.423393,-0.562427
0.424623,-0.561224
0.425853,-0.560021
0.427083,-0.558818
0.428313,-0.557615
0.429543,-0.556412
0.430772,-0.555208
0.432002,-0.554005
0.433232,-0.552802
0.434462,-0.551599
0.435692,-0.550396
0.436922,-0.549193
0.438151,-0.54799
0.439381,-0.546787
0.440611,-0.545584
0.441841,-0.54438
0.443071,-0.543177
0.444301,-0.541974
0.44553,-0.540771
0.44676,-0.539568
0.44799,-0.538365
0.44922,-0.537162
0.45045,-0.535959
0.45168,-0.534756
0.452909,-0.533553
0.454139,-0.532349
0.455369,-0.531146
0.456599,-0.529943
0.457829,-0.52874
0.459059,-0.527537
0.460289,-0.526334
0.461518,-0.525131
0.462748,-0.523928
0.463978,-0.522725
0.465208,-0.521521
0.466438,-0.520318
0.467668,-0.519115
0.468897,-0.517912
0.470127,-0.516709
0.471357,-0.515506
0.472587,-0.514303
0.473817,-0.5131
0.475047,-0.511897
0.476276,-0.510693
0.477506,-0.50949
0.478736,-0.508287
0.479966,-0.507084
0.481196,-0.505881
0.482426,-0.504678
0.483655,-0.503475
0.484885,-0.502272
0.486115,-0.501069
0.487345,-0.499865
0.488575,-0.498662
0.489805,-0.497459
0.491034,-0.496256
0.492264,-0.495053
0.493494,-0.49385
0.494724,-0.492647
0.496262,-0.491498
0.497801,-0.49035
0.499339,-0.489201
0.500878,-0.488053
0.502416,-0.486904
0.503955,-0.485756
0.505493,-0.484607
0.507032,-0.483459
0.50857,-0.48231
0.510109,-0.481162
0.511647,-0.480013
0.513186,-0.478865
0.514724,-0.477717
0.516263,-0.476568
0.517801,-0.47542
0.51934,-0.474271
0.520878,-0.473123
0.522417,-0.471974
0.523955,-0.470826
0.525494,-0.469677
0.527032,-0.468529
0.528571,-0.46738
0.530109,-0.466232
0.531647,-0.465083
0.533186,-0.463935
0.534724,-0.462786
0.536263,-0.461638
0.537801,-0.460489
0.53934,-0.459341
0.540878,-0.458192
0.542417,-0.457044
0.543955,-0.455895
0.545494,-0.454747
0.547032,-0.453598
0.548571,-0.45245
0.550109,-0.451301
0.551648,-0.450153
0.553186,-0.449004
0.554725,-0.447856
0.556263,-0.446707
0.557802,-0.445559
0.55934,-0.44441
0.560879,-0.443262
0.562417,-0.442113
0.563955,-0.440965
0.565494,-0.439817
0.567032,-0.438668
0.568571,-0.43752
0.570109,-0.436371
0.571648,-0.435223
0.573186,-0.434074
0.574725,-0.432926
0.576263,-0.431777
0.577802,-0.430629
0.57934,-0.42948
0.580879,-0.428332
0.582417,-0.427183
0.583956,-0.426035
0.585494,-0.424886
0.587033,-0.423738
0.588571,-0.422589
0.59011,-0.421441
0.591648,-0.420292
0.593187,-0.419144
0.594725,-0.417995
0.596264,-0.416847
0.597802,-0.415698
0.59934,-0.41455
0.600879,-0.413401
0.602417,-0.412253
0.603956,-0.411104
0.605494,-0.409956
0.607033,-0.408807
0.608571,-0.407659
0.61011,-0.40651
0.611648,-0.405362
0.613187,-0.404213
0.614725,-0.403065
0.616264,-0.401916
0.617802,-0.400768
0.619341,-0.39962
0.620879,-0.398471
0.622418,-0.397323
0.623956,-0.396174
0.625495,-0.395026
0.627033,-0.393877
0.628572,-0.392729
0.63011,-0.39158
0.631649,-0.390432
0.633187,-0.389283
0.634725,-0.388135
0.636264,-0.386986
0.637802,-0.385838
0.639341,-0.384689
0.640879,-0.383541
0.642418,-0.382392
0.643956,-0.381244
0.645495,-0.380095
0.647033,-0.378947
0.648572,-0.377798
0.65011,-0.37665
0.651649,-0.375501
0.653187,-0.374353
0.654726,-0.373204
0.656264,-0.372056
0.657803,-0.370907
0.659341,-0.369759
0.66088,-0.36861
0.662418,-0.367462
0.663957,-0.366313
0.665495,-0.365165
0.667033,-0.364016
0.668572,-0.362868
0.67011,-0.36172
0.671649,-0.360571
0.673187,-0.359423
0.674726,-0.358274
0.676264,-0.357126
0.677803,-0.355977
0.679341,-0.354829
0.68088,-0.35368
0.682418,-0.352532
0.683957,-0.351383
0.685495,-0.350235
0.687034,-0.349086
0.688572,-0.347938
0.690111,-0.346789
0.691649,-0.345641
0.693188,-0.344492
0.694726,-0.343344
0.696265,-0.342195
0.697803,-0.341047
0.699342,-0.339898
0.70088,-0.33875
0.702418,-0.337601
0.703957,-0.336453
0.705495,-0.335304
0.707034,-0.334156
0.708572,-0.333007
0.710111,-0.331859
0.711649,-0.33071
0.713188,-0.329562
0.714726,-0.328413
0.716265,-0.327265
0.717803,-0.326116
0.719342,-0.324968
0.72088,-0.32382
0.722419,-0.322671
0.723957,-0.321523
