O
15
1,0,-1,0.78,-0.5,0.75,0.0,0.0,0.0,0.3,0.4,0.02,0,0.8,False
2,0,-1,1.1,-0.5,0.93,0.0,0.0,0.0,0.02,0.4,0.2,0,0.8,False
3,0,-1,0.78,-0.5,1.11,0.0,0.0,0.0,0.3,0.4,0.02,0,0.8,False
4,0,-1,0.8,-0.92,0.93,0.0,0.0,0.0,0.32,0.02,0.2,0,0.8,False
5,0,-1,0.8,-0.08,0.93,0.0,0.0,0.0,0.32,0.02,0.2,0,0.8,False
6,0,0,0.7686626135564034,-0.4837151952917319,0.9192483761850612,0.0,0.0,2.716452858866989,0.06296078221198577,0.07779450732753528,0.14924837618506112,0.2036887106771889,0.8651400133760612,False
7,0,0,0.9342360032491505,-0.17530178566310572,0.86,0.0,0.0,2.3937471410883786,0.03,0.03879411408055603,0.09,0.2639114182483504,1.126063390854816,False
8,0,0,0.6361382383831214,-0.7234086466868737,0.86,0.0,0.0,1.9520864150717312,0.05920020320052019,0.03739120608052194,0.09,0.2782975392969727,0.8559602230636383,False
9,0,0,0.5493925200584495,-0.39327494126347834,0.8941571819744792,0.0,0.0,3.5290627652197233,0.03336520843457281,0.03,0.12415718197447922,0.35585185286383136,0.8402793593905791,False
10,0,0,0.9516634658391288,-0.816450543430811,0.8728194849248749,0.0,0.0,4.027713192349207,0.03274002058131842,0.03,0.10281948492487492,0.2982262790194418,0.895357452929217,False
11,0,1,0.7966127858339935,-0.29812864146439366,0.86,0.0,0.0,4.194482830197347,0.04423282938890829,0.03,0.09,0.02069609606526218,0.8746363504973015,True
12,2,1,0.6873706104851329,-0.25529570218938835,0.8654902156316241,0.0,0.0,1.9795824085398837,0.0363746133695512,0.0363746133695512,0.19098043126324818,0.1177267444431157,1.055933439105793,True
13,2,1,0.5594371876399057,-0.5380842478609702,0.8450000000000001,0.0,0.0,1.1909308484215182,0.03,0.03,0.15,0.09522070033656838,0.9974855478081173,True
14,2,1,0.5686203562661667,-0.2235391440309934,0.8450000000000001,0.0,0.0,1.3725993660681126,0.03,0.03,0.15,0.08589613078926622,1.1313377301911012,True
15,2,1,0.9457896944883504,-0.48367238035301346,0.8450000000000001,0.0,0.0,0.013208743955361688,0.03,0.03,0.15,0.1028922353119816,1.0377320780149575,True
R
0.0,0.0,0.0,0.0,0.0,0.0,1.0
S
8
torso_lift_joint,0
r_shoulder_pan_joint,-1.69017
r_shoulder_lift_joint,-0.0788625
r_upper_arm_roll_joint,-1.69017
r_elbow_flex_joint,-1.2717
r_forearm_roll_joint,-0.151824
r_wrist_flex_joint,-1.25254
r_wrist_roll_joint,0.675062
G
0.476837,-0.422885,0.894157,0.38747,-0,0
ooi
9
A
599
0.310248,-0.673113
0.310784,-0.672741
0.31132,-0.672368
0.311856,-0.671996
0.312392,-0.671624
0.312928,-0.671251
0.313464,-0.670879
0.314,-0.670507
0.314536,-0.670134
0.315072,-0.669762
0.315608,-0.66939
0.316144,-0.669017
0.31668,-0.668645
0.317215,-0.668273
0.317751,-0.6679
0.318287,-0.667528
0.318823,-0.667156
0.319359,-0.666783
0.319895,-0.666411
0.320431,-0.666038
0.320967,-0.665666
0.321503,-0.665294
0.322039,-0.664921
0.322575,-0.664549
0.323111,-0.664177
0.323647,-0.663804
0.324183,-0.663432
0.324719,-0.66306
0.325255,-0.662687
0.325791,-0.662315
0.326326,-0.661943
0.326862,-0.66157
0.327398,-0.661198
0.327934,-0.660826
0.32847,-0.660453
0.329006,-0.660081
0.329542,-0.659709
0.330078,-0.659336
0.330614,-0.658964
0.33115,-0.658592
0.331686,-0.658219
0.332222,-0.657847
0.332758,-0.657475
0.333294,-0.657102
0.33383,-0.65673
0.334366,-0.656357
0.334902,-0.655985
0.335438,-0.655613
0.335973,-0.65524
0.336509,-0.654868
0.337045,-0.654496
0.337581,-0.654123
0.338117,-0.653751
0.338653,-0.653379
0.339189,-0.653006
0.339725,-0.652634
0.340261,-0.652262
0.340797,-0.651889
0.341333,-0.651517
0.341869,-0.651145
0.342405,-0.650772
0.342941,-0.6504
0.343477,-0.650028
0.344013,-0.649655
0.344549,-0.649283
0.345085,-0.648911
0.34562,-0.648538
0.346156,-0.648166
0.346692,-0.647793
0.347228,-0.647421
0.347764,-0.647049
0.3483,-0.646676
0.348836,-0.646304
0.349372,-0.645932
0.349908,-0.645559
0.350444,-0.645187
0.35098,-0.644815
0.351516,-0.644442
0.352052,-0.64407
0.352588,-0.643698
0.353124,-0.643325
0.35366,-0.642953
0.354196,-0.642581
0.354732,-0.642208
0.355267,-0.641836
0.355803,-0.641464
0.356339,-0.641091
0.356875,-0.640719
0.357411,-0.640347
0.357947,-0.639974
0.358483,-0.639602
0.359019,-0.63923
0.359555,-0.638857
0.360091,-0.638485
0.360627,-0.638112
0.361163,-0.63774
0.361699,-0.637368
0.362235,-0.636995
0.362771,-0.636623
0.363307,-0.636251
0.363843,-0.635878
0.364379,-0.635506
0.364914,-0.635134
0.36545,-0.634761
0.365986,-0.634389
0.366522,-0.634017
0.367058,-0.633644
0.367594,-0.633272
0.36813,-0.6329
0.368666,-0.632527
0.369202,-0.632155
0.369738,-0.631783
0.370274,-0.63141
0.37081,-0.631038
0.371346,-0.630666
0.371882,-0.630293
0.372418,-0.629921
0.372954,-0.629549
0.37349,-0.629176
0.374026,-0.628804
0.374561,-0.628431
0.375097,-0.628059
0.375633,-0.627687
0.376169,-0.627314
0.376705,-0.626942
0.377241,-0.62657
0.377777,-0.626197
0.378313,-0.625825
0.378849,-0.625453
0.379385,-0.62508
0.379921,-0.624708
0.380457,-0.624336
0.380993,-0.623963
0.381529,-0.623591
0.382065,-0.623219
0.382601,-0.622846
0.383137,-0.622474
0.383672,-0.622102
0.384208,-0.621729
0.384744,-0.621357
0.38528,-0.620985
0.385816,-0.620612
0.386352,-0.62024
0.386888,-0.619867
0.387424,-0.619495
0.38796,-0.619123
0.388496,-0.61875
0.389032,-0.618378
0.389568,-0.618006
0.390104,-0.617633
0.39064,-0.617261
0.389868,-0.617594
0.389095,-0.617927
0.388323,-0.61826
0.387551,-0.618593
0.386779,-0.618926
0.386007,-0.619259
0.385234,-0.619592
0.384462,-0.619925
0.38369,-0.620258
0.382918,-0.620591
0.382146,-0.620924
0.381373,-0.621257
0.380601,-0.62159
0.379829,-0.621923
0.379057,-0.622256
0.378285,-0.622589
0.377512,-0.622922
0.37674,-0.623255
0.375968,-0.623588
0.375196,-0.623921
0.374424,-0.624254
0.373651,-0.624587
0.372879,-0.62492
0.372107,-0.625253
0.371335,-0.625586
0.370563,-0.625919
0.369791,-0.626252
0.369018,-0.626585
0.368246,-0.626918
0.367474,-0.627251
0.366702,-0.627584
0.36593,-0.627917
0.365157,-0.628251
0.364385,-0.628584
0.363613,-0.628917
0.362841,-0.62925
0.362069,-0.629583
0.361296,-0.629916
0.360524,-0.630249
0.359752,-0.630582
0.35898,-0.630915
0.358208,-0.631248
0.357435,-0.631581
0.356663,-0.631914
0.355891,-0.632247
0.355119,-0.63258
0.354347,-0.632913
0.353574,-0.633246
0.352802,-0.633579
0.35203,-0.633912
0.351258,-0.634245
0.350486,-0.634578
0.349713,-0.634911
0.348941,-0.635244
0.348169,-0.635577
0.347397,-0.63591
0.346625,-0.636243
0.345853,-0.636576
0.34508,-0.636909
0.344308,-0.637242
0.343536,-0.637575
0.342764,-0.637908
0.341992,-0.638241
0.341219,-0.638574
0.340447,-0.638907
0.339675,-0.63924
0.338903,-0.639573
0.338131,-0.639906
0.337358,-0.640239
0.336586,-0.640572
0.335814,-0.640905
0.335042,-0.641238
0.33427,-0.641571
0.333497,-0.641904
0.332725,-0.642237
0.331953,-0.64257
0.331181,-0.642903
0.330409,-0.643236
0.329636,-0.643569
0.328864,-0.643902
0.328092,-0.644235
0.32732,-0.644568
0.326548,-0.644901
0.325775,-0.645234
0.325003,-0.645567
0.324231,-0.6459
0.323459,-0.646233
0.322687,-0.646566
0.321915,-0.646899
0.321142,-0.647232
0.32037,-0.647565
0.319598,-0.647898
0.318826,-0.648231
0.318054,-0.648564
0.317281,-0.648897
0.316509,-0.64923
0.315737,-0.649563
0.314965,-0.649896
0.314193,-0.650229
0.31342,-0.650562
0.312648,-0.650895
0.311876,-0.651228
0.311104,-0.651561
0.310332,-0.651894
0.309559,-0.652227
0.308787,-0.65256
0.308015,-0.652893
0.307243,-0.653226
0.306471,-0.65356
0.305698,-0.653893
0.304926,-0.654226
0.304154,-0.654559
0.303382,-0.654892
0.30261,-0.655225
0.301837,-0.655558
0.301065,-0.655891
0.300293,-0.656224
0.299521,-0.656557
0.298749,-0.65689
0.297977,-0.657223
0.297204,-0.657556
0.296432,-0.657889
0.29566,-0.658222
0.294888,-0.658555
0.294116,-0.658888
0.293343,-0.659221
0.292571,-0.659554
0.291799,-0.659887
0.291027,-0.66022
0.290255,-0.660553
0.289482,-0.660886
0.28871,-0.661219
0.287938,-0.661552
0.287166,-0.661885
0.286394,-0.662218
0.285621,-0.662551
0.284849,-0.662884
0.284077,-0.663217
0.283305,-0.66355
0.282533,-0.663883
0.28176,-0.664216
0.280988,-0.664549
0.280216,-0.664882
0.279444,-0.665215
0.278672,-0.665548
0.277899,-0.665881
0.277127,-0.666214
0.276355,-0.666547
0.275583,-0.66688
0.275736,-0.666068
0.275889,-0.665256
0.276042,-0.664444
0.276194,-0.663632
0.276347,-0.66282
0.2765,-0.662009
0.276653,-0.661197
0.276806,-0.660385
0.276959,-0.659573
0.277112,-0.658761
0.277265,-0.657949
0.277417,-0.657137
0.27757,-0.656325
0.277723,-0.655513
0.277876,-0.654701
0.278029,-0.653889
0.278182,-0.653077
0.278335,-0.652265
0.278488,-0.651454
0.27864,-0.650642
0.278793,-0.64983
0.278946,-0.649018
0.279099,-0.648206
0.279252,-0.647394
0.279405,-0.646582
0.279558,-0.64577
0.279711,-0.644958
0.279864,-0.644146
0.280016,-0.643334
0.280169,-0.642522
0.280322,-0.641711
0.280475,-0.640899
0.280628,-0.640087
0.280781,-0.639275
0.280934,-0.638463
0.281087,-0.637651
0.281239,-0.636839
0.281392,-0.636027
0.281545,-0.635215
0.281698,-0.634403
0.281851,-0.633591
0.282004,-0.632779
0.282157,-0.631968
0.28231,-0.631156
0.282462,-0.630344
0.282615,-0.629532
0.282768,-0.62872
0.282921,-0.627908
0.283074,-0.627096
0.283227,-0.626284
0.28338,-0.625472
0.283533,-0.62466
0.283686,-0.623848
0.283838,-0.623036
0.283991,-0.622224
0.284144,-0.621413
0.284297,-0.620601
0.28445,-0.619789
0.284603,-0.618977
0.284756,-0.618165
0.284909,-0.617353
0.285061,-0.616541
0.285214,-0.615729
0.285367,-0.614917
0.28552,-0.614105
0.285673,-0.613293
0.285826,-0.612481
0.285979,-0.61167
0.286132,-0.610858
0.286284,-0.610046
0.286437,-0.609234
0.28659,-0.608422
0.286743,-0.60761
0.286896,-0.606798
0.287049,-0.605986
0.287202,-0.605174
0.287355,-0.604362
0.287507,-0.60355
0.28766,-0.602738
0.287813,-0.601927
0.287966,-0.601115
0.288119,-0.600303
0.288272,-0.599491
0.288425,-0.598679
0.288578,-0.597867
0.288731,-0.597055
0.288883,-0.596243
0.289036,-0.595431
0.289189,-0.594619
0.289342,-0.593807
0.289495,-0.592995
0.289648,-0.592184
0.289801,-0.591372
0.289954,-0.59056
0.290106,-0.589748
0.290259,-0.588936
0.290412,-0.588124
0.290565,-0.587312
0.290718,-0.5865
0.290871,-0.585688
0.291024,-0.584876
0.291177,-0.584064
0.291329,-0.583252
0.291482,-0.58244
0.291635,-0.581629
0.291788,-0.580817
0.291941,-0.580005
0.292094,-0.579193
0.292247,-0.578381
0.2924,-0.577569
0.292553,-0.576757
0.292705,-0.575945
0.292858,-0.575133
0.293011,-0.574321
0.293164,-0.573509
0.293317,-0.572697
0.29347,-0.571886
0.293623,-0.571074
0.293776,-0.570262
0.293928,-0.56945
0.294081,-0.568638
0.294234,-0.567826
0.294387,-0.567014
0.29454,-0.566202
0.294693,-0.56539
0.294846,-0.564578
0.294999,-0.563766
0.295151,-0.562954
0.295304,-0.562143
0.295457,-0.561331
0.29561,-0.560519
0.295763,-0.559707
0.295916,-0.558895
0.296069,-0.558083
0.296222,-0.557271
0.296375,-0.556459
0.296527,-0.555647
0.29668,-0.554835
0.296833,-0.554023
0.296986,-0.553211
0.297139,-0.552399
0.297292,-0.551588
0.297445,-0.550776
0.297598,-0.549964
0.29775,-0.549152
0.297903,-0.54834
0.298056,-0.547528
0.298209,-0.546716
0.298362,-0.545904
0.298515,-0.545092
0.299712,-0.544272
0.300908,-0.543452
0.302105,-0.542632
0.303302,-0.541811
0.304499,-0.540991
0.305696,-0.540171
0.306892,-0.539351
0.308089,-0.538531
0.309286,-0.537711
0.310483,-0.53689
0.31168,-0.53607
0.312876,-0.53525
0.314073,-0.53443
0.31527,-0.53361
0.316467,-0.532789
0.317663,-0.531969
0.31886,-0.531149
0.320057,-0.530329
0.321254,-0.529509
0.322451,-0.528689
0.323647,-0.527868
0.324844,-0.527048
0.326041,-0.526228
0.327238,-0.525408
0.328435,-0.524588
0.329631,-0.523767
0.330828,-0.522947
0.332025,-0.522127
0.333222,-0.521307
0.334419,-0.520487
0.335615,-0.519667
0.336812,-0.518846
0.338009,-0.518026
0.339206,-0.517206
0.340403,-0.516386
0.341599,-0.515566
0.342796,-0.514745
0.343993,-0.513925
0.34519,-0.513105
0.346386,-0.512285
0.347583,-0.511465
0.34878,-0.510645
0.349977,-0.509824
0.351174,-0.509004
0.35237,-0.508184
0.353567,-0.507364
0.354764,-0.506544
0.355961,-0.505723
0.357158,-0.504903
0.358354,-0.504083
0.359551,-0.503263
0.360748,-0.502443
0.361945,-0.501623
0.363142,-0.500802
0.364338,-0.499982
0.365535,-0.499162
0.366732,-0.498342
0.367929,-0.497522
0.369125,-0.496701
0.370322,-0.495881
0.371519,-0.495061
0.372716,-0.494241
0.373913,-0.493421
0.375109,-0.492601
0.376306,-0.49178
0.377503,-0.49096
0.3787,-0.49014
0.379897,-0.48932
0.381093,-0.4885
0.38229,-0.487679
0.383487,-0.486859
0.384684,-0.486039
0.385881,-0.485219
0.387077,-0.484399
0.388274,-0.483579
0.389471,-0.482758
0.390668,-0.481938
0.391865,-0.481118
0.393061,-0.480298
0.394258,-0.479478
0.395455,-0.478657
0.396652,-0.477837
0.397848,-0.477017
0.399045,-0.476197
0.400242,-0.475377
0.401439,-0.474557
0.402636,-0.473736
0.403832,-0.472916
0.405029,-0.472096
0.406226,-0.471276
0.407423,-0.470456
0.40862,-0.469635
0.409816,-0.468815
0.411013,-0.467995
0.41221,-0.467175
0.413407,-0.466355
0.414604,-0.465535
0.4158,-0.464714
0.416997,-0.463894
0.418194,-0.463074
0.419391,-0.462254
0.420588,-0.461434
0.421784,-0.460613
0.422981,-0.459793
0.424178,-0.458973
0.425375,-0.458153
0.426571,-0.457333
0.427768,-0.456513
0.428965,-0.455692
0.430162,-0.454872
0.431359,-0.454052
0.432555,-0.453232
0.433752,-0.452412
0.434949,-0.451591
0.436146,-0.450771
0.437343,-0.449951
0.438539,-0.449131
0.439736,-0.448311
0.440933,-0.44749
0.44213,-0.44667
0.443327,-0.44585
0.444523,-0.44503
0.44572,-0.44421
0.446917,-0.44339
0.448114,-0.442569
0.44931,-0.441749
0.450507,-0.440929
0.451704,-0.440109
0.452901,-0.439289
0.454098,-0.438468
0.455294,-0.437648
0.456491,-0.436828
0.457688,-0.436008
0.458885,-0.435188
0.460082,-0.434368
0.461278,-0.433547
0.462475,-0.432727
0.463672,-0.431907
0.464869,-0.431087
0.466066,-0.430267
0.467262,-0.429446
0.468459,-0.428626
0.469656,-0.427806
0.470853,-0.426986
0.47205,-0.426166
0.473246,-0.425346
0.474443,-0.424525
0.47564,-0.423705
0.476837,-0.422885
