O
15
1,0,-1,0.78,-0.5,0.75,0.0,0.0,0.0,0.3,0.4,0.02,0,0.8,False
2,0,-1,1.1,-0.5,0.93,0.0,0.0,0.0,0.02,0.4,0.2,0,0.8,False
3,0,-1,0.78,-0.5,1.11,0.0,0.0,0.0,0.3,0.4,0.02,0,0.8,False
4,0,-1,0.8,-0.92,0.93,0.0,0.0,0.0,0.32,0.02,0.2,0,0.8,False
5,0,-1,0.8,-0.08,0.93,0.0,0.0,0.0,0.32,0.02,0.2,0,0.8,False
6,0,0,0.9630770497354348,-0.2839986792644068,0.86,0.0,0.0,5.186036401079467,0.03,0.03,0.09,0.04443641083915684,1.0056468147532722,False
7,0,0,0.6686868045577996,-0.5332132975890944,0.9241798531896657,0.0,0.0,0.7536343123167707,0.07457061756319311,0.03,0.1541798531896656,0.032994622313613275,0.8794177460386446,False
8,2,0,0.9334049411418839,-0.7130612652254265,0.8450000000000001,0.0,0.0,3.1185681730717083,0.05125210779818473,0.05125210779818473,0.15,0.013706839880406496,0.9286161034455088,False
9,2,0,0.5495606138334495,-0.31406218296576116,0.8567655084227009,0.0,0.0,3.4852022231639808,0.031125675254905234,0.031125675254905234,0.1735310168454017,0.3079236076269372,1.0730640701065197,False
10,2,0,0.9679105798925143,-0.4386816126316518,0.848079446815052,0.0,0.0,6.131074170914534,0.06612125676304298,0.06612125676304298,0.1561588936301038,0.3842399604018864,1.035610156752472,False
11,0,1,0.5165030299541349,-0.4590532827121406,0.86,0.0,0.0,4.748271907483169,0.03,0.0460906894408492,0.09,0.09107305206454008,0.9089684732118096,True
12,2,1,0.8130240937411386,-0.4350115294703656,0.8450000000000001,0.0,0.0,1.3993918668301457,0.03,0.03,0.15,0.26331383214159926,0.9432640039650237,True
13,2,1,0.5789279722331545,-0.21462261479559408,0.8510089825120504,0.0,0.0,2.185600764834652,0.03456769831608841,0.03456769831608841,0.1620179650241006,0.10994329839921174,0.8793753054139652,True
14,2,1,0.5234598822555764,-0.7993358173399115,0.8450000000000001,0.0,0.0,6.136214494908762,0.03951230667307673,0.03951230667307673,0.15,0.10068028113666927,0.8582787729647159,True
15,2,1,0.8132111283863748,-0.23171687817388653,0.8450000000000001,0.0,0.0,4.123894590701513,0.06904205494095945,0.06904205494095945,0.15,0.002725035164837797,0.9603560990317053,True
R
0.0,0.0,0.0,0.0,0.0,0.0,1.0
S
8
torso_lift_joint,0
r_shoulder_pan_joint,-1.69017
r_shoulder_lift_joint,-0.0788625
r_upper_arm_roll_joint,-1.69017
r_elbow_flex_joint,-1.2717
r_forearm_roll_joint,-0.151824
r_wrist_flex_joint,-1.25254
r_wrist_roll_joint,0.675062
G
0.581495,-0.615035,0.92418,0.753634,-0,0
ooi
7
A
599
0.310248,-0.673113
0.310947,-0.673552
0.311645,-0.67399
0.312344,-0.674429
0.313043,-0.674867
0.313741,-0.675306
0.31444,-0.675745
0.315138,-0.676183
0.315837,-0.676622
0.316535,-0.67706
0.317234,-0.677499
0.317933,-0.677938
0.318631,-0.678376
0.31933,-0.678815
0.320028,-0.679253
0.320727,-0.679692
0.321426,-0.68013
0.322124,-0.680569
0.322823,-0.681008
0.323521,-0.681446
0.32422,-0.681885
0.324918,-0.682323
0.325617,-0.682762
0.326316,-0.683201
0.327014,-0.683639
0.327713,-0.684078
0.328411,-0.684516
0.32911,-0.684955
0.329809,-0.685393
0.330507,-0.685832
0.331206,-0.686271
0.331904,-0.686709
0.332603,-0.687148
0.333301,-0.687586
0.334,-0.688025
0.334699,-0.688464
0.335397,-0.688902
0.336096,-0.689341
0.336794,-0.689779
0.337493,-0.690218
0.338192,-0.690656
0.33889,-0.691095
0.339589,-0.691534
0.340287,-0.691972
0.340986,-0.692411
0.341684,-0.692849
0.342383,-0.693288
0.343082,-0.693727
0.34378,-0.694165
0.344479,-0.694604
0.345177,-0.695042
0.345876,-0.695481
0.346575,-0.695919
0.347273,-0.696358
0.347972,-0.696797
0.34867,-0.697235
0.349369,-0.697674
0.350067,-0.698112
0.350766,-0.698551
0.351465,-0.69899
0.352163,-0.699428
0.352862,-0.699867
0.35356,-0.700305
0.354259,-0.700744
0.354958,-0.701182
0.355656,-0.701621
0.356355,-0.70206
0.357053,-0.702498
0.357752,-0.702937
0.35845,-0.703375
0.359149,-0.703814
0.359848,-0.704253
0.360546,-0.704691
0.361245,-0.70513
0.361943,-0.705568
0.362642,-0.706007
0.363341,-0.706446
0.364039,-0.706884
0.364738,-0.707323
0.365436,-0.707761
0.366135,-0.7082
0.366833,-0.708638
0.367532,-0.709077
0.368231,-0.709516
0.368929,-0.709954
0.369628,-0.710393
0.370326,-0.710831
0.371025,-0.71127
0.371724,-0.711709
0.372422,-0.712147
0.373121,-0.712586
0.373819,-0.713024
0.374518,-0.713463
0.375216,-0.713901
0.375915,-0.71434
0.376614,-0.714779
0.377312,-0.715217
0.378011,-0.715656
0.378709,-0.716094
0.379408,-0.716533
0.380107,-0.716972
0.380805,-0.71741
0.381504,-0.717849
0.382202,-0.718287
0.382901,-0.718726
0.383599,-0.719164
0.384298,-0.719603
0.384997,-0.720042
0.385695,-0.72048
0.386394,-0.720919
0.387092,-0.721357
0.387791,-0.721796
0.38849,-0.722235
0.389188,-0.722673
0.389887,-0.723112
0.390585,-0.72355
0.391284,-0.723989
0.391982,-0.724427
0.392681,-0.724866
0.39338,-0.725305
0.394078,-0.725743
0.394777,-0.726182
0.395475,-0.72662
0.396174,-0.727059
0.396873,-0.727498
0.397571,-0.727936
0.39827,-0.728375
0.398968,-0.728813
0.399667,-0.729252
0.400365,-0.72969
0.401064,-0.730129
0.401763,-0.730568
0.402461,-0.731006
0.40316,-0.731445
0.403858,-0.731883
0.404557,-0.732322
0.405256,-0.732761
0.405954,-0.733199
0.406653,-0.733638
0.407351,-0.734076
0.40805,-0.734515
0.408748,-0.734953
0.409447,-0.735392
0.410146,-0.735831
0.410844,-0.736269
0.411543,-0.736708
0.412241,-0.737146
0.41294,-0.737585
0.413639,-0.738024
0.414337,-0.738462
0.415036,-0.738901
0.415166,-0.738713
0.415295,-0.738526
0.415425,-0.738339
0.415555,-0.738151
0.415685,-0.737964
0.415815,-0.737776
0.415945,-0.737589
0.416075,-0.737402
0.416205,-0.737214
0.416335,-0.737027
0.416464,-0.736839
0.416594,-0.736652
0.416724,-0.736465
0.416854,-0.736277
0.416984,-0.73609
0.417114,-0.735902
0.417244,-0.735715
0.417374,-0.735528
0.417503,-0.73534
0.417633,-0.735153
0.417763,-0.734965
0.417893,-0.734778
0.418023,-0.734591
0.418153,-0.734403
0.418283,-0.734216
0.418413,-0.734028
0.418543,-0.733841
0.418672,-0.733654
0.418802,-0.733466
0.418932,-0.733279
0.419062,-0.733091
0.419192,-0.732904
0.419322,-0.732717
0.419452,-0.732529
0.419582,-0.732342
0.419711,-0.732154
0.419841,-0.731967
0.419971,-0.73178
0.420101,-0.731592
0.420231,-0.731405
0.420361,-0.731217
0.420491,-0.73103
0.420621,-0.730843
0.420751,-0.730655
0.42088,-0.730468
0.42101,-0.73028
0.42114,-0.730093
0.42127,-0.729906
0.4214,-0.729718
0.42153,-0.729531
0.42166,-0.729343
0.42179,-0.729156
0.421919,-0.728969
0.422049,-0.728781
0.422179,-0.728594
0.422309,-0.728406
0.422439,-0.728219
0.422569,-0.728032
0.422699,-0.727844
0.422829,-0.727657
0.422959,-0.727469
0.423088,-0.727282
0.423218,-0.727095
0.423348,-0.726907
0.423478,-0.72672
0.423608,-0.726532
0.423738,-0.726345
0.423868,-0.726158
0.423998,-0.72597
0.424127,-0.725783
0.424257,-0.725595
0.424387,-0.725408
0.424517,-0.725221
0.424647,-0.725033
0.424777,-0.724846
0.424907,-0.724658
0.425037,-0.724471
0.425167,-0.724284
0.425296,-0.724096
0.425426,-0.723909
0.425556,-0.723721
0.425686,-0.723534
0.425816,-0.723347
0.425946,-0.723159
0.426076,-0.722972
0.426206,-0.722784
0.426335,-0.722597
0.426465,-0.72241
0.426595,-0.722222
0.426725,-0.722035
0.426855,-0.721847
0.426985,-0.72166
0.427115,-0.721473
0.427245,-0.721285
0.427375,-0.721098
0.427504,-0.72091
0.427634,-0.720723
0.427764,-0.720536
0.427894,-0.720348
0.428024,-0.720161
0.428154,-0.719973
0.428284,-0.719786
0.428414,-0.719599
0.428543,-0.719411
0.428673,-0.719224
0.428803,-0.719036
0.428933,-0.718849
0.429063,-0.718662
0.429193,-0.718474
0.429323,-0.718287
0.429453,-0.718099
0.429583,-0.717912
0.429712,-0.717725
0.429842,-0.717537
0.429972,-0.71735
0.430102,-0.717162
0.430232,-0.716975
0.430362,-0.716788
0.430492,-0.7166
0.430622,-0.716413
0.430752,-0.716225
0.430881,-0.716038
0.431011,-0.715851
0.431141,-0.715663
0.431271,-0.715476
0.431401,-0.715288
0.431531,-0.715101
0.431661,-0.714914
0.431791,-0.714726
0.43192,-0.714539
0.43205,-0.714351
0.43218,-0.714164
0.43231,-0.713977
0.43244,-0.713789
0.43257,-0.713602
0.4327,-0.713414
0.43283,-0.713227
0.43296,-0.71304
0.433089,-0.712852
0.433219,-0.712665
0.433349,-0.712477
0.433479,-0.71229
0.433609,-0.712103
0.433739,-0.711915
0.433869,-0.711728
0.433999,-0.71154
0.434128,-0.711353
0.434258,-0.711166
0.434388,-0.710978
0.434409,-0.710756
0.43443,-0.710534
0.434451,-0.710312
0.434472,-0.71009
0.434493,-0.709869
0.434514,-0.709647
0.434535,-0.709425
0.434556,-0.709203
0.434577,-0.708981
0.434598,-0.708759
0.434619,-0.708537
0.43464,-0.708315
0.434661,-0.708093
0.434682,-0.707871
0.434703,-0.707649
0.434724,-0.707427
0.434744,-0.707205
0.434765,-0.706984
0.434786,-0.706762
0.434807,-0.70654
0.434828,-0.706318
0.434849,-0.706096
0.43487,-0.705874
0.434891,-0.705652
0.434912,-0.70543
0.434933,-0.705208
0.434954,-0.704986
0.434975,-0.704764
0.434996,-0.704542
0.435017,-0.70432
0.435038,-0.704099
0.435059,-0.703877
0.43508,-0.703655
0.435101,-0.703433
0.435122,-0.703211
0.435143,-0.702989
0.435164,-0.702767
0.435185,-0.702545
0.435206,-0.702323
0.435227,-0.702101
0.435247,-0.701879
0.435268,-0.701657
0.435289,-0.701435
0.43531,-0.701214
0.435331,-0.700992
0.435352,-0.70077
0.435373,-0.700548
0.435394,-0.700326
0.435415,-0.700104
0.435436,-0.699882
0.435457,-0.69966
0.435478,-0.699438
0.435499,-0.699216
0.43552,-0.698994
0.435541,-0.698772
0.435562,-0.698551
0.435583,-0.698329
0.435604,-0.698107
0.435625,-0.697885
0.435646,-0.697663
0.435667,-0.697441
0.435688,-0.697219
0.435709,-0.696997
0.435729,-0.696775
0.43575,-0.696553
0.435771,-0.696331
0.435792,-0.696109
0.435813,-0.695887
0.435834,-0.695666
0.435855,-0.695444
0.435876,-0.695222
0.435897,-0.695
0.435918,-0.694778
0.435939,-0.694556
0.43596,-0.694334
0.435981,-0.694112
0.436002,-0.69389
0.436023,-0.693668
0.436044,-0.693446
0.436065,-0.693224
0.436086,-0.693002
0.436107,-0.692781
0.436128,-0.692559
0.436149,-0.692337
0.43617,-0.692115
0.436191,-0.691893
0.436212,-0.691671
0.436232,-0.691449
0.436253,-0.691227
0.436274,-0.691005
0.436295,-0.690783
0.436316,-0.690561
0.436337,-0.690339
0.436358,-0.690117
0.436379,-0.689896
0.4364,-0.689674
0.436421,-0.689452
0.436442,-0.68923
0.436463,-0.689008
0.436484,-0.688786
0.436505,-0.688564
0.436526,-0.688342
0.436547,-0.68812
0.436568,-0.687898
0.436589,-0.687676
0.43661,-0.687454
0.436631,-0.687232
0.436652,-0.687011
0.436673,-0.686789
0.436694,-0.686567
0.436714,-0.686345
0.436735,-0.686123
0.436756,-0.685901
0.436777,-0.685679
0.436798,-0.685457
0.436819,-0.685235
0.43684,-0.685013
0.436861,-0.684791
0.436882,-0.684569
0.436903,-0.684348
0.436924,-0.684126
0.436945,-0.683904
0.436966,-0.683682
0.436987,-0.68346
0.437008,-0.683238
0.437029,-0.683016
0.43705,-0.682794
0.437071,-0.682572
0.437092,-0.68235
0.437113,-0.682128
0.437134,-0.681906
0.437155,-0.681684
0.437176,-0.681463
0.437197,-0.681241
0.437217,-0.681019
0.437238,-0.680797
0.437259,-0.680575
0.43728,-0.680353
0.437301,-0.680131
0.437322,-0.679909
0.437343,-0.679687
0.437364,-0.679465
0.437385,-0.679243
0.437406,-0.679021
0.437427,-0.678799
0.437448,-0.678578
0.437469,-0.678356
0.43749,-0.678134
0.437511,-0.677912
0.437532,-0.67769
0.438498,-0.677269
0.439464,-0.676849
0.44043,-0.676428
0.441397,-0.676008
0.442363,-0.675587
0.443329,-0.675167
0.444295,-0.674746
0.445261,-0.674326
0.446228,-0.673905
0.447194,-0.673485
0.44816,-0.673064
0.449126,-0.672644
0.450092,-0.672223
0.451059,-0.671803
0.452025,-0.671382
0.452991,-0.670962
0.453957,-0.670541
0.454923,-0.670121
0.45589,-0.6697
0.456856,-0.66928
0.457822,-0.668859
0.458788,-0.668439
0.459754,-0.668018
0.460721,-0.667598
0.461687,-0.667177
0.462653,-0.666757
0.463619,-0.666336
0.464585,-0.665916
0.465552,-0.665495
0.466518,-0.665075
0.467484,-0.664654
0.46845,-0.664234
0.469416,-0.663813
0.470383,-0.663393
0.471349,-0.662972
0.472315,-0.662552
0.473281,-0.662131
0.474247,-0.661711
0.475213,-0.66129
0.47618,-0.66087
0.477146,-0.660449
0.478112,-0.660029
0.479078,-0.659608
0.480044,-0.659188
0.481011,-0.658767
0.481977,-0.658347
0.482943,-0.657926
0.483909,-0.657506
0.484875,-0.657085
0.485842,-0.656665
0.486808,-0.656244
0.487774,-0.655824
0.48874,-0.655403
0.489706,-0.654983
0.490673,-0.654562
0.491639,-0.654142
0.492605,-0.653721
0.493571,-0.653301
0.494537,-0.65288
0.495504,-0.65246
0.49647,-0.652039
0.497436,-0.651619
0.498402,-0.651198
0.499368,-0.650778
0.500335,-0.650357
0.501301,-0.649937
0.502267,-0.649516
0.503233,-0.649096
0.504199,-0.648675
0.505166,-0.648255
0.506132,-0.647834
0.507098,-0.647414
0.508064,-0.646993
0.50903,-0.646573
0.509997,-0.646152
0.510963,-0.645732
0.511929,-0.645311
0.512895,-0.644891
0.513861,-0.64447
0.514828,-0.644049
0.515794,-0.643629
0.51676,-0.643208
0.517726,-0.642788
0.518692,-0.642367
0.519659,-0.641947
0.520625,-0.641526
0.521591,-0.641106
0.522557,-0.640685
0.523523,-0.640265
0.52449,-0.639844
0.525456,-0.639424
0.526422,-0.639003
0.527388,-0.638583
0.528354,-0.638162
0.52932,-0.637742
0.530287,-0.637321
0.531253,-0.636901
0.532219,-0.63648
0.533185,-0.63606
0.534151,-0.635639
0.535118,-0.635219
0.536084,-0.634798
0.53705,-0.634378
0.538016,-0.633957
0.538982,-0.633537
0.539949,-0.633116
0.540915,-0.632696
0.541881,-0.632275
0.542847,-0.631855
0.543813,-0.631434
0.54478,-0.631014
0.545746,-0.630593
0.546712,-0.630173
0.547678,-0.629752
0.548644,-0.629332
0.549611,-0.628911
0.550577,-0.628491
0.551543,-0.62807
0.552509,-0.62765
0.553475,-0.627229
0.554442,-0.626809
0.555408,-0.626388
0.556374,-0.625968
0.55734,-0.625547
0.558306,-0.625127
0.559273,-0.624706
0.560239,-0.624286
0.561205,-0.623865
0.562171,-0.623445
0.563137,-0.623024
0.564104,-0.622604
0.56507,-0.622183
0.566036,-0.621763
0.567002,-0.621342
0.567968,-0.620922
0.568935,-0.620501
0.569901,-0.620081
0.570867,-0.61966
0.571833,-0.61924
0.572799,-0.618819
0.573766,-0.618399
0.574732,-0.617978
0.575698,-0.617558
0.576664,-0.617137
0.57763,-0.616717
0.578597,-0.616296
0.579563,-0.615876
0.580529,-0.615455
0.581495,-0.615035
