O
15
1,0,-1,0.78,-0.5,0.75,0.0,0.0,0.0,0.3,0.4,0.02,0,0.8,False
2,0,-1,1.1,-0.5,0.93,0.0,0.0,0.0,0.02,0.4,0.2,0,0.8,False
3,0,-1,0.78,-0.5,1.11,0.0,0.0,0.0,0.3,0.4,0.02,0,0.8,False
4,0,-1,0.8,-0.92,0.93,0.0,0.0,0.0,0.32,0.02,0.2,0,0.8,False
5,0,-1,0.8,-0.08,0.93,0.0,0.0,0.0,0.32,0.02,0.2,0,0.8,False
6,0,0,0.9407615700465282,-0.538406808477498,0.8639674753369704,0.0,0.0,0.14665422285751428,0.03,0.07435970201991912,0.09396747533697042,0.3619187456441228,1.0733169059428658,False
7,2,0,0.8211145312378423,-0.7280124468785166,0.8450000000000001,0.0,0.0,6.213470259902712,0.06456576992225373,0.06456576992225373,0.15,0.4671592902683259,1.1366381519134496,False
8,2,0,0.6043711946157678,-0.2924099418528111,0.8450000000000001,0.0,0.0,5.211036080515155,0.03780281023528811,0.03780281023528811,0.15,0.07399403466800347,1.098602362262851,False
9,2,0,0.7382145624427763,-0.27597078049889323,0.8450000000000001,0.0,0.0,2.03291648347721,0.04485968380037472,0.04485968380037472,0.15,0.3070796527736254,0.8254845025847567,False
10,0,0,0.6701569099578291,-0.5417948919953489,0.8704005885944142,0.0,0.0,3.3358773733640996,0.03,0.03178112313706808,0.10040058859441413,0.23546933529696312,0.8750043658329442,False
11,2,1,0.6528972371313684,-0.7973187528614166,0.8450000000000001,0.0,0.0,4.5820466243610385,0.06283717309759897,0.06283717309759897,0.15,0.4011450754458662,1.0483880100368703,True
12,0,1,0.7826257549717381,-0.5175356793113484,0.86,0.0,0.0,5.9247473246871545,0.03,0.04832032309074764,0.09,0.2007844173988828,0.9375247014010083,True
13,2,1,0.9992732941319764,-0.34175746364182036,0.8450000000000001,0.0,0.0,4.811987639088666,0.03,0.03,0.15,0.2741593386067131,0.8421411975813694,True
14,2,1,0.5501283428682158,-0.6254580417155552,0.8450000000000001,0.0,0.0,5.658538859064264,0.03,0.03,0.15,0.11711504422427294,0.9785637864483964,True
15,2,1,0.522944824191931,-0.8212607992918847,0.8588685327886988,0.0,0.0,5.798104747558262,0.03,0.03,0.17773706557739752,0.03429032009254773,0.8031605043491361,True
R
0.0,0.0,0.0,0.0,0.0,0.0,1.0
S
8
torso_lift_joint,0
r_shoulder_pan_joint,-1.69017
r_shoulder_lift_joint,-0.0788625
r_upper_arm_roll_joint,-1.69017
r_elbow_flex_joint,-1.2717
r_forearm_roll_joint,-0.151824
r_wrist_flex_joint,-1.25254
r_wrist_roll_joint,0.675062
G
0.536045,-0.339184,0.845,0.600299,-0,0
ooi
8
A
599
0.310248,-0.673113
0.310912,-0.672134
0.311576,-0.671155
0.31224,-0.670176
0.312904,-0.669198
0.313567,-0.668219
0.314231,-0.66724
0.314895,-0.666261
0.315559,-0.665282
0.316223,-0.664303
0.316887,-0.663324
0.31755,-0.662346
0.318214,-0.661367
0.318878,-0.660388
0.319542,-0.659409
0.320206,-0.65843
0.32087,-0.657451
0.321534,-0.656472
0.322197,-0.655493
0.322861,-0.654515
0.323525,-0.653536
0.324189,-0.652557
0.324853,-0.651578
0.325517,-0.650599
0.326181,-0.64962
0.326844,-0.648641
0.327508,-0.647662
0.328172,-0.646684
0.328836,-0.645705
0.3295,-0.644726
0.330164,-0.643747
0.330827,-0.642768
0.331491,-0.641789
0.332155,-0.64081
0.332819,-0.639832
0.333483,-0.638853
0.334147,-0.637874
0.334811,-0.636895
0.335474,-0.635916
0.336138,-0.634937
0.336802,-0.633958
0.337466,-0.632979
0.33813,-0.632001
0.338794,-0.631022
0.339457,-0.630043
0.340121,-0.629064
0.340785,-0.628085
0.341449,-0.627106
0.342113,-0.626127
0.342777,-0.625148
0.343441,-0.62417
0.344104,-0.623191
0.344768,-0.622212
0.345432,-0.621233
0.346096,-0.620254
0.34676,-0.619275
0.347424,-0.618296
0.348087,-0.617317
0.348751,-0.616339
0.349415,-0.61536
0.350079,-0.614381
0.350743,-0.613402
0.351407,-0.612423
0.352071,-0.611444
0.352734,-0.610465
0.353398,-0.609487
0.354062,-0.608508
0.354726,-0.607529
0.35539,-0.60655
0.356054,-0.605571
0.356717,-0.604592
0.357381,-0.603613
0.358045,-0.602634
0.358709,-0.601656
0.359373,-0.600677
0.360037,-0.599698
0.360701,-0.598719
0.361364,-0.59774
0.362028,-0.596761
0.362692,-0.595782
0.363356,-0.594803
0.36402,-0.593825
0.364684,-0.592846
0.365348,-0.591867
0.366011,-0.590888
0.366675,-0.589909
0.367339,-0.58893
0.368003,-0.587951
0.368667,-0.586973
0.369331,-0.585994
0.369994,-0.585015
0.370658,-0.584036
0.371322,-0.583057
0.371986,-0.582078
0.37265,-0.581099
0.373314,-0.58012
0.373978,-0.579142
0.374641,-0.578163
0.375305,-0.577184
0.375969,-0.576205
0.376633,-0.575226
0.377297,-0.574247
0.377961,-0.573268
0.378624,-0.572289
0.379288,-0.571311
0.379952,-0.570332
0.380616,-0.569353
0.38128,-0.568374
0.381944,-0.567395
0.382608,-0.566416
0.383271,-0.565437
0.383935,-0.564459
0.384599,-0.56348
0.385263,-0.562501
0.385927,-0.561522
0.386591,-0.560543
0.387254,-0.559564
0.387918,-0.558585
0.388582,-0.557606
0.389246,-0.556628
0.38991,-0.555649
0.390574,-0.55467
0.391238,-0.553691
0.391901,-0.552712
0.392565,-0.551733
0.393229,-0.550754
0.393893,-0.549775
0.394557,-0.548797
0.395221,-0.547818
0.395884,-0.546839
0.396548,-0.54586
0.397212,-0.544881
0.397876,-0.543902
0.39854,-0.542923
0.399204,-0.541945
0.399868,-0.540966
0.400531,-0.539987
0.401195,-0.539008
0.401859,-0.538029
0.402523,-0.53705
0.403187,-0.536071
0.403851,-0.535092
0.404514,-0.534114
0.405178,-0.533135
0.405842,-0.532156
0.406506,-0.531177
0.40717,-0.530198
0.407834,-0.529219
0.408498,-0.52824
0.409161,-0.527261
0.409825,-0.526283
0.410536,-0.525864
0.411246,-0.525445
0.411957,-0.525026
0.412667,-0.524607
0.413378,-0.524188
0.414088,-0.523769
0.414798,-0.52335
0.415509,-0.522931
0.416219,-0.522512
0.41693,-0.522093
0.41764,-0.521674
0.418351,-0.521255
0.419061,-0.520836
0.419772,-0.520418
0.420482,-0.519999
0.421193,-0.51958
0.421903,-0.519161
0.422613,-0.518742
0.423324,-0.518323
0.424034,-0.517904
0.424745,-0.517485
0.425455,-0.517066
0.426166,-0.516647
0.426876,-0.516228
0.427587,-0.515809
0.428297,-0.51539
0.429008,-0.514971
0.429718,-0.514552
0.430428,-0.514134
0.431139,-0.513715
0.431849,-0.513296
0.43256,-0.512877
0.43327,-0.512458
0.433981,-0.512039
0.434691,-0.51162
0.435402,-0.511201
0.436112,-0.510782
0.436822,-0.510363
0.437533,-0.509944
0.438243,-0.509525
0.438954,-0.509106
0.439664,-0.508687
0.440375,-0.508268
0.441085,-0.50785
0.441796,-0.507431
0.442506,-0.507012
0.443217,-0.506593
0.443927,-0.506174
0.444637,-0.505755
0.445348,-0.505336
0.446058,-0.504917
0.446769,-0.504498
0.447479,-0.504079
0.44819,-0.50366
0.4489,-0.503241
0.449611,-0.502822
0.450321,-0.502403
0.451032,-0.501984
0.451742,-0.501566
0.452452,-0.501147
0.453163,-0.500728
0.453873,-0.500309
0.454584,-0.49989
0.455294,-0.499471
0.456005,-0.499052
0.456715,-0.498633
0.457426,-0.498214
0.458136,-0.497795
0.458847,-0.497376
0.459557,-0.496957
0.460267,-0.496538
0.460978,-0.496119
0.461688,-0.495701
0.462399,-0.495282
0.463109,-0.494863
0.46382,-0.494444
0.46453,-0.494025
0.465241,-0.493606
0.465951,-0.493187
0.466662,-0.492768
0.467372,-0.492349
0.468082,-0.49193
0.468793,-0.491511
0.469503,-0.491092
0.470214,-0.490673
0.470924,-0.490254
0.471635,-0.489835
0.472345,-0.489417
0.473056,-0.488998
0.473766,-0.488579
0.474476,-0.48816
0.475187,-0.487741
0.475897,-0.487322
0.476608,-0.486903
0.477318,-0.486484
0.478029,-0.486065
0.478739,-0.485646
0.47945,-0.485227
0.48016,-0.484808
0.480871,-0.484389
0.481581,-0.48397
0.482291,-0.483551
0.483002,-0.483133
0.483712,-0.482714
0.484423,-0.482295
0.485133,-0.481876
0.485844,-0.481457
0.486554,-0.481038
0.487265,-0.480619
0.487975,-0.4802
0.488686,-0.479781
0.489396,-0.479362
0.490106,-0.478943
0.490817,-0.478524
0.491527,-0.478105
0.492238,-0.477686
0.492948,-0.477267
0.493659,-0.476849
0.494369,-0.47643
0.49508,-0.476011
0.49579,-0.475592
0.496501,-0.475173
0.497211,-0.474754
0.497921,-0.474335
0.498632,-0.473916
0.499342,-0.473497
0.500053,-0.473078
0.500763,-0.472659
0.501474,-0.47224
0.502184,-0.471821
0.502895,-0.471402
0.503605,-0.470983
0.504316,-0.470565
0.505026,-0.470146
0.505736,-0.469727
0.506447,-0.469308
0.507157,-0.468889
0.507868,-0.46847
0.508578,-0.468051
0.509289,-0.467632
0.509999,-0.467213
0.51071,-0.466794
0.51142,-0.466375
0.512131,-0.465956
0.512841,-0.465537
0.513551,-0.465118
0.514262,-0.464699
0.514972,-0.464281
0.515683,-0.463862
0.516307,-0.464355
0.51693,-0.464848
0.517554,-0.465341
0.518178,-0.465835
0.518802,-0.466328
0.519426,-0.466821
0.520049,-0.467314
0.520673,-0.467808
0.521297,-0.468301
0.521921,-0.468794
0.522545,-0.469288
0.523169,-0.469781
0.523792,-0.470274
0.524416,-0.470767
0.52504,-0.471261
0.525664,-0.471754
0.526288,-0.472247
0.526911,-0.47274
0.527535,-0.473234
0.528159,-0.473727
0.528783,-0.47422
0.529407,-0.474713
0.530031,-0.475207
0.530654,-0.4757
0.531278,-0.476193
0.531902,-0.476687
0.532526,-0.47718
0.53315,-0.477673
0.533773,-0.478166
0.534397,-0.47866
0.535021,-0.479153
0.535645,-0.479646
0.536269,-0.480139
0.536892,-0.480633
0.537516,-0.481126
0.53814,-0.481619
0.538764,-0.482112
0.539388,-0.482606
0.540012,-0.483099
0.540635,-0.483592
0.541259,-0.484085
0.541883,-0.484579
0.542507,-0.485072
0.543131,-0.485565
0.543754,-0.486059
0.544378,-0.486552
0.545002,-0.487045
0.545626,-0.487538
0.54625,-0.488032
0.546874,-0.488525
0.547497,-0.489018
0.548121,-0.489511
0.548745,-0.490005
0.549369,-0.490498
0.549993,-0.490991
0.550616,-0.491484
0.55124,-0.491978
0.551864,-0.492471
0.552488,-0.492964
0.553112,-0.493458
0.553736,-0.493951
0.554359,-0.494444
0.554983,-0.494937
0.555607,-0.495431
0.556231,-0.495924
0.556855,-0.496417
0.557478,-0.49691
0.558102,-0.497404
0.558726,-0.497897
0.55935,-0.49839
0.559974,-0.498883
0.560597,-0.499377
0.561221,-0.49987
0.561845,-0.500363
0.562469,-0.500856
0.563093,-0.50135
0.563717,-0.501843
0.56434,-0.502336
0.564964,-0.50283
0.565588,-0.503323
0.566212,-0.503816
0.566836,-0.504309
0.567459,-0.504803
0.568083,-0.505296
0.568707,-0.505789
0.569331,-0.506282
0.569955,-0.506776
0.570579,-0.507269
0.571202,-0.507762
0.571826,-0.508255
0.57245,-0.508749
0.573074,-0.509242
0.573698,-0.509735
0.574321,-0.510229
0.574945,-0.510722
0.575569,-0.511215
0.576193,-0.511708
0.576817,-0.512202
0.57744,-0.512695
0.578064,-0.513188
0.578688,-0.513681
0.579312,-0.514175
0.579936,-0.514668
0.58056,-0.515161
0.581183,-0.515654
0.581807,-0.516148
0.582431,-0.516641
0.583055,-0.517134
0.583679,-0.517628
0.584302,-0.518121
0.584926,-0.518614
0.58555,-0.519107
0.586174,-0.519601
0.586798,-0.520094
0.587422,-0.520587
0.588045,-0.52108
0.588669,-0.521574
0.589293,-0.522067
0.589917,-0.52256
0.590541,-0.523053
0.591164,-0.523547
0.591788,-0.52404
0.592412,-0.524533
0.593036,-0.525026
0.59366,-0.52552
0.594284,-0.526013
0.594907,-0.526506
0.595531,-0.527
0.596155,-0.527493
0.596779,-0.527986
0.597403,-0.528479
0.598026,-0.528973
0.59865,-0.529466
0.599274,-0.529959
0.599898,-0.530452
0.600522,-0.530946
0.601145,-0.531439
0.601769,-0.531932
0.602393,-0.532425
0.603017,-0.532919
0.603641,-0.533412
0.604265,-0.533905
0.604888,-0.534399
0.605512,-0.534892
0.606136,-0.535385
0.60676,-0.535878
0.607384,-0.536372
0.608007,-0.536865
0.608631,-0.537358
0.609255,-0.537851
0.608764,-0.536518
0.608272,-0.535185
0.607781,-0.533851
0.60729,-0.532518
0.606798,-0.531185
0.606307,-0.529851
0.605816,-0.528518
0.605324,-0.527185
0.604833,-0.525851
0.604342,-0.524518
0.60385,-0.523185
0.603359,-0.521851
0.602868,-0.520518
0.602376,-0.519185
0.601885,-0.517851
0.601394,-0.516518
0.600902,-0.515185
0.600411,-0.513851
0.59992,-0.512518
0.599428,-0.511185
0.598937,-0.509851
0.598446,-0.508518
0.597954,-0.507185
0.597463,-0.505851
0.596972,-0.504518
0.59648,-0.503185
0.595989,-0.501851
0.595497,-0.500518
0.595006,-0.499185
0.594515,-0.497851
0.594023,-0.496518
0.593532,-0.495185
0.593041,-0.493851
0.592549,-0.492518
0.592058,-0.491185
0.591567,-0.489851
0.591075,-0.488518
0.590584,-0.487185
0.590093,-0.485851
0.589601,-0.484518
0.58911,-0.483185
0.588619,-0.481851
0.588127,-0.480518
0.587636,-0.479185
0.587145,-0.477851
0.586653,-0.476518
0.586162,-0.475185
0.585671,-0.473851
0.585179,-0.472518
0.584688,-0.471185
0.584197,-0.469851
0.583705,-0.468518
0.583214,-0.467185
0.582723,-0.465851
0.582231,-0.464518
0.58174,-0.463185
0.581249,-0.461851
0.580757,-0.460518
0.580266,-0.459185
0.579775,-0.457851
0.579283,-0.456518
0.578792,-0.455185
0.578301,-0.453851
0.577809,-0.452518
0.577318,-0.451185
0.576826,-0.449851
0.576335,-0.448518
0.575844,-0.447185
0.575352,-0.445851
0.574861,-0.444518
0.57437,-0.443185
0.573878,-0.441851
0.573387,-0.440518
0.572896,-0.439185
0.572404,-0.437851
0.571913,-0.436518
0.571422,-0.435185
0.57093,-0.433851
0.570439,-0.432518
0.569948,-0.431185
0.569456,-0.429851
0.568965,-0.428518
0.568474,-0.427185
0.567982,-0.425851
0.567491,-0.424518
0.567,-0.423185
0.566508,-0.421851
0.566017,-0.420518
0.565526,-0.419185
0.565034,-0.417851
0.564543,-0.416518
0.564052,-0.415184
0.56356,-0.413851
0.563069,-0.412518
0.562578,-0.411184
0.562086,-0.409851
0.561595,-0.408518
0.561104,-0.407184
0.560612,-0.405851
0.560121,-0.404518
0.55963,-0.403184
0.559138,-0.401851
0.558647,-0.400518
0.558155,-0.399184
0.557664,-0.397851
0.557173,-0.396518
0.556681,-0.395184
0.55619,-0.393851
0.555699,-0.392518
0.555207,-0.391184
0.554716,-0.389851
0.554225,-0.388518
0.553733,-0.387184
0.553242,-0.385851
0.552751,-0.384518
0.552259,-0.383184
0.551768,-0.381851
0.551277,-0.380518
0.550785,-0.379184
0.550294,-0.377851
0.549803,-0.376518
0.549311,-0.375184
0.54882,-0.373851
0.548329,-0.372518
0.547837,-0.371184
0.547346,-0.369851
0.546855,-0.368518
0.546363,-0.367184
0.545872,-0.365851
0.545381,-0.364518
0.544889,-0.363184
0.544398,-0.361851
0.543907,-0.360518
0.543415,-0.359184
0.542924,-0.357851
0.542433,-0.356518
0.541941,-0.355184
0.54145,-0.353851
0.540958,-0.352518
0.540467,-0.351184
0.539976,-0.349851
0.539484,-0.348518
0.538993,-0.347184
0.538502,-0.345851
0.53801,-0.344518
0.537519,-0.343184
0.537028,-0.341851
0.536536,-0.340518
0.536045,-0.339184
