O
15
1,0,-1,0.78,-0.5,0.75,0.0,0.0,0.0,0.3,0.4,0.02,0,0.8,False
2,0,-1,1.1,-0.5,0.93,0.0,0.0,0.0,0.02,0.4,0.2,0,0.8,False
3,0,-1,0.78,-0.5,1.11,0.0,0.0,0.0,0.3,0.4,0.02,0,0.8,False
4,0,-1,0.8,-0.92,0.93,0.0,0.0,0.0,0.32,0.02,0.2,0,0.8,False
5,0,-1,0.8,-0.08,0.93,0.0,0.0,0.0,0.32,0.02,0.2,0,0.8,False
6,0,0,0.8049010941703632,-0.49218583308040614,0.9177079228619556,0.0,0.0,0.7705567032238013,0.047888164571570704,0.03,0.1477079228619556,0.3877184992443219,1.1479001066263168,False
7,0,0,0.9350805049561627,-0.3051958804386964,0.914573547159568,0.0,0.0,3.8621925027799344,0.03,0.07248768340608668,0.14457354715956797,0.12097349016897152,0.9891695150028377,False
8,0,0,0.6522824805374046,-0.7089470194802949,0.8993025152923493,0.0,0.0,0.3386847646531196,0.03648490416592418,0.06469018946614866,0.12930251529234923,0.4270118766634111,0.9824844354345943,False
9,0,0,0.6955082352225497,-0.2721998625528156,0.8997856572650789,0.0,0.0,2.29309711953649,0.039005867302926996,0.03,0.12978565726507887,0.4264019566315411,1.1059570481386394,False
10,2,0,0.9629092091901965,-0.6561164060942605,0.8450000000000001,0.0,0.0,3.0711994816986365,0.03,0.03,0.15,0.16208220713947746,1.126686672405357,False
11,2,1,0.8059496682475799,-0.8344468268845106,0.864318961488634,0.0,0.0,0.14795706977087209,0.03,0.03,0.18863792297726775,0.013705938348425317,1.0305077408170111,True
12,2,1,0.9811714228578683,-0.7786583251683425,0.8450000000000001,0.0,0.0,4.13016261140998,0.03,0.03,0.15,0.36259986599168065,0.8592862323022346,True
13,0,1,0.5739827206160788,-0.4241754429352545,0.86,0.0,0.0,5.223407538418839,0.03,0.03,0.09,0.45664903359806425,0.8508553629719848,True
14,2,1,1.0075262822541147,-0.46203740439495344,0.8450000000000001,0.0,0.0,5.834262765592092,0.0466170352288892,0.0466170352288892,0.15,0.281788054677734,1.0498429011344923,True
15,2,1,0.5585119956136257,-0.22133341676054608,0.8450000000000001,0.0,0.0,2.7400970659053874,0.03772055688733353,0.03772055688733353,0.15,0.49126412269747116,1.0149874586147134,True
R
0.0,0.0,0.0,0.0,0.0,0.0,1.0
S
8
torso_lift_joint,0
r_shoulder_pan_joint,-1.69017
r_shoulder_lift_joint,-0.0788625
r_upper_arm_roll_joint,-1.69017
r_elbow_flex_joint,-1.2717
r_forearm_roll_joint,-0.151824
r_wrist_flex_joint,-1.25254
r_wrist_roll_joint,0.675062
G
0.615838,-0.605488,0.899303,1.90948,-3.14159,3.14159
ooi
8
A
599
0.310248,-0.673113
0.310096,-0.674291
0.309944,-0.675468
0.309791,-0.676645
0.309639,-0.677823
0.309487,-0.679
0.309334,-0.680178
0.309182,-0.681355
0.30903,-0.682533
0.308878,-0.68371
0.308725,-0.684888
0.308573,-0.686065
0.308421,-0.687243
0.308268,-0.68842
0.308116,-0.689598
0.307964,-0.690775
0.307811,-0.691953
0.307659,-0.69313
0.307507,-0.694307
0.307355,-0.695485
0.307202,-0.696662
0.30705,-0.69784
0.306898,-0.699017
0.306745,-0.700195
0.306593,-0.701372
0.306441,-0.70255
0.306288,-0.703727
0.306136,-0.704905
0.305984,-0.706082
0.305832,-0.70726
0.305679,-0.708437
0.305527,-0.709615
0.305375,-0.710792
0.305222,-0.71197
0.30507,-0.713147
0.304918,-0.714324
0.304765,-0.715502
0.304613,-0.716679
0.304461,-0.717857
0.304309,-0.719034
0.304156,-0.720212
0.304004,-0.721389
0.303852,-0.722567
0.303699,-0.723744
0.303547,-0.724922
0.303395,-0.726099
0.303243,-0.727277
0.30309,-0.728454
0.302938,-0.729632
0.302786,-0.730809
0.302633,-0.731986
0.302481,-0.733164
0.302329,-0.734341
0.302176,-0.735519
0.302024,-0.736696
0.301872,-0.737874
0.30172,-0.739051
0.301567,-0.740229
0.301415,-0.741406
0.301263,-0.742584
0.30111,-0.743761
0.300958,-0.744939
0.300806,-0.746116
0.300653,-0.747294
0.300501,-0.748471
0.300349,-0.749648
0.300197,-0.750826
0.300044,-0.752003
0.299892,-0.753181
0.29974,-0.754358
0.299587,-0.755536
0.299435,-0.756713
0.299283,-0.757891
0.29913,-0.759068
0.298978,-0.760246
0.298826,-0.761423
0.298674,-0.762601
0.298521,-0.763778
0.298369,-0.764956
0.298217,-0.766133
0.298064,-0.76731
0.297912,-0.768488
0.29776,-0.769665
0.297608,-0.770843
0.297455,-0.77202
0.297303,-0.773198
0.297151,-0.774375
0.296998,-0.775553
0.296846,-0.77673
0.296694,-0.777908
0.296541,-0.779085
0.296389,-0.780263
0.296237,-0.78144
0.296085,-0.782618
0.295932,-0.783795
0.29578,-0.784972
0.295628,-0.78615
0.295475,-0.787327
0.295323,-0.788505
0.295171,-0.789682
0.295018,-0.79086
0.294866,-0.792037
0.294714,-0.793215
0.294562,-0.794392
0.294409,-0.79557
0.294257,-0.796747
0.294105,-0.797925
0.293952,-0.799102
0.2938,-0.80028
0.293648,-0.801457
0.293496,-0.802634
0.293343,-0.803812
0.293191,-0.804989
0.293039,-0.806167
0.292886,-0.807344
0.292734,-0.808522
0.292582,-0.809699
0.292429,-0.810877
0.292277,-0.812054
0.292125,-0.813232
0.291973,-0.814409
0.29182,-0.815587
0.291668,-0.816764
0.291516,-0.817942
0.291363,-0.819119
0.291211,-0.820297
0.291059,-0.821474
0.290906,-0.822651
0.290754,-0.823829
0.290602,-0.825006
0.29045,-0.826184
0.290297,-0.827361
0.290145,-0.828539
0.289993,-0.829716
0.28984,-0.830894
0.289688,-0.832071
0.289536,-0.833249
0.289383,-0.834426
0.289231,-0.835604
0.289079,-0.836781
0.288927,-0.837959
0.288774,-0.839136
0.288622,-0.840313
0.28847,-0.841491
0.288317,-0.842668
0.288165,-0.843846
0.288013,-0.845023
0.287861,-0.846201
0.287708,-0.847378
0.287556,-0.848556
0.287404,-0.849733
0.288504,-0.849357
0.289603,-0.84898
0.290703,-0.848603
0.291803,-0.848227
0.292903,-0.84785
0.294003,-0.847473
0.295103,-0.847097
0.296203,-0.84672
0.297303,-0.846343
0.298403,-0.845967
0.299503,-0.84559
0.300603,-0.845214
0.301703,-0.844837
0.302803,-0.84446
0.303902,-0.844084
0.305002,-0.843707
0.306102,-0.84333
0.307202,-0.842954
0.308302,-0.842577
0.309402,-0.842201
0.310502,-0.841824
0.311602,-0.841447
0.312702,-0.841071
0.313802,-0.840694
0.314902,-0.840317
0.316002,-0.839941
0.317102,-0.839564
0.318201,-0.839187
0.319301,-0.838811
0.320401,-0.838434
0.321501,-0.838058
0.322601,-0.837681
0.323701,-0.837304
0.324801,-0.836928
0.325901,-0.836551
0.327001,-0.836174
0.328101,-0.835798
0.329201,-0.835421
0.330301,-0.835045
0.331401,-0.834668
0.3325,-0.834291
0.3336,-0.833915
0.3347,-0.833538
0.3358,-0.833161
0.3369,-0.832785
0.338,-0.832408
0.3391,-0.832031
0.3402,-0.831655
0.3413,-0.831278
0.3424,-0.830902
0.3435,-0.830525
0.3446,-0.830148
0.3457,-0.829772
0.346799,-0.829395
0.347899,-0.829018
0.348999,-0.828642
0.350099,-0.828265
0.351199,-0.827888
0.352299,-0.827512
0.353399,-0.827135
0.354499,-0.826759
0.355599,-0.826382
0.356699,-0.826005
0.357799,-0.825629
0.358899,-0.825252
0.359999,-0.824875
0.361098,-0.824499
0.362198,-0.824122
0.363298,-0.823746
0.364398,-0.823369
0.365498,-0.822992
0.366598,-0.822616
0.367698,-0.822239
0.368798,-0.821862
0.369898,-0.821486
0.370998,-0.821109
0.372098,-0.820732
0.373198,-0.820356
0.374298,-0.819979
0.375397,-0.819603
0.376497,-0.819226
0.377597,-0.818849
0.378697,-0.818473
0.379797,-0.818096
0.380897,-0.817719
0.381997,-0.817343
0.383097,-0.816966
0.384197,-0.81659
0.385297,-0.816213
0.386397,-0.815836
0.387497,-0.81546
0.388597,-0.815083
0.389696,-0.814706
0.390796,-0.81433
0.391896,-0.813953
0.392996,-0.813576
0.394096,-0.8132
0.395196,-0.812823
0.396296,-0.812447
0.397396,-0.81207
0.398496,-0.811693
0.399596,-0.811317
0.400696,-0.81094
0.401796,-0.810563
0.402896,-0.810187
0.403995,-0.80981
0.405095,-0.809433
0.406195,-0.809057
0.407295,-0.80868
0.408395,-0.808304
0.409495,-0.807927
0.410595,-0.80755
0.411695,-0.807174
0.412795,-0.806797
0.413895,-0.80642
0.414995,-0.806044
0.416095,-0.805667
0.417195,-0.805291
0.418294,-0.804914
0.419394,-0.804537
0.420494,-0.804161
0.421594,-0.803784
0.422694,-0.803407
0.423794,-0.803031
0.424894,-0.802654
0.425994,-0.802277
0.427094,-0.801901
0.428194,-0.801524
0.429294,-0.801148
0.430394,-0.800771
0.431494,-0.800394
0.432593,-0.800018
0.433693,-0.799641
0.434793,-0.799264
0.435893,-0.798888
0.436993,-0.798511
0.438093,-0.798135
0.439193,-0.797758
0.440293,-0.797381
0.441393,-0.797005
0.442493,-0.796628
0.443593,-0.796251
0.444693,-0.795875
0.445793,-0.795498
0.446892,-0.795121
0.447992,-0.794745
0.449092,-0.794368
0.450192,-0.793992
0.451292,-0.793615
0.451381,-0.793157
0.451469,-0.792699
0.451557,-0.792241
0.451646,-0.791783
0.451734,-0.791325
0.451822,-0.790866
0.451911,-0.790408
0.451999,-0.78995
0.452088,-0.789492
0.452176,-0.789034
0.452264,-0.788576
0.452353,-0.788118
0.452441,-0.78766
0.45253,-0.787202
0.452618,-0.786744
0.452706,-0.786286
0.452795,-0.785828
0.452883,-0.78537
0.452972,-0.784911
0.45306,-0.784453
0.453148,-0.783995
0.453237,-0.783537
0.453325,-0.783079
0.453413,-0.782621
0.453502,-0.782163
0.45359,-0.781705
0.453679,-0.781247
0.453767,-0.780789
0.453855,-0.780331
0.453944,-0.779873
0.454032,-0.779415
0.454121,-0.778957
0.454209,-0.778498
0.454297,-0.77804
0.454386,-0.777582
0.454474,-0.777124
0.454562,-0.776666
0.454651,-0.776208
0.454739,-0.77575
0.454828,-0.775292
0.454916,-0.774834
0.455004,-0.774376
0.455093,-0.773918
0.455181,-0.77346
0.45527,-0.773002
0.455358,-0.772543
0.455446,-0.772085
0.455535,-0.771627
0.455623,-0.771169
0.455712,-0.770711
0.4558,-0.770253
0.455888,-0.769795
0.455977,-0.769337
0.456065,-0.768879
0.456153,-0.768421
0.456242,-0.767963
0.45633,-0.767505
0.456419,-0.767047
0.456507,-0.766588
0.456595,-0.76613
0.456684,-0.765672
0.456772,-0.765214
0.456861,-0.764756
0.456949,-0.764298
0.457037,-0.76384
0.457126,-0.763382
0.457214,-0.762924
0.457303,-0.762466
0.457391,-0.762008
0.457479,-0.76155
0.457568,-0.761092
0.457656,-0.760633
0.457744,-0.760175
0.457833,-0.759717
0.457921,-0.759259
0.45801,-0.758801
0.458098,-0.758343
0.458186,-0.757885
0.458275,-0.757427
0.458363,-0.756969
0.458452,-0.756511
0.45854,-0.756053
0.458628,-0.755595
0.458717,-0.755137
0.458805,-0.754678
0.458894,-0.75422
0.458982,-0.753762
0.45907,-0.753304
0.459159,-0.752846
0.459247,-0.752388
0.459335,-0.75193
0.459424,-0.751472
0.459512,-0.751014
0.459601,-0.750556
0.459689,-0.750098
0.459777,-0.74964
0.459866,-0.749182
0.459954,-0.748724
0.460043,-0.748265
0.460131,-0.747807
0.460219,-0.747349
0.460308,-0.746891
0.460396,-0.746433
0.460485,-0.745975
0.460573,-0.745517
0.460661,-0.745059
0.46075,-0.744601
0.460838,-0.744143
0.460926,-0.743685
0.461015,-0.743227
0.461103,-0.742769
0.461192,-0.74231
0.46128,-0.741852
0.461368,-0.741394
0.461457,-0.740936
0.461545,-0.740478
0.461634,-0.74002
0.461722,-0.739562
0.46181,-0.739104
0.461899,-0.738646
0.461987,-0.738188
0.462075,-0.73773
0.462164,-0.737272
0.462252,-0.736814
0.462341,-0.736355
0.462429,-0.735897
0.462517,-0.735439
0.462606,-0.734981
0.462694,-0.734523
0.462783,-0.734065
0.462871,-0.733607
0.462959,-0.733149
0.463048,-0.732691
0.463136,-0.732233
0.463225,-0.731775
0.463313,-0.731317
0.463401,-0.730859
0.46349,-0.7304
0.463578,-0.729942
0.463666,-0.729484
0.463755,-0.729026
0.463843,-0.728568
0.463932,-0.72811
0.46402,-0.727652
0.464108,-0.727194
0.464197,-0.726736
0.464285,-0.726278
0.464374,-0.72582
0.464462,-0.725362
0.46455,-0.724904
0.465566,-0.724102
0.466581,-0.723301
0.467596,-0.722499
0.468612,-0.721698
0.469627,-0.720896
0.470643,-0.720095
0.471658,-0.719293
0.472673,-0.718492
0.473689,-0.717691
0.474704,-0.716889
0.475719,-0.716088
0.476735,-0.715286
0.47775,-0.714485
0.478765,-0.713683
0.479781,-0.712882
0.480796,-0.71208
0.481811,-0.711279
0.482827,-0.710478
0.483842,-0.709676
0.484857,-0.708875
0.485873,-0.708073
0.486888,-0.707272
0.487904,-0.70647
0.488919,-0.705669
0.489934,-0.704867
0.49095,-0.704066
0.491965,-0.703265
0.49298,-0.702463
0.493996,-0.701662
0.495011,-0.70086
0.496026,-0.700059
0.497042,-0.699257
0.498057,-0.698456
0.499072,-0.697654
0.500088,-0.696853
0.501103,-0.696052
0.502119,-0.69525
0.503134,-0.694449
0.504149,-0.693647
0.505165,-0.692846
0.50618,-0.692044
0.507195,-0.691243
0.508211,-0.690441
0.509226,-0.68964
0.510241,-0.688838
0.511257,-0.688037
0.512272,-0.687236
0.513287,-0.686434
0.514303,-0.685633
0.515318,-0.684831
0.516333,-0.68403
0.517349,-0.683228
0.518364,-0.682427
0.51938,-0.681625
0.520395,-0.680824
0.52141,-0.680023
0.522426,-0.679221
0.523441,-0.67842
0.524456,-0.677618
0.525472,-0.676817
0.526487,-0.676015
0.527502,-0.675214
0.528518,-0.674412
0.529533,-0.673611
0.530548,-0.67281
0.531564,-0.672008
0.532579,-0.671207
0.533595,-0.670405
0.53461,-0.669604
0.535625,-0.668802
0.536641,-0.668001
0.537656,-0.667199
0.538671,-0.666398
0.539687,-0.665597
0.540702,-0.664795
0.541717,-0.663994
0.542733,-0.663192
0.543748,-0.662391
0.544763,-0.661589
0.545779,-0.660788
0.546794,-0.659986
0.547809,-0.659185
0.548825,-0.658384
0.54984,-0.657582
0.550856,-0.656781
0.551871,-0.655979
0.552886,-0.655178
0.553902,-0.654376
0.554917,-0.653575
0.555932,-0.652773
0.556948,-0.651972
0.557963,-0.651171
0.558978,-0.650369
0.559994,-0.649568
0.561009,-0.648766
0.562024,-0.647965
0.56304,-0.647163
0.564055,-0.646362
0.565071,-0.64556
0.566086,-0.644759
0.567101,-0.643957
0.568117,-0.643156
0.569132,-0.642355
0.570147,-0.641553
0.571163,-0.640752
0.572178,-0.63995
0.573193,-0.639149
0.574209,-0.638347
0.575224,-0.637546
0.576239,-0.636744
0.577255,-0.635943
0.57827,-0.635142
0.579285,-0.63434
0.580301,-0.633539
0.581316,-0.632737
0.582332,-0.631936
0.583347,-0.631134
0.584362,-0.630333
0.585378,-0.629531
0.586393,-0.62873
0.587408,-0.627929
0.588424,-0.627127
0.589439,-0.626326
0.590454,-0.625524
0.59147,-0.624723
0.592485,-0.623921
0.5935,-0.62312
0.594516,-0.622318
0.595531,-0.621517
0.596547,-0.620716
0.597562,-0.619914
0.598577,-0.619113
0.599593,-0.618311
0.600608,-0.61751
0.601623,-0.616708
0.602639,-0.615907
0.603654,-0.615105
0.604669,-0.614304
0.605685,-0.613503
0.6067,-0.612701
0.607715,-0.6119
0.608731,-0.611098
0.609746,-0.610297
0.610761,-0.609495
0.611777,-0.608694
0.612792,-0.607892
0.613808,-0.607091
0.614823,-0.60629
0.615838,-0.605488
