O
15
1,0,-1,0.78,-0.5,0.75,0.0,0.0,0.0,0.3,0.4,0.02,0,0.8,False
2,0,-1,1.1,-0.5,0.93,0.0,0.0,0.0,0.02,0.4,0.2,0,0.8,False
3,0,-1,0.78,-0.5,1.11,0.0,0.0,0.0,0.3,0.4,0.02,0,0.8,False
4,0,-1,0.8,-0.92,0.93,0.0,0.0,0.0,0.32,0.02,0.2,0,0.8,False
5,0,-1,0.8,-0.08,0.93,0.0,0.0,0.0,0.32,0.02,0.2,0,0.8,False
6,0,0,0.9581313610935076,-0.5573487014830323,0.86,0.0,0.0,4.82284966237204,0.03,0.034944397151183304,0.09,0.28801679571329036,0.9163326277078944,False
7,0,0,0.7580731299337036,-0.6974849125804711,0.86,0.0,0.0,3.7496375216790723,0.06797866646081763,0.03,0.09,0.3507557848986727,1.1666946745299722,False
8,0,0,0.7059065525132644,-0.19091031488580523,0.86,0.0,0.0,6.082137304314046,0.05620576291443619,0.03,0.09,0.387431473708072,0.8801435612429894,False
9,2,0,0.8116799050147188,-0.8166539930134287,0.8450000000000001,0.0,0.0,1.4185451416875723,0.03362076847333297,0.03362076847333297,0.15,0.00886056274977376,0.9250748431599207,False
10,0,0,0.6823699765902477,-0.46710703559657224,0.86,0.0,0.0,0.3037913590169953,0.048985580805981366,0.03,0.09,0.3998126633319596,1.0938069824403447,False
11,0,1,0.557033896913417,-0.6533731616610389,0.8693765237787813,0.0,0.0,0.8873473010072266,0.03,0.07708805687799351,0.09937652377878126,0.06999718231885443,0.8065293200070518,True
12,2,1,0.6976604049712016,-0.3090266724899978,0.8450000000000001,0.0,0.0,3.650337324186398,0.03,0.03,0.15,0.3826410021440946,0.9800039588021713,True
13,0,1,0.971290230200134,-0.40154347340512236,0.8975783902985157,0.0,0.0,0.45536474924273146,0.057865889579739545,0.03,0.12757839029851567,0.09228795518672228,1.08988236525547,True
14,2,1,0.9789805167206717,-0.73792529336177,0.8684673237184584,0.0,0.0,2.8782232621776944,0.03,0.03,0.19693464743691683,0.49128986211410114,1.0048811791155512,True
15,2,1,0.529840673734967,-0.220274715462501,0.8556728109572393,0.0,0.0,3.535256554389804,0.03,0.03,0.1713456219144788,0.2611208567133493,0.8385609853713132,True
R
0.0,0.0,0.0,0.0,0.0,0.0,1.0
S
8
torso_lift_joint,0
r_shoulder_pan_joint,-1.69017
r_shoulder_lift_joint,-0.0788625
r_upper_arm_roll_joint,-1.69017
r_elbow_flex_joint,-1.2717
r_forearm_roll_joint,-0.151824
r_wrist_flex_joint,-1.25254
r_wrist_roll_joint,0.675062
G
0.592688,-0.495222,0.86,0.303791,-0,0
ooi
10
A
599
0.310248,-0.673113
0.310955,-0.672362
0.311661,-0.67161
0.312368,-0.670859
0.313074,-0.670108
0.313781,-0.669356
0.314488,-0.668605
0.315194,-0.667854
0.315901,-0.667102
0.316607,-0.666351
0.317314,-0.6656
0.31802,-0.664848
0.318727,-0.664097
0.319434,-0.663346
0.32014,-0.662594
0.320847,-0.661843
0.321553,-0.661092
0.32226,-0.66034
0.322966,-0.659589
0.323673,-0.658838
0.32438,-0.658086
0.325086,-0.657335
0.325793,-0.656583
0.326499,-0.655832
0.327206,-0.655081
0.327912,-0.654329
0.328619,-0.653578
0.329326,-0.652827
0.330032,-0.652075
0.330739,-0.651324
0.331445,-0.650573
0.332152,-0.649821
0.332858,-0.64907
0.333565,-0.648319
0.334272,-0.647567
0.334978,-0.646816
0.335685,-0.646065
0.336391,-0.645313
0.337098,-0.644562
0.337804,-0.643811
0.338511,-0.643059
0.339218,-0.642308
0.339924,-0.641557
0.340631,-0.640805
0.341337,-0.640054
0.342044,-0.639303
0.34275,-0.638551
0.343457,-0.6378
0.344164,-0.637049
0.34487,-0.636297
0.345577,-0.635546
0.346283,-0.634795
0.34699,-0.634043
0.347696,-0.633292
0.348403,-0.63254
0.34911,-0.631789
0.349816,-0.631038
0.350523,-0.630286
0.351229,-0.629535
0.351936,-0.628784
0.352642,-0.628032
0.353349,-0.627281
0.354056,-0.62653
0.354762,-0.625778
0.355469,-0.625027
0.356175,-0.624276
0.356882,-0.623524
0.357588,-0.622773
0.358295,-0.622022
0.359002,-0.62127
0.359708,-0.620519
0.360415,-0.619768
0.361121,-0.619016
0.361828,-0.618265
0.362535,-0.617514
0.363241,-0.616762
0.363948,-0.616011
0.364654,-0.61526
0.365361,-0.614508
0.366067,-0.613757
0.366774,-0.613006
0.367481,-0.612254
0.368187,-0.611503
0.368894,-0.610751
0.3696,-0.61
0.370307,-0.609249
0.371013,-0.608497
0.37172,-0.607746
0.372427,-0.606995
0.373133,-0.606243
0.37384,-0.605492
0.374546,-0.604741
0.375253,-0.603989
0.375959,-0.603238
0.376666,-0.602487
0.377373,-0.601735
0.378079,-0.600984
0.378786,-0.600233
0.379492,-0.599481
0.380199,-0.59873
0.380905,-0.597979
0.381612,-0.597227
0.382319,-0.596476
0.383025,-0.595725
0.383732,-0.594973
0.384438,-0.594222
0.385145,-0.593471
0.385851,-0.592719
0.386558,-0.591968
0.387265,-0.591217
0.387971,-0.590465
0.388678,-0.589714
0.389384,-0.588962
0.390091,-0.588211
0.390797,-0.58746
0.391504,-0.586708
0.392211,-0.585957
0.392917,-0.585206
0.393624,-0.584454
0.39433,-0.583703
0.395037,-0.582952
0.395743,-0.5822
0.39645,-0.581449
0.397157,-0.580698
0.397863,-0.579946
0.39857,-0.579195
0.399276,-0.578444
0.399983,-0.577692
0.400689,-0.576941
0.401396,-0.57619
0.402103,-0.575438
0.402809,-0.574687
0.403516,-0.573936
0.404222,-0.573184
0.404929,-0.572433
0.405635,-0.571682
0.406342,-0.57093
0.407049,-0.570179
0.407755,-0.569428
0.408462,-0.568676
0.409168,-0.567925
0.409875,-0.567174
0.410581,-0.566422
0.411288,-0.565671
0.411995,-0.564919
0.412701,-0.564168
0.413408,-0.563417
0.414114,-0.562665
0.414821,-0.561914
0.415527,-0.561163
0.416234,-0.560411
0.416423,-0.561529
0.416613,-0.562646
0.416802,-0.563764
0.416992,-0.564882
0.417181,-0.565999
0.41737,-0.567117
0.41756,-0.568234
0.417749,-0.569352
0.417939,-0.570469
0.418128,-0.571587
0.418318,-0.572704
0.418507,-0.573822
0.418696,-0.574939
0.418886,-0.576057
0.419075,-0.577174
0.419265,-0.578292
0.419454,-0.57941
0.419644,-0.580527
0.419833,-0.581645
0.420022,-0.582762
0.420212,-0.58388
0.420401,-0.584997
0.420591,-0.586115
0.42078,-0.587232
0.420969,-0.58835
0.421159,-0.589467
0.421348,-0.590585
0.421538,-0.591702
0.421727,-0.59282
0.421917,-0.593938
0.422106,-0.595055
0.422295,-0.596173
0.422485,-0.59729
0.422674,-0.598408
0.422864,-0.599525
0.423053,-0.600643
0.423242,-0.60176
0.423432,-0.602878
0.423621,-0.603995
0.423811,-0.605113
0.424,-0.60623
0.42419,-0.607348
0.424379,-0.608466
0.424568,-0.609583
0.424758,-0.610701
0.424947,-0.611818
0.425137,-0.612936
0.425326,-0.614053
0.425516,-0.615171
0.425705,-0.616288
0.425894,-0.617406
0.426084,-0.618523
0.426273,-0.619641
0.426463,-0.620758
0.426652,-0.621876
0.426841,-0.622994
0.427031,-0.624111
0.42722,-0.625229
0.42741,-0.626346
0.427599,-0.627464
0.427789,-0.628581
0.427978,-0.629699
0.428167,-0.630816
0.428357,-0.631934
0.428546,-0.633051
0.428736,-0.634169
0.428925,-0.635286
0.429114,-0.636404
0.429304,-0.637522
0.429493,-0.638639
0.429683,-0.639757
0.429872,-0.640874
0.430062,-0.641992
0.430251,-0.643109
0.43044,-0.644227
0.43063,-0.645344
0.430819,-0.646462
0.431009,-0.647579
0.431198,-0.648697
0.431387,-0.649814
0.431577,-0.650932
0.431766,-0.65205
0.431956,-0.653167
0.432145,-0.654285
0.432335,-0.655402
0.432524,-0.65652
0.432713,-0.657637
0.432903,-0.658755
0.433092,-0.659872
0.433282,-0.66099
0.433471,-0.662107
0.433661,-0.663225
0.43385,-0.664342
0.434039,-0.66546
0.434229,-0.666578
0.434418,-0.667695
0.434608,-0.668813
0.434797,-0.66993
0.434986,-0.671048
0.435176,-0.672165
0.435365,-0.673283
0.435555,-0.6744
0.435744,-0.675518
0.435934,-0.676635
0.436123,-0.677753
0.436312,-0.67887
0.436502,-0.679988
0.436691,-0.681106
0.436881,-0.682223
0.43707,-0.683341
0.437259,-0.684458
0.437449,-0.685576
0.437638,-0.686693
0.437828,-0.687811
0.438017,-0.688928
0.438207,-0.690046
0.438396,-0.691163
0.438585,-0.692281
0.438775,-0.693398
0.438964,-0.694516
0.439154,-0.695633
0.439343,-0.696751
0.439533,-0.697869
0.439722,-0.698986
0.439911,-0.700104
0.440101,-0.701221
0.44029,-0.702339
0.44048,-0.703456
0.440669,-0.704574
0.440858,-0.705691
0.441048,-0.706809
0.441237,-0.707926
0.441427,-0.709044
0.441616,-0.710161
0.441806,-0.711279
0.441995,-0.712397
0.442184,-0.713514
0.442374,-0.714632
0.442563,-0.715749
0.442753,-0.716867
0.442942,-0.717984
0.443131,-0.719102
0.443321,-0.720219
0.44351,-0.721337
0.4437,-0.722454
0.443889,-0.723572
0.444079,-0.724689
0.444268,-0.725807
0.444457,-0.726925
0.443729,-0.725647
0.443001,-0.72437
0.442273,-0.723092
0.441545,-0.721815
0.440816,-0.720537
0.440088,-0.71926
0.43936,-0.717983
0.438632,-0.716705
0.437904,-0.715428
0.437175,-0.71415
0.436447,-0.712873
0.435719,-0.711596
0.434991,-0.710318
0.434263,-0.709041
0.433534,-0.707763
0.432806,-0.706486
0.432078,-0.705208
0.43135,-0.703931
0.430622,-0.702654
0.429894,-0.701376
0.429165,-0.700099
0.428437,-0.698821
0.427709,-0.697544
0.426981,-0.696267
0.426253,-0.694989
0.425524,-0.693712
0.424796,-0.692434
0.424068,-0.691157
0.42334,-0.689879
0.422612,-0.688602
0.421883,-0.687325
0.421155,-0.686047
0.420427,-0.68477
0.419699,-0.683492
0.418971,-0.682215
0.418242,-0.680938
0.417514,-0.67966
0.416786,-0.678383
0.416058,-0.677105
0.41533,-0.675828
0.414601,-0.67455
0.413873,-0.673273
0.413145,-0.671996
0.412417,-0.670718
0.411689,-0.669441
0.41096,-0.668163
0.410232,-0.666886
0.409504,-0.665609
0.408776,-0.664331
0.408048,-0.663054
0.407319,-0.661776
0.406591,-0.660499
0.405863,-0.659221
0.405135,-0.657944
0.404407,-0.656667
0.403679,-0.655389
0.40295,-0.654112
0.402222,-0.652834
0.401494,-0.651557
0.400766,-0.65028
0.400038,-0.649002
0.399309,-0.647725
0.398581,-0.646447
0.397853,-0.64517
0.397125,-0.643892
0.396397,-0.642615
0.395668,-0.641338
0.39494,-0.64006
0.394212,-0.638783
0.393484,-0.637505
0.392756,-0.636228
0.392027,-0.634951
0.391299,-0.633673
0.390571,-0.632396
0.389843,-0.631118
0.389115,-0.629841
0.388386,-0.628563
0.387658,-0.627286
0.38693,-0.626009
0.386202,-0.624731
0.385474,-0.623454
0.384745,-0.622176
0.384017,-0.620899
0.383289,-0.619622
0.382561,-0.618344
0.381833,-0.617067
0.381104,-0.615789
0.380376,-0.614512
0.379648,-0.613234
0.37892,-0.611957
0.378192,-0.61068
0.377464,-0.609402
0.376735,-0.608125
0.376007,-0.606847
0.375279,-0.60557
0.374551,-0.604293
0.373823,-0.603015
0.373094,-0.601738
0.372366,-0.60046
0.371638,-0.599183
0.37091,-0.597905
0.370182,-0.596628
0.369453,-0.595351
0.368725,-0.594073
0.367997,-0.592796
0.367269,-0.591518
0.366541,-0.590241
0.365812,-0.588964
0.365084,-0.587686
0.364356,-0.586409
0.363628,-0.585131
0.3629,-0.583854
0.362171,-0.582576
0.361443,-0.581299
0.360715,-0.580022
0.359987,-0.578744
0.359259,-0.577467
0.35853,-0.576189
0.357802,-0.574912
0.357074,-0.573635
0.356346,-0.572357
0.355618,-0.57108
0.354889,-0.569802
0.354161,-0.568525
0.353433,-0.567247
0.352705,-0.56597
0.351977,-0.564693
0.351248,-0.563415
0.35052,-0.562138
0.349792,-0.56086
0.349064,-0.559583
0.348336,-0.558306
0.347608,-0.557028
0.346879,-0.555751
0.346151,-0.554473
0.345423,-0.553196
0.344695,-0.551918
0.343967,-0.550641
0.343238,-0.549364
0.34251,-0.548086
0.341782,-0.546809
0.341054,-0.545531
0.340326,-0.544254
0.339597,-0.542977
0.338869,-0.541699
0.338141,-0.540422
0.337413,-0.539144
0.336685,-0.537867
0.335956,-0.536589
0.335228,-0.535312
0.336956,-0.535043
0.338684,-0.534774
0.340412,-0.534505
0.34214,-0.534236
0.343868,-0.533967
0.345596,-0.533698
0.347324,-0.533429
0.349052,-0.53316
0.350779,-0.532891
0.352507,-0.532621
0.354235,-0.532352
0.355963,-0.532083
0.357691,-0.531814
0.359419,-0.531545
0.361147,-0.531276
0.362875,-0.531007
0.364603,-0.530738
0.366331,-0.530469
0.368059,-0.5302
0.369787,-0.529931
0.371515,-0.529662
0.373242,-0.529393
0.37497,-0.529124
0.376698,-0.528855
0.378426,-0.528586
0.380154,-0.528316
0.381882,-0.528047
0.38361,-0.527778
0.385338,-0.527509
0.387066,-0.52724
0.388794,-0.526971
0.390522,-0.526702
0.39225,-0.526433
0.393977,-0.526164
0.395705,-0.525895
0.397433,-0.525626
0.399161,-0.525357
0.400889,-0.525088
0.402617,-0.524819
0.404345,-0.52455
0.406073,-0.524281
0.407801,-0.524011
0.409529,-0.523742
0.411257,-0.523473
0.412985,-0.523204
0.414712,-0.522935
0.41644,-0.522666
0.418168,-0.522397
0.419896,-0.522128
0.421624,-0.521859
0.423352,-0.52159
0.42508,-0.521321
0.426808,-0.521052
0.428536,-0.520783
0.430264,-0.520514
0.431992,-0.520245
0.43372,-0.519976
0.435447,-0.519706
0.437175,-0.519437
0.438903,-0.519168
0.440631,-0.518899
0.442359,-0.51863
0.444087,-0.518361
0.445815,-0.518092
0.447543,-0.517823
0.449271,-0.517554
0.450999,-0.517285
0.452727,-0.517016
0.454455,-0.516747
0.456183,-0.516478
0.45791,-0.516209
0.459638,-0.51594
0.461366,-0.515671
0.463094,-0.515402
0.464822,-0.515132
0.46655,-0.514863
0.468278,-0.514594
0.470006,-0.514325
0.471734,-0.514056
0.473462,-0.513787
0.47519,-0.513518
0.476918,-0.513249
0.478645,-0.51298
0.480373,-0.512711
0.482101,-0.512442
0.483829,-0.512173
0.485557,-0.511904
0.487285,-0.511635
0.489013,-0.511366
0.490741,-0.511097
0.492469,-0.510827
0.494197,-0.510558
0.495925,-0.510289
0.497653,-0.51002
0.49938,-0.509751
0.501108,-0.509482
0.502836,-0.509213
0.504564,-0.508944
0.506292,-0.508675
0.50802,-0.508406
0.509748,-0.508137
0.511476,-0.507868
0.513204,-0.507599
0.514932,-0.50733
0.51666,-0.507061
0.518388,-0.506792
0.520115,-0.506522
0.521843,-0.506253
0.523571,-0.505984
0.525299,-0.505715
0.527027,-0.505446
0.528755,-0.505177
0.530483,-0.504908
0.532211,-0.504639
0.533939,-0.50437
0.535667,-0.504101
0.537395,-0.503832
0.539123,-0.503563
0.540851,-0.503294
0.542578,-0.503025
0.544306,-0.502756
0.546034,-0.502487
0.547762,-0.502217
0.54949,-0.501948
0.551218,-0.501679
0.552946,-0.50141
0.554674,-0.501141
0.556402,-0.500872
0.55813,-0.500603
0.559858,-0.500334
0.561586,-0.500065
0.563313,-0.499796
0.565041,-0.499527
0.566769,-0.499258
0.568497,-0.498989
0.570225,-0.49872
0.571953,-0.498451
0.573681,-0.498182
0.575409,-0.497913
0.577137,-0.497643
0.578865,-0.497374
0.580593,-0.497105
0.582321,-0.496836
0.584048,-0.496567
0.585776,-0.496298
0.587504,-0.496029
0.589232,-0.49576
0.59096,-0.495491
0.592688,-0.495222
