O
15
1,0,-1,0.78,-0.5,0.75,0.0,0.0,0.0,0.3,0.4,0.02,0,0.8,False
2,0,-1,1.1,-0.5,0.93,0.0,0.0,0.0,0.02,0.4,0.2,0,0.8,False
3,0,-1,0.78,-0.5,1.11,0.0,0.0,0.0,0.3,0.4,0.02,0,0.8,False
4,0,-1,0.8,-0.92,0.93,0.0,0.0,0.0,0.32,0.02,0.2,0,0.8,False
5,0,-1,0.8,-0.08,0.93,0.0,0.0,0.0,0.32,0.02,0.2,0,0.8,False
6,2,0,0.8498251262900587,-0.6106746038166867,0.8450000000000001,0.0,0.0,5.74170007078215,0.03,0.03,0.15,0.2798296590528107,0.8623977526768076,False
7,2,0,0.8314755283838866,-0.7588114650364732,0.8450000000000001,0.0,0.0,1.8437471162320878,0.03,0.03,0.15,0.38595825132894745,0.8018122542927716,False
8,0,0,0.7014381648737649,-0.833858933639086,0.86,0.0,0.0,3.3494028345479547,0.03,0.04039611429628177,0.09,0.4770551711266342,1.0964208100110362,False
9,0,0,0.5617281177152076,-0.2807269715414491,0.86,0.0,0.0,0.8318417841653416,0.07902071232102299,0.03,0.09,0.481601728370838,0.8201466573051406,False
10,0,0,0.9959727999186285,-0.46690666635074524,0.86,0.0,0.0,3.855856436227316,0.03,0.054562041135940625,0.09,0.22764011699272535,1.1687080751238612,False
11,0,1,0.5840421464963124,-0.7647318770141739,0.9025747184718473,0.0,0.0,3.3857293111541162,0.03,0.052160915259668865,0.13257471847184737,0.11804938820336841,1.109085323255753,True
12,2,1,0.8233419550428049,-0.24302126608728714,0.8450000000000001,0.0,0.0,5.689695573261201,0.03,0.03,0.15,0.01646462456893394,0.9892089850536632,True
13,2,1,1.011985491235805,-0.6877021556318061,0.8450000000000001,0.0,0.0,0.8097375567426981,0.03,0.03,0.15,0.3404731333967676,0.9741450019796396,True
14,2,1,0.7118291527478254,-0.4641856371193446,0.8450000000000001,0.0,0.0,5.421469994117231,0.06387481949698112,0.06387481949698112,0.15,0.4445740939693955,0.8703882602880619,True
15,2,1,0.9324194051377135,-0.8383757144427774,0.8450000000000001,0.0,0.0,3.7094841778414342,0.03,0.03,0.15,0.30312827360745065,0.92239456884857,True
R
0.0,0.0,0.0,0.0,0.0,0.0,1.0
S
8
torso_lift_joint,0
r_shoulder_pan_joint,-1.69017
r_shoulder_lift_joint,-0.0788625
r_upper_arm_roll_joint,-1.69017
r_elbow_flex_joint,-1.2717
r_forearm_roll_joint,-0.151824
r_wrist_flex_joint,-1.25254
r_wrist_roll_joint,0.675062
G
0.478198,-0.3724,0.86,0.831842,-0,0
ooi
9
A
599
0.310248,-0.673113
0.309986,-0.672696
0.309724,-0.672279
0.309462,-0.671862
0.309199,-0.671445
0.308937,-0.671028
0.308675,-0.67061
0.308413,-0.670193
0.30815,-0.669776
0.307888,-0.669359
0.307626,-0.668942
0.307364,-0.668525
0.307101,-0.668108
0.306839,-0.667691
0.306577,-0.667274
0.306315,-0.666857
0.306053,-0.666439
0.30579,-0.666022
0.305528,-0.665605
0.305266,-0.665188
0.305004,-0.664771
0.304741,-0.664354
0.304479,-0.663937
0.304217,-0.66352
0.303955,-0.663103
0.303693,-0.662686
0.30343,-0.662269
0.303168,-0.661851
0.302906,-0.661434
0.302644,-0.661017
0.302381,-0.6606
0.302119,-0.660183
0.301857,-0.659766
0.301595,-0.659349
0.301333,-0.658932
0.30107,-0.658515
0.300808,-0.658098
0.300546,-0.65768
0.300284,-0.657263
0.300021,-0.656846
0.299759,-0.656429
0.299497,-0.656012
0.299235,-0.655595
0.298973,-0.655178
0.29871,-0.654761
0.298448,-0.654344
0.298186,-0.653927
0.297924,-0.653509
0.297661,-0.653092
0.297399,-0.652675
0.297137,-0.652258
0.296875,-0.651841
0.296613,-0.651424
0.29635,-0.651007
0.296088,-0.65059
0.295826,-0.650173
0.295564,-0.649756
0.295301,-0.649338
0.295039,-0.648921
0.294777,-0.648504
0.294515,-0.648087
0.294252,-0.64767
0.29399,-0.647253
0.293728,-0.646836
0.293466,-0.646419
0.293204,-0.646002
0.292941,-0.645585
0.292679,-0.645167
0.292417,-0.64475
0.292155,-0.644333
0.291892,-0.643916
0.29163,-0.643499
0.291368,-0.643082
0.291106,-0.642665
0.290844,-0.642248
0.290581,-0.641831
0.290319,-0.641414
0.290057,-0.640996
0.289795,-0.640579
0.289532,-0.640162
0.28927,-0.639745
0.289008,-0.639328
0.288746,-0.638911
0.288484,-0.638494
0.288221,-0.638077
0.287959,-0.63766
0.287697,-0.637243
0.287435,-0.636825
0.287172,-0.636408
0.28691,-0.635991
0.286648,-0.635574
0.286386,-0.635157
0.286124,-0.63474
0.285861,-0.634323
0.285599,-0.633906
0.285337,-0.633489
0.285075,-0.633072
0.284812,-0.632655
0.28455,-0.632237
0.284288,-0.63182
0.284026,-0.631403
0.283764,-0.630986
0.283501,-0.630569
0.283239,-0.630152
0.282977,-0.629735
0.282715,-0.629318
0.282452,-0.628901
0.28219,-0.628484
0.281928,-0.628066
0.281666,-0.627649
0.281403,-0.627232
0.281141,-0.626815
0.280879,-0.626398
0.280617,-0.625981
0.280355,-0.625564
0.280092,-0.625147
0.27983,-0.62473
0.279568,-0.624313
0.279306,-0.623895
0.279043,-0.623478
0.278781,-0.623061
0.278519,-0.622644
0.278257,-0.622227
0.277995,-0.62181
0.277732,-0.621393
0.27747,-0.620976
0.277208,-0.620559
0.276946,-0.620142
0.276683,-0.619724
0.276421,-0.619307
0.276159,-0.61889
0.275897,-0.618473
0.275635,-0.618056
0.275372,-0.617639
0.27511,-0.617222
0.274848,-0.616805
0.274586,-0.616388
0.274323,-0.615971
0.274061,-0.615553
0.273799,-0.615136
0.273537,-0.614719
0.273275,-0.614302
0.273012,-0.613885
0.27275,-0.613468
0.272488,-0.613051
0.272226,-0.612634
0.271963,-0.612217
0.271701,-0.6118
0.271439,-0.611382
0.271177,-0.610965
0.270915,-0.610548
0.272265,-0.609935
0.273615,-0.609321
0.274966,-0.608708
0.276316,-0.608094
0.277667,-0.60748
0.279017,-0.606867
0.280368,-0.606253
0.281718,-0.60564
0.283068,-0.605026
0.284419,-0.604412
0.285769,-0.603799
0.28712,-0.603185
0.28847,-0.602572
0.289821,-0.601958
0.291171,-0.601344
0.292522,-0.600731
0.293872,-0.600117
0.295222,-0.599504
0.296573,-0.59889
0.297923,-0.598277
0.299274,-0.597663
0.300624,-0.597049
0.301975,-0.596436
0.303325,-0.595822
0.304675,-0.595209
0.306026,-0.594595
0.307376,-0.593981
0.308727,-0.593368
0.310077,-0.592754
0.311428,-0.592141
0.312778,-0.591527
0.314128,-0.590914
0.315479,-0.5903
0.316829,-0.589686
0.31818,-0.589073
0.31953,-0.588459
0.320881,-0.587846
0.322231,-0.587232
0.323582,-0.586618
0.324932,-0.586005
0.326282,-0.585391
0.327633,-0.584778
0.328983,-0.584164
0.330334,-0.58355
0.331684,-0.582937
0.333035,-0.582323
0.334385,-0.58171
0.335735,-0.581096
0.337086,-0.580483
0.338436,-0.579869
0.339787,-0.579255
0.341137,-0.578642
0.342488,-0.578028
0.343838,-0.577415
0.345189,-0.576801
0.346539,-0.576187
0.347889,-0.575574
0.34924,-0.57496
0.35059,-0.574347
0.351941,-0.573733
0.353291,-0.57312
0.354642,-0.572506
0.355992,-0.571892
0.357342,-0.571279
0.358693,-0.570665
0.360043,-0.570052
0.361394,-0.569438
0.362744,-0.568824
0.364095,-0.568211
0.365445,-0.567597
0.366796,-0.566984
0.368146,-0.56637
0.369496,-0.565756
0.370847,-0.565143
0.372197,-0.564529
0.373548,-0.563916
0.374898,-0.563302
0.376249,-0.562689
0.377599,-0.562075
0.378949,-0.561461
0.3803,-0.560848
0.38165,-0.560234
0.383001,-0.559621
0.384351,-0.559007
0.385702,-0.558393
0.387052,-0.55778
0.388403,-0.557166
0.389753,-0.556553
0.391103,-0.555939
0.392454,-0.555326
0.393804,-0.554712
0.395155,-0.554098
0.396505,-0.553485
0.397856,-0.552871
0.399206,-0.552258
0.400556,-0.551644
0.401907,-0.55103
0.403257,-0.550417
0.404608,-0.549803
0.405958,-0.54919
0.407309,-0.548576
0.408659,-0.547962
0.410009,-0.547349
0.41136,-0.546735
0.41271,-0.546122
0.414061,-0.545508
0.415411,-0.544895
0.416762,-0.544281
0.418112,-0.543667
0.419463,-0.543054
0.420813,-0.54244
0.422163,-0.541827
0.423514,-0.541213
0.424864,-0.540599
0.426215,-0.539986
0.427565,-0.539372
0.428916,-0.538759
0.430266,-0.538145
0.431616,-0.537532
0.432967,-0.536918
0.434317,-0.536304
0.435668,-0.535691
0.437018,-0.535077
0.438369,-0.534464
0.439719,-0.53385
0.44107,-0.533236
0.44242,-0.532623
0.44377,-0.532009
0.445121,-0.531396
0.446471,-0.530782
0.447822,-0.530168
0.449172,-0.529555
0.450523,-0.528941
0.451873,-0.528328
0.453223,-0.527714
0.454574,-0.527101
0.455924,-0.526487
0.457275,-0.525873
0.458625,-0.52526
0.459976,-0.524646
0.461326,-0.524033
0.462677,-0.523419
0.464027,-0.522805
0.465377,-0.522192
0.466728,-0.521578
0.468078,-0.520965
0.469429,-0.520351
0.470779,-0.519738
0.47213,-0.519124
0.471953,-0.519064
0.471776,-0.519003
0.471599,-0.518943
0.471423,-0.518882
0.471246,-0.518822
0.471069,-0.518761
0.470892,-0.518701
0.470716,-0.51864
0.470539,-0.51858
0.470362,-0.51852
0.470185,-0.518459
0.470009,-0.518399
0.469832,-0.518338
0.469655,-0.518278
0.469478,-0.518217
0.469302,-0.518157
0.469125,-0.518096
0.468948,-0.518036
0.468771,-0.517976
0.468595,-0.517915
0.468418,-0.517855
0.468241,-0.517794
0.468065,-0.517734
0.467888,-0.517673
0.467711,-0.517613
0.467534,-0.517552
0.467358,-0.517492
0.467181,-0.517432
0.467004,-0.517371
0.466827,-0.517311
0.466651,-0.51725
0.466474,-0.51719
0.466297,-0.517129
0.46612,-0.517069
0.465944,-0.517008
0.465767,-0.516948
0.46559,-0.516888
0.465413,-0.516827
0.465237,-0.516767
0.46506,-0.516706
0.464883,-0.516646
0.464706,-0.516585
0.46453,-0.516525
0.464353,-0.516464
0.464176,-0.516404
0.463999,-0.516344
0.463823,-0.516283
0.463646,-0.516223
0.463469,-0.516162
0.463292,-0.516102
0.463116,-0.516041
0.462939,-0.515981
0.462762,-0.51592
0.462586,-0.51586
0.462409,-0.5158
0.462232,-0.515739
0.462055,-0.515679
0.461879,-0.515618
0.461702,-0.515558
0.461525,-0.515497
0.461348,-0.515437
0.461172,-0.515376
0.460995,-0.515316
0.460818,-0.515256
0.460641,-0.515195
0.460465,-0.515135
0.460288,-0.515074
0.460111,-0.515014
0.459934,-0.514953
0.459758,-0.514893
0.459581,-0.514832
0.459404,-0.514772
0.459227,-0.514712
0.459051,-0.514651
0.458874,-0.514591
0.458697,-0.51453
0.45852,-0.51447
0.458344,-0.514409
0.458167,-0.514349
0.45799,-0.514288
0.457813,-0.514228
0.457637,-0.514168
0.45746,-0.514107
0.457283,-0.514047
0.457107,-0.513986
0.45693,-0.513926
0.456753,-0.513865
0.456576,-0.513805
0.4564,-0.513744
0.456223,-0.513684
0.456046,-0.513624
0.455869,-0.513563
0.455693,-0.513503
0.455516,-0.513442
0.455339,-0.513382
0.455162,-0.513321
0.454986,-0.513261
0.454809,-0.5132
0.454632,-0.51314
0.454455,-0.51308
0.454279,-0.513019
0.454102,-0.512959
0.453925,-0.512898
0.453748,-0.512838
0.453572,-0.512777
0.453395,-0.512717
0.453218,-0.512656
0.453041,-0.512596
0.452865,-0.512536
0.452688,-0.512475
0.452511,-0.512415
0.452334,-0.512354
0.452158,-0.512294
0.451981,-0.512233
0.451804,-0.512173
0.451628,-0.512112
0.451451,-0.512052
0.451274,-0.511992
0.451097,-0.511931
0.450921,-0.511871
0.450744,-0.51181
0.450567,-0.51175
0.45039,-0.511689
0.450214,-0.511629
0.450037,-0.511568
0.44986,-0.511508
0.449683,-0.511448
0.449507,-0.511387
0.44933,-0.511327
0.449153,-0.511266
0.448976,-0.511206
0.4488,-0.511145
0.448623,-0.511085
0.448446,-0.511024
0.448269,-0.510964
0.448093,-0.510904
0.447916,-0.510843
0.447739,-0.510783
0.447562,-0.510722
0.447386,-0.510662
0.447209,-0.510601
0.447032,-0.510541
0.446855,-0.51048
0.446679,-0.51042
0.446502,-0.51036
0.446325,-0.510299
0.446149,-0.510239
0.445972,-0.510178
0.445795,-0.510118
0.445618,-0.510057
0.445837,-0.509133
0.446056,-0.50821
0.446274,-0.507286
0.446493,-0.506362
0.446712,-0.505438
0.44693,-0.504514
0.447149,-0.50359
0.447368,-0.502666
0.447586,-0.501742
0.447805,-0.500819
0.448024,-0.499895
0.448242,-0.498971
0.448461,-0.498047
0.44868,-0.497123
0.448898,-0.496199
0.449117,-0.495275
0.449335,-0.494351
0.449554,-0.493428
0.449773,-0.492504
0.449991,-0.49158
0.45021,-0.490656
0.450429,-0.489732
0.450647,-0.488808
0.450866,-0.487884
0.451085,-0.48696
0.451303,-0.486037
0.451522,-0.485113
0.451741,-0.484189
0.451959,-0.483265
0.452178,-0.482341
0.452397,-0.481417
0.452615,-0.480493
0.452834,-0.479569
0.453053,-0.478646
0.453271,-0.477722
0.45349,-0.476798
0.453709,-0.475874
0.453927,-0.47495
0.454146,-0.474026
0.454365,-0.473102
0.454583,-0.472178
0.454802,-0.471255
0.455021,-0.470331
0.455239,-0.469407
0.455458,-0.468483
0.455677,-0.467559
0.455895,-0.466635
0.456114,-0.465711
0.456333,-0.464787
0.456551,-0.463864
0.45677,-0.46294
0.456988,-0.462016
0.457207,-0.461092
0.457426,-0.460168
0.457644,-0.459244
0.457863,-0.45832
0.458082,-0.457396
0.4583,-0.456472
0.458519,-0.455549
0.458738,-0.454625
0.458956,-0.453701
0.459175,-0.452777
0.459394,-0.451853
0.459612,-0.450929
0.459831,-0.450005
0.46005,-0.449081
0.460268,-0.448158
0.460487,-0.447234
0.460706,-0.44631
0.460924,-0.445386
0.461143,-0.444462
0.461362,-0.443538
0.46158,-0.442614
0.461799,-0.44169
0.462018,-0.440767
0.462236,-0.439843
0.462455,-0.438919
0.462674,-0.437995
0.462892,-0.437071
0.463111,-0.436147
0.46333,-0.435223
0.463548,-0.434299
0.463767,-0.433376
0.463986,-0.432452
0.464204,-0.431528
0.464423,-0.430604
0.464641,-0.42968
0.46486,-0.428756
0.465079,-0.427832
0.465297,-0.426908
0.465516,-0.425985
0.465735,-0.425061
0.465953,-0.424137
0.466172,-0.423213
0.466391,-0.422289
0.466609,-0.421365
0.466828,-0.420441
0.467047,-0.419517
0.467265,-0.418594
0.467484,-0.41767
0.467703,-0.416746
0.467921,-0.415822
0.46814,-0.414898
0.468359,-0.413974
0.468577,-0.41305
0.468796,-0.412126
0.469015,-0.411203
0.469233,-0.410279
0.469452,-0.409355
0.469671,-0.408431
0.469889,-0.407507
0.470108,-0.406583
0.470327,-0.405659
0.470545,-0.404735
0.470764,-0.403812
0.470983,-0.402888
0.471201,-0.401964
0.47142,-0.40104
0.471639,-0.400116
0.471857,-0.399192
0.472076,-0.398268
0.472294,-0.397344
0.472513,-0.396421
0.472732,-0.395497
0.47295,-0.394573
0.473169,-0.393649
0.473388,-0.392725
0.473606,-0.391801
0.473825,-0.390877
0.474044,-0.389953
0.474262,-0.38903
0.474481,-0.388106
0.4747,-0.387182
0.474918,-0.386258
0.475137,-0.385334
0.475356,-0.38441
0.475574,-0.383486
0.475793,-0.382562
0.476012,-0.381639
0.47623,-0.380715
0.476449,-0.379791
0.476668,-0.378867
0.476886,-0.377943
0.477105,-0.377019
0.477324,-0.376095
0.477542,-0.375171
0.477761,-0.374247
0.47798,-0.373324
0.478198,-0.3724
