O
15
1,0,-1,0.78,-0.5,0.75,0.0,0.0,0.0,0.3,0.4,0.02,0,0.8,False
2,0,-1,1.1,-0.5,0.93,0.0,0.0,0.0,0.02,0.4,0.2,0,0.8,False
3,0,-1,0.78,-0.5,1.11,0.0,0.0,0.0,0.3,0.4,0.02,0,0.8,False
4,0,-1,0.8,-0.92,0.93,0.0,0.0,0.0,0.32,0.02,0.2,0,0.8,False
5,0,-1,0.8,-0.08,0.93,0.0,0.0,0.0,0.32,0.02,0.2,0,0.8,False
6,2,0,0.5786481417246951,-0.16960077868482304,0.8450000000000001,0.0,0.0,5.283400639426212,0.03480218120099334,0.03480218120099334,0.15,0.2653539318389629,0.8668470331757367,False
7,0,0,0.6691973333784641,-0.658877409198107,0.9013273580087046,0.0,0.0,4.143259456950828,0.030996008154215233,0.07115376492646909,0.13132735800870457,0.25076424945769604,1.0224012098813777,False
8,0,0,0.7148600592318658,-0.5142378186641247,0.8887260405524606,0.0,0.0,4.635642809918871,0.06241326672492468,0.03,0.11872604055246055,0.09785710523057567,0.9911418407293873,False
9,2,0,0.7141877288505916,-0.25914710465267277,0.8450000000000001,0.0,0.0,2.1468066311254277,0.03,0.03,0.15,0.3541259591493715,0.895369615417651,False
10,2,0,0.8151018622705908,-0.3962511430639433,0.8665637413053339,0.0,0.0,5.535611904953675,0.03,0.03,0.19312748261066773,0.31096309250498644,0.966968607653409,False
11,2,1,0.5883632694941293,-0.7901942362891458,0.8450000000000001,0.0,0.0,1.262452482096573,0.042281564295256605,0.042281564295256605,0.15,0.08849758589817408,1.078462535086343,True
12,2,1,0.8644042290770626,-0.788492245058944,0.8450000000000001,0.0,0.0,4.31515992194681,0.07212755084042513,0.07212755084042513,0.15,0.015973359938501075,0.8923461925464711,True
13,2,1,0.876315017044271,-0.5239125056586836,0.8542250606271533,0.0,0.0,1.0927667035285014,0.03,0.03,0.1684501212543067,0.08126575331798325,1.1261967279448393,True
14,0,1,0.547771224633097,-0.34466965717819453,0.86,0.0,0.0,1.5395767796295474,0.03520905738607113,0.03,0.09,0.03672425066804491,1.107123425732944,True
15,0,1,0.9077578133282058,-0.6286020060364432,0.8897938110413228,0.0,0.0,1.8797121476390142,0.03226744606125546,0.03,0.11979381104132279,0.10139342967574355,1.1923718495331301,True
R
0.0,0.0,0.0,0.0,0.0,0.0,1.0
S
8
torso_lift_joint,0
r_shoulder_pan_joint,-1.69017
r_shoulder_lift_joint,-0.0788625
r_upper_arm_roll_joint,-1.69017
r_elbow_flex_joint,-1.2717
r_forearm_roll_joint,-0.151824
r_wrist_flex_joint,-1.25254
r_wrist_roll_joint,0.675062
G
0.51553,-0.218432,0.845,0.658469,-0,0
ooi
6
A
599
0.310248,-0.673113
0.311601,-0.67281
0.312954,-0.672507
0.314306,-0.672204
0.315659,-0.671901
0.317012,-0.671598
0.318364,-0.671295
0.319717,-0.670992
0.32107,-0.670689
0.322422,-0.670386
0.323775,-0.670083
0.325128,-0.66978
0.32648,-0.669478
0.327833,-0.669175
0.329186,-0.668872
0.330538,-0.668569
0.331891,-0.668266
0.333244,-0.667963
0.334597,-0.66766
0.335949,-0.667357
0.337302,-0.667054
0.338655,-0.666751
0.340007,-0.666448
0.34136,-0.666145
0.342713,-0.665842
0.344065,-0.665539
0.345418,-0.665236
0.346771,-0.664933
0.348123,-0.66463
0.349476,-0.664327
0.350829,-0.664024
0.352181,-0.663721
0.353534,-0.663418
0.354887,-0.663115
0.35624,-0.662812
0.357592,-0.662509
0.358945,-0.662206
0.360298,-0.661903
0.36165,-0.6616
0.363003,-0.661298
0.364356,-0.660995
0.365708,-0.660692
0.367061,-0.660389
0.368414,-0.660086
0.369766,-0.659783
0.371119,-0.65948
0.372472,-0.659177
0.373824,-0.658874
0.375177,-0.658571
0.37653,-0.658268
0.377883,-0.657965
0.379235,-0.657662
0.380588,-0.657359
0.381941,-0.657056
0.383293,-0.656753
0.384646,-0.65645
0.385999,-0.656147
0.387351,-0.655844
0.388704,-0.655541
0.390057,-0.655238
0.391409,-0.654935
0.392762,-0.654632
0.394115,-0.654329
0.395467,-0.654026
0.39682,-0.653723
0.398173,-0.653421
0.399526,-0.653118
0.400878,-0.652815
0.402231,-0.652512
0.403584,-0.652209
0.404936,-0.651906
0.406289,-0.651603
0.407642,-0.6513
0.408994,-0.650997
0.410347,-0.650694
0.4117,-0.650391
0.413052,-0.650088
0.414405,-0.649785
0.415758,-0.649482
0.41711,-0.649179
0.418463,-0.648876
0.419816,-0.648573
0.421169,-0.64827
0.422521,-0.647967
0.423874,-0.647664
0.425227,-0.647361
0.426579,-0.647058
0.427932,-0.646755
0.429285,-0.646452
0.430637,-0.646149
0.43199,-0.645846
0.433343,-0.645543
0.434695,-0.645241
0.436048,-0.644938
0.437401,-0.644635
0.438753,-0.644332
0.440106,-0.644029
0.441459,-0.643726
0.442812,-0.643423
0.444164,-0.64312
0.445517,-0.642817
0.44687,-0.642514
0.448222,-0.642211
0.449575,-0.641908
0.450928,-0.641605
0.45228,-0.641302
0.453633,-0.640999
0.454986,-0.640696
0.456338,-0.640393
0.457691,-0.64009
0.459044,-0.639787
0.460396,-0.639484
0.461749,-0.639181
0.463102,-0.638878
0.464454,-0.638575
0.465807,-0.638272
0.46716,-0.637969
0.468513,-0.637666
0.469865,-0.637363
0.471218,-0.637061
0.472571,-0.636758
0.473923,-0.636455
0.475276,-0.636152
0.476629,-0.635849
0.477981,-0.635546
0.479334,-0.635243
0.480687,-0.63494
0.482039,-0.634637
0.483392,-0.634334
0.484745,-0.634031
0.486097,-0.633728
0.48745,-0.633425
0.488803,-0.633122
0.490156,-0.632819
0.491508,-0.632516
0.492861,-0.632213
0.494214,-0.63191
0.495566,-0.631607
0.496919,-0.631304
0.498272,-0.631001
0.499624,-0.630698
0.500977,-0.630395
0.50233,-0.630092
0.503682,-0.629789
0.505035,-0.629486
0.506388,-0.629183
0.50774,-0.628881
0.509093,-0.628578
0.510446,-0.628275
0.511799,-0.627972
0.513151,-0.627669
0.512635,-0.626316
0.512119,-0.624963
0.511603,-0.62361
0.511087,-0.622257
0.510571,-0.620904
0.510055,-0.619551
0.509539,-0.618198
0.509023,-0.616845
0.508506,-0.615492
0.50799,-0.614139
0.507474,-0.612787
0.506958,-0.611434
0.506442,-0.610081
0.505926,-0.608728
0.50541,-0.607375
0.504894,-0.606022
0.504378,-0.604669
0.503862,-0.603316
0.503346,-0.601963
0.502829,-0.60061
0.502313,-0.599257
0.501797,-0.597904
0.501281,-0.596551
0.500765,-0.595199
0.500249,-0.593846
0.499733,-0.592493
0.499217,-0.59114
0.498701,-0.589787
0.498185,-0.588434
0.497669,-0.587081
0.497153,-0.585728
0.496636,-0.584375
0.49612,-0.583022
0.495604,-0.581669
0.495088,-0.580316
0.494572,-0.578963
0.494056,-0.577611
0.49354,-0.576258
0.493024,-0.574905
0.492508,-0.573552
0.491992,-0.572199
0.491476,-0.570846
0.490959,-0.569493
0.490443,-0.56814
0.489927,-0.566787
0.489411,-0.565434
0.488895,-0.564081
0.488379,-0.562728
0.487863,-0.561375
0.487347,-0.560023
0.486831,-0.55867
0.486315,-0.557317
0.485799,-0.555964
0.485282,-0.554611
0.484766,-0.553258
0.48425,-0.551905
0.483734,-0.550552
0.483218,-0.549199
0.482702,-0.547846
0.482186,-0.546493
0.48167,-0.54514
0.481154,-0.543787
0.480638,-0.542434
0.480122,-0.541082
0.479606,-0.539729
0.479089,-0.538376
0.478573,-0.537023
0.478057,-0.53567
0.477541,-0.534317
0.477025,-0.532964
0.476509,-0.531611
0.475993,-0.530258
0.475477,-0.528905
0.474961,-0.527552
0.474445,-0.526199
0.473929,-0.524846
0.473412,-0.523494
0.472896,-0.522141
0.47238,-0.520788
0.471864,-0.519435
0.471348,-0.518082
0.470832,-0.516729
0.470316,-0.515376
0.4698,-0.514023
0.469284,-0.51267
0.468768,-0.511317
0.468252,-0.509964
0.467735,-0.508611
0.467219,-0.507258
0.466703,-0.505906
0.466187,-0.504553
0.465671,-0.5032
0.465155,-0.501847
0.464639,-0.500494
0.464123,-0.499141
0.463607,-0.497788
0.463091,-0.496435
0.462575,-0.495082
0.462059,-0.493729
0.461542,-0.492376
0.461026,-0.491023
0.46051,-0.48967
0.459994,-0.488318
0.459478,-0.486965
0.458962,-0.485612
0.458446,-0.484259
0.45793,-0.482906
0.457414,-0.481553
0.456898,-0.4802
0.456382,-0.478847
0.455865,-0.477494
0.455349,-0.476141
0.454833,-0.474788
0.454317,-0.473435
0.453801,-0.472082
0.453285,-0.47073
0.452769,-0.469377
0.452253,-0.468024
0.451737,-0.466671
0.451221,-0.465318
0.450705,-0.463965
0.450188,-0.462612
0.449672,-0.461259
0.449156,-0.459906
0.44864,-0.458553
0.448124,-0.4572
0.447608,-0.455847
0.447092,-0.454494
0.446576,-0.453142
0.44606,-0.451789
0.445544,-0.450436
0.445028,-0.449083
0.444512,-0.44773
0.443995,-0.446377
0.443479,-0.445024
0.442963,-0.443671
0.442447,-0.442318
0.441931,-0.440965
0.441415,-0.439612
0.440899,-0.438259
0.440383,-0.436906
0.439867,-0.435554
0.439351,-0.434201
0.438835,-0.432848
0.438318,-0.431495
0.437802,-0.430142
0.437286,-0.428789
0.43677,-0.427436
0.436254,-0.426083
0.437602,-0.425762
0.438949,-0.42544
0.440297,-0.425119
0.441644,-0.424798
0.442992,-0.424477
0.44434,-0.424155
0.445687,-0.423834
0.447035,-0.423513
0.448382,-0.423191
0.44973,-0.42287
0.451077,-0.422549
0.452425,-0.422228
0.453773,-0.421906
0.45512,-0.421585
0.456468,-0.421264
0.457815,-0.420942
0.459163,-0.420621
0.46051,-0.4203
0.461858,-0.419979
0.463206,-0.419657
0.464553,-0.419336
0.465901,-0.419015
0.467248,-0.418693
0.468596,-0.418372
0.469943,-0.418051
0.471291,-0.41773
0.472639,-0.417408
0.473986,-0.417087
0.475334,-0.416766
0.476681,-0.416444
0.478029,-0.416123
0.479376,-0.415802
0.480724,-0.415481
0.482072,-0.415159
0.483419,-0.414838
0.484767,-0.414517
0.486114,-0.414195
0.487462,-0.413874
0.488809,-0.413553
0.490157,-0.413231
0.491505,-0.41291
0.492852,-0.412589
0.4942,-0.412268
0.495547,-0.411946
0.496895,-0.411625
0.498242,-0.411304
0.49959,-0.410982
0.500938,-0.410661
0.502285,-0.41034
0.503633,-0.410019
0.50498,-0.409697
0.506328,-0.409376
0.507675,-0.409055
0.509023,-0.408733
0.510371,-0.408412
0.511718,-0.408091
0.513066,-0.40777
0.514413,-0.407448
0.515761,-0.407127
0.517108,-0.406806
0.518456,-0.406484
0.519804,-0.406163
0.521151,-0.405842
0.522499,-0.405521
0.523846,-0.405199
0.525194,-0.404878
0.526541,-0.404557
0.527889,-0.404235
0.529237,-0.403914
0.530584,-0.403593
0.531932,-0.403272
0.533279,-0.40295
0.534627,-0.402629
0.535975,-0.402308
0.537322,-0.401986
0.53867,-0.401665
0.540017,-0.401344
0.541365,-0.401022
0.542712,-0.400701
0.54406,-0.40038
0.545408,-0.400059
0.546755,-0.399737
0.548103,-0.399416
0.54945,-0.399095
0.550798,-0.398773
0.552145,-0.398452
0.553493,-0.398131
0.554841,-0.39781
0.556188,-0.397488
0.557536,-0.397167
0.558883,-0.396846
0.560231,-0.396524
0.561578,-0.396203
0.562926,-0.395882
0.564274,-0.395561
0.565621,-0.395239
0.566969,-0.394918
0.568316,-0.394597
0.569664,-0.394275
0.571011,-0.393954
0.572359,-0.393633
0.573707,-0.393312
0.575054,-0.39299
0.576402,-0.392669
0.577749,-0.392348
0.579097,-0.392026
0.580444,-0.391705
0.581792,-0.391384
0.58314,-0.391062
0.584487,-0.390741
0.585835,-0.39042
0.587182,-0.390099
0.58853,-0.389777
0.589877,-0.389456
0.591225,-0.389135
0.592573,-0.388813
0.59392,-0.388492
0.595268,-0.388171
0.596615,-0.38785
0.597963,-0.387528
0.59931,-0.387207
0.600658,-0.386886
0.602006,-0.386564
0.603353,-0.386243
0.604701,-0.385922
0.606048,-0.385601
0.607396,-0.385279
0.608743,-0.384958
0.610091,-0.384637
0.611439,-0.384315
0.612786,-0.383994
0.614134,-0.383673
0.615481,-0.383352
0.616829,-0.38303
0.618176,-0.382709
0.619524,-0.382388
0.620872,-0.382066
0.622219,-0.381745
0.623567,-0.381424
0.624914,-0.381103
0.626262,-0.380781
0.627609,-0.38046
0.628957,-0.380139
0.630305,-0.379817
0.631652,-0.379496
0.633,-0.379175
0.634347,-0.378853
0.635695,-0.378532
0.637042,-0.378211
0.63839,-0.37789
0.637565,-0.376819
0.636741,-0.375749
0.635916,-0.374679
0.635092,-0.373609
0.634267,-0.372539
0.633443,-0.371469
0.632618,-0.370398
0.631794,-0.369328
0.630969,-0.368258
0.630144,-0.367188
0.62932,-0.366118
0.628495,-0.365047
0.627671,-0.363977
0.626846,-0.362907
0.626022,-0.361837
0.625197,-0.360767
0.624372,-0.359696
0.623548,-0.358626
0.622723,-0.357556
0.621899,-0.356486
0.621074,-0.355416
0.62025,-0.354346
0.619425,-0.353275
0.618601,-0.352205
0.617776,-0.351135
0.616951,-0.350065
0.616127,-0.348995
0.615302,-0.347924
0.614478,-0.346854
0.613653,-0.345784
0.612829,-0.344714
0.612004,-0.343644
0.611179,-0.342574
0.610355,-0.341503
0.60953,-0.340433
0.608706,-0.339363
0.607881,-0.338293
0.607057,-0.337223
0.606232,-0.336152
0.605408,-0.335082
0.604583,-0.334012
0.603758,-0.332942
0.602934,-0.331872
0.602109,-0.330802
0.601285,-0.329731
0.60046,-0.328661
0.599636,-0.327591
0.598811,-0.326521
0.597986,-0.325451
0.597162,-0.32438
0.596337,-0.32331
0.595513,-0.32224
0.594688,-0.32117
0.593864,-0.3201
0.593039,-0.31903
0.592215,-0.317959
0.59139,-0.316889
0.590565,-0.315819
0.589741,-0.314749
0.588916,-0.313679
0.588092,-0.312608
0.587267,-0.311538
0.586443,-0.310468
0.585618,-0.309398
0.584793,-0.308328
0.583969,-0.307257
0.583144,-0.306187
0.58232,-0.305117
0.581495,-0.304047
0.580671,-0.302977
0.579846,-0.301907
0.579022,-0.300836
0.578197,-0.299766
0.577372,-0.298696
0.576548,-0.297626
0.575723,-0.296556
0.574899,-0.295485
0.574074,-0.294415
0.57325,-0.293345
0.572425,-0.292275
0.5716,-0.291205
0.570776,-0.290135
0.569951,-0.289064
0.569127,-0.287994
0.568302,-0.286924
0.567478,-0.285854
0.566653,-0.284784
0.565829,-0.283713
0.565004,-0.282643
0.564179,-0.281573
0.563355,-0.280503
0.56253,-0.279433
0.561706,-0.278363
0.560881,-0.277292
0.560057,-0.276222
0.559232,-0.275152
0.558407,-0.274082
0.557583,-0.273012
0.556758,-0.271941
0.555934,-0.270871
0.555109,-0.269801
0.554285,-0.268731
0.55346,-0.267661
0.552636,-0.266591
0.551811,-0.26552
0.550986,-0.26445
0.550162,-0.26338
0.549337,-0.26231
0.548513,-0.26124
0.547688,-0.260169
0.546864,-0.259099
0.546039,-0.258029
0.545214,-0.256959
0.54439,-0.255889
0.543565,-0.254818
0.542741,-0.253748
0.541916,-0.252678
0.541092,-0.251608
0.540267,-0.250538
0.539443,-0.249468
0.538618,-0.248397
0.537793,-0.247327
0.536969,-0.246257
0.536144,-0.245187
0.53532,-0.244117
0.534495,-0.243046
0.533671,-0.241976
0.532846,-0.240906
0.532021,-0.239836
0.531197,-0.238766
0.530372,-0.237696
0.529548,-0.236625
0.528723,-0.235555
0.527899,-0.234485
0.527074,-0.233415
0.52625,-0.232345
0.525425,-0.231274
0.5246,-0.230204
0.523776,-0.229134
0.522951,-0.228064
0.522127,-0.226994
0.521302,-0.225924
0.520478,-0.224853
0.519653,-0.223783
0.518828,-0.222713
0.518004,-0.221643
0.517179,-0.220573
0.516355,-0.219502
0.51553,-0.218432
