O
15
1,0,-1,0.78,-0.5,0.75,0.0,0.0,0.0,0.3,0.4,0.02,0,0.8,False
2,0,-1,1.1,-0.5,0.93,0.0,0.0,0.0,0.02,0.4,0.2,0,0.8,False
3,0,-1,0.78,-0.5,1.11,0.0,0.0,0.0,0.3,0.4,0.02,0,0.8,False
4,0,-1,0.8,-0.92,0.93,0.0,0.0,0.0,0.32,0.02,0.2,0,0.8,False
5,0,-1,0.8,-0.08,0.93,0.0,0.0,0.0,0.32,0.02,0.2,0,0.8,False
6,0,0,1.0277333401835858,-0.1779461290788127,0.86,0.0,0.0,2.1968002752192795,0.03,0.03,0.09,0.15510810926384128,1.1409454544477529,False
7,0,0,0.6379829263314745,-0.35921638923914023,0.86,0.0,0.0,1.29327312599063,0.04421978453450915,0.03,0.09,0.44818768205494225,1.0430668903013152,False
8,2,0,0.8848462496925953,-0.30114458490993534,0.8450000000000001,0.0,0.0,3.9543524738243163,0.03,0.03,0.15,0.28585034158860073,0.8413339223774609,False
9,0,0,0.5114682175426212,-0.25342534727452104,0.86,0.0,0.0,2.0318232199204895,0.03,0.05188544007260466,0.09,0.07518378638017603,0.9547033459389506,False
10,2,0,0.6567095184592189,-0.7303760458774411,0.8450000000000001,0.0,0.0,0.9775816148203166,0.03,0.03,0.15,0.31008620118334523,0.9106693374439919,False
11,2,1,0.8800105784994412,-0.6952732713983201,0.8450000000000001,0.0,0.0,1.825178047603503,0.03191383173798719,0.03191383173798719,0.15,0.21162423067480324,0.893064938513187,True
12,0,1,0.8402698587654434,-0.43771374448610983,0.8907271935476511,0.0,0.0,3.8142258817433365,0.03,0.03708685724823272,0.120727193547651,0.4291297086553122,1.1405174611055329,True
13,0,1,0.5146857993931554,-0.47744808770393493,0.86,0.0,0.0,5.795175475636815,0.03,0.03,0.09,0.20249938933603473,1.1167269887409155,True
14,2,1,0.7220985539896904,-0.8561336207500635,0.8594209419172378,0.0,0.0,3.003229952810099,0.03,0.03,0.17884188383447558,0.09447997472373271,1.0438582042204507,True
15,0,1,0.6509367263822736,-0.591299924654509,0.8900021345108402,0.0,0.0,0.9801506381227973,0.03,0.04858691737181216,0.12000213451084013,0.020912186330833415,1.1032818061926135,True
R
0.0,0.0,0.0,0.0,0.0,0.0,1.0
S
8
torso_lift_joint,0
r_shoulder_pan_joint,-1.69017
r_shoulder_lift_joint,-0.0788625
r_upper_arm_roll_joint,-1.69017
r_elbow_flex_joint,-1.2717
r_forearm_roll_joint,-0.151824
r_wrist_flex_joint,-1.25254
r_wrist_roll_joint,0.675062
G
0.613539,-0.445022,0.86,1.29327,-0,0
ooi
7
A
599
0.310248,-0.673113
0.310015,-0.671553
0.309781,-0.669993
0.309548,-0.668433
0.309314,-0.666873
0.309081,-0.665313
0.308847,-0.663753
0.308614,-0.662193
0.30838,-0.660633
0.308147,-0.659073
0.307913,-0.657513
0.30768,-0.655953
0.307446,-0.654394
0.307213,-0.652834
0.306979,-0.651274
0.306745,-0.649714
0.306512,-0.648154
0.306278,-0.646594
0.306045,-0.645034
0.305811,-0.643474
0.305578,-0.641914
0.305344,-0.640354
0.305111,-0.638794
0.304877,-0.637234
0.304644,-0.635674
0.30441,-0.634114
0.304177,-0.632554
0.303943,-0.630994
0.30371,-0.629434
0.303476,-0.627874
0.303243,-0.626314
0.303009,-0.624754
0.302776,-0.623194
0.302542,-0.621634
0.302309,-0.620074
0.302075,-0.618514
0.301842,-0.616954
0.301608,-0.615394
0.301375,-0.613835
0.301141,-0.612275
0.300908,-0.610715
0.300674,-0.609155
0.300441,-0.607595
0.300207,-0.606035
0.299974,-0.604475
0.29974,-0.602915
0.299507,-0.601355
0.299273,-0.599795
0.29904,-0.598235
0.298806,-0.596675
0.298573,-0.595115
0.298339,-0.593555
0.298106,-0.591995
0.297872,-0.590435
0.297639,-0.588875
0.297405,-0.587315
0.297172,-0.585755
0.296938,-0.584195
0.296704,-0.582635
0.296471,-0.581075
0.296237,-0.579515
0.296004,-0.577955
0.29577,-0.576395
0.295537,-0.574835
0.295303,-0.573275
0.29507,-0.571716
0.294836,-0.570156
0.294603,-0.568596
0.294369,-0.567036
0.294136,-0.565476
0.293902,-0.563916
0.293669,-0.562356
0.293435,-0.560796
0.293202,-0.559236
0.292968,-0.557676
0.292735,-0.556116
0.292501,-0.554556
0.292268,-0.552996
0.292034,-0.551436
0.291801,-0.549876
0.291567,-0.548316
0.291334,-0.546756
0.2911,-0.545196
0.290867,-0.543636
0.290633,-0.542076
0.2904,-0.540516
0.290166,-0.538956
0.289933,-0.537396
0.289699,-0.535836
0.289466,-0.534276
0.289232,-0.532716
0.288999,-0.531157
0.288765,-0.529597
0.288532,-0.528037
0.288298,-0.526477
0.288065,-0.524917
0.287831,-0.523357
0.287598,-0.521797
0.287364,-0.520237
0.287131,-0.518677
0.286897,-0.517117
0.286663,-0.515557
0.28643,-0.513997
0.286196,-0.512437
0.285963,-0.510877
0.285729,-0.509317
0.285496,-0.507757
0.285262,-0.506197
0.285029,-0.504637
0.284795,-0.503077
0.284562,-0.501517
0.284328,-0.499957
0.284095,-0.498397
0.283861,-0.496837
0.283628,-0.495277
0.283394,-0.493717
0.283161,-0.492157
0.282927,-0.490597
0.282694,-0.489038
0.28246,-0.487478
0.282227,-0.485918
0.281993,-0.484358
0.28176,-0.482798
0.281526,-0.481238
0.281293,-0.479678
0.281059,-0.478118
0.280826,-0.476558
0.280592,-0.474998
0.280359,-0.473438
0.280125,-0.471878
0.279892,-0.470318
0.279658,-0.468758
0.279425,-0.467198
0.279191,-0.465638
0.278958,-0.464078
0.278724,-0.462518
0.278491,-0.460958
0.278257,-0.459398
0.278024,-0.457838
0.27779,-0.456278
0.277557,-0.454718
0.277323,-0.453158
0.277089,-0.451598
0.276856,-0.450038
0.276622,-0.448479
0.276389,-0.446919
0.276155,-0.445359
0.275922,-0.443799
0.275688,-0.442239
0.275455,-0.440679
0.275221,-0.439119
0.275351,-0.439087
0.275481,-0.439055
0.27561,-0.439023
0.27574,-0.438991
0.275869,-0.438959
0.275999,-0.438927
0.276128,-0.438895
0.276258,-0.438863
0.276388,-0.438832
0.276517,-0.4388
0.276647,-0.438768
0.276776,-0.438736
0.276906,-0.438704
0.277036,-0.438672
0.277165,-0.43864
0.277295,-0.438608
0.277424,-0.438576
0.277554,-0.438544
0.277683,-0.438512
0.277813,-0.438481
0.277943,-0.438449
0.278072,-0.438417
0.278202,-0.438385
0.278331,-0.438353
0.278461,-0.438321
0.278591,-0.438289
0.27872,-0.438257
0.27885,-0.438225
0.278979,-0.438193
0.279109,-0.438161
0.279238,-0.43813
0.279368,-0.438098
0.279498,-0.438066
0.279627,-0.438034
0.279757,-0.438002
0.279886,-0.43797
0.280016,-0.437938
0.280146,-0.437906
0.280275,-0.437874
0.280405,-0.437842
0.280534,-0.43781
0.280664,-0.437778
0.280793,-0.437747
0.280923,-0.437715
0.281053,-0.437683
0.281182,-0.437651
0.281312,-0.437619
0.281441,-0.437587
0.281571,-0.437555
0.281701,-0.437523
0.28183,-0.437491
0.28196,-0.437459
0.282089,-0.437427
0.282219,-0.437396
0.282348,-0.437364
0.282478,-0.437332
0.282608,-0.4373
0.282737,-0.437268
0.282867,-0.437236
0.282996,-0.437204
0.283126,-0.437172
0.283256,-0.43714
0.283385,-0.437108
0.283515,-0.437076
0.283644,-0.437045
0.283774,-0.437013
0.283903,-0.436981
0.284033,-0.436949
0.284163,-0.436917
0.284292,-0.436885
0.284422,-0.436853
0.284551,-0.436821
0.284681,-0.436789
0.284811,-0.436757
0.28494,-0.436725
0.28507,-0.436694
0.285199,-0.436662
0.285329,-0.43663
0.285458,-0.436598
0.285588,-0.436566
0.285718,-0.436534
0.285847,-0.436502
0.285977,-0.43647
0.286106,-0.436438
0.286236,-0.436406
0.286365,-0.436374
0.286495,-0.436343
0.286625,-0.436311
0.286754,-0.436279
0.286884,-0.436247
0.287013,-0.436215
0.287143,-0.436183
0.287273,-0.436151
0.287402,-0.436119
0.287532,-0.436087
0.287661,-0.436055
0.287791,-0.436023
0.28792,-0.435992
0.28805,-0.43596
0.28818,-0.435928
0.288309,-0.435896
0.288439,-0.435864
0.288568,-0.435832
0.288698,-0.4358
0.288828,-0.435768
0.288957,-0.435736
0.289087,-0.435704
0.289216,-0.435672
0.289346,-0.435641
0.289475,-0.435609
0.289605,-0.435577
0.289735,-0.435545
0.289864,-0.435513
0.289994,-0.435481
0.290123,-0.435449
0.290253,-0.435417
0.290383,-0.435385
0.290512,-0.435353
0.290642,-0.435321
0.290771,-0.435289
0.290901,-0.435258
0.29103,-0.435226
0.29116,-0.435194
0.29129,-0.435162
0.291419,-0.43513
0.291549,-0.435098
0.291678,-0.435066
0.291808,-0.435034
0.291938,-0.435002
0.292067,-0.43497
0.292197,-0.434938
0.292326,-0.434907
0.292456,-0.434875
0.292585,-0.434843
0.292715,-0.434811
0.292845,-0.434779
0.292974,-0.434747
0.293104,-0.434715
0.293233,-0.434683
0.293363,-0.434651
0.293493,-0.434619
0.293622,-0.434587
0.293752,-0.434556
0.293881,-0.434524
0.294011,-0.434492
0.29414,-0.43446
0.29427,-0.434428
0.2944,-0.434396
0.294529,-0.434364
0.296024,-0.434871
0.29752,-0.435378
0.299015,-0.435885
0.30051,-0.436391
0.302005,-0.436898
0.3035,-0.437405
0.304995,-0.437912
0.306491,-0.438419
0.307986,-0.438925
0.309481,-0.439432
0.310976,-0.439939
0.312471,-0.440446
0.313967,-0.440953
0.315462,-0.441459
0.316957,-0.441966
0.318452,-0.442473
0.319947,-0.44298
0.321443,-0.443487
0.322938,-0.443993
0.324433,-0.4445
0.325928,-0.445007
0.327423,-0.445514
0.328918,-0.446021
0.330414,-0.446527
0.331909,-0.447034
0.333404,-0.447541
0.334899,-0.448048
0.336394,-0.448555
0.33789,-0.449061
0.339385,-0.449568
0.34088,-0.450075
0.342375,-0.450582
0.34387,-0.451089
0.345366,-0.451595
0.346861,-0.452102
0.348356,-0.452609
0.349851,-0.453116
0.351346,-0.453623
0.352841,-0.45413
0.354337,-0.454636
0.355832,-0.455143
0.357327,-0.45565
0.358822,-0.456157
0.360317,-0.456664
0.361813,-0.45717
0.363308,-0.457677
0.364803,-0.458184
0.366298,-0.458691
0.367793,-0.459198
0.369289,-0.459704
0.370784,-0.460211
0.372279,-0.460718
0.373774,-0.461225
0.375269,-0.461732
0.376764,-0.462238
0.37826,-0.462745
0.379755,-0.463252
0.38125,-0.463759
0.382745,-0.464266
0.38424,-0.464772
0.385736,-0.465279
0.387231,-0.465786
0.388726,-0.466293
0.390221,-0.4668
0.391716,-0.467306
0.393212,-0.467813
0.394707,-0.46832
0.396202,-0.468827
0.397697,-0.469334
0.399192,-0.46984
0.400687,-0.470347
0.402183,-0.470854
0.403678,-0.471361
0.405173,-0.471868
0.406668,-0.472375
0.408163,-0.472881
0.409659,-0.473388
0.411154,-0.473895
0.412649,-0.474402
0.414144,-0.474909
0.415639,-0.475415
0.417135,-0.475922
0.41863,-0.476429
0.420125,-0.476936
0.42162,-0.477443
0.423115,-0.477949
0.42461,-0.478456
0.426106,-0.478963
0.427601,-0.47947
0.429096,-0.479977
0.430591,-0.480483
0.432086,-0.48099
0.433582,-0.481497
0.435077,-0.482004
0.436572,-0.482511
0.438067,-0.483017
0.439562,-0.483524
0.441058,-0.484031
0.442553,-0.484538
0.444048,-0.485045
0.445543,-0.485551
0.447038,-0.486058
0.448533,-0.486565
0.450029,-0.487072
0.451524,-0.487579
0.453019,-0.488085
0.454514,-0.488592
0.456009,-0.489099
0.457505,-0.489606
0.459,-0.490113
0.460495,-0.49062
0.46199,-0.491126
0.463485,-0.491633
0.464981,-0.49214
0.466476,-0.492647
0.467971,-0.493154
0.469466,-0.49366
0.470961,-0.494167
0.472456,-0.494674
0.473952,-0.495181
0.475447,-0.495688
0.476942,-0.496194
0.478437,-0.496701
0.479932,-0.497208
0.481428,-0.497715
0.482923,-0.498222
0.484418,-0.498728
0.485913,-0.499235
0.487408,-0.499742
0.488904,-0.500249
0.490399,-0.500756
0.491894,-0.501262
0.493389,-0.501769
0.494884,-0.502276
0.496379,-0.502783
0.497875,-0.50329
0.49937,-0.503796
0.500865,-0.504303
0.50236,-0.50481
0.503855,-0.505317
0.505351,-0.505824
0.506846,-0.50633
0.508341,-0.506837
0.509836,-0.507344
0.511331,-0.507851
0.512827,-0.508358
0.514322,-0.508865
0.515817,-0.509371
0.517312,-0.509878
0.518807,-0.510385
0.519443,-0.509946
0.520079,-0.509508
0.520715,-0.509069
0.52135,-0.50863
0.521986,-0.508192
0.522622,-0.507753
0.523258,-0.507314
0.523894,-0.506876
0.524529,-0.506437
0.525165,-0.505998
0.525801,-0.50556
0.526437,-0.505121
0.527072,-0.504682
0.527708,-0.504243
0.528344,-0.503805
0.52898,-0.503366
0.529616,-0.502927
0.530251,-0.502489
0.530887,-0.50205
0.531523,-0.501611
0.532159,-0.501173
0.532795,-0.500734
0.53343,-0.500295
0.534066,-0.499857
0.534702,-0.499418
0.535338,-0.498979
0.535973,-0.498541
0.536609,-0.498102
0.537245,-0.497663
0.537881,-0.497225
0.538517,-0.496786
0.539152,-0.496347
0.539788,-0.495909
0.540424,-0.49547
0.54106,-0.495031
0.541695,-0.494593
0.542331,-0.494154
0.542967,-0.493715
0.543603,-0.493277
0.544239,-0.492838
0.544874,-0.492399
0.54551,-0.491961
0.546146,-0.491522
0.546782,-0.491083
0.547418,-0.490645
0.548053,-0.490206
0.548689,-0.489767
0.549325,-0.489329
0.549961,-0.48889
0.550596,-0.488451
0.551232,-0.488013
0.551868,-0.487574
0.552504,-0.487135
0.55314,-0.486696
0.553775,-0.486258
0.554411,-0.485819
0.555047,-0.48538
0.555683,-0.484942
0.556318,-0.484503
0.556954,-0.484064
0.55759,-0.483626
0.558226,-0.483187
0.558862,-0.482748
0.559497,-0.48231
0.560133,-0.481871
0.560769,-0.481432
0.561405,-0.480994
0.562041,-0.480555
0.562676,-0.480116
0.563312,-0.479678
0.563948,-0.479239
0.564584,-0.4788
0.565219,-0.478362
0.565855,-0.477923
0.566491,-0.477484
0.567127,-0.477046
0.567763,-0.476607
0.568398,-0.476168
0.569034,-0.47573
0.56967,-0.475291
0.570306,-0.474852
0.570942,-0.474414
0.571577,-0.473975
0.572213,-0.473536
0.572849,-0.473098
0.573485,-0.472659
0.57412,-0.47222
0.574756,-0.471782
0.575392,-0.471343
0.576028,-0.470904
0.576664,-0.470466
0.577299,-0.470027
0.577935,-0.469588
0.578571,-0.469149
0.579207,-0.468711
0.579842,-0.468272
0.580478,-0.467833
0.581114,-0.467395
0.58175,-0.466956
0.582386,-0.466517
0.583021,-0.466079
0.583657,-0.46564
0.584293,-0.465201
0.584929,-0.464763
0.585565,-0.464324
0.5862,-0.463885
0.586836,-0.463447
0.587472,-0.463008
0.588108,-0.462569
0.588743,-0.462131
0.589379,-0.461692
0.590015,-0.461253
0.590651,-0.460815
0.591287,-0.460376
0.591922,-0.459937
0.592558,-0.459499
0.593194,-0.45906
0.59383,-0.458621
0.594465,-0.458183
0.595101,-0.457744
0.595737,-0.457305
0.596373,-0.456867
0.597009,-0.456428
0.597644,-0.455989
0.59828,-0.455551
0.598916,-0.455112
0.599552,-0.454673
0.600188,-0.454235
0.600823,-0.453796
0.601459,-0.453357
0.602095,-0.452919
0.602731,-0.45248
0.603366,-0.452041
0.604002,-0.451602
0.604638,-0.451164
0.605274,-0.450725
0.60591,-0.450286
0.606545,-0.449848
0.607181,-0.449409
0.607817,-0.44897
0.608453,-0.448532
0.609089,-0.448093
0.609724,-0.447654
0.61036,-0.447216
0.610996,-0.446777
0.611632,-0.446338
0.612267,-0.4459
0.612903,-0.445461
0.613539,-0.445022
