O
15
1,0,-1,0.78,-0.5,0.75,0.0,0.0,0.0,0.3,0.4,0.02,0,0.8,False
2,0,-1,1.1,-0.5,0.93,0.0,0.0,0.0,0.02,0.4,0.2,0,0.8,False
3,0,-1,0.78,-0.5,1.11,0.0,0.0,0.0,0.3,0.4,0.02,0,0.8,False
4,0,-1,0.8,-0.92,0.93,0.0,0.0,0.0,0.32,0.02,0.2,0,0.8,False
5,0,-1,0.8,-0.08,0.93,0.0,0.0,0.0,0.32,0.02,0.2,0,0.8,False
6,0,0,0.5350375463430685,-0.7583301859327458,0.8811070467549932,0.0,0.0,1.1756481776169292,0.05166738368293733,0.03118882252582701,0.11110704675499312,0.09674186240188115,1.0124277609937746,False
7,0,0,0.5980204720788538,-0.45829564319125043,0.9070933115213506,0.0,0.0,0.1038867682640414,0.0710966186915915,0.03,0.1370933115213506,0.28629807930465523,0.9706279097533017,False
8,0,0,0.9281884604156719,-0.7598452947799315,0.86,0.0,0.0,4.9112073796184585,0.055052836284621834,0.03,0.09,0.09811486922002433,0.9824188613516951,False
9,0,0,0.8570207433292787,-0.2473767748574761,0.86,0.0,0.0,1.6157088018737753,0.03,0.04631591448810623,0.09,0.4438758541655094,1.024620287456686,False
10,2,0,0.7804129998177749,-0.6321770357058768,0.8450000000000001,0.0,0.0,1.9157469019095499,0.03,0.03,0.15,0.22107576922113314,0.8712512857106287,False
11,2,1,0.8658837402500071,-0.5496914587740269,0.8450000000000001,0.0,0.0,6.212659657248327,0.03,0.03,0.15,0.08264750460040499,1.1620291834877345,True
12,0,1,0.580665514457938,-0.2796465252577499,0.9204015988778315,0.0,0.0,4.292391692144342,0.06007810279794638,0.05306728820132299,0.15040159887783142,0.16528037806969897,1.0120540522057047,True
13,2,1,0.6813095525812702,-0.7200391881735959,0.8450000000000001,0.0,0.0,1.3527728565779265,0.03,0.03,0.15,0.30020120543635465,1.0924416000515627,True
14,2,1,0.9252552035236816,-0.40462560690881855,0.8450000000000001,0.0,0.0,4.808066819645797,0.0317800134245329,0.0317800134245329,0.15,0.32241422647972967,1.1387536032499534,True
15,0,1,0.9863005622409111,-0.22102466807624965,0.904523845273591,0.0,0.0,5.089135914581155,0.05366345925783272,0.03,0.13452384527359096,0.3111984006064494,1.1153796556291138,True
R
0.0,0.0,0.0,0.0,0.0,0.0,1.0
S
8
torso_lift_joint,0
r_shoulder_pan_joint,-1.69017
r_shoulder_lift_joint,-0.0788625
r_upper_arm_roll_joint,-1.69017
r_elbow_flex_joint,-1.2717
r_forearm_roll_joint,-0.151824
r_wrist_flex_joint,-1.25254
r_wrist_roll_joint,0.675062
G
0.48255,-0.470335,0.907093,0.103887,-0,0
ooi
7
A
599
0.310248,-0.673113
0.310576,-0.673334
0.310903,-0.673554
0.31123,-0.673775
0.311558,-0.673995
0.311885,-0.674216
0.312213,-0.674436
0.31254,-0.674657
0.312868,-0.674878
0.313195,-0.675098
0.313522,-0.675319
0.31385,-0.675539
0.314177,-0.67576
0.314505,-0.67598
0.314832,-0.676201
0.31516,-0.676422
0.315487,-0.676642
0.315814,-0.676863
0.316142,-0.677083
0.316469,-0.677304
0.316797,-0.677524
0.317124,-0.677745
0.317451,-0.677965
0.317779,-0.678186
0.318106,-0.678407
0.318434,-0.678627
0.318761,-0.678848
0.319089,-0.679068
0.319416,-0.679289
0.319743,-0.679509
0.320071,-0.67973
0.320398,-0.679951
0.320726,-0.680171
0.321053,-0.680392
0.321381,-0.680612
0.321708,-0.680833
0.322035,-0.681053
0.322363,-0.681274
0.32269,-0.681494
0.323018,-0.681715
0.323345,-0.681936
0.323672,-0.682156
0.324,-0.682377
0.324327,-0.682597
0.324655,-0.682818
0.324982,-0.683038
0.32531,-0.683259
0.325637,-0.68348
0.325964,-0.6837
0.326292,-0.683921
0.326619,-0.684141
0.326947,-0.684362
0.327274,-0.684582
0.327602,-0.684803
0.327929,-0.685023
0.328256,-0.685244
0.328584,-0.685465
0.328911,-0.685685
0.329239,-0.685906
0.329566,-0.686126
0.329893,-0.686347
0.330221,-0.686567
0.330548,-0.686788
0.330876,-0.687009
0.331203,-0.687229
0.331531,-0.68745
0.331858,-0.68767
0.332185,-0.687891
0.332513,-0.688111
0.33284,-0.688332
0.333168,-0.688553
0.333495,-0.688773
0.333823,-0.688994
0.33415,-0.689214
0.334477,-0.689435
0.334805,-0.689655
0.335132,-0.689876
0.33546,-0.690096
0.335787,-0.690317
0.336115,-0.690538
0.336442,-0.690758
0.336769,-0.690979
0.337097,-0.691199
0.337424,-0.69142
0.337752,-0.69164
0.338079,-0.691861
0.338406,-0.692082
0.338734,-0.692302
0.339061,-0.692523
0.339389,-0.692743
0.339716,-0.692964
0.340044,-0.693184
0.340371,-0.693405
0.340698,-0.693625
0.341026,-0.693846
0.341353,-0.694067
0.341681,-0.694287
0.342008,-0.694508
0.342336,-0.694728
0.342663,-0.694949
0.34299,-0.695169
0.343318,-0.69539
0.343645,-0.695611
0.343973,-0.695831
0.3443,-0.696052
0.344627,-0.696272
0.344955,-0.696493
0.345282,-0.696713
0.34561,-0.696934
0.345937,-0.697154
0.346265,-0.697375
0.346592,-0.697596
0.346919,-0.697816
0.347247,-0.698037
0.347574,-0.698257
0.347902,-0.698478
0.348229,-0.698698
0.348557,-0.698919
0.348884,-0.69914
0.349211,-0.69936
0.349539,-0.699581
0.349866,-0.699801
0.350194,-0.700022
0.350521,-0.700242
0.350848,-0.700463
0.351176,-0.700683
0.351503,-0.700904
0.351831,-0.701125
0.352158,-0.701345
0.352486,-0.701566
0.352813,-0.701786
0.35314,-0.702007
0.353468,-0.702227
0.353795,-0.702448
0.354123,-0.702669
0.35445,-0.702889
0.354778,-0.70311
0.355105,-0.70333
0.355432,-0.703551
0.35576,-0.703771
0.356087,-0.703992
0.356415,-0.704213
0.356742,-0.704433
0.35707,-0.704654
0.357397,-0.704874
0.357724,-0.705095
0.358052,-0.705315
0.358379,-0.705536
0.358707,-0.705756
0.359034,-0.705977
0.359361,-0.706198
0.359828,-0.705361
0.360294,-0.704524
0.36076,-0.703687
0.361227,-0.70285
0.361693,-0.702013
0.36216,-0.701177
0.362626,-0.70034
0.363092,-0.699503
0.363559,-0.698666
0.364025,-0.697829
0.364491,-0.696992
0.364958,-0.696156
0.365424,-0.695319
0.36589,-0.694482
0.366357,-0.693645
0.366823,-0.692808
0.367289,-0.691971
0.367756,-0.691135
0.368222,-0.690298
0.368688,-0.689461
0.369155,-0.688624
0.369621,-0.687787
0.370087,-0.68695
0.370554,-0.686114
0.37102,-0.685277
0.371486,-0.68444
0.371953,-0.683603
0.372419,-0.682766
0.372885,-0.681929
0.373352,-0.681093
0.373818,-0.680256
0.374284,-0.679419
0.374751,-0.678582
0.375217,-0.677745
0.375684,-0.676908
0.37615,-0.676072
0.376616,-0.675235
0.377083,-0.674398
0.377549,-0.673561
0.378015,-0.672724
0.378482,-0.671887
0.378948,-0.671051
0.379414,-0.670214
0.379881,-0.669377
0.380347,-0.66854
0.380813,-0.667703
0.38128,-0.666866
0.381746,-0.66603
0.382212,-0.665193
0.382679,-0.664356
0.383145,-0.663519
0.383611,-0.662682
0.384078,-0.661845
0.384544,-0.661009
0.38501,-0.660172
0.385477,-0.659335
0.385943,-0.658498
0.386409,-0.657661
0.386876,-0.656824
0.387342,-0.655988
0.387808,-0.655151
0.388275,-0.654314
0.388741,-0.653477
0.389208,-0.65264
0.389674,-0.651803
0.39014,-0.650967
0.390607,-0.65013
0.391073,-0.649293
0.391539,-0.648456
0.392006,-0.647619
0.392472,-0.646782
0.392938,-0.645946
0.393405,-0.645109
0.393871,-0.644272
0.394337,-0.643435
0.394804,-0.642598
0.39527,-0.641761
0.395736,-0.640925
0.396203,-0.640088
0.396669,-0.639251
0.397135,-0.638414
0.397602,-0.637577
0.398068,-0.63674
0.398534,-0.635904
0.399001,-0.635067
0.399467,-0.63423
0.399933,-0.633393
0.4004,-0.632556
0.400866,-0.631719
0.401332,-0.630883
0.401799,-0.630046
0.402265,-0.629209
0.402732,-0.628372
0.403198,-0.627535
0.403664,-0.626698
0.404131,-0.625862
0.404597,-0.625025
0.405063,-0.624188
0.40553,-0.623351
0.405996,-0.622514
0.406462,-0.621677
0.406929,-0.620841
0.407395,-0.620004
0.407861,-0.619167
0.408328,-0.61833
0.408794,-0.617493
0.40926,-0.616656
0.409727,-0.61582
0.410193,-0.614983
0.410659,-0.614146
0.411126,-0.613309
0.411592,-0.612472
0.412058,-0.611635
0.412525,-0.610799
0.412991,-0.609962
0.413457,-0.609125
0.413924,-0.608288
0.41439,-0.607451
0.414856,-0.606614
0.415323,-0.605778
0.415789,-0.604941
0.416256,-0.604104
0.416722,-0.603267
0.417188,-0.60243
0.417655,-0.601593
0.418121,-0.600757
0.418587,-0.59992
0.419054,-0.599083
0.41952,-0.598246
0.419986,-0.597409
0.420453,-0.596572
0.420919,-0.595736
0.421385,-0.594899
0.421852,-0.594062
0.422318,-0.593225
0.422784,-0.592388
0.423251,-0.591551
0.423717,-0.590715
0.424183,-0.589878
0.42465,-0.589041
0.425116,-0.588204
0.425582,-0.587367
0.426049,-0.58653
0.426515,-0.585694
0.426981,-0.584857
0.427448,-0.58402
0.427914,-0.583183
0.42838,-0.582346
0.428847,-0.581509
0.429728,-0.581376
0.43061,-0.581243
0.431491,-0.581109
0.432373,-0.580976
0.433255,-0.580842
0.434136,-0.580709
0.435018,-0.580576
0.435899,-0.580442
0.436781,-0.580309
0.437662,-0.580175
0.438544,-0.580042
0.439425,-0.579909
0.440307,-0.579775
0.441188,-0.579642
0.44207,-0.579509
0.442952,-0.579375
0.443833,-0.579242
0.444715,-0.579108
0.445596,-0.578975
0.446478,-0.578842
0.447359,-0.578708
0.448241,-0.578575
0.449122,-0.578441
0.450004,-0.578308
0.450885,-0.578175
0.451767,-0.578041
0.452649,-0.577908
0.45353,-0.577774
0.454412,-0.577641
0.455293,-0.577508
0.456175,-0.577374
0.457056,-0.577241
0.457938,-0.577107
0.458819,-0.576974
0.459701,-0.576841
0.460582,-0.576707
0.461464,-0.576574
0.462346,-0.57644
0.463227,-0.576307
0.464109,-0.576174
0.46499,-0.57604
0.465872,-0.575907
0.466753,-0.575773
0.467635,-0.57564
0.468516,-0.575507
0.469398,-0.575373
0.470279,-0.57524
0.471161,-0.575106
0.472043,-0.574973
0.472924,-0.57484
0.473806,-0.574706
0.474687,-0.574573
0.475569,-0.574439
0.47645,-0.574306
0.477332,-0.574173
0.478213,-0.574039
0.479095,-0.573906
0.479976,-0.573772
0.480858,-0.573639
0.48174,-0.573506
0.482621,-0.573372
0.483503,-0.573239
0.484384,-0.573106
0.485266,-0.572972
0.486147,-0.572839
0.487029,-0.572705
0.48791,-0.572572
0.488792,-0.572439
0.489673,-0.572305
0.490555,-0.572172
0.491437,-0.572038
0.492318,-0.571905
0.4932,-0.571772
0.494081,-0.571638
0.494963,-0.571505
0.495844,-0.571371
0.496726,-0.571238
0.497607,-0.571105
0.498489,-0.570971
0.49937,-0.570838
0.500252,-0.570704
0.501134,-0.570571
0.502015,-0.570438
0.502897,-0.570304
0.503778,-0.570171
0.50466,-0.570037
0.505541,-0.569904
0.506423,-0.569771
0.507304,-0.569637
0.508186,-0.569504
0.509067,-0.56937
0.509949,-0.569237
0.510831,-0.569104
0.511712,-0.56897
0.512594,-0.568837
0.513475,-0.568703
0.514357,-0.56857
0.515238,-0.568437
0.51612,-0.568303
0.517001,-0.56817
0.517883,-0.568036
0.518764,-0.567903
0.519646,-0.56777
0.520528,-0.567636
0.521409,-0.567503
0.522291,-0.567369
0.523172,-0.567236
0.524054,-0.567103
0.524935,-0.566969
0.525817,-0.566836
0.526698,-0.566703
0.52758,-0.566569
0.528461,-0.566436
0.529343,-0.566302
0.530225,-0.566169
0.531106,-0.566036
0.531988,-0.565902
0.532869,-0.565769
0.533751,-0.565635
0.534632,-0.565502
0.535514,-0.565369
0.536395,-0.565235
0.537277,-0.565102
0.538158,-0.564968
0.53904,-0.564835
0.539922,-0.564702
0.540803,-0.564568
0.541685,-0.564435
0.542566,-0.564301
0.543448,-0.564168
0.544329,-0.564035
0.545211,-0.563901
0.546092,-0.563768
0.546974,-0.563634
0.547855,-0.563501
0.548737,-0.563368
0.549619,-0.563234
0.5505,-0.563101
0.551382,-0.562967
0.552263,-0.562834
0.553145,-0.562701
0.554026,-0.562567
0.554908,-0.562434
0.555789,-0.5623
0.556671,-0.562167
0.557552,-0.562034
0.558434,-0.5619
0.559316,-0.561767
0.560197,-0.561633
0.561079,-0.5615
0.560552,-0.560888
0.560025,-0.560276
0.559498,-0.559665
0.55897,-0.559053
0.558443,-0.558441
0.557916,-0.557829
0.557389,-0.557217
0.556862,-0.556605
0.556335,-0.555993
0.555808,-0.555382
0.555281,-0.55477
0.554754,-0.554158
0.554227,-0.553546
0.5537,-0.552934
0.553173,-0.552322
0.552646,-0.551711
0.552119,-0.551099
0.551592,-0.550487
0.551065,-0.549875
0.550538,-0.549263
0.550011,-0.548651
0.549484,-0.548039
0.548957,-0.547428
0.54843,-0.546816
0.547903,-0.546204
0.547376,-0.545592
0.546849,-0.54498
0.546322,-0.544368
0.545795,-0.543757
0.545267,-0.543145
0.54474,-0.542533
0.544213,-0.541921
0.543686,-0.541309
0.543159,-0.540697
0.542632,-0.540085
0.542105,-0.539474
0.541578,-0.538862
0.541051,-0.53825
0.540524,-0.537638
0.539997,-0.537026
0.53947,-0.536414
0.538943,-0.535802
0.538416,-0.535191
0.537889,-0.534579
0.537362,-0.533967
0.536835,-0.533355
0.536308,-0.532743
0.535781,-0.532131
0.535254,-0.53152
0.534727,-0.530908
0.5342,-0.530296
0.533673,-0.529684
0.533146,-0.529072
0.532619,-0.52846
0.532091,-0.527848
0.531564,-0.527237
0.531037,-0.526625
0.53051,-0.526013
0.529983,-0.525401
0.529456,-0.524789
0.528929,-0.524177
0.528402,-0.523566
0.527875,-0.522954
0.527348,-0.522342
0.526821,-0.52173
0.526294,-0.521118
0.525767,-0.520506
0.52524,-0.519894
0.524713,-0.519283
0.524186,-0.518671
0.523659,-0.518059
0.523132,-0.517447
0.522605,-0.516835
0.522078,-0.516223
0.521551,-0.515612
0.521024,-0.515
0.520497,-0.514388
0.51997,-0.513776
0.519443,-0.513164
0.518915,-0.512552
0.518388,-0.51194
0.517861,-0.511329
0.517334,-0.510717
0.516807,-0.510105
0.51628,-0.509493
0.515753,-0.508881
0.515226,-0.508269
0.514699,-0.507658
0.514172,-0.507046
0.513645,-0.506434
0.513118,-0.505822
0.512591,-0.50521
0.512064,-0.504598
0.511537,-0.503986
0.51101,-0.503375
0.510483,-0.502763
0.509956,-0.502151
0.509429,-0.501539
0.508902,-0.500927
0.508375,-0.500315
0.507848,-0.499704
0.507321,-0.499092
0.506794,-0.49848
0.506267,-0.497868
0.50574,-0.497256
0.505212,-0.496644
0.504685,-0.496032
0.504158,-0.495421
0.503631,-0.494809
0.503104,-0.494197
0.502577,-0.493585
0.50205,-0.492973
0.501523,-0.492361
0.500996,-0.49175
0.500469,-0.491138
0.499942,-0.490526
0.499415,-0.489914
0.498888,-0.489302
0.498361,-0.48869
0.497834,-0.488078
0.497307,-0.487467
0.49678,-0.486855
0.496253,-0.486243
0.495726,-0.485631
0.495199,-0.485019
0.494672,-0.484407
0.494145,-0.483795
0.493618,-0.483184
0.493091,-0.482572
0.492564,-0.48196
0.492036,-0.481348
0.491509,-0.480736
0.490982,-0.480124
0.490455,-0.479513
0.489928,-0.478901
0.489401,-0.478289
0.488874,-0.477677
0.488347,-0.477065
0.48782,-0.476453
0.487293,-0.475841
0.486766,-0.47523
0.486239,-0.474618
0.485712,-0.474006
0.485185,-0.473394
0.484658,-0.472782
0.484131,-0.47217
0.483604,-0.471559
0.483077,-0.470947
0.48255,-0.470335
