O
15
1,0,-1,0.78,-0.5,0.75,0.0,0.0,0.0,0.3,0.4,0.02,0,0.8,False
2,0,-1,1.1,-0.5,0.93,0.0,0.0,0.0,0.02,0.4,0.2,0,0.8,False
3,0,-1,0.78,-0.5,1.11,0.0,0.0,0.0,0.3,0.4,0.02,0,0.8,False
4,0,-1,0.8,-0.92,0.93,0.0,0.0,0.0,0.32,0.02,0.2,0,0.8,False
5,0,-1,0.8,-0.08,0.93,0.0,0.0,0.0,0.32,0.02,0.2,0,0.8,False
6,2,0,0.9768061586281996,-0.3313602869265502,0.8450000000000001,0.0,0.0,3.3327537561330387,0.03,0.03,0.15,0.16155931198660656,0.8516522748323117,False
7,0,0,0.8973840879613562,-0.7451950743092928,0.9222370408603854,0.0,0.0,0.7253463775159293,0.06015488869733582,0.03,0.15223704086038536,0.27484478800796136,1.1419372044989398,False
8,0,0,0.7272741265157625,-0.785357992190709,0.86,0.0,0.0,6.024880904443625,0.045668544172937704,0.07492457667089453,0.09,0.12548278693851916,1.156023075359896,False
9,0,0,0.8551762751513589,-0.5693464366467196,0.8729224699995994,0.0,0.0,4.179573531457759,0.07322110732075518,0.06339883300249753,0.10292246999959938,0.07470388020906199,0.954828423471939,False
10,0,0,0.6933184564287785,-0.1892038683606898,0.86,0.0,0.0,0.881458220194418,0.0420645618985325,0.03,0.09,0.2657008186130456,0.8662477706610081,False
11,0,1,0.5631313311643097,-0.336116219591042,0.86,0.0,0.0,5.0078558140315215,0.049217999679908586,0.07100031375975094,0.09,0.34434804634480426,1.0384802922425358,True
12,2,1,0.5998519811268935,-0.759654359261611,0.8450000000000001,0.0,0.0,3.8711902623342977,0.032408006523802046,0.032408006523802046,0.15,0.3196317131427962,0.9841818072651155,True
13,0,1,0.5989143222075827,-0.5353631587607587,0.86,0.0,0.0,3.0806847720816584,0.03,0.05531437458857528,0.09,0.47955703095734853,0.833837382113954,True
14,0,1,1.021890252645255,-0.5331236590502263,0.86,0.0,0.0,3.6599586421925703,0.035162514059436115,0.030934596165713542,0.09,0.3355742439255696,1.1612332273615138,True
15,2,1,0.968256263091021,-0.4208918644028111,0.8450000000000001,0.0,0.0,0.8295851110898143,0.03,0.03,0.15,0.24204167071051347,0.821906798049828,True
R
0.0,0.0,0.0,0.0,0.0,0.0,1.0
S
8
torso_lift_joint,0
r_shoulder_pan_joint,-1.69017
r_shoulder_lift_joint,-0.0788625
r_upper_arm_roll_joint,-1.69017
r_elbow_flex_joint,-1.2717
r_forearm_roll_joint,-0.151824
r_wrist_flex_joint,-1.25254
r_wrist_roll_joint,0.675062
G
0.637943,-0.256389,0.86,0.881458,-0,0
ooi
10
A
599
0.310248,-0.673113
0.311216,-0.672161
0.312184,-0.671208
0.313152,-0.670256
0.314121,-0.669303
0.315089,-0.668351
0.316057,-0.667398
0.317025,-0.666446
0.317993,-0.665493
0.318961,-0.664541
0.319929,-0.663588
0.320897,-0.662636
0.321865,-0.661683
0.322834,-0.660731
0.323802,-0.659778
0.32477,-0.658826
0.325738,-0.657874
0.326706,-0.656921
0.327674,-0.655969
0.328642,-0.655016
0.32961,-0.654064
0.330578,-0.653111
0.331547,-0.652159
0.332515,-0.651206
0.333483,-0.650254
0.334451,-0.649301
0.335419,-0.648349
0.336387,-0.647396
0.337355,-0.646444
0.338323,-0.645491
0.339291,-0.644539
0.340259,-0.643586
0.341228,-0.642634
0.342196,-0.641681
0.343164,-0.640729
0.344132,-0.639777
0.3451,-0.638824
0.346068,-0.637872
0.347036,-0.636919
0.348004,-0.635967
0.348972,-0.635014
0.349941,-0.634062
0.350909,-0.633109
0.351877,-0.632157
0.352845,-0.631204
0.353813,-0.630252
0.354781,-0.629299
0.355749,-0.628347
0.356717,-0.627394
0.357685,-0.626442
0.358654,-0.625489
0.359622,-0.624537
0.36059,-0.623585
0.361558,-0.622632
0.362526,-0.62168
0.363494,-0.620727
0.364462,-0.619775
0.36543,-0.618822
0.366398,-0.61787
0.367367,-0.616917
0.368335,-0.615965
0.369303,-0.615012
0.370271,-0.61406
0.371239,-0.613107
0.372207,-0.612155
0.373175,-0.611202
0.374143,-0.61025
0.375111,-0.609297
0.376079,-0.608345
0.377048,-0.607392
0.378016,-0.60644
0.378984,-0.605488
0.379952,-0.604535
0.38092,-0.603583
0.381888,-0.60263
0.382856,-0.601678
0.383824,-0.600725
0.384792,-0.599773
0.385761,-0.59882
0.386729,-0.597868
0.387697,-0.596915
0.388665,-0.595963
0.389633,-0.59501
0.390601,-0.594058
0.391569,-0.593105
0.392537,-0.592153
0.393505,-0.5912
0.394474,-0.590248
0.395442,-0.589296
0.39641,-0.588343
0.397378,-0.587391
0.398346,-0.586438
0.399314,-0.585486
0.400282,-0.584533
0.40125,-0.583581
0.402218,-0.582628
0.403186,-0.581676
0.404155,-0.580723
0.405123,-0.579771
0.406091,-0.578818
0.407059,-0.577866
0.408027,-0.576913
0.408995,-0.575961
0.409963,-0.575008
0.410931,-0.574056
0.411899,-0.573103
0.412868,-0.572151
0.413836,-0.571199
0.414804,-0.570246
0.415772,-0.569294
0.41674,-0.568341
0.417708,-0.567389
0.418676,-0.566436
0.419644,-0.565484
0.420612,-0.564531
0.421581,-0.563579
0.422549,-0.562626
0.423517,-0.561674
0.424485,-0.560721
0.425453,-0.559769
0.426421,-0.558816
0.427389,-0.557864
0.428357,-0.556911
0.429325,-0.555959
0.430293,-0.555006
0.431262,-0.554054
0.43223,-0.553102
0.433198,-0.552149
0.434166,-0.551197
0.435134,-0.550244
0.436102,-0.549292
0.43707,-0.548339
0.438038,-0.547387
0.439006,-0.546434
0.439975,-0.545482
0.440943,-0.544529
0.441911,-0.543577
0.442879,-0.542624
0.443847,-0.541672
0.444815,-0.540719
0.445783,-0.539767
0.446751,-0.538814
0.447719,-0.537862
0.448688,-0.53691
0.449656,-0.535957
0.450624,-0.535005
0.451592,-0.534052
0.45256,-0.5331
0.453528,-0.532147
0.454496,-0.531195
0.455464,-0.530242
0.456271,-0.530106
0.457078,-0.529969
0.457884,-0.529832
0.458691,-0.529696
0.459497,-0.529559
0.460304,-0.529422
0.461111,-0.529286
0.461917,-0.529149
0.462724,-0.529012
0.463531,-0.528876
0.464337,-0.528739
0.465144,-0.528603
0.465951,-0.528466
0.466757,-0.528329
0.467564,-0.528193
0.46837,-0.528056
0.469177,-0.527919
0.469984,-0.527783
0.47079,-0.527646
0.471597,-0.527509
0.472404,-0.527373
0.47321,-0.527236
0.474017,-0.527099
0.474824,-0.526963
0.47563,-0.526826
0.476437,-0.52669
0.477243,-0.526553
0.47805,-0.526416
0.478857,-0.52628
0.479663,-0.526143
0.48047,-0.526006
0.481277,-0.52587
0.482083,-0.525733
0.48289,-0.525596
0.483697,-0.52546
0.484503,-0.525323
0.48531,-0.525187
0.486116,-0.52505
0.486923,-0.524913
0.48773,-0.524777
0.488536,-0.52464
0.489343,-0.524503
0.49015,-0.524367
0.490956,-0.52423
0.491763,-0.524093
0.49257,-0.523957
0.493376,-0.52382
0.494183,-0.523683
0.494989,-0.523547
0.495796,-0.52341
0.496603,-0.523274
0.497409,-0.523137
0.498216,-0.523
0.499023,-0.522864
0.499829,-0.522727
0.500636,-0.52259
0.501442,-0.522454
0.502249,-0.522317
0.503056,-0.52218
0.503862,-0.522044
0.504669,-0.521907
0.505476,-0.521771
0.506282,-0.521634
0.507089,-0.521497
0.507896,-0.521361
0.508702,-0.521224
0.509509,-0.521087
0.510315,-0.520951
0.511122,-0.520814
0.511929,-0.520677
0.512735,-0.520541
0.513542,-0.520404
0.514349,-0.520267
0.515155,-0.520131
0.515962,-0.519994
0.516769,-0.519858
0.517575,-0.519721
0.518382,-0.519584
0.519188,-0.519448
0.519995,-0.519311
0.520802,-0.519174
0.521608,-0.519038
0.522415,-0.518901
0.523222,-0.518764
0.524028,-0.518628
0.524835,-0.518491
0.525642,-0.518355
0.526448,-0.518218
0.527255,-0.518081
0.528061,-0.517945
0.528868,-0.517808
0.529675,-0.517671
0.530481,-0.517535
0.531288,-0.517398
0.532095,-0.517261
0.532901,-0.517125
0.533708,-0.516988
0.534515,-0.516851
0.535321,-0.516715
0.536128,-0.516578
0.536934,-0.516442
0.537741,-0.516305
0.538548,-0.516168
0.539354,-0.516032
0.540161,-0.515895
0.540968,-0.515758
0.541774,-0.515622
0.542581,-0.515485
0.543388,-0.515348
0.544194,-0.515212
0.545001,-0.515075
0.545807,-0.514939
0.546614,-0.514802
0.547421,-0.514665
0.548227,-0.514529
0.549034,-0.514392
0.549841,-0.514255
0.550647,-0.514119
0.551454,-0.513982
0.552261,-0.513845
0.553067,-0.513709
0.553874,-0.513572
0.55468,-0.513435
0.555487,-0.513299
0.556294,-0.513162
0.5571,-0.513026
0.557907,-0.512889
0.558714,-0.512752
0.55952,-0.512616
0.560327,-0.512479
0.561134,-0.512342
0.56194,-0.512206
0.562747,-0.512069
0.563553,-0.511932
0.56436,-0.511796
0.565167,-0.511659
0.565973,-0.511522
0.56678,-0.511386
0.567587,-0.511249
0.568393,-0.511113
0.5692,-0.510976
0.570007,-0.510839
0.570813,-0.510703
0.57162,-0.510566
0.572426,-0.510429
0.573233,-0.510293
0.57404,-0.510156
0.574846,-0.510019
0.575653,-0.509883
0.575155,-0.50967
0.574657,-0.509457
0.57416,-0.509244
0.573662,-0.509031
0.573164,-0.508818
0.572666,-0.508605
0.572169,-0.508392
0.571671,-0.508178
0.571173,-0.507965
0.570675,-0.507752
0.570178,-0.507539
0.56968,-0.507326
0.569182,-0.507113
0.568684,-0.5069
0.568187,-0.506687
0.567689,-0.506474
0.567191,-0.506261
0.566693,-0.506048
0.566196,-0.505835
0.565698,-0.505622
0.5652,-0.505409
0.564702,-0.505196
0.564205,-0.504983
0.563707,-0.50477
0.563209,-0.504557
0.562711,-0.504344
0.562214,-0.504131
0.561716,-0.503918
0.561218,-0.503705
0.56072,-0.503492
0.560223,-0.503279
0.559725,-0.503066
0.559227,-0.502852
0.558729,-0.502639
0.558232,-0.502426
0.557734,-0.502213
0.557236,-0.502
0.556738,-0.501787
0.556241,-0.501574
0.555743,-0.501361
0.555245,-0.501148
0.554747,-0.500935
0.55425,-0.500722
0.553752,-0.500509
0.553254,-0.500296
0.552756,-0.500083
0.552259,-0.49987
0.551761,-0.499657
0.551263,-0.499444
0.550765,-0.499231
0.550268,-0.499018
0.54977,-0.498805
0.549272,-0.498592
0.548774,-0.498379
0.548277,-0.498166
0.547779,-0.497953
0.547281,-0.49774
0.546783,-0.497527
0.546286,-0.497313
0.545788,-0.4971
0.54529,-0.496887
0.544792,-0.496674
0.544295,-0.496461
0.543797,-0.496248
0.543299,-0.496035
0.542801,-0.495822
0.542304,-0.495609
0.541806,-0.495396
0.541308,-0.495183
0.54081,-0.49497
0.540313,-0.494757
0.539815,-0.494544
0.539317,-0.494331
0.538819,-0.494118
0.538322,-0.493905
0.537824,-0.493692
0.537326,-0.493479
0.536828,-0.493266
0.536331,-0.493053
0.535833,-0.49284
0.535335,-0.492627
0.534837,-0.492414
0.53434,-0.492201
0.533842,-0.491987
0.533344,-0.491774
0.532846,-0.491561
0.532349,-0.491348
0.531851,-0.491135
0.531353,-0.490922
0.530855,-0.490709
0.530358,-0.490496
0.52986,-0.490283
0.529362,-0.49007
0.528864,-0.489857
0.528367,-0.489644
0.527869,-0.489431
0.527371,-0.489218
0.526873,-0.489005
0.526376,-0.488792
0.525878,-0.488579
0.52538,-0.488366
0.524882,-0.488153
0.524385,-0.48794
0.523887,-0.487727
0.523389,-0.487514
0.522891,-0.487301
0.522393,-0.487088
0.521896,-0.486875
0.521398,-0.486661
0.5209,-0.486448
0.520402,-0.486235
0.519905,-0.486022
0.519407,-0.485809
0.518909,-0.485596
0.518411,-0.485383
0.517914,-0.48517
0.517416,-0.484957
0.516918,-0.484744
0.51642,-0.484531
0.515923,-0.484318
0.515425,-0.484105
0.514927,-0.483892
0.514429,-0.483679
0.513932,-0.483466
0.513434,-0.483253
0.512936,-0.48304
0.512438,-0.482827
0.511941,-0.482614
0.511443,-0.482401
0.510945,-0.482188
0.510447,-0.481975
0.50995,-0.481762
0.509452,-0.481549
0.508954,-0.481335
0.508456,-0.481122
0.507959,-0.480909
0.507461,-0.480696
0.506963,-0.480483
0.506465,-0.48027
0.505968,-0.480057
0.50547,-0.479844
0.504972,-0.479631
0.504474,-0.479418
0.503977,-0.479205
0.503479,-0.478992
0.502981,-0.478779
0.502483,-0.478566
0.501986,-0.478353
0.501488,-0.47814
0.50099,-0.477927
0.501909,-0.47644
0.502828,-0.474953
0.503748,-0.473466
0.504667,-0.47198
0.505586,-0.470493
0.506505,-0.469006
0.507424,-0.467519
0.508343,-0.466032
0.509262,-0.464545
0.510182,-0.463059
0.511101,-0.461572
0.51202,-0.460085
0.512939,-0.458598
0.513858,-0.457111
0.514777,-0.455624
0.515697,-0.454138
0.516616,-0.452651
0.517535,-0.451164
0.518454,-0.449677
0.519373,-0.44819
0.520292,-0.446703
0.521211,-0.445217
0.522131,-0.44373
0.52305,-0.442243
0.523969,-0.440756
0.524888,-0.439269
0.525807,-0.437782
0.526726,-0.436296
0.527645,-0.434809
0.528565,-0.433322
0.529484,-0.431835
0.530403,-0.430348
0.531322,-0.428861
0.532241,-0.427375
0.53316,-0.425888
0.534079,-0.424401
0.534999,-0.422914
0.535918,-0.421427
0.536837,-0.41994
0.537756,-0.418454
0.538675,-0.416967
0.539594,-0.41548
0.540513,-0.413993
0.541433,-0.412506
0.542352,-0.411019
0.543271,-0.409533
0.54419,-0.408046
0.545109,-0.406559
0.546028,-0.405072
0.546948,-0.403585
0.547867,-0.402098
0.548786,-0.400612
0.549705,-0.399125
0.550624,-0.397638
0.551543,-0.396151
0.552462,-0.394664
0.553382,-0.393177
0.554301,-0.391691
0.55522,-0.390204
0.556139,-0.388717
0.557058,-0.38723
0.557977,-0.385743
0.558896,-0.384256
0.559816,-0.38277
0.560735,-0.381283
0.561654,-0.379796
0.562573,-0.378309
0.563492,-0.376822
0.564411,-0.375335
0.56533,-0.373849
0.56625,-0.372362
0.567169,-0.370875
0.568088,-0.369388
0.569007,-0.367901
0.569926,-0.366414
0.570845,-0.364928
0.571764,-0.363441
0.572684,-0.361954
0.573603,-0.360467
0.574522,-0.35898
0.575441,-0.357493
0.57636,-0.356007
0.577279,-0.35452
0.578199,-0.353033
0.579118,-0.351546
0.580037,-0.350059
0.580956,-0.348572
0.581875,-0.347086
0.582794,-0.345599
0.583713,-0.344112
0.584633,-0.342625
0.585552,-0.341138
0.586471,-0.339651
0.58739,-0.338165
0.588309,-0.336678
0.589228,-0.335191
0.590147,-0.333704
0.591067,-0.332217
0.591986,-0.33073
0.592905,-0.329244
0.593824,-0.327757
0.594743,-0.32627
0.595662,-0.324783
0.596581,-0.323296
0.597501,-0.321809
0.59842,-0.320323
0.599339,-0.318836
0.600258,-0.317349
0.601177,-0.315862
0.602096,-0.314375
0.603015,-0.312888
0.603935,-0.311402
0.604854,-0.309915
0.605773,-0.308428
0.606692,-0.306941
0.607611,-0.305454
0.60853,-0.303967
0.60945,-0.302481
0.610369,-0.300994
0.611288,-0.299507
0.612207,-0.29802
0.613126,-0.296533
0.614045,-0.295046
0.614964,-0.29356
0.615884,-0.292073
0.616803,-0.290586
0.617722,-0.289099
0.618641,-0.287612
0.61956,-0.286125
0.620479,-0.284639
0.621398,-0.283152
0.622318,-0.281665
0.623237,-0.280178
0.624156,-0.278691
0.625075,-0.277204
0.625994,-0.275718
0.626913,-0.274231
0.627832,-0.272744
0.628752,-0.271257
0.629671,-0.26977
0.63059,-0.268283
0.631509,-0.266797
0.632428,-0.26531
0.633347,-0.263823
0.634266,-0.262336
0.635186,-0.260849
0.636105,-0.259362
0.637024,-0.257876
0.637943,-0.256389
