O
15
1,0,-1,0.78,-0.5,0.75,0.0,0.0,0.0,0.3,0.4,0.02,0,0.8,False
2,0,-1,1.1,-0.5,0.93,0.0,0.0,0.0,0.02,0.4,0.2,0,0.8,False
3,0,-1,0.78,-0.5,1.11,0.0,0.0,0.0,0.3,0.4,0.02,0,0.8,False
4,0,-1,0.8,-0.92,0.93,0.0,0.0,0.0,0.32,0.02,0.2,0,0.8,False
5,0,-1,0.8,-0.08,0.93,0.0,0.0,0.0,0.32,0.02,0.2,0,0.8,False
6,0,0,0.8789860922828459,-0.775558439994013,0.86,0.0,0.0,3.5200363521966263,0.03,0.03,0.09,0.23800544478479269,0.9405347809596936,False
7,0,0,0.7555446397667438,-0.6002106462309964,0.86,0.0,0.0,2.1681627484574855,0.06220150186872249,0.03373433948531777,0.09,0.4120290793594083,0.845595439219337,False
8,0,0,0.7130383874191922,-0.8074175387245277,0.8793781053279459,0.0,0.0,2.918925974130776,0.03,0.07185208964857025,0.1093781053279459,0.44416242556063146,1.0267545047531752,False
9,0,0,0.7007120008006753,-0.3350534344892706,0.86,0.0,0.0,3.9910173735894103,0.04303464195841978,0.03,0.09,0.33116051484643927,1.1736316903596307,False
10,0,0,0.8724124047465496,-0.4446548642955068,0.9159756110752155,0.0,0.0,4.819054851749099,0.0760336931042792,0.03,0.14597561107521556,0.10296743702659955,0.9362823208631291,False
11,0,1,0.9408212852666377,-0.1963183312098622,0.86,0.0,0.0,1.6477871310231653,0.07451049894468746,0.05854570644841766,0.09,0.4979523288762198,1.1889174606346626,True
12,0,1,0.6037774840553133,-0.6970060443102962,0.86,0.0,0.0,4.976797049688063,0.06489362317719936,0.03346457582891566,0.09,0.1856058692903158,0.8090428114484791,True
13,2,1,0.9956554420696584,-0.46401626565535553,0.8579604983058081,0.0,0.0,5.524326454995728,0.03526257854833653,0.03526257854833653,0.17592099661161623,0.029937290668677563,0.9259120898347054,True
14,0,1,0.9552656164801245,-0.5904026973244287,0.9090204060287415,0.0,0.0,0.5322453696726399,0.03,0.0383035519260544,0.1390204060287415,0.2953668453867017,1.1220012354271236,True
15,2,1,0.5760872862189734,-0.4215684017516476,0.8612947046459223,0.0,0.0,4.652244875298167,0.051522173711585455,0.051522173711585455,0.18258940929184456,0.1847594717072698,1.0280029629206417,True
R
0.0,0.0,0.0,0.0,0.0,0.0,1.0
S
8
torso_lift_joint,0
r_shoulder_pan_joint,-1.69017
r_shoulder_lift_joint,-0.0788625
r_upper_arm_roll_joint,-1.69017
r_elbow_flex_joint,-1.2717
r_forearm_roll_joint,-0.151824
r_wrist_flex_joint,-1.25254
r_wrist_roll_joint,0.675062
G
0.642573,-0.401159,0.86,0.849425,-0,0
ooi
9
A
599
0.310248,-0.673113
0.310561,-0.67283
0.310873,-0.672547
0.311186,-0.672264
0.311499,-0.67198
0.311811,-0.671697
0.312124,-0.671414
0.312436,-0.671131
0.312749,-0.670848
0.313062,-0.670565
0.313374,-0.670282
0.313687,-0.669998
0.313999,-0.669715
0.314312,-0.669432
0.314625,-0.669149
0.314937,-0.668866
0.31525,-0.668583
0.315562,-0.6683
0.315875,-0.668016
0.316188,-0.667733
0.3165,-0.66745
0.316813,-0.667167
0.317125,-0.666884
0.317438,-0.666601
0.317751,-0.666317
0.318063,-0.666034
0.318376,-0.665751
0.318688,-0.665468
0.319001,-0.665185
0.319314,-0.664902
0.319626,-0.664619
0.319939,-0.664335
0.320252,-0.664052
0.320564,-0.663769
0.320877,-0.663486
0.321189,-0.663203
0.321502,-0.66292
0.321815,-0.662637
0.322127,-0.662353
0.32244,-0.66207
0.322752,-0.661787
0.323065,-0.661504
0.323378,-0.661221
0.32369,-0.660938
0.324003,-0.660654
0.324315,-0.660371
0.324628,-0.660088
0.324941,-0.659805
0.325253,-0.659522
0.325566,-0.659239
0.325878,-0.658956
0.326191,-0.658672
0.326504,-0.658389
0.326816,-0.658106
0.327129,-0.657823
0.327441,-0.65754
0.327754,-0.657257
0.328067,-0.656973
0.328379,-0.65669
0.328692,-0.656407
0.329004,-0.656124
0.329317,-0.655841
0.32963,-0.655558
0.329942,-0.655275
0.330255,-0.654991
0.330567,-0.654708
0.33088,-0.654425
0.331193,-0.654142
0.331505,-0.653859
0.331818,-0.653576
0.33213,-0.653293
0.332443,-0.653009
0.332756,-0.652726
0.333068,-0.652443
0.333381,-0.65216
0.333693,-0.651877
0.334006,-0.651594
0.334319,-0.65131
0.334631,-0.651027
0.334944,-0.650744
0.335256,-0.650461
0.335569,-0.650178
0.335882,-0.649895
0.336194,-0.649612
0.336507,-0.649328
0.33682,-0.649045
0.337132,-0.648762
0.337445,-0.648479
0.337757,-0.648196
0.33807,-0.647913
0.338383,-0.64763
0.338695,-0.647346
0.339008,-0.647063
0.33932,-0.64678
0.339633,-0.646497
0.339946,-0.646214
0.340258,-0.645931
0.340571,-0.645647
0.340883,-0.645364
0.341196,-0.645081
0.341509,-0.644798
0.341821,-0.644515
0.342134,-0.644232
0.342446,-0.643949
0.342759,-0.643665
0.343072,-0.643382
0.343384,-0.643099
0.343697,-0.642816
0.344009,-0.642533
0.344322,-0.64225
0.344635,-0.641967
0.344947,-0.641683
0.34526,-0.6414
0.345572,-0.641117
0.345885,-0.640834
0.346198,-0.640551
0.34651,-0.640268
0.346823,-0.639984
0.347135,-0.639701
0.347448,-0.639418
0.347761,-0.639135
0.348073,-0.638852
0.348386,-0.638569
0.348698,-0.638286
0.349011,-0.638002
0.349324,-0.637719
0.349636,-0.637436
0.349949,-0.637153
0.350261,-0.63687
0.350574,-0.636587
0.350887,-0.636304
0.351199,-0.63602
0.351512,-0.635737
0.351825,-0.635454
0.352137,-0.635171
0.35245,-0.634888
0.352762,-0.634605
0.353075,-0.634321
0.353388,-0.634038
0.3537,-0.633755
0.354013,-0.633472
0.354325,-0.633189
0.354638,-0.632906
0.354951,-0.632623
0.355263,-0.632339
0.355576,-0.632056
0.355888,-0.631773
0.356201,-0.63149
0.356514,-0.631207
0.356826,-0.630924
0.357139,-0.630641
0.35691,-0.630761
0.356682,-0.630881
0.356453,-0.631001
0.356225,-0.631122
0.355996,-0.631242
0.355768,-0.631362
0.355539,-0.631482
0.35531,-0.631603
0.355082,-0.631723
0.354853,-0.631843
0.354625,-0.631963
0.354396,-0.632084
0.354168,-0.632204
0.353939,-0.632324
0.353711,-0.632444
0.353482,-0.632565
0.353254,-0.632685
0.353025,-0.632805
0.352797,-0.632925
0.352568,-0.633046
0.352339,-0.633166
0.352111,-0.633286
0.351882,-0.633406
0.351654,-0.633527
0.351425,-0.633647
0.351197,-0.633767
0.350968,-0.633888
0.35074,-0.634008
0.350511,-0.634128
0.350283,-0.634248
0.350054,-0.634369
0.349825,-0.634489
0.349597,-0.634609
0.349368,-0.634729
0.34914,-0.63485
0.348911,-0.63497
0.348683,-0.63509
0.348454,-0.63521
0.348226,-0.635331
0.347997,-0.635451
0.347769,-0.635571
0.34754,-0.635691
0.347312,-0.635812
0.347083,-0.635932
0.346854,-0.636052
0.346626,-0.636172
0.346397,-0.636293
0.346169,-0.636413
0.34594,-0.636533
0.345712,-0.636654
0.345483,-0.636774
0.345255,-0.636894
0.345026,-0.637014
0.344798,-0.637135
0.344569,-0.637255
0.344341,-0.637375
0.344112,-0.637495
0.343883,-0.637616
0.343655,-0.637736
0.343426,-0.637856
0.343198,-0.637976
0.342969,-0.638097
0.342741,-0.638217
0.342512,-0.638337
0.342284,-0.638457
0.342055,-0.638578
0.341827,-0.638698
0.341598,-0.638818
0.34137,-0.638938
0.341141,-0.639059
0.340912,-0.639179
0.340684,-0.639299
0.340455,-0.639419
0.340227,-0.63954
0.339998,-0.63966
0.33977,-0.63978
0.339541,-0.639901
0.339313,-0.640021
0.339084,-0.640141
0.338856,-0.640261
0.338627,-0.640382
0.338398,-0.640502
0.33817,-0.640622
0.337941,-0.640742
0.337713,-0.640863
0.337484,-0.640983
0.337256,-0.641103
0.337027,-0.641223
0.336799,-0.641344
0.33657,-0.641464
0.336342,-0.641584
0.336113,-0.641704
0.335885,-0.641825
0.335656,-0.641945
0.335427,-0.642065
0.335199,-0.642185
0.33497,-0.642306
0.334742,-0.642426
0.334513,-0.642546
0.334285,-0.642666
0.334056,-0.642787
0.333828,-0.642907
0.333599,-0.643027
0.333371,-0.643148
0.333142,-0.643268
0.332914,-0.643388
0.332685,-0.643508
0.332456,-0.643629
0.332228,-0.643749
0.331999,-0.643869
0.331771,-0.643989
0.331542,-0.64411
0.331314,-0.64423
0.331085,-0.64435
0.330857,-0.64447
0.330628,-0.644591
0.3304,-0.644711
0.330171,-0.644831
0.329942,-0.644951
0.329714,-0.645072
0.329485,-0.645192
0.329257,-0.645312
0.329028,-0.645432
0.3288,-0.645553
0.328571,-0.645673
0.328343,-0.645793
0.328114,-0.645914
0.327886,-0.646034
0.327657,-0.646154
0.327429,-0.646274
0.3272,-0.646395
0.326971,-0.646515
0.326743,-0.646635
0.326514,-0.646755
0.326286,-0.646876
0.326057,-0.646996
0.325829,-0.647116
0.3256,-0.647236
0.325372,-0.647357
0.325143,-0.647477
0.324915,-0.647597
0.324686,-0.647717
0.324458,-0.647838
0.324229,-0.647958
0.324,-0.648078
0.323772,-0.648198
0.323543,-0.648319
0.323315,-0.648439
0.323086,-0.648559
0.323745,-0.647391
0.324404,-0.646222
0.325062,-0.645054
0.325721,-0.643885
0.32638,-0.642716
0.327038,-0.641548
0.327697,-0.640379
0.328356,-0.639211
0.329014,-0.638042
0.329673,-0.636873
0.330332,-0.635705
0.330991,-0.634536
0.331649,-0.633368
0.332308,-0.632199
0.332967,-0.631031
0.333625,-0.629862
0.334284,-0.628693
0.334943,-0.627525
0.335601,-0.626356
0.33626,-0.625188
0.336919,-0.624019
0.337577,-0.622851
0.338236,-0.621682
0.338895,-0.620513
0.339553,-0.619345
0.340212,-0.618176
0.340871,-0.617008
0.341529,-0.615839
0.342188,-0.61467
0.342847,-0.613502
0.343506,-0.612333
0.344164,-0.611165
0.344823,-0.609996
0.345482,-0.608828
0.34614,-0.607659
0.346799,-0.60649
0.347458,-0.605322
0.348116,-0.604153
0.348775,-0.602985
0.349434,-0.601816
0.350092,-0.600648
0.350751,-0.599479
0.35141,-0.59831
0.352068,-0.597142
0.352727,-0.595973
0.353386,-0.594805
0.354044,-0.593636
0.354703,-0.592467
0.355362,-0.591299
0.356021,-0.59013
0.356679,-0.588962
0.357338,-0.587793
0.357997,-0.586625
0.358655,-0.585456
0.359314,-0.584287
0.359973,-0.583119
0.360631,-0.58195
0.36129,-0.580782
0.361949,-0.579613
0.362607,-0.578445
0.363266,-0.577276
0.363925,-0.576107
0.364583,-0.574939
0.365242,-0.57377
0.365901,-0.572602
0.366559,-0.571433
0.367218,-0.570265
0.367877,-0.569096
0.368536,-0.567927
0.369194,-0.566759
0.369853,-0.56559
0.370512,-0.564422
0.37117,-0.563253
0.371829,-0.562084
0.372488,-0.560916
0.373146,-0.559747
0.373805,-0.558579
0.374464,-0.55741
0.375122,-0.556242
0.375781,-0.555073
0.37644,-0.553904
0.377098,-0.552736
0.377757,-0.551567
0.378416,-0.550399
0.379075,-0.54923
0.379733,-0.548062
0.380392,-0.546893
0.381051,-0.545724
0.381709,-0.544556
0.382368,-0.543387
0.383027,-0.542219
0.383685,-0.54105
0.384344,-0.539881
0.385003,-0.538713
0.385661,-0.537544
0.38632,-0.536376
0.386979,-0.535207
0.387637,-0.534039
0.388296,-0.53287
0.388955,-0.531701
0.389613,-0.530533
0.390272,-0.529364
0.390931,-0.528196
0.39159,-0.527027
0.392248,-0.525859
0.392907,-0.52469
0.393566,-0.523521
0.394224,-0.522353
0.394883,-0.521184
0.395542,-0.520016
0.3962,-0.518847
0.396859,-0.517679
0.397518,-0.51651
0.398176,-0.515341
0.398835,-0.514173
0.399494,-0.513004
0.400152,-0.511836
0.400811,-0.510667
0.40147,-0.509498
0.402128,-0.50833
0.402787,-0.507161
0.403446,-0.505993
0.404105,-0.504824
0.404763,-0.503656
0.405422,-0.502487
0.406081,-0.501318
0.406739,-0.50015
0.407398,-0.498981
0.408057,-0.497813
0.408715,-0.496644
0.409374,-0.495476
0.410033,-0.494307
0.410691,-0.493138
0.41135,-0.49197
0.412009,-0.490801
0.412667,-0.489633
0.413326,-0.488464
0.413985,-0.487295
0.414643,-0.486127
0.415302,-0.484958
0.415961,-0.48379
0.41662,-0.482621
0.417278,-0.481453
0.417937,-0.480284
0.418596,-0.479115
0.419254,-0.477947
0.419913,-0.476778
0.420572,-0.47561
0.42123,-0.474441
0.421889,-0.473273
0.42337,-0.472789
0.424851,-0.472305
0.426332,-0.471821
0.427813,-0.471337
0.429295,-0.470853
0.430776,-0.470369
0.432257,-0.469885
0.433738,-0.469401
0.435219,-0.468917
0.4367,-0.468433
0.438181,-0.467949
0.439662,-0.467465
0.441143,-0.466981
0.442624,-0.466497
0.444105,-0.466013
0.445587,-0.465529
0.447068,-0.465045
0.448549,-0.464561
0.45003,-0.464077
0.451511,-0.463593
0.452992,-0.463109
0.454473,-0.462625
0.455954,-0.462141
0.457435,-0.461657
0.458916,-0.461173
0.460398,-0.460689
0.461879,-0.460205
0.46336,-0.459721
0.464841,-0.459237
0.466322,-0.458753
0.467803,-0.458269
0.469284,-0.457785
0.470765,-0.457301
0.472246,-0.456817
0.473727,-0.456333
0.475209,-0.455849
0.47669,-0.455365
0.478171,-0.454881
0.479652,-0.454397
0.481133,-0.453913
0.482614,-0.453429
0.484095,-0.452945
0.485576,-0.452461
0.487057,-0.451977
0.488538,-0.451493
0.49002,-0.451009
0.491501,-0.450525
0.492982,-0.450041
0.494463,-0.449557
0.495944,-0.449073
0.497425,-0.448589
0.498906,-0.448105
0.500387,-0.447621
0.501868,-0.447137
0.503349,-0.446653
0.50483,-0.446169
0.506312,-0.445685
0.507793,-0.445201
0.509274,-0.444717
0.510755,-0.444233
0.512236,-0.443749
0.513717,-0.443265
0.515198,-0.442781
0.516679,-0.442297
0.51816,-0.441813
0.519641,-0.44133
0.521123,-0.440846
0.522604,-0.440362
0.524085,-0.439878
0.525566,-0.439394
0.527047,-0.43891
0.528528,-0.438426
0.530009,-0.437942
0.53149,-0.437458
0.532971,-0.436974
0.534452,-0.43649
0.535934,-0.436006
0.537415,-0.435522
0.538896,-0.435038
0.540377,-0.434554
0.541858,-0.43407
0.543339,-0.433586
0.54482,-0.433102
0.546301,-0.432618
0.547782,-0.432134
0.549263,-0.43165
0.550745,-0.431166
0.552226,-0.430682
0.553707,-0.430198
0.555188,-0.429714
0.556669,-0.42923
0.55815,-0.428746
0.559631,-0.428262
0.561112,-0.427778
0.562593,-0.427294
0.564074,-0.42681
0.565556,-0.426326
0.567037,-0.425842
0.568518,-0.425358
0.569999,-0.424874
0.57148,-0.42439
0.572961,-0.423906
0.574442,-0.423422
0.575923,-0.422938
0.577404,-0.422454
0.578885,-0.42197
0.580366,-0.421486
0.581848,-0.421002
0.583329,-0.420518
0.58481,-0.420034
0.586291,-0.41955
0.587772,-0.419066
0.589253,-0.418582
0.590734,-0.418098
0.592215,-0.417614
0.593696,-0.41713
0.595177,-0.416646
0.596659,-0.416162
0.59814,-0.415678
0.599621,-0.415194
0.601102,-0.41471
0.602583,-0.414226
0.604064,-0.413742
0.605545,-0.413258
0.607026,-0.412774
0.608507,-0.41229
0.609988,-0.411806
0.61147,-0.411322
0.612951,-0.410838
0.614432,-0.410354
0.615913,-0.40987
0.617394,-0.409386
0.618875,-0.408902
0.620356,-0.408418
0.621837,-0.407934
0.623318,-0.407451
0.624799,-0.406967
0.626281,-0.406483
0.627762,-0.405999
0.629243,-0.405515
0.630724,-0.405031
0.632205,-0.404547
0.633686,-0.404063
0.635167,-0.403579
0.636648,-0.403095
0.638129,-0.402611
0.63961,-0.402127
0.641091,-0.401643
0.642573,-0.401159
