O
15
1,0,-1,0.78,-0.5,0.75,0.0,0.0,0.0,0.3,0.4,0.02,0,0.8,False
2,0,-1,1.1,-0.5,0.93,0.0,0.0,0.0,0.02,0.4,0.2,0,0.8,False
3,0,-1,0.78,-0.5,1.11,0.0,0.0,0.0,0.3,0.4,0.02,0,0.8,False
4,0,-1,0.8,-0.92,0.93,0.0,0.0,0.0,0.32,0.02,0.2,0,0.8,False
5,0,-1,0.8,-0.08,0.93,0.0,0.0,0.0,0.32,0.02,0.2,0,0.8,False
6,0,0,0.6062995425267671,-0.4655794749023844,0.9153755680896137,0.0,0.0,4.907454668364764,0.03,0.03,0.1453755680896137,0.10123894518876414,1.078381644741896,False
7,2,0,0.5582120608954572,-0.30677686350917577,0.8450000000000001,0.0,0.0,4.590017818043841,0.03,0.03,0.15,0.004992537762136318,0.8825104391619947,False
8,0,0,0.8158684117536046,-0.7328672507921923,0.86,0.0,0.0,0.44875218660697996,0.03522512635570931,0.03858021385287302,0.09,0.18014977457312864,0.9518389108817018,False
9,2,0,0.7927359525611034,-0.3205424333282023,0.8566669985922694,0.0,0.0,4.23971297705288,0.06434493175669824,0.06434493175669824,0.17333399718453874,0.1585267490795788,1.1168192483406387,False
10,0,0,0.9875034198383016,-0.26770508085307543,0.86,0.0,0.0,2.7831097241081544,0.06474155758747577,0.03,0.09,0.4064216218194139,0.9502239408985809,False
11,2,1,1.019873787589005,-0.4380325954822327,0.8450000000000001,0.0,0.0,0.2750596116763435,0.03,0.03,0.15,0.146316297115954,1.198448844500139,True
12,2,1,0.7936388268004969,-0.4632330742090906,0.8450000000000001,0.0,0.0,0.5990481337144491,0.03,0.03,0.15,0.3508473007412707,0.9105440106418125,True
13,2,1,0.6019804938242068,-0.19652788180226155,0.8450000000000001,0.0,0.0,6.0895193031402375,0.03,0.03,0.15,0.44587621903389213,0.8928884399815634,True
14,2,1,0.9505995124495473,-0.5920258211156951,0.8686186594143321,0.0,0.0,4.879018065298706,0.04799976516048706,0.04799976516048706,0.19723731882866435,0.2955357611407157,1.0793221826695392,True
15,0,1,0.6838460950892101,-0.6525331728103647,0.9009762568321747,0.0,0.0,6.088216553129831,0.03,0.04199917599554768,0.13097625683217473,0.02060435766853752,1.1504191678010272,True
R
0.0,0.0,0.0,0.0,0.0,0.0,1.0
S
8
torso_lift_joint,0
r_shoulder_pan_joint,-1.69017
r_shoulder_lift_joint,-0.0788625
r_upper_arm_roll_joint,-1.69017
r_elbow_flex_joint,-1.2717
r_forearm_roll_joint,-0.151824
r_wrist_flex_joint,-1.25254
r_wrist_roll_joint,0.675062
G
0.532722,-0.480117,0.915376,0.195066,-0,0
ooi
6
A
599
0.310248,-0.673113
0.311199,-0.67232
0.31215,-0.671527
0.313101,-0.670733
0.314052,-0.66994
0.315002,-0.669147
0.315953,-0.668354
0.316904,-0.667561
0.317855,-0.666767
0.318806,-0.665974
0.319757,-0.665181
0.320707,-0.664388
0.321658,-0.663594
0.322609,-0.662801
0.32356,-0.662008
0.324511,-0.661215
0.325462,-0.660422
0.326413,-0.659628
0.327363,-0.658835
0.328314,-0.658042
0.329265,-0.657249
0.330216,-0.656455
0.331167,-0.655662
0.332118,-0.654869
0.333068,-0.654076
0.334019,-0.653283
0.33497,-0.652489
0.335921,-0.651696
0.336872,-0.650903
0.337823,-0.65011
0.338774,-0.649316
0.339724,-0.648523
0.340675,-0.64773
0.341626,-0.646937
0.342577,-0.646144
0.343528,-0.64535
0.344479,-0.644557
0.345429,-0.643764
0.34638,-0.642971
0.347331,-0.642177
0.348282,-0.641384
0.349233,-0.640591
0.350184,-0.639798
0.351134,-0.639005
0.352085,-0.638211
0.353036,-0.637418
0.353987,-0.636625
0.354938,-0.635832
0.355889,-0.635038
0.35684,-0.634245
0.35779,-0.633452
0.358741,-0.632659
0.359692,-0.631866
0.360643,-0.631072
0.361594,-0.630279
0.362545,-0.629486
0.363495,-0.628693
0.364446,-0.627899
0.365397,-0.627106
0.366348,-0.626313
0.367299,-0.62552
0.36825,-0.624727
0.369201,-0.623933
0.370151,-0.62314
0.371102,-0.622347
0.372053,-0.621554
0.373004,-0.620761
0.373955,-0.619967
0.374906,-0.619174
0.375856,-0.618381
0.376807,-0.617588
0.377758,-0.616794
0.378709,-0.616001
0.37966,-0.615208
0.380611,-0.614415
0.381562,-0.613622
0.382512,-0.612828
0.383463,-0.612035
0.384414,-0.611242
0.385365,-0.610449
0.386316,-0.609655
0.387267,-0.608862
0.388217,-0.608069
0.389168,-0.607276
0.390119,-0.606483
0.39107,-0.605689
0.392021,-0.604896
0.392972,-0.604103
0.393923,-0.60331
0.394873,-0.602516
0.395824,-0.601723
0.396775,-0.60093
0.397726,-0.600137
0.398677,-0.599344
0.399628,-0.59855
0.400578,-0.597757
0.401529,-0.596964
0.40248,-0.596171
0.403431,-0.595377
0.404382,-0.594584
0.405333,-0.593791
0.406283,-0.592998
0.407234,-0.592205
0.408185,-0.591411
0.409136,-0.590618
0.410087,-0.589825
0.411038,-0.589032
0.411989,-0.588238
0.412939,-0.587445
0.41389,-0.586652
0.414841,-0.585859
0.415792,-0.585066
0.416743,-0.584272
0.417694,-0.583479
0.418644,-0.582686
0.419595,-0.581893
0.420546,-0.581099
0.421497,-0.580306
0.422448,-0.579513
0.423399,-0.57872
0.42435,-0.577927
0.4253,-0.577133
0.426251,-0.57634
0.427202,-0.575547
0.428153,-0.574754
0.429104,-0.57396
0.430055,-0.573167
0.431005,-0.572374
0.431956,-0.571581
0.432907,-0.570788
0.433858,-0.569994
0.434809,-0.569201
0.43576,-0.568408
0.436711,-0.567615
0.437661,-0.566822
0.438612,-0.566028
0.439563,-0.565235
0.440514,-0.564442
0.441465,-0.563649
0.442416,-0.562855
0.443366,-0.562062
0.444317,-0.561269
0.445268,-0.560476
0.446219,-0.559683
0.44717,-0.558889
0.448121,-0.558096
0.449071,-0.557303
0.450022,-0.55651
0.450973,-0.555716
0.451924,-0.554923
0.452875,-0.55413
0.452496,-0.554672
0.452116,-0.555214
0.451737,-0.555757
0.451358,-0.556299
0.450979,-0.556841
0.450599,-0.557383
0.45022,-0.557926
0.449841,-0.558468
0.449462,-0.55901
0.449082,-0.559552
0.448703,-0.560095
0.448324,-0.560637
0.447945,-0.561179
0.447565,-0.561721
0.447186,-0.562264
0.446807,-0.562806
0.446428,-0.563348
0.446048,-0.56389
0.445669,-0.564433
0.44529,-0.564975
0.444911,-0.565517
0.444531,-0.566059
0.444152,-0.566602
0.443773,-0.567144
0.443394,-0.567686
0.443014,-0.568228
0.442635,-0.568771
0.442256,-0.569313
0.441877,-0.569855
0.441497,-0.570397
0.441118,-0.57094
0.440739,-0.571482
0.44036,-0.572024
0.43998,-0.572566
0.439601,-0.573109
0.439222,-0.573651
0.438843,-0.574193
0.438463,-0.574735
0.438084,-0.575278
0.437705,-0.57582
0.437326,-0.576362
0.436946,-0.576904
0.436567,-0.577447
0.436188,-0.577989
0.435809,-0.578531
0.435429,-0.579073
0.43505,-0.579616
0.434671,-0.580158
0.434292,-0.5807
0.433912,-0.581242
0.433533,-0.581785
0.433154,-0.582327
0.432775,-0.582869
0.432395,-0.583411
0.432016,-0.583954
0.431637,-0.584496
0.431258,-0.585038
0.430878,-0.58558
0.430499,-0.586123
0.43012,-0.586665
0.429741,-0.587207
0.429361,-0.587749
0.428982,-0.588292
0.428603,-0.588834
0.428224,-0.589376
0.427844,-0.589918
0.427465,-0.590461
0.427086,-0.591003
0.426707,-0.591545
0.426327,-0.592087
0.425948,-0.59263
0.425569,-0.593172
0.42519,-0.593714
0.424811,-0.594256
0.424431,-0.594799
0.424052,-0.595341
0.423673,-0.595883
0.423294,-0.596425
0.422914,-0.596967
0.422535,-0.59751
0.422156,-0.598052
0.421777,-0.598594
0.421397,-0.599136
0.421018,-0.599679
0.420639,-0.600221
0.42026,-0.600763
0.41988,-0.601305
0.419501,-0.601848
0.419122,-0.60239
0.418743,-0.602932
0.418363,-0.603474
0.417984,-0.604017
0.417605,-0.604559
0.417226,-0.605101
0.416846,-0.605643
0.416467,-0.606186
0.416088,-0.606728
0.415709,-0.60727
0.415329,-0.607812
0.41495,-0.608355
0.414571,-0.608897
0.414192,-0.609439
0.413812,-0.609981
0.413433,-0.610524
0.413054,-0.611066
0.412675,-0.611608
0.412295,-0.61215
0.411916,-0.612693
0.411537,-0.613235
0.411158,-0.613777
0.410778,-0.614319
0.410399,-0.614862
0.41002,-0.615404
0.409641,-0.615946
0.409261,-0.616488
0.408882,-0.617031
0.408503,-0.617573
0.408124,-0.618115
0.407744,-0.618657
0.407365,-0.6192
0.406986,-0.619742
0.406607,-0.620284
0.406227,-0.620826
0.405848,-0.621369
0.405469,-0.621911
0.40509,-0.622453
0.40471,-0.622995
0.404331,-0.623538
0.403952,-0.62408
0.403573,-0.624622
0.403193,-0.625164
0.402814,-0.625707
0.402435,-0.626249
0.402056,-0.626791
0.401676,-0.627333
0.401297,-0.627876
0.400918,-0.628418
0.400539,-0.62896
0.400159,-0.629502
0.39978,-0.630045
0.399401,-0.630587
0.399022,-0.631129
0.398642,-0.631671
0.398263,-0.632214
0.397884,-0.632756
0.397505,-0.633298
0.397125,-0.63384
0.396746,-0.634383
0.396367,-0.634925
0.397389,-0.634889
0.39841,-0.634853
0.399432,-0.634817
0.400454,-0.634782
0.401475,-0.634746
0.402497,-0.63471
0.403519,-0.634674
0.404541,-0.634639
0.405562,-0.634603
0.406584,-0.634567
0.407606,-0.634531
0.408627,-0.634496
0.409649,-0.63446
0.410671,-0.634424
0.411692,-0.634388
0.412714,-0.634353
0.413736,-0.634317
0.414758,-0.634281
0.415779,-0.634245
0.416801,-0.634209
0.417823,-0.634174
0.418844,-0.634138
0.419866,-0.634102
0.420888,-0.634066
0.421909,-0.634031
0.422931,-0.633995
0.423953,-0.633959
0.424975,-0.633923
0.425996,-0.633888
0.427018,-0.633852
0.42804,-0.633816
0.429061,-0.63378
0.430083,-0.633745
0.431105,-0.633709
0.432126,-0.633673
0.433148,-0.633637
0.43417,-0.633601
0.435192,-0.633566
0.436213,-0.63353
0.437235,-0.633494
0.438257,-0.633458
0.439278,-0.633423
0.4403,-0.633387
0.441322,-0.633351
0.442343,-0.633315
0.443365,-0.63328
0.444387,-0.633244
0.445409,-0.633208
0.44643,-0.633172
0.447452,-0.633136
0.448474,-0.633101
0.449495,-0.633065
0.450517,-0.633029
0.451539,-0.632993
0.45256,-0.632958
0.453582,-0.632922
0.454604,-0.632886
0.455626,-0.63285
0.456647,-0.632815
0.457669,-0.632779
0.458691,-0.632743
0.459712,-0.632707
0.460734,-0.632672
0.461756,-0.632636
0.462777,-0.6326
0.463799,-0.632564
0.464821,-0.632528
0.465843,-0.632493
0.466864,-0.632457
0.467886,-0.632421
0.468908,-0.632385
0.469929,-0.63235
0.470951,-0.632314
0.471973,-0.632278
0.472994,-0.632242
0.474016,-0.632207
0.475038,-0.632171
0.47606,-0.632135
0.477081,-0.632099
0.478103,-0.632064
0.479125,-0.632028
0.480146,-0.631992
0.481168,-0.631956
0.48219,-0.63192
0.483211,-0.631885
0.484233,-0.631849
0.485255,-0.631813
0.486277,-0.631777
0.487298,-0.631742
0.48832,-0.631706
0.489342,-0.63167
0.490363,-0.631634
0.491385,-0.631599
0.492407,-0.631563
0.493428,-0.631527
0.49445,-0.631491
0.495472,-0.631455
0.496494,-0.63142
0.497515,-0.631384
0.498537,-0.631348
0.499559,-0.631312
0.50058,-0.631277
0.501602,-0.631241
0.502624,-0.631205
0.503645,-0.631169
0.504667,-0.631134
0.505689,-0.631098
0.506711,-0.631062
0.507732,-0.631026
0.508754,-0.630991
0.509776,-0.630955
0.510797,-0.630919
0.511819,-0.630883
0.512841,-0.630847
0.513862,-0.630812
0.514884,-0.630776
0.515906,-0.63074
0.516928,-0.630704
0.517949,-0.630669
0.518971,-0.630633
0.519993,-0.630597
0.521014,-0.630561
0.522036,-0.630526
0.523058,-0.63049
0.524079,-0.630454
0.525101,-0.630418
0.526123,-0.630383
0.527145,-0.630347
0.528166,-0.630311
0.529188,-0.630275
0.53021,-0.630239
0.531231,-0.630204
0.532253,-0.630168
0.533275,-0.630132
0.534296,-0.630096
0.535318,-0.630061
0.53634,-0.630025
0.537362,-0.629989
0.538383,-0.629953
0.539405,-0.629918
0.540427,-0.629882
0.541448,-0.629846
0.54247,-0.62981
0.543492,-0.629774
0.544513,-0.629739
0.545535,-0.629703
0.546557,-0.629667
0.547579,-0.629631
0.5486,-0.629596
0.549622,-0.62956
0.549509,-0.628557
0.549395,-0.627554
0.549282,-0.626551
0.549168,-0.625548
0.549055,-0.624545
0.548941,-0.623542
0.548828,-0.622539
0.548715,-0.621536
0.548601,-0.620533
0.548488,-0.61953
0.548374,-0.618527
0.548261,-0.617524
0.548147,-0.616521
0.548034,-0.615518
0.547921,-0.614515
0.547807,-0.613512
0.547694,-0.612509
0.54758,-0.611506
0.547467,-0.610503
0.547354,-0.6095
0.54724,-0.608497
0.547127,-0.607494
0.547013,-0.606491
0.5469,-0.605489
0.546786,-0.604486
0.546673,-0.603483
0.54656,-0.60248
0.546446,-0.601477
0.546333,-0.600474
0.546219,-0.599471
0.546106,-0.598468
0.545992,-0.597465
0.545879,-0.596462
0.545766,-0.595459
0.545652,-0.594456
0.545539,-0.593453
0.545425,-0.59245
0.545312,-0.591447
0.545198,-0.590444
0.545085,-0.589441
0.544972,-0.588438
0.544858,-0.587435
0.544745,-0.586432
0.544631,-0.585429
0.544518,-0.584426
0.544405,-0.583423
0.544291,-0.58242
0.544178,-0.581417
0.544064,-0.580414
0.543951,-0.579411
0.543837,-0.578408
0.543724,-0.577405
0.543611,-0.576402
0.543497,-0.575399
0.543384,-0.574396
0.54327,-0.573393
0.543157,-0.57239
0.543043,-0.571387
0.54293,-0.570384
0.542817,-0.569381
0.542703,-0.568378
0.54259,-0.567376
0.542476,-0.566373
0.542363,-0.56537
0.542249,-0.564367
0.542136,-0.563364
0.542023,-0.562361
0.541909,-0.561358
0.541796,-0.560355
0.541682,-0.559352
0.541569,-0.558349
0.541456,-0.557346
0.541342,-0.556343
0.541229,-0.55534
0.541115,-0.554337
0.541002,-0.553334
0.540888,-0.552331
0.540775,-0.551328
0.540662,-0.550325
0.540548,-0.549322
0.540435,-0.548319
0.540321,-0.547316
0.540208,-0.546313
0.540094,-0.54531
0.539981,-0.544307
0.539868,-0.543304
0.539754,-0.542301
0.539641,-0.541298
0.539527,-0.540295
0.539414,-0.539292
0.5393,-0.538289
0.539187,-0.537286
0.539074,-0.536283
0.53896,-0.53528
0.538847,-0.534277
0.538733,-0.533274
0.53862,-0.532271
0.538507,-0.531268
0.538393,-0.530265
0.53828,-0.529263
0.538166,-0.52826
0.538053,-0.527257
0.537939,-0.526254
0.537826,-0.525251
0.537713,-0.524248
0.537599,-0.523245
0.537486,-0.522242
0.537372,-0.521239
0.537259,-0.520236
0.537145,-0.519233
0.537032,-0.51823
0.536919,-0.517227
0.536805,-0.516224
0.536692,-0.515221
0.536578,-0.514218
0.536465,-0.513215
0.536351,-0.512212
0.536238,-0.511209
0.536125,-0.510206
0.536011,-0.509203
0.535898,-0.5082
0.535784,-0.507197
0.535671,-0.506194
0.535558,-0.505191
0.535444,-0.504188
0.535331,-0.503185
0.535217,-0.502182
0.535104,-0.501179
0.53499,-0.500176
0.534877,-0.499173
0.534764,-0.49817
0.53465,-0.497167
0.534537,-0.496164
0.534423,-0.495161
0.53431,-0.494158
0.534196,-0.493155
0.534083,-0.492152
0.53397,-0.49115
0.533856,-0.490147
0.533743,-0.489144
0.533629,-0.488141
0.533516,-0.487138
0.533402,-0.486135
0.533289,-0.485132
0.533176,-0.484129
0.533062,-0.483126
0.532949,-0.482123
0.532835,-0.48112
0.532722,-0.480117
