O
15
1,0,-1,0.78,-0.5,0.75,0.0,0.0,0.0,0.3,0.4,0.02,0,0.8,False
2,0,-1,1.1,-0.5,0.93,0.0,0.0,0.0,0.02,0.4,0.2,0,0.8,False
3,0,-1,0.78,-0.5,1.11,0.0,0.0,0.0,0.3,0.4,0.02,0,0.8,False
4,0,-1,0.8,-0.92,0.93,0.0,0.0,0.0,0.32,0.02,0.2,0,0.8,False
5,0,-1,0.8,-0.08,0.93,0.0,0.0,0.0,0.32,0.02,0.2,0,0.8,False
6,2,0,0.7214661035619359,-0.5412657530923457,0.8450000000000001,0.0,0.0,0.6179232364154352,0.03,0.03,0.15,0.04550285235393858,0.8627394225308039,False
7,0,0,0.5372694585163922,-0.38262512405881094,0.9010781623084091,0.0,0.0,2.198611646325343,0.038550141897467284,0.0770092073908158,0.13107816230840905,0.22628855191651565,1.0563565130277548,False
8,2,0,0.9400953072593532,-0.6665513259512672,0.8450000000000001,0.0,0.0,0.24695754008361914,0.051922024197679176,0.051922024197679176,0.15,0.32659212815000643,1.035375586669886,False
9,2,0,0.6529061956428992,-0.24290360365390395,0.8450000000000001,0.0,0.0,5.412353245462141,0.03,0.03,0.15,0.3282986651112579,1.008322502401406,False
10,2,0,0.6923234932748388,-0.6990167547933557,0.845370050794845,0.0,0.0,2.545135951640814,0.03,0.03,0.15074010158968987,0.0749753686351976,0.928917190607292,False
11,2,1,0.7780287622747807,-0.3100044441678588,0.8450000000000001,0.0,0.0,4.737074838580036,0.0460920871549174,0.0460920871549174,0.15,0.43572203872166315,1.193777722724188,True
12,0,1,0.9097833291036074,-0.5005826180228797,0.86,0.0,0.0,5.84682156420788,0.03,0.056982802401688695,0.09,0.18334073519826521,0.9677727177370832,True
13,0,1,0.9044050014162239,-0.3279747879258652,0.86,0.0,0.0,3.5077498177698545,0.03,0.05041857276695028,0.09,0.4099589794398715,0.9892201526603133,True
14,0,1,0.8432915663616556,-0.7935381855316039,0.86,0.0,0.0,1.0033925040048917,0.03,0.03,0.09,0.44005275970941704,1.0687771159444173,True
15,2,1,0.5570611868265279,-0.827243672595755,0.8450000000000001,0.0,0.0,2.072366348575545,0.03,0.03,0.15,0.20926742934924036,0.8345917760402093,True
R
0.0,0.0,0.0,0.0,0.0,0.0,1.0
S
8
torso_lift_joint,0
r_shoulder_pan_joint,-1.69017
r_shoulder_lift_joint,-0.0788625
r_upper_arm_roll_joint,-1.69017
r_elbow_flex_joint,-1.2717
r_forearm_roll_joint,-0.151824
r_wrist_flex_joint,-1.25254
r_wrist_roll_joint,0.675062
G
0.438526,-0.454291,0.901078,0.627815,-0,0
ooi
7
A
599
0.310248,-0.673113
0.309798,-0.672292
0.309348,-0.671471
0.308898,-0.67065
0.308448,-0.669829
0.307998,-0.669008
0.307548,-0.668188
0.307098,-0.667367
0.306648,-0.666546
0.306198,-0.665725
0.305748,-0.664904
0.305298,-0.664083
0.304848,-0.663262
0.304398,-0.662441
0.303948,-0.66162
0.303498,-0.660799
0.303048,-0.659978
0.302598,-0.659157
0.302148,-0.658337
0.301698,-0.657516
0.301248,-0.656695
0.300798,-0.655874
0.300348,-0.655053
0.299898,-0.654232
0.299448,-0.653411
0.298998,-0.65259
0.298548,-0.651769
0.298098,-0.650948
0.297648,-0.650127
0.297197,-0.649306
0.296747,-0.648486
0.296297,-0.647665
0.295847,-0.646844
0.295397,-0.646023
0.294947,-0.645202
0.294497,-0.644381
0.294047,-0.64356
0.293597,-0.642739
0.293147,-0.641918
0.292697,-0.641097
0.292247,-0.640276
0.291797,-0.639455
0.291347,-0.638635
0.290897,-0.637814
0.290447,-0.636993
0.289997,-0.636172
0.289547,-0.635351
0.289097,-0.63453
0.288647,-0.633709
0.288197,-0.632888
0.287747,-0.632067
0.287297,-0.631246
0.286847,-0.630425
0.286397,-0.629604
0.285947,-0.628784
0.285497,-0.627963
0.285047,-0.627142
0.284597,-0.626321
0.284147,-0.6255
0.283697,-0.624679
0.283247,-0.623858
0.282797,-0.623037
0.282347,-0.622216
0.281897,-0.621395
0.281447,-0.620574
0.280997,-0.619753
0.280547,-0.618933
0.280097,-0.618112
0.279647,-0.617291
0.279197,-0.61647
0.278747,-0.615649
0.278296,-0.614828
0.277846,-0.614007
0.277396,-0.613186
0.276946,-0.612365
0.276496,-0.611544
0.276046,-0.610723
0.275596,-0.609902
0.275146,-0.609081
0.274696,-0.608261
0.274246,-0.60744
0.273796,-0.606619
0.273346,-0.605798
0.272896,-0.604977
0.272446,-0.604156
0.271996,-0.603335
0.271546,-0.602514
0.271096,-0.601693
0.270646,-0.600872
0.270196,-0.600051
0.269746,-0.59923
0.269296,-0.59841
0.268846,-0.597589
0.268396,-0.596768
0.267946,-0.595947
0.267496,-0.595126
0.267046,-0.594305
0.266596,-0.593484
0.266146,-0.592663
0.265696,-0.591842
0.265246,-0.591021
0.264796,-0.5902
0.264346,-0.589379
0.263896,-0.588559
0.263446,-0.587738
0.262996,-0.586917
0.262546,-0.586096
0.262096,-0.585275
0.261646,-0.584454
0.261196,-0.583633
0.260746,-0.582812
0.260296,-0.581991
0.259846,-0.58117
0.259395,-0.580349
0.258945,-0.579528
0.258495,-0.578708
0.258045,-0.577887
0.257595,-0.577066
0.257145,-0.576245
0.256695,-0.575424
0.256245,-0.574603
0.255795,-0.573782
0.255345,-0.572961
0.254895,-0.57214
0.254445,-0.571319
0.253995,-0.570498
0.253545,-0.569677
0.253095,-0.568857
0.252645,-0.568036
0.252195,-0.567215
0.251745,-0.566394
0.251295,-0.565573
0.250845,-0.564752
0.250395,-0.563931
0.249945,-0.56311
0.249495,-0.562289
0.249045,-0.561468
0.248595,-0.560647
0.248145,-0.559826
0.247695,-0.559006
0.247245,-0.558185
0.246795,-0.557364
0.246345,-0.556543
0.245895,-0.555722
0.245445,-0.554901
0.244995,-0.55408
0.244545,-0.553259
0.244095,-0.552438
0.243645,-0.551617
0.243195,-0.550796
0.242745,-0.549975
0.24376,-0.550727
0.244776,-0.551479
0.245791,-0.552231
0.246807,-0.552982
0.247822,-0.553734
0.248838,-0.554486
0.249853,-0.555238
0.250869,-0.555989
0.251884,-0.556741
0.2529,-0.557493
0.253915,-0.558245
0.254931,-0.558996
0.255946,-0.559748
0.256962,-0.5605
0.257977,-0.561252
0.258993,-0.562004
0.260008,-0.562755
0.261024,-0.563507
0.262039,-0.564259
0.263055,-0.565011
0.26407,-0.565762
0.265086,-0.566514
0.266101,-0.567266
0.267117,-0.568018
0.268132,-0.568769
0.269148,-0.569521
0.270163,-0.570273
0.271179,-0.571025
0.272195,-0.571776
0.27321,-0.572528
0.274226,-0.57328
0.275241,-0.574032
0.276257,-0.574783
0.277272,-0.575535
0.278288,-0.576287
0.279303,-0.577039
0.280319,-0.57779
0.281334,-0.578542
0.28235,-0.579294
0.283365,-0.580046
0.284381,-0.580797
0.285396,-0.581549
0.286412,-0.582301
0.287427,-0.583053
0.288443,-0.583804
0.289458,-0.584556
0.290474,-0.585308
0.291489,-0.58606
0.292505,-0.586811
0.29352,-0.587563
0.294536,-0.588315
0.295551,-0.589067
0.296567,-0.589818
0.297582,-0.59057
0.298598,-0.591322
0.299613,-0.592074
0.300629,-0.592825
0.301644,-0.593577
0.30266,-0.594329
0.303675,-0.595081
0.304691,-0.595832
0.305706,-0.596584
0.306722,-0.597336
0.307738,-0.598088
0.308753,-0.598839
0.309769,-0.599591
0.310784,-0.600343
0.3118,-0.601095
0.312815,-0.601847
0.313831,-0.602598
0.314846,-0.60335
0.315862,-0.604102
0.316877,-0.604854
0.317893,-0.605605
0.318908,-0.606357
0.319924,-0.607109
0.320939,-0.607861
0.321955,-0.608612
0.32297,-0.609364
0.323986,-0.610116
0.325001,-0.610868
0.326017,-0.611619
0.327032,-0.612371
0.328048,-0.613123
0.329063,-0.613875
0.330079,-0.614626
0.331094,-0.615378
0.33211,-0.61613
0.333125,-0.616882
0.334141,-0.617633
0.335156,-0.618385
0.336172,-0.619137
0.337187,-0.619889
0.338203,-0.62064
0.339218,-0.621392
0.340234,-0.622144
0.341249,-0.622896
0.342265,-0.623647
0.343281,-0.624399
0.344296,-0.625151
0.345312,-0.625903
0.346327,-0.626654
0.347343,-0.627406
0.348358,-0.628158
0.349374,-0.62891
0.350389,-0.629661
0.351405,-0.630413
0.35242,-0.631165
0.353436,-0.631917
0.354451,-0.632668
0.355467,-0.63342
0.356482,-0.634172
0.357498,-0.634924
0.358513,-0.635675
0.359529,-0.636427
0.360544,-0.637179
0.36156,-0.637931
0.362575,-0.638682
0.363591,-0.639434
0.364606,-0.640186
0.365622,-0.640938
0.366637,-0.64169
0.367653,-0.642441
0.368668,-0.643193
0.369684,-0.643945
0.370699,-0.644697
0.371715,-0.645448
0.37273,-0.6462
0.373746,-0.646952
0.374761,-0.647704
0.375777,-0.648455
0.376792,-0.649207
0.377808,-0.649959
0.378824,-0.650711
0.379839,-0.651462
0.380855,-0.652214
0.38187,-0.652966
0.382886,-0.653718
0.383901,-0.654469
0.384917,-0.655221
0.385932,-0.655973
0.386948,-0.656725
0.387963,-0.657476
0.388979,-0.658228
0.389994,-0.65898
0.39101,-0.659732
0.392025,-0.660483
0.393041,-0.661235
0.394056,-0.661987
0.394235,-0.660562
0.394414,-0.659138
0.394593,-0.657713
0.394772,-0.656288
0.394951,-0.654864
0.39513,-0.653439
0.395309,-0.652014
0.395488,-0.65059
0.395667,-0.649165
0.395846,-0.647741
0.396025,-0.646316
0.396204,-0.644891
0.396382,-0.643467
0.396561,-0.642042
0.39674,-0.640617
0.396919,-0.639193
0.397098,-0.637768
0.397277,-0.636344
0.397456,-0.634919
0.397635,-0.633494
0.397814,-0.63207
0.397993,-0.630645
0.398172,-0.62922
0.398351,-0.627796
0.39853,-0.626371
0.398709,-0.624946
0.398888,-0.623522
0.399067,-0.622097
0.399246,-0.620673
0.399424,-0.619248
0.399603,-0.617823
0.399782,-0.616399
0.399961,-0.614974
0.40014,-0.613549
0.400319,-0.612125
0.400498,-0.6107
0.400677,-0.609275
0.400856,-0.607851
0.401035,-0.606426
0.401214,-0.605002
0.401393,-0.603577
0.401572,-0.602152
0.401751,-0.600728
0.40193,-0.599303
0.402109,-0.597878
0.402288,-0.596454
0.402466,-0.595029
0.402645,-0.593605
0.402824,-0.59218
0.403003,-0.590755
0.403182,-0.589331
0.403361,-0.587906
0.40354,-0.586481
0.403719,-0.585057
0.403898,-0.583632
0.404077,-0.582207
0.404256,-0.580783
0.404435,-0.579358
0.404614,-0.577934
0.404793,-0.576509
0.404972,-0.575084
0.405151,-0.57366
0.40533,-0.572235
0.405508,-0.57081
0.405687,-0.569386
0.405866,-0.567961
0.406045,-0.566537
0.406224,-0.565112
0.406403,-0.563687
0.406582,-0.562263
0.406761,-0.560838
0.40694,-0.559413
0.407119,-0.557989
0.407298,-0.556564
0.407477,-0.555139
0.407656,-0.553715
0.407835,-0.55229
0.408014,-0.550866
0.408193,-0.549441
0.408371,-0.548016
0.40855,-0.546592
0.408729,-0.545167
0.408908,-0.543742
0.409087,-0.542318
0.409266,-0.540893
0.409445,-0.539469
0.409624,-0.538044
0.409803,-0.536619
0.409982,-0.535195
0.410161,-0.53377
0.41034,-0.532345
0.410519,-0.530921
0.410698,-0.529496
0.410877,-0.528071
0.411056,-0.526647
0.411235,-0.525222
0.411413,-0.523798
0.411592,-0.522373
0.411771,-0.520948
0.41195,-0.519524
0.412129,-0.518099
0.412308,-0.516674
0.412487,-0.51525
0.412666,-0.513825
0.412845,-0.512401
0.413024,-0.510976
0.413203,-0.509551
0.413382,-0.508127
0.413561,-0.506702
0.41374,-0.505277
0.413919,-0.503853
0.414098,-0.502428
0.414277,-0.501003
0.414455,-0.499579
0.414634,-0.498154
0.414813,-0.49673
0.414992,-0.495305
0.415171,-0.49388
0.41535,-0.492456
0.415529,-0.491031
0.415708,-0.489606
0.415887,-0.488182
0.416066,-0.486757
0.416245,-0.485332
0.416424,-0.483908
0.416603,-0.482483
0.416782,-0.481059
0.416961,-0.479634
0.41714,-0.478209
0.417319,-0.476785
0.417497,-0.47536
0.417676,-0.473935
0.417855,-0.472511
0.418034,-0.471086
0.418213,-0.469662
0.418392,-0.468237
0.418571,-0.466812
0.41875,-0.465388
0.418929,-0.463963
0.419108,-0.462538
0.419287,-0.461114
0.419466,-0.459689
0.419645,-0.458264
0.419824,-0.45684
0.420003,-0.455415
0.420182,-0.453991
0.420361,-0.452566
0.420539,-0.451141
0.420718,-0.449717
0.420897,-0.448292
0.421016,-0.448332
0.421134,-0.448373
0.421252,-0.448413
0.421371,-0.448453
0.421489,-0.448493
0.421607,-0.448534
0.421726,-0.448574
0.421844,-0.448614
0.421962,-0.448654
0.42208,-0.448695
0.422199,-0.448735
0.422317,-0.448775
0.422435,-0.448815
0.422554,-0.448856
0.422672,-0.448896
0.42279,-0.448936
0.422909,-0.448976
0.423027,-0.449017
0.423145,-0.449057
0.423264,-0.449097
0.423382,-0.449137
0.4235,-0.449178
0.423619,-0.449218
0.423737,-0.449258
0.423855,-0.449299
0.423973,-0.449339
0.424092,-0.449379
0.42421,-0.449419
0.424328,-0.44946
0.424447,-0.4495
0.424565,-0.44954
0.424683,-0.44958
0.424802,-0.449621
0.42492,-0.449661
0.425038,-0.449701
0.425157,-0.449741
0.425275,-0.449782
0.425393,-0.449822
0.425512,-0.449862
0.42563,-0.449902
0.425748,-0.449943
0.425866,-0.449983
0.425985,-0.450023
0.426103,-0.450063
0.426221,-0.450104
0.42634,-0.450144
0.426458,-0.450184
0.426576,-0.450224
0.426695,-0.450265
0.426813,-0.450305
0.426931,-0.450345
0.42705,-0.450386
0.427168,-0.450426
0.427286,-0.450466
0.427405,-0.450506
0.427523,-0.450547
0.427641,-0.450587
0.427759,-0.450627
0.427878,-0.450667
0.427996,-0.450708
0.428114,-0.450748
0.428233,-0.450788
0.428351,-0.450828
0.428469,-0.450869
0.428588,-0.450909
0.428706,-0.450949
0.428824,-0.450989
0.428943,-0.45103
0.429061,-0.45107
0.429179,-0.45111
0.429298,-0.45115
0.429416,-0.451191
0.429534,-0.451231
0.429652,-0.451271
0.429771,-0.451311
0.429889,-0.451352
0.430007,-0.451392
0.430126,-0.451432
0.430244,-0.451473
0.430362,-0.451513
0.430481,-0.451553
0.430599,-0.451593
0.430717,-0.451634
0.430836,-0.451674
0.430954,-0.451714
0.431072,-0.451754
0.431191,-0.451795
0.431309,-0.451835
0.431427,-0.451875
0.431545,-0.451915
0.431664,-0.451956
0.431782,-0.451996
0.4319,-0.452036
0.432019,-0.452076
0.432137,-0.452117
0.432255,-0.452157
0.432374,-0.452197
0.432492,-0.452237
0.43261,-0.452278
0.432729,-0.452318
0.432847,-0.452358
0.432965,-0.452398
0.433083,-0.452439
0.433202,-0.452479
0.43332,-0.452519
0.433438,-0.45256
0.433557,-0.4526
0.433675,-0.45264
0.433793,-0.45268
0.433912,-0.452721
0.43403,-0.452761
0.434148,-0.452801
0.434267,-0.452841
0.434385,-0.452882
0.434503,-0.452922
0.434622,-0.452962
0.43474,-0.453002
0.434858,-0.453043
0.434976,-0.453083
0.435095,-0.453123
0.435213,-0.453163
0.435331,-0.453204
0.43545,-0.453244
0.435568,-0.453284
0.435686,-0.453324
0.435805,-0.453365
0.435923,-0.453405
0.436041,-0.453445
0.43616,-0.453485
0.436278,-0.453526
0.436396,-0.453566
0.436515,-0.453606
0.436633,-0.453647
0.436751,-0.453687
0.436869,-0.453727
0.436988,-0.453767
0.437106,-0.453808
0.437224,-0.453848
0.437343,-0.453888
0.437461,-0.453928
0.437579,-0.453969
0.437698,-0.454009
0.437816,-0.454049
0.437934,-0.454089
0.438053,-0.45413
0.438171,-0.45417
0.438289,-0.45421
0.438408,-0.45425
0.438526,-0.454291
