O
15
1,0,-1,0.78,-0.5,0.75,0.0,0.0,0.0,0.3,0.4,0.02,0,0.8,False
2,0,-1,1.1,-0.5,0.93,0.0,0.0,0.0,0.02,0.4,0.2,0,0.8,False
3,0,-1,0.78,-0.5,1.11,0.0,0.0,0.0,0.3,0.4,0.02,0,0.8,False
4,0,-1,0.8,-0.92,0.93,0.0,0.0,0.0,0.32,0.02,0.2,0,0.8,False
5,0,-1,0.8,-0.08,0.93,0.0,0.0,0.0,0.32,0.02,0.2,0,0.8,False
6,0,0,0.662441863353276,-0.6951649691117681,0.8888855115001765,0.0,0.0,2.9481257587941103,0.03,0.03,0.11888551150017646,0.10897494293024074,1.0609948367312496,False
7,2,0,0.6842892765842976,-0.5552792281659447,0.8630422170904603,0.0,0.0,2.8242577352649825,0.04284476196591635,0.04284476196591635,0.18608443418092044,0.1234787083637729,0.9392996521801815,False
8,2,0,0.9584974936219588,-0.28893854336631664,0.8450000000000001,0.0,0.0,2.7714952662951986,0.07220378915753832,0.07220378915753832,0.15,0.038748330306215106,1.1517911707673625,False
9,2,0,0.6326585544351928,-0.3884327608709106,0.8450000000000001,0.0,0.0,2.756307965075246,0.060119870626049655,0.060119870626049655,0.15,0.1756143228594227,0.9106593620568124,False
10,0,0,0.8302785902380833,-0.6907131598913607,0.9031373817182278,0.0,0.0,0.7099448623508452,0.03,0.0645584965327583,0.1331373817182278,0.255342875096671,1.1486968062666878,False
11,2,1,0.7861711596585484,-0.20601302325295068,0.8450000000000001,0.0,0.0,3.6643713239833438,0.03,0.03,0.15,0.051797664246029995,0.9583500410687584,True
12,2,1,0.9701588714360712,-0.7254635794084523,0.8450000000000001,0.0,0.0,1.4757027400356302,0.03,0.03,0.15,0.36692276443368577,1.0080924641542564,True
13,2,1,0.6906509103841665,-0.2543104823603588,0.8450000000000001,0.0,0.0,2.885717457692583,0.03,0.03,0.15,0.26507496876045145,0.9336365328873066,True
14,0,1,0.8378603297490386,-0.4910897490675673,0.862452972342499,0.0,0.0,1.2924414098171082,0.03,0.07000810592776727,0.09245297234249895,0.29894396892574965,0.9288558390551318,True
15,2,1,0.5607730808199658,-0.7697960077499463,0.8450000000000001,0.0,0.0,0.037880131732511646,0.03,0.03,0.15,0.050259161099898475,1.1353176723828347,True
R
0.0,0.0,0.0,0.0,0.0,0.0,1.0
S
8
torso_lift_joint,0
r_shoulder_pan_joint,-1.69017
r_shoulder_lift_joint,-0.0788625
r_upper_arm_roll_joint,-1.69017
r_elbow_flex_joint,-1.2717
r_forearm_roll_joint,-0.151824
r_wrist_flex_joint,-1.25254
r_wrist_roll_joint,0.675062
G
0.588841,-0.680745,0.888886,2.94813,-3.14159,3.14159
ooi
6
A
599
0.310248,-0.673113
0.310209,-0.673479
0.310169,-0.673844
0.310129,-0.67421
0.31009,-0.674576
0.31005,-0.674941
0.31001,-0.675307
0.309971,-0.675672
0.309931,-0.676038
0.309892,-0.676404
0.309852,-0.676769
0.309812,-0.677135
0.309773,-0.677501
0.309733,-0.677866
0.309693,-0.678232
0.309654,-0.678597
0.309614,-0.678963
0.309575,-0.679329
0.309535,-0.679694
0.309495,-0.68006
0.309456,-0.680425
0.309416,-0.680791
0.309376,-0.681157
0.309337,-0.681522
0.309297,-0.681888
0.309258,-0.682254
0.309218,-0.682619
0.309178,-0.682985
0.309139,-0.68335
0.309099,-0.683716
0.309059,-0.684082
0.30902,-0.684447
0.30898,-0.684813
0.308941,-0.685179
0.308901,-0.685544
0.308861,-0.68591
0.308822,-0.686275
0.308782,-0.686641
0.308742,-0.687007
0.308703,-0.687372
0.308663,-0.687738
0.308624,-0.688104
0.308584,-0.688469
0.308544,-0.688835
0.308505,-0.6892
0.308465,-0.689566
0.308425,-0.689932
0.308386,-0.690297
0.308346,-0.690663
0.308307,-0.691028
0.308267,-0.691394
0.308227,-0.69176
0.308188,-0.692125
0.308148,-0.692491
0.308108,-0.692857
0.308069,-0.693222
0.308029,-0.693588
0.30799,-0.693953
0.30795,-0.694319
0.30791,-0.694685
0.307871,-0.69505
0.307831,-0.695416
0.307791,-0.695782
0.307752,-0.696147
0.307712,-0.696513
0.307673,-0.696878
0.307633,-0.697244
0.307593,-0.69761
0.307554,-0.697975
0.307514,-0.698341
0.307474,-0.698707
0.307435,-0.699072
0.307395,-0.699438
0.307356,-0.699803
0.307316,-0.700169
0.307276,-0.700535
0.307237,-0.7009
0.307197,-0.701266
0.307157,-0.701631
0.307118,-0.701997
0.307078,-0.702363
0.307039,-0.702728
0.306999,-0.703094
0.306959,-0.70346
0.30692,-0.703825
0.30688,-0.704191
0.30684,-0.704556
0.306801,-0.704922
0.306761,-0.705288
0.306722,-0.705653
0.306682,-0.706019
0.306642,-0.706385
0.306603,-0.70675
0.306563,-0.707116
0.306523,-0.707481
0.306484,-0.707847
0.306444,-0.708213
0.306405,-0.708578
0.306365,-0.708944
0.306325,-0.70931
0.306286,-0.709675
0.306246,-0.710041
0.306206,-0.710406
0.306167,-0.710772
0.306127,-0.711138
0.306088,-0.711503
0.306048,-0.711869
0.306008,-0.712234
0.305969,-0.7126
0.305929,-0.712966
0.305889,-0.713331
0.30585,-0.713697
0.30581,-0.714063
0.305771,-0.714428
0.305731,-0.714794
0.305691,-0.715159
0.305652,-0.715525
0.305612,-0.715891
0.305572,-0.716256
0.305533,-0.716622
0.305493,-0.716988
0.305454,-0.717353
0.305414,-0.717719
0.305374,-0.718084
0.305335,-0.71845
0.305295,-0.718816
0.305256,-0.719181
0.305216,-0.719547
0.305176,-0.719913
0.305137,-0.720278
0.305097,-0.720644
0.305057,-0.721009
0.305018,-0.721375
0.304978,-0.721741
0.304939,-0.722106
0.304899,-0.722472
0.304859,-0.722837
0.30482,-0.723203
0.30478,-0.723569
0.30474,-0.723934
0.304701,-0.7243
0.304661,-0.724666
0.304622,-0.725031
0.304582,-0.725397
0.304542,-0.725762
0.304503,-0.726128
0.304463,-0.726494
0.304423,-0.726859
0.304384,-0.727225
0.304344,-0.727591
0.304305,-0.727956
0.30474,-0.728785
0.305176,-0.729615
0.305612,-0.730444
0.306048,-0.731273
0.306484,-0.732103
0.30692,-0.732932
0.307356,-0.733761
0.307792,-0.734591
0.308228,-0.73542
0.308664,-0.736249
0.309099,-0.737079
0.309535,-0.737908
0.309971,-0.738737
0.310407,-0.739566
0.310843,-0.740396
0.311279,-0.741225
0.311715,-0.742054
0.312151,-0.742884
0.312587,-0.743713
0.313023,-0.744542
0.313458,-0.745372
0.313894,-0.746201
0.31433,-0.74703
0.314766,-0.74786
0.315202,-0.748689
0.315638,-0.749518
0.316074,-0.750347
0.31651,-0.751177
0.316946,-0.752006
0.317382,-0.752835
0.317818,-0.753665
0.318253,-0.754494
0.318689,-0.755323
0.319125,-0.756153
0.319561,-0.756982
0.319997,-0.757811
0.320433,-0.758641
0.320869,-0.75947
0.321305,-0.760299
0.321741,-0.761128
0.322177,-0.761958
0.322612,-0.762787
0.323048,-0.763616
0.323484,-0.764446
0.32392,-0.765275
0.324356,-0.766104
0.324792,-0.766934
0.325228,-0.767763
0.325664,-0.768592
0.3261,-0.769422
0.326536,-0.770251
0.326971,-0.77108
0.327407,-0.771909
0.327843,-0.772739
0.328279,-0.773568
0.328715,-0.774397
0.329151,-0.775227
0.329587,-0.776056
0.330023,-0.776885
0.330459,-0.777715
0.330895,-0.778544
0.33133,-0.779373
0.331766,-0.780203
0.332202,-0.781032
0.332638,-0.781861
0.333074,-0.78269
0.33351,-0.78352
0.333946,-0.784349
0.334382,-0.785178
0.334818,-0.786008
0.335254,-0.786837
0.33569,-0.787666
0.336125,-0.788496
0.336561,-0.789325
0.336997,-0.790154
0.337433,-0.790984
0.337869,-0.791813
0.338305,-0.792642
0.338741,-0.793471
0.339177,-0.794301
0.339613,-0.79513
0.340049,-0.795959
0.340484,-0.796789
0.34092,-0.797618
0.341356,-0.798447
0.341792,-0.799277
0.342228,-0.800106
0.342664,-0.800935
0.3431,-0.801764
0.343536,-0.802594
0.343972,-0.803423
0.344408,-0.804252
0.344843,-0.805082
0.345279,-0.805911
0.345715,-0.80674
0.346151,-0.80757
0.346587,-0.808399
0.347023,-0.809228
0.347459,-0.810058
0.347895,-0.810887
0.348331,-0.811716
0.348767,-0.812545
0.349203,-0.813375
0.349638,-0.814204
0.350074,-0.815033
0.35051,-0.815863
0.350946,-0.816692
0.351382,-0.817521
0.351818,-0.818351
0.352254,-0.81918
0.35269,-0.820009
0.353126,-0.820839
0.353562,-0.821668
0.353997,-0.822497
0.354433,-0.823326
0.354869,-0.824156
0.355305,-0.824985
0.355741,-0.825814
0.356177,-0.826644
0.356613,-0.827473
0.357049,-0.828302
0.357485,-0.829132
0.357921,-0.829961
0.358356,-0.83079
0.358792,-0.83162
0.359228,-0.832449
0.359664,-0.833278
0.3601,-0.834107
0.360536,-0.834937
0.360972,-0.835766
0.361408,-0.836595
0.361844,-0.837425
0.36228,-0.838254
0.362715,-0.839083
0.363151,-0.839913
0.363587,-0.840742
0.364023,-0.841571
0.364459,-0.842401
0.364895,-0.84323
0.365331,-0.844059
0.365767,-0.844888
0.366203,-0.845718
0.366639,-0.846547
0.367075,-0.847376
0.36751,-0.848206
0.367946,-0.849035
0.368382,-0.849864
0.368818,-0.850694
0.369254,-0.851523
0.369591,-0.8502
0.369929,-0.848878
0.370266,-0.847555
0.370603,-0.846233
0.370941,-0.84491
0.371278,-0.843587
0.371615,-0.842265
0.371952,-0.840942
0.37229,-0.83962
0.372627,-0.838297
0.372964,-0.836974
0.373302,-0.835652
0.373639,-0.834329
0.373976,-0.833007
0.374313,-0.831684
0.374651,-0.830362
0.374988,-0.829039
0.375325,-0.827716
0.375663,-0.826394
0.376,-0.825071
0.376337,-0.823749
0.376675,-0.822426
0.377012,-0.821103
0.377349,-0.819781
0.377686,-0.818458
0.378024,-0.817136
0.378361,-0.815813
0.378698,-0.814491
0.379036,-0.813168
0.379373,-0.811845
0.37971,-0.810523
0.380048,-0.8092
0.380385,-0.807878
0.380722,-0.806555
0.381059,-0.805232
0.381397,-0.80391
0.381734,-0.802587
0.382071,-0.801265
0.382409,-0.799942
0.382746,-0.79862
0.383083,-0.797297
0.383421,-0.795974
0.383758,-0.794652
0.384095,-0.793329
0.384432,-0.792007
0.38477,-0.790684
0.385107,-0.789361
0.385444,-0.788039
0.385782,-0.786716
0.386119,-0.785394
0.386456,-0.784071
0.386793,-0.782749
0.387131,-0.781426
0.387468,-0.780103
0.387805,-0.778781
0.388143,-0.777458
0.38848,-0.776136
0.388817,-0.774813
0.389155,-0.77349
0.389492,-0.772168
0.389829,-0.770845
0.390166,-0.769523
0.390504,-0.7682
0.390841,-0.766878
0.391178,-0.765555
0.391516,-0.764232
0.391853,-0.76291
0.39219,-0.761587
0.392528,-0.760265
0.392865,-0.758942
0.393202,-0.757619
0.393539,-0.756297
0.393877,-0.754974
0.394214,-0.753652
0.394551,-0.752329
0.394889,-0.751007
0.395226,-0.749684
0.395563,-0.748361
0.395901,-0.747039
0.396238,-0.745716
0.396575,-0.744394
0.396912,-0.743071
0.39725,-0.741748
0.397587,-0.740426
0.397924,-0.739103
0.398262,-0.737781
0.398599,-0.736458
0.398936,-0.735136
0.399273,-0.733813
0.399611,-0.73249
0.399948,-0.731168
0.400285,-0.729845
0.400623,-0.728523
0.40096,-0.7272
0.401297,-0.725877
0.401635,-0.724555
0.401972,-0.723232
0.402309,-0.72191
0.402646,-0.720587
0.402984,-0.719265
0.403321,-0.717942
0.403658,-0.716619
0.403996,-0.715297
0.404333,-0.713974
0.40467,-0.712652
0.405008,-0.711329
0.405345,-0.710006
0.405682,-0.708684
0.406019,-0.707361
0.406357,-0.706039
0.406694,-0.704716
0.407031,-0.703394
0.407369,-0.702071
0.407706,-0.700748
0.408043,-0.699426
0.408381,-0.698103
0.408718,-0.696781
0.409055,-0.695458
0.409392,-0.694135
0.40973,-0.692813
0.410067,-0.69149
0.410404,-0.690168
0.410742,-0.688845
0.411079,-0.687522
0.411416,-0.6862
0.411753,-0.684877
0.412091,-0.683555
0.412428,-0.682232
0.412765,-0.68091
0.413103,-0.679587
0.41344,-0.678264
0.413777,-0.676942
0.414115,-0.675619
0.414452,-0.674297
0.414789,-0.672974
0.415126,-0.671651
0.415464,-0.670329
0.415801,-0.669006
0.416138,-0.667684
0.416476,-0.666361
0.416813,-0.665039
0.41715,-0.663716
0.417488,-0.662393
0.417825,-0.661071
0.418162,-0.659748
0.418499,-0.658426
0.418837,-0.657103
0.419174,-0.65578
0.419511,-0.654458
0.419849,-0.653135
0.420983,-0.653321
0.422117,-0.653506
0.423251,-0.653691
0.424385,-0.653877
0.42552,-0.654062
0.426654,-0.654247
0.427788,-0.654432
0.428922,-0.654618
0.430056,-0.654803
0.43119,-0.654988
0.432325,-0.655174
0.433459,-0.655359
0.434593,-0.655544
0.435727,-0.65573
0.436861,-0.655915
0.437995,-0.6561
0.43913,-0.656285
0.440264,-0.656471
0.441398,-0.656656
0.442532,-0.656841
0.443666,-0.657027
0.444801,-0.657212
0.445935,-0.657397
0.447069,-0.657583
0.448203,-0.657768
0.449337,-0.657953
0.450471,-0.658138
0.451606,-0.658324
0.45274,-0.658509
0.453874,-0.658694
0.455008,-0.65888
0.456142,-0.659065
0.457276,-0.65925
0.458411,-0.659436
0.459545,-0.659621
0.460679,-0.659806
0.461813,-0.659991
0.462947,-0.660177
0.464082,-0.660362
0.465216,-0.660547
0.46635,-0.660733
0.467484,-0.660918
0.468618,-0.661103
0.469752,-0.661289
0.470887,-0.661474
0.472021,-0.661659
0.473155,-0.661845
0.474289,-0.66203
0.475423,-0.662215
0.476558,-0.6624
0.477692,-0.662586
0.478826,-0.662771
0.47996,-0.662956
0.481094,-0.663142
0.482228,-0.663327
0.483363,-0.663512
0.484497,-0.663698
0.485631,-0.663883
0.486765,-0.664068
0.487899,-0.664253
0.489033,-0.664439
0.490168,-0.664624
0.491302,-0.664809
0.492436,-0.664995
0.49357,-0.66518
0.494704,-0.665365
0.495839,-0.665551
0.496973,-0.665736
0.498107,-0.665921
0.499241,-0.666106
0.500375,-0.666292
0.501509,-0.666477
0.502644,-0.666662
0.503778,-0.666848
0.504912,-0.667033
0.506046,-0.667218
0.50718,-0.667404
0.508314,-0.667589
0.509449,-0.667774
0.510583,-0.667959
0.511717,-0.668145
0.512851,-0.66833
0.513985,-0.668515
0.51512,-0.668701
0.516254,-0.668886
0.517388,-0.669071
0.518522,-0.669257
0.519656,-0.669442
0.52079,-0.669627
0.521925,-0.669812
0.523059,-0.669998
0.524193,-0.670183
0.525327,-0.670368
0.526461,-0.670554
0.527596,-0.670739
0.52873,-0.670924
0.529864,-0.67111
0.530998,-0.671295
0.532132,-0.67148
0.533266,-0.671666
0.534401,-0.671851
0.535535,-0.672036
0.536669,-0.672221
0.537803,-0.672407
0.538937,-0.672592
0.540071,-0.672777
0.541206,-0.672963
0.54234,-0.673148
0.543474,-0.673333
0.544608,-0.673519
0.545742,-0.673704
0.546877,-0.673889
0.548011,-0.674074
0.549145,-0.67426
0.550279,-0.674445
0.551413,-0.67463
0.552547,-0.674816
0.553682,-0.675001
0.554816,-0.675186
0.55595,-0.675372
0.557084,-0.675557
0.558218,-0.675742
0.559352,-0.675927
0.560487,-0.676113
0.561621,-0.676298
0.562755,-0.676483
0.563889,-0.676669
0.565023,-0.676854
0.566158,-0.677039
0.567292,-0.677225
0.568426,-0.67741
0.56956,-0.677595
0.570694,-0.67778
0.571828,-0.677966
0.572963,-0.678151
0.574097,-0.678336
0.575231,-0.678522
0.576365,-0.678707
0.577499,-0.678892
0.578633,-0.679078
0.579768,-0.679263
0.580902,-0.679448
0.582036,-0.679633
0.58317,-0.679819
0.584304,-0.680004
0.585439,-0.680189
0.586573,-0.680375
0.587707,-0.68056
0.588841,-0.680745
