O
15
1,0,-1,0.78,-0.5,0.75,0.0,0.0,0.0,0.3,0.4,0.02,0,0.8,False
2,0,-1,1.1,-0.5,0.93,0.0,0.0,0.0,0.02,0.4,0.2,0,0.8,False
3,0,-1,0.78,-0.5,1.11,0.0,0.0,0.0,0.3,0.4,0.02,0,0.8,False
4,0,-1,0.8,-0.92,0.93,0.0,0.0,0.0,0.32,0.02,0.2,0,0.8,False
5,0,-1,0.8,-0.08,0.93,0.0,0.0,0.0,0.32,0.02,0.2,0,0.8,False
6,2,0,0.7230199940396425,-0.5854423497718819,0.8450000000000001,0.0,0.0,2.8852638599105473,0.05658023505971192,0.05658023505971192,0.15,0.1714233751022181,0.9291823990200656,False
7,0,0,0.8719811314562351,-0.4319261404934403,0.86,0.0,0.0,0.43321267854718715,0.03,0.03,0.09,0.09687651236026956,1.1242674017011962,False
8,0,0,0.6567569950756809,-0.7977839275141793,0.9030437035920222,0.0,0.0,4.606677368429095,0.03,0.03,0.1330437035920222,0.2909322166312763,1.0591025286075544,False
9,2,0,0.9868762656419509,-0.49200178611614487,0.8450000000000001,0.0,0.0,2.343681017194187,0.03,0.03,0.15,0.0689856714414977,1.101561740675642,False
10,2,0,0.6349098254568705,-0.42411859481442227,0.8450000000000001,0.0,0.0,3.6399368725106767,0.052690394623953515,0.052690394623953515,0.15,0.37517157951296576,1.1694887171981765,False
11,2,1,0.8000884571037283,-0.2574956687647323,0.8450000000000001,0.0,0.0,2.351799671971172,0.03,0.03,0.15,0.3861818637476335,1.1713669100515256,True
12,2,1,0.8834009013529682,-0.6334911715660914,0.8450000000000001,0.0,0.0,4.866866946120385,0.03,0.03,0.15,0.2401246951659951,0.8558612133929874,True
13,0,1,0.6308448660695808,-0.22797279868435671,0.880500140496096,0.0,0.0,3.034220407844894,0.06926997254597167,0.0746027913576887,0.11050014049609605,0.04142391518218408,1.1737996144020235,True
14,2,1,0.8327737166806065,-0.8056683758414922,0.8631153268059109,0.0,0.0,6.119442613143372,0.03,0.03,0.18623065361182153,0.33698185703599964,0.8059707404605002,True
15,2,1,0.9795544830711227,-0.2157734138022288,0.8450000000000001,0.0,0.0,4.495467928198156,0.03,0.03,0.15,0.15781319227893215,0.8888974593335823,True
R
0.0,0.0,0.0,0.0,0.0,0.0,1.0
S
8
torso_lift_joint,0
r_shoulder_pan_joint,-1.69017
r_shoulder_lift_joint,-0.0788625
r_upper_arm_roll_joint,-1.69017
r_elbow_flex_joint,-1.2717
r_forearm_roll_joint,-0.151824
r_wrist_flex_joint,-1.25254
r_wrist_roll_joint,0.675062
G
0.582176,-0.78987,0.903044,3.03588,-3.14159,3.14159
ooi
8
A
599
0.310248,-0.673113
0.310417,-0.67471
0.310587,-0.676307
0.310756,-0.677904
0.310925,-0.679501
0.311095,-0.681098
0.311264,-0.682695
0.311433,-0.684292
0.311603,-0.685889
0.311772,-0.687486
0.311941,-0.689083
0.312111,-0.69068
0.31228,-0.692277
0.312449,-0.693874
0.312618,-0.695471
0.312788,-0.697068
0.312957,-0.698665
0.313126,-0.700262
0.313296,-0.701859
0.313465,-0.703456
0.313634,-0.705053
0.313804,-0.70665
0.313973,-0.708247
0.314142,-0.709844
0.314312,-0.711441
0.314481,-0.713038
0.31465,-0.714635
0.314819,-0.716232
0.314989,-0.717829
0.315158,-0.719426
0.315327,-0.721023
0.315497,-0.72262
0.315666,-0.724217
0.315835,-0.725814
0.316005,-0.727411
0.316174,-0.729008
0.316343,-0.730605
0.316513,-0.732202
0.316682,-0.733799
0.316851,-0.735396
0.31702,-0.736993
0.31719,-0.73859
0.317359,-0.740187
0.317528,-0.741784
0.317698,-0.743381
0.317867,-0.744978
0.318036,-0.746575
0.318206,-0.748172
0.318375,-0.749769
0.318544,-0.751366
0.318714,-0.752963
0.318883,-0.75456
0.319052,-0.756157
0.319221,-0.757754
0.319391,-0.759351
0.31956,-0.760948
0.319729,-0.762545
0.319899,-0.764142
0.320068,-0.765739
0.320237,-0.767336
0.320407,-0.768933
0.320576,-0.77053
0.320745,-0.772127
0.320915,-0.773724
0.321084,-0.775321
0.321253,-0.776918
0.321422,-0.778515
0.321592,-0.780112
0.321761,-0.781709
0.32193,-0.783306
0.3221,-0.784903
0.322269,-0.7865
0.322438,-0.788097
0.322608,-0.789694
0.322777,-0.791291
0.322946,-0.792888
0.323116,-0.794485
0.323285,-0.796082
0.323454,-0.797679
0.323623,-0.799276
0.323793,-0.800873
0.323962,-0.80247
0.324131,-0.804068
0.324301,-0.805665
0.32447,-0.807262
0.324639,-0.808859
0.324809,-0.810456
0.324978,-0.812053
0.325147,-0.81365
0.325317,-0.815247
0.325486,-0.816844
0.325655,-0.818441
0.325824,-0.820038
0.325994,-0.821635
0.326163,-0.823232
0.326332,-0.824829
0.326502,-0.826426
0.326671,-0.828023
0.32684,-0.82962
0.32701,-0.831217
0.327179,-0.832814
0.327348,-0.834411
0.327517,-0.836008
0.327687,-0.837605
0.327856,-0.839202
0.328025,-0.840799
0.328195,-0.842396
0.328364,-0.843993
0.328533,-0.84559
0.328703,-0.847187
0.328872,-0.848784
0.329041,-0.850381
0.329211,-0.851978
0.32938,-0.853575
0.329549,-0.855172
0.329718,-0.856769
0.329888,-0.858366
0.330057,-0.859963
0.330226,-0.86156
0.330396,-0.863157
0.330565,-0.864754
0.330734,-0.866351
0.330904,-0.867948
0.331073,-0.869545
0.331242,-0.871142
0.331412,-0.872739
0.331581,-0.874336
0.33175,-0.875933
0.331919,-0.87753
0.332089,-0.879127
0.332258,-0.880724
0.332427,-0.882321
0.332597,-0.883918
0.332766,-0.885515
0.332935,-0.887112
0.333105,-0.888709
0.333274,-0.890306
0.333443,-0.891903
0.333613,-0.8935
0.333782,-0.895097
0.333951,-0.896694
0.33412,-0.898291
0.33429,-0.899888
0.334459,-0.901485
0.334628,-0.903082
0.334798,-0.904679
0.334967,-0.906276
0.335136,-0.907873
0.335306,-0.90947
0.335475,-0.911067
0.335644,-0.912664
0.335379,-0.912674
0.335113,-0.912685
0.334848,-0.912696
0.334583,-0.912706
0.334317,-0.912717
0.334052,-0.912728
0.333786,-0.912738
0.333521,-0.912749
0.333256,-0.91276
0.33299,-0.91277
0.332725,-0.912781
0.332459,-0.912792
0.332194,-0.912802
0.331928,-0.912813
0.331663,-0.912823
0.331398,-0.912834
0.331132,-0.912845
0.330867,-0.912855
0.330601,-0.912866
0.330336,-0.912877
0.330071,-0.912887
0.329805,-0.912898
0.32954,-0.912909
0.329274,-0.912919
0.329009,-0.91293
0.328743,-0.912941
0.328478,-0.912951
0.328213,-0.912962
0.327947,-0.912972
0.327682,-0.912983
0.327416,-0.912994
0.327151,-0.913004
0.326886,-0.913015
0.32662,-0.913026
0.326355,-0.913036
0.326089,-0.913047
0.325824,-0.913058
0.325558,-0.913068
0.325293,-0.913079
0.325028,-0.91309
0.324762,-0.9131
0.324497,-0.913111
0.324231,-0.913121
0.323966,-0.913132
0.323701,-0.913143
0.323435,-0.913153
0.32317,-0.913164
0.322904,-0.913175
0.322639,-0.913185
0.322374,-0.913196
0.322108,-0.913207
0.321843,-0.913217
0.321577,-0.913228
0.321312,-0.913239
0.321046,-0.913249
0.320781,-0.91326
0.320516,-0.91327
0.32025,-0.913281
0.319985,-0.913292
0.319719,-0.913302
0.319454,-0.913313
0.319189,-0.913324
0.318923,-0.913334
0.318658,-0.913345
0.318392,-0.913356
0.318127,-0.913366
0.317861,-0.913377
0.317596,-0.913387
0.317331,-0.913398
0.317065,-0.913409
0.3168,-0.913419
0.316534,-0.91343
0.316269,-0.913441
0.316004,-0.913451
0.315738,-0.913462
0.315473,-0.913473
0.315207,-0.913483
0.314942,-0.913494
0.314677,-0.913505
0.314411,-0.913515
0.314146,-0.913526
0.31388,-0.913536
0.313615,-0.913547
0.313349,-0.913558
0.313084,-0.913568
0.312819,-0.913579
0.312553,-0.91359
0.312288,-0.9136
0.312022,-0.913611
0.311757,-0.913622
0.311492,-0.913632
0.311226,-0.913643
0.310961,-0.913654
0.310695,-0.913664
0.31043,-0.913675
0.310164,-0.913685
0.309899,-0.913696
0.309634,-0.913707
0.309368,-0.913717
0.309103,-0.913728
0.308837,-0.913739
0.308572,-0.913749
0.308307,-0.91376
0.308041,-0.913771
0.307776,-0.913781
0.30751,-0.913792
0.307245,-0.913803
0.306979,-0.913813
0.306714,-0.913824
0.306449,-0.913834
0.306183,-0.913845
0.305918,-0.913856
0.305652,-0.913866
0.305387,-0.913877
0.305122,-0.913888
0.304856,-0.913898
0.304591,-0.913909
0.304325,-0.91392
0.30406,-0.91393
0.303795,-0.913941
0.303529,-0.913952
0.303264,-0.913962
0.302998,-0.913973
0.302733,-0.913983
0.302467,-0.913994
0.302202,-0.914005
0.301937,-0.914015
0.301671,-0.914026
0.301406,-0.914037
0.30114,-0.914047
0.300875,-0.914058
0.30061,-0.914069
0.300344,-0.914079
0.300079,-0.91409
0.299813,-0.9141
0.299548,-0.914111
0.299282,-0.914122
0.299017,-0.914132
0.298752,-0.914143
0.298486,-0.914154
0.298221,-0.914164
0.297955,-0.914175
0.29769,-0.914186
0.297425,-0.914196
0.297159,-0.914207
0.296894,-0.914218
0.296628,-0.914228
0.296363,-0.914239
0.296098,-0.914249
0.296524,-0.912811
0.29695,-0.911373
0.297376,-0.909935
0.297802,-0.908497
0.298228,-0.907059
0.298654,-0.905621
0.29908,-0.904183
0.299506,-0.902745
0.299932,-0.901307
0.300358,-0.899869
0.300784,-0.898431
0.30121,-0.896993
0.301636,-0.895555
0.302062,-0.894117
0.302488,-0.892679
0.302914,-0.891241
0.30334,-0.889803
0.303766,-0.888365
0.304192,-0.886927
0.304618,-0.885489
0.305044,-0.884051
0.30547,-0.882613
0.305896,-0.881175
0.306322,-0.879737
0.306748,-0.878299
0.307174,-0.876861
0.3076,-0.875423
0.308026,-0.873985
0.308452,-0.872547
0.308878,-0.871109
0.309304,-0.869671
0.30973,-0.868233
0.310156,-0.866795
0.310582,-0.865357
0.311008,-0.863919
0.311434,-0.862481
0.31186,-0.861043
0.312286,-0.859605
0.312712,-0.858167
0.313138,-0.856729
0.313564,-0.855291
0.31399,-0.853853
0.314416,-0.852415
0.314842,-0.850977
0.315268,-0.849539
0.315694,-0.848101
0.31612,-0.846663
0.316546,-0.845225
0.316972,-0.843787
0.317398,-0.842349
0.317824,-0.840911
0.31825,-0.839473
0.318676,-0.838035
0.319102,-0.836597
0.319529,-0.835159
0.319955,-0.833721
0.320381,-0.832283
0.320807,-0.830845
0.321233,-0.829407
0.321659,-0.827969
0.322085,-0.826531
0.322511,-0.825093
0.322937,-0.823655
0.323363,-0.822217
0.323789,-0.820779
0.324215,-0.819341
0.324641,-0.817903
0.325067,-0.816465
0.325493,-0.815027
0.325919,-0.813589
0.326345,-0.812151
0.326771,-0.810713
0.327197,-0.809275
0.327623,-0.807837
0.328049,-0.806399
0.328475,-0.804961
0.328901,-0.803523
0.329327,-0.802085
0.329753,-0.800647
0.330179,-0.799209
0.330605,-0.797771
0.331031,-0.796333
0.331457,-0.794895
0.331883,-0.793456
0.332309,-0.792018
0.332735,-0.79058
0.333161,-0.789142
0.333587,-0.787704
0.334013,-0.786266
0.334439,-0.784828
0.334865,-0.78339
0.335291,-0.781952
0.335717,-0.780514
0.336143,-0.779076
0.336569,-0.777638
0.336995,-0.7762
0.337421,-0.774762
0.337847,-0.773324
0.338273,-0.771886
0.338699,-0.770448
0.339125,-0.76901
0.339551,-0.767572
0.339977,-0.766134
0.340403,-0.764696
0.340829,-0.763258
0.341255,-0.76182
0.341681,-0.760382
0.342107,-0.758944
0.342533,-0.757506
0.34296,-0.756068
0.343386,-0.75463
0.343812,-0.753192
0.344238,-0.751754
0.344664,-0.750316
0.34509,-0.748878
0.345516,-0.74744
0.345942,-0.746002
0.346368,-0.744564
0.346794,-0.743126
0.34722,-0.741688
0.347646,-0.74025
0.348072,-0.738812
0.348498,-0.737374
0.348924,-0.735936
0.34935,-0.734498
0.349776,-0.73306
0.350202,-0.731622
0.350628,-0.730184
0.351054,-0.728746
0.35148,-0.727308
0.351906,-0.72587
0.352332,-0.724432
0.352758,-0.722994
0.353184,-0.721556
0.35361,-0.720118
0.354036,-0.71868
0.354462,-0.717242
0.354888,-0.715804
0.355314,-0.714366
0.35574,-0.712928
0.356166,-0.71149
0.356592,-0.710052
0.357018,-0.708614
0.357444,-0.707176
0.35787,-0.705738
0.358296,-0.7043
0.358722,-0.702862
0.359148,-0.701424
0.359574,-0.699986
0.36,-0.698548
0.361491,-0.699161
0.362982,-0.699774
0.364474,-0.700386
0.365965,-0.700999
0.367456,-0.701612
0.368947,-0.702225
0.370438,-0.702838
0.371929,-0.703451
0.37342,-0.704064
0.374911,-0.704677
0.376402,-0.70529
0.377894,-0.705903
0.379385,-0.706515
0.380876,-0.707128
0.382367,-0.707741
0.383858,-0.708354
0.385349,-0.708967
0.38684,-0.70958
0.388331,-0.710193
0.389822,-0.710806
0.391314,-0.711419
0.392805,-0.712032
0.394296,-0.712644
0.395787,-0.713257
0.397278,-0.71387
0.398769,-0.714483
0.40026,-0.715096
0.401751,-0.715709
0.403242,-0.716322
0.404734,-0.716935
0.406225,-0.717548
0.407716,-0.718161
0.409207,-0.718774
0.410698,-0.719386
0.412189,-0.719999
0.41368,-0.720612
0.415171,-0.721225
0.416662,-0.721838
0.418154,-0.722451
0.419645,-0.723064
0.421136,-0.723677
0.422627,-0.72429
0.424118,-0.724903
0.425609,-0.725515
0.4271,-0.726128
0.428591,-0.726741
0.430082,-0.727354
0.431574,-0.727967
0.433065,-0.72858
0.434556,-0.729193
0.436047,-0.729806
0.437538,-0.730419
0.439029,-0.731032
0.44052,-0.731645
0.442011,-0.732257
0.443502,-0.73287
0.444994,-0.733483
0.446485,-0.734096
0.447976,-0.734709
0.449467,-0.735322
0.450958,-0.735935
0.452449,-0.736548
0.45394,-0.737161
0.455431,-0.737774
0.456922,-0.738386
0.458414,-0.738999
0.459905,-0.739612
0.461396,-0.740225
0.462887,-0.740838
0.464378,-0.741451
0.465869,-0.742064
0.46736,-0.742677
0.468851,-0.74329
0.470342,-0.743903
0.471834,-0.744515
0.473325,-0.745128
0.474816,-0.745741
0.476307,-0.746354
0.477798,-0.746967
0.479289,-0.74758
0.48078,-0.748193
0.482271,-0.748806
0.483762,-0.749419
0.485253,-0.750032
0.486745,-0.750645
0.488236,-0.751257
0.489727,-0.75187
0.491218,-0.752483
0.492709,-0.753096
0.4942,-0.753709
0.495691,-0.754322
0.497182,-0.754935
0.498673,-0.755548
0.500165,-0.756161
0.501656,-0.756774
0.503147,-0.757386
0.504638,-0.757999
0.506129,-0.758612
0.50762,-0.759225
0.509111,-0.759838
0.510602,-0.760451
0.512093,-0.761064
0.513585,-0.761677
0.515076,-0.76229
0.516567,-0.762903
0.518058,-0.763515
0.519549,-0.764128
0.52104,-0.764741
0.522531,-0.765354
0.524022,-0.765967
0.525513,-0.76658
0.527005,-0.767193
0.528496,-0.767806
0.529987,-0.768419
0.531478,-0.769032
0.532969,-0.769645
0.53446,-0.770257
0.535951,-0.77087
0.537442,-0.771483
0.538933,-0.772096
0.540425,-0.772709
0.541916,-0.773322
0.543407,-0.773935
0.544898,-0.774548
0.546389,-0.775161
0.54788,-0.775774
0.549371,-0.776386
0.550862,-0.776999
0.552353,-0.777612
0.553845,-0.778225
0.555336,-0.778838
0.556827,-0.779451
0.558318,-0.780064
0.559809,-0.780677
0.5613,-0.78129
0.562791,-0.781903
0.564282,-0.782515
0.565773,-0.783128
0.567265,-0.783741
0.568756,-0.784354
0.570247,-0.784967
0.571738,-0.78558
0.573229,-0.786193
0.57472,-0.786806
0.576211,-0.787419
0.577702,-0.788032
0.579193,-0.788645
0.580685,-0.789257
0.582176,-0.78987
