O
15
1,0,-1,0.78,-0.5,0.75,0.0,0.0,0.0,0.3,0.4,0.02,0,0.8,False
2,0,-1,1.1,-0.5,0.93,0.0,0.0,0.0,0.02,0.4,0.2,0,0.8,False
3,0,-1,0.78,-0.5,1.11,0.0,0.0,0.0,0.3,0.4,0.02,0,0.8,False
4,0,-1,0.8,-0.92,0.93,0.0,0.0,0.0,0.32,0.02,0.2,0,0.8,False
5,0,-1,0.8,-0.08,0.93,0.0,0.0,0.0,0.32,0.02,0.2,0,0.8,False
6,2,0,0.676685915523662,-0.3739136161493239,0.8450000000000001,0.0,0.0,2.2625673219355757,0.034332045754924094,0.034332045754924094,0.15,0.4458736266689431,1.068620225140315,False
7,2,0,0.5610231188921441,-0.3158357365831923,0.8450000000000001,0.0,0.0,5.897504186992223,0.03,0.03,0.15,0.4638590580762911,1.0426855743083536,False
8,2,0,0.6057011680783421,-0.2208951445658074,0.8450000000000001,0.0,0.0,3.3557822301344937,0.03115126844530413,0.03115126844530413,0.15,0.20326631399842376,0.9789121161059747,False
9,2,0,0.8700521477177405,-0.253707634666542,0.8450000000000001,0.0,0.0,5.438284638171626,0.06556293524644297,0.06556293524644297,0.15,0.36267257394954916,1.1672706105854296,False
10,0,0,0.7651991230452,-0.5319287853695427,0.9158454259249904,0.0,0.0,4.262896366814271,0.04506015323286481,0.0424201823485535,0.14584542592499045,0.486655748160855,0.9731511696421787,False
11,2,1,0.8839861220617766,-0.5860036796214892,0.8450000000000001,0.0,0.0,1.3240427065803124,0.03,0.03,0.15,0.3289329791326109,0.9216101369238746,True
12,0,1,0.6972571031208141,-0.1821620382039132,0.9011619117671222,0.0,0.0,4.310839701723732,0.03,0.03,0.13116191176712222,0.4191380286485422,1.1560385523307557,True
13,0,1,0.8703610408091524,-0.8185242326616298,0.8939877446456007,0.0,0.0,2.338322263880472,0.036251548818881554,0.04983848214126024,0.1239877446456007,0.15075044110590852,1.1902349950590354,True
14,0,1,0.5247146328100769,-0.604396834338134,0.9186591147048102,0.0,0.0,0.21976091698980213,0.03,0.03,0.14865911470481025,0.25747034041516925,1.1622237686284245,True
15,0,1,0.9885310316634377,-0.6994999349450088,0.86,0.0,0.0,1.7139419985687085,0.03,0.05171333193582501,0.09,0.22252208944882934,1.0931785674539718,True
R
0.0,0.0,0.0,0.0,0.0,0.0,1.0
S
8
torso_lift_joint,0
r_shoulder_pan_joint,-1.69017
r_shoulder_lift_joint,-0.0788625
r_upper_arm_roll_joint,-1.69017
r_elbow_flex_joint,-1.2717
r_forearm_roll_joint,-0.151824
r_wrist_flex_joint,-1.25254
r_wrist_roll_joint,0.675062
G
0.498621,-0.357441,0.845,0.588046,-0,0
ooi
7
A
599
0.310248,-0.673113
0.311023,-0.672466
0.311797,-0.671818
0.312571,-0.671171
0.313346,-0.670523
0.31412,-0.669876
0.314895,-0.669229
0.315669,-0.668581
0.316443,-0.667934
0.317218,-0.667286
0.317992,-0.666639
0.318766,-0.665992
0.319541,-0.665344
0.320315,-0.664697
0.32109,-0.664049
0.321864,-0.663402
0.322638,-0.662754
0.323413,-0.662107
0.324187,-0.66146
0.324962,-0.660812
0.325736,-0.660165
0.32651,-0.659517
0.327285,-0.65887
0.328059,-0.658223
0.328833,-0.657575
0.329608,-0.656928
0.330382,-0.65628
0.331157,-0.655633
0.331931,-0.654985
0.332705,-0.654338
0.33348,-0.653691
0.334254,-0.653043
0.335029,-0.652396
0.335803,-0.651748
0.336577,-0.651101
0.337352,-0.650454
0.338126,-0.649806
0.338901,-0.649159
0.339675,-0.648511
0.340449,-0.647864
0.341224,-0.647216
0.341998,-0.646569
0.342772,-0.645922
0.343547,-0.645274
0.344321,-0.644627
0.345096,-0.643979
0.34587,-0.643332
0.346644,-0.642685
0.347419,-0.642037
0.348193,-0.64139
0.348968,-0.640742
0.349742,-0.640095
0.350516,-0.639447
0.351291,-0.6388
0.352065,-0.638153
0.35284,-0.637505
0.353614,-0.636858
0.354388,-0.63621
0.355163,-0.635563
0.355937,-0.634916
0.356711,-0.634268
0.357486,-0.633621
0.35826,-0.632973
0.359035,-0.632326
0.359809,-0.631678
0.360583,-0.631031
0.361358,-0.630384
0.362132,-0.629736
0.362907,-0.629089
0.363681,-0.628441
0.364455,-0.627794
0.36523,-0.627147
0.366004,-0.626499
0.366778,-0.625852
0.367553,-0.625204
0.368327,-0.624557
0.369102,-0.623909
0.369876,-0.623262
0.37065,-0.622615
0.371425,-0.621967
0.372199,-0.62132
0.372974,-0.620672
0.373748,-0.620025
0.374522,-0.619378
0.375297,-0.61873
0.376071,-0.618083
0.376846,-0.617435
0.37762,-0.616788
0.378394,-0.61614
0.379169,-0.615493
0.379943,-0.614846
0.380717,-0.614198
0.381492,-0.613551
0.382266,-0.612903
0.383041,-0.612256
0.383815,-0.611609
0.384589,-0.610961
0.385364,-0.610314
0.386138,-0.609666
0.386913,-0.609019
0.387687,-0.608372
0.388461,-0.607724
0.389236,-0.607077
0.39001,-0.606429
0.390785,-0.605782
0.391559,-0.605134
0.392333,-0.604487
0.393108,-0.60384
0.393882,-0.603192
0.394656,-0.602545
0.395431,-0.601897
0.396205,-0.60125
0.39698,-0.600603
0.397754,-0.599955
0.398528,-0.599308
0.399303,-0.59866
0.400077,-0.598013
0.400852,-0.597365
0.401626,-0.596718
0.4024,-0.596071
0.403175,-0.595423
0.403949,-0.594776
0.404723,-0.594128
0.405498,-0.593481
0.406272,-0.592834
0.407047,-0.592186
0.407821,-0.591539
0.408595,-0.590891
0.40937,-0.590244
0.410144,-0.589596
0.410919,-0.588949
0.411693,-0.588302
0.412467,-0.587654
0.413242,-0.587007
0.414016,-0.586359
0.414791,-0.585712
0.415565,-0.585065
0.416339,-0.584417
0.417114,-0.58377
0.417888,-0.583122
0.418662,-0.582475
0.419437,-0.581827
0.420211,-0.58118
0.420986,-0.580533
0.42176,-0.579885
0.422534,-0.579238
0.423309,-0.57859
0.424083,-0.577943
0.424858,-0.577296
0.425632,-0.576648
0.426406,-0.576001
0.426196,-0.575835
0.425985,-0.575669
0.425774,-0.575503
0.425563,-0.575337
0.425352,-0.575171
0.425141,-0.575004
0.42493,-0.574838
0.42472,-0.574672
0.424509,-0.574506
0.424298,-0.57434
0.424087,-0.574174
0.423876,-0.574008
0.423665,-0.573842
0.423455,-0.573676
0.423244,-0.57351
0.423033,-0.573344
0.422822,-0.573178
0.422611,-0.573012
0.4224,-0.572846
0.422189,-0.57268
0.421979,-0.572514
0.421768,-0.572348
0.421557,-0.572182
0.421346,-0.572016
0.421135,-0.57185
0.420924,-0.571684
0.420714,-0.571518
0.420503,-0.571352
0.420292,-0.571186
0.420081,-0.57102
0.41987,-0.570854
0.419659,-0.570687
0.419449,-0.570521
0.419238,-0.570355
0.419027,-0.570189
0.418816,-0.570023
0.418605,-0.569857
0.418394,-0.569691
0.418183,-0.569525
0.417973,-0.569359
0.417762,-0.569193
0.417551,-0.569027
0.41734,-0.568861
0.417129,-0.568695
0.416918,-0.568529
0.416708,-0.568363
0.416497,-0.568197
0.416286,-0.568031
0.416075,-0.567865
0.415864,-0.567699
0.415653,-0.567533
0.415443,-0.567367
0.415232,-0.567201
0.415021,-0.567035
0.41481,-0.566869
0.414599,-0.566703
0.414388,-0.566537
0.414177,-0.56637
0.413967,-0.566204
0.413756,-0.566038
0.413545,-0.565872
0.413334,-0.565706
0.413123,-0.56554
0.412912,-0.565374
0.412702,-0.565208
0.412491,-0.565042
0.41228,-0.564876
0.412069,-0.56471
0.411858,-0.564544
0.411647,-0.564378
0.411437,-0.564212
0.411226,-0.564046
0.411015,-0.56388
0.410804,-0.563714
0.410593,-0.563548
0.410382,-0.563382
0.410171,-0.563216
0.409961,-0.56305
0.40975,-0.562884
0.409539,-0.562718
0.409328,-0.562552
0.409117,-0.562386
0.408906,-0.56222
0.408696,-0.562053
0.408485,-0.561887
0.408274,-0.561721
0.408063,-0.561555
0.407852,-0.561389
0.407641,-0.561223
0.407431,-0.561057
0.40722,-0.560891
0.407009,-0.560725
0.406798,-0.560559
0.406587,-0.560393
0.406376,-0.560227
0.406165,-0.560061
0.405955,-0.559895
0.405744,-0.559729
0.405533,-0.559563
0.405322,-0.559397
0.405111,-0.559231
0.4049,-0.559065
0.40469,-0.558899
0.404479,-0.558733
0.404268,-0.558567
0.404057,-0.558401
0.403846,-0.558235
0.403635,-0.558069
0.403425,-0.557903
0.403214,-0.557736
0.403003,-0.55757
0.402792,-0.557404
0.402581,-0.557238
0.40237,-0.557072
0.402159,-0.556906
0.401949,-0.55674
0.401738,-0.556574
0.401527,-0.556408
0.401316,-0.556242
0.401105,-0.556076
0.400894,-0.55591
0.400684,-0.555744
0.400473,-0.555578
0.400262,-0.555412
0.400051,-0.555246
0.39984,-0.55508
0.399629,-0.554914
0.399418,-0.554748
0.399208,-0.554582
0.398997,-0.554416
0.398786,-0.55425
0.398575,-0.554084
0.398364,-0.553918
0.398153,-0.553752
0.397943,-0.553586
0.397732,-0.553419
0.397521,-0.553253
0.39731,-0.553087
0.397099,-0.552921
0.396888,-0.552755
0.396678,-0.552589
0.396467,-0.552423
0.396256,-0.552257
0.396045,-0.552091
0.395834,-0.551925
0.395623,-0.551759
0.395412,-0.551593
0.395202,-0.551427
0.394991,-0.551261
0.395144,-0.551417
0.395297,-0.551573
0.39545,-0.551729
0.395602,-0.551885
0.395755,-0.552041
0.395908,-0.552197
0.396061,-0.552353
0.396214,-0.552509
0.396367,-0.552665
0.39652,-0.552821
0.396673,-0.552977
0.396826,-0.553133
0.396979,-0.553289
0.397131,-0.553445
0.397284,-0.553601
0.397437,-0.553757
0.39759,-0.553913
0.397743,-0.554069
0.397896,-0.554225
0.398049,-0.554381
0.398202,-0.554537
0.398355,-0.554693
0.398508,-0.554849
0.398661,-0.555005
0.398813,-0.555161
0.398966,-0.555317
0.399119,-0.555473
0.399272,-0.555629
0.399425,-0.555785
0.399578,-0.555941
0.399731,-0.556097
0.399884,-0.556253
0.400037,-0.556409
0.40019,-0.556565
0.400343,-0.556721
0.400495,-0.556877
0.400648,-0.557033
0.400801,-0.557189
0.400954,-0.557345
0.401107,-0.557501
0.40126,-0.557657
0.401413,-0.557813
0.401566,-0.557969
0.401719,-0.558125
0.401872,-0.558281
0.402024,-0.558437
0.402177,-0.558593
0.40233,-0.558749
0.402483,-0.558905
0.402636,-0.559061
0.402789,-0.559217
0.402942,-0.559373
0.403095,-0.559529
0.403248,-0.559685
0.403401,-0.559841
0.403554,-0.559997
0.403706,-0.560153
0.403859,-0.560309
0.404012,-0.560464
0.404165,-0.56062
0.404318,-0.560776
0.404471,-0.560932
0.404624,-0.561088
0.404777,-0.561244
0.40493,-0.5614
0.405083,-0.561556
0.405236,-0.561712
0.405388,-0.561868
0.405541,-0.562024
0.405694,-0.56218
0.405847,-0.562336
0.406,-0.562492
0.406153,-0.562648
0.406306,-0.562804
0.406459,-0.56296
0.406612,-0.563116
0.406765,-0.563272
0.406917,-0.563428
0.40707,-0.563584
0.407223,-0.56374
0.407376,-0.563896
0.407529,-0.564052
0.407682,-0.564208
0.407835,-0.564364
0.407988,-0.56452
0.408141,-0.564676
0.408294,-0.564832
0.408447,-0.564988
0.408599,-0.565144
0.408752,-0.5653
0.408905,-0.565456
0.409058,-0.565612
0.409211,-0.565768
0.409364,-0.565924
0.409517,-0.56608
0.40967,-0.566236
0.409823,-0.566392
0.409976,-0.566548
0.410129,-0.566704
0.410281,-0.56686
0.410434,-0.567016
0.410587,-0.567172
0.41074,-0.567328
0.410893,-0.567484
0.411046,-0.56764
0.411199,-0.567796
0.411352,-0.567952
0.411505,-0.568108
0.411658,-0.568264
0.41181,-0.56842
0.411963,-0.568576
0.412116,-0.568732
0.412269,-0.568888
0.412422,-0.569044
0.412575,-0.5692
0.412728,-0.569356
0.412881,-0.569512
0.413034,-0.569668
0.413187,-0.569824
0.41334,-0.56998
0.413492,-0.570136
0.413645,-0.570292
0.413798,-0.570448
0.413951,-0.570604
0.414104,-0.57076
0.414257,-0.570916
0.41441,-0.571072
0.414563,-0.571228
0.414716,-0.571384
0.414869,-0.57154
0.415021,-0.571696
0.415174,-0.571852
0.415327,-0.572008
0.41548,-0.572164
0.415633,-0.57232
0.415786,-0.572476
0.415939,-0.572632
0.416092,-0.572788
0.416245,-0.572944
0.416398,-0.5731
0.416551,-0.573256
0.416703,-0.573412
0.416856,-0.573568
0.417009,-0.573724
0.417162,-0.57388
0.417315,-0.574036
0.417468,-0.574192
0.417621,-0.574348
0.417774,-0.574504
0.417927,-0.57466
0.418468,-0.573202
0.41901,-0.571744
0.419551,-0.570286
0.420093,-0.568828
0.420635,-0.567371
0.421176,-0.565913
0.421718,-0.564455
0.422259,-0.562997
0.422801,-0.561539
0.423342,-0.560081
0.423884,-0.558623
0.424426,-0.557166
0.424967,-0.555708
0.425509,-0.55425
0.42605,-0.552792
0.426592,-0.551334
0.427133,-0.549876
0.427675,-0.548419
0.428217,-0.546961
0.428758,-0.545503
0.4293,-0.544045
0.429841,-0.542587
0.430383,-0.541129
0.430924,-0.539671
0.431466,-0.538214
0.432008,-0.536756
0.432549,-0.535298
0.433091,-0.53384
0.433632,-0.532382
0.434174,-0.530924
0.434715,-0.529467
0.435257,-0.528009
0.435799,-0.526551
0.43634,-0.525093
0.436882,-0.523635
0.437423,-0.522177
0.437965,-0.520719
0.438507,-0.519262
0.439048,-0.517804
0.43959,-0.516346
0.440131,-0.514888
0.440673,-0.51343
0.441214,-0.511972
0.441756,-0.510515
0.442298,-0.509057
0.442839,-0.507599
0.443381,-0.506141
0.443922,-0.504683
0.444464,-0.503225
0.445005,-0.501768
0.445547,-0.50031
0.446089,-0.498852
0.44663,-0.497394
0.447172,-0.495936
0.447713,-0.494478
0.448255,-0.49302
0.448796,-0.491563
0.449338,-0.490105
0.44988,-0.488647
0.450421,-0.487189
0.450963,-0.485731
0.451504,-0.484273
0.452046,-0.482816
0.452587,-0.481358
0.453129,-0.4799
0.453671,-0.478442
0.454212,-0.476984
0.454754,-0.475526
0.455295,-0.474068
0.455837,-0.472611
0.456378,-0.471153
0.45692,-0.469695
0.457462,-0.468237
0.458003,-0.466779
0.458545,-0.465321
0.459086,-0.463864
0.459628,-0.462406
0.460169,-0.460948
0.460711,-0.45949
0.461253,-0.458032
0.461794,-0.456574
0.462336,-0.455117
0.462877,-0.453659
0.463419,-0.452201
0.46396,-0.450743
0.464502,-0.449285
0.465044,-0.447827
0.465585,-0.446369
0.466127,-0.444912
0.466668,-0.443454
0.46721,-0.441996
0.467751,-0.440538
0.468293,-0.43908
0.468835,-0.437622
0.469376,-0.436165
0.469918,-0.434707
0.470459,-0.433249
0.471001,-0.431791
0.471542,-0.430333
0.472084,-0.428875
0.472626,-0.427417
0.473167,-0.42596
0.473709,-0.424502
0.47425,-0.423044
0.474792,-0.421586
0.475334,-0.420128
0.475875,-0.41867
0.476417,-0.417213
0.476958,-0.415755
0.4775,-0.414297
0.478041,-0.412839
0.478583,-0.411381
0.479125,-0.409923
0.479666,-0.408466
0.480208,-0.407008
0.480749,-0.40555
0.481291,-0.404092
0.481832,-0.402634
0.482374,-0.401176
0.482916,-0.399718
0.483457,-0.398261
0.483999,-0.396803
0.48454,-0.395345
0.485082,-0.393887
0.485623,-0.392429
0.486165,-0.390971
0.486707,-0.389514
0.487248,-0.388056
0.48779,-0.386598
0.488331,-0.38514
0.488873,-0.383682
0.489414,-0.382224
0.489956,-0.380766
0.490498,-0.379309
0.491039,-0.377851
0.491581,-0.376393
0.492122,-0.374935
0.492664,-0.373477
0.493205,-0.372019
0.493747,-0.370562
0.494289,-0.369104
0.49483,-0.367646
0.495372,-0.366188
0.495913,-0.36473
0.496455,-0.363272
0.496996,-0.361815
0.497538,-0.360357
0.49808,-0.358899
0.498621,-0.357441
