O
15
1,0,-1,0.78,-0.5,0.75,0.0,0.0,0.0,0.3,0.4,0.02,0,0.8,False
2,0,-1,1.1,-0.5,0.93,0.0,0.0,0.0,0.02,0.4,0.2,0,0.8,False
3,0,-1,0.78,-0.5,1.11,0.0,0.0,0.0,0.3,0.4,0.02,0,0.8,False
4,0,-1,0.8,-0.92,0.93,0.0,0.0,0.0,0.32,0.02,0.2,0,0.8,False
5,0,-1,0.8,-0.08,0.93,0.0,0.0,0.0,0.32,0.02,0.2,0,0.8,False
6,2,0,0.8158026954265241,-0.30580240830583527,0.8450000000000001,0.0,0.0,2.464705906069231,0.03,0.03,0.15,0.48045689241207634,1.1190431057411074,False
7,2,0,0.7709687437729801,-0.7044962569525374,0.8450000000000001,0.0,0.0,5.190335122261969,0.05865131598204348,0.05865131598204348,0.15,0.030763709727067046,0.8388177722367411,False
8,0,0,0.8591529275590228,-0.5408593190913189,0.86,0.0,0.0,0.9601355640921211,0.03,0.03,0.09,0.2519334224535154,0.8591433811086517,False
9,2,0,1.0233390640898499,-0.6109226686320868,0.8450000000000001,0.0,0.0,1.8420513491493453,0.03,0.03,0.15,0.08576595526192332,1.0905022626018694,False
10,0,0,0.9281645185850116,-0.14282175212429582,0.86,0.0,0.0,1.5661900429624935,0.031725336596237455,0.03,0.09,0.268101818267687,1.1812970370421536,False
11,0,1,0.9492262661294266,-0.23482534830730106,0.86,0.0,0.0,1.875650001877734,0.03,0.06443152608746348,0.09,0.19809988936396433,1.0580773186069738,True
12,2,1,0.5514297942000906,-0.4107430837584572,0.8686455615480841,0.0,0.0,4.0915364891455654,0.03,0.03,0.19729112309616825,0.4837935197891538,0.9062702247064977,True
13,2,1,0.706538910717342,-0.5219889234959272,0.8450000000000001,0.0,0.0,5.353174490866305,0.03,0.03,0.15,0.11676655162428012,1.0960031672054233,True
14,2,1,0.9561842641030256,-0.40803769530376666,0.8450000000000001,0.0,0.0,4.9930153221492946,0.03,0.03,0.15,0.3463552101673937,1.0628263975829588,True
15,0,1,0.5638551271822898,-0.8467520454615494,0.9066873154898102,0.0,0.0,0.22385238073894004,0.041098040183613106,0.03231399181618811,0.13668731548981014,0.4494263822934818,1.181569038868504,True
R
0.0,0.0,0.0,0.0,0.0,0.0,1.0
S
8
torso_lift_joint,0
r_shoulder_pan_joint,-1.69017
r_shoulder_lift_joint,-0.0788625
r_upper_arm_roll_joint,-1.69017
r_elbow_flex_joint,-1.2717
r_forearm_roll_joint,-0.151824
r_wrist_flex_joint,-1.25254
r_wrist_roll_joint,0.675062
G
0.758995,-0.354771,0.845,0.711422,-0,0
ooi
6
A
599
0.310248,-0.673113
0.310738,-0.672206
0.311227,-0.671298
0.311717,-0.670391
0.312206,-0.669484
0.312696,-0.668576
0.313185,-0.667669
0.313675,-0.666761
0.314164,-0.665854
0.314654,-0.664947
0.315143,-0.664039
0.315633,-0.663132
0.316122,-0.662224
0.316612,-0.661317
0.317101,-0.66041
0.317591,-0.659502
0.31808,-0.658595
0.31857,-0.657687
0.319059,-0.65678
0.319549,-0.655873
0.320039,-0.654965
0.320528,-0.654058
0.321018,-0.65315
0.321507,-0.652243
0.321997,-0.651336
0.322486,-0.650428
0.322976,-0.649521
0.323465,-0.648614
0.323955,-0.647706
0.324444,-0.646799
0.324934,-0.645891
0.325423,-0.644984
0.325913,-0.644077
0.326402,-0.643169
0.326892,-0.642262
0.327381,-0.641354
0.327871,-0.640447
0.32836,-0.63954
0.32885,-0.638632
0.329339,-0.637725
0.329829,-0.636817
0.330318,-0.63591
0.330808,-0.635003
0.331297,-0.634095
0.331787,-0.633188
0.332276,-0.63228
0.332766,-0.631373
0.333255,-0.630466
0.333745,-0.629558
0.334235,-0.628651
0.334724,-0.627743
0.335214,-0.626836
0.335703,-0.625929
0.336193,-0.625021
0.336682,-0.624114
0.337172,-0.623207
0.337661,-0.622299
0.338151,-0.621392
0.33864,-0.620484
0.33913,-0.619577
0.339619,-0.61867
0.340109,-0.617762
0.340598,-0.616855
0.341088,-0.615947
0.341577,-0.61504
0.342067,-0.614133
0.342556,-0.613225
0.343046,-0.612318
0.343535,-0.61141
0.344025,-0.610503
0.344514,-0.609596
0.345004,-0.608688
0.345493,-0.607781
0.345983,-0.606873
0.346472,-0.605966
0.346962,-0.605059
0.347451,-0.604151
0.347941,-0.603244
0.34843,-0.602337
0.34892,-0.601429
0.34941,-0.600522
0.349899,-0.599614
0.350389,-0.598707
0.350878,-0.5978
0.351368,-0.596892
0.351857,-0.595985
0.352347,-0.595077
0.352836,-0.59417
0.353326,-0.593263
0.353815,-0.592355
0.354305,-0.591448
0.354794,-0.59054
0.355284,-0.589633
0.355773,-0.588726
0.356263,-0.587818
0.356752,-0.586911
0.357242,-0.586003
0.357731,-0.585096
0.358221,-0.584189
0.35871,-0.583281
0.3592,-0.582374
0.359689,-0.581467
0.360179,-0.580559
0.360668,-0.579652
0.361158,-0.578744
0.361647,-0.577837
0.362137,-0.57693
0.362626,-0.576022
0.363116,-0.575115
0.363606,-0.574207
0.364095,-0.5733
0.364585,-0.572393
0.365074,-0.571485
0.365564,-0.570578
0.366053,-0.56967
0.366543,-0.568763
0.367032,-0.567856
0.367522,-0.566948
0.368011,-0.566041
0.368501,-0.565133
0.36899,-0.564226
0.36948,-0.563319
0.369969,-0.562411
0.370459,-0.561504
0.370948,-0.560597
0.371438,-0.559689
0.371927,-0.558782
0.372417,-0.557874
0.372906,-0.556967
0.373396,-0.55606
0.373885,-0.555152
0.374375,-0.554245
0.374864,-0.553337
0.375354,-0.55243
0.375843,-0.551523
0.376333,-0.550615
0.376822,-0.549708
0.377312,-0.5488
0.377801,-0.547893
0.378291,-0.546986
0.378781,-0.546078
0.37927,-0.545171
0.37976,-0.544263
0.380249,-0.543356
0.380739,-0.542449
0.381228,-0.541541
0.381718,-0.540634
0.382207,-0.539727
0.382697,-0.538819
0.383186,-0.537912
0.383676,-0.537004
0.38461,-0.536852
0.385544,-0.5367
0.386478,-0.536547
0.387412,-0.536395
0.388346,-0.536243
0.389281,-0.53609
0.390215,-0.535938
0.391149,-0.535786
0.392083,-0.535633
0.393017,-0.535481
0.393951,-0.535329
0.394886,-0.535176
0.39582,-0.535024
0.396754,-0.534872
0.397688,-0.534719
0.398622,-0.534567
0.399556,-0.534415
0.400491,-0.534262
0.401425,-0.53411
0.402359,-0.533958
0.403293,-0.533806
0.404227,-0.533653
0.405161,-0.533501
0.406095,-0.533349
0.40703,-0.533196
0.407964,-0.533044
0.408898,-0.532892
0.409832,-0.532739
0.410766,-0.532587
0.4117,-0.532435
0.412635,-0.532282
0.413569,-0.53213
0.414503,-0.531978
0.415437,-0.531825
0.416371,-0.531673
0.417305,-0.531521
0.41824,-0.531368
0.419174,-0.531216
0.420108,-0.531064
0.421042,-0.530911
0.421976,-0.530759
0.42291,-0.530607
0.423845,-0.530454
0.424779,-0.530302
0.425713,-0.53015
0.426647,-0.529997
0.427581,-0.529845
0.428515,-0.529693
0.429449,-0.52954
0.430384,-0.529388
0.431318,-0.529236
0.432252,-0.529083
0.433186,-0.528931
0.43412,-0.528779
0.435054,-0.528626
0.435989,-0.528474
0.436923,-0.528322
0.437857,-0.528169
0.438791,-0.528017
0.439725,-0.527865
0.440659,-0.527713
0.441594,-0.52756
0.442528,-0.527408
0.443462,-0.527256
0.444396,-0.527103
0.44533,-0.526951
0.446264,-0.526799
0.447198,-0.526646
0.448133,-0.526494
0.449067,-0.526342
0.450001,-0.526189
0.450935,-0.526037
0.451869,-0.525885
0.452803,-0.525732
0.453738,-0.52558
0.454672,-0.525428
0.455606,-0.525275
0.45654,-0.525123
0.457474,-0.524971
0.458408,-0.524818
0.459343,-0.524666
0.460277,-0.524514
0.461211,-0.524361
0.462145,-0.524209
0.463079,-0.524057
0.464013,-0.523904
0.464947,-0.523752
0.465882,-0.5236
0.466816,-0.523447
0.46775,-0.523295
0.468684,-0.523143
0.469618,-0.52299
0.470552,-0.522838
0.471487,-0.522686
0.472421,-0.522533
0.473355,-0.522381
0.474289,-0.522229
0.475223,-0.522076
0.476157,-0.521924
0.477092,-0.521772
0.478026,-0.52162
0.47896,-0.521467
0.479894,-0.521315
0.480828,-0.521163
0.481762,-0.52101
0.482696,-0.520858
0.483631,-0.520706
0.484565,-0.520553
0.485499,-0.520401
0.486433,-0.520249
0.487367,-0.520096
0.488301,-0.519944
0.489236,-0.519792
0.49017,-0.519639
0.491104,-0.519487
0.492038,-0.519335
0.492972,-0.519182
0.493906,-0.51903
0.494841,-0.518878
0.495775,-0.518725
0.496709,-0.518573
0.497643,-0.518421
0.498577,-0.518268
0.499511,-0.518116
0.500445,-0.517964
0.50138,-0.517811
0.502314,-0.517659
0.503248,-0.517507
0.504182,-0.517354
0.505116,-0.517202
0.50605,-0.51705
0.506985,-0.516897
0.507919,-0.516745
0.508853,-0.516593
0.509787,-0.51644
0.510721,-0.516288
0.511655,-0.516136
0.51259,-0.515983
0.513524,-0.515831
0.514458,-0.515679
0.515392,-0.515527
0.516326,-0.515374
0.51726,-0.515222
0.518195,-0.51507
0.519129,-0.514917
0.520063,-0.514765
0.520997,-0.514613
0.521931,-0.51446
0.522865,-0.514308
0.523586,-0.514304
0.524307,-0.514301
0.525028,-0.514297
0.525749,-0.514294
0.526469,-0.51429
0.52719,-0.514287
0.527911,-0.514283
0.528632,-0.514279
0.529353,-0.514276
0.530073,-0.514272
0.530794,-0.514269
0.531515,-0.514265
0.532236,-0.514262
0.532957,-0.514258
0.533677,-0.514254
0.534398,-0.514251
0.535119,-0.514247
0.53584,-0.514244
0.536561,-0.51424
0.537282,-0.514237
0.538002,-0.514233
0.538723,-0.514229
0.539444,-0.514226
0.540165,-0.514222
0.540886,-0.514219
0.541606,-0.514215
0.542327,-0.514212
0.543048,-0.514208
0.543769,-0.514205
0.54449,-0.514201
0.54521,-0.514197
0.545931,-0.514194
0.546652,-0.51419
0.547373,-0.514187
0.548094,-0.514183
0.548815,-0.51418
0.549535,-0.514176
0.550256,-0.514172
0.550977,-0.514169
0.551698,-0.514165
0.552419,-0.514162
0.553139,-0.514158
0.55386,-0.514155
0.554581,-0.514151
0.555302,-0.514147
0.556023,-0.514144
0.556743,-0.51414
0.557464,-0.514137
0.558185,-0.514133
0.558906,-0.51413
0.559627,-0.514126
0.560348,-0.514123
0.561068,-0.514119
0.561789,-0.514115
0.56251,-0.514112
0.563231,-0.514108
0.563952,-0.514105
0.564672,-0.514101
0.565393,-0.514098
0.566114,-0.514094
0.566835,-0.51409
0.567556,-0.514087
0.568276,-0.514083
0.568997,-0.51408
0.569718,-0.514076
0.570439,-0.514073
0.57116,-0.514069
0.571881,-0.514065
0.572601,-0.514062
0.573322,-0.514058
0.574043,-0.514055
0.574764,-0.514051
0.575485,-0.514048
0.576205,-0.514044
0.576926,-0.51404
0.577647,-0.514037
0.578368,-0.514033
0.579089,-0.51403
0.579809,-0.514026
0.58053,-0.514023
0.581251,-0.514019
0.581972,-0.514016
0.582693,-0.514012
0.583413,-0.514008
0.584134,-0.514005
0.584855,-0.514001
0.585576,-0.513998
0.586297,-0.513994
0.587018,-0.513991
0.587738,-0.513987
0.588459,-0.513983
0.58918,-0.51398
0.589901,-0.513976
0.590622,-0.513973
0.591342,-0.513969
0.592063,-0.513966
0.592784,-0.513962
0.593505,-0.513958
0.594226,-0.513955
0.594946,-0.513951
0.595667,-0.513948
0.596388,-0.513944
0.597109,-0.513941
0.59783,-0.513937
0.598551,-0.513934
0.599271,-0.51393
0.599992,-0.513926
0.600713,-0.513923
0.601434,-0.513919
0.602155,-0.513916
0.602875,-0.513912
0.603596,-0.513909
0.604317,-0.513905
0.605038,-0.513901
0.605759,-0.513898
0.606479,-0.513894
0.6072,-0.513891
0.607921,-0.513887
0.608642,-0.513884
0.609363,-0.51388
0.610084,-0.513876
0.610804,-0.513873
0.611525,-0.513869
0.612246,-0.513866
0.612967,-0.513862
0.613688,-0.513859
0.614408,-0.513855
0.615129,-0.513852
0.61585,-0.513848
0.616571,-0.513844
0.617292,-0.513841
0.618012,-0.513837
0.618733,-0.513834
0.619454,-0.51383
0.620175,-0.513827
0.620896,-0.513823
0.621617,-0.513819
0.622337,-0.513816
0.623058,-0.513812
0.623779,-0.513809
0.6245,-0.513805
0.625221,-0.513802
0.625941,-0.513798
0.626662,-0.513794
0.627383,-0.513791
0.628104,-0.513787
0.628825,-0.513784
0.629545,-0.51378
0.630266,-0.513777
0.630987,-0.513773
0.631846,-0.512706
0.632705,-0.511639
0.633564,-0.510572
0.634424,-0.509505
0.635283,-0.508437
0.636142,-0.50737
0.637001,-0.506303
0.63786,-0.505236
0.638719,-0.504169
0.639578,-0.503102
0.640437,-0.502035
0.641296,-0.500968
0.642156,-0.4999
0.643015,-0.498833
0.643874,-0.497766
0.644733,-0.496699
0.645592,-0.495632
0.646451,-0.494565
0.64731,-0.493498
0.648169,-0.49243
0.649028,-0.491363
0.649888,-0.490296
0.650747,-0.489229
0.651606,-0.488162
0.652465,-0.487095
0.653324,-0.486028
0.654183,-0.484961
0.655042,-0.483893
0.655901,-0.482826
0.656761,-0.481759
0.65762,-0.480692
0.658479,-0.479625
0.659338,-0.478558
0.660197,-0.477491
0.661056,-0.476424
0.661915,-0.475356
0.662774,-0.474289
0.663633,-0.473222
0.664493,-0.472155
0.665352,-0.471088
0.666211,-0.470021
0.66707,-0.468954
0.667929,-0.467886
0.668788,-0.466819
0.669647,-0.465752
0.670506,-0.464685
0.671365,-0.463618
0.672225,-0.462551
0.673084,-0.461484
0.673943,-0.460417
0.674802,-0.459349
0.675661,-0.458282
0.67652,-0.457215
0.677379,-0.456148
0.678238,-0.455081
0.679097,-0.454014
0.679957,-0.452947
0.680816,-0.45188
0.681675,-0.450812
0.682534,-0.449745
0.683393,-0.448678
0.684252,-0.447611
0.685111,-0.446544
0.68597,-0.445477
0.68683,-0.44441
0.687689,-0.443343
0.688548,-0.442275
0.689407,-0.441208
0.690266,-0.440141
0.691125,-0.439074
0.691984,-0.438007
0.692843,-0.43694
0.693702,-0.435873
0.694562,-0.434805
0.695421,-0.433738
0.69628,-0.432671
0.697139,-0.431604
0.697998,-0.430537
0.698857,-0.42947
0.699716,-0.428403
0.700575,-0.427336
0.701434,-0.426268
0.702294,-0.425201
0.703153,-0.424134
0.704012,-0.423067
0.704871,-0.422
0.70573,-0.420933
0.706589,-0.419866
0.707448,-0.418799
0.708307,-0.417731
0.709166,-0.416664
0.710026,-0.415597
0.710885,-0.41453
0.711744,-0.413463
0.712603,-0.412396
0.713462,-0.411329
0.714321,-0.410261
0.71518,-0.409194
0.716039,-0.408127
0.716899,-0.40706
0.717758,-0.405993
0.718617,-0.404926
0.719476,-0.403859
0.720335,-0.402792
0.721194,-0.401724
0.722053,-0.400657
0.722912,-0.39959
0.723771,-0.398523
0.724631,-0.397456
0.72549,-0.396389
0.726349,-0.395322
0.727208,-0.394255
0.728067,-0.393187
0.728926,-0.39212
0.729785,-0.391053
0.730644,-0.389986
0.731503,-0.388919
0.732363,-0.387852
0.733222,-0.386785
0.734081,-0.385718
0.73494,-0.38465
0.735799,-0.383583
0.736658,-0.382516
0.737517,-0.381449
0.738376,-0.380382
0.739235,-0.379315
0.740095,-0.378248
0.740954,-0.37718
0.741813,-0.376113
0.742672,-0.375046
0.743531,-0.373979
0.74439,-0.372912
0.745249,-0.371845
0.746108,-0.370778
0.746968,-0.369711
0.747827,-0.368643
0.748686,-0.367576
0.749545,-0.366509
0.750404,-0.365442
0.751263,-0.364375
0.752122,-0.363308
0.752981,-0.362241
0.75384,-0.361174
0.7547,-0.360106
0.755559,-0.359039
0.756418,-0.357972
0.757277,-0.356905
0.758136,-0.355838
0.758995,-0.354771
