O
15
1,0,-1,0.78,-0.5,0.75,0.0,0.0,0.0,0.3,0.4,0.02,0,0.8,False
2,0,-1,1.1,-0.5,0.93,0.0,0.0,0.0,0.02,0.4,0.2,0,0.8,False
3,0,-1,0.78,-0.5,1.11,0.0,0.0,0.0,0.3,0.4,0.02,0,0.8,False
4,0,-1,0.8,-0.92,0.93,0.0,0.0,0.0,0.32,0.02,0.2,0,0.8,False
5,0,-1,0.8,-0.08,0.93,0.0,0.0,0.0,0.32,0.02,0.2,0,0.8,False
6,2,0,0.8168941355540827,-0.4571140959418183,0.8450000000000001,0.0,0.0,1.0274352228420554,0.036344011371961124,0.036344011371961124,0.15,0.24124534199990866,1.1626974295326622,False
7,2,0,1.019292633597273,-0.6295912205938418,0.8450000000000001,0.0,0.0,0.22645731919057713,0.03,0.03,0.15,0.2235403653361016,1.1204145662874865,False
8,2,0,0.7259977031081346,-0.8137669887952547,0.8450000000000001,0.0,0.0,4.910078001098785,0.03079502348676291,0.03079502348676291,0.15,0.0639502905940354,1.1591655613694052,False
9,2,0,0.615880416280836,-0.6675376184511004,0.8570490238006996,0.0,0.0,5.993335877967134,0.050633784836216604,0.050633784836216604,0.17409804760139913,0.3405797718175082,1.1339483823586838,False
10,2,0,0.9354733696579185,-0.7558284955286294,0.8450000000000001,0.0,0.0,4.527212360285569,0.03,0.03,0.15,0.05340365298165067,1.1912568607561722,False
11,0,1,0.9675588084529064,-0.29207772369561147,0.86,0.0,0.0,2.491606863775004,0.03389289049845365,0.03,0.09,0.01876202770160096,1.1801157299204976,True
12,0,1,0.687389959585493,-0.26391716804990595,0.9240726755028964,0.0,0.0,1.4767547497917268,0.04977602783749483,0.04340031726377827,0.1540726755028964,0.399501615823404,0.812871284263869,True
13,2,1,0.5776033802349204,-0.26332383943215876,0.8450000000000001,0.0,0.0,1.2088112135079632,0.03,0.03,0.15,0.37319770405871583,0.9141982371087806,True
14,0,1,0.5799221123302378,-0.4768108770768694,0.9021715385290079,0.0,0.0,4.680946008548564,0.03,0.03,0.13217153852900784,0.1376735376201676,1.0702128223179028,True
15,0,1,0.6856668908953201,-0.39721831981312744,0.86,0.0,0.0,3.5372496365487676,0.030936668763463394,0.053779336339879746,0.09,0.19359221285529538,1.161802744873245,True
R
0.0,0.0,0.0,0.0,0.0,0.0,1.0
S
8
torso_lift_joint,0
r_shoulder_pan_joint,-1.69017
r_shoulder_lift_joint,-0.0788625
r_upper_arm_roll_joint,-1.69017
r_elbow_flex_joint,-1.2717
r_forearm_roll_joint,-0.151824
r_wrist_flex_joint,-1.25254
r_wrist_roll_joint,0.675062
G
0.741309,-0.487175,0.845,0.378532,-0,0
ooi
6
A
599
0.310248,-0.673113
0.31124,-0.672966
0.312232,-0.672819
0.313223,-0.672672
0.314215,-0.672525
0.315207,-0.672378
0.316199,-0.672231
0.31719,-0.672084
0.318182,-0.671937
0.319174,-0.67179
0.320166,-0.671643
0.321157,-0.671496
0.322149,-0.671349
0.323141,-0.671202
0.324133,-0.671055
0.325124,-0.670908
0.326116,-0.670761
0.327108,-0.670614
0.3281,-0.670467
0.329091,-0.67032
0.330083,-0.670173
0.331075,-0.670026
0.332067,-0.669879
0.333058,-0.669732
0.33405,-0.669585
0.335042,-0.669438
0.336034,-0.669291
0.337025,-0.669144
0.338017,-0.668997
0.339009,-0.66885
0.340001,-0.668703
0.340992,-0.668556
0.341984,-0.668409
0.342976,-0.668262
0.343968,-0.668115
0.344959,-0.667968
0.345951,-0.667821
0.346943,-0.667674
0.347935,-0.667527
0.348926,-0.66738
0.349918,-0.667233
0.35091,-0.667086
0.351902,-0.666939
0.352893,-0.666792
0.353885,-0.666645
0.354877,-0.666498
0.355869,-0.666351
0.35686,-0.666204
0.357852,-0.666057
0.358844,-0.66591
0.359836,-0.665763
0.360827,-0.665616
0.361819,-0.665469
0.362811,-0.665322
0.363803,-0.665175
0.364794,-0.665028
0.365786,-0.664881
0.366778,-0.664734
0.36777,-0.664587
0.368761,-0.66444
0.369753,-0.664293
0.370745,-0.664146
0.371737,-0.663999
0.372728,-0.663852
0.37372,-0.663705
0.374712,-0.663558
0.375704,-0.663411
0.376695,-0.663264
0.377687,-0.663117
0.378679,-0.66297
0.379671,-0.662823
0.380662,-0.662676
0.381654,-0.662529
0.382646,-0.662382
0.383638,-0.662235
0.384629,-0.662088
0.385621,-0.661941
0.386613,-0.661794
0.387605,-0.661647
0.388596,-0.6615
0.389588,-0.661353
0.39058,-0.661206
0.391572,-0.661059
0.392563,-0.660912
0.393555,-0.660765
0.394547,-0.660618
0.395539,-0.660471
0.39653,-0.660324
0.397522,-0.660177
0.398514,-0.66003
0.399506,-0.659883
0.400497,-0.659736
0.401489,-0.659589
0.402481,-0.659442
0.403473,-0.659295
0.404464,-0.659148
0.405456,-0.659001
0.406448,-0.658854
0.40744,-0.658707
0.408431,-0.65856
0.409423,-0.658414
0.410415,-0.658267
0.411407,-0.65812
0.412398,-0.657973
0.41339,-0.657826
0.414382,-0.657679
0.415374,-0.657532
0.416365,-0.657385
0.417357,-0.657238
0.418349,-0.657091
0.419341,-0.656944
0.420332,-0.656797
0.421324,-0.65665
0.422316,-0.656503
0.423308,-0.656356
0.424299,-0.656209
0.425291,-0.656062
0.426283,-0.655915
0.427275,-0.655768
0.428266,-0.655621
0.429258,-0.655474
0.43025,-0.655327
0.431242,-0.65518
0.432233,-0.655033
0.433225,-0.654886
0.434217,-0.654739
0.435209,-0.654592
0.4362,-0.654445
0.437192,-0.654298
0.438184,-0.654151
0.439176,-0.654004
0.440167,-0.653857
0.441159,-0.65371
0.442151,-0.653563
0.443143,-0.653416
0.444134,-0.653269
0.445126,-0.653122
0.446118,-0.652975
0.44711,-0.652828
0.448101,-0.652681
0.449093,-0.652534
0.450085,-0.652387
0.451077,-0.65224
0.452068,-0.652093
0.45306,-0.651946
0.454052,-0.651799
0.455044,-0.651652
0.456035,-0.651505
0.457027,-0.651358
0.458019,-0.651211
0.459011,-0.651064
0.459348,-0.651103
0.459685,-0.651143
0.460022,-0.651183
0.460359,-0.651223
0.460696,-0.651262
0.461033,-0.651302
0.46137,-0.651342
0.461707,-0.651381
0.462044,-0.651421
0.462381,-0.651461
0.462719,-0.6515
0.463056,-0.65154
0.463393,-0.65158
0.46373,-0.65162
0.464067,-0.651659
0.464404,-0.651699
0.464741,-0.651739
0.465078,-0.651778
0.465415,-0.651818
0.465752,-0.651858
0.466089,-0.651897
0.466427,-0.651937
0.466764,-0.651977
0.467101,-0.652017
0.467438,-0.652056
0.467775,-0.652096
0.468112,-0.652136
0.468449,-0.652175
0.468786,-0.652215
0.469123,-0.652255
0.46946,-0.652294
0.469797,-0.652334
0.470135,-0.652374
0.470472,-0.652414
0.470809,-0.652453
0.471146,-0.652493
0.471483,-0.652533
0.47182,-0.652572
0.472157,-0.652612
0.472494,-0.652652
0.472831,-0.652691
0.473168,-0.652731
0.473505,-0.652771
0.473843,-0.652811
0.47418,-0.65285
0.474517,-0.65289
0.474854,-0.65293
0.475191,-0.652969
0.475528,-0.653009
0.475865,-0.653049
0.476202,-0.653088
0.476539,-0.653128
0.476876,-0.653168
0.477213,-0.653208
0.477551,-0.653247
0.477888,-0.653287
0.478225,-0.653327
0.478562,-0.653366
0.478899,-0.653406
0.479236,-0.653446
0.479573,-0.653485
0.47991,-0.653525
0.480247,-0.653565
0.480584,-0.653605
0.480921,-0.653644
0.481259,-0.653684
0.481596,-0.653724
0.481933,-0.653763
0.48227,-0.653803
0.482607,-0.653843
0.482944,-0.653882
0.483281,-0.653922
0.483618,-0.653962
0.483955,-0.654002
0.484292,-0.654041
0.484629,-0.654081
0.484967,-0.654121
0.485304,-0.65416
0.485641,-0.6542
0.485978,-0.65424
0.486315,-0.654279
0.486652,-0.654319
0.486989,-0.654359
0.487326,-0.654399
0.487663,-0.654438
0.488,-0.654478
0.488337,-0.654518
0.488675,-0.654557
0.489012,-0.654597
0.489349,-0.654637
0.489686,-0.654676
0.490023,-0.654716
0.49036,-0.654756
0.490697,-0.654796
0.491034,-0.654835
0.491371,-0.654875
0.491708,-0.654915
0.492045,-0.654954
0.492383,-0.654994
0.49272,-0.655034
0.493057,-0.655073
0.493394,-0.655113
0.493731,-0.655153
0.494068,-0.655193
0.494405,-0.655232
0.494742,-0.655272
0.495079,-0.655312
0.495416,-0.655351
0.495753,-0.655391
0.496091,-0.655431
0.496428,-0.65547
0.496765,-0.65551
0.497102,-0.65555
0.497439,-0.65559
0.497776,-0.655629
0.498113,-0.655669
0.49845,-0.655709
0.498787,-0.655748
0.499124,-0.655788
0.499461,-0.655828
0.499799,-0.655867
0.500136,-0.655907
0.500473,-0.655947
0.50081,-0.655987
0.501147,-0.656026
0.501484,-0.656066
0.501821,-0.656106
0.502158,-0.656145
0.502495,-0.656185
0.502832,-0.656225
0.503169,-0.656264
0.503507,-0.656304
0.503844,-0.656344
0.504181,-0.656384
0.504518,-0.656423
0.504855,-0.656463
0.505192,-0.656503
0.505529,-0.656542
0.505866,-0.656582
0.506203,-0.656622
0.50654,-0.656661
0.506877,-0.656701
0.507215,-0.656741
0.507552,-0.656781
0.507889,-0.65682
0.508226,-0.65686
0.508563,-0.6569
0.5089,-0.656939
0.509237,-0.656979
0.510115,-0.655894
0.510994,-0.654809
0.511872,-0.653724
0.51275,-0.652639
0.513628,-0.651555
0.514507,-0.65047
0.515385,-0.649385
0.516263,-0.6483
0.517141,-0.647215
0.51802,-0.64613
0.518898,-0.645045
0.519776,-0.64396
0.520654,-0.642875
0.521533,-0.641791
0.522411,-0.640706
0.523289,-0.639621
0.524167,-0.638536
0.525046,-0.637451
0.525924,-0.636366
0.526802,-0.635281
0.52768,-0.634196
0.528559,-0.633111
0.529437,-0.632027
0.530315,-0.630942
0.531193,-0.629857
0.532072,-0.628772
0.53295,-0.627687
0.533828,-0.626602
0.534706,-0.625517
0.535585,-0.624432
0.536463,-0.623347
0.537341,-0.622263
0.538219,-0.621178
0.539098,-0.620093
0.539976,-0.619008
0.540854,-0.617923
0.541732,-0.616838
0.542611,-0.615753
0.543489,-0.614668
0.544367,-0.613583
0.545245,-0.612498
0.546124,-0.611414
0.547002,-0.610329
0.54788,-0.609244
0.548758,-0.608159
0.549637,-0.607074
0.550515,-0.605989
0.551393,-0.604904
0.552271,-0.603819
0.55315,-0.602734
0.554028,-0.60165
0.554906,-0.600565
0.555784,-0.59948
0.556663,-0.598395
0.557541,-0.59731
0.558419,-0.596225
0.559297,-0.59514
0.560176,-0.594055
0.561054,-0.59297
0.561932,-0.591886
0.56281,-0.590801
0.563689,-0.589716
0.564567,-0.588631
0.565445,-0.587546
0.566323,-0.586461
0.567201,-0.585376
0.56808,-0.584291
0.568958,-0.583206
0.569836,-0.582122
0.570714,-0.581037
0.571593,-0.579952
0.572471,-0.578867
0.573349,-0.577782
0.574227,-0.576697
0.575106,-0.575612
0.575984,-0.574527
0.576862,-0.573442
0.57774,-0.572357
0.578619,-0.571273
0.579497,-0.570188
0.580375,-0.569103
0.581253,-0.568018
0.582132,-0.566933
0.58301,-0.565848
0.583888,-0.564763
0.584766,-0.563678
0.585645,-0.562593
0.586523,-0.561509
0.587401,-0.560424
0.588279,-0.559339
0.589158,-0.558254
0.590036,-0.557169
0.590914,-0.556084
0.591792,-0.554999
0.592671,-0.553914
0.593549,-0.552829
0.594427,-0.551745
0.595305,-0.55066
0.596184,-0.549575
0.597062,-0.54849
0.59794,-0.547405
0.598818,-0.54632
0.599697,-0.545235
0.600575,-0.54415
0.601453,-0.543065
0.602331,-0.541981
0.60321,-0.540896
0.604088,-0.539811
0.604966,-0.538726
0.605844,-0.537641
0.606723,-0.536556
0.607601,-0.535471
0.608479,-0.534386
0.609357,-0.533301
0.610236,-0.532217
0.611114,-0.531132
0.611992,-0.530047
0.61287,-0.528962
0.613749,-0.527877
0.614627,-0.526792
0.615505,-0.525707
0.616383,-0.524622
0.617262,-0.523537
0.61814,-0.522452
0.619018,-0.521368
0.619896,-0.520283
0.620775,-0.519198
0.621653,-0.518113
0.622531,-0.517028
0.623409,-0.515943
0.624288,-0.514858
0.625166,-0.513773
0.626044,-0.512688
0.626922,-0.511604
0.627801,-0.510519
0.628679,-0.509434
0.629557,-0.508349
0.630435,-0.507264
0.631314,-0.506179
0.632192,-0.505094
0.63307,-0.504009
0.633948,-0.502924
0.634827,-0.50184
0.635705,-0.500755
0.636583,-0.49967
0.637461,-0.498585
0.63834,-0.4975
0.639218,-0.496415
0.640096,-0.49533
0.640974,-0.494245
0.641648,-0.494198
0.642321,-0.49415
0.642995,-0.494103
0.643668,-0.494055
0.644341,-0.494008
0.645015,-0.493961
0.645688,-0.493913
0.646361,-0.493866
0.647035,-0.493818
0.647708,-0.493771
0.648382,-0.493723
0.649055,-0.493676
0.649728,-0.493628
0.650402,-0.493581
0.651075,-0.493534
0.651749,-0.493486
0.652422,-0.493439
0.653095,-0.493391
0.653769,-0.493344
0.654442,-0.493296
0.655115,-0.493249
0.655789,-0.493201
0.656462,-0.493154
0.657136,-0.493107
0.657809,-0.493059
0.658482,-0.493012
0.659156,-0.492964
0.659829,-0.492917
0.660503,-0.492869
0.661176,-0.492822
0.661849,-0.492774
0.662523,-0.492727
0.663196,-0.492679
0.663869,-0.492632
0.664543,-0.492585
0.665216,-0.492537
0.66589,-0.49249
0.666563,-0.492442
0.667236,-0.492395
0.66791,-0.492347
0.668583,-0.4923
0.669257,-0.492252
0.66993,-0.492205
0.670603,-0.492158
0.671277,-0.49211
0.67195,-0.492063
0.672623,-0.492015
0.673297,-0.491968
0.67397,-0.49192
0.674644,-0.491873
0.675317,-0.491825
0.67599,-0.491778
0.676664,-0.49173
0.677337,-0.491683
0.678011,-0.491636
0.678684,-0.491588
0.679357,-0.491541
0.680031,-0.491493
0.680704,-0.491446
0.681377,-0.491398
0.682051,-0.491351
0.682724,-0.491303
0.683398,-0.491256
0.684071,-0.491209
0.684744,-0.491161
0.685418,-0.491114
0.686091,-0.491066
0.686765,-0.491019
0.687438,-0.490971
0.688111,-0.490924
0.688785,-0.490876
0.689458,-0.490829
0.690131,-0.490781
0.690805,-0.490734
0.691478,-0.490687
0.692152,-0.490639
0.692825,-0.490592
0.693498,-0.490544
0.694172,-0.490497
0.694845,-0.490449
0.695519,-0.490402
0.696192,-0.490354
0.696865,-0.490307
0.697539,-0.49026
0.698212,-0.490212
0.698885,-0.490165
0.699559,-0.490117
0.700232,-0.49007
0.700906,-0.490022
0.701579,-0.489975
0.702252,-0.489927
0.702926,-0.48988
0.703599,-0.489833
0.704273,-0.489785
0.704946,-0.489738
0.705619,-0.48969
0.706293,-0.489643
0.706966,-0.489595
0.707639,-0.489548
0.708313,-0.4895
0.708986,-0.489453
0.70966,-0.489405
0.710333,-0.489358
0.711006,-0.489311
0.71168,-0.489263
0.712353,-0.489216
0.713026,-0.489168
0.7137,-0.489121
0.714373,-0.489073
0.715047,-0.489026
0.71572,-0.488978
0.716393,-0.488931
0.717067,-0.488884
0.71774,-0.488836
0.718414,-0.488789
0.719087,-0.488741
0.71976,-0.488694
0.720434,-0.488646
0.721107,-0.488599
0.72178,-0.488551
0.722454,-0.488504
0.723127,-0.488456
0.723801,-0.488409
0.724474,-0.488362
0.725147,-0.488314
0.725821,-0.488267
0.726494,-0.488219
0.727168,-0.488172
0.727841,-0.488124
0.728514,-0.488077
0.729188,-0.488029
0.729861,-0.487982
0.730534,-0.487935
0.731208,-0.487887
0.731881,-0.48784
0.732555,-0.487792
0.733228,-0.487745
0.733901,-0.487697
0.734575,-0.48765
0.735248,-0.487602
0.735922,-0.487555
0.736595,-0.487507
0.737268,-0.48746
0.737942,-0.487413
0.738615,-0.487365
0.739288,-0.487318
0.739962,-0.48727
0.740635,-0.487223
0.741309,-0.487175
