O
15
1,0,-1,0.78,-0.5,0.75,0.0,0.0,0.0,0.3,0.4,0.02,0,0.8,False
2,0,-1,1.1,-0.5,0.93,0.0,0.0,0.0,0.02,0.4,0.2,0,0.8,False
3,0,-1,0.78,-0.5,1.11,0.0,0.0,0.0,0.3,0.4,0.02,0,0.8,False
4,0,-1,0.8,-0.92,0.93,0.0,0.0,0.0,0.32,0.02,0.2,0,0.8,False
5,0,-1,0.8,-0.08,0.93,0.0,0.0,0.0,0.32,0.02,0.2,0,0.8,False
6,0,0,0.833993752626772,-0.3889680648983175,0.86,0.0,0.0,4.328048157416587,0.03,0.058536239721123005,0.09,0.2814270586752224,0.989952743125082,False
7,0,0,0.742478660676138,-0.6621663205437072,0.8855303041647358,0.0,0.0,5.96285573587099,0.0384996662601625,0.03,0.1155303041647357,0.18553622844325618,1.175706748865951,False
8,0,0,1.024879907946148,-0.20866429239107986,0.86,0.0,0.0,1.37423833040235,0.0529970727834726,0.03,0.09,0.417708241336342,0.9736175167519245,False
9,0,0,0.9679138551056221,-0.5766185042004232,0.86,0.0,0.0,3.4929157080797446,0.03,0.054541094707304706,0.09,0.25025310654795024,0.8948863239688026,False
10,2,0,0.5365315320843137,-0.6972667110019074,0.8450000000000001,0.0,0.0,5.001040895225483,0.03,0.03,0.15,0.014309769911956483,0.877130823299031,False
11,2,1,0.5818334513156198,-0.41803473119853685,0.8450000000000001,0.0,0.0,5.630240777789968,0.07104879377540749,0.07104879377540749,0.15,0.3550891522939557,0.9851990258090565,True
12,2,1,0.7313315755115057,-0.19553432228719625,0.8450000000000001,0.0,0.0,5.619263838791204,0.03538895149309337,0.03538895149309337,0.15,0.22339772261389695,0.8961441657835539,True
13,2,1,0.5741189383795999,-0.8093939374358846,0.8450000000000001,0.0,0.0,2.7352524862711554,0.03,0.03,0.15,0.4220299603227484,1.1618211696756995,True
14,0,1,1.0022287496560758,-0.746873750713584,0.8836402452119873,0.0,0.0,5.621872063009264,0.03,0.05273081675378603,0.11364024521198726,0.07746145549871719,1.1349417492793328,True
15,2,1,0.9566694034996552,-0.3180963447300006,0.8450000000000001,0.0,0.0,0.2493898911320142,0.03,0.03,0.15,0.1617454571572804,1.0358126348362646,True
R
0.0,0.0,0.0,0.0,0.0,0.0,1.0
S
8
torso_lift_joint,0
r_shoulder_pan_joint,-1.69017
r_shoulder_lift_joint,-0.0788625
r_upper_arm_roll_joint,-1.69017
r_elbow_flex_joint,-1.2717
r_forearm_roll_joint,-0.151824
r_wrist_flex_joint,-1.25254
r_wrist_roll_joint,0.675062
G
0.738011,-0.350147,0.86,2.75725,-3.14159,3.14159
ooi
6
A
599
0.310248,-0.673113
0.311128,-0.672386
0.312007,-0.67166
0.312886,-0.670933
0.313766,-0.670206
0.314645,-0.66948
0.315525,-0.668753
0.316404,-0.668026
0.317283,-0.667299
0.318163,-0.666573
0.319042,-0.665846
0.319922,-0.665119
0.320801,-0.664393
0.321681,-0.663666
0.32256,-0.662939
0.323439,-0.662212
0.324319,-0.661486
0.325198,-0.660759
0.326078,-0.660032
0.326957,-0.659306
0.327836,-0.658579
0.328716,-0.657852
0.329595,-0.657125
0.330475,-0.656399
0.331354,-0.655672
0.332234,-0.654945
0.333113,-0.654219
0.333992,-0.653492
0.334872,-0.652765
0.335751,-0.652039
0.336631,-0.651312
0.33751,-0.650585
0.338389,-0.649858
0.339269,-0.649132
0.340148,-0.648405
0.341028,-0.647678
0.341907,-0.646952
0.342787,-0.646225
0.343666,-0.645498
0.344545,-0.644771
0.345425,-0.644045
0.346304,-0.643318
0.347184,-0.642591
0.348063,-0.641865
0.348942,-0.641138
0.349822,-0.640411
0.350701,-0.639684
0.351581,-0.638958
0.35246,-0.638231
0.35334,-0.637504
0.354219,-0.636778
0.355098,-0.636051
0.355978,-0.635324
0.356857,-0.634597
0.357737,-0.633871
0.358616,-0.633144
0.359495,-0.632417
0.360375,-0.631691
0.361254,-0.630964
0.362134,-0.630237
0.363013,-0.629511
0.363893,-0.628784
0.364772,-0.628057
0.365651,-0.62733
0.366531,-0.626604
0.36741,-0.625877
0.36829,-0.62515
0.369169,-0.624424
0.370048,-0.623697
0.370928,-0.62297
0.371807,-0.622243
0.372687,-0.621517
0.373566,-0.62079
0.374445,-0.620063
0.375325,-0.619337
0.376204,-0.61861
0.377084,-0.617883
0.377963,-0.617156
0.378843,-0.61643
0.379722,-0.615703
0.380601,-0.614976
0.381481,-0.61425
0.38236,-0.613523
0.38324,-0.612796
0.384119,-0.612069
0.384998,-0.611343
0.385878,-0.610616
0.386757,-0.609889
0.387637,-0.609163
0.388516,-0.608436
0.389396,-0.607709
0.390275,-0.606983
0.391154,-0.606256
0.392034,-0.605529
0.392913,-0.604802
0.393793,-0.604076
0.394672,-0.603349
0.395551,-0.602622
0.396431,-0.601896
0.39731,-0.601169
0.39819,-0.600442
0.399069,-0.599715
0.399949,-0.598989
0.400828,-0.598262
0.401707,-0.597535
0.402587,-0.596809
0.403466,-0.596082
0.404346,-0.595355
0.405225,-0.594628
0.406104,-0.593902
0.406984,-0.593175
0.407863,-0.592448
0.408743,-0.591722
0.409622,-0.590995
0.410502,-0.590268
0.411381,-0.589541
0.41226,-0.588815
0.41314,-0.588088
0.414019,-0.587361
0.414899,-0.586635
0.415778,-0.585908
0.416657,-0.585181
0.417537,-0.584455
0.418416,-0.583728
0.419296,-0.583001
0.420175,-0.582274
0.421055,-0.581548
0.421934,-0.580821
0.422813,-0.580094
0.423693,-0.579368
0.424572,-0.578641
0.425452,-0.577914
0.426331,-0.577187
0.42721,-0.576461
0.42809,-0.575734
0.428969,-0.575007
0.429849,-0.574281
0.430728,-0.573554
0.431607,-0.572827
0.432487,-0.5721
0.433366,-0.571374
0.434246,-0.570647
0.435125,-0.56992
0.436005,-0.569194
0.436884,-0.568467
0.437763,-0.56774
0.438643,-0.567014
0.439522,-0.566287
0.440402,-0.56556
0.441281,-0.564833
0.44216,-0.564107
0.442142,-0.564121
0.442124,-0.564136
0.442106,-0.56415
0.442088,-0.564164
0.44207,-0.564179
0.442051,-0.564193
0.442033,-0.564208
0.442015,-0.564222
0.441997,-0.564237
0.441979,-0.564251
0.441961,-0.564265
0.441942,-0.56428
0.441924,-0.564294
0.441906,-0.564309
0.441888,-0.564323
0.44187,-0.564338
0.441852,-0.564352
0.441833,-0.564366
0.441815,-0.564381
0.441797,-0.564395
0.441779,-0.56441
0.441761,-0.564424
0.441743,-0.564439
0.441724,-0.564453
0.441706,-0.564468
0.441688,-0.564482
0.44167,-0.564496
0.441652,-0.564511
0.441634,-0.564525
0.441615,-0.56454
0.441597,-0.564554
0.441579,-0.564569
0.441561,-0.564583
0.441543,-0.564597
0.441525,-0.564612
0.441506,-0.564626
0.441488,-0.564641
0.44147,-0.564655
0.441452,-0.56467
0.441434,-0.564684
0.441416,-0.564698
0.441397,-0.564713
0.441379,-0.564727
0.441361,-0.564742
0.441343,-0.564756
0.441325,-0.564771
0.441307,-0.564785
0.441288,-0.5648
0.44127,-0.564814
0.441252,-0.564828
0.441234,-0.564843
0.441216,-0.564857
0.441198,-0.564872
0.441179,-0.564886
0.441161,-0.564901
0.441143,-0.564915
0.441125,-0.564929
0.441107,-0.564944
0.441089,-0.564958
0.44107,-0.564973
0.441052,-0.564987
0.441034,-0.565002
0.441016,-0.565016
0.440998,-0.56503
0.44098,-0.565045
0.440961,-0.565059
0.440943,-0.565074
0.440925,-0.565088
0.440907,-0.565103
0.440889,-0.565117
0.440871,-0.565132
0.440852,-0.565146
0.440834,-0.56516
0.440816,-0.565175
0.440798,-0.565189
0.44078,-0.565204
0.440762,-0.565218
0.440743,-0.565233
0.440725,-0.565247
0.440707,-0.565261
0.440689,-0.565276
0.440671,-0.56529
0.440653,-0.565305
0.440634,-0.565319
0.440616,-0.565334
0.440598,-0.565348
0.44058,-0.565362
0.440562,-0.565377
0.440544,-0.565391
0.440525,-0.565406
0.440507,-0.56542
0.440489,-0.565435
0.440471,-0.565449
0.440453,-0.565464
0.440435,-0.565478
0.440416,-0.565492
0.440398,-0.565507
0.44038,-0.565521
0.440362,-0.565536
0.440344,-0.56555
0.440326,-0.565565
0.440307,-0.565579
0.440289,-0.565593
0.440271,-0.565608
0.440253,-0.565622
0.440235,-0.565637
0.440217,-0.565651
0.440198,-0.565666
0.44018,-0.56568
0.440162,-0.565694
0.440144,-0.565709
0.440126,-0.565723
0.440108,-0.565738
0.440089,-0.565752
0.440071,-0.565767
0.440053,-0.565781
0.440035,-0.565796
0.440017,-0.56581
0.439999,-0.565824
0.43998,-0.565839
0.439962,-0.565853
0.439944,-0.565868
0.439926,-0.565882
0.439908,-0.565897
0.43989,-0.565911
0.439871,-0.565925
0.439853,-0.56594
0.439835,-0.565954
0.439817,-0.565969
0.439799,-0.565983
0.439781,-0.565998
0.439762,-0.566012
0.439744,-0.566026
0.439726,-0.566041
0.439708,-0.566055
0.43969,-0.56607
0.439672,-0.566084
0.439653,-0.566099
0.439635,-0.566113
0.439617,-0.566128
0.439599,-0.566142
0.439581,-0.566156
0.439563,-0.566171
0.439544,-0.566185
0.439526,-0.5662
0.439508,-0.566214
0.43949,-0.566229
0.439472,-0.566243
0.439454,-0.566257
0.440474,-0.565912
0.441494,-0.565566
0.442514,-0.56522
0.443534,-0.564874
0.444554,-0.564528
0.445574,-0.564182
0.446594,-0.563836
0.447614,-0.56349
0.448635,-0.563144
0.449655,-0.562798
0.450675,-0.562452
0.451695,-0.562107
0.452715,-0.561761
0.453735,-0.561415
0.454755,-0.561069
0.455775,-0.560723
0.456795,-0.560377
0.457815,-0.560031
0.458836,-0.559685
0.459856,-0.559339
0.460876,-0.558993
0.461896,-0.558647
0.462916,-0.558302
0.463936,-0.557956
0.464956,-0.55761
0.465976,-0.557264
0.466996,-0.556918
0.468017,-0.556572
0.469037,-0.556226
0.470057,-0.55588
0.471077,-0.555534
0.472097,-0.555188
0.473117,-0.554842
0.474137,-0.554497
0.475157,-0.554151
0.476177,-0.553805
0.477198,-0.553459
0.478218,-0.553113
0.479238,-0.552767
0.480258,-0.552421
0.481278,-0.552075
0.482298,-0.551729
0.483318,-0.551383
0.484338,-0.551037
0.485358,-0.550692
0.486378,-0.550346
0.487399,-0.55
0.488419,-0.549654
0.489439,-0.549308
0.490459,-0.548962
0.491479,-0.548616
0.492499,-0.54827
0.493519,-0.547924
0.494539,-0.547578
0.495559,-0.547232
0.49658,-0.546887
0.4976,-0.546541
0.49862,-0.546195
0.49964,-0.545849
0.50066,-0.545503
0.50168,-0.545157
0.5027,-0.544811
0.50372,-0.544465
0.50474,-0.544119
0.505761,-0.543773
0.506781,-0.543427
0.507801,-0.543082
0.508821,-0.542736
0.509841,-0.54239
0.510861,-0.542044
0.511881,-0.541698
0.512901,-0.541352
0.513921,-0.541006
0.514941,-0.54066
0.515962,-0.540314
0.516982,-0.539968
0.518002,-0.539622
0.519022,-0.539277
0.520042,-0.538931
0.521062,-0.538585
0.522082,-0.538239
0.523102,-0.537893
0.524122,-0.537547
0.525143,-0.537201
0.526163,-0.536855
0.527183,-0.536509
0.528203,-0.536163
0.529223,-0.535817
0.530243,-0.535472
0.531263,-0.535126
0.532283,-0.53478
0.533303,-0.534434
0.534324,-0.534088
0.535344,-0.533742
0.536364,-0.533396
0.537384,-0.53305
0.538404,-0.532704
0.539424,-0.532358
0.540444,-0.532012
0.541464,-0.531667
0.542484,-0.531321
0.543505,-0.530975
0.544525,-0.530629
0.545545,-0.530283
0.546565,-0.529937
0.547585,-0.529591
0.548605,-0.529245
0.549625,-0.528899
0.550645,-0.528553
0.551665,-0.528207
0.552685,-0.527862
0.553706,-0.527516
0.554726,-0.52717
0.555746,-0.526824
0.556766,-0.526478
0.557786,-0.526132
0.558806,-0.525786
0.559826,-0.52544
0.560846,-0.525094
0.561866,-0.524748
0.562887,-0.524402
0.563907,-0.524057
0.564927,-0.523711
0.565947,-0.523365
0.566967,-0.523019
0.567987,-0.522673
0.569007,-0.522327
0.570027,-0.521981
0.571047,-0.521635
0.572068,-0.521289
0.573088,-0.520943
0.574108,-0.520597
0.575128,-0.520252
0.576148,-0.519906
0.577168,-0.51956
0.578188,-0.519214
0.579208,-0.518868
0.580228,-0.518522
0.581248,-0.518176
0.582269,-0.51783
0.583289,-0.517484
0.584309,-0.517138
0.585329,-0.516792
0.586349,-0.516447
0.587369,-0.516101
0.588389,-0.515755
0.589409,-0.515409
0.590429,-0.515063
0.59145,-0.514717
0.59247,-0.514371
0.593446,-0.513269
0.594423,-0.512167
0.5954,-0.511065
0.596377,-0.509962
0.597354,-0.50886
0.59833,-0.507758
0.599307,-0.506656
0.600284,-0.505554
0.601261,-0.504452
0.602238,-0.503349
0.603214,-0.502247
0.604191,-0.501145
0.605168,-0.500043
0.606145,-0.498941
0.607121,-0.497839
0.608098,-0.496736
0.609075,-0.495634
0.610052,-0.494532
0.611029,-0.49343
0.612005,-0.492328
0.612982,-0.491225
0.613959,-0.490123
0.614936,-0.489021
0.615913,-0.487919
0.616889,-0.486817
0.617866,-0.485715
0.618843,-0.484612
0.61982,-0.48351
0.620796,-0.482408
0.621773,-0.481306
0.62275,-0.480204
0.623727,-0.479102
0.624704,-0.477999
0.62568,-0.476897
0.626657,-0.475795
0.627634,-0.474693
0.628611,-0.473591
0.629588,-0.472489
0.630564,-0.471386
0.631541,-0.470284
0.632518,-0.469182
0.633495,-0.46808
0.634471,-0.466978
0.635448,-0.465876
0.636425,-0.464773
0.637402,-0.463671
0.638379,-0.462569
0.639355,-0.461467
0.640332,-0.460365
0.641309,-0.459262
0.642286,-0.45816
0.643263,-0.457058
0.644239,-0.455956
0.645216,-0.454854
0.646193,-0.453752
0.64717,-0.452649
0.648147,-0.451547
0.649123,-0.450445
0.6501,-0.449343
0.651077,-0.448241
0.652054,-0.447139
0.65303,-0.446036
0.654007,-0.444934
0.654984,-0.443832
0.655961,-0.44273
0.656938,-0.441628
0.657914,-0.440526
0.658891,-0.439423
0.659868,-0.438321
0.660845,-0.437219
0.661822,-0.436117
0.662798,-0.435015
0.663775,-0.433912
0.664752,-0.43281
0.665729,-0.431708
0.666705,-0.430606
0.667682,-0.429504
0.668659,-0.428402
0.669636,-0.427299
0.670613,-0.426197
0.671589,-0.425095
0.672566,-0.423993
0.673543,-0.422891
0.67452,-0.421789
0.675497,-0.420686
0.676473,-0.419584
0.67745,-0.418482
0.678427,-0.41738
0.679404,-0.416278
0.68038,-0.415176
0.681357,-0.414073
0.682334,-0.412971
0.683311,-0.411869
0.684288,-0.410767
0.685264,-0.409665
0.686241,-0.408563
0.687218,-0.40746
0.688195,-0.406358
0.689172,-0.405256
0.690148,-0.404154
0.691125,-0.403052
0.692102,-0.401949
0.693079,-0.400847
0.694056,-0.399745
0.695032,-0.398643
0.696009,-0.397541
0.696986,-0.396439
0.697963,-0.395336
0.698939,-0.394234
0.699916,-0.393132
0.700893,-0.39203
0.70187,-0.390928
0.702847,-0.389826
0.703823,-0.388723
0.7048,-0.387621
0.705777,-0.386519
0.706754,-0.385417
0.707731,-0.384315
0.708707,-0.383213
0.709684,-0.38211
0.710661,-0.381008
0.711638,-0.379906
0.712614,-0.378804
0.713591,-0.377702
0.714568,-0.376599
0.715545,-0.375497
0.716522,-0.374395
0.717498,-0.373293
0.718475,-0.372191
0.719452,-0.371089
0.720429,-0.369986
0.721406,-0.368884
0.722382,-0.367782
0.723359,-0.36668
0.724336,-0.365578
0.725313,-0.364476
0.726289,-0.363373
0.727266,-0.362271
0.728243,-0.361169
0.72922,-0.360067
0.730197,-0.358965
0.731173,-0.357863
0.73215,-0.35676
0.733127,-0.355658
0.734104,-0.354556
0.735081,-0.353454
0.736057,-0.352352
0.737034,-0.35125
0.738011,-0.350147
