O
15
1,0,-1,0.78,-0.5,0.75,0.0,0.0,0.0,0.3,0.4,0.02,0,0.8,False
2,0,-1,1.1,-0.5,0.93,0.0,0.0,0.0,0.02,0.4,0.2,0,0.8,False
3,0,-1,0.78,-0.5,1.11,0.0,0.0,0.0,0.3,0.4,0.02,0,0.8,False
4,0,-1,0.8,-0.92,0.93,0.0,0.0,0.0,0.32,0.02,0.2,0,0.8,False
5,0,-1,0.8,-0.08,0.93,0.0,0.0,0.0,0.32,0.02,0.2,0,0.8,False
6,2,0,1.0110021133484604,-0.7113584196856889,0.8450000000000001,0.0,0.0,6.26412396162621,0.048720024615356,0.048720024615356,0.15,0.46204220046217,1.1895176214520946,False
7,0,0,0.9341595887001434,-0.533160270991587,0.86,0.0,0.0,2.0044399902218863,0.03,0.03,0.09,0.08147894533475591,0.9407636856801569,False
8,0,0,0.6844397448406675,-0.8054345143039194,0.86,0.0,0.0,2.9531330616452043,0.07383104078268175,0.06331521760592314,0.09,0.44512941189732363,1.0786472054968679,False
9,2,0,0.923314960698286,-0.2548151419238571,0.8450000000000001,0.0,0.0,1.6732025046928203,0.043703317033818065,0.043703317033818065,0.15,0.23492601265829705,0.979541233016237,False
10,2,0,0.6120083568781628,-0.36577345504590647,0.8559285319071783,0.0,0.0,3.2173786598133676,0.04219264036248035,0.04219264036248035,0.17185706381435661,0.43610966990040706,0.87833064020262,False
11,0,1,0.7599439303042912,-0.4334674766898239,0.8633361179758756,0.0,0.0,2.143007966571368,0.03,0.044479160178787634,0.09333611797587554,0.03898192441300696,0.9165590194969199,True
12,2,1,0.8166759558266237,-0.28152846624699546,0.8450000000000001,0.0,0.0,1.141547305860134,0.03,0.03,0.15,0.3018744016234033,0.8855375003316038,True
13,2,1,0.7429675269281668,-0.5763144848775339,0.8450000000000001,0.0,0.0,4.335214839771029,0.06014951814043675,0.06014951814043675,0.15,0.09116611365909544,0.8448510884921543,True
14,2,1,0.5157861647526921,-0.1915251254955308,0.8450000000000001,0.0,0.0,5.270397865921237,0.030924846800598125,0.030924846800598125,0.15,0.24316845729090708,1.1022643960354153,True
15,2,1,0.8802583327759085,-0.4085285217547353,0.8450000000000001,0.0,0.0,6.26183126386258,0.03,0.03,0.15,0.2327467652158593,0.9257722586882529,True
R
0.0,0.0,0.0,0.0,0.0,0.0,1.0
S
8
torso_lift_joint,0
r_shoulder_pan_joint,-1.69017
r_shoulder_lift_joint,-0.0788625
r_upper_arm_roll_joint,-1.69017
r_elbow_flex_joint,-1.2717
r_forearm_roll_joint,-0.151824
r_wrist_flex_joint,-1.25254
r_wrist_roll_joint,0.675062
G
0.549412,-0.426472,0.855929,0.770007,-0,0
ooi
10
A
599
0.310248,-0.673113
0.309992,-0.672456
0.309736,-0.671798
0.309481,-0.671141
0.309225,-0.670483
0.308969,-0.669826
0.308713,-0.669168
0.308457,-0.668511
0.308201,-0.667853
0.307945,-0.667196
0.307689,-0.666538
0.307433,-0.665881
0.307178,-0.665223
0.306922,-0.664566
0.306666,-0.663908
0.30641,-0.663251
0.306154,-0.662593
0.305898,-0.661936
0.305642,-0.661278
0.305386,-0.660621
0.305131,-0.659963
0.304875,-0.659306
0.304619,-0.658649
0.304363,-0.657991
0.304107,-0.657334
0.303851,-0.656676
0.303595,-0.656019
0.303339,-0.655361
0.303084,-0.654704
0.302828,-0.654046
0.302572,-0.653389
0.302316,-0.652731
0.30206,-0.652074
0.301804,-0.651416
0.301548,-0.650759
0.301292,-0.650101
0.301036,-0.649444
0.300781,-0.648786
0.300525,-0.648129
0.300269,-0.647471
0.300013,-0.646814
0.299757,-0.646156
0.299501,-0.645499
0.299245,-0.644841
0.298989,-0.644184
0.298734,-0.643526
0.298478,-0.642869
0.298222,-0.642212
0.297966,-0.641554
0.29771,-0.640897
0.297454,-0.640239
0.297198,-0.639582
0.296942,-0.638924
0.296687,-0.638267
0.296431,-0.637609
0.296175,-0.636952
0.295919,-0.636294
0.295663,-0.635637
0.295407,-0.634979
0.295151,-0.634322
0.294895,-0.633664
0.294639,-0.633007
0.294384,-0.632349
0.294128,-0.631692
0.293872,-0.631034
0.293616,-0.630377
0.29336,-0.629719
0.293104,-0.629062
0.292848,-0.628404
0.292592,-0.627747
0.292337,-0.627089
0.292081,-0.626432
0.291825,-0.625774
0.291569,-0.625117
0.291313,-0.62446
0.291057,-0.623802
0.290801,-0.623145
0.290545,-0.622487
0.29029,-0.62183
0.290034,-0.621172
0.289778,-0.620515
0.289522,-0.619857
0.289266,-0.6192
0.28901,-0.618542
0.288754,-0.617885
0.288498,-0.617227
0.288242,-0.61657
0.287987,-0.615912
0.287731,-0.615255
0.287475,-0.614597
0.287219,-0.61394
0.286963,-0.613282
0.286707,-0.612625
0.286451,-0.611967
0.286195,-0.61131
0.28594,-0.610652
0.285684,-0.609995
0.285428,-0.609337
0.285172,-0.60868
0.284916,-0.608023
0.28466,-0.607365
0.284404,-0.606708
0.284148,-0.60605
0.283892,-0.605393
0.283637,-0.604735
0.283381,-0.604078
0.283125,-0.60342
0.282869,-0.602763
0.282613,-0.602105
0.282357,-0.601448
0.282101,-0.60079
0.281845,-0.600133
0.28159,-0.599475
0.281334,-0.598818
0.281078,-0.59816
0.280822,-0.597503
0.280566,-0.596845
0.28031,-0.596188
0.280054,-0.59553
0.279798,-0.594873
0.279543,-0.594215
0.279287,-0.593558
0.279031,-0.5929
0.278775,-0.592243
0.278519,-0.591586
0.278263,-0.590928
0.278007,-0.590271
0.277751,-0.589613
0.277495,-0.588956
0.27724,-0.588298
0.276984,-0.587641
0.276728,-0.586983
0.276472,-0.586326
0.276216,-0.585668
0.27596,-0.585011
0.275704,-0.584353
0.275448,-0.583696
0.275193,-0.583038
0.274937,-0.582381
0.274681,-0.581723
0.274425,-0.581066
0.274169,-0.580408
0.273913,-0.579751
0.273657,-0.579093
0.273401,-0.578436
0.273146,-0.577778
0.27289,-0.577121
0.272634,-0.576463
0.272378,-0.575806
0.272122,-0.575149
0.271866,-0.574491
0.271313,-0.574279
0.270759,-0.574068
0.270205,-0.573856
0.269652,-0.573644
0.269098,-0.573433
0.268545,-0.573221
0.267991,-0.573009
0.267437,-0.572797
0.266884,-0.572586
0.26633,-0.572374
0.265777,-0.572162
0.265223,-0.571951
0.264669,-0.571739
0.264116,-0.571527
0.263562,-0.571316
0.263009,-0.571104
0.262455,-0.570892
0.261901,-0.57068
0.261348,-0.570469
0.260794,-0.570257
0.260241,-0.570045
0.259687,-0.569834
0.259133,-0.569622
0.25858,-0.56941
0.258026,-0.569199
0.257473,-0.568987
0.256919,-0.568775
0.256366,-0.568563
0.255812,-0.568352
0.255258,-0.56814
0.254705,-0.567928
0.254151,-0.567717
0.253598,-0.567505
0.253044,-0.567293
0.25249,-0.567082
0.251937,-0.56687
0.251383,-0.566658
0.25083,-0.566446
0.250276,-0.566235
0.249722,-0.566023
0.249169,-0.565811
0.248615,-0.5656
0.248062,-0.565388
0.247508,-0.565176
0.246954,-0.564964
0.246401,-0.564753
0.245847,-0.564541
0.245294,-0.564329
0.24474,-0.564118
0.244186,-0.563906
0.243633,-0.563694
0.243079,-0.563483
0.242526,-0.563271
0.241972,-0.563059
0.241419,-0.562847
0.240865,-0.562636
0.240311,-0.562424
0.239758,-0.562212
0.239204,-0.562001
0.238651,-0.561789
0.238097,-0.561577
0.237543,-0.561366
0.23699,-0.561154
0.236436,-0.560942
0.235883,-0.56073
0.235329,-0.560519
0.234775,-0.560307
0.234222,-0.560095
0.233668,-0.559884
0.233115,-0.559672
0.232561,-0.55946
0.232007,-0.559249
0.231454,-0.559037
0.2309,-0.558825
0.230347,-0.558613
0.229793,-0.558402
0.229239,-0.55819
0.228686,-0.557978
0.228132,-0.557767
0.227579,-0.557555
0.227025,-0.557343
0.226472,-0.557132
0.225918,-0.55692
0.225364,-0.556708
0.224811,-0.556496
0.224257,-0.556285
0.223704,-0.556073
0.22315,-0.555861
0.222596,-0.55565
0.222043,-0.555438
0.221489,-0.555226
0.220936,-0.555015
0.220382,-0.554803
0.219828,-0.554591
0.219275,-0.554379
0.218721,-0.554168
0.218168,-0.553956
0.217614,-0.553744
0.21706,-0.553533
0.216507,-0.553321
0.215953,-0.553109
0.2154,-0.552898
0.214846,-0.552686
0.214292,-0.552474
0.213739,-0.552262
0.213185,-0.552051
0.212632,-0.551839
0.212078,-0.551627
0.211525,-0.551416
0.210971,-0.551204
0.210417,-0.550992
0.209864,-0.550781
0.20931,-0.550569
0.208757,-0.550357
0.208203,-0.550145
0.207649,-0.549934
0.207096,-0.549722
0.206542,-0.54951
0.205989,-0.549299
0.205435,-0.549087
0.204881,-0.548875
0.204328,-0.548664
0.203774,-0.548452
0.203221,-0.54824
0.202667,-0.548028
0.202113,-0.547817
0.20156,-0.547605
0.201006,-0.547393
0.200453,-0.547182
0.199899,-0.54697
0.199345,-0.546758
0.198792,-0.546547
0.198238,-0.546335
0.197685,-0.546123
0.197131,-0.545911
0.196578,-0.5457
0.196024,-0.545488
0.19547,-0.545276
0.194917,-0.545065
0.194363,-0.544853
0.19381,-0.544641
0.193256,-0.544429
0.192702,-0.544218
0.192149,-0.544006
0.191595,-0.543794
0.191042,-0.543583
0.190488,-0.543371
0.189934,-0.543159
0.189381,-0.542948
0.190809,-0.543441
0.192237,-0.543934
0.193665,-0.544428
0.195093,-0.544921
0.196521,-0.545414
0.197949,-0.545908
0.199377,-0.546401
0.200805,-0.546895
0.202233,-0.547388
0.203661,-0.547881
0.205089,-0.548375
0.206517,-0.548868
0.207944,-0.549361
0.209372,-0.549855
0.2108,-0.550348
0.212228,-0.550841
0.213656,-0.551335
0.215084,-0.551828
0.216512,-0.552322
0.21794,-0.552815
0.219368,-0.553308
0.220796,-0.553802
0.222224,-0.554295
0.223652,-0.554788
0.22508,-0.555282
0.226508,-0.555775
0.227936,-0.556269
0.229364,-0.556762
0.230792,-0.557255
0.23222,-0.557749
0.233648,-0.558242
0.235076,-0.558735
0.236504,-0.559229
0.237932,-0.559722
0.23936,-0.560215
0.240788,-0.560709
0.242216,-0.561202
0.243644,-0.561696
0.245072,-0.562189
0.2465,-0.562682
0.247928,-0.563176
0.249356,-0.563669
0.250784,-0.564162
0.252212,-0.564656
0.25364,-0.565149
0.255068,-0.565643
0.256496,-0.566136
0.257924,-0.566629
0.259352,-0.567123
0.26078,-0.567616
0.262208,-0.568109
0.263636,-0.568603
0.265064,-0.569096
0.266492,-0.569589
0.267919,-0.570083
0.269347,-0.570576
0.270775,-0.57107
0.272203,-0.571563
0.273631,-0.572056
0.275059,-0.57255
0.276487,-0.573043
0.277915,-0.573536
0.279343,-0.57403
0.280771,-0.574523
0.282199,-0.575017
0.283627,-0.57551
0.285055,-0.576003
0.286483,-0.576497
0.287911,-0.57699
0.289339,-0.577483
0.290767,-0.577977
0.292195,-0.57847
0.293623,-0.578963
0.295051,-0.579457
0.296479,-0.57995
0.297907,-0.580444
0.299335,-0.580937
0.300763,-0.58143
0.302191,-0.581924
0.303619,-0.582417
0.305047,-0.58291
0.306475,-0.583404
0.307903,-0.583897
0.309331,-0.584391
0.310759,-0.584884
0.312187,-0.585377
0.313615,-0.585871
0.315043,-0.586364
0.316471,-0.586857
0.317899,-0.587351
0.319327,-0.587844
0.320755,-0.588337
0.322183,-0.588831
0.323611,-0.589324
0.325039,-0.589818
0.326467,-0.590311
0.327894,-0.590804
0.329322,-0.591298
0.33075,-0.591791
0.332178,-0.592284
0.333606,-0.592778
0.335034,-0.593271
0.336462,-0.593765
0.33789,-0.594258
0.339318,-0.594751
0.340746,-0.595245
0.342174,-0.595738
0.343602,-0.596231
0.34503,-0.596725
0.346458,-0.597218
0.347886,-0.597711
0.349314,-0.598205
0.350742,-0.598698
0.35217,-0.599192
0.353598,-0.599685
0.355026,-0.600178
0.356454,-0.600672
0.357882,-0.601165
0.35931,-0.601658
0.360738,-0.602152
0.362166,-0.602645
0.363594,-0.603139
0.365022,-0.603632
0.36645,-0.604125
0.367878,-0.604619
0.369306,-0.605112
0.370734,-0.605605
0.372162,-0.606099
0.37359,-0.606592
0.375018,-0.607085
0.376446,-0.607579
0.377874,-0.608072
0.379302,-0.608566
0.38073,-0.609059
0.382158,-0.609552
0.383586,-0.610046
0.385014,-0.610539
0.386442,-0.611032
0.38787,-0.611526
0.389297,-0.612019
0.390725,-0.612512
0.392153,-0.613006
0.393581,-0.613499
0.395009,-0.613993
0.396437,-0.614486
0.397865,-0.614979
0.399293,-0.615473
0.400721,-0.615966
0.402149,-0.616459
0.403577,-0.616953
0.404556,-0.615674
0.405535,-0.614396
0.406514,-0.613118
0.407492,-0.611839
0.408471,-0.610561
0.40945,-0.609282
0.410429,-0.608004
0.411407,-0.606726
0.412386,-0.605447
0.413365,-0.604169
0.414344,-0.60289
0.415322,-0.601612
0.416301,-0.600334
0.41728,-0.599055
0.418259,-0.597777
0.419237,-0.596498
0.420216,-0.59522
0.421195,-0.593942
0.422174,-0.592663
0.423152,-0.591385
0.424131,-0.590106
0.42511,-0.588828
0.426089,-0.58755
0.427067,-0.586271
0.428046,-0.584993
0.429025,-0.583715
0.430004,-0.582436
0.430982,-0.581158
0.431961,-0.579879
0.43294,-0.578601
0.433919,-0.577323
0.434898,-0.576044
0.435876,-0.574766
0.436855,-0.573487
0.437834,-0.572209
0.438813,-0.570931
0.439791,-0.569652
0.44077,-0.568374
0.441749,-0.567095
0.442728,-0.565817
0.443706,-0.564539
0.444685,-0.56326
0.445664,-0.561982
0.446643,-0.560703
0.447621,-0.559425
0.4486,-0.558147
0.449579,-0.556868
0.450558,-0.55559
0.451536,-0.554311
0.452515,-0.553033
0.453494,-0.551755
0.454473,-0.550476
0.455451,-0.549198
0.45643,-0.547919
0.457409,-0.546641
0.458388,-0.545363
0.459366,-0.544084
0.460345,-0.542806
0.461324,-0.541527
0.462303,-0.540249
0.463282,-0.538971
0.46426,-0.537692
0.465239,-0.536414
0.466218,-0.535135
0.467197,-0.533857
0.468175,-0.532579
0.469154,-0.5313
0.470133,-0.530022
0.471112,-0.528743
0.47209,-0.527465
0.473069,-0.526187
0.474048,-0.524908
0.475027,-0.52363
0.476005,-0.522352
0.476984,-0.521073
0.477963,-0.519795
0.478942,-0.518516
0.47992,-0.517238
0.480899,-0.51596
0.481878,-0.514681
0.482857,-0.513403
0.483835,-0.512124
0.484814,-0.510846
0.485793,-0.509568
0.486772,-0.508289
0.48775,-0.507011
0.488729,-0.505732
0.489708,-0.504454
0.490687,-0.503176
0.491666,-0.501897
0.492644,-0.500619
0.493623,-0.49934
0.494602,-0.498062
0.495581,-0.496784
0.496559,-0.495505
0.497538,-0.494227
0.498517,-0.492948
0.499496,-0.49167
0.500474,-0.490392
0.501453,-0.489113
0.502432,-0.487835
0.503411,-0.486556
0.504389,-0.485278
0.505368,-0.484
0.506347,-0.482721
0.507326,-0.481443
0.508304,-0.480164
0.509283,-0.478886
0.510262,-0.477608
0.511241,-0.476329
0.512219,-0.475051
0.513198,-0.473772
0.514177,-0.472494
0.515156,-0.471216
0.516134,-0.469937
0.517113,-0.468659
0.518092,-0.46738
0.519071,-0.466102
0.52005,-0.464824
0.521028,-0.463545
0.522007,-0.462267
0.522986,-0.460988
0.523965,-0.45971
0.524943,-0.458432
0.525922,-0.457153
0.526901,-0.455875
0.52788,-0.454597
0.528858,-0.453318
0.529837,-0.45204
0.530816,-0.450761
0.531795,-0.449483
0.532773,-0.448205
0.533752,-0.446926
0.534731,-0.445648
0.53571,-0.444369
0.536688,-0.443091
0.537667,-0.441813
0.538646,-0.440534
0.539625,-0.439256
0.540603,-0.437977
0.541582,-0.436699
0.542561,-0.435421
0.54354,-0.434142
0.544518,-0.432864
0.545497,-0.431585
0.546476,-0.430307
0.547455,-0.429029
0.548434,-0.42775
0.549412,-0.426472
