O
15
1,0,-1,0.78,-0.5,0.75,0.0,0.0,0.0,0.3,0.4,0.02,0,0.8,False
2,0,-1,1.1,-0.5,0.93,0.0,0.0,0.0,0.02,0.4,0.2,0,0.8,False
3,0,-1,0.78,-0.5,1.11,0.0,0.0,0.0,0.3,0.4,0.02,0,0.8,False
4,0,-1,0.8,-0.92,0.93,0.0,0.0,0.0,0.32,0.02,0.2,0,0.8,False
5,0,-1,0.8,-0.08,0.93,0.0,0.0,0.0,0.32,0.02,0.2,0,0.8,False
6,0,0,0.8509605938636835,-0.3901276624368053,0.869221793891497,0.0,0.0,1.5236990092164195,0.0663975518388608,0.03,0.09922179389149703,0.061362664492415064,1.1056532338061924,False
7,2,0,0.7734303658672428,-0.70893723608315,0.8651832633659169,0.0,0.0,0.2959237163183982,0.03,0.03,0.1903665267318336,0.12361487819969197,1.1837972690886307,False
8,2,0,0.6232097938069945,-0.323562544028851,0.8450000000000001,0.0,0.0,1.6507363740055399,0.03,0.03,0.15,0.29709659978775915,0.8262833304060173,False
9,0,0,0.9885544930204893,-0.23921919044181694,0.9191263544884936,0.0,0.0,1.929524953369642,0.03158745935381911,0.040300111155568856,0.14912635448849348,0.3138298620725601,0.8467403597170338,False
10,0,0,0.7995699605060969,-0.5147041239538264,0.8626552790073253,0.0,0.0,5.0846065214401595,0.03,0.03,0.09265527900732526,0.35683167830251017,0.8006998127384283,False
11,0,1,0.6762334252733907,-0.6994908057382294,0.8920664922045891,0.0,0.0,4.536723621905507,0.03,0.031738950176594456,0.12206649220458905,0.4311911978653655,1.0716651972014977,True
12,0,1,0.9816215813222824,-0.608063246766305,0.86,0.0,0.0,5.43734594782464,0.03676338321190339,0.03735458768049157,0.09,0.4687682228577567,1.0404394371889651,True
13,2,1,0.5129160327042979,-0.31603836626782345,0.8450000000000001,0.0,0.0,3.1872557500292356,0.03,0.03,0.15,0.14513172248986023,1.1753373913972025,True
14,2,1,0.7231322296593102,-0.2164175626990552,0.8464090472216823,0.0,0.0,1.0439902040511946,0.0361469802905567,0.0361469802905567,0.15281809444336455,0.2658033497292433,0.9406545263465242,True
15,2,1,1.0267653005158213,-0.7522838868554533,0.8450000000000001,0.0,0.0,2.1612214599738144,0.03,0.03,0.15,0.179192898079776,1.1372488622048995,True
R
0.0,0.0,0.0,0.0,0.0,0.0,1.0
S
8
torso_lift_joint,0
r_shoulder_pan_joint,-1.69017
r_shoulder_lift_joint,-0.0788625
r_upper_arm_roll_joint,-1.69017
r_elbow_flex_joint,-1.2717
r_forearm_roll_joint,-0.151824
r_wrist_flex_joint,-1.25254
r_wrist_roll_joint,0.675062
G
0.561102,-0.365606,0.845,0.595088,-0,0
ooi
8
A
599
0.310248,-0.673113
0.31026,-0.673628
0.310271,-0.674143
0.310283,-0.674658
0.310294,-0.675173
0.310306,-0.675688
0.310317,-0.676202
0.310329,-0.676717
0.31034,-0.677232
0.310352,-0.677747
0.310363,-0.678262
0.310375,-0.678777
0.310386,-0.679292
0.310398,-0.679807
0.310409,-0.680322
0.310421,-0.680836
0.310432,-0.681351
0.310444,-0.681866
0.310456,-0.682381
0.310467,-0.682896
0.310479,-0.683411
0.31049,-0.683926
0.310502,-0.684441
0.310513,-0.684956
0.310525,-0.68547
0.310536,-0.685985
0.310548,-0.6865
0.310559,-0.687015
0.310571,-0.68753
0.310582,-0.688045
0.310594,-0.68856
0.310605,-0.689075
0.310617,-0.68959
0.310628,-0.690104
0.31064,-0.690619
0.310651,-0.691134
0.310663,-0.691649
0.310674,-0.692164
0.310686,-0.692679
0.310697,-0.693194
0.310709,-0.693709
0.31072,-0.694224
0.310732,-0.694739
0.310743,-0.695253
0.310755,-0.695768
0.310766,-0.696283
0.310778,-0.696798
0.31079,-0.697313
0.310801,-0.697828
0.310813,-0.698343
0.310824,-0.698858
0.310836,-0.699373
0.310847,-0.699887
0.310859,-0.700402
0.31087,-0.700917
0.310882,-0.701432
0.310893,-0.701947
0.310905,-0.702462
0.310916,-0.702977
0.310928,-0.703492
0.310939,-0.704007
0.310951,-0.704521
0.310962,-0.705036
0.310974,-0.705551
0.310985,-0.706066
0.310997,-0.706581
0.311008,-0.707096
0.31102,-0.707611
0.311031,-0.708126
0.311043,-0.708641
0.311054,-0.709155
0.311066,-0.70967
0.311077,-0.710185
0.311089,-0.7107
0.311101,-0.711215
0.311112,-0.71173
0.311124,-0.712245
0.311135,-0.71276
0.311147,-0.713275
0.311158,-0.713789
0.31117,-0.714304
0.311181,-0.714819
0.311193,-0.715334
0.311204,-0.715849
0.311216,-0.716364
0.311227,-0.716879
0.311239,-0.717394
0.31125,-0.717909
0.311262,-0.718423
0.311273,-0.718938
0.311285,-0.719453
0.311296,-0.719968
0.311308,-0.720483
0.311319,-0.720998
0.311331,-0.721513
0.311342,-0.722028
0.311354,-0.722543
0.311365,-0.723058
0.311377,-0.723572
0.311388,-0.724087
0.3114,-0.724602
0.311412,-0.725117
0.311423,-0.725632
0.311435,-0.726147
0.311446,-0.726662
0.311458,-0.727177
0.311469,-0.727692
0.311481,-0.728206
0.311492,-0.728721
0.311504,-0.729236
0.311515,-0.729751
0.311527,-0.730266
0.311538,-0.730781
0.31155,-0.731296
0.311561,-0.731811
0.311573,-0.732326
0.311584,-0.73284
0.311596,-0.733355
0.311607,-0.73387
0.311619,-0.734385
0.31163,-0.7349
0.311642,-0.735415
0.311653,-0.73593
0.311665,-0.736445
0.311676,-0.73696
0.311688,-0.737474
0.311699,-0.737989
0.311711,-0.738504
0.311723,-0.739019
0.311734,-0.739534
0.311746,-0.740049
0.311757,-0.740564
0.311769,-0.741079
0.31178,-0.741594
0.311792,-0.742108
0.311803,-0.742623
0.311815,-0.743138
0.311826,-0.743653
0.311838,-0.744168
0.311849,-0.744683
0.311861,-0.745198
0.311872,-0.745713
0.311884,-0.746228
0.311895,-0.746743
0.311907,-0.747257
0.311918,-0.747772
0.31193,-0.748287
0.311941,-0.748802
0.311953,-0.749317
0.311964,-0.749832
0.311976,-0.750347
0.311893,-0.748577
0.311811,-0.746808
0.311728,-0.745039
0.311646,-0.743269
0.311563,-0.7415
0.311481,-0.739731
0.311398,-0.737961
0.311316,-0.736192
0.311233,-0.734422
0.311151,-0.732653
0.311068,-0.730884
0.310986,-0.729114
0.310903,-0.727345
0.310821,-0.725576
0.310738,-0.723806
0.310656,-0.722037
0.310573,-0.720267
0.310491,-0.718498
0.310408,-0.716729
0.310326,-0.714959
0.310243,-0.71319
0.310161,-0.711421
0.310078,-0.709651
0.309996,-0.707882
0.309913,-0.706113
0.309831,-0.704343
0.309748,-0.702574
0.309666,-0.700804
0.309583,-0.699035
0.309501,-0.697266
0.309418,-0.695496
0.309336,-0.693727
0.309253,-0.691958
0.309171,-0.690188
0.309089,-0.688419
0.309006,-0.686649
0.308924,-0.68488
0.308841,-0.683111
0.308759,-0.681341
0.308676,-0.679572
0.308594,-0.677803
0.308511,-0.676033
0.308429,-0.674264
0.308346,-0.672495
0.308264,-0.670725
0.308181,-0.668956
0.308099,-0.667186
0.308016,-0.665417
0.307934,-0.663648
0.307851,-0.661878
0.307769,-0.660109
0.307686,-0.65834
0.307604,-0.65657
0.307521,-0.654801
0.307439,-0.653032
0.307356,-0.651262
0.307274,-0.649493
0.307191,-0.647723
0.307109,-0.645954
0.307026,-0.644185
0.306944,-0.642415
0.306861,-0.640646
0.306779,-0.638877
0.306696,-0.637107
0.306614,-0.635338
0.306531,-0.633568
0.306449,-0.631799
0.306366,-0.63003
0.306284,-0.62826
0.306201,-0.626491
0.306119,-0.624722
0.306036,-0.622952
0.305954,-0.621183
0.305871,-0.619414
0.305789,-0.617644
0.305706,-0.615875
0.305624,-0.614105
0.305541,-0.612336
0.305459,-0.610567
0.305376,-0.608797
0.305294,-0.607028
0.305211,-0.605259
0.305129,-0.603489
0.305046,-0.60172
0.304964,-0.59995
0.304881,-0.598181
0.304799,-0.596412
0.304716,-0.594642
0.304634,-0.592873
0.304551,-0.591104
0.304469,-0.589334
0.304386,-0.587565
0.304304,-0.585796
0.304221,-0.584026
0.304139,-0.582257
0.304056,-0.580487
0.303974,-0.578718
0.303891,-0.576949
0.303809,-0.575179
0.303726,-0.57341
0.303644,-0.571641
0.303561,-0.569871
0.303479,-0.568102
0.303396,-0.566332
0.303314,-0.564563
0.303231,-0.562794
0.303149,-0.561024
0.303066,-0.559255
0.302984,-0.557486
0.302901,-0.555716
0.302819,-0.553947
0.302736,-0.552178
0.302654,-0.550408
0.302571,-0.548639
0.302489,-0.546869
0.302406,-0.5451
0.302324,-0.543331
0.302241,-0.541561
0.302159,-0.539792
0.302076,-0.538023
0.301994,-0.536253
0.301911,-0.534484
0.301829,-0.532714
0.301746,-0.530945
0.301664,-0.529176
0.301581,-0.527406
0.301499,-0.525637
0.301416,-0.523868
0.301334,-0.522098
0.301251,-0.520329
0.301169,-0.51856
0.301086,-0.51679
0.301004,-0.515021
0.300921,-0.513251
0.300839,-0.511482
0.300756,-0.509713
0.300674,-0.507943
0.300591,-0.506174
0.300509,-0.504405
0.300426,-0.502635
0.300344,-0.500866
0.300261,-0.499096
0.300179,-0.497327
0.300096,-0.495558
0.300014,-0.493788
0.299931,-0.492019
0.299849,-0.49025
0.299766,-0.48848
0.299684,-0.486711
0.301005,-0.487052
0.302327,-0.487394
0.303649,-0.487735
0.30497,-0.488077
0.306292,-0.488418
0.307613,-0.48876
0.308935,-0.489101
0.310256,-0.489443
0.311578,-0.489784
0.3129,-0.490126
0.314221,-0.490467
0.315543,-0.490809
0.316864,-0.491151
0.318186,-0.491492
0.319507,-0.491834
0.320829,-0.492175
0.322151,-0.492517
0.323472,-0.492858
0.324794,-0.4932
0.326115,-0.493541
0.327437,-0.493883
0.328758,-0.494224
0.33008,-0.494566
0.331402,-0.494907
0.332723,-0.495249
0.334045,-0.49559
0.335366,-0.495932
0.336688,-0.496273
0.338009,-0.496615
0.339331,-0.496956
0.340653,-0.497298
0.341974,-0.497639
0.343296,-0.497981
0.344617,-0.498322
0.345939,-0.498664
0.34726,-0.499005
0.348582,-0.499347
0.349904,-0.499688
0.351225,-0.50003
0.352547,-0.500371
0.353868,-0.500713
0.35519,-0.501054
0.356511,-0.501396
0.357833,-0.501737
0.359155,-0.502079
0.360476,-0.50242
0.361798,-0.502762
0.363119,-0.503103
0.364441,-0.503445
0.365763,-0.503786
0.367084,-0.504128
0.368406,-0.504469
0.369727,-0.504811
0.371049,-0.505152
0.37237,-0.505494
0.373692,-0.505835
0.375014,-0.506177
0.376335,-0.506518
0.377657,-0.50686
0.378978,-0.507201
0.3803,-0.507543
0.381621,-0.507884
0.382943,-0.508226
0.384265,-0.508568
0.385586,-0.508909
0.386908,-0.509251
0.388229,-0.509592
0.389551,-0.509934
0.390872,-0.510275
0.392194,-0.510617
0.393516,-0.510958
0.394837,-0.5113
0.396159,-0.511641
0.39748,-0.511983
0.398802,-0.512324
0.400123,-0.512666
0.401445,-0.513007
0.402767,-0.513349
0.404088,-0.51369
0.40541,-0.514032
0.406731,-0.514373
0.408053,-0.514715
0.409374,-0.515056
0.410696,-0.515398
0.412018,-0.515739
0.413339,-0.516081
0.414661,-0.516422
0.415982,-0.516764
0.417304,-0.517105
0.418625,-0.517447
0.419947,-0.517788
0.421269,-0.51813
0.42259,-0.518471
0.423912,-0.518813
0.425233,-0.519154
0.426555,-0.519496
0.427876,-0.519837
0.429198,-0.520179
0.43052,-0.52052
0.431841,-0.520862
0.433163,-0.521203
0.434484,-0.521545
0.435806,-0.521886
0.437128,-0.522228
0.438449,-0.522569
0.439771,-0.522911
0.441092,-0.523252
0.442414,-0.523594
0.443735,-0.523935
0.445057,-0.524277
0.446379,-0.524618
0.4477,-0.52496
0.449022,-0.525301
0.450343,-0.525643
0.451665,-0.525985
0.452986,-0.526326
0.454308,-0.526668
0.45563,-0.527009
0.456951,-0.527351
0.458273,-0.527692
0.459594,-0.528034
0.460916,-0.528375
0.462237,-0.528717
0.463559,-0.529058
0.464881,-0.5294
0.466202,-0.529741
0.467524,-0.530083
0.468845,-0.530424
0.470167,-0.530766
0.471488,-0.531107
0.47281,-0.531449
0.474132,-0.53179
0.475453,-0.532132
0.476775,-0.532473
0.478096,-0.532815
0.479418,-0.533156
0.480739,-0.533498
0.482061,-0.533839
0.483383,-0.534181
0.484704,-0.534522
0.486026,-0.534864
0.487347,-0.535205
0.488669,-0.535547
0.48999,-0.535888
0.491312,-0.53623
0.492634,-0.536571
0.493955,-0.536913
0.495277,-0.537254
0.496598,-0.537596
0.49792,-0.537937
0.498344,-0.536781
0.498768,-0.535624
0.499192,-0.534468
0.499616,-0.533311
0.50004,-0.532154
0.500464,-0.530998
0.500888,-0.529841
0.501312,-0.528685
0.501736,-0.527528
0.50216,-0.526371
0.502584,-0.525215
0.503008,-0.524058
0.503433,-0.522902
0.503857,-0.521745
0.504281,-0.520589
0.504705,-0.519432
0.505129,-0.518275
0.505553,-0.517119
0.505977,-0.515962
0.506401,-0.514806
0.506825,-0.513649
0.507249,-0.512492
0.507673,-0.511336
0.508097,-0.510179
0.508521,-0.509023
0.508945,-0.507866
0.509369,-0.50671
0.509793,-0.505553
0.510217,-0.504396
0.510641,-0.50324
0.511065,-0.502083
0.511489,-0.500927
0.511913,-0.49977
0.512337,-0.498613
0.512761,-0.497457
0.513185,-0.4963
0.51361,-0.495144
0.514034,-0.493987
0.514458,-0.492831
0.514882,-0.491674
0.515306,-0.490517
0.51573,-0.489361
0.516154,-0.488204
0.516578,-0.487048
0.517002,-0.485891
0.517426,-0.484734
0.51785,-0.483578
0.518274,-0.482421
0.518698,-0.481265
0.519122,-0.480108
0.519546,-0.478952
0.51997,-0.477795
0.520394,-0.476638
0.520818,-0.475482
0.521242,-0.474325
0.521666,-0.473169
0.52209,-0.472012
0.522514,-0.470855
0.522938,-0.469699
0.523363,-0.468542
0.523787,-0.467386
0.524211,-0.466229
0.524635,-0.465072
0.525059,-0.463916
0.525483,-0.462759
0.525907,-0.461603
0.526331,-0.460446
0.526755,-0.45929
0.527179,-0.458133
0.527603,-0.456976
0.528027,-0.45582
0.528451,-0.454663
0.528875,-0.453507
0.529299,-0.45235
0.529723,-0.451193
0.530147,-0.450037
0.530571,-0.44888
0.530995,-0.447724
0.531419,-0.446567
0.531843,-0.445411
0.532267,-0.444254
0.532691,-0.443097
0.533116,-0.441941
0.53354,-0.440784
0.533964,-0.439628
0.534388,-0.438471
0.534812,-0.437314
0.535236,-0.436158
0.53566,-0.435001
0.536084,-0.433845
0.536508,-0.432688
0.536932,-0.431532
0.537356,-0.430375
0.53778,-0.429218
0.538204,-0.428062
0.538628,-0.426905
0.539052,-0.425749
0.539476,-0.424592
0.5399,-0.423435
0.540324,-0.422279
0.540748,-0.421122
0.541172,-0.419966
0.541596,-0.418809
0.54202,-0.417652
0.542444,-0.416496
0.542868,-0.415339
0.543293,-0.414183
0.543717,-0.413026
0.544141,-0.41187
0.544565,-0.410713
0.544989,-0.409556
0.545413,-0.4084
0.545837,-0.407243
0.546261,-0.406087
0.546685,-0.40493
0.547109,-0.403773
0.547533,-0.402617
0.547957,-0.40146
0.548381,-0.400304
0.548805,-0.399147
0.549229,-0.397991
0.549653,-0.396834
0.550077,-0.395677
0.550501,-0.394521
0.550925,-0.393364
0.551349,-0.392208
0.551773,-0.391051
0.552197,-0.389894
0.552621,-0.388738
0.553046,-0.387581
0.55347,-0.386425
0.553894,-0.385268
0.554318,-0.384112
0.554742,-0.382955
0.555166,-0.381798
0.55559,-0.380642
0.556014,-0.379485
0.556438,-0.378329
0.556862,-0.377172
0.557286,-0.376015
0.55771,-0.374859
0.558134,-0.373702
0.558558,-0.372546
0.558982,-0.371389
0.559406,-0.370232
0.55983,-0.369076
0.560254,-0.367919
0.560678,-0.366763
0.561102,-0.365606
