O
15
1,0,-1,0.78,-0.5,0.75,0.0,0.0,0.0,0.3,0.4,0.02,0,0.8,False
2,0,-1,1.1,-0.5,0.93,0.0,0.0,0.0,0.02,0.4,0.2,0,0.8,False
3,0,-1,0.78,-0.5,1.11,0.0,0.0,0.0,0.3,0.4,0.02,0,0.8,False
4,0,-1,0.8,-0.92,0.93,0.0,0.0,0.0,0.32,0.02,0.2,0,0.8,False
5,0,-1,0.8,-0.08,0.93,0.0,0.0,0.0,0.32,0.02,0.2,0,0.8,False
6,2,0,1.015284545585047,-0.6084221647090289,0.8469342426034637,0.0,0.0,0.11171211305291281,0.03,0.03,0.15386848520692728,0.39994096378776345,0.8214409291785831,False
7,0,0,0.718375613716592,-0.48363277198609644,0.9170779679459609,0.0,0.0,2.34403625482982,0.03,0.05608137106128885,0.1470779679459609,0.0036959497923217954,0.9097775540375369,False
8,2,0,0.5495603038439227,-0.4068590731438342,0.8450000000000001,0.0,0.0,2.812696096567996,0.03,0.03,0.15,0.48414067436963437,0.8203800171345391,False
9,2,0,0.9641794339305212,-0.2693469089131594,0.8450000000000001,0.0,0.0,4.331590279067239,0.049321445822368734,0.049321445822368734,0.15,0.4206393209434636,1.0828168374012046,False
10,2,0,0.5265449964521361,-0.7715686832056283,0.8450000000000001,0.0,0.0,4.457220354494406,0.03,0.03,0.15,0.4788830802796226,1.178937230105313,False
11,2,1,0.9797438403804295,-0.42246473092478176,0.8450000000000001,0.0,0.0,1.1798058461215009,0.03484336434352028,0.03484336434352028,0.15,0.028449334123994474,0.9082164786068622,True
12,2,1,0.8952308444212591,-0.7880188779192652,0.8450000000000001,0.0,0.0,0.8016018929038763,0.03490917076101448,0.03490917076101448,0.15,0.42028219940354616,0.9333108146864652,True
13,0,1,0.7028083859132492,-0.772497497591512,0.86,0.0,0.0,5.124124351753512,0.03987766479169654,0.0688659441861351,0.09,0.32152238972470326,0.8267093959465596,True
14,0,1,0.5647008972035037,-0.5297516608647832,0.86,0.0,0.0,2.5509161086051315,0.04397625454600541,0.03,0.09,0.22048411231922188,0.968804478611711,True
15,0,1,0.5595521626318065,-0.1883192862740416,0.86,0.0,0.0,6.057074060073385,0.07269711980832516,0.03,0.09,0.28518118569812456,0.8221513986407658,True
R
0.0,0.0,0.0,0.0,0.0,0.0,1.0
S
8
torso_lift_joint,0
r_shoulder_pan_joint,-1.69017
r_shoulder_lift_joint,-0.0788625
r_upper_arm_roll_joint,-1.69017
r_elbow_flex_joint,-1.2717
r_forearm_roll_joint,-0.151824
r_wrist_flex_joint,-1.25254
r_wrist_roll_joint,0.675062
G
0.483096,-0.441608,0.845,0.481743,-0,0
ooi
8
A
599
0.310248,-0.673113
0.310811,-0.673125
0.311374,-0.673137
0.311936,-0.673149
0.312499,-0.673161
0.313062,-0.673173
0.313625,-0.673185
0.314187,-0.673197
0.31475,-0.673209
0.315313,-0.673221
0.315876,-0.673233
0.316438,-0.673245
0.317001,-0.673257
0.317564,-0.673269
0.318126,-0.673281
0.318689,-0.673293
0.319252,-0.673305
0.319815,-0.673317
0.320377,-0.673329
0.32094,-0.673341
0.321503,-0.673353
0.322066,-0.673365
0.322628,-0.673377
0.323191,-0.673389
0.323754,-0.673401
0.324317,-0.673413
0.324879,-0.673425
0.325442,-0.673437
0.326005,-0.673449
0.326568,-0.673461
0.32713,-0.673473
0.327693,-0.673485
0.328256,-0.673497
0.328818,-0.673509
0.329381,-0.673521
0.329944,-0.673533
0.330507,-0.673545
0.331069,-0.673557
0.331632,-0.673569
0.332195,-0.673581
0.332758,-0.673593
0.33332,-0.673605
0.333883,-0.673617
0.334446,-0.673629
0.335009,-0.673641
0.335571,-0.673653
0.336134,-0.673665
0.336697,-0.673677
0.337259,-0.673689
0.337822,-0.673701
0.338385,-0.673713
0.338948,-0.673725
0.33951,-0.673737
0.340073,-0.673749
0.340636,-0.673761
0.341199,-0.673773
0.341761,-0.673785
0.342324,-0.673797
0.342887,-0.673809
0.34345,-0.673821
0.344012,-0.673833
0.344575,-0.673845
0.345138,-0.673857
0.345701,-0.673869
0.346263,-0.673881
0.346826,-0.673893
0.347389,-0.673905
0.347951,-0.673917
0.348514,-0.673929
0.349077,-0.673941
0.34964,-0.673953
0.350202,-0.673965
0.350765,-0.673977
0.351328,-0.673989
0.351891,-0.674001
0.352453,-0.674013
0.353016,-0.674025
0.353579,-0.674037
0.354142,-0.674049
0.354704,-0.674061
0.355267,-0.674073
0.35583,-0.674085
0.356392,-0.674097
0.356955,-0.674109
0.357518,-0.674121
0.358081,-0.674133
0.358643,-0.674145
0.359206,-0.674157
0.359769,-0.67417
0.360332,-0.674182
0.360894,-0.674194
0.361457,-0.674206
0.36202,-0.674218
0.362583,-0.67423
0.363145,-0.674242
0.363708,-0.674254
0.364271,-0.674266
0.364834,-0.674278
0.365396,-0.67429
0.365959,-0.674302
0.366522,-0.674314
0.367084,-0.674326
0.367647,-0.674338
0.36821,-0.67435
0.368773,-0.674362
0.369335,-0.674374
0.369898,-0.674386
0.370461,-0.674398
0.371024,-0.67441
0.371586,-0.674422
0.372149,-0.674434
0.372712,-0.674446
0.373275,-0.674458
0.373837,-0.67447
0.3744,-0.674482
0.374963,-0.674494
0.375525,-0.674506
0.376088,-0.674518
0.376651,-0.67453
0.377214,-0.674542
0.377776,-0.674554
0.378339,-0.674566
0.378902,-0.674578
0.379465,-0.67459
0.380027,-0.674602
0.38059,-0.674614
0.381153,-0.674626
0.381716,-0.674638
0.382278,-0.67465
0.382841,-0.674662
0.383404,-0.674674
0.383967,-0.674686
0.384529,-0.674698
0.385092,-0.67471
0.385655,-0.674722
0.386217,-0.674734
0.38678,-0.674746
0.387343,-0.674758
0.387906,-0.67477
0.388468,-0.674782
0.389031,-0.674794
0.389594,-0.674806
0.390157,-0.674818
0.390719,-0.67483
0.391282,-0.674842
0.391845,-0.674854
0.392408,-0.674866
0.39297,-0.674878
0.393533,-0.67489
0.394096,-0.674902
0.394658,-0.674914
0.395256,-0.674975
0.395853,-0.675036
0.39645,-0.675098
0.397047,-0.675159
0.397644,-0.67522
0.398241,-0.675282
0.398838,-0.675343
0.399435,-0.675404
0.400032,-0.675465
0.400629,-0.675527
0.401226,-0.675588
0.401823,-0.675649
0.40242,-0.675711
0.403017,-0.675772
0.403614,-0.675833
0.404211,-0.675894
0.404808,-0.675956
0.405405,-0.676017
0.406002,-0.676078
0.406599,-0.67614
0.407196,-0.676201
0.407793,-0.676262
0.40839,-0.676323
0.408987,-0.676385
0.409584,-0.676446
0.410181,-0.676507
0.410778,-0.676569
0.411375,-0.67663
0.411973,-0.676691
0.41257,-0.676752
0.413167,-0.676814
0.413764,-0.676875
0.414361,-0.676936
0.414958,-0.676998
0.415555,-0.677059
0.416152,-0.67712
0.416749,-0.677181
0.417346,-0.677243
0.417943,-0.677304
0.41854,-0.677365
0.419137,-0.677427
0.419734,-0.677488
0.420331,-0.677549
0.420928,-0.67761
0.421525,-0.677672
0.422122,-0.677733
0.422719,-0.677794
0.423316,-0.677856
0.423913,-0.677917
0.42451,-0.677978
0.425107,-0.678039
0.425704,-0.678101
0.426301,-0.678162
0.426898,-0.678223
0.427495,-0.678285
0.428092,-0.678346
0.42869,-0.678407
0.429287,-0.678469
0.429884,-0.67853
0.430481,-0.678591
0.431078,-0.678652
0.431675,-0.678714
0.432272,-0.678775
0.432869,-0.678836
0.433466,-0.678898
0.434063,-0.678959
0.43466,-0.67902
0.435257,-0.679081
0.435854,-0.679143
0.436451,-0.679204
0.437048,-0.679265
0.437645,-0.679327
0.438242,-0.679388
0.438839,-0.679449
0.439436,-0.67951
0.440033,-0.679572
0.44063,-0.679633
0.441227,-0.679694
0.441824,-0.679756
0.442421,-0.679817
0.443018,-0.679878
0.443615,-0.679939
0.444212,-0.680001
0.444809,-0.680062
0.445407,-0.680123
0.446004,-0.680185
0.446601,-0.680246
0.447198,-0.680307
0.447795,-0.680368
0.448392,-0.68043
0.448989,-0.680491
0.449586,-0.680552
0.450183,-0.680614
0.45078,-0.680675
0.451377,-0.680736
0.451974,-0.680797
0.452571,-0.680859
0.453168,-0.68092
0.453765,-0.680981
0.454362,-0.681043
0.454959,-0.681104
0.455556,-0.681165
0.456153,-0.681226
0.45675,-0.681288
0.457347,-0.681349
0.457944,-0.68141
0.458541,-0.681472
0.459138,-0.681533
0.459735,-0.681594
0.460332,-0.681655
0.460929,-0.681717
0.461526,-0.681778
0.462124,-0.681839
0.462721,-0.681901
0.463318,-0.681962
0.463915,-0.682023
0.464512,-0.682085
0.465109,-0.682146
0.465706,-0.682207
0.466303,-0.682268
0.4669,-0.68233
0.467497,-0.682391
0.468094,-0.682452
0.468691,-0.682514
0.469288,-0.682575
0.469885,-0.682636
0.470482,-0.682697
0.471079,-0.682759
0.471676,-0.68282
0.472273,-0.682881
0.47287,-0.682943
0.473467,-0.683004
0.474064,-0.683065
0.474661,-0.683126
0.475258,-0.683188
0.475855,-0.683249
0.476452,-0.68331
0.477049,-0.683372
0.477646,-0.683433
0.478243,-0.683494
0.478841,-0.683555
0.479438,-0.683617
0.480035,-0.683678
0.480632,-0.683739
0.481229,-0.683801
0.481826,-0.683862
0.482423,-0.683923
0.48302,-0.683984
0.483617,-0.684046
0.482796,-0.683507
0.481975,-0.682968
0.481154,-0.682429
0.480333,-0.68189
0.479512,-0.681351
0.478691,-0.680812
0.47787,-0.680273
0.477049,-0.679734
0.476228,-0.679195
0.475407,-0.678656
0.474587,-0.678117
0.473766,-0.677579
0.472945,-0.67704
0.472124,-0.676501
0.471303,-0.675962
0.470482,-0.675423
0.469661,-0.674884
0.46884,-0.674345
0.468019,-0.673806
0.467198,-0.673267
0.466377,-0.672728
0.465556,-0.672189
0.464735,-0.67165
0.463914,-0.671111
0.463093,-0.670572
0.462273,-0.670033
0.461452,-0.669495
0.460631,-0.668956
0.45981,-0.668417
0.458989,-0.667878
0.458168,-0.667339
0.457347,-0.6668
0.456526,-0.666261
0.455705,-0.665722
0.454884,-0.665183
0.454063,-0.664644
0.453242,-0.664105
0.452421,-0.663566
0.4516,-0.663027
0.450779,-0.662488
0.449959,-0.661949
0.449138,-0.661411
0.448317,-0.660872
0.447496,-0.660333
0.446675,-0.659794
0.445854,-0.659255
0.445033,-0.658716
0.444212,-0.658177
0.443391,-0.657638
0.44257,-0.657099
0.441749,-0.65656
0.440928,-0.656021
0.440107,-0.655482
0.439286,-0.654943
0.438465,-0.654404
0.437645,-0.653865
0.436824,-0.653327
0.436003,-0.652788
0.435182,-0.652249
0.434361,-0.65171
0.43354,-0.651171
0.432719,-0.650632
0.431898,-0.650093
0.431077,-0.649554
0.430256,-0.649015
0.429435,-0.648476
0.428614,-0.647937
0.427793,-0.647398
0.426972,-0.646859
0.426152,-0.64632
0.425331,-0.645781
0.42451,-0.645243
0.423689,-0.644704
0.422868,-0.644165
0.422047,-0.643626
0.421226,-0.643087
0.420405,-0.642548
0.419584,-0.642009
0.418763,-0.64147
0.417942,-0.640931
0.417121,-0.640392
0.4163,-0.639853
0.415479,-0.639314
0.414658,-0.638775
0.413838,-0.638236
0.413017,-0.637697
0.412196,-0.637159
0.411375,-0.63662
0.410554,-0.636081
0.409733,-0.635542
0.408912,-0.635003
0.408091,-0.634464
0.40727,-0.633925
0.406449,-0.633386
0.405628,-0.632847
0.404807,-0.632308
0.403986,-0.631769
0.403165,-0.63123
0.402344,-0.630691
0.401524,-0.630152
0.400703,-0.629613
0.399882,-0.629075
0.399061,-0.628536
0.39824,-0.627997
0.397419,-0.627458
0.396598,-0.626919
0.395777,-0.62638
0.394956,-0.625841
0.394135,-0.625302
0.393314,-0.624763
0.392493,-0.624224
0.391672,-0.623685
0.390851,-0.623146
0.39003,-0.622607
0.38921,-0.622068
0.388389,-0.621529
0.387568,-0.620991
0.386747,-0.620452
0.385926,-0.619913
0.385105,-0.619374
0.384284,-0.618835
0.383463,-0.618296
0.382642,-0.617757
0.381821,-0.617218
0.381,-0.616679
0.380179,-0.61614
0.379358,-0.615601
0.378537,-0.615062
0.377716,-0.614523
0.376896,-0.613984
0.376075,-0.613445
0.375254,-0.612907
0.374433,-0.612368
0.373612,-0.611829
0.372791,-0.61129
0.37197,-0.610751
0.371149,-0.610212
0.370328,-0.609673
0.369507,-0.609134
0.368686,-0.608595
0.367865,-0.608056
0.367044,-0.607517
0.366223,-0.606978
0.365402,-0.606439
0.364582,-0.6059
0.363761,-0.605361
0.36294,-0.604823
0.362119,-0.604284
0.361298,-0.603745
0.360477,-0.603206
0.3613,-0.602121
0.362123,-0.601037
0.362946,-0.599952
0.363769,-0.598868
0.364592,-0.597783
0.365415,-0.596698
0.366238,-0.595614
0.36706,-0.594529
0.367883,-0.593445
0.368706,-0.59236
0.369529,-0.591276
0.370352,-0.590191
0.371175,-0.589107
0.371998,-0.588022
0.372821,-0.586938
0.373644,-0.585853
0.374467,-0.584768
0.37529,-0.583684
0.376113,-0.582599
0.376936,-0.581515
0.377759,-0.58043
0.378582,-0.579346
0.379405,-0.578261
0.380228,-0.577177
0.381051,-0.576092
0.381874,-0.575008
0.382696,-0.573923
0.383519,-0.572838
0.384342,-0.571754
0.385165,-0.570669
0.385988,-0.569585
0.386811,-0.5685
0.387634,-0.567416
0.388457,-0.566331
0.38928,-0.565247
0.390103,-0.564162
0.390926,-0.563078
0.391749,-0.561993
0.392572,-0.560908
0.393395,-0.559824
0.394218,-0.558739
0.395041,-0.557655
0.395864,-0.55657
0.396687,-0.555486
0.39751,-0.554401
0.398332,-0.553317
0.399155,-0.552232
0.399978,-0.551148
0.400801,-0.550063
0.401624,-0.548978
0.402447,-0.547894
0.40327,-0.546809
0.404093,-0.545725
0.404916,-0.54464
0.405739,-0.543556
0.406562,-0.542471
0.407385,-0.541387
0.408208,-0.540302
0.409031,-0.539218
0.409854,-0.538133
0.410677,-0.537048
0.4115,-0.535964
0.412323,-0.534879
0.413146,-0.533795
0.413969,-0.53271
0.414791,-0.531626
0.415614,-0.530541
0.416437,-0.529457
0.41726,-0.528372
0.418083,-0.527288
0.418906,-0.526203
0.419729,-0.525118
0.420552,-0.524034
0.421375,-0.522949
0.422198,-0.521865
0.423021,-0.52078
0.423844,-0.519696
0.424667,-0.518611
0.42549,-0.517527
0.426313,-0.516442
0.427136,-0.515358
0.427959,-0.514273
0.428782,-0.513188
0.429605,-0.512104
0.430427,-0.511019
0.43125,-0.509935
0.432073,-0.50885
0.432896,-0.507766
0.433719,-0.506681
0.434542,-0.505597
0.435365,-0.504512
0.436188,-0.503428
0.437011,-0.502343
0.437834,-0.501258
0.438657,-0.500174
0.43948,-0.499089
0.440303,-0.498005
0.441126,-0.49692
0.441949,-0.495836
0.442772,-0.494751
0.443595,-0.493667
0.444418,-0.492582
0.445241,-0.491497
0.446063,-0.490413
0.446886,-0.489328
0.447709,-0.488244
0.448532,-0.487159
0.449355,-0.486075
0.450178,-0.48499
0.451001,-0.483906
0.451824,-0.482821
0.452647,-0.481737
0.45347,-0.480652
0.454293,-0.479567
0.455116,-0.478483
0.455939,-0.477398
0.456762,-0.476314
0.457585,-0.475229
0.458408,-0.474145
0.459231,-0.47306
0.460054,-0.471976
0.460877,-0.470891
0.461699,-0.469807
0.462522,-0.468722
0.463345,-0.467637
0.464168,-0.466553
0.464991,-0.465468
0.465814,-0.464384
0.466637,-0.463299
0.46746,-0.462215
0.468283,-0.46113
0.469106,-0.460046
0.469929,-0.458961
0.470752,-0.457877
0.471575,-0.456792
0.472398,-0.455707
0.473221,-0.454623
0.474044,-0.453538
0.474867,-0.452454
0.47569,-0.451369
0.476513,-0.450285
0.477336,-0.4492
0.478158,-0.448116
0.478981,-0.447031
0.479804,-0.445947
0.480627,-0.444862
0.48145,-0.443777
0.482273,-0.442693
0.483096,-0.441608
