O
15
1,0,-1,0.78,-0.5,0.75,0.0,0.0,0.0,0.3,0.4,0.02,0,0.8,False
2,0,-1,1.1,-0.5,0.93,0.0,0.0,0.0,0.02,0.4,0.2,0,0.8,False
3,0,-1,0.78,-0.5,1.11,0.0,0.0,0.0,0.3,0.4,0.02,0,0.8,False
4,0,-1,0.8,-0.92,0.93,0.0,0.0,0.0,0.32,0.02,0.2,0,0.8,False
5,0,-1,0.8,-0.08,0.93,0.0,0.0,0.0,0.32,0.02,0.2,0,0.8,False
6,0,0,0.9747589683302365,-0.48951779921190103,0.86,0.0,0.0,0.43271894912144915,0.03,0.03,0.09,0.4460263202078615,1.0696066675957652,False
7,2,0,0.7295337683445502,-0.6970153403109562,0.8450000000000001,0.0,0.0,2.779714764559914,0.04532616500599735,0.04532616500599735,0.15,0.0958923159765277,0.9984667298430261,False
8,2,0,0.8863182867965822,-0.5759580717983551,0.859554610513828,0.0,0.0,1.9290678126144438,0.03,0.03,0.1791092210276559,0.42878072350328544,0.880036674475156,False
9,2,0,0.6455455609439393,-0.4668581239051048,0.8450000000000001,0.0,0.0,5.286235564582858,0.03,0.03,0.15,0.09138653433457372,1.1394271824164925,False
10,2,0,0.9926362436148757,-0.26396414826572767,0.8497920417953446,0.0,0.0,4.255860076501094,0.03,0.03,0.15958408359068926,0.47146744694764314,1.0731981425507202,False
11,2,1,0.5672237837148996,-0.7604050362346396,0.8450000000000001,0.0,0.0,1.0381114534044404,0.0554382971391503,0.0554382971391503,0.15,0.1553797460066469,0.95155363538158,True
12,0,1,0.5766560305513448,-0.5970319012024113,0.8781726730979621,0.0,0.0,4.554550035151502,0.03,0.03279416359657716,0.10817267309796211,0.450371761156248,0.9417902856314314,True
13,2,1,1.0245139140437214,-0.16774714181161365,0.8637471494220217,0.0,0.0,5.339208824638678,0.03,0.03,0.18749429884404345,0.08620622175858811,0.9591994158809287,True
14,0,1,0.5847816672002123,-0.1977546170780441,0.8827263966582839,0.0,0.0,0.19676930818225669,0.07841059674139668,0.03,0.11272639665828386,0.02938006701613266,1.1556321178054134,True
15,2,1,0.7524940484901027,-0.3376472669484706,0.8450000000000001,0.0,0.0,4.821879771311549,0.06082611933461637,0.06082611933461637,0.15,0.26745368269411557,0.8266715952179707,True
R
0.0,0.0,0.0,0.0,0.0,0.0,1.0
S
8
torso_lift_joint,0
r_shoulder_pan_joint,-1.69017
r_shoulder_lift_joint,-0.0788625
r_upper_arm_roll_joint,-1.69017
r_elbow_flex_joint,-1.2717
r_forearm_roll_joint,-0.151824
r_wrist_flex_joint,-1.25254
r_wrist_roll_joint,0.675062
G
0.574482,-0.490837,0.845,0.325427,-0,0
ooi
9
A
599
0.310248,-0.673113
0.311179,-0.671816
0.312109,-0.670519
0.31304,-0.669222
0.313971,-0.667925
0.314901,-0.666628
0.315832,-0.665331
0.316762,-0.664034
0.317693,-0.662737
0.318624,-0.66144
0.319554,-0.660143
0.320485,-0.658846
0.321415,-0.65755
0.322346,-0.656253
0.323277,-0.654956
0.324207,-0.653659
0.325138,-0.652362
0.326068,-0.651065
0.326999,-0.649768
0.32793,-0.648471
0.32886,-0.647174
0.329791,-0.645877
0.330721,-0.64458
0.331652,-0.643283
0.332583,-0.641986
0.333513,-0.640689
0.334444,-0.639392
0.335374,-0.638095
0.336305,-0.636798
0.337236,-0.635501
0.338166,-0.634204
0.339097,-0.632907
0.340027,-0.63161
0.340958,-0.630313
0.341889,-0.629016
0.342819,-0.627719
0.34375,-0.626422
0.34468,-0.625125
0.345611,-0.623828
0.346542,-0.622532
0.347472,-0.621235
0.348403,-0.619938
0.349333,-0.618641
0.350264,-0.617344
0.351195,-0.616047
0.352125,-0.61475
0.353056,-0.613453
0.353986,-0.612156
0.354917,-0.610859
0.355848,-0.609562
0.356778,-0.608265
0.357709,-0.606968
0.358639,-0.605671
0.35957,-0.604374
0.360501,-0.603077
0.361431,-0.60178
0.362362,-0.600483
0.363293,-0.599186
0.364223,-0.597889
0.365154,-0.596592
0.366084,-0.595295
0.367015,-0.593998
0.367946,-0.592701
0.368876,-0.591404
0.369807,-0.590107
0.370737,-0.58881
0.371668,-0.587514
0.372599,-0.586217
0.373529,-0.58492
0.37446,-0.583623
0.37539,-0.582326
0.376321,-0.581029
0.377252,-0.579732
0.378182,-0.578435
0.379113,-0.577138
0.380043,-0.575841
0.380974,-0.574544
0.381905,-0.573247
0.382835,-0.57195
0.383766,-0.570653
0.384696,-0.569356
0.385627,-0.568059
0.386558,-0.566762
0.387488,-0.565465
0.388419,-0.564168
0.389349,-0.562871
0.39028,-0.561574
0.391211,-0.560277
0.392141,-0.55898
0.393072,-0.557683
0.394002,-0.556386
0.394933,-0.555089
0.395864,-0.553792
0.396794,-0.552496
0.397725,-0.551199
0.398655,-0.549902
0.399586,-0.548605
0.400517,-0.547308
0.401447,-0.546011
0.402378,-0.544714
0.403308,-0.543417
0.404239,-0.54212
0.40517,-0.540823
0.4061,-0.539526
0.407031,-0.538229
0.407961,-0.536932
0.408892,-0.535635
0.409823,-0.534338
0.410753,-0.533041
0.411684,-0.531744
0.412614,-0.530447
0.413545,-0.52915
0.414476,-0.527853
0.415406,-0.526556
0.416337,-0.525259
0.417267,-0.523962
0.418198,-0.522665
0.419129,-0.521368
0.420059,-0.520071
0.42099,-0.518774
0.42192,-0.517477
0.422851,-0.516181
0.423782,-0.514884
0.424712,-0.513587
0.425643,-0.51229
0.426573,-0.510993
0.427504,-0.509696
0.428435,-0.508399
0.429365,-0.507102
0.430296,-0.505805
0.431226,-0.504508
0.432157,-0.503211
0.433088,-0.501914
0.434018,-0.500617
0.434949,-0.49932
0.435879,-0.498023
0.43681,-0.496726
0.437741,-0.495429
0.438671,-0.494132
0.439602,-0.492835
0.440532,-0.491538
0.441463,-0.490241
0.442394,-0.488944
0.443324,-0.487647
0.444255,-0.48635
0.445186,-0.485053
0.446116,-0.483756
0.447047,-0.482459
0.447977,-0.481163
0.448908,-0.479866
0.449839,-0.478569
0.449779,-0.479386
0.44972,-0.480203
0.449661,-0.48102
0.449601,-0.481837
0.449542,-0.482654
0.449483,-0.483471
0.449423,-0.484289
0.449364,-0.485106
0.449305,-0.485923
0.449246,-0.48674
0.449186,-0.487557
0.449127,-0.488374
0.449068,-0.489191
0.449008,-0.490009
0.448949,-0.490826
0.44889,-0.491643
0.448831,-0.49246
0.448771,-0.493277
0.448712,-0.494094
0.448653,-0.494911
0.448593,-0.495729
0.448534,-0.496546
0.448475,-0.497363
0.448415,-0.49818
0.448356,-0.498997
0.448297,-0.499814
0.448238,-0.500631
0.448178,-0.501449
0.448119,-0.502266
0.44806,-0.503083
0.448,-0.5039
0.447941,-0.504717
0.447882,-0.505534
0.447823,-0.506351
0.447763,-0.507169
0.447704,-0.507986
0.447645,-0.508803
0.447585,-0.50962
0.447526,-0.510437
0.447467,-0.511254
0.447407,-0.512071
0.447348,-0.512889
0.447289,-0.513706
0.44723,-0.514523
0.44717,-0.51534
0.447111,-0.516157
0.447052,-0.516974
0.446992,-0.517791
0.446933,-0.518609
0.446874,-0.519426
0.446815,-0.520243
0.446755,-0.52106
0.446696,-0.521877
0.446637,-0.522694
0.446577,-0.523511
0.446518,-0.524329
0.446459,-0.525146
0.4464,-0.525963
0.44634,-0.52678
0.446281,-0.527597
0.446222,-0.528414
0.446162,-0.529231
0.446103,-0.530049
0.446044,-0.530866
0.445984,-0.531683
0.445925,-0.5325
0.445866,-0.533317
0.445807,-0.534134
0.445747,-0.534952
0.445688,-0.535769
0.445629,-0.536586
0.445569,-0.537403
0.44551,-0.53822
0.445451,-0.539037
0.445392,-0.539854
0.445332,-0.540672
0.445273,-0.541489
0.445214,-0.542306
0.445154,-0.543123
0.445095,-0.54394
0.445036,-0.544757
0.444976,-0.545574
0.444917,-0.546392
0.444858,-0.547209
0.444799,-0.548026
0.444739,-0.548843
0.44468,-0.54966
0.444621,-0.550477
0.444561,-0.551294
0.444502,-0.552112
0.444443,-0.552929
0.444384,-0.553746
0.444324,-0.554563
0.444265,-0.55538
0.444206,-0.556197
0.444146,-0.557014
0.444087,-0.557832
0.444028,-0.558649
0.443968,-0.559466
0.443909,-0.560283
0.44385,-0.5611
0.443791,-0.561917
0.443731,-0.562734
0.443672,-0.563552
0.443613,-0.564369
0.443553,-0.565186
0.443494,-0.566003
0.443435,-0.56682
0.443376,-0.567637
0.443316,-0.568454
0.443257,-0.569272
0.443198,-0.570089
0.443138,-0.570906
0.443079,-0.571723
0.44302,-0.57254
0.44296,-0.573357
0.442901,-0.574174
0.442842,-0.574992
0.442783,-0.575809
0.442723,-0.576626
0.442664,-0.577443
0.442605,-0.57826
0.442545,-0.579077
0.442486,-0.579894
0.442427,-0.580712
0.442368,-0.581529
0.442308,-0.582346
0.442249,-0.583163
0.44219,-0.58398
0.44213,-0.584797
0.442071,-0.585614
0.442012,-0.586432
0.441953,-0.587249
0.441893,-0.588066
0.441834,-0.588883
0.441775,-0.5897
0.441715,-0.590517
0.441656,-0.591334
0.441597,-0.592152
0.441537,-0.592969
0.441478,-0.593786
0.441419,-0.594603
0.44136,-0.59542
0.4413,-0.596237
0.441241,-0.597054
0.441182,-0.597872
0.441122,-0.598689
0.441063,-0.599506
0.441004,-0.600323
0.441208,-0.600483
0.441413,-0.600643
0.441617,-0.600803
0.441821,-0.600963
0.442026,-0.601123
0.44223,-0.601282
0.442435,-0.601442
0.442639,-0.601602
0.442843,-0.601762
0.443048,-0.601922
0.443252,-0.602082
0.443457,-0.602242
0.443661,-0.602402
0.443865,-0.602562
0.44407,-0.602722
0.444274,-0.602882
0.444479,-0.603042
0.444683,-0.603201
0.444887,-0.603361
0.445092,-0.603521
0.445296,-0.603681
0.445501,-0.603841
0.445705,-0.604001
0.445909,-0.604161
0.446114,-0.604321
0.446318,-0.604481
0.446523,-0.604641
0.446727,-0.604801
0.446931,-0.604961
0.447136,-0.60512
0.44734,-0.60528
0.447544,-0.60544
0.447749,-0.6056
0.447953,-0.60576
0.448158,-0.60592
0.448362,-0.60608
0.448566,-0.60624
0.448771,-0.6064
0.448975,-0.60656
0.44918,-0.60672
0.449384,-0.60688
0.449588,-0.607039
0.449793,-0.607199
0.449997,-0.607359
0.450202,-0.607519
0.450406,-0.607679
0.45061,-0.607839
0.450815,-0.607999
0.451019,-0.608159
0.451224,-0.608319
0.451428,-0.608479
0.451632,-0.608639
0.451837,-0.608799
0.452041,-0.608958
0.452246,-0.609118
0.45245,-0.609278
0.452654,-0.609438
0.452859,-0.609598
0.453063,-0.609758
0.453268,-0.609918
0.453472,-0.610078
0.453676,-0.610238
0.453881,-0.610398
0.454085,-0.610558
0.45429,-0.610718
0.454494,-0.610877
0.454698,-0.611037
0.454903,-0.611197
0.455107,-0.611357
0.455312,-0.611517
0.455516,-0.611677
0.45572,-0.611837
0.455925,-0.611997
0.456129,-0.612157
0.456334,-0.612317
0.456538,-0.612477
0.456742,-0.612637
0.456947,-0.612796
0.457151,-0.612956
0.457356,-0.613116
0.45756,-0.613276
0.457764,-0.613436
0.457969,-0.613596
0.458173,-0.613756
0.458377,-0.613916
0.458582,-0.614076
0.458786,-0.614236
0.458991,-0.614396
0.459195,-0.614556
0.459399,-0.614715
0.459604,-0.614875
0.459808,-0.615035
0.460013,-0.615195
0.460217,-0.615355
0.460421,-0.615515
0.460626,-0.615675
0.46083,-0.615835
0.461035,-0.615995
0.461239,-0.616155
0.461443,-0.616315
0.461648,-0.616475
0.461852,-0.616634
0.462057,-0.616794
0.462261,-0.616954
0.462465,-0.617114
0.46267,-0.617274
0.462874,-0.617434
0.463079,-0.617594
0.463283,-0.617754
0.463487,-0.617914
0.463692,-0.618074
0.463896,-0.618234
0.464101,-0.618394
0.464305,-0.618553
0.464509,-0.618713
0.464714,-0.618873
0.464918,-0.619033
0.465123,-0.619193
0.465327,-0.619353
0.465531,-0.619513
0.465736,-0.619673
0.46594,-0.619833
0.466145,-0.619993
0.466349,-0.620153
0.466553,-0.620313
0.466758,-0.620472
0.466962,-0.620632
0.467167,-0.620792
0.467371,-0.620952
0.467575,-0.621112
0.46778,-0.621272
0.467984,-0.621432
0.468189,-0.621592
0.468393,-0.621752
0.468597,-0.621912
0.468802,-0.622072
0.469006,-0.622232
0.46921,-0.622391
0.469415,-0.622551
0.469619,-0.622711
0.469824,-0.622871
0.470028,-0.623031
0.470232,-0.623191
0.470437,-0.623351
0.470641,-0.623511
0.470846,-0.623671
0.47105,-0.623831
0.471254,-0.623991
0.471459,-0.624151
0.471663,-0.62431
0.472353,-0.623415
0.473043,-0.622519
0.473733,-0.621623
0.474423,-0.620727
0.475114,-0.619831
0.475804,-0.618936
0.476494,-0.61804
0.477184,-0.617144
0.477874,-0.616248
0.478564,-0.615352
0.479254,-0.614457
0.479944,-0.613561
0.480634,-0.612665
0.481324,-0.611769
0.482014,-0.610873
0.482704,-0.609978
0.483394,-0.609082
0.484084,-0.608186
0.484774,-0.60729
0.485464,-0.606395
0.486154,-0.605499
0.486845,-0.604603
0.487535,-0.603707
0.488225,-0.602811
0.488915,-0.601916
0.489605,-0.60102
0.490295,-0.600124
0.490985,-0.599228
0.491675,-0.598332
0.492365,-0.597437
0.493055,-0.596541
0.493745,-0.595645
0.494435,-0.594749
0.495125,-0.593853
0.495815,-0.592958
0.496505,-0.592062
0.497195,-0.591166
0.497885,-0.59027
0.498576,-0.589374
0.499266,-0.588479
0.499956,-0.587583
0.500646,-0.586687
0.501336,-0.585791
0.502026,-0.584895
0.502716,-0.584
0.503406,-0.583104
0.504096,-0.582208
0.504786,-0.581312
0.505476,-0.580416
0.506166,-0.579521
0.506856,-0.578625
0.507546,-0.577729
0.508236,-0.576833
0.508926,-0.575937
0.509616,-0.575042
0.510307,-0.574146
0.510997,-0.57325
0.511687,-0.572354
0.512377,-0.571458
0.513067,-0.570563
0.513757,-0.569667
0.514447,-0.568771
0.515137,-0.567875
0.515827,-0.566979
0.516517,-0.566084
0.517207,-0.565188
0.517897,-0.564292
0.518587,-0.563396
0.519277,-0.5625
0.519967,-0.561605
0.520657,-0.560709
0.521347,-0.559813
0.522038,-0.558917
0.522728,-0.558021
0.523418,-0.557126
0.524108,-0.55623
0.524798,-0.555334
0.525488,-0.554438
0.526178,-0.553542
0.526868,-0.552647
0.527558,-0.551751
0.528248,-0.550855
0.528938,-0.549959
0.529628,-0.549063
0.530318,-0.548168
0.531008,-0.547272
0.531698,-0.546376
0.532388,-0.54548
0.533078,-0.544584
0.533769,-0.543689
0.534459,-0.542793
0.535149,-0.541897
0.535839,-0.541001
0.536529,-0.540105
0.537219,-0.53921
0.537909,-0.538314
0.538599,-0.537418
0.539289,-0.536522
0.539979,-0.535626
0.540669,-0.534731
0.541359,-0.533835
0.542049,-0.532939
0.542739,-0.532043
0.543429,-0.531148
0.544119,-0.530252
0.544809,-0.529356
0.5455,-0.52846
0.54619,-0.527564
0.54688,-0.526669
0.54757,-0.525773
0.54826,-0.524877
0.54895,-0.523981
0.54964,-0.523085
0.55033,-0.52219
0.55102,-0.521294
0.55171,-0.520398
0.5524,-0.519502
0.55309,-0.518606
0.55378,-0.517711
0.55447,-0.516815
0.55516,-0.515919
0.55585,-0.515023
0.55654,-0.514127
0.557231,-0.513232
0.557921,-0.512336
0.558611,-0.51144
0.559301,-0.510544
0.559991,-0.509648
0.560681,-0.508753
0.561371,-0.507857
0.562061,-0.506961
0.562751,-0.506065
0.563441,-0.505169
0.564131,-0.504274
0.564821,-0.503378
0.565511,-0.502482
0.566201,-0.501586
0.566891,-0.50069
0.567581,-0.499795
0.568271,-0.498899
0.568962,-0.498003
0.569652,-0.497107
0.570342,-0.496211
0.571032,-0.495316
0.571722,-0.49442
0.572412,-0.493524
0.573102,-0.492628
0.573792,-0.491732
0.574482,-0.490837
