O
15
1,0,-1,0.78,-0.5,0.75,0.0,0.0,0.0,0.3,0.4,0.02,0,0.8,False
2,0,-1,1.1,-0.5,0.93,0.0,0.0,0.0,0.02,0.4,0.2,0,0.8,False
3,0,-1,0.78,-0.5,1.11,0.0,0.0,0.0,0.3,0.4,0.02,0,0.8,False
4,0,-1,0.8,-0.92,0.93,0.0,0.0,0.0,0.32,0.02,0.2,0,0.8,False
5,0,-1,0.8,-0.08,0.93,0.0,0.0,0.0,0.32,0.02,0.2,0,0.8,False
6,0,0,0.8670777456267023,-0.6272831690480439,0.9217822856598147,0.0,0.0,1.0829952139618415,0.07795989933292574,0.03835048200139822,0.15178228565981466,0.47600712523047667,1.1825071021439602,False
7,0,0,0.7324757961845147,-0.2512712034157045,0.8868136204298169,0.0,0.0,1.8767820933267167,0.043334797495145565,0.03,0.11681362042981686,0.049975206697586816,0.902783209564684,False
8,0,0,0.8205701405534699,-0.3815589362303669,0.86,0.0,0.0,0.8571911112851954,0.03,0.03355605405253657,0.09,0.23356369474150995,1.0007750169016523,False
9,0,0,0.6671311763013872,-0.7627464618453185,0.9191463735284104,0.0,0.0,0.018259024915653538,0.03270911827731987,0.03,0.14914637352841043,0.013092549035612244,0.9936880210066131,False
10,2,0,0.9839826843424627,-0.3900363520610235,0.8450000000000001,0.0,0.0,5.615896995588991,0.03,0.03,0.15,0.19749415044532487,0.8232579010268908,False
11,0,1,0.563745476725686,-0.34583660485623446,0.86,0.0,0.0,4.285821416506831,0.07287870791347992,0.060911807343089805,0.09,0.14170367814665885,0.8866532149811037,True
12,2,1,0.9714182358269348,-0.2917051245900183,0.8450000000000001,0.0,0.0,1.3914628217381468,0.03801674335571393,0.03801674335571393,0.15,0.11650453127479482,1.0766063284443617,True
13,2,1,0.6233245964450617,-0.6693034920895564,0.8450000000000001,0.0,0.0,5.608502878880627,0.03,0.03,0.15,0.02789182470682544,0.9393355651290768,True
14,2,1,0.6345472690119098,-0.15670107889874774,0.8450000000000001,0.0,0.0,1.1794082906303853,0.03,0.03,0.15,0.24057627120439629,1.0749229079471947,True
15,0,1,0.5867901072534778,-0.5155378288186134,0.8748880185258693,0.0,0.0,0.1993718312082001,0.03,0.04141629208703101,0.10488801852586922,0.4014698110733969,0.9506107233801121,True
R
0.0,0.0,0.0,0.0,0.0,0.0,1.0
S
8
torso_lift_joint,0
r_shoulder_pan_joint,-1.69017
r_shoulder_lift_joint,-0.0788625
r_upper_arm_roll_joint,-1.69017
r_elbow_flex_joint,-1.2717
r_forearm_roll_joint,-0.151824
r_wrist_flex_joint,-1.25254
r_wrist_roll_joint,0.675062
G
0.589435,-0.764165,0.919146,0.018259,-0,0
ooi
9
A
599
0.310248,-0.673113
0.310719,-0.673581
0.31119,-0.674049
0.311661,-0.674517
0.312131,-0.674985
0.312602,-0.675453
0.313073,-0.675921
0.313544,-0.676389
0.314014,-0.676857
0.314485,-0.677325
0.314956,-0.677793
0.315427,-0.678261
0.315898,-0.678729
0.316368,-0.679197
0.316839,-0.679665
0.31731,-0.680133
0.317781,-0.680601
0.318252,-0.681069
0.318722,-0.681537
0.319193,-0.682006
0.319664,-0.682474
0.320135,-0.682942
0.320605,-0.68341
0.321076,-0.683878
0.321547,-0.684346
0.322018,-0.684814
0.322489,-0.685282
0.322959,-0.68575
0.32343,-0.686218
0.323901,-0.686686
0.324372,-0.687154
0.324843,-0.687622
0.325313,-0.68809
0.325784,-0.688558
0.326255,-0.689026
0.326726,-0.689494
0.327196,-0.689962
0.327667,-0.69043
0.328138,-0.690898
0.328609,-0.691366
0.32908,-0.691834
0.32955,-0.692302
0.330021,-0.69277
0.330492,-0.693238
0.330963,-0.693706
0.331434,-0.694174
0.331904,-0.694642
0.332375,-0.69511
0.332846,-0.695578
0.333317,-0.696046
0.333787,-0.696514
0.334258,-0.696982
0.334729,-0.69745
0.3352,-0.697918
0.335671,-0.698386
0.336141,-0.698854
0.336612,-0.699322
0.337083,-0.69979
0.337554,-0.700258
0.338024,-0.700726
0.338495,-0.701194
0.338966,-0.701662
0.339437,-0.702131
0.339908,-0.702599
0.340378,-0.703067
0.340849,-0.703535
0.34132,-0.704003
0.341791,-0.704471
0.342262,-0.704939
0.342732,-0.705407
0.343203,-0.705875
0.343674,-0.706343
0.344145,-0.706811
0.344615,-0.707279
0.345086,-0.707747
0.345557,-0.708215
0.346028,-0.708683
0.346499,-0.709151
0.346969,-0.709619
0.34744,-0.710087
0.347911,-0.710555
0.348382,-0.711023
0.348853,-0.711491
0.349323,-0.711959
0.349794,-0.712427
0.350265,-0.712895
0.350736,-0.713363
0.351206,-0.713831
0.351677,-0.714299
0.352148,-0.714767
0.352619,-0.715235
0.35309,-0.715703
0.35356,-0.716171
0.354031,-0.716639
0.354502,-0.717107
0.354973,-0.717575
0.355444,-0.718043
0.355914,-0.718511
0.356385,-0.718979
0.356856,-0.719447
0.357327,-0.719915
0.357797,-0.720383
0.358268,-0.720851
0.358739,-0.721319
0.35921,-0.721787
0.359681,-0.722256
0.360151,-0.722724
0.360622,-0.723192
0.361093,-0.72366
0.361564,-0.724128
0.362035,-0.724596
0.362505,-0.725064
0.362976,-0.725532
0.363447,-0.726
0.363918,-0.726468
0.364388,-0.726936
0.364859,-0.727404
0.36533,-0.727872
0.365801,-0.72834
0.366272,-0.728808
0.366742,-0.729276
0.367213,-0.729744
0.367684,-0.730212
0.368155,-0.73068
0.368626,-0.731148
0.369096,-0.731616
0.369567,-0.732084
0.370038,-0.732552
0.370509,-0.73302
0.370979,-0.733488
0.37145,-0.733956
0.371921,-0.734424
0.372392,-0.734892
0.372863,-0.73536
0.373333,-0.735828
0.373804,-0.736296
0.374275,-0.736764
0.374746,-0.737232
0.375217,-0.7377
0.375687,-0.738168
0.376158,-0.738636
0.376629,-0.739104
0.3771,-0.739572
0.37757,-0.74004
0.378041,-0.740508
0.378512,-0.740976
0.378983,-0.741444
0.379454,-0.741912
0.379924,-0.74238
0.380395,-0.742849
0.380866,-0.743317
0.380304,-0.742902
0.379743,-0.742487
0.379181,-0.742071
0.378619,-0.741656
0.378058,-0.741241
0.377496,-0.740826
0.376934,-0.740411
0.376373,-0.739996
0.375811,-0.739581
0.375249,-0.739166
0.374688,-0.738751
0.374126,-0.738336
0.373564,-0.737921
0.373003,-0.737506
0.372441,-0.737091
0.371879,-0.736676
0.371318,-0.736261
0.370756,-0.735846
0.370194,-0.735431
0.369633,-0.735016
0.369071,-0.734601
0.36851,-0.734186
0.367948,-0.733771
0.367386,-0.733356
0.366825,-0.732941
0.366263,-0.732526
0.365701,-0.732111
0.36514,-0.731696
0.364578,-0.731281
0.364016,-0.730866
0.363455,-0.730451
0.362893,-0.730036
0.362331,-0.729621
0.36177,-0.729206
0.361208,-0.728791
0.360646,-0.728376
0.360085,-0.727961
0.359523,-0.727546
0.358961,-0.727131
0.3584,-0.726716
0.357838,-0.726301
0.357276,-0.725886
0.356715,-0.725471
0.356153,-0.725056
0.355591,-0.724641
0.35503,-0.724226
0.354468,-0.723811
0.353906,-0.723396
0.353345,-0.722981
0.352783,-0.722566
0.352222,-0.722151
0.35166,-0.721736
0.351098,-0.721321
0.350537,-0.720905
0.349975,-0.72049
0.349413,-0.720075
0.348852,-0.71966
0.34829,-0.719245
0.347728,-0.71883
0.347167,-0.718415
0.346605,-0.718
0.346043,-0.717585
0.345482,-0.71717
0.34492,-0.716755
0.344358,-0.71634
0.343797,-0.715925
0.343235,-0.71551
0.342673,-0.715095
0.342112,-0.71468
0.34155,-0.714265
0.340988,-0.71385
0.340427,-0.713435
0.339865,-0.71302
0.339303,-0.712605
0.338742,-0.71219
0.33818,-0.711775
0.337618,-0.71136
0.337057,-0.710945
0.336495,-0.71053
0.335934,-0.710115
0.335372,-0.7097
0.33481,-0.709285
0.334249,-0.70887
0.333687,-0.708455
0.333125,-0.70804
0.332564,-0.707625
0.332002,-0.70721
0.33144,-0.706795
0.330879,-0.70638
0.330317,-0.705965
0.329755,-0.70555
0.329194,-0.705135
0.328632,-0.70472
0.32807,-0.704305
0.327509,-0.70389
0.326947,-0.703475
0.326385,-0.70306
0.325824,-0.702645
0.325262,-0.70223
0.3247,-0.701815
0.324139,-0.7014
0.323577,-0.700985
0.323015,-0.70057
0.322454,-0.700155
0.321892,-0.699739
0.32133,-0.699324
0.320769,-0.698909
0.320207,-0.698494
0.319646,-0.698079
0.319084,-0.697664
0.318522,-0.697249
0.317961,-0.696834
0.317399,-0.696419
0.316837,-0.696004
0.316276,-0.695589
0.315714,-0.695174
0.315152,-0.694759
0.314591,-0.694344
0.314029,-0.693929
0.313467,-0.693514
0.312906,-0.693099
0.312344,-0.692684
0.311782,-0.692269
0.311221,-0.691854
0.310659,-0.691439
0.310097,-0.691024
0.309536,-0.690609
0.308974,-0.690194
0.308412,-0.689779
0.307851,-0.689364
0.307289,-0.688949
0.306727,-0.688534
0.306166,-0.688119
0.305604,-0.687704
0.305043,-0.687289
0.304481,-0.686874
0.303919,-0.686459
0.303358,-0.686044
0.302796,-0.685629
0.302234,-0.685214
0.301673,-0.684799
0.301111,-0.684384
0.300549,-0.683969
0.299988,-0.683554
0.299426,-0.683139
0.298864,-0.682724
0.298303,-0.682309
0.297741,-0.681894
0.297179,-0.681479
0.297947,-0.682048
0.298714,-0.682618
0.299481,-0.683188
0.300249,-0.683758
0.301016,-0.684328
0.301783,-0.684898
0.302551,-0.685468
0.303318,-0.686037
0.304085,-0.686607
0.304852,-0.687177
0.30562,-0.687747
0.306387,-0.688317
0.307154,-0.688887
0.307922,-0.689456
0.308689,-0.690026
0.309456,-0.690596
0.310224,-0.691166
0.310991,-0.691736
0.311758,-0.692306
0.312526,-0.692876
0.313293,-0.693445
0.31406,-0.694015
0.314827,-0.694585
0.315595,-0.695155
0.316362,-0.695725
0.317129,-0.696295
0.317897,-0.696864
0.318664,-0.697434
0.319431,-0.698004
0.320199,-0.698574
0.320966,-0.699144
0.321733,-0.699714
0.322501,-0.700284
0.323268,-0.700853
0.324035,-0.701423
0.324803,-0.701993
0.32557,-0.702563
0.326337,-0.703133
0.327104,-0.703703
0.327872,-0.704272
0.328639,-0.704842
0.329406,-0.705412
0.330174,-0.705982
0.330941,-0.706552
0.331708,-0.707122
0.332476,-0.707692
0.333243,-0.708261
0.33401,-0.708831
0.334778,-0.709401
0.335545,-0.709971
0.336312,-0.710541
0.337079,-0.711111
0.337847,-0.71168
0.338614,-0.71225
0.339381,-0.71282
0.340149,-0.71339
0.340916,-0.71396
0.341683,-0.71453
0.342451,-0.7151
0.343218,-0.715669
0.343985,-0.716239
0.344753,-0.716809
0.34552,-0.717379
0.346287,-0.717949
0.347055,-0.718519
0.347822,-0.719088
0.348589,-0.719658
0.349356,-0.720228
0.350124,-0.720798
0.350891,-0.721368
0.351658,-0.721938
0.352426,-0.722508
0.353193,-0.723077
0.35396,-0.723647
0.354728,-0.724217
0.355495,-0.724787
0.356262,-0.725357
0.35703,-0.725927
0.357797,-0.726496
0.358564,-0.727066
0.359332,-0.727636
0.360099,-0.728206
0.360866,-0.728776
0.361633,-0.729346
0.362401,-0.729916
0.363168,-0.730485
0.363935,-0.731055
0.364703,-0.731625
0.36547,-0.732195
0.366237,-0.732765
0.367005,-0.733335
0.367772,-0.733904
0.368539,-0.734474
0.369307,-0.735044
0.370074,-0.735614
0.370841,-0.736184
0.371608,-0.736754
0.372376,-0.737324
0.373143,-0.737893
0.37391,-0.738463
0.374678,-0.739033
0.375445,-0.739603
0.376212,-0.740173
0.37698,-0.740743
0.377747,-0.741312
0.378514,-0.741882
0.379282,-0.742452
0.380049,-0.743022
0.380816,-0.743592
0.381584,-0.744162
0.382351,-0.744732
0.383118,-0.745301
0.383885,-0.745871
0.384653,-0.746441
0.38542,-0.747011
0.386187,-0.747581
0.386955,-0.748151
0.387722,-0.74872
0.388489,-0.74929
0.389257,-0.74986
0.390024,-0.75043
0.390791,-0.751
0.391559,-0.75157
0.392326,-0.75214
0.393093,-0.752709
0.39386,-0.753279
0.394628,-0.753849
0.395395,-0.754419
0.396162,-0.754989
0.39693,-0.755559
0.397697,-0.756128
0.398464,-0.756698
0.399232,-0.757268
0.399999,-0.757838
0.400766,-0.758408
0.401534,-0.758978
0.402301,-0.759548
0.403068,-0.760117
0.403836,-0.760687
0.404603,-0.761257
0.40537,-0.761827
0.406137,-0.762397
0.406905,-0.762967
0.407672,-0.763536
0.408439,-0.764106
0.409207,-0.764676
0.409974,-0.765246
0.410741,-0.765816
0.411509,-0.766386
0.412276,-0.766956
0.413465,-0.766937
0.414654,-0.766918
0.415843,-0.766899
0.417032,-0.766881
0.418221,-0.766862
0.41941,-0.766843
0.420599,-0.766824
0.421788,-0.766806
0.422977,-0.766787
0.424166,-0.766768
0.425355,-0.76675
0.426544,-0.766731
0.427733,-0.766712
0.428922,-0.766693
0.430111,-0.766675
0.4313,-0.766656
0.432489,-0.766637
0.433678,-0.766618
0.434867,-0.7666
0.436056,-0.766581
0.437245,-0.766562
0.438434,-0.766544
0.439623,-0.766525
0.440812,-0.766506
0.442001,-0.766487
0.44319,-0.766469
0.444379,-0.76645
0.445568,-0.766431
0.446757,-0.766412
0.447946,-0.766394
0.449135,-0.766375
0.450324,-0.766356
0.451513,-0.766338
0.452702,-0.766319
0.45389,-0.7663
0.455079,-0.766281
0.456268,-0.766263
0.457457,-0.766244
0.458646,-0.766225
0.459835,-0.766206
0.461024,-0.766188
0.462213,-0.766169
0.463402,-0.76615
0.464591,-0.766132
0.46578,-0.766113
0.466969,-0.766094
0.468158,-0.766075
0.469347,-0.766057
0.470536,-0.766038
0.471725,-0.766019
0.472914,-0.766
0.474103,-0.765982
0.475292,-0.765963
0.476481,-0.765944
0.47767,-0.765926
0.478859,-0.765907
0.480048,-0.765888
0.481237,-0.765869
0.482426,-0.765851
0.483615,-0.765832
0.484804,-0.765813
0.485993,-0.765795
0.487182,-0.765776
0.488371,-0.765757
0.48956,-0.765738
0.490749,-0.76572
0.491938,-0.765701
0.493127,-0.765682
0.494316,-0.765663
0.495505,-0.765645
0.496694,-0.765626
0.497883,-0.765607
0.499072,-0.765589
0.500261,-0.76557
0.50145,-0.765551
0.502639,-0.765532
0.503828,-0.765514
0.505017,-0.765495
0.506206,-0.765476
0.507395,-0.765457
0.508584,-0.765439
0.509773,-0.76542
0.510962,-0.765401
0.512151,-0.765383
0.51334,-0.765364
0.514529,-0.765345
0.515718,-0.765326
0.516907,-0.765308
0.518096,-0.765289
0.519285,-0.76527
0.520474,-0.765251
0.521663,-0.765233
0.522852,-0.765214
0.524041,-0.765195
0.52523,-0.765177
0.526419,-0.765158
0.527608,-0.765139
0.528797,-0.76512
0.529986,-0.765102
0.531175,-0.765083
0.532364,-0.765064
0.533553,-0.765045
0.534742,-0.765027
0.535931,-0.765008
0.53712,-0.764989
0.538309,-0.764971
0.539498,-0.764952
0.540687,-0.764933
0.541876,-0.764914
0.543065,-0.764896
0.544254,-0.764877
0.545442,-0.764858
0.546631,-0.764839
0.54782,-0.764821
0.549009,-0.764802
0.550198,-0.764783
0.551387,-0.764765
0.552576,-0.764746
0.553765,-0.764727
0.554954,-0.764708
0.556143,-0.76469
0.557332,-0.764671
0.558521,-0.764652
0.55971,-0.764633
0.560899,-0.764615
0.562088,-0.764596
0.563277,-0.764577
0.564466,-0.764559
0.565655,-0.76454
0.566844,-0.764521
0.568033,-0.764502
0.569222,-0.764484
0.570411,-0.764465
0.5716,-0.764446
0.572789,-0.764427
0.573978,-0.764409
0.575167,-0.76439
0.576356,-0.764371
0.577545,-0.764353
0.578734,-0.764334
0.579923,-0.764315
0.581112,-0.764296
0.582301,-0.764278
0.58349,-0.764259
0.584679,-0.76424
0.585868,-0.764221
0.587057,-0.764203
0.588246,-0.764184
0.589435,-0.764165
