O
15
1,0,-1,0.78,-0.5,0.75,0.0,0.0,0.0,0.3,0.4,0.02,0,0.8,False
2,0,-1,1.1,-0.5,0.93,0.0,0.0,0.0,0.02,0.4,0.2,0,0.8,False
3,0,-1,0.78,-0.5,1.11,0.0,0.0,0.0,0.3,0.4,0.02,0,0.8,False
4,0,-1,0.8,-0.92,0.93,0.0,0.0,0.0,0.32,0.02,0.2,0,0.8,False
5,0,-1,0.8,-0.08,0.93,0.0,0.0,0.0,0.32,0.02,0.2,0,0.8,False
6,0,0,0.7441142057404828,-0.753629510192687,0.8850350300183005,0.0,0.0,2.1897557572852047,0.03,0.03,0.11503503001830054,0.2152540265477449,0.9574210406316479,False
7,2,0,0.6686604411482904,-0.3481618897815565,0.8450000000000001,0.0,0.0,1.734131327858994,0.03556699060951094,0.03556699060951094,0.15,0.435267592363032,0.9005408791099119,False
8,0,0,0.8774819956777649,-0.5013410209987298,0.8994858702810083,0.0,0.0,3.156024209969914,0.03,0.053200935408591436,0.1294858702810083,0.3612034652363642,0.878570488596984,False
9,0,0,0.8421420954922663,-0.34051752612010877,0.8726546415998555,0.0,0.0,5.957902547706574,0.03,0.04774087419457263,0.10265464159985552,0.16212555411123686,1.1792848214086697,False
10,0,0,0.8673670479704547,-0.7435499661447545,0.86,0.0,0.0,3.8545038786610597,0.04527047742581797,0.03,0.09,0.22433458332230616,0.8936578033745742,False
11,0,1,0.5207870324052506,-0.4331014931586723,0.9222013034401894,0.0,0.0,1.7742409033950497,0.03,0.04350332396173547,0.15220130344018937,0.22679258763374466,1.130685855581872,True
12,0,1,0.691667935591176,-0.16760361660701673,0.86,0.0,0.0,0.548560967057625,0.03,0.03,0.09,0.3464027292054323,1.066063714208904,True
13,0,1,0.7075614665487633,-0.5559500137607418,0.8898281618503385,0.0,0.0,3.9748435650743517,0.04062789299591533,0.03,0.11982816185033851,0.37240656923472876,0.8949173538010866,True
14,0,1,0.9183681612654118,-0.18524793401913542,0.86,0.0,0.0,0.44107980710600825,0.04048310378698975,0.03,0.09,0.07154919116233288,0.8475962009211409,True
15,2,1,0.972378172694418,-0.3777960210894422,0.8535368578803622,0.0,0.0,5.294933231377958,0.03754718997320141,0.03754718997320141,0.16707371576072433,0.19784192302623582,1.021456844075546,True
R
0.0,0.0,0.0,0.0,0.0,0.0,1.0
S
8
torso_lift_joint,0
r_shoulder_pan_joint,-1.69017
r_shoulder_lift_joint,-0.0788625
r_upper_arm_roll_joint,-1.69017
r_elbow_flex_joint,-1.2717
r_forearm_roll_joint,-0.151824
r_wrist_flex_joint,-1.25254
r_wrist_roll_joint,0.675062
G
0.7006,-0.692543,0.885035,2.18976,-3.14159,3.14159
ooi
6
A
599
0.310248,-0.673113
0.311436,-0.673963
0.312624,-0.674814
0.313812,-0.675664
0.315,-0.676515
0.316188,-0.677365
0.317376,-0.678215
0.318564,-0.679066
0.319753,-0.679916
0.320941,-0.680767
0.322129,-0.681617
0.323317,-0.682467
0.324505,-0.683318
0.325693,-0.684168
0.326881,-0.685019
0.328069,-0.685869
0.329257,-0.686719
0.330445,-0.68757
0.331633,-0.68842
0.332821,-0.689271
0.334009,-0.690121
0.335197,-0.690971
0.336385,-0.691822
0.337573,-0.692672
0.338761,-0.693523
0.339949,-0.694373
0.341137,-0.695223
0.342325,-0.696074
0.343513,-0.696924
0.344701,-0.697774
0.34589,-0.698625
0.347078,-0.699475
0.348266,-0.700326
0.349454,-0.701176
0.350642,-0.702026
0.35183,-0.702877
0.353018,-0.703727
0.354206,-0.704578
0.355394,-0.705428
0.356582,-0.706278
0.35777,-0.707129
0.358958,-0.707979
0.360146,-0.70883
0.361334,-0.70968
0.362522,-0.71053
0.36371,-0.711381
0.364898,-0.712231
0.366086,-0.713082
0.367274,-0.713932
0.368462,-0.714782
0.36965,-0.715633
0.370838,-0.716483
0.372027,-0.717334
0.373215,-0.718184
0.374403,-0.719034
0.375591,-0.719885
0.376779,-0.720735
0.377967,-0.721585
0.379155,-0.722436
0.380343,-0.723286
0.381531,-0.724137
0.382719,-0.724987
0.383907,-0.725837
0.385095,-0.726688
0.386283,-0.727538
0.387471,-0.728389
0.388659,-0.729239
0.389847,-0.730089
0.391035,-0.73094
0.392223,-0.73179
0.393411,-0.732641
0.394599,-0.733491
0.395787,-0.734341
0.396975,-0.735192
0.398164,-0.736042
0.399352,-0.736893
0.40054,-0.737743
0.401728,-0.738593
0.402916,-0.739444
0.404104,-0.740294
0.405292,-0.741145
0.40648,-0.741995
0.407668,-0.742845
0.408856,-0.743696
0.410044,-0.744546
0.411232,-0.745396
0.41242,-0.746247
0.413608,-0.747097
0.414796,-0.747948
0.415984,-0.748798
0.417172,-0.749648
0.41836,-0.750499
0.419548,-0.751349
0.420736,-0.7522
0.421924,-0.75305
0.423112,-0.7539
0.424301,-0.754751
0.425489,-0.755601
0.426677,-0.756452
0.427865,-0.757302
0.429053,-0.758152
0.430241,-0.759003
0.431429,-0.759853
0.432617,-0.760704
0.433805,-0.761554
0.434993,-0.762404
0.436181,-0.763255
0.437369,-0.764105
0.438557,-0.764956
0.439745,-0.765806
0.440933,-0.766656
0.442121,-0.767507
0.443309,-0.768357
0.444497,-0.769208
0.445685,-0.770058
0.446873,-0.770908
0.448061,-0.771759
0.449249,-0.772609
0.450438,-0.773459
0.451626,-0.77431
0.452814,-0.77516
0.454002,-0.776011
0.45519,-0.776861
0.456378,-0.777711
0.457566,-0.778562
0.458754,-0.779412
0.459942,-0.780263
0.46113,-0.781113
0.462318,-0.781963
0.463506,-0.782814
0.464694,-0.783664
0.465882,-0.784515
0.46707,-0.785365
0.468258,-0.786215
0.469446,-0.787066
0.470634,-0.787916
0.471822,-0.788767
0.47301,-0.789617
0.474198,-0.790467
0.475386,-0.791318
0.476575,-0.792168
0.477763,-0.793019
0.478951,-0.793869
0.480139,-0.794719
0.481327,-0.79557
0.482515,-0.79642
0.483703,-0.79727
0.484891,-0.798121
0.486079,-0.798971
0.487267,-0.799822
0.488455,-0.800672
0.489105,-0.800558
0.489755,-0.800443
0.490404,-0.800329
0.491054,-0.800214
0.491704,-0.8001
0.492354,-0.799985
0.493004,-0.799871
0.493653,-0.799756
0.494303,-0.799642
0.494953,-0.799527
0.495603,-0.799413
0.496253,-0.799298
0.496903,-0.799184
0.497552,-0.799069
0.498202,-0.798955
0.498852,-0.79884
0.499502,-0.798726
0.500152,-0.798611
0.500801,-0.798497
0.501451,-0.798382
0.502101,-0.798268
0.502751,-0.798153
0.503401,-0.798039
0.504051,-0.797924
0.5047,-0.79781
0.50535,-0.797695
0.506,-0.797581
0.50665,-0.797466
0.5073,-0.797352
0.507949,-0.797237
0.508599,-0.797123
0.509249,-0.797008
0.509899,-0.796894
0.510549,-0.79678
0.511198,-0.796665
0.511848,-0.796551
0.512498,-0.796436
0.513148,-0.796322
0.513798,-0.796207
0.514448,-0.796093
0.515097,-0.795978
0.515747,-0.795864
0.516397,-0.795749
0.517047,-0.795635
0.517697,-0.79552
0.518346,-0.795406
0.518996,-0.795291
0.519646,-0.795177
0.520296,-0.795062
0.520946,-0.794948
0.521596,-0.794833
0.522245,-0.794719
0.522895,-0.794604
0.523545,-0.79449
0.524195,-0.794375
0.524845,-0.794261
0.525494,-0.794146
0.526144,-0.794032
0.526794,-0.793917
0.527444,-0.793803
0.528094,-0.793688
0.528743,-0.793574
0.529393,-0.793459
0.530043,-0.793345
0.530693,-0.79323
0.531343,-0.793116
0.531993,-0.793001
0.532642,-0.792887
0.533292,-0.792773
0.533942,-0.792658
0.534592,-0.792544
0.535242,-0.792429
0.535891,-0.792315
0.536541,-0.7922
0.537191,-0.792086
0.537841,-0.791971
0.538491,-0.791857
0.53914,-0.791742
0.53979,-0.791628
0.54044,-0.791513
0.54109,-0.791399
0.54174,-0.791284
0.54239,-0.79117
0.543039,-0.791055
0.543689,-0.790941
0.544339,-0.790826
0.544989,-0.790712
0.545639,-0.790597
0.546288,-0.790483
0.546938,-0.790368
0.547588,-0.790254
0.548238,-0.790139
0.548888,-0.790025
0.549538,-0.78991
0.550187,-0.789796
0.550837,-0.789681
0.551487,-0.789567
0.552137,-0.789452
0.552787,-0.789338
0.553436,-0.789223
0.554086,-0.789109
0.554736,-0.788994
0.555386,-0.78888
0.556036,-0.788765
0.556685,-0.788651
0.557335,-0.788537
0.557985,-0.788422
0.558635,-0.788308
0.559285,-0.788193
0.559935,-0.788079
0.560584,-0.787964
0.561234,-0.78785
0.561884,-0.787735
0.562534,-0.787621
0.563184,-0.787506
0.563833,-0.787392
0.564483,-0.787277
0.565133,-0.787163
0.565783,-0.787048
0.566433,-0.786934
0.567083,-0.786819
0.567732,-0.786705
0.568382,-0.78659
0.569032,-0.786476
0.569682,-0.786361
0.570332,-0.786247
0.570981,-0.786132
0.571631,-0.786018
0.572281,-0.785903
0.572931,-0.785789
0.573581,-0.785674
0.57423,-0.78556
0.57488,-0.785445
0.57553,-0.785331
0.57618,-0.785216
0.57683,-0.785102
0.57748,-0.784987
0.578129,-0.784873
0.578779,-0.784758
0.579429,-0.784644
0.580079,-0.784529
0.580729,-0.784415
0.581378,-0.784301
0.582028,-0.784186
0.582678,-0.784072
0.583328,-0.783957
0.583978,-0.783843
0.584628,-0.783728
0.585277,-0.783614
0.585217,-0.783082
0.585158,-0.782551
0.585098,-0.78202
0.585038,-0.781488
0.584978,-0.780957
0.584918,-0.780426
0.584858,-0.779894
0.584798,-0.779363
0.584738,-0.778832
0.584679,-0.7783
0.584619,-0.777769
0.584559,-0.777238
0.584499,-0.776706
0.584439,-0.776175
0.584379,-0.775644
0.584319,-0.775112
0.58426,-0.774581
0.5842,-0.77405
0.58414,-0.773518
0.58408,-0.772987
0.58402,-0.772456
0.58396,-0.771924
0.5839,-0.771393
0.58384,-0.770862
0.583781,-0.77033
0.583721,-0.769799
0.583661,-0.769268
0.583601,-0.768736
0.583541,-0.768205
0.583481,-0.767674
0.583421,-0.767142
0.583361,-0.766611
0.583302,-0.76608
0.583242,-0.765548
0.583182,-0.765017
0.583122,-0.764486
0.583062,-0.763954
0.583002,-0.763423
0.582942,-0.762892
0.582882,-0.76236
0.582823,-0.761829
0.582763,-0.761298
0.582703,-0.760766
0.582643,-0.760235
0.582583,-0.759704
0.582523,-0.759172
0.582463,-0.758641
0.582403,-0.75811
0.582344,-0.757578
0.582284,-0.757047
0.582224,-0.756516
0.582164,-0.755984
0.582104,-0.755453
0.582044,-0.754922
0.581984,-0.75439
0.581924,-0.753859
0.581865,-0.753328
0.581805,-0.752796
0.581745,-0.752265
0.581685,-0.751734
0.581625,-0.751202
0.581565,-0.750671
0.581505,-0.75014
0.581445,-0.749608
0.581386,-0.749077
0.581326,-0.748546
0.581266,-0.748014
0.581206,-0.747483
0.581146,-0.746952
0.581086,-0.74642
0.581026,-0.745889
0.580967,-0.745358
0.580907,-0.744827
0.580847,-0.744295
0.580787,-0.743764
0.580727,-0.743233
0.580667,-0.742701
0.580607,-0.74217
0.580547,-0.741639
0.580488,-0.741107
0.580428,-0.740576
0.580368,-0.740045
0.580308,-0.739513
0.580248,-0.738982
0.580188,-0.738451
0.580128,-0.737919
0.580068,-0.737388
0.580009,-0.736857
0.579949,-0.736325
0.579889,-0.735794
0.579829,-0.735263
0.579769,-0.734731
0.579709,-0.7342
0.579649,-0.733669
0.579589,-0.733137
0.57953,-0.732606
0.57947,-0.732075
0.57941,-0.731543
0.57935,-0.731012
0.57929,-0.730481
0.57923,-0.729949
0.57917,-0.729418
0.57911,-0.728887
0.579051,-0.728355
0.578991,-0.727824
0.578931,-0.727293
0.578871,-0.726761
0.578811,-0.72623
0.578751,-0.725699
0.578691,-0.725167
0.578631,-0.724636
0.578572,-0.724105
0.578512,-0.723573
0.578452,-0.723042
0.578392,-0.722511
0.578332,-0.721979
0.578272,-0.721448
0.578212,-0.720917
0.578153,-0.720385
0.578093,-0.719854
0.578033,-0.719323
0.577973,-0.718791
0.577913,-0.71826
0.577853,-0.717729
0.577793,-0.717197
0.577733,-0.716666
0.577674,-0.716135
0.577614,-0.715603
0.577554,-0.715072
0.577494,-0.714541
0.577434,-0.714009
0.577374,-0.713478
0.577314,-0.712947
0.577254,-0.712415
0.577195,-0.711884
0.577135,-0.711353
0.577075,-0.710821
0.577015,-0.71029
0.576955,-0.709759
0.576895,-0.709227
0.576835,-0.708696
0.576775,-0.708165
0.576716,-0.707633
0.576656,-0.707102
0.576596,-0.706571
0.576536,-0.706039
0.576476,-0.705508
0.576416,-0.704977
0.576356,-0.704445
0.576296,-0.703914
0.577131,-0.703838
0.577965,-0.703761
0.578799,-0.703685
0.579633,-0.703609
0.580468,-0.703533
0.581302,-0.703456
0.582136,-0.70338
0.58297,-0.703304
0.583805,-0.703227
0.584639,-0.703151
0.585473,-0.703075
0.586307,-0.702998
0.587142,-0.702922
0.587976,-0.702846
0.58881,-0.702769
0.589645,-0.702693
0.590479,-0.702617
0.591313,-0.70254
0.592147,-0.702464
0.592982,-0.702388
0.593816,-0.702312
0.59465,-0.702235
0.595484,-0.702159
0.596319,-0.702083
0.597153,-0.702006
0.597987,-0.70193
0.598821,-0.701854
0.599656,-0.701777
0.60049,-0.701701
0.601324,-0.701625
0.602158,-0.701548
0.602993,-0.701472
0.603827,-0.701396
0.604661,-0.701319
0.605495,-0.701243
0.60633,-0.701167
0.607164,-0.70109
0.607998,-0.701014
0.608832,-0.700938
0.609667,-0.700862
0.610501,-0.700785
0.611335,-0.700709
0.612169,-0.700633
0.613004,-0.700556
0.613838,-0.70048
0.614672,-0.700404
0.615506,-0.700327
0.616341,-0.700251
0.617175,-0.700175
0.618009,-0.700098
0.618843,-0.700022
0.619678,-0.699946
0.620512,-0.699869
0.621346,-0.699793
0.62218,-0.699717
0.623015,-0.699641
0.623849,-0.699564
0.624683,-0.699488
0.625517,-0.699412
0.626352,-0.699335
0.627186,-0.699259
0.62802,-0.699183
0.628854,-0.699106
0.629689,-0.69903
0.630523,-0.698954
0.631357,-0.698877
0.632191,-0.698801
0.633026,-0.698725
0.63386,-0.698648
0.634694,-0.698572
0.635528,-0.698496
0.636363,-0.698419
0.637197,-0.698343
0.638031,-0.698267
0.638865,-0.698191
0.6397,-0.698114
0.640534,-0.698038
0.641368,-0.697962
0.642202,-0.697885
0.643037,-0.697809
0.643871,-0.697733
0.644705,-0.697656
0.645539,-0.69758
0.646374,-0.697504
0.647208,-0.697427
0.648042,-0.697351
0.648876,-0.697275
0.649711,-0.697198
0.650545,-0.697122
0.651379,-0.697046
0.652213,-0.69697
0.653048,-0.696893
0.653882,-0.696817
0.654716,-0.696741
0.65555,-0.696664
0.656385,-0.696588
0.657219,-0.696512
0.658053,-0.696435
0.658887,-0.696359
0.659722,-0.696283
0.660556,-0.696206
0.66139,-0.69613
0.662224,-0.696054
0.663059,-0.695977
0.663893,-0.695901
0.664727,-0.695825
0.665561,-0.695749
0.666396,-0.695672
0.66723,-0.695596
0.668064,-0.69552
0.668899,-0.695443
0.669733,-0.695367
0.670567,-0.695291
0.671401,-0.695214
0.672236,-0.695138
0.67307,-0.695062
0.673904,-0.694985
0.674738,-0.694909
0.675573,-0.694833
0.676407,-0.694756
0.677241,-0.69468
0.678075,-0.694604
0.67891,-0.694527
0.679744,-0.694451
0.680578,-0.694375
0.681412,-0.694299
0.682247,-0.694222
0.683081,-0.694146
0.683915,-0.69407
0.684749,-0.693993
0.685584,-0.693917
0.686418,-0.693841
0.687252,-0.693764
0.688086,-0.693688
0.688921,-0.693612
0.689755,-0.693535
0.690589,-0.693459
0.691423,-0.693383
0.692258,-0.693306
0.693092,-0.69323
0.693926,-0.693154
0.69476,-0.693078
0.695595,-0.693001
0.696429,-0.692925
0.697263,-0.692849
0.698097,-0.692772
0.698932,-0.692696
0.699766,-0.69262
0.7006,-0.692543
