O
15
1,0,-1,0.78,-0.5,0.75,0.0,0.0,0.0,0.3,0.4,0.02,0,0.8,False
2,0,-1,1.1,-0.5,0.93,0.0,0.0,0.0,0.02,0.4,0.2,0,0.8,False
3,0,-1,0.78,-0.5,1.11,0.0,0.0,0.0,0.3,0.4,0.02,0,0.8,False
4,0,-1,0.8,-0.92,0.93,0.0,0.0,0.0,0.32,0.02,0.2,0,0.8,False
5,0,-1,0.8,-0.08,0.93,0.0,0.0,0.0,0.32,0.02,0.2,0,0.8,False
6,0,0,0.9035236291454648,-0.8006429178764367,0.86,0.0,0.0,0.3095801615566773,0.03,0.03,0.09,0.10155885376800622,0.8665384942610586,False
7,0,0,0.8682654896278512,-0.44462740113333454,0.9184413479002869,0.0,0.0,0.3177067979599343,0.07289462399926179,0.03436862639311142,0.1484413479002869,0.2657235418998772,1.0994374001976217,False
8,2,0,0.6114890319459018,-0.46666416073327766,0.8450000000000001,0.0,0.0,1.6161802384060158,0.03,0.03,0.15,0.11002680052334812,1.0955923957874898,False
9,0,0,0.9424593863938373,-0.6538927866536619,0.86,0.0,0.0,0.8466877213331694,0.03,0.07949107163379183,0.09,0.14802968257828025,1.186518440988504,False
10,2,0,0.5762301322185767,-0.689977198754989,0.8450000000000001,0.0,0.0,5.300896685440163,0.06540168825463864,0.06540168825463864,0.15,0.05968448410704641,1.144570502142607,False
11,0,1,0.7716393449070692,-0.26313646141080926,0.86,0.0,0.0,6.2176320508834655,0.0496843703306007,0.05737113716772866,0.09,0.2009844330452341,1.0749739776943215,True
12,2,1,0.6502853447491859,-0.2458727726893042,0.8465223076227759,0.0,0.0,0.5052774647285809,0.04178253993220709,0.04178253993220709,0.15304461524555177,0.4143194724942971,1.1648800924352578,True
13,2,1,0.9239335292916703,-0.2210900845598206,0.8450000000000001,0.0,0.0,3.1284209915140435,0.057751297770020214,0.057751297770020214,0.15,0.3833607669668185,1.1429562608324861,True
14,2,1,0.8015237331984237,-0.65823181480375,0.8450000000000001,0.0,0.0,1.7602493365699663,0.03,0.03,0.15,0.0696275664454944,1.192321956426539,True
15,2,1,0.5214025252792239,-0.486299984597557,0.8450000000000001,0.0,0.0,6.253658467498618,0.037871731701928195,0.037871731701928195,0.15,0.2264513004818678,1.1697602287964968,True
R
0.0,0.0,0.0,0.0,0.0,0.0,1.0
S
8
torso_lift_joint,0
r_shoulder_pan_joint,-1.69017
r_shoulder_lift_joint,-0.0788625
r_upper_arm_roll_joint,-1.69017
r_elbow_flex_joint,-1.2717
r_forearm_roll_joint,-0.151824
r_wrist_flex_joint,-1.25254
r_wrist_roll_joint,0.675062
G
0.538165,-0.48243,0.845,0.211797,-0,0
ooi
8
A
599
0.310248,-0.673113
0.311237,-0.672731
0.312226,-0.672349
0.313215,-0.671967
0.314204,-0.671584
0.315193,-0.671202
0.316182,-0.67082
0.317171,-0.670438
0.31816,-0.670056
0.319149,-0.669674
0.320138,-0.669291
0.321127,-0.668909
0.322116,-0.668527
0.323105,-0.668145
0.324093,-0.667763
0.325082,-0.667381
0.326071,-0.666998
0.32706,-0.666616
0.328049,-0.666234
0.329038,-0.665852
0.330027,-0.66547
0.331016,-0.665088
0.332005,-0.664705
0.332994,-0.664323
0.333983,-0.663941
0.334972,-0.663559
0.335961,-0.663177
0.33695,-0.662795
0.337939,-0.662412
0.338928,-0.66203
0.339917,-0.661648
0.340906,-0.661266
0.341895,-0.660884
0.342884,-0.660501
0.343872,-0.660119
0.344861,-0.659737
0.34585,-0.659355
0.346839,-0.658973
0.347828,-0.658591
0.348817,-0.658208
0.349806,-0.657826
0.350795,-0.657444
0.351784,-0.657062
0.352773,-0.65668
0.353762,-0.656298
0.354751,-0.655915
0.35574,-0.655533
0.356729,-0.655151
0.357718,-0.654769
0.358707,-0.654387
0.359696,-0.654005
0.360685,-0.653622
0.361674,-0.65324
0.362663,-0.652858
0.363651,-0.652476
0.36464,-0.652094
0.365629,-0.651712
0.366618,-0.651329
0.367607,-0.650947
0.368596,-0.650565
0.369585,-0.650183
0.370574,-0.649801
0.371563,-0.649419
0.372552,-0.649036
0.373541,-0.648654
0.37453,-0.648272
0.375519,-0.64789
0.376508,-0.647508
0.377497,-0.647126
0.378486,-0.646743
0.379475,-0.646361
0.380464,-0.645979
0.381453,-0.645597
0.382442,-0.645215
0.38343,-0.644833
0.384419,-0.64445
0.385408,-0.644068
0.386397,-0.643686
0.387386,-0.643304
0.388375,-0.642922
0.389364,-0.64254
0.390353,-0.642157
0.391342,-0.641775
0.392331,-0.641393
0.39332,-0.641011
0.394309,-0.640629
0.395298,-0.640247
0.396287,-0.639864
0.397276,-0.639482
0.398265,-0.6391
0.399254,-0.638718
0.400243,-0.638336
0.401232,-0.637953
0.402221,-0.637571
0.403209,-0.637189
0.404198,-0.636807
0.405187,-0.636425
0.406176,-0.636043
0.407165,-0.63566
0.408154,-0.635278
0.409143,-0.634896
0.410132,-0.634514
0.411121,-0.634132
0.41211,-0.63375
0.413099,-0.633367
0.414088,-0.632985
0.415077,-0.632603
0.416066,-0.632221
0.417055,-0.631839
0.418044,-0.631457
0.419033,-0.631074
0.420022,-0.630692
0.421011,-0.63031
0.422,-0.629928
0.422988,-0.629546
0.423977,-0.629164
0.424966,-0.628781
0.425955,-0.628399
0.426944,-0.628017
0.427933,-0.627635
0.428922,-0.627253
0.429911,-0.626871
0.4309,-0.626488
0.431889,-0.626106
0.432878,-0.625724
0.433867,-0.625342
0.434856,-0.62496
0.435845,-0.624578
0.436834,-0.624195
0.437823,-0.623813
0.438812,-0.623431
0.439801,-0.623049
0.44079,-0.622667
0.441779,-0.622285
0.442767,-0.621902
0.443756,-0.62152
0.444745,-0.621138
0.445734,-0.620756
0.446723,-0.620374
0.447712,-0.619992
0.448701,-0.619609
0.44969,-0.619227
0.450679,-0.618845
0.451668,-0.618463
0.452657,-0.618081
0.453646,-0.617699
0.454635,-0.617316
0.455624,-0.616934
0.456613,-0.616552
0.457602,-0.61617
0.458591,-0.615788
0.458625,-0.615334
0.45866,-0.614881
0.458695,-0.614427
0.45873,-0.613974
0.458764,-0.613521
0.458799,-0.613067
0.458834,-0.612614
0.458869,-0.61216
0.458904,-0.611707
0.458938,-0.611253
0.458973,-0.6108
0.459008,-0.610347
0.459043,-0.609893
0.459077,-0.60944
0.459112,-0.608986
0.459147,-0.608533
0.459182,-0.608079
0.459216,-0.607626
0.459251,-0.607173
0.459286,-0.606719
0.459321,-0.606266
0.459355,-0.605812
0.45939,-0.605359
0.459425,-0.604905
0.45946,-0.604452
0.459494,-0.603999
0.459529,-0.603545
0.459564,-0.603092
0.459599,-0.602638
0.459634,-0.602185
0.459668,-0.601731
0.459703,-0.601278
0.459738,-0.600825
0.459773,-0.600371
0.459807,-0.599918
0.459842,-0.599464
0.459877,-0.599011
0.459912,-0.598557
0.459946,-0.598104
0.459981,-0.597651
0.460016,-0.597197
0.460051,-0.596744
0.460085,-0.59629
0.46012,-0.595837
0.460155,-0.595383
0.46019,-0.59493
0.460225,-0.594477
0.460259,-0.594023
0.460294,-0.59357
0.460329,-0.593116
0.460364,-0.592663
0.460398,-0.592209
0.460433,-0.591756
0.460468,-0.591303
0.460503,-0.590849
0.460537,-0.590396
0.460572,-0.589942
0.460607,-0.589489
0.460642,-0.589035
0.460676,-0.588582
0.460711,-0.588128
0.460746,-0.587675
0.460781,-0.587222
0.460815,-0.586768
0.46085,-0.586315
0.460885,-0.585861
0.46092,-0.585408
0.460955,-0.584954
0.460989,-0.584501
0.461024,-0.584048
0.461059,-0.583594
0.461094,-0.583141
0.461128,-0.582687
0.461163,-0.582234
0.461198,-0.58178
0.461233,-0.581327
0.461267,-0.580874
0.461302,-0.58042
0.461337,-0.579967
0.461372,-0.579513
0.461406,-0.57906
0.461441,-0.578606
0.461476,-0.578153
0.461511,-0.5777
0.461545,-0.577246
0.46158,-0.576793
0.461615,-0.576339
0.46165,-0.575886
0.461685,-0.575432
0.461719,-0.574979
0.461754,-0.574526
0.461789,-0.574072
0.461824,-0.573619
0.461858,-0.573165
0.461893,-0.572712
0.461928,-0.572258
0.461963,-0.571805
0.461997,-0.571352
0.462032,-0.570898
0.462067,-0.570445
0.462102,-0.569991
0.462136,-0.569538
0.462171,-0.569084
0.462206,-0.568631
0.462241,-0.568178
0.462276,-0.567724
0.46231,-0.567271
0.462345,-0.566817
0.46238,-0.566364
0.462415,-0.56591
0.462449,-0.565457
0.462484,-0.565004
0.462519,-0.56455
0.462554,-0.564097
0.462588,-0.563643
0.462623,-0.56319
0.462658,-0.562736
0.462693,-0.562283
0.462727,-0.56183
0.462762,-0.561376
0.462797,-0.560923
0.462832,-0.560469
0.462866,-0.560016
0.462901,-0.559562
0.462936,-0.559109
0.462971,-0.558656
0.463006,-0.558202
0.46304,-0.557749
0.463075,-0.557295
0.46311,-0.556842
0.463145,-0.556388
0.463179,-0.555935
0.463214,-0.555482
0.463249,-0.555028
0.463284,-0.554575
0.463318,-0.554121
0.463353,-0.553668
0.463388,-0.553214
0.463423,-0.552761
0.463457,-0.552308
0.463492,-0.551854
0.463527,-0.551401
0.463562,-0.550947
0.463597,-0.550494
0.463631,-0.55004
0.463666,-0.549587
0.463701,-0.549134
0.463736,-0.54868
0.46377,-0.548227
0.463366,-0.548953
0.462962,-0.549679
0.462557,-0.550405
0.462153,-0.551131
0.461748,-0.551857
0.461344,-0.552583
0.460939,-0.553309
0.460535,-0.554035
0.460131,-0.554761
0.459726,-0.555488
0.459322,-0.556214
0.458917,-0.55694
0.458513,-0.557666
0.458109,-0.558392
0.457704,-0.559118
0.4573,-0.559844
0.456895,-0.56057
0.456491,-0.561296
0.456087,-0.562022
0.455682,-0.562748
0.455278,-0.563474
0.454873,-0.5642
0.454469,-0.564927
0.454065,-0.565653
0.45366,-0.566379
0.453256,-0.567105
0.452851,-0.567831
0.452447,-0.568557
0.452042,-0.569283
0.451638,-0.570009
0.451234,-0.570735
0.450829,-0.571461
0.450425,-0.572187
0.45002,-0.572913
0.449616,-0.573639
0.449212,-0.574366
0.448807,-0.575092
0.448403,-0.575818
0.447998,-0.576544
0.447594,-0.57727
0.44719,-0.577996
0.446785,-0.578722
0.446381,-0.579448
0.445976,-0.580174
0.445572,-0.5809
0.445168,-0.581626
0.444763,-0.582352
0.444359,-0.583079
0.443954,-0.583805
0.44355,-0.584531
0.443145,-0.585257
0.442741,-0.585983
0.442337,-0.586709
0.441932,-0.587435
0.441528,-0.588161
0.441123,-0.588887
0.440719,-0.589613
0.440315,-0.590339
0.43991,-0.591065
0.439506,-0.591791
0.439101,-0.592518
0.438697,-0.593244
0.438293,-0.59397
0.437888,-0.594696
0.437484,-0.595422
0.437079,-0.596148
0.436675,-0.596874
0.436271,-0.5976
0.435866,-0.598326
0.435462,-0.599052
0.435057,-0.599778
0.434653,-0.600504
0.434248,-0.60123
0.433844,-0.601957
0.43344,-0.602683
0.433035,-0.603409
0.432631,-0.604135
0.432226,-0.604861
0.431822,-0.605587
0.431418,-0.606313
0.431013,-0.607039
0.430609,-0.607765
0.430204,-0.608491
0.4298,-0.609217
0.429396,-0.609943
0.428991,-0.610669
0.428587,-0.611396
0.428182,-0.612122
0.427778,-0.612848
0.427374,-0.613574
0.426969,-0.6143
0.426565,-0.615026
0.42616,-0.615752
0.425756,-0.616478
0.425351,-0.617204
0.424947,-0.61793
0.424543,-0.618656
0.424138,-0.619382
0.423734,-0.620108
0.423329,-0.620835
0.422925,-0.621561
0.422521,-0.622287
0.422116,-0.623013
0.421712,-0.623739
0.421307,-0.624465
0.420903,-0.625191
0.420499,-0.625917
0.420094,-0.626643
0.41969,-0.627369
0.419285,-0.628095
0.418881,-0.628821
0.418477,-0.629548
0.418072,-0.630274
0.417668,-0.631
0.417263,-0.631726
0.416859,-0.632452
0.416454,-0.633178
0.41605,-0.633904
0.415646,-0.63463
0.415241,-0.635356
0.414837,-0.636082
0.414432,-0.636808
0.414028,-0.637534
0.413624,-0.63826
0.413219,-0.638987
0.412815,-0.639713
0.41241,-0.640439
0.412006,-0.641165
0.411602,-0.641891
0.411197,-0.642617
0.410793,-0.643343
0.410388,-0.644069
0.409984,-0.644795
0.40958,-0.645521
0.409175,-0.646247
0.408771,-0.646973
0.408366,-0.647699
0.407962,-0.648426
0.407558,-0.649152
0.407153,-0.649878
0.406749,-0.650604
0.406344,-0.65133
0.40594,-0.652056
0.405535,-0.652782
0.405131,-0.653508
0.404727,-0.654234
0.404322,-0.65496
0.403918,-0.655686
0.403513,-0.656412
0.403109,-0.657138
0.404015,-0.655966
0.404922,-0.654793
0.405828,-0.653621
0.406735,-0.652448
0.407641,-0.651276
0.408548,-0.650103
0.409454,-0.648931
0.41036,-0.647758
0.411267,-0.646586
0.412173,-0.645413
0.41308,-0.644241
0.413986,-0.643068
0.414892,-0.641896
0.415799,-0.640723
0.416705,-0.63955
0.417612,-0.638378
0.418518,-0.637205
0.419424,-0.636033
0.420331,-0.63486
0.421237,-0.633688
0.422144,-0.632515
0.42305,-0.631343
0.423957,-0.63017
0.424863,-0.628998
0.425769,-0.627825
0.426676,-0.626653
0.427582,-0.62548
0.428489,-0.624307
0.429395,-0.623135
0.430301,-0.621962
0.431208,-0.62079
0.432114,-0.619617
0.433021,-0.618445
0.433927,-0.617272
0.434834,-0.6161
0.43574,-0.614927
0.436646,-0.613755
0.437553,-0.612582
0.438459,-0.61141
0.439366,-0.610237
0.440272,-0.609064
0.441178,-0.607892
0.442085,-0.606719
0.442991,-0.605547
0.443898,-0.604374
0.444804,-0.603202
0.445711,-0.602029
0.446617,-0.600857
0.447523,-0.599684
0.44843,-0.598512
0.449336,-0.597339
0.450243,-0.596167
0.451149,-0.594994
0.452055,-0.593821
0.452962,-0.592649
0.453868,-0.591476
0.454775,-0.590304
0.455681,-0.589131
0.456588,-0.587959
0.457494,-0.586786
0.4584,-0.585614
0.459307,-0.584441
0.460213,-0.583269
0.46112,-0.582096
0.462026,-0.580924
0.462932,-0.579751
0.463839,-0.578578
0.464745,-0.577406
0.465652,-0.576233
0.466558,-0.575061
0.467465,-0.573888
0.468371,-0.572716
0.469277,-0.571543
0.470184,-0.570371
0.47109,-0.569198
0.471997,-0.568026
0.472903,-0.566853
0.473809,-0.565681
0.474716,-0.564508
0.475622,-0.563335
0.476529,-0.562163
0.477435,-0.56099
0.478341,-0.559818
0.479248,-0.558645
0.480154,-0.557473
0.481061,-0.5563
0.481967,-0.555128
0.482874,-0.553955
0.48378,-0.552783
0.484686,-0.55161
0.485593,-0.550438
0.486499,-0.549265
0.487406,-0.548093
0.488312,-0.54692
0.489218,-0.545747
0.490125,-0.544575
0.491031,-0.543402
0.491938,-0.54223
0.492844,-0.541057
0.493751,-0.539885
0.494657,-0.538712
0.495563,-0.53754
0.49647,-0.536367
0.497376,-0.535195
0.498283,-0.534022
0.499189,-0.53285
0.500095,-0.531677
0.501002,-0.530504
0.501908,-0.529332
0.502815,-0.528159
0.503721,-0.526987
0.504628,-0.525814
0.505534,-0.524642
0.50644,-0.523469
0.507347,-0.522297
0.508253,-0.521124
0.50916,-0.519952
0.510066,-0.518779
0.510972,-0.517607
0.511879,-0.516434
0.512785,-0.515261
0.513692,-0.514089
0.514598,-0.512916
0.515505,-0.511744
0.516411,-0.510571
0.517317,-0.509399
0.518224,-0.508226
0.51913,-0.507054
0.520037,-0.505881
0.520943,-0.504709
0.521849,-0.503536
0.522756,-0.502364
0.523662,-0.501191
0.524569,-0.500018
0.525475,-0.498846
0.526382,-0.497673
0.527288,-0.496501
0.528194,-0.495328
0.529101,-0.494156
0.530007,-0.492983
0.530914,-0.491811
0.53182,-0.490638
0.532726,-0.489466
0.533633,-0.488293
0.534539,-0.487121
0.535446,-0.485948
0.536352,-0.484775
0.537259,-0.483603
0.538165,-0.48243
