O
15
1,0,-1,0.78,-0.5,0.75,0.0,0.0,0.0,0.3,0.4,0.02,0,0.8,False
2,0,-1,1.1,-0.5,0.93,0.0,0.0,0.0,0.02,0.4,0.2,0,0.8,False
3,0,-1,0.78,-0.5,1.11,0.0,0.0,0.0,0.3,0.4,0.02,0,0.8,False
4,0,-1,0.8,-0.92,0.93,0.0,0.0,0.0,0.32,0.02,0.2,0,0.8,False
5,0,-1,0.8,-0.08,0.93,0.0,0.0,0.0,0.32,0.02,0.2,0,0.8,False
6,0,0,0.7368050303322179,-0.7892025959918825,0.8904403621460794,0.0,0.0,5.37682541781007,0.05475317373431421,0.053252026772236005,0.12044036214607932,0.35366113514147396,0.8912280015673099,False
7,2,0,0.8340763991705855,-0.5724607302252522,0.8450000000000001,0.0,0.0,6.049897612570757,0.04611936879324123,0.04611936879324123,0.15,0.25898438368969257,0.9916190396698571,False
8,0,0,0.589889398561456,-0.39139061076333115,0.86,0.0,0.0,3.541650707267359,0.04834198916072686,0.03,0.09,0.21149435964913077,0.8642311710584274,False
9,2,0,0.83279246136499,-0.41477417386718224,0.8450000000000001,0.0,0.0,4.625060168086425,0.0404784553256233,0.0404784553256233,0.15,0.29662085839185814,0.8055386452633554,False
10,0,0,0.59900226634141,-0.5434737830229788,0.9012026860650157,0.0,0.0,5.685332239117199,0.03,0.03,0.13120268606501567,0.3309692458077901,1.1337702389262774,False
11,0,1,0.9781049060608303,-0.6385446990834468,0.86,0.0,0.0,3.9706981130660886,0.03,0.06378917439911487,0.09,0.07366376135216995,0.9416464251070038,True
12,2,1,0.5845358797902965,-0.7285818480554858,0.8450000000000001,0.0,0.0,5.35022326206845,0.03,0.03,0.15,0.2986440558186151,1.043542745985244,True
13,2,1,0.7712096340903754,-0.24366569358724632,0.8450000000000001,0.0,0.0,0.5145561623785488,0.03,0.03,0.15,0.3417472987895167,0.9010806579469988,True
14,0,1,0.9857658874603898,-0.1696099337282001,0.86,0.0,0.0,2.738745367088121,0.033702052442612505,0.04037365658874499,0.09,0.0801829301046183,1.134489777726184,True
15,2,1,0.7072211996869497,-0.440188740952957,0.8450000000000001,0.0,0.0,1.5272247292568832,0.03,0.03,0.15,0.20006075396274864,0.9085537403400803,True
R
0.0,0.0,0.0,0.0,0.0,0.0,1.0
S
8
torso_lift_joint,0
r_shoulder_pan_joint,-1.69017
r_shoulder_lift_joint,-0.0788625
r_upper_arm_roll_joint,-1.69017
r_elbow_flex_joint,-1.2717
r_forearm_roll_joint,-0.151824
r_wrist_flex_joint,-1.25254
r_wrist_roll_joint,0.675062
G
0.503918,-0.427745,0.86,0.400058,-0,0
ooi
8
A
599
0.310248,-0.673113
0.311095,-0.674089
0.311942,-0.675066
0.312789,-0.676042
0.313635,-0.677018
0.314482,-0.677995
0.315329,-0.678971
0.316176,-0.679947
0.317022,-0.680924
0.317869,-0.6819
0.318716,-0.682876
0.319563,-0.683853
0.32041,-0.684829
0.321256,-0.685805
0.322103,-0.686782
0.32295,-0.687758
0.323797,-0.688734
0.324643,-0.689711
0.32549,-0.690687
0.326337,-0.691663
0.327184,-0.69264
0.328031,-0.693616
0.328877,-0.694592
0.329724,-0.695569
0.330571,-0.696545
0.331418,-0.697521
0.332264,-0.698498
0.333111,-0.699474
0.333958,-0.70045
0.334805,-0.701427
0.335652,-0.702403
0.336498,-0.703379
0.337345,-0.704356
0.338192,-0.705332
0.339039,-0.706308
0.339885,-0.707285
0.340732,-0.708261
0.341579,-0.709237
0.342426,-0.710213
0.343273,-0.71119
0.344119,-0.712166
0.344966,-0.713142
0.345813,-0.714119
0.34666,-0.715095
0.347506,-0.716071
0.348353,-0.717048
0.3492,-0.718024
0.350047,-0.719
0.350894,-0.719977
0.35174,-0.720953
0.352587,-0.721929
0.353434,-0.722906
0.354281,-0.723882
0.355127,-0.724858
0.355974,-0.725835
0.356821,-0.726811
0.357668,-0.727787
0.358515,-0.728764
0.359361,-0.72974
0.360208,-0.730716
0.361055,-0.731693
0.361902,-0.732669
0.362748,-0.733645
0.363595,-0.734622
0.364442,-0.735598
0.365289,-0.736574
0.366136,-0.737551
0.366982,-0.738527
0.367829,-0.739503
0.368676,-0.74048
0.369523,-0.741456
0.370369,-0.742432
0.371216,-0.743409
0.372063,-0.744385
0.37291,-0.745361
0.373757,-0.746338
0.374603,-0.747314
0.37545,-0.74829
0.376297,-0.749267
0.377144,-0.750243
0.37799,-0.751219
0.378837,-0.752196
0.379684,-0.753172
0.380531,-0.754148
0.381378,-0.755125
0.382224,-0.756101
0.383071,-0.757077
0.383918,-0.758054
0.384765,-0.75903
0.385611,-0.760006
0.386458,-0.760982
0.387305,-0.761959
0.388152,-0.762935
0.388999,-0.763911
0.389845,-0.764888
0.390692,-0.765864
0.391539,-0.76684
0.392386,-0.767817
0.393232,-0.768793
0.394079,-0.769769
0.394926,-0.770746
0.395773,-0.771722
0.39662,-0.772698
0.397466,-0.773675
0.398313,-0.774651
0.39916,-0.775627
0.400007,-0.776604
0.400853,-0.77758
0.4017,-0.778556
0.402547,-0.779533
0.403394,-0.780509
0.404241,-0.781485
0.405087,-0.782462
0.405934,-0.783438
0.406781,-0.784414
0.407628,-0.785391
0.408474,-0.786367
0.409321,-0.787343
0.410168,-0.78832
0.411015,-0.789296
0.411862,-0.790272
0.412708,-0.791249
0.413555,-0.792225
0.414402,-0.793201
0.415249,-0.794178
0.416095,-0.795154
0.416942,-0.79613
0.417789,-0.797107
0.418636,-0.798083
0.419483,-0.799059
0.420329,-0.800036
0.421176,-0.801012
0.422023,-0.801988
0.42287,-0.802965
0.423716,-0.803941
0.424563,-0.804917
0.42541,-0.805894
0.426257,-0.80687
0.427104,-0.807846
0.42795,-0.808823
0.428797,-0.809799
0.429644,-0.810775
0.430491,-0.811751
0.431338,-0.812728
0.432184,-0.813704
0.433031,-0.81468
0.433878,-0.815657
0.434725,-0.816633
0.435571,-0.817609
0.436418,-0.818586
0.437265,-0.819562
0.437534,-0.818089
0.437803,-0.816617
0.438072,-0.815144
0.438341,-0.813671
0.438609,-0.812198
0.438878,-0.810726
0.439147,-0.809253
0.439416,-0.80778
0.439685,-0.806308
0.439954,-0.804835
0.440223,-0.803362
0.440492,-0.801889
0.440761,-0.800417
0.44103,-0.798944
0.441298,-0.797471
0.441567,-0.795999
0.441836,-0.794526
0.442105,-0.793053
0.442374,-0.79158
0.442643,-0.790108
0.442912,-0.788635
0.443181,-0.787162
0.44345,-0.785689
0.443719,-0.784217
0.443987,-0.782744
0.444256,-0.781271
0.444525,-0.779799
0.444794,-0.778326
0.445063,-0.776853
0.445332,-0.77538
0.445601,-0.773908
0.44587,-0.772435
0.446139,-0.770962
0.446408,-0.769489
0.446676,-0.768017
0.446945,-0.766544
0.447214,-0.765071
0.447483,-0.763599
0.447752,-0.762126
0.448021,-0.760653
0.44829,-0.75918
0.448559,-0.757708
0.448828,-0.756235
0.449097,-0.754762
0.449365,-0.753289
0.449634,-0.751817
0.449903,-0.750344
0.450172,-0.748871
0.450441,-0.747399
0.45071,-0.745926
0.450979,-0.744453
0.451248,-0.74298
0.451517,-0.741508
0.451786,-0.740035
0.452055,-0.738562
0.452323,-0.73709
0.452592,-0.735617
0.452861,-0.734144
0.45313,-0.732671
0.453399,-0.731199
0.453668,-0.729726
0.453937,-0.728253
0.454206,-0.72678
0.454475,-0.725308
0.454744,-0.723835
0.455012,-0.722362
0.455281,-0.72089
0.45555,-0.719417
0.455819,-0.717944
0.456088,-0.716471
0.456357,-0.714999
0.456626,-0.713526
0.456895,-0.712053
0.457164,-0.71058
0.457433,-0.709108
0.457701,-0.707635
0.45797,-0.706162
0.458239,-0.70469
0.458508,-0.703217
0.458777,-0.701744
0.459046,-0.700271
0.459315,-0.698799
0.459584,-0.697326
0.459853,-0.695853
0.460122,-0.69438
0.46039,-0.692908
0.460659,-0.691435
0.460928,-0.689962
0.461197,-0.68849
0.461466,-0.687017
0.461735,-0.685544
0.462004,-0.684071
0.462273,-0.682599
0.462542,-0.681126
0.462811,-0.679653
0.463079,-0.678181
0.463348,-0.676708
0.463617,-0.675235
0.463886,-0.673762
0.464155,-0.67229
0.464424,-0.670817
0.464693,-0.669344
0.464962,-0.667871
0.465231,-0.666399
0.4655,-0.664926
0.465768,-0.663453
0.466037,-0.661981
0.466306,-0.660508
0.466575,-0.659035
0.466844,-0.657562
0.467113,-0.65609
0.467382,-0.654617
0.467651,-0.653144
0.46792,-0.651671
0.468189,-0.650199
0.468457,-0.648726
0.468726,-0.647253
0.468995,-0.645781
0.469264,-0.644308
0.469533,-0.642835
0.469802,-0.641362
0.470071,-0.63989
0.47034,-0.638417
0.470609,-0.636944
0.470878,-0.635471
0.471146,-0.633999
0.471415,-0.632526
0.471684,-0.631053
0.471953,-0.629581
0.472222,-0.628108
0.472491,-0.626635
0.47276,-0.625162
0.473029,-0.62369
0.473298,-0.622217
0.473567,-0.620744
0.473835,-0.619272
0.474104,-0.617799
0.474373,-0.616326
0.474642,-0.614853
0.474911,-0.613381
0.47518,-0.611908
0.475449,-0.610435
0.475718,-0.608962
0.475987,-0.60749
0.476256,-0.606017
0.476524,-0.604544
0.476793,-0.603072
0.477062,-0.601599
0.477331,-0.600126
0.477626,-0.599687
0.477921,-0.599248
0.478216,-0.598809
0.478511,-0.59837
0.478806,-0.597931
0.479101,-0.597493
0.479397,-0.597054
0.479692,-0.596615
0.479987,-0.596176
0.480282,-0.595737
0.480577,-0.595298
0.480872,-0.594859
0.481167,-0.59442
0.481462,-0.593981
0.481757,-0.593542
0.482052,-0.593103
0.482347,-0.592664
0.482642,-0.592225
0.482937,-0.591787
0.483232,-0.591348
0.483527,-0.590909
0.483822,-0.59047
0.484117,-0.590031
0.484412,-0.589592
0.484707,-0.589153
0.485002,-0.588714
0.485298,-0.588275
0.485593,-0.587836
0.485888,-0.587397
0.486183,-0.586958
0.486478,-0.586519
0.486773,-0.58608
0.487068,-0.585642
0.487363,-0.585203
0.487658,-0.584764
0.487953,-0.584325
0.488248,-0.583886
0.488543,-0.583447
0.488838,-0.583008
0.489133,-0.582569
0.489428,-0.58213
0.489723,-0.581691
0.490018,-0.581252
0.490313,-0.580813
0.490608,-0.580374
0.490903,-0.579936
0.491199,-0.579497
0.491494,-0.579058
0.491789,-0.578619
0.492084,-0.57818
0.492379,-0.577741
0.492674,-0.577302
0.492969,-0.576863
0.493264,-0.576424
0.493559,-0.575985
0.493854,-0.575546
0.494149,-0.575107
0.494444,-0.574668
0.494739,-0.574229
0.495034,-0.573791
0.495329,-0.573352
0.495624,-0.572913
0.495919,-0.572474
0.496214,-0.572035
0.496509,-0.571596
0.496804,-0.571157
0.4971,-0.570718
0.497395,-0.570279
0.49769,-0.56984
0.497985,-0.569401
0.49828,-0.568962
0.498575,-0.568523
0.49887,-0.568085
0.499165,-0.567646
0.49946,-0.567207
0.499755,-0.566768
0.50005,-0.566329
0.500345,-0.56589
0.50064,-0.565451
0.500935,-0.565012
0.50123,-0.564573
0.501525,-0.564134
0.50182,-0.563695
0.502115,-0.563256
0.50241,-0.562817
0.502705,-0.562378
0.503,-0.56194
0.503296,-0.561501
0.503591,-0.561062
0.503886,-0.560623
0.504181,-0.560184
0.504476,-0.559745
0.504771,-0.559306
0.505066,-0.558867
0.505361,-0.558428
0.505656,-0.557989
0.505951,-0.55755
0.506246,-0.557111
0.506541,-0.556672
0.506836,-0.556234
0.507131,-0.555795
0.507426,-0.555356
0.507721,-0.554917
0.508016,-0.554478
0.508311,-0.554039
0.508606,-0.5536
0.508901,-0.553161
0.509197,-0.552722
0.509492,-0.552283
0.509787,-0.551844
0.510082,-0.551405
0.510377,-0.550966
0.510672,-0.550527
0.510967,-0.550089
0.511262,-0.54965
0.511557,-0.549211
0.511852,-0.548772
0.512147,-0.548333
0.512442,-0.547894
0.512737,-0.547455
0.513032,-0.547016
0.513327,-0.546577
0.513622,-0.546138
0.513917,-0.545699
0.514212,-0.54526
0.514507,-0.544821
0.514802,-0.544383
0.515098,-0.543944
0.515393,-0.543505
0.515688,-0.543066
0.515983,-0.542627
0.516278,-0.542188
0.516573,-0.541749
0.516868,-0.54131
0.517163,-0.540871
0.517458,-0.540432
0.517753,-0.539993
0.518048,-0.539554
0.518343,-0.539115
0.518638,-0.538676
0.518933,-0.538238
0.519228,-0.537799
0.519523,-0.53736
0.519818,-0.536921
0.520113,-0.536482
0.520408,-0.536043
0.520703,-0.535604
0.520999,-0.535165
0.521294,-0.534726
0.521589,-0.534287
0.52147,-0.533572
0.521351,-0.532857
0.521233,-0.532142
0.521114,-0.531427
0.520996,-0.530712
0.520877,-0.529997
0.520758,-0.529282
0.52064,-0.528567
0.520521,-0.527852
0.520403,-0.527137
0.520284,-0.526422
0.520165,-0.525707
0.520047,-0.524992
0.519928,-0.524277
0.51981,-0.523561
0.519691,-0.522846
0.519572,-0.522131
0.519454,-0.521416
0.519335,-0.520701
0.519217,-0.519986
0.519098,-0.519271
0.518979,-0.518556
0.518861,-0.517841
0.518742,-0.517126
0.518624,-0.516411
0.518505,-0.515696
0.518387,-0.514981
0.518268,-0.514266
0.518149,-0.513551
0.518031,-0.512836
0.517912,-0.512121
0.517794,-0.511406
0.517675,-0.510691
0.517556,-0.509975
0.517438,-0.50926
0.517319,-0.508545
0.517201,-0.50783
0.517082,-0.507115
0.516963,-0.5064
0.516845,-0.505685
0.516726,-0.50497
0.516608,-0.504255
0.516489,-0.50354
0.51637,-0.502825
0.516252,-0.50211
0.516133,-0.501395
0.516015,-0.50068
0.515896,-0.499965
0.515777,-0.49925
0.515659,-0.498535
0.51554,-0.49782
0.515422,-0.497105
0.515303,-0.49639
0.515184,-0.495674
0.515066,-0.494959
0.514947,-0.494244
0.514829,-0.493529
0.51471,-0.492814
0.514591,-0.492099
0.514473,-0.491384
0.514354,-0.490669
0.514236,-0.489954
0.514117,-0.489239
0.513998,-0.488524
0.51388,-0.487809
0.513761,-0.487094
0.513643,-0.486379
0.513524,-0.485664
0.513405,-0.484949
0.513287,-0.484234
0.513168,-0.483519
0.51305,-0.482804
0.512931,-0.482089
0.512813,-0.481373
0.512694,-0.480658
0.512575,-0.479943
0.512457,-0.479228
0.512338,-0.478513
0.51222,-0.477798
0.512101,-0.477083
0.511982,-0.476368
0.511864,-0.475653
0.511745,-0.474938
0.511627,-0.474223
0.511508,-0.473508
0.511389,-0.472793
0.511271,-0.472078
0.511152,-0.471363
0.511034,-0.470648
0.510915,-0.469933
0.510796,-0.469218
0.510678,-0.468503
0.510559,-0.467788
0.510441,-0.467072
0.510322,-0.466357
0.510203,-0.465642
0.510085,-0.464927
0.509966,-0.464212
0.509848,-0.463497
0.509729,-0.462782
0.50961,-0.462067
0.509492,-0.461352
0.509373,-0.460637
0.509255,-0.459922
0.509136,-0.459207
0.509017,-0.458492
0.508899,-0.457777
0.50878,-0.457062
0.508662,-0.456347
0.508543,-0.455632
0.508424,-0.454917
0.508306,-0.454202
0.508187,-0.453487
0.508069,-0.452771
0.50795,-0.452056
0.507832,-0.451341
0.507713,-0.450626
0.507594,-0.449911
0.507476,-0.449196
0.507357,-0.448481
0.507239,-0.447766
0.50712,-0.447051
0.507001,-0.446336
0.506883,-0.445621
0.506764,-0.444906
0.506646,-0.444191
0.506527,-0.443476
0.506408,-0.442761
0.50629,-0.442046
0.506171,-0.441331
0.506053,-0.440616
0.505934,-0.439901
0.505815,-0.439185
0.505697,-0.43847
0.505578,-0.437755
0.50546,-0.43704
0.505341,-0.436325
0.505222,-0.43561
0.505104,-0.434895
0.504985,-0.43418
0.504867,-0.433465
0.504748,-0.43275
0.504629,-0.432035
0.504511,-0.43132
0.504392,-0.430605
0.504274,-0.42989
0.504155,-0.429175
0.504036,-0.42846
0.503918,-0.427745
