O
15
1,0,-1,0.78,-0.5,0.75,0.0,0.0,0.0,0.3,0.4,0.02,0,0.8,False
2,0,-1,1.1,-0.5,0.93,0.0,0.0,0.0,0.02,0.4,0.2,0,0.8,False
3,0,-1,0.78,-0.5,1.11,0.0,0.0,0.0,0.3,0.4,0.02,0,0.8,False
4,0,-1,0.8,-0.92,0.93,0.0,0.0,0.0,0.32,0.02,0.2,0,0.8,False
5,0,-1,0.8,-0.08,0.93,0.0,0.0,0.0,0.32,0.02,0.2,0,0.8,False
6,2,0,0.7709148973622133,-0.20376063819602952,0.8450000000000001,0.0,0.0,1.2446012920379999,0.03,0.03,0.15,0.4851794428661518,1.0969393976699329,False
7,0,0,0.6300066096891902,-0.2612152007564066,0.86,0.0,0.0,5.327936323478169,0.03621451214428972,0.06983722565885148,0.09,0.2518400446336157,1.1412576822941847,False
8,2,0,0.8656761448328372,-0.5504410185147625,0.8450000000000001,0.0,0.0,1.5609645315866192,0.0459129259560132,0.0459129259560132,0.15,0.46302432493635953,1.010565615293811,False
9,2,0,0.9876213537732121,-0.7828865147276809,0.8450000000000001,0.0,0.0,5.576391819157372,0.05629109069675311,0.05629109069675311,0.15,0.04783059954387542,0.8511712466984778,False
10,2,0,0.7116395054103895,-0.4311270115795836,0.8450000000000001,0.0,0.0,3.180470028215463,0.03,0.03,0.15,0.4601632128990021,1.0571053559141863,False
11,0,1,0.5305647135586945,-0.5923020183569575,0.86,0.0,0.0,6.062361660748679,0.03,0.06731041671811103,0.09,0.0032755268058704545,1.1296661284342653,True
12,2,1,1.0316603176533392,-0.3590228609124433,0.8450000000000001,0.0,0.0,2.912759368438008,0.03,0.03,0.15,0.4074534756591326,0.8920963309146319,True
13,0,1,0.8715724209287488,-0.6492916326212805,0.8842915615994034,0.0,0.0,2.996848376948021,0.03,0.03,0.1142915615994034,0.2617107949906935,1.1219968712374206,True
14,2,1,1.0044406198331506,-0.5788152223937706,0.8450000000000001,0.0,0.0,5.705081833879724,0.03,0.03,0.15,0.4324296073565726,1.0629539607337348,True
15,2,1,0.7263771220153808,-0.7978114217573798,0.8692556304880612,0.0,0.0,6.098684683325153,0.034999160650203726,0.034999160650203726,0.19851126097612232,0.04455734024560909,1.076912684038001,True
R
0.0,0.0,0.0,0.0,0.0,0.0,1.0
S
8
torso_lift_joint,0
r_shoulder_pan_joint,-1.69017
r_shoulder_lift_joint,-0.0788625
r_upper_arm_roll_joint,-1.69017
r_elbow_flex_joint,-1.2717
r_forearm_roll_joint,-0.151824
r_wrist_flex_joint,-1.25254
r_wrist_roll_joint,0.675062
G
0.536247,-0.327523,0.86,0.615547,-0,0
ooi
7
A
599
0.310248,-0.673113
0.311191,-0.672528
0.312134,-0.671944
0.313077,-0.671359
0.314021,-0.670774
0.314964,-0.670189
0.315907,-0.669605
0.31685,-0.66902
0.317793,-0.668435
0.318736,-0.66785
0.319679,-0.667266
0.320622,-0.666681
0.321565,-0.666096
0.322508,-0.665511
0.323451,-0.664927
0.324395,-0.664342
0.325338,-0.663757
0.326281,-0.663172
0.327224,-0.662588
0.328167,-0.662003
0.32911,-0.661418
0.330053,-0.660833
0.330996,-0.660249
0.331939,-0.659664
0.332882,-0.659079
0.333825,-0.658494
0.334769,-0.65791
0.335712,-0.657325
0.336655,-0.65674
0.337598,-0.656155
0.338541,-0.655571
0.339484,-0.654986
0.340427,-0.654401
0.34137,-0.653817
0.342313,-0.653232
0.343256,-0.652647
0.344199,-0.652062
0.345143,-0.651478
0.346086,-0.650893
0.347029,-0.650308
0.347972,-0.649723
0.348915,-0.649139
0.349858,-0.648554
0.350801,-0.647969
0.351744,-0.647384
0.352687,-0.6468
0.35363,-0.646215
0.354573,-0.64563
0.355517,-0.645045
0.35646,-0.644461
0.357403,-0.643876
0.358346,-0.643291
0.359289,-0.642706
0.360232,-0.642122
0.361175,-0.641537
0.362118,-0.640952
0.363061,-0.640367
0.364004,-0.639783
0.364948,-0.639198
0.365891,-0.638613
0.366834,-0.638028
0.367777,-0.637444
0.36872,-0.636859
0.369663,-0.636274
0.370606,-0.635689
0.371549,-0.635105
0.372492,-0.63452
0.373435,-0.633935
0.374378,-0.63335
0.375322,-0.632766
0.376265,-0.632181
0.377208,-0.631596
0.378151,-0.631011
0.379094,-0.630427
0.380037,-0.629842
0.38098,-0.629257
0.381923,-0.628672
0.382866,-0.628088
0.383809,-0.627503
0.384752,-0.626918
0.385696,-0.626334
0.386639,-0.625749
0.387582,-0.625164
0.388525,-0.624579
0.389468,-0.623995
0.390411,-0.62341
0.391354,-0.622825
0.392297,-0.62224
0.39324,-0.621656
0.394183,-0.621071
0.395126,-0.620486
0.39607,-0.619901
0.397013,-0.619317
0.397956,-0.618732
0.398899,-0.618147
0.399842,-0.617562
0.400785,-0.616978
0.401728,-0.616393
0.402671,-0.615808
0.403614,-0.615223
0.404557,-0.614639
0.4055,-0.614054
0.406444,-0.613469
0.407387,-0.612884
0.40833,-0.6123
0.409273,-0.611715
0.410216,-0.61113
0.411159,-0.610545
0.412102,-0.609961
0.413045,-0.609376
0.413988,-0.608791
0.414931,-0.608206
0.415874,-0.607622
0.416818,-0.607037
0.417761,-0.606452
0.418704,-0.605867
0.419647,-0.605283
0.42059,-0.604698
0.421533,-0.604113
0.422476,-0.603528
0.423419,-0.602944
0.424362,-0.602359
0.425305,-0.601774
0.426248,-0.60119
0.427192,-0.600605
0.428135,-0.60002
0.429078,-0.599435
0.430021,-0.598851
0.430964,-0.598266
0.431907,-0.597681
0.43285,-0.597096
0.433793,-0.596512
0.434736,-0.595927
0.435679,-0.595342
0.436622,-0.594757
0.437566,-0.594173
0.438509,-0.593588
0.439452,-0.593003
0.440395,-0.592418
0.441338,-0.591834
0.442281,-0.591249
0.443224,-0.590664
0.444167,-0.590079
0.44511,-0.589495
0.446053,-0.58891
0.446996,-0.588325
0.44794,-0.58774
0.448883,-0.587156
0.449826,-0.586571
0.450769,-0.585986
0.451712,-0.585401
0.451791,-0.585328
0.451869,-0.585256
0.451948,-0.585183
0.452027,-0.58511
0.452105,-0.585037
0.452184,-0.584964
0.452263,-0.584891
0.452341,-0.584818
0.45242,-0.584745
0.452499,-0.584672
0.452577,-0.584599
0.452656,-0.584526
0.452735,-0.584453
0.452813,-0.58438
0.452892,-0.584307
0.452971,-0.584234
0.453049,-0.584161
0.453128,-0.584089
0.453207,-0.584016
0.453285,-0.583943
0.453364,-0.58387
0.453443,-0.583797
0.453521,-0.583724
0.4536,-0.583651
0.453679,-0.583578
0.453757,-0.583505
0.453836,-0.583432
0.453915,-0.583359
0.453993,-0.583286
0.454072,-0.583213
0.454151,-0.58314
0.454229,-0.583067
0.454308,-0.582994
0.454387,-0.582921
0.454465,-0.582849
0.454544,-0.582776
0.454623,-0.582703
0.454701,-0.58263
0.45478,-0.582557
0.454859,-0.582484
0.454937,-0.582411
0.455016,-0.582338
0.455095,-0.582265
0.455173,-0.582192
0.455252,-0.582119
0.455331,-0.582046
0.455409,-0.581973
0.455488,-0.5819
0.455567,-0.581827
0.455645,-0.581754
0.455724,-0.581682
0.455803,-0.581609
0.455881,-0.581536
0.45596,-0.581463
0.456039,-0.58139
0.456117,-0.581317
0.456196,-0.581244
0.456275,-0.581171
0.456353,-0.581098
0.456432,-0.581025
0.456511,-0.580952
0.456589,-0.580879
0.456668,-0.580806
0.456747,-0.580733
0.456825,-0.58066
0.456904,-0.580587
0.456983,-0.580515
0.457061,-0.580442
0.45714,-0.580369
0.457219,-0.580296
0.457297,-0.580223
0.457376,-0.58015
0.457455,-0.580077
0.457533,-0.580004
0.457612,-0.579931
0.457691,-0.579858
0.457769,-0.579785
0.457848,-0.579712
0.457927,-0.579639
0.458005,-0.579566
0.458084,-0.579493
0.458163,-0.57942
0.458241,-0.579348
0.45832,-0.579275
0.458399,-0.579202
0.458477,-0.579129
0.458556,-0.579056
0.458635,-0.578983
0.458713,-0.57891
0.458792,-0.578837
0.458871,-0.578764
0.458949,-0.578691
0.459028,-0.578618
0.459107,-0.578545
0.459185,-0.578472
0.459264,-0.578399
0.459343,-0.578326
0.459421,-0.578253
0.4595,-0.57818
0.459579,-0.578108
0.459657,-0.578035
0.459736,-0.577962
0.459815,-0.577889
0.459893,-0.577816
0.459972,-0.577743
0.460051,-0.57767
0.460129,-0.577597
0.460208,-0.577524
0.460287,-0.577451
0.460365,-0.577378
0.460444,-0.577305
0.460523,-0.577232
0.460601,-0.577159
0.46068,-0.577086
0.460759,-0.577013
0.460837,-0.576941
0.460916,-0.576868
0.460995,-0.576795
0.461073,-0.576722
0.461152,-0.576649
0.461231,-0.576576
0.461309,-0.576503
0.461388,-0.57643
0.461467,-0.576357
0.461545,-0.576284
0.461624,-0.576211
0.461703,-0.576138
0.461781,-0.576065
0.46186,-0.575992
0.461939,-0.575919
0.462017,-0.575846
0.462096,-0.575774
0.462175,-0.575701
0.462253,-0.575628
0.462332,-0.575555
0.462411,-0.575482
0.462489,-0.575409
0.462568,-0.575336
0.462647,-0.575263
0.462725,-0.57519
0.462804,-0.575117
0.462883,-0.575044
0.462961,-0.574971
0.46304,-0.574898
0.463119,-0.574825
0.463197,-0.574752
0.463276,-0.574679
0.463355,-0.574606
0.463433,-0.574534
0.463848,-0.57392
0.464263,-0.573307
0.464678,-0.572694
0.465093,-0.572081
0.465508,-0.571468
0.465923,-0.570855
0.466338,-0.570242
0.466753,-0.569628
0.467168,-0.569015
0.467583,-0.568402
0.467998,-0.567789
0.468413,-0.567176
0.468828,-0.566563
0.469243,-0.56595
0.469658,-0.565337
0.470073,-0.564723
0.470488,-0.56411
0.470903,-0.563497
0.471318,-0.562884
0.471733,-0.562271
0.472148,-0.561658
0.472563,-0.561045
0.472978,-0.560431
0.473393,-0.559818
0.473808,-0.559205
0.474223,-0.558592
0.474638,-0.557979
0.475053,-0.557366
0.475468,-0.556753
0.475883,-0.55614
0.476298,-0.555526
0.476713,-0.554913
0.477128,-0.5543
0.477543,-0.553687
0.477958,-0.553074
0.478373,-0.552461
0.478788,-0.551848
0.479203,-0.551234
0.479618,-0.550621
0.480033,-0.550008
0.480448,-0.549395
0.480863,-0.548782
0.481278,-0.548169
0.481692,-0.547556
0.482107,-0.546943
0.482522,-0.546329
0.482937,-0.545716
0.483352,-0.545103
0.483767,-0.54449
0.484182,-0.543877
0.484597,-0.543264
0.485012,-0.542651
0.485427,-0.542037
0.485842,-0.541424
0.486257,-0.540811
0.486672,-0.540198
0.487087,-0.539585
0.487502,-0.538972
0.487917,-0.538359
0.488332,-0.537745
0.488747,-0.537132
0.489162,-0.536519
0.489577,-0.535906
0.489992,-0.535293
0.490407,-0.53468
0.490822,-0.534067
0.491237,-0.533454
0.491652,-0.53284
0.492067,-0.532227
0.492482,-0.531614
0.492897,-0.531001
0.493312,-0.530388
0.493727,-0.529775
0.494142,-0.529162
0.494557,-0.528548
0.494972,-0.527935
0.495387,-0.527322
0.495802,-0.526709
0.496217,-0.526096
0.496632,-0.525483
0.497047,-0.52487
0.497462,-0.524257
0.497877,-0.523643
0.498292,-0.52303
0.498707,-0.522417
0.499122,-0.521804
0.499537,-0.521191
0.499952,-0.520578
0.500367,-0.519965
0.500782,-0.519351
0.501197,-0.518738
0.501612,-0.518125
0.502027,-0.517512
0.502442,-0.516899
0.502857,-0.516286
0.503272,-0.515673
0.503687,-0.51506
0.504102,-0.514446
0.504517,-0.513833
0.504932,-0.51322
0.505346,-0.512607
0.505761,-0.511994
0.506176,-0.511381
0.506591,-0.510768
0.507006,-0.510154
0.507421,-0.509541
0.507836,-0.508928
0.508251,-0.508315
0.508666,-0.507702
0.509081,-0.507089
0.509496,-0.506476
0.509911,-0.505863
0.510326,-0.505249
0.510741,-0.504636
0.511156,-0.504023
0.511571,-0.50341
0.511986,-0.502797
0.512401,-0.502184
0.512816,-0.501571
0.513231,-0.500957
0.513646,-0.500344
0.514061,-0.499731
0.514476,-0.499118
0.514891,-0.498505
0.515306,-0.497892
0.515721,-0.497279
0.516136,-0.496665
0.516551,-0.496052
0.516966,-0.495439
0.517381,-0.494826
0.517796,-0.494213
0.518211,-0.4936
0.518626,-0.492987
0.519041,-0.492374
0.519456,-0.49176
0.519871,-0.491147
0.520286,-0.490534
0.520701,-0.489921
0.521116,-0.489308
0.521531,-0.488695
0.521946,-0.488082
0.522361,-0.487468
0.522776,-0.486855
0.523191,-0.486242
0.523606,-0.485629
0.524021,-0.485016
0.524436,-0.484403
0.524851,-0.48379
0.525266,-0.483177
0.525681,-0.482563
0.525752,-0.481523
0.525822,-0.480482
0.525893,-0.479442
0.525964,-0.478401
0.526035,-0.477361
0.526106,-0.47632
0.526177,-0.47528
0.526248,-0.474239
0.526319,-0.473199
0.52639,-0.472158
0.526461,-0.471117
0.526532,-0.470077
0.526603,-0.469036
0.526673,-0.467996
0.526744,-0.466955
0.526815,-0.465915
0.526886,-0.464874
0.526957,-0.463834
0.527028,-0.462793
0.527099,-0.461753
0.52717,-0.460712
0.527241,-0.459672
0.527312,-0.458631
0.527383,-0.45759
0.527454,-0.45655
0.527524,-0.455509
0.527595,-0.454469
0.527666,-0.453428
0.527737,-0.452388
0.527808,-0.451347
0.527879,-0.450307
0.52795,-0.449266
0.528021,-0.448226
0.528092,-0.447185
0.528163,-0.446144
0.528234,-0.445104
0.528304,-0.444063
0.528375,-0.443023
0.528446,-0.441982
0.528517,-0.440942
0.528588,-0.439901
0.528659,-0.438861
0.52873,-0.43782
0.528801,-0.43678
0.528872,-0.435739
0.528943,-0.434699
0.529014,-0.433658
0.529085,-0.432617
0.529155,-0.431577
0.529226,-0.430536
0.529297,-0.429496
0.529368,-0.428455
0.529439,-0.427415
0.52951,-0.426374
0.529581,-0.425334
0.529652,-0.424293
0.529723,-0.423253
0.529794,-0.422212
0.529865,-0.421171
0.529936,-0.420131
0.530006,-0.41909
0.530077,-0.41805
0.530148,-0.417009
0.530219,-0.415969
0.53029,-0.414928
0.530361,-0.413888
0.530432,-0.412847
0.530503,-0.411807
0.530574,-0.410766
0.530645,-0.409726
0.530716,-0.408685
0.530786,-0.407644
0.530857,-0.406604
0.530928,-0.405563
0.530999,-0.404523
0.53107,-0.403482
0.531141,-0.402442
0.531212,-0.401401
0.531283,-0.400361
0.531354,-0.39932
0.531425,-0.39828
0.531496,-0.397239
0.531567,-0.396199
0.531637,-0.395158
0.531708,-0.394117
0.531779,-0.393077
0.53185,-0.392036
0.531921,-0.390996
0.531992,-0.389955
0.532063,-0.388915
0.532134,-0.387874
0.532205,-0.386834
0.532276,-0.385793
0.532347,-0.384753
0.532418,-0.383712
0.532488,-0.382671
0.532559,-0.381631
0.53263,-0.38059
0.532701,-0.37955
0.532772,-0.378509
0.532843,-0.377469
0.532914,-0.376428
0.532985,-0.375388
0.533056,-0.374347
0.533127,-0.373307
0.533198,-0.372266
0.533268,-0.371226
0.533339,-0.370185
0.53341,-0.369144
0.533481,-0.368104
0.533552,-0.367063
0.533623,-0.366023
0.533694,-0.364982
0.533765,-0.363942
0.533836,-0.362901
0.533907,-0.361861
0.533978,-0.36082
0.534049,-0.35978
0.534119,-0.358739
0.53419,-0.357699
0.534261,-0.356658
0.534332,-0.355617
0.534403,-0.354577
0.534474,-0.353536
0.534545,-0.352496
0.534616,-0.351455
0.534687,-0.350415
0.534758,-0.349374
0.534829,-0.348334
0.5349,-0.347293
0.53497,-0.346253
0.535041,-0.345212
0.535112,-0.344171
0.535183,-0.343131
0.535254,-0.34209
0.535325,-0.34105
0.535396,-0.340009
0.535467,-0.338969
0.535538,-0.337928
0.535609,-0.336888
0.53568,-0.335847
0.53575,-0.334807
0.535821,-0.333766
0.535892,-0.332726
0.535963,-0.331685
0.536034,-0.330644
0.536105,-0.329604
0.536176,-0.328563
0.536247,-0.327523
