O
15
1,0,-1,0.78,-0.5,0.75,0.0,0.0,0.0,0.3,0.4,0.02,0,0.8,False
2,0,-1,1.1,-0.5,0.93,0.0,0.0,0.0,0.02,0.4,0.2,0,0.8,False
3,0,-1,0.78,-0.5,1.11,0.0,0.0,0.0,0.3,0.4,0.02,0,0.8,False
4,0,-1,0.8,-0.92,0.93,0.0,0.0,0.0,0.32,0.02,0.2,0,0.8,False
5,0,-1,0.8,-0.08,0.93,0.0,0.0,0.0,0.32,0.02,0.2,0,0.8,False
6,0,0,0.5951848049187758,-0.25044028870328305,0.86373151549426,0.0,0.0,3.160054607636219,0.04543569611966595,0.056999939533666825,0.09373151549426001,0.31507505747494335,0.9938701322225554,False
7,0,0,1.0018785171900058,-0.6303982846550926,0.86,0.0,0.0,2.0558025695652993,0.03,0.03,0.09,0.4632255118332443,0.9636370541346402,False
8,0,0,0.9429667149431779,-0.2083637378311115,0.9207822963215593,0.0,0.0,0.4153074424185434,0.057528046162031964,0.031530405059348135,0.15078229632155923,0.31690512902677176,1.1476502157818844,False
9,2,0,0.9741945031435739,-0.31910101571238625,0.8450000000000001,0.0,0.0,5.022945144771093,0.03849081303235876,0.03849081303235876,0.15,0.14504800377662558,0.9472175627181854,False
10,0,0,0.7349101716537276,-0.5637213180675226,0.8625518432937302,0.0,0.0,1.9839376653232366,0.036401450692436534,0.03,0.09255184329373027,0.4972559388627378,1.109778989428567,False
11,0,1,0.797267537521982,-0.6836069237468061,0.9167947256862762,0.0,0.0,0.9875931833803535,0.03,0.03,0.14679472568627613,0.057608169418163935,1.0069385493565663,True
12,2,1,0.886008947555312,-0.4112384859812759,0.8450000000000001,0.0,0.0,3.2602207945254875,0.03,0.03,0.15,0.07724561032814342,1.0057184083316153,True
13,2,1,0.7485895127150889,-0.33925612459728705,0.8450000000000001,0.0,0.0,1.5133043447339023,0.03,0.03,0.15,0.3990210397558844,1.0509060032875484,True
14,2,1,0.6006182351088128,-0.6178474447489957,0.8450000000000001,0.0,0.0,2.8077668999291814,0.03616587509836846,0.03616587509836846,0.15,0.46959911256042497,1.1548773544705244,True
15,0,1,0.7381840236909283,-0.8043649420332156,0.86,0.0,0.0,1.6096405849609612,0.03,0.03,0.09,0.04499570012403514,1.1054789759474328,True
R
0.0,0.0,0.0,0.0,0.0,0.0,1.0
S
8
torso_lift_joint,0
r_shoulder_pan_joint,-1.69017
r_shoulder_lift_joint,-0.0788625
r_upper_arm_roll_joint,-1.69017
r_elbow_flex_joint,-1.2717
r_forearm_roll_joint,-0.151824
r_wrist_flex_joint,-1.25254
r_wrist_roll_joint,0.675062
G
0.660358,-0.596403,0.862552,0.413141,-0,0
ooi
10
A
599
0.310248,-0.673113
0.31141,-0.672234
0.312572,-0.671356
0.313734,-0.670477
0.314896,-0.669598
0.316058,-0.668719
0.31722,-0.66784
0.318382,-0.666962
0.319544,-0.666083
0.320705,-0.665204
0.321867,-0.664325
0.323029,-0.663447
0.324191,-0.662568
0.325353,-0.661689
0.326515,-0.66081
0.327677,-0.659931
0.328839,-0.659053
0.330001,-0.658174
0.331163,-0.657295
0.332325,-0.656416
0.333487,-0.655538
0.334649,-0.654659
0.33581,-0.65378
0.336972,-0.652901
0.338134,-0.652022
0.339296,-0.651144
0.340458,-0.650265
0.34162,-0.649386
0.342782,-0.648507
0.343944,-0.647629
0.345106,-0.64675
0.346268,-0.645871
0.34743,-0.644992
0.348592,-0.644113
0.349754,-0.643235
0.350915,-0.642356
0.352077,-0.641477
0.353239,-0.640598
0.354401,-0.63972
0.355563,-0.638841
0.356725,-0.637962
0.357887,-0.637083
0.359049,-0.636204
0.360211,-0.635326
0.361373,-0.634447
0.362535,-0.633568
0.363697,-0.632689
0.364859,-0.631811
0.36602,-0.630932
0.367182,-0.630053
0.368344,-0.629174
0.369506,-0.628295
0.370668,-0.627417
0.37183,-0.626538
0.372992,-0.625659
0.374154,-0.62478
0.375316,-0.623902
0.376478,-0.623023
0.37764,-0.622144
0.378802,-0.621265
0.379964,-0.620386
0.381125,-0.619508
0.382287,-0.618629
0.383449,-0.61775
0.384611,-0.616871
0.385773,-0.615993
0.386935,-0.615114
0.388097,-0.614235
0.389259,-0.613356
0.390421,-0.612477
0.391583,-0.611599
0.392745,-0.61072
0.393907,-0.609841
0.395069,-0.608962
0.39623,-0.608084
0.397392,-0.607205
0.398554,-0.606326
0.399716,-0.605447
0.400878,-0.604569
0.40204,-0.60369
0.403202,-0.602811
0.404364,-0.601932
0.405526,-0.601053
0.406688,-0.600175
0.40785,-0.599296
0.409012,-0.598417
0.410173,-0.597538
0.411335,-0.59666
0.412497,-0.595781
0.413659,-0.594902
0.414821,-0.594023
0.415983,-0.593144
0.417145,-0.592266
0.418307,-0.591387
0.419469,-0.590508
0.420631,-0.589629
0.421793,-0.588751
0.422955,-0.587872
0.424117,-0.586993
0.425278,-0.586114
0.42644,-0.585235
0.427602,-0.584357
0.428764,-0.583478
0.429926,-0.582599
0.431088,-0.58172
0.43225,-0.580842
0.433412,-0.579963
0.434574,-0.579084
0.435736,-0.578205
0.436898,-0.577326
0.43806,-0.576448
0.439222,-0.575569
0.440383,-0.57469
0.441545,-0.573811
0.442707,-0.572933
0.443869,-0.572054
0.445031,-0.571175
0.446193,-0.570296
0.447355,-0.569417
0.448517,-0.568539
0.449679,-0.56766
0.450841,-0.566781
0.452003,-0.565902
0.453165,-0.565024
0.454327,-0.564145
0.455488,-0.563266
0.45665,-0.562387
0.457812,-0.561508
0.458974,-0.56063
0.460136,-0.559751
0.461298,-0.558872
0.46246,-0.557993
0.463622,-0.557115
0.464784,-0.556236
0.465946,-0.555357
0.467108,-0.554478
0.46827,-0.553599
0.469432,-0.552721
0.470593,-0.551842
0.471755,-0.550963
0.472917,-0.550084
0.474079,-0.549206
0.475241,-0.548327
0.476403,-0.547448
0.477565,-0.546569
0.478727,-0.54569
0.479889,-0.544812
0.481051,-0.543933
0.482213,-0.543054
0.483375,-0.542175
0.484537,-0.541297
0.484129,-0.541785
0.483721,-0.542273
0.483314,-0.542761
0.482906,-0.543248
0.482499,-0.543736
0.482091,-0.544224
0.481684,-0.544712
0.481276,-0.5452
0.480869,-0.545688
0.480461,-0.546176
0.480054,-0.546664
0.479646,-0.547152
0.479239,-0.54764
0.478831,-0.548128
0.478424,-0.548616
0.478016,-0.549104
0.477609,-0.549592
0.477201,-0.55008
0.476794,-0.550568
0.476386,-0.551056
0.475979,-0.551544
0.475571,-0.552032
0.475163,-0.55252
0.474756,-0.553008
0.474348,-0.553496
0.473941,-0.553984
0.473533,-0.554472
0.473126,-0.55496
0.472718,-0.555448
0.472311,-0.555936
0.471903,-0.556424
0.471496,-0.556912
0.471088,-0.5574
0.470681,-0.557888
0.470273,-0.558376
0.469866,-0.558864
0.469458,-0.559352
0.469051,-0.55984
0.468643,-0.560327
0.468236,-0.560815
0.467828,-0.561303
0.467421,-0.561791
0.467013,-0.562279
0.466605,-0.562767
0.466198,-0.563255
0.46579,-0.563743
0.465383,-0.564231
0.464975,-0.564719
0.464568,-0.565207
0.46416,-0.565695
0.463753,-0.566183
0.463345,-0.566671
0.462938,-0.567159
0.46253,-0.567647
0.462123,-0.568135
0.461715,-0.568623
0.461308,-0.569111
0.4609,-0.569599
0.460493,-0.570087
0.460085,-0.570575
0.459678,-0.571063
0.45927,-0.571551
0.458863,-0.572039
0.458455,-0.572527
0.458047,-0.573015
0.45764,-0.573503
0.457232,-0.573991
0.456825,-0.574479
0.456417,-0.574967
0.45601,-0.575455
0.455602,-0.575943
0.455195,-0.576431
0.454787,-0.576919
0.45438,-0.577406
0.453972,-0.577894
0.453565,-0.578382
0.453157,-0.57887
0.45275,-0.579358
0.452342,-0.579846
0.451935,-0.580334
0.451527,-0.580822
0.45112,-0.58131
0.450712,-0.581798
0.450305,-0.582286
0.449897,-0.582774
0.449489,-0.583262
0.449082,-0.58375
0.448674,-0.584238
0.448267,-0.584726
0.447859,-0.585214
0.447452,-0.585702
0.447044,-0.58619
0.446637,-0.586678
0.446229,-0.587166
0.445822,-0.587654
0.445414,-0.588142
0.445007,-0.58863
0.444599,-0.589118
0.444192,-0.589606
0.443784,-0.590094
0.443377,-0.590582
0.442969,-0.59107
0.442562,-0.591558
0.442154,-0.592046
0.441747,-0.592534
0.441339,-0.593022
0.440931,-0.59351
0.440524,-0.593998
0.440116,-0.594485
0.439709,-0.594973
0.439301,-0.595461
0.438894,-0.595949
0.438486,-0.596437
0.438079,-0.596925
0.437671,-0.597413
0.437264,-0.597901
0.436856,-0.598389
0.436449,-0.598877
0.436041,-0.599365
0.435634,-0.599853
0.435226,-0.600341
0.434819,-0.600829
0.434411,-0.601317
0.434004,-0.601805
0.433596,-0.602293
0.433189,-0.602781
0.432781,-0.603269
0.432373,-0.603757
0.431966,-0.604245
0.431558,-0.604733
0.431151,-0.605221
0.430743,-0.605709
0.430336,-0.606197
0.429928,-0.606685
0.429521,-0.607173
0.429113,-0.607661
0.428706,-0.608149
0.428298,-0.608637
0.427891,-0.609125
0.427483,-0.609613
0.427076,-0.610101
0.426668,-0.610589
0.426261,-0.611077
0.425853,-0.611564
0.425446,-0.612052
0.425038,-0.61254
0.424631,-0.613028
0.424223,-0.613516
0.423815,-0.614004
0.424607,-0.614163
0.425398,-0.614322
0.426189,-0.614481
0.42698,-0.61464
0.427771,-0.614799
0.428562,-0.614958
0.429353,-0.615117
0.430144,-0.615275
0.430935,-0.615434
0.431726,-0.615593
0.432517,-0.615752
0.433308,-0.615911
0.434099,-0.61607
0.43489,-0.616229
0.435681,-0.616388
0.436472,-0.616546
0.437263,-0.616705
0.438054,-0.616864
0.438845,-0.617023
0.439636,-0.617182
0.440428,-0.617341
0.441219,-0.6175
0.44201,-0.617659
0.442801,-0.617818
0.443592,-0.617976
0.444383,-0.618135
0.445174,-0.618294
0.445965,-0.618453
0.446756,-0.618612
0.447547,-0.618771
0.448338,-0.61893
0.449129,-0.619089
0.44992,-0.619248
0.450711,-0.619406
0.451502,-0.619565
0.452293,-0.619724
0.453084,-0.619883
0.453875,-0.620042
0.454666,-0.620201
0.455457,-0.62036
0.456249,-0.620519
0.45704,-0.620677
0.457831,-0.620836
0.458622,-0.620995
0.459413,-0.621154
0.460204,-0.621313
0.460995,-0.621472
0.461786,-0.621631
0.462577,-0.62179
0.463368,-0.621949
0.464159,-0.622107
0.46495,-0.622266
0.465741,-0.622425
0.466532,-0.622584
0.467323,-0.622743
0.468114,-0.622902
0.468905,-0.623061
0.469696,-0.62322
0.470487,-0.623378
0.471279,-0.623537
0.47207,-0.623696
0.472861,-0.623855
0.473652,-0.624014
0.474443,-0.624173
0.475234,-0.624332
0.476025,-0.624491
0.476816,-0.62465
0.477607,-0.624808
0.478398,-0.624967
0.479189,-0.625126
0.47998,-0.625285
0.480771,-0.625444
0.481562,-0.625603
0.482353,-0.625762
0.483144,-0.625921
0.483935,-0.626079
0.484726,-0.626238
0.485517,-0.626397
0.486308,-0.626556
0.4871,-0.626715
0.487891,-0.626874
0.488682,-0.627033
0.489473,-0.627192
0.490264,-0.627351
0.491055,-0.627509
0.491846,-0.627668
0.492637,-0.627827
0.493428,-0.627986
0.494219,-0.628145
0.49501,-0.628304
0.495801,-0.628463
0.496592,-0.628622
0.497383,-0.628781
0.498174,-0.628939
0.498965,-0.629098
0.499756,-0.629257
0.500547,-0.629416
0.501338,-0.629575
0.502129,-0.629734
0.502921,-0.629893
0.503712,-0.630052
0.504503,-0.63021
0.505294,-0.630369
0.506085,-0.630528
0.506876,-0.630687
0.507667,-0.630846
0.508458,-0.631005
0.509249,-0.631164
0.51004,-0.631323
0.510831,-0.631482
0.511622,-0.63164
0.512413,-0.631799
0.513204,-0.631958
0.513995,-0.632117
0.514786,-0.632276
0.515577,-0.632435
0.516368,-0.632594
0.517159,-0.632753
0.51795,-0.632911
0.518742,-0.63307
0.519533,-0.633229
0.520324,-0.633388
0.521115,-0.633547
0.521906,-0.633706
0.522697,-0.633865
0.523488,-0.634024
0.524279,-0.634183
0.52507,-0.634341
0.525861,-0.6345
0.526652,-0.634659
0.527443,-0.634818
0.528234,-0.634977
0.529025,-0.635136
0.529816,-0.635295
0.530607,-0.635454
0.531398,-0.635613
0.532189,-0.635771
0.53298,-0.63593
0.533772,-0.636089
0.534563,-0.636248
0.535354,-0.636407
0.536145,-0.636566
0.536936,-0.636725
0.537727,-0.636884
0.538518,-0.637042
0.539309,-0.637201
0.5401,-0.63736
0.540891,-0.637519
0.541682,-0.637678
0.542473,-0.637837
0.543264,-0.637559
0.544055,-0.637281
0.544847,-0.637003
0.545638,-0.636725
0.546429,-0.636446
0.54722,-0.636168
0.548011,-0.63589
0.548802,-0.635612
0.549594,-0.635334
0.550385,-0.635056
0.551176,-0.634778
0.551967,-0.6345
0.552758,-0.634222
0.553549,-0.633944
0.554341,-0.633666
0.555132,-0.633388
0.555923,-0.63311
0.556714,-0.632831
0.557505,-0.632553
0.558296,-0.632275
0.559088,-0.631997
0.559879,-0.631719
0.56067,-0.631441
0.561461,-0.631163
0.562252,-0.630885
0.563043,-0.630607
0.563835,-0.630329
0.564626,-0.630051
0.565417,-0.629773
0.566208,-0.629495
0.566999,-0.629216
0.567791,-0.628938
0.568582,-0.62866
0.569373,-0.628382
0.570164,-0.628104
0.570955,-0.627826
0.571746,-0.627548
0.572538,-0.62727
0.573329,-0.626992
0.57412,-0.626714
0.574911,-0.626436
0.575702,-0.626158
0.576493,-0.625879
0.577285,-0.625601
0.578076,-0.625323
0.578867,-0.625045
0.579658,-0.624767
0.580449,-0.624489
0.58124,-0.624211
0.582032,-0.623933
0.582823,-0.623655
0.583614,-0.623377
0.584405,-0.623099
0.585196,-0.622821
0.585987,-0.622543
0.586779,-0.622264
0.58757,-0.621986
0.588361,-0.621708
0.589152,-0.62143
0.589943,-0.621152
0.590734,-0.620874
0.591526,-0.620596
0.592317,-0.620318
0.593108,-0.62004
0.593899,-0.619762
0.59469,-0.619484
0.595482,-0.619206
0.596273,-0.618927
0.597064,-0.618649
0.597855,-0.618371
0.598646,-0.618093
0.599437,-0.617815
0.600229,-0.617537
0.60102,-0.617259
0.601811,-0.616981
0.602602,-0.616703
0.603393,-0.616425
0.604184,-0.616147
0.604976,-0.615869
0.605767,-0.615591
0.606558,-0.615312
0.607349,-0.615034
0.60814,-0.614756
0.608931,-0.614478
0.609723,-0.6142
0.610514,-0.613922
0.611305,-0.613644
0.612096,-0.613366
0.612887,-0.613088
0.613678,-0.61281
0.61447,-0.612532
0.615261,-0.612254
0.616052,-0.611976
0.616843,-0.611697
0.617634,-0.611419
0.618425,-0.611141
0.619217,-0.610863
0.620008,-0.610585
0.620799,-0.610307
0.62159,-0.610029
0.622381,-0.609751
0.623172,-0.609473
0.623964,-0.609195
0.624755,-0.608917
0.625546,-0.608639
0.626337,-0.60836
0.627128,-0.608082
0.62792,-0.607804
0.628711,-0.607526
0.629502,-0.607248
0.630293,-0.60697
0.631084,-0.606692
0.631875,-0.606414
0.632667,-0.606136
0.633458,-0.605858
0.634249,-0.60558
0.63504,-0.605302
0.635831,-0.605024
0.636622,-0.604745
0.637414,-0.604467
0.638205,-0.604189
0.638996,-0.603911
0.639787,-0.603633
0.640578,-0.603355
0.641369,-0.603077
0.642161,-0.602799
0.642952,-0.602521
0.643743,-0.602243
0.644534,-0.601965
0.645325,-0.601687
0.646116,-0.601408
0.646908,-0.60113
0.647699,-0.600852
0.64849,-0.600574
0.649281,-0.600296
0.650072,-0.600018
0.650863,-0.59974
0.651655,-0.599462
0.652446,-0.599184
0.653237,-0.598906
0.654028,-0.598628
0.654819,-0.59835
0.65561,-0.598072
0.656402,-0.597793
0.657193,-0.597515
0.657984,-0.597237
0.658775,-0.596959
0.659566,-0.596681
0.660358,-0.596403
