O
15
1,0,-1,0.78,-0.5,0.75,0.0,0.0,0.0,0.3,0.4,0.02,0,0.8,False
2,0,-1,1.1,-0.5,0.93,0.0,0.0,0.0,0.02,0.4,0.2,0,0.8,False
3,0,-1,0.78,-0.5,1.11,0.0,0.0,0.0,0.3,0.4,0.02,0,0.8,False
4,0,-1,0.8,-0.92,0.93,0.0,0.0,0.0,0.32,0.02,0.2,0,0.8,False
5,0,-1,0.8,-0.08,0.93,0.0,0.0,0.0,0.32,0.02,0.2,0,0.8,False
6,2,0,0.9456863264390306,-0.5295448446036717,0.8500241327967659,0.0,0.0,1.1431873251897602,0.0673413422072725,0.0673413422072725,0.16004826559353166,0.2534081387025228,1.0782835926086423,False
7,0,0,0.7422725182431824,-0.2979970482446248,0.9086252541273359,0.0,0.0,0.9609087102505894,0.04167499141019938,0.07026152330498295,0.13862525412733587,0.08831403109383107,1.116872264116603,False
8,0,0,0.7519398600469134,-0.7618802817571759,0.86,0.0,0.0,2.5767765202770008,0.04832022357370911,0.03,0.09,0.47391795004251003,1.0605744384018705,False
9,0,0,0.6461849057568838,-0.5173911752936597,0.86,0.0,0.0,1.4863171124483967,0.032185733083881875,0.03307477368689695,0.09,0.3707266254504222,0.9572870136210008,False
10,0,0,0.9491451622404496,-0.7770919140376827,0.9088906887248152,0.0,0.0,0.8526529121158065,0.0428748129049937,0.03,0.1388906887248151,0.38199371132840293,1.1001422494520956,False
11,0,1,0.5232643718059369,-0.55774097136678,0.9110062941437294,0.0,0.0,2.021697624454384,0.03,0.0662209326043154,0.1410062941437293,0.4402163129035376,0.960488296694199,True
12,2,1,0.625355600482033,-0.6971400685950906,0.8450000000000001,0.0,0.0,4.612241886662461,0.03,0.03,0.15,0.2537164578423394,0.8308760720690795,True
13,2,1,0.9717167250255018,-0.3199623466210192,0.8663329061313868,0.0,0.0,4.911873426572385,0.03493258441588893,0.03493258441588893,0.1926658122627736,0.4581825682075266,0.82148941854061,True
14,2,1,0.5247070346014627,-0.7504728756557733,0.8450000000000001,0.0,0.0,5.839286142683115,0.039482007418715756,0.039482007418715756,0.15,0.37001791098821424,0.9798027138165305,True
15,2,1,0.768674938706964,-0.5728378466551214,0.8620681753702147,0.0,0.0,1.2035949217524275,0.03,0.03,0.1841363507404293,0.00838242967605346,1.0238586287265363,True
R
0.0,0.0,0.0,0.0,0.0,0.0,1.0
S
8
torso_lift_joint,0
r_shoulder_pan_joint,-1.69017
r_shoulder_lift_joint,-0.0788625
r_upper_arm_roll_joint,-1.69017
r_elbow_flex_joint,-1.2717
r_forearm_roll_joint,-0.151824
r_wrist_flex_joint,-1.25254
r_wrist_roll_joint,0.675062
G
0.673113,-0.71193,0.86,2.57678,-3.14159,3.14159
ooi
8
A
599
0.310248,-0.673113
0.311876,-0.67357
0.313504,-0.674026
0.315133,-0.674482
0.316761,-0.674939
0.318389,-0.675395
0.320017,-0.675852
0.321645,-0.676308
0.323273,-0.676765
0.324902,-0.677221
0.32653,-0.677678
0.328158,-0.678134
0.329786,-0.678591
0.331414,-0.679047
0.333042,-0.679504
0.334671,-0.67996
0.336299,-0.680417
0.337927,-0.680873
0.339555,-0.681329
0.341183,-0.681786
0.342811,-0.682242
0.34444,-0.682699
0.346068,-0.683155
0.347696,-0.683612
0.349324,-0.684068
0.350952,-0.684525
0.35258,-0.684981
0.354209,-0.685438
0.355837,-0.685894
0.357465,-0.686351
0.359093,-0.686807
0.360721,-0.687264
0.362349,-0.68772
0.363977,-0.688176
0.365606,-0.688633
0.367234,-0.689089
0.368862,-0.689546
0.37049,-0.690002
0.372118,-0.690459
0.373746,-0.690915
0.375375,-0.691372
0.377003,-0.691828
0.378631,-0.692285
0.380259,-0.692741
0.381887,-0.693198
0.383515,-0.693654
0.385144,-0.694111
0.386772,-0.694567
0.3884,-0.695023
0.390028,-0.69548
0.391656,-0.695936
0.393284,-0.696393
0.394913,-0.696849
0.396541,-0.697306
0.398169,-0.697762
0.399797,-0.698219
0.401425,-0.698675
0.403053,-0.699132
0.404681,-0.699588
0.40631,-0.700045
0.407938,-0.700501
0.409566,-0.700957
0.411194,-0.701414
0.412822,-0.70187
0.41445,-0.702327
0.416079,-0.702783
0.417707,-0.70324
0.419335,-0.703696
0.420963,-0.704153
0.422591,-0.704609
0.424219,-0.705066
0.425848,-0.705522
0.427476,-0.705979
0.429104,-0.706435
0.430732,-0.706892
0.43236,-0.707348
0.433988,-0.707804
0.435617,-0.708261
0.437245,-0.708717
0.438873,-0.709174
0.440501,-0.70963
0.442129,-0.710087
0.443757,-0.710543
0.445385,-0.711
0.447014,-0.711456
0.448642,-0.711913
0.45027,-0.712369
0.451898,-0.712826
0.453526,-0.713282
0.455154,-0.713739
0.456783,-0.714195
0.458411,-0.714651
0.460039,-0.715108
0.461667,-0.715564
0.463295,-0.716021
0.464923,-0.716477
0.466552,-0.716934
0.46818,-0.71739
0.469808,-0.717847
0.471436,-0.718303
0.473064,-0.71876
0.474692,-0.719216
0.476321,-0.719673
0.477949,-0.720129
0.479577,-0.720586
0.481205,-0.721042
0.482833,-0.721498
0.484461,-0.721955
0.486089,-0.722411
0.487718,-0.722868
0.489346,-0.723324
0.490974,-0.723781
0.492602,-0.724237
0.49423,-0.724694
0.495858,-0.72515
0.497487,-0.725607
0.499115,-0.726063
0.500743,-0.72652
0.502371,-0.726976
0.503999,-0.727433
0.505627,-0.727889
0.507256,-0.728345
0.508884,-0.728802
0.510512,-0.729258
0.51214,-0.729715
0.513768,-0.730171
0.515396,-0.730628
0.517025,-0.731084
0.518653,-0.731541
0.520281,-0.731997
0.521909,-0.732454
0.523537,-0.73291
0.525165,-0.733367
0.526793,-0.733823
0.528422,-0.73428
0.53005,-0.734736
0.531678,-0.735192
0.533306,-0.735649
0.534934,-0.736105
0.536562,-0.736562
0.538191,-0.737018
0.539819,-0.737475
0.541447,-0.737931
0.543075,-0.738388
0.544703,-0.738844
0.546331,-0.739301
0.54796,-0.739757
0.549588,-0.740214
0.551216,-0.74067
0.552844,-0.741126
0.554472,-0.741583
0.554444,-0.741715
0.554416,-0.741847
0.554388,-0.741979
0.554359,-0.742111
0.554331,-0.742243
0.554303,-0.742376
0.554275,-0.742508
0.554247,-0.74264
0.554218,-0.742772
0.55419,-0.742904
0.554162,-0.743036
0.554134,-0.743168
0.554105,-0.7433
0.554077,-0.743432
0.554049,-0.743564
0.554021,-0.743696
0.553993,-0.743829
0.553964,-0.743961
0.553936,-0.744093
0.553908,-0.744225
0.55388,-0.744357
0.553852,-0.744489
0.553823,-0.744621
0.553795,-0.744753
0.553767,-0.744885
0.553739,-0.745017
0.55371,-0.745149
0.553682,-0.745282
0.553654,-0.745414
0.553626,-0.745546
0.553598,-0.745678
0.553569,-0.74581
0.553541,-0.745942
0.553513,-0.746074
0.553485,-0.746206
0.553457,-0.746338
0.553428,-0.74647
0.5534,-0.746602
0.553372,-0.746735
0.553344,-0.746867
0.553316,-0.746999
0.553287,-0.747131
0.553259,-0.747263
0.553231,-0.747395
0.553203,-0.747527
0.553174,-0.747659
0.553146,-0.747791
0.553118,-0.747923
0.55309,-0.748055
0.553062,-0.748188
0.553033,-0.74832
0.553005,-0.748452
0.552977,-0.748584
0.552949,-0.748716
0.552921,-0.748848
0.552892,-0.74898
0.552864,-0.749112
0.552836,-0.749244
0.552808,-0.749376
0.552779,-0.749508
0.552751,-0.749641
0.552723,-0.749773
0.552695,-0.749905
0.552667,-0.750037
0.552638,-0.750169
0.55261,-0.750301
0.552582,-0.750433
0.552554,-0.750565
0.552526,-0.750697
0.552497,-0.750829
0.552469,-0.750961
0.552441,-0.751094
0.552413,-0.751226
0.552384,-0.751358
0.552356,-0.75149
0.552328,-0.751622
0.5523,-0.751754
0.552272,-0.751886
0.552243,-0.752018
0.552215,-0.75215
0.552187,-0.752282
0.552159,-0.752414
0.552131,-0.752547
0.552102,-0.752679
0.552074,-0.752811
0.552046,-0.752943
0.552018,-0.753075
0.55199,-0.753207
0.551961,-0.753339
0.551933,-0.753471
0.551905,-0.753603
0.551877,-0.753735
0.551848,-0.753867
0.55182,-0.754
0.551792,-0.754132
0.551764,-0.754264
0.551736,-0.754396
0.551707,-0.754528
0.551679,-0.75466
0.551651,-0.754792
0.551623,-0.754924
0.551595,-0.755056
0.551566,-0.755188
0.551538,-0.755321
0.55151,-0.755453
0.551482,-0.755585
0.551453,-0.755717
0.551425,-0.755849
0.551397,-0.755981
0.551369,-0.756113
0.551341,-0.756245
0.551312,-0.756377
0.551284,-0.756509
0.551256,-0.756641
0.551228,-0.756774
0.5512,-0.756906
0.551171,-0.757038
0.551143,-0.75717
0.551115,-0.757302
0.551087,-0.757434
0.551059,-0.757566
0.55103,-0.757698
0.551002,-0.75783
0.550974,-0.757962
0.550946,-0.758094
0.550917,-0.758227
0.550889,-0.758359
0.550861,-0.758491
0.550833,-0.758623
0.550805,-0.758755
0.550776,-0.758887
0.550748,-0.759019
0.55072,-0.759151
0.550692,-0.759283
0.550664,-0.759415
0.550635,-0.759547
0.550607,-0.75968
0.550579,-0.759812
0.550551,-0.759944
0.550522,-0.760076
0.550494,-0.760208
0.550466,-0.76034
0.550438,-0.760472
0.55041,-0.760604
0.550381,-0.760736
0.550353,-0.760868
0.550325,-0.761
0.550297,-0.761133
0.550269,-0.761265
0.550352,-0.760257
0.550436,-0.75925
0.55052,-0.758242
0.550604,-0.757235
0.550688,-0.756227
0.550772,-0.75522
0.550856,-0.754212
0.55094,-0.753205
0.551024,-0.752197
0.551107,-0.75119
0.551191,-0.750182
0.551275,-0.749175
0.551359,-0.748168
0.551443,-0.74716
0.551527,-0.746153
0.551611,-0.745145
0.551695,-0.744138
0.551779,-0.74313
0.551863,-0.742123
0.551946,-0.741115
0.55203,-0.740108
0.552114,-0.7391
0.552198,-0.738093
0.552282,-0.737085
0.552366,-0.736078
0.55245,-0.73507
0.552534,-0.734063
0.552618,-0.733055
0.552701,-0.732048
0.552785,-0.73104
0.552869,-0.730033
0.552953,-0.729026
0.553037,-0.728018
0.553121,-0.727011
0.553205,-0.726003
0.553289,-0.724996
0.553373,-0.723988
0.553456,-0.722981
0.55354,-0.721973
0.553624,-0.720966
0.553708,-0.719958
0.553792,-0.718951
0.553876,-0.717943
0.55396,-0.716936
0.554044,-0.715928
0.554128,-0.714921
0.554212,-0.713913
0.554295,-0.712906
0.554379,-0.711899
0.554463,-0.710891
0.554547,-0.709884
0.554631,-0.708876
0.554715,-0.707869
0.554799,-0.706861
0.554883,-0.705854
0.554967,-0.704846
0.55505,-0.703839
0.555134,-0.702831
0.555218,-0.701824
0.555302,-0.700816
0.555386,-0.699809
0.55547,-0.698801
0.555554,-0.697794
0.555638,-0.696786
0.555722,-0.695779
0.555805,-0.694772
0.555889,-0.693764
0.555973,-0.692757
0.556057,-0.691749
0.556141,-0.690742
0.556225,-0.689734
0.556309,-0.688727
0.556393,-0.687719
0.556477,-0.686712
0.556561,-0.685704
0.556644,-0.684697
0.556728,-0.683689
0.556812,-0.682682
0.556896,-0.681674
0.55698,-0.680667
0.557064,-0.679659
0.557148,-0.678652
0.557232,-0.677645
0.557316,-0.676637
0.557399,-0.67563
0.557483,-0.674622
0.557567,-0.673615
0.557651,-0.672607
0.557735,-0.6716
0.557819,-0.670592
0.557903,-0.669585
0.557987,-0.668577
0.558071,-0.66757
0.558154,-0.666562
0.558238,-0.665555
0.558322,-0.664547
0.558406,-0.66354
0.55849,-0.662532
0.558574,-0.661525
0.558658,-0.660518
0.558742,-0.65951
0.558826,-0.658503
0.55891,-0.657495
0.558993,-0.656488
0.559077,-0.65548
0.559161,-0.654473
0.559245,-0.653465
0.559329,-0.652458
0.559413,-0.65145
0.559497,-0.650443
0.559581,-0.649435
0.559665,-0.648428
0.559748,-0.64742
0.559832,-0.646413
0.559916,-0.645405
0.56,-0.644398
0.560084,-0.643391
0.560168,-0.642383
0.560252,-0.641376
0.560336,-0.640368
0.56042,-0.639361
0.560503,-0.638353
0.560587,-0.637346
0.560671,-0.636338
0.560755,-0.635331
0.560839,-0.634323
0.560923,-0.633316
0.561007,-0.632308
0.561091,-0.631301
0.561175,-0.630293
0.561259,-0.629286
0.561342,-0.628278
0.561426,-0.627271
0.56151,-0.626263
0.561594,-0.625256
0.561678,-0.624249
0.561762,-0.623241
0.561846,-0.622234
0.56193,-0.621226
0.562014,-0.620219
0.562097,-0.619211
0.562181,-0.618204
0.562265,-0.617196
0.562349,-0.616189
0.562433,-0.615181
0.562517,-0.614174
0.562601,-0.613166
0.562685,-0.612159
0.562769,-0.611151
0.562852,-0.610144
0.563592,-0.610827
0.564332,-0.61151
0.565072,-0.612193
0.565813,-0.612876
0.566553,-0.61356
0.567293,-0.614243
0.568033,-0.614926
0.568773,-0.615609
0.569513,-0.616292
0.570253,-0.616975
0.570993,-0.617658
0.571733,-0.618341
0.572473,-0.619025
0.573213,-0.619708
0.573953,-0.620391
0.574693,-0.621074
0.575433,-0.621757
0.576173,-0.62244
0.576913,-0.623123
0.577653,-0.623806
0.578393,-0.62449
0.579133,-0.625173
0.579873,-0.625856
0.580613,-0.626539
0.581353,-0.627222
0.582093,-0.627905
0.582833,-0.628588
0.583573,-0.629271
0.584313,-0.629955
0.585053,-0.630638
0.585793,-0.631321
0.586533,-0.632004
0.587273,-0.632687
0.588013,-0.63337
0.588753,-0.634053
0.589493,-0.634736
0.590233,-0.63542
0.590973,-0.636103
0.591713,-0.636786
0.592453,-0.637469
0.593193,-0.638152
0.593933,-0.638835
0.594673,-0.639518
0.595413,-0.640201
0.596153,-0.640885
0.596893,-0.641568
0.597633,-0.642251
0.598373,-0.642934
0.599113,-0.643617
0.599853,-0.6443
0.600593,-0.644983
0.601333,-0.645666
0.602073,-0.64635
0.602813,-0.647033
0.603553,-0.647716
0.604293,-0.648399
0.605033,-0.649082
0.605773,-0.649765
0.606513,-0.650448
0.607253,-0.651131
0.607993,-0.651815
0.608733,-0.652498
0.609473,-0.653181
0.610213,-0.653864
0.610953,-0.654547
0.611693,-0.65523
0.612433,-0.655913
0.613173,-0.656596
0.613913,-0.65728
0.614653,-0.657963
0.615393,-0.658646
0.616133,-0.659329
0.616873,-0.660012
0.617613,-0.660695
0.618353,-0.661378
0.619093,-0.662061
0.619833,-0.662745
0.620573,-0.663428
0.621313,-0.664111
0.622053,-0.664794
0.622793,-0.665477
0.623533,-0.66616
0.624273,-0.666843
0.625013,-0.667526
0.625753,-0.66821
0.626493,-0.668893
0.627233,-0.669576
0.627973,-0.670259
0.628713,-0.670942
0.629453,-0.671625
0.630193,-0.672308
0.630933,-0.672991
0.631673,-0.673675
0.632413,-0.674358
0.633153,-0.675041
0.633893,-0.675724
0.634633,-0.676407
0.635373,-0.67709
0.636113,-0.677773
0.636853,-0.678457
0.637593,-0.67914
0.638333,-0.679823
0.639073,-0.680506
0.639813,-0.681189
0.640553,-0.681872
0.641293,-0.682555
0.642033,-0.683238
0.642773,-0.683922
0.643513,-0.684605
0.644253,-0.685288
0.644993,-0.685971
0.645733,-0.686654
0.646473,-0.687337
0.647213,-0.68802
0.647953,-0.688703
0.648693,-0.689387
0.649433,-0.69007
0.650173,-0.690753
0.650913,-0.691436
0.651653,-0.692119
0.652393,-0.692802
0.653133,-0.693485
0.653873,-0.694168
0.654613,-0.694852
0.655353,-0.695535
0.656093,-0.696218
0.656833,-0.696901
0.657573,-0.697584
0.658313,-0.698267
0.659053,-0.69895
0.659793,-0.699633
0.660533,-0.700317
0.661273,-0.701
0.662013,-0.701683
0.662753,-0.702366
0.663493,-0.703049
0.664233,-0.703732
0.664973,-0.704415
0.665713,-0.705098
0.666453,-0.705782
0.667193,-0.706465
0.667933,-0.707148
0.668673,-0.707831
0.669413,-0.708514
0.670153,-0.709197
0.670893,-0.70988
0.671633,-0.710563
0.672373,-0.711247
0.673113,-0.71193
