O
15
1,0,-1,0.78,-0.5,0.75,0.0,0.0,0.0,0.3,0.4,0.02,0,0.8,False
2,0,-1,1.1,-0.5,0.93,0.0,0.0,0.0,0.02,0.4,0.2,0,0.8,False
3,0,-1,0.78,-0.5,1.11,0.0,0.0,0.0,0.3,0.4,0.02,0,0.8,False
4,0,-1,0.8,-0.92,0.93,0.0,0.0,0.0,0.32,0.02,0.2,0,0.8,False
5,0,-1,0.8,-0.08,0.93,0.0,0.0,0.0,0.32,0.02,0.2,0,0.8,False
6,2,0,0.9223588450750275,-0.40390822261875275,0.8450000000000001,0.0,0.0,4.952476009519073,0.03,0.03,0.15,0.07930170727860242,1.1502015776293975,False
7,0,0,0.5974606236067861,-0.5362453592156029,0.9120799625745696,0.0,0.0,1.512362587363701,0.03,0.03298161941713454,0.1420799625745696,0.07217303477172965,1.1568528793462507,False
8,0,0,0.9427917768063032,-0.6713679111941853,0.911491104401838,0.0,0.0,5.382961384215783,0.03,0.04026477533605598,0.141491104401838,0.15378029241335212,1.0873591778161869,False
9,0,0,0.7069927432260925,-0.4140036562093077,0.86,0.0,0.0,5.468791889012831,0.03,0.039876543235382644,0.09,0.1356720770549708,1.188131327617652,False
10,2,0,0.5253612936633165,-0.3330738810728958,0.8450000000000001,0.0,0.0,5.0235077447179055,0.03,0.03,0.15,0.1839807466360634,1.0537315775672509,False
11,0,1,0.9672989870083972,-0.25002081303282764,0.874828373384712,0.0,0.0,0.11462158305246861,0.05512169448078324,0.03,0.10482837338471195,0.16780019916150785,0.9252902593850667,True
12,0,1,0.657692726228993,-0.27367548499286254,0.86,0.0,0.0,2.5401337087427325,0.03078369502168257,0.03,0.09,0.2225949180927661,1.0102028238358194,True
13,2,1,0.5412155642693636,-0.7140507396580816,0.8450000000000001,0.0,0.0,4.852800206962473,0.03,0.03,0.15,0.10637201481488606,1.0293186202234377,True
14,2,1,0.7639173686679426,-0.5455372733291265,0.8450000000000001,0.0,0.0,5.455200927195479,0.050607661832285065,0.050607661832285065,0.15,0.03551350644381762,0.8498262963945227,True
15,2,1,0.7037304296389967,-0.810879271850919,0.8450000000000001,0.0,0.0,1.4804615841695008,0.06234659519214961,0.06234659519214961,0.15,0.3594270544706354,1.0916827731249623,True
R
0.0,0.0,0.0,0.0,0.0,0.0,1.0
S
8
torso_lift_joint,0
r_shoulder_pan_joint,-1.69017
r_shoulder_lift_joint,-0.0788625
r_upper_arm_roll_joint,-1.69017
r_elbow_flex_joint,-1.2717
r_forearm_roll_joint,-0.151824
r_wrist_flex_joint,-1.25254
r_wrist_roll_joint,0.675062
G
0.519612,-0.531691,0.91208,3.08316,-3.14159,3.14159
ooi
7
A
599
0.310248,-0.673113
0.311356,-0.672803
0.312463,-0.672493
0.31357,-0.672183
0.314678,-0.671873
0.315785,-0.671563
0.316892,-0.671253
0.318,-0.670943
0.319107,-0.670633
0.320214,-0.670323
0.321322,-0.670013
0.322429,-0.669703
0.323536,-0.669393
0.324644,-0.669083
0.325751,-0.668773
0.326858,-0.668462
0.327966,-0.668152
0.329073,-0.667842
0.33018,-0.667532
0.331288,-0.667222
0.332395,-0.666912
0.333502,-0.666602
0.33461,-0.666292
0.335717,-0.665982
0.336824,-0.665672
0.337932,-0.665362
0.339039,-0.665052
0.340146,-0.664742
0.341254,-0.664432
0.342361,-0.664122
0.343468,-0.663812
0.344576,-0.663502
0.345683,-0.663192
0.34679,-0.662882
0.347898,-0.662572
0.349005,-0.662262
0.350112,-0.661952
0.35122,-0.661642
0.352327,-0.661332
0.353434,-0.661022
0.354542,-0.660711
0.355649,-0.660401
0.356756,-0.660091
0.357864,-0.659781
0.358971,-0.659471
0.360078,-0.659161
0.361186,-0.658851
0.362293,-0.658541
0.3634,-0.658231
0.364508,-0.657921
0.365615,-0.657611
0.366722,-0.657301
0.36783,-0.656991
0.368937,-0.656681
0.370044,-0.656371
0.371152,-0.656061
0.372259,-0.655751
0.373366,-0.655441
0.374474,-0.655131
0.375581,-0.654821
0.376688,-0.654511
0.377796,-0.654201
0.378903,-0.653891
0.38001,-0.653581
0.381118,-0.653271
0.382225,-0.65296
0.383332,-0.65265
0.38444,-0.65234
0.385547,-0.65203
0.386654,-0.65172
0.387762,-0.65141
0.388869,-0.6511
0.389976,-0.65079
0.391084,-0.65048
0.392191,-0.65017
0.393298,-0.64986
0.394406,-0.64955
0.395513,-0.64924
0.39662,-0.64893
0.397728,-0.64862
0.398835,-0.64831
0.399942,-0.648
0.40105,-0.64769
0.402157,-0.64738
0.403264,-0.64707
0.404372,-0.64676
0.405479,-0.64645
0.406586,-0.64614
0.407694,-0.64583
0.408801,-0.645519
0.409908,-0.645209
0.411016,-0.644899
0.412123,-0.644589
0.41323,-0.644279
0.414338,-0.643969
0.415445,-0.643659
0.416552,-0.643349
0.41766,-0.643039
0.418767,-0.642729
0.419874,-0.642419
0.420982,-0.642109
0.422089,-0.641799
0.423196,-0.641489
0.424304,-0.641179
0.425411,-0.640869
0.426518,-0.640559
0.427626,-0.640249
0.428733,-0.639939
0.42984,-0.639629
0.430948,-0.639319
0.432055,-0.639009
0.433162,-0.638699
0.43427,-0.638389
0.435377,-0.638079
0.436484,-0.637768
0.437592,-0.637458
0.438699,-0.637148
0.439806,-0.636838
0.440914,-0.636528
0.442021,-0.636218
0.443128,-0.635908
0.444236,-0.635598
0.445343,-0.635288
0.44645,-0.634978
0.447558,-0.634668
0.448665,-0.634358
0.449772,-0.634048
0.45088,-0.633738
0.451987,-0.633428
0.453094,-0.633118
0.454202,-0.632808
0.455309,-0.632498
0.456416,-0.632188
0.457524,-0.631878
0.458631,-0.631568
0.459738,-0.631258
0.460846,-0.630948
0.461953,-0.630638
0.46306,-0.630328
0.464168,-0.630017
0.465275,-0.629707
0.466382,-0.629397
0.46749,-0.629087
0.468597,-0.628777
0.469704,-0.628467
0.470812,-0.628157
0.471919,-0.627847
0.473026,-0.627537
0.474134,-0.627227
0.475241,-0.626917
0.476348,-0.626607
0.475877,-0.626766
0.475406,-0.626924
0.474935,-0.627083
0.474464,-0.627242
0.473993,-0.6274
0.473522,-0.627559
0.473051,-0.627718
0.47258,-0.627876
0.472108,-0.628035
0.471637,-0.628193
0.471166,-0.628352
0.470695,-0.628511
0.470224,-0.628669
0.469753,-0.628828
0.469282,-0.628987
0.468811,-0.629145
0.46834,-0.629304
0.467869,-0.629463
0.467397,-0.629621
0.466926,-0.62978
0.466455,-0.629938
0.465984,-0.630097
0.465513,-0.630256
0.465042,-0.630414
0.464571,-0.630573
0.4641,-0.630732
0.463629,-0.63089
0.463158,-0.631049
0.462686,-0.631208
0.462215,-0.631366
0.461744,-0.631525
0.461273,-0.631683
0.460802,-0.631842
0.460331,-0.632001
0.45986,-0.632159
0.459389,-0.632318
0.458918,-0.632477
0.458447,-0.632635
0.457976,-0.632794
0.457504,-0.632953
0.457033,-0.633111
0.456562,-0.63327
0.456091,-0.633428
0.45562,-0.633587
0.455149,-0.633746
0.454678,-0.633904
0.454207,-0.634063
0.453736,-0.634222
0.453265,-0.63438
0.452793,-0.634539
0.452322,-0.634698
0.451851,-0.634856
0.45138,-0.635015
0.450909,-0.635173
0.450438,-0.635332
0.449967,-0.635491
0.449496,-0.635649
0.449025,-0.635808
0.448554,-0.635967
0.448082,-0.636125
0.447611,-0.636284
0.44714,-0.636443
0.446669,-0.636601
0.446198,-0.63676
0.445727,-0.636918
0.445256,-0.637077
0.444785,-0.637236
0.444314,-0.637394
0.443843,-0.637553
0.443371,-0.637712
0.4429,-0.63787
0.442429,-0.638029
0.441958,-0.638188
0.441487,-0.638346
0.441016,-0.638505
0.440545,-0.638663
0.440074,-0.638822
0.439603,-0.638981
0.439132,-0.639139
0.438661,-0.639298
0.438189,-0.639457
0.437718,-0.639615
0.437247,-0.639774
0.436776,-0.639933
0.436305,-0.640091
0.435834,-0.64025
0.435363,-0.640408
0.434892,-0.640567
0.434421,-0.640726
0.43395,-0.640884
0.433478,-0.641043
0.433007,-0.641202
0.432536,-0.64136
0.432065,-0.641519
0.431594,-0.641678
0.431123,-0.641836
0.430652,-0.641995
0.430181,-0.642154
0.42971,-0.642312
0.429239,-0.642471
0.428767,-0.642629
0.428296,-0.642788
0.427825,-0.642947
0.427354,-0.643105
0.426883,-0.643264
0.426412,-0.643423
0.425941,-0.643581
0.42547,-0.64374
0.424999,-0.643899
0.424528,-0.644057
0.424056,-0.644216
0.423585,-0.644374
0.423114,-0.644533
0.422643,-0.644692
0.422172,-0.64485
0.421701,-0.645009
0.42123,-0.645168
0.420759,-0.645326
0.420288,-0.645485
0.419817,-0.645644
0.419346,-0.645802
0.418874,-0.645961
0.418403,-0.646119
0.417932,-0.646278
0.417461,-0.646437
0.41699,-0.646595
0.416519,-0.646754
0.416048,-0.646913
0.415577,-0.647071
0.415106,-0.64723
0.414635,-0.647389
0.414163,-0.647547
0.413692,-0.647706
0.413221,-0.647864
0.41275,-0.648023
0.412279,-0.648182
0.411808,-0.64834
0.411337,-0.648499
0.410866,-0.648658
0.410395,-0.648816
0.409924,-0.648975
0.409452,-0.649134
0.408981,-0.649292
0.40851,-0.649451
0.408039,-0.649609
0.407568,-0.649768
0.407097,-0.649927
0.406626,-0.650085
0.406155,-0.650244
0.406365,-0.650135
0.406575,-0.650027
0.406785,-0.649918
0.406996,-0.64981
0.407206,-0.649701
0.407416,-0.649593
0.407626,-0.649484
0.407837,-0.649376
0.408047,-0.649267
0.408257,-0.649159
0.408467,-0.64905
0.408677,-0.648942
0.408888,-0.648833
0.409098,-0.648725
0.409308,-0.648616
0.409518,-0.648508
0.409729,-0.648399
0.409939,-0.64829
0.410149,-0.648182
0.410359,-0.648073
0.410569,-0.647965
0.41078,-0.647856
0.41099,-0.647748
0.4112,-0.647639
0.41141,-0.647531
0.411621,-0.647422
0.411831,-0.647314
0.412041,-0.647205
0.412251,-0.647097
0.412461,-0.646988
0.412672,-0.64688
0.412882,-0.646771
0.413092,-0.646663
0.413302,-0.646554
0.413513,-0.646445
0.413723,-0.646337
0.413933,-0.646228
0.414143,-0.64612
0.414353,-0.646011
0.414564,-0.645903
0.414774,-0.645794
0.414984,-0.645686
0.415194,-0.645577
0.415405,-0.645469
0.415615,-0.64536
0.415825,-0.645252
0.416035,-0.645143
0.416245,-0.645035
0.416456,-0.644926
0.416666,-0.644817
0.416876,-0.644709
0.417086,-0.6446
0.417297,-0.644492
0.417507,-0.644383
0.417717,-0.644275
0.417927,-0.644166
0.418137,-0.644058
0.418348,-0.643949
0.418558,-0.643841
0.418768,-0.643732
0.418978,-0.643624
0.419189,-0.643515
0.419399,-0.643407
0.419609,-0.643298
0.419819,-0.64319
0.420029,-0.643081
0.42024,-0.642972
0.42045,-0.642864
0.42066,-0.642755
0.42087,-0.642647
0.421081,-0.642538
0.421291,-0.64243
0.421501,-0.642321
0.421711,-0.642213
0.421921,-0.642104
0.422132,-0.641996
0.422342,-0.641887
0.422552,-0.641779
0.422762,-0.64167
0.422973,-0.641562
0.423183,-0.641453
0.423393,-0.641345
0.423603,-0.641236
0.423813,-0.641127
0.424024,-0.641019
0.424234,-0.64091
0.424444,-0.640802
0.424654,-0.640693
0.424865,-0.640585
0.425075,-0.640476
0.425285,-0.640368
0.425495,-0.640259
0.425705,-0.640151
0.425916,-0.640042
0.426126,-0.639934
0.426336,-0.639825
0.426546,-0.639717
0.426757,-0.639608
0.426967,-0.639499
0.427177,-0.639391
0.427387,-0.639282
0.427597,-0.639174
0.427808,-0.639065
0.428018,-0.638957
0.428228,-0.638848
0.428438,-0.63874
0.428649,-0.638631
0.428859,-0.638523
0.429069,-0.638414
0.429279,-0.638306
0.429489,-0.638197
0.4297,-0.638089
0.42991,-0.63798
0.43012,-0.637872
0.43033,-0.637763
0.430541,-0.637654
0.430751,-0.637546
0.430961,-0.637437
0.431171,-0.637329
0.431381,-0.63722
0.431592,-0.637112
0.431802,-0.637003
0.432012,-0.636895
0.432222,-0.636786
0.432432,-0.636678
0.432643,-0.636569
0.432853,-0.636461
0.433063,-0.636352
0.433273,-0.636244
0.433484,-0.636135
0.433694,-0.636027
0.433904,-0.635918
0.434114,-0.635809
0.434324,-0.635701
0.434535,-0.635592
0.434745,-0.635484
0.434955,-0.635375
0.435165,-0.635267
0.435376,-0.635158
0.435586,-0.63505
0.435796,-0.634941
0.436006,-0.634833
0.436216,-0.634724
0.436427,-0.634616
0.436637,-0.634507
0.436847,-0.634399
0.437057,-0.63429
0.437268,-0.634181
0.437478,-0.634073
0.437688,-0.633964
0.438238,-0.633278
0.438788,-0.632592
0.439338,-0.631905
0.439887,-0.631219
0.440437,-0.630532
0.440987,-0.629846
0.441537,-0.62916
0.442087,-0.628473
0.442636,-0.627787
0.443186,-0.6271
0.443736,-0.626414
0.444286,-0.625728
0.444836,-0.625041
0.445386,-0.624355
0.445935,-0.623668
0.446485,-0.622982
0.447035,-0.622296
0.447585,-0.621609
0.448135,-0.620923
0.448685,-0.620236
0.449234,-0.61955
0.449784,-0.618864
0.450334,-0.618177
0.450884,-0.617491
0.451434,-0.616804
0.451984,-0.616118
0.452533,-0.615432
0.453083,-0.614745
0.453633,-0.614059
0.454183,-0.613372
0.454733,-0.612686
0.455282,-0.612
0.455832,-0.611313
0.456382,-0.610627
0.456932,-0.609941
0.457482,-0.609254
0.458032,-0.608568
0.458581,-0.607881
0.459131,-0.607195
0.459681,-0.606509
0.460231,-0.605822
0.460781,-0.605136
0.461331,-0.604449
0.46188,-0.603763
0.46243,-0.603077
0.46298,-0.60239
0.46353,-0.601704
0.46408,-0.601017
0.46463,-0.600331
0.465179,-0.599645
0.465729,-0.598958
0.466279,-0.598272
0.466829,-0.597585
0.467379,-0.596899
0.467928,-0.596213
0.468478,-0.595526
0.469028,-0.59484
0.469578,-0.594153
0.470128,-0.593467
0.470678,-0.592781
0.471227,-0.592094
0.471777,-0.591408
0.472327,-0.590721
0.472877,-0.590035
0.473427,-0.589349
0.473977,-0.588662
0.474526,-0.587976
0.475076,-0.587289
0.475626,-0.586603
0.476176,-0.585917
0.476726,-0.58523
0.477276,-0.584544
0.477825,-0.583857
0.478375,-0.583171
0.478925,-0.582485
0.479475,-0.581798
0.480025,-0.581112
0.480574,-0.580425
0.481124,-0.579739
0.481674,-0.579053
0.482224,-0.578366
0.482774,-0.57768
0.483324,-0.576993
0.483873,-0.576307
0.484423,-0.575621
0.484973,-0.574934
0.485523,-0.574248
0.486073,-0.573561
0.486623,-0.572875
0.487172,-0.572189
0.487722,-0.571502
0.488272,-0.570816
0.488822,-0.570129
0.489372,-0.569443
0.489922,-0.568757
0.490471,-0.56807
0.491021,-0.567384
0.491571,-0.566697
0.492121,-0.566011
0.492671,-0.565325
0.49322,-0.564638
0.49377,-0.563952
0.49432,-0.563265
0.49487,-0.562579
0.49542,-0.561893
0.49597,-0.561206
0.496519,-0.56052
0.497069,-0.559833
0.497619,-0.559147
0.498169,-0.558461
0.498719,-0.557774
0.499269,-0.557088
0.499818,-0.556402
0.500368,-0.555715
0.500918,-0.555029
0.501468,-0.554342
0.502018,-0.553656
0.502567,-0.55297
0.503117,-0.552283
0.503667,-0.551597
0.504217,-0.55091
0.504767,-0.550224
0.505317,-0.549538
0.505866,-0.548851
0.506416,-0.548165
0.506966,-0.547478
0.507516,-0.546792
0.508066,-0.546106
0.508616,-0.545419
0.509165,-0.544733
0.509715,-0.544046
0.510265,-0.54336
0.510815,-0.542674
0.511365,-0.541987
0.511915,-0.541301
0.512464,-0.540614
0.513014,-0.539928
0.513564,-0.539242
0.514114,-0.538555
0.514664,-0.537869
0.515213,-0.537182
0.515763,-0.536496
0.516313,-0.53581
0.516863,-0.535123
0.517413,-0.534437
0.517963,-0.53375
0.518512,-0.533064
0.519062,-0.532378
0.519612,-0.531691
