O
15
1,0,-1,0.78,-0.5,0.75,0.0,0.0,0.0,0.3,0.4,0.02,0,0.8,False
2,0,-1,1.1,-0.5,0.93,0.0,0.0,0.0,0.02,0.4,0.2,0,0.8,False
3,0,-1,0.78,-0.5,1.11,0.0,0.0,0.0,0.3,0.4,0.02,0,0.8,False
4,0,-1,0.8,-0.92,0.93,0.0,0.0,0.0,0.32,0.02,0.2,0,0.8,False
5,0,-1,0.8,-0.08,0.93,0.0,0.0,0.0,0.32,0.02,0.2,0,0.8,False
6,0,0,0.6119539966908096,-0.32542001166299483,0.86,0.0,0.0,4.192116703207353,0.06158779070140858,0.04483570666780282,0.09,0.43817525755865516,0.8481881026432612,False
7,2,0,0.7534134537187631,-0.2548049936050334,0.8450000000000001,0.0,0.0,3.477455355288989,0.03916812659731257,0.03916812659731257,0.15,0.47684399694908286,1.1234731329764431,False
8,2,0,0.824797653403488,-0.6766461405375936,0.8456079553839835,0.0,0.0,0.8195791635123119,0.04068606003255305,0.04068606003255305,0.15121591076796678,0.22081604598882004,1.1312994147357127,False
9,2,0,1.0204164565277438,-0.45422705843655786,0.8582773041215626,0.0,0.0,4.940986675678326,0.038739903968854676,0.038739903968854676,0.17655460824312502,0.1941081677880223,1.0505917352400123,False
10,0,0,0.5796529683395142,-0.6161553293505444,0.9005031063290814,0.0,0.0,4.973703021969265,0.03,0.03,0.13050310632908138,0.1662801481920449,0.9570185920271755,False
11,2,1,0.7817222496122076,-0.40815076670269124,0.8450000000000001,0.0,0.0,2.1869232433925228,0.05664522563418449,0.05664522563418449,0.15,0.15847441820454855,1.044030204866504,True
12,2,1,0.9666248354674885,-0.34625960477610174,0.8450000000000001,0.0,0.0,4.145475571175319,0.03,0.03,0.15,0.4233215723093974,1.1137875999867555,True
13,0,1,0.6793504402885792,-0.662140761451675,0.9225988852799756,0.0,0.0,4.812961623015036,0.03,0.03189529613265804,0.15259888527997556,0.10007249292335668,1.0626728911400054,True
14,0,1,0.9900271054031689,-0.7287611741055718,0.9069210236812988,0.0,0.0,2.3114975954052683,0.03,0.06421626270281847,0.13692102368129877,0.48042873436276157,1.0788441614364266,True
15,0,1,0.9793583432125254,-0.22857620907896237,0.86,0.0,0.0,4.2958713078834085,0.03,0.07508187957099496,0.09,0.43794899250856206,1.1091801727095816,True
R
0.0,0.0,0.0,0.0,0.0,0.0,1.0
S
8
torso_lift_joint,0
r_shoulder_pan_joint,-1.69017
r_shoulder_lift_joint,-0.0788625
r_upper_arm_roll_joint,-1.69017
r_elbow_flex_joint,-1.2717
r_forearm_roll_joint,-0.151824
r_wrist_flex_joint,-1.25254
r_wrist_roll_joint,0.675062
G
0.558967,-0.417905,0.86,1.05052,-0,0
ooi
6
A
599
0.310248,-0.673113
0.311031,-0.672683
0.311815,-0.672253
0.312598,-0.671823
0.313381,-0.671393
0.314165,-0.670963
0.314948,-0.670533
0.315731,-0.670103
0.316515,-0.669672
0.317298,-0.669242
0.318081,-0.668812
0.318865,-0.668382
0.319648,-0.667952
0.320431,-0.667522
0.321215,-0.667092
0.321998,-0.666662
0.322781,-0.666232
0.323565,-0.665802
0.324348,-0.665372
0.325131,-0.664942
0.325915,-0.664512
0.326698,-0.664082
0.327481,-0.663651
0.328264,-0.663221
0.329048,-0.662791
0.329831,-0.662361
0.330614,-0.661931
0.331398,-0.661501
0.332181,-0.661071
0.332964,-0.660641
0.333748,-0.660211
0.334531,-0.659781
0.335314,-0.659351
0.336098,-0.658921
0.336881,-0.658491
0.337664,-0.65806
0.338448,-0.65763
0.339231,-0.6572
0.340014,-0.65677
0.340798,-0.65634
0.341581,-0.65591
0.342364,-0.65548
0.343147,-0.65505
0.343931,-0.65462
0.344714,-0.65419
0.345497,-0.65376
0.346281,-0.65333
0.347064,-0.6529
0.347847,-0.652469
0.348631,-0.652039
0.349414,-0.651609
0.350197,-0.651179
0.350981,-0.650749
0.351764,-0.650319
0.352547,-0.649889
0.353331,-0.649459
0.354114,-0.649029
0.354897,-0.648599
0.355681,-0.648169
0.356464,-0.647739
0.357247,-0.647309
0.35803,-0.646879
0.358814,-0.646448
0.359597,-0.646018
0.36038,-0.645588
0.361164,-0.645158
0.361947,-0.644728
0.36273,-0.644298
0.363514,-0.643868
0.364297,-0.643438
0.36508,-0.643008
0.365864,-0.642578
0.366647,-0.642148
0.36743,-0.641718
0.368214,-0.641288
0.368997,-0.640857
0.36978,-0.640427
0.370564,-0.639997
0.371347,-0.639567
0.37213,-0.639137
0.372914,-0.638707
0.373697,-0.638277
0.37448,-0.637847
0.375263,-0.637417
0.376047,-0.636987
0.37683,-0.636557
0.377613,-0.636127
0.378397,-0.635697
0.37918,-0.635267
0.379963,-0.634836
0.380747,-0.634406
0.38153,-0.633976
0.382313,-0.633546
0.383097,-0.633116
0.38388,-0.632686
0.384663,-0.632256
0.385447,-0.631826
0.38623,-0.631396
0.387013,-0.630966
0.387797,-0.630536
0.38858,-0.630106
0.389363,-0.629676
0.390146,-0.629245
0.39093,-0.628815
0.391713,-0.628385
0.392496,-0.627955
0.39328,-0.627525
0.394063,-0.627095
0.394846,-0.626665
0.39563,-0.626235
0.396413,-0.625805
0.397196,-0.625375
0.39798,-0.624945
0.398763,-0.624515
0.399546,-0.624085
0.40033,-0.623655
0.401113,-0.623224
0.401896,-0.622794
0.40268,-0.622364
0.403463,-0.621934
0.404246,-0.621504
0.40503,-0.621074
0.405813,-0.620644
0.406596,-0.620214
0.407379,-0.619784
0.408163,-0.619354
0.408946,-0.618924
0.409729,-0.618494
0.410513,-0.618064
0.411296,-0.617633
0.412079,-0.617203
0.412863,-0.616773
0.413646,-0.616343
0.414429,-0.615913
0.415213,-0.615483
0.415996,-0.615053
0.416779,-0.614623
0.417563,-0.614193
0.418346,-0.613763
0.419129,-0.613333
0.419913,-0.612903
0.420696,-0.612473
0.421479,-0.612042
0.422262,-0.611612
0.423046,-0.611182
0.423829,-0.610752
0.424612,-0.610322
0.425396,-0.609892
0.426179,-0.609462
0.426962,-0.609032
0.427746,-0.608602
0.427188,-0.608739
0.42663,-0.608877
0.426072,-0.609014
0.425515,-0.609152
0.424957,-0.609289
0.424399,-0.609427
0.423841,-0.609564
0.423284,-0.609702
0.422726,-0.609839
0.422168,-0.609977
0.42161,-0.610114
0.421052,-0.610252
0.420495,-0.610389
0.419937,-0.610527
0.419379,-0.610665
0.418821,-0.610802
0.418264,-0.61094
0.417706,-0.611077
0.417148,-0.611215
0.41659,-0.611352
0.416033,-0.61149
0.415475,-0.611627
0.414917,-0.611765
0.414359,-0.611902
0.413801,-0.61204
0.413244,-0.612177
0.412686,-0.612315
0.412128,-0.612452
0.41157,-0.61259
0.411013,-0.612727
0.410455,-0.612865
0.409897,-0.613002
0.409339,-0.61314
0.408782,-0.613277
0.408224,-0.613415
0.407666,-0.613552
0.407108,-0.61369
0.40655,-0.613827
0.405993,-0.613965
0.405435,-0.614102
0.404877,-0.61424
0.404319,-0.614377
0.403762,-0.614515
0.403204,-0.614652
0.402646,-0.61479
0.402088,-0.614927
0.401531,-0.615065
0.400973,-0.615202
0.400415,-0.61534
0.399857,-0.615477
0.399299,-0.615615
0.398742,-0.615752
0.398184,-0.61589
0.397626,-0.616027
0.397068,-0.616165
0.396511,-0.616302
0.395953,-0.61644
0.395395,-0.616577
0.394837,-0.616715
0.39428,-0.616852
0.393722,-0.61699
0.393164,-0.617127
0.392606,-0.617265
0.392048,-0.617402
0.391491,-0.61754
0.390933,-0.617677
0.390375,-0.617815
0.389817,-0.617952
0.38926,-0.61809
0.388702,-0.618227
0.388144,-0.618365
0.387586,-0.618502
0.387029,-0.61864
0.386471,-0.618777
0.385913,-0.618915
0.385355,-0.619052
0.384797,-0.61919
0.38424,-0.619327
0.383682,-0.619465
0.383124,-0.619602
0.382566,-0.61974
0.382009,-0.619878
0.381451,-0.620015
0.380893,-0.620153
0.380335,-0.62029
0.379777,-0.620428
0.37922,-0.620565
0.378662,-0.620703
0.378104,-0.62084
0.377546,-0.620978
0.376989,-0.621115
0.376431,-0.621253
0.375873,-0.62139
0.375315,-0.621528
0.374758,-0.621665
0.3742,-0.621803
0.373642,-0.62194
0.373084,-0.622078
0.372526,-0.622215
0.371969,-0.622353
0.371411,-0.62249
0.370853,-0.622628
0.370295,-0.622765
0.369738,-0.622903
0.36918,-0.62304
0.368622,-0.623178
0.368064,-0.623315
0.367507,-0.623453
0.366949,-0.62359
0.366391,-0.623728
0.365833,-0.623865
0.365275,-0.624003
0.364718,-0.62414
0.36416,-0.624278
0.363602,-0.624415
0.363044,-0.624553
0.362487,-0.62469
0.361929,-0.624828
0.361371,-0.624965
0.360813,-0.625103
0.360256,-0.62524
0.359698,-0.625378
0.35914,-0.625515
0.358582,-0.625653
0.358024,-0.62579
0.357467,-0.625928
0.356909,-0.626065
0.356351,-0.626203
0.355793,-0.62634
0.355236,-0.626478
0.354678,-0.626615
0.35412,-0.626753
0.353562,-0.62689
0.353005,-0.627028
0.352447,-0.627165
0.351889,-0.627303
0.351331,-0.62744
0.350773,-0.627578
0.350216,-0.627715
0.349658,-0.627853
0.3491,-0.62799
0.348542,-0.628128
0.347985,-0.628265
0.347427,-0.628403
0.346869,-0.62854
0.346311,-0.628678
0.345754,-0.628815
0.345196,-0.628953
0.344638,-0.629091
0.345098,-0.627976
0.345558,-0.626861
0.346018,-0.625747
0.346478,-0.624632
0.346938,-0.623517
0.347398,-0.622403
0.347858,-0.621288
0.348318,-0.620174
0.348778,-0.619059
0.349239,-0.617944
0.349699,-0.61683
0.350159,-0.615715
0.350619,-0.614601
0.351079,-0.613486
0.351539,-0.612371
0.351999,-0.611257
0.352459,-0.610142
0.352919,-0.609028
0.353379,-0.607913
0.353839,-0.606798
0.354299,-0.605684
0.354759,-0.604569
0.355219,-0.603454
0.355679,-0.60234
0.356139,-0.601225
0.356599,-0.600111
0.357059,-0.598996
0.357519,-0.597881
0.35798,-0.596767
0.35844,-0.595652
0.3589,-0.594538
0.35936,-0.593423
0.35982,-0.592308
0.36028,-0.591194
0.36074,-0.590079
0.3612,-0.588965
0.36166,-0.58785
0.36212,-0.586735
0.36258,-0.585621
0.36304,-0.584506
0.3635,-0.583392
0.36396,-0.582277
0.36442,-0.581162
0.36488,-0.580048
0.36534,-0.578933
0.3658,-0.577818
0.36626,-0.576704
0.366721,-0.575589
0.367181,-0.574475
0.367641,-0.57336
0.368101,-0.572245
0.368561,-0.571131
0.369021,-0.570016
0.369481,-0.568902
0.369941,-0.567787
0.370401,-0.566672
0.370861,-0.565558
0.371321,-0.564443
0.371781,-0.563329
0.372241,-0.562214
0.372701,-0.561099
0.373161,-0.559985
0.373621,-0.55887
0.374081,-0.557756
0.374541,-0.556641
0.375001,-0.555526
0.375462,-0.554412
0.375922,-0.553297
0.376382,-0.552182
0.376842,-0.551068
0.377302,-0.549953
0.377762,-0.548839
0.378222,-0.547724
0.378682,-0.546609
0.379142,-0.545495
0.379602,-0.54438
0.380062,-0.543266
0.380522,-0.542151
0.380982,-0.541036
0.381442,-0.539922
0.381902,-0.538807
0.382362,-0.537693
0.382822,-0.536578
0.383282,-0.535463
0.383742,-0.534349
0.384203,-0.533234
0.384663,-0.53212
0.385123,-0.531005
0.385583,-0.52989
0.386043,-0.528776
0.386503,-0.527661
0.386963,-0.526546
0.387423,-0.525432
0.387883,-0.524317
0.388343,-0.523203
0.388803,-0.522088
0.389263,-0.520973
0.389723,-0.519859
0.390183,-0.518744
0.390643,-0.51763
0.391103,-0.516515
0.391563,-0.5154
0.392023,-0.514286
0.392483,-0.513171
0.392944,-0.512057
0.393404,-0.510942
0.393864,-0.509827
0.394324,-0.508713
0.394784,-0.507598
0.395244,-0.506484
0.395704,-0.505369
0.396164,-0.504254
0.396624,-0.50314
0.397084,-0.502025
0.397544,-0.50091
0.398004,-0.499796
0.398464,-0.498681
0.398924,-0.497567
0.399384,-0.496452
0.399844,-0.495337
0.400304,-0.494223
0.400764,-0.493108
0.401224,-0.491994
0.401685,-0.490879
0.402145,-0.489764
0.402605,-0.48865
0.403065,-0.487535
0.403525,-0.486421
0.403985,-0.485306
0.404445,-0.484191
0.404905,-0.483077
0.405365,-0.481962
0.405825,-0.480848
0.406285,-0.479733
0.406745,-0.478618
0.407205,-0.477504
0.407665,-0.476389
0.408125,-0.475274
0.408585,-0.47416
0.409045,-0.473045
0.409505,-0.471931
0.409965,-0.470816
0.410426,-0.469701
0.410886,-0.468587
0.411346,-0.467472
0.411806,-0.466358
0.412266,-0.465243
0.412726,-0.464128
0.413186,-0.463014
0.413646,-0.461899
0.414621,-0.461604
0.415597,-0.461309
0.416572,-0.461013
0.417547,-0.460718
0.418522,-0.460423
0.419498,-0.460128
0.420473,-0.459832
0.421448,-0.459537
0.422424,-0.459242
0.423399,-0.458946
0.424374,-0.458651
0.42535,-0.458356
0.426325,-0.458061
0.4273,-0.457765
0.428276,-0.45747
0.429251,-0.457175
0.430226,-0.45688
0.431202,-0.456584
0.432177,-0.456289
0.433152,-0.455994
0.434127,-0.455699
0.435103,-0.455403
0.436078,-0.455108
0.437053,-0.454813
0.438029,-0.454517
0.439004,-0.454222
0.439979,-0.453927
0.440955,-0.453632
0.44193,-0.453336
0.442905,-0.453041
0.443881,-0.452746
0.444856,-0.452451
0.445831,-0.452155
0.446807,-0.45186
0.447782,-0.451565
0.448757,-0.45127
0.449732,-0.450974
0.450708,-0.450679
0.451683,-0.450384
0.452658,-0.450089
0.453634,-0.449793
0.454609,-0.449498
0.455584,-0.449203
0.45656,-0.448907
0.457535,-0.448612
0.45851,-0.448317
0.459486,-0.448022
0.460461,-0.447726
0.461436,-0.447431
0.462412,-0.447136
0.463387,-0.446841
0.464362,-0.446545
0.465337,-0.44625
0.466313,-0.445955
0.467288,-0.44566
0.468263,-0.445364
0.469239,-0.445069
0.470214,-0.444774
0.471189,-0.444478
0.472165,-0.444183
0.47314,-0.443888
0.474115,-0.443593
0.475091,-0.443297
0.476066,-0.443002
0.477041,-0.442707
0.478017,-0.442412
0.478992,-0.442116
0.479967,-0.441821
0.480942,-0.441526
0.481918,-0.441231
0.482893,-0.440935
0.483868,-0.44064
0.484844,-0.440345
0.485819,-0.440049
0.486794,-0.439754
0.48777,-0.439459
0.488745,-0.439164
0.48972,-0.438868
0.490696,-0.438573
0.491671,-0.438278
0.492646,-0.437983
0.493622,-0.437687
0.494597,-0.437392
0.495572,-0.437097
0.496547,-0.436802
0.497523,-0.436506
0.498498,-0.436211
0.499473,-0.435916
0.500449,-0.43562
0.501424,-0.435325
0.502399,-0.43503
0.503375,-0.434735
0.50435,-0.434439
0.505325,-0.434144
0.506301,-0.433849
0.507276,-0.433554
0.508251,-0.433258
0.509227,-0.432963
0.510202,-0.432668
0.511177,-0.432373
0.512152,-0.432077
0.513128,-0.431782
0.514103,-0.431487
0.515078,-0.431191
0.516054,-0.430896
0.517029,-0.430601
0.518004,-0.430306
0.51898,-0.43001
0.519955,-0.429715
0.52093,-0.42942
0.521906,-0.429125
0.522881,-0.428829
0.523856,-0.428534
0.524832,-0.428239
0.525807,-0.427944
0.526782,-0.427648
0.527757,-0.427353
0.528733,-0.427058
0.529708,-0.426762
0.530683,-0.426467
0.531659,-0.426172
0.532634,-0.425877
0.533609,-0.425581
0.534585,-0.425286
0.53556,-0.424991
0.536535,-0.424696
0.537511,-0.4244
0.538486,-0.424105
0.539461,-0.42381
0.540437,-0.423515
0.541412,-0.423219
0.542387,-0.422924
0.543362,-0.422629
0.544338,-0.422334
0.545313,-0.422038
0.546288,-0.421743
0.547264,-0.421448
0.548239,-0.421152
0.549214,-0.420857
0.55019,-0.420562
0.551165,-0.420267
0.55214,-0.419971
0.553116,-0.419676
0.554091,-0.419381
0.555066,-0.419086
0.556042,-0.41879
0.557017,-0.418495
0.557992,-0.4182
0.558967,-0.417905
