O
15
1,0,-1,0.78,-0.5,0.75,0.0,0.0,0.0,0.3,0.4,0.02,0,0.8,False
2,0,-1,1.1,-0.5,0.93,0.0,0.0,0.0,0.02,0.4,0.2,0,0.8,False
3,0,-1,0.78,-0.5,1.11,0.0,0.0,0.0,0.3,0.4,0.02,0,0.8,False
4,0,-1,0.8,-0.92,0.93,0.0,0.0,0.0,0.32,0.02,0.2,0,0.8,False
5,0,-1,0.8,-0.08,0.93,0.0,0.0,0.0,0.32,0.02,0.2,0,0.8,False
6,0,0,0.9265515221444129,-0.5063447163046073,0.86,0.0,0.0,0.5371054653878763,0.051872687703605765,0.04041372974058478,0.09,0.4225307469793756,1.1462451021341773,False
7,0,0,0.7490821507895865,-0.2928528242496935,0.9246305637028045,0.0,0.0,0.9694447950012549,0.03,0.04483667489488621,0.15463056370280454,0.4728418528437958,0.8628241470360811,False
8,2,0,0.7247240217748669,-0.4642229401031406,0.8450000000000001,0.0,0.0,2.7558171693781017,0.07132160596962266,0.07132160596962266,0.15,0.047031368309498445,1.1732739088549495,False
9,2,0,0.5887437206155497,-0.8564464372599127,0.8450000000000001,0.0,0.0,4.691985645079007,0.03,0.03,0.15,0.41322149428665966,0.9593447152748357,False
10,2,0,0.5396557602099155,-0.2551970143543617,0.8450000000000001,0.0,0.0,4.332887373904942,0.03,0.03,0.15,0.49923533729780106,1.181378744764912,False
11,0,1,0.8733627196976137,-0.697203463068288,0.86,0.0,0.0,1.806330279133034,0.03,0.04023431563576384,0.09,0.093342346680728,0.8416552420096816,True
12,0,1,1.0044730922258438,-0.6612359898235447,0.86,0.0,0.0,0.04142800559049233,0.03,0.03,0.09,0.17773633424252666,1.0460960044349041,True
13,2,1,0.608331389503535,-0.6665733585095373,0.8450000000000001,0.0,0.0,2.2816103734757314,0.03,0.03,0.15,0.40193333740594545,0.8859862360032363,True
14,0,1,0.9405365861142587,-0.2621335387331809,0.86,0.0,0.0,1.19242053525435,0.03957075598756613,0.06648766017684461,0.09,0.2641991663248651,0.999859286358198,True
15,2,1,0.5311433623343911,-0.38955731326930926,0.8461124577000787,0.0,0.0,5.444525288198303,0.03,0.03,0.15222491540015734,0.2459004533337541,0.9516058045441089,True
R
0.0,0.0,0.0,0.0,0.0,0.0,1.0
S
8
torso_lift_joint,0
r_shoulder_pan_joint,-1.69017
r_shoulder_lift_joint,-0.0788625
r_upper_arm_roll_joint,-1.69017
r_elbow_flex_joint,-1.2717
r_forearm_roll_joint,-0.151824
r_wrist_flex_joint,-1.25254
r_wrist_roll_joint,0.675062
G
0.482567,-0.303837,0.845,0.705651,-0,0
ooi
10
A
599
0.310248,-0.673113
0.311038,-0.672746
0.311827,-0.672379
0.312616,-0.672012
0.313406,-0.671645
0.314195,-0.671278
0.314985,-0.670911
0.315774,-0.670544
0.316563,-0.670177
0.317353,-0.66981
0.318142,-0.669443
0.318931,-0.669076
0.319721,-0.668709
0.32051,-0.668342
0.3213,-0.667975
0.322089,-0.667608
0.322878,-0.667241
0.323668,-0.666874
0.324457,-0.666507
0.325247,-0.66614
0.326036,-0.665773
0.326825,-0.665406
0.327615,-0.66504
0.328404,-0.664673
0.329194,-0.664306
0.329983,-0.663939
0.330772,-0.663572
0.331562,-0.663205
0.332351,-0.662838
0.33314,-0.662471
0.33393,-0.662104
0.334719,-0.661737
0.335509,-0.66137
0.336298,-0.661003
0.337087,-0.660636
0.337877,-0.660269
0.338666,-0.659902
0.339456,-0.659535
0.340245,-0.659168
0.341034,-0.658801
0.341824,-0.658434
0.342613,-0.658067
0.343403,-0.6577
0.344192,-0.657333
0.344981,-0.656966
0.345771,-0.656599
0.34656,-0.656232
0.347349,-0.655865
0.348139,-0.655498
0.348928,-0.655131
0.349718,-0.654764
0.350507,-0.654397
0.351296,-0.65403
0.352086,-0.653663
0.352875,-0.653296
0.353665,-0.652929
0.354454,-0.652562
0.355243,-0.652195
0.356033,-0.651828
0.356822,-0.651461
0.357612,-0.651094
0.358401,-0.650727
0.35919,-0.65036
0.35998,-0.649993
0.360769,-0.649626
0.361558,-0.649259
0.362348,-0.648892
0.363137,-0.648525
0.363927,-0.648158
0.364716,-0.647791
0.365505,-0.647424
0.366295,-0.647057
0.367084,-0.646691
0.367874,-0.646324
0.368663,-0.645957
0.369452,-0.64559
0.370242,-0.645223
0.371031,-0.644856
0.371821,-0.644489
0.37261,-0.644122
0.373399,-0.643755
0.374189,-0.643388
0.374978,-0.643021
0.375767,-0.642654
0.376557,-0.642287
0.377346,-0.64192
0.378136,-0.641553
0.378925,-0.641186
0.379714,-0.640819
0.380504,-0.640452
0.381293,-0.640085
0.382083,-0.639718
0.382872,-0.639351
0.383661,-0.638984
0.384451,-0.638617
0.38524,-0.63825
0.38603,-0.637883
0.386819,-0.637516
0.387608,-0.637149
0.388398,-0.636782
0.389187,-0.636415
0.389976,-0.636048
0.390766,-0.635681
0.391555,-0.635314
0.392345,-0.634947
0.393134,-0.63458
0.393923,-0.634213
0.394713,-0.633846
0.395502,-0.633479
0.396292,-0.633112
0.397081,-0.632745
0.39787,-0.632378
0.39866,-0.632011
0.399449,-0.631644
0.400239,-0.631277
0.401028,-0.63091
0.401817,-0.630543
0.402607,-0.630176
0.403396,-0.629809
0.404185,-0.629442
0.404975,-0.629075
0.405764,-0.628708
0.406554,-0.628341
0.407343,-0.627975
0.408132,-0.627608
0.408922,-0.627241
0.409711,-0.626874
0.410501,-0.626507
0.41129,-0.62614
0.412079,-0.625773
0.412869,-0.625406
0.413658,-0.625039
0.414448,-0.624672
0.415237,-0.624305
0.416026,-0.623938
0.416816,-0.623571
0.417605,-0.623204
0.418394,-0.622837
0.419184,-0.62247
0.419973,-0.622103
0.420763,-0.621736
0.421552,-0.621369
0.422341,-0.621002
0.423131,-0.620635
0.42392,-0.620268
0.42471,-0.619901
0.425499,-0.619534
0.426288,-0.619167
0.427078,-0.6188
0.427867,-0.618433
0.428657,-0.618066
0.428448,-0.617445
0.428239,-0.616825
0.42803,-0.616204
0.427822,-0.615583
0.427613,-0.614963
0.427404,-0.614342
0.427195,-0.613721
0.426987,-0.6131
0.426778,-0.61248
0.426569,-0.611859
0.42636,-0.611238
0.426152,-0.610618
0.425943,-0.609997
0.425734,-0.609376
0.425526,-0.608755
0.425317,-0.608135
0.425108,-0.607514
0.424899,-0.606893
0.424691,-0.606273
0.424482,-0.605652
0.424273,-0.605031
0.424064,-0.60441
0.423856,-0.60379
0.423647,-0.603169
0.423438,-0.602548
0.423229,-0.601928
0.423021,-0.601307
0.422812,-0.600686
0.422603,-0.600066
0.422395,-0.599445
0.422186,-0.598824
0.421977,-0.598203
0.421768,-0.597583
0.42156,-0.596962
0.421351,-0.596341
0.421142,-0.595721
0.420933,-0.5951
0.420725,-0.594479
0.420516,-0.593858
0.420307,-0.593238
0.420098,-0.592617
0.41989,-0.591996
0.419681,-0.591376
0.419472,-0.590755
0.419264,-0.590134
0.419055,-0.589513
0.418846,-0.588893
0.418637,-0.588272
0.418429,-0.587651
0.41822,-0.587031
0.418011,-0.58641
0.417802,-0.585789
0.417594,-0.585169
0.417385,-0.584548
0.417176,-0.583927
0.416967,-0.583306
0.416759,-0.582686
0.41655,-0.582065
0.416341,-0.581444
0.416133,-0.580824
0.415924,-0.580203
0.415715,-0.579582
0.415506,-0.578961
0.415298,-0.578341
0.415089,-0.57772
0.41488,-0.577099
0.414671,-0.576479
0.414463,-0.575858
0.414254,-0.575237
0.414045,-0.574617
0.413836,-0.573996
0.413628,-0.573375
0.413419,-0.572754
0.41321,-0.572134
0.413002,-0.571513
0.412793,-0.570892
0.412584,-0.570272
0.412375,-0.569651
0.412167,-0.56903
0.411958,-0.568409
0.411749,-0.567789
0.41154,-0.567168
0.411332,-0.566547
0.411123,-0.565927
0.410914,-0.565306
0.410705,-0.564685
0.410497,-0.564064
0.410288,-0.563444
0.410079,-0.562823
0.409871,-0.562202
0.409662,-0.561582
0.409453,-0.560961
0.409244,-0.56034
0.409036,-0.55972
0.408827,-0.559099
0.408618,-0.558478
0.408409,-0.557857
0.408201,-0.557237
0.407992,-0.556616
0.407783,-0.555995
0.407575,-0.555375
0.407366,-0.554754
0.407157,-0.554133
0.406948,-0.553512
0.40674,-0.552892
0.406531,-0.552271
0.406322,-0.55165
0.406113,-0.55103
0.405905,-0.550409
0.405696,-0.549788
0.405487,-0.549167
0.405278,-0.548547
0.40507,-0.547926
0.404861,-0.547305
0.404652,-0.546685
0.404444,-0.546064
0.404235,-0.545443
0.404026,-0.544823
0.403817,-0.544202
0.403609,-0.543581
0.4034,-0.54296
0.403191,-0.54234
0.402982,-0.541719
0.402774,-0.541098
0.402565,-0.540478
0.402356,-0.539857
0.402147,-0.539236
0.401939,-0.538615
0.40173,-0.537995
0.401521,-0.537374
0.401313,-0.536753
0.401104,-0.536133
0.400895,-0.535512
0.400686,-0.534891
0.400478,-0.534271
0.400269,-0.53365
0.40006,-0.533029
0.399851,-0.532408
0.399643,-0.531788
0.399434,-0.531167
0.399225,-0.530546
0.399016,-0.529926
0.398808,-0.529305
0.398599,-0.528684
0.39839,-0.528063
0.398182,-0.527443
0.397973,-0.526822
0.397764,-0.526201
0.397555,-0.525581
0.398303,-0.525733
0.39905,-0.525886
0.399798,-0.526039
0.400546,-0.526192
0.401293,-0.526345
0.402041,-0.526498
0.402788,-0.526651
0.403536,-0.526804
0.404283,-0.526957
0.405031,-0.527109
0.405779,-0.527262
0.406526,-0.527415
0.407274,-0.527568
0.408021,-0.527721
0.408769,-0.527874
0.409516,-0.528027
0.410264,-0.52818
0.411011,-0.528332
0.411759,-0.528485
0.412507,-0.528638
0.413254,-0.528791
0.414002,-0.528944
0.414749,-0.529097
0.415497,-0.52925
0.416244,-0.529403
0.416992,-0.529555
0.417739,-0.529708
0.418487,-0.529861
0.419235,-0.530014
0.419982,-0.530167
0.42073,-0.53032
0.421477,-0.530473
0.422225,-0.530626
0.422972,-0.530778
0.42372,-0.530931
0.424468,-0.531084
0.425215,-0.531237
0.425963,-0.53139
0.42671,-0.531543
0.427458,-0.531696
0.428205,-0.531849
0.428953,-0.532002
0.4297,-0.532154
0.430448,-0.532307
0.431196,-0.53246
0.431943,-0.532613
0.432691,-0.532766
0.433438,-0.532919
0.434186,-0.533072
0.434933,-0.533225
0.435681,-0.533377
0.436429,-0.53353
0.437176,-0.533683
0.437924,-0.533836
0.438671,-0.533989
0.439419,-0.534142
0.440166,-0.534295
0.440914,-0.534448
0.441661,-0.5346
0.442409,-0.534753
0.443157,-0.534906
0.443904,-0.535059
0.444652,-0.535212
0.445399,-0.535365
0.446147,-0.535518
0.446894,-0.535671
0.447642,-0.535824
0.448389,-0.535976
0.449137,-0.536129
0.449885,-0.536282
0.450632,-0.536435
0.45138,-0.536588
0.452127,-0.536741
0.452875,-0.536894
0.453622,-0.537047
0.45437,-0.537199
0.455118,-0.537352
0.455865,-0.537505
0.456613,-0.537658
0.45736,-0.537811
0.458108,-0.537964
0.458855,-0.538117
0.459603,-0.53827
0.46035,-0.538422
0.461098,-0.538575
0.461846,-0.538728
0.462593,-0.538881
0.463341,-0.539034
0.464088,-0.539187
0.464836,-0.53934
0.465583,-0.539493
0.466331,-0.539645
0.467078,-0.539798
0.467826,-0.539951
0.468574,-0.540104
0.469321,-0.540257
0.470069,-0.54041
0.470816,-0.540563
0.471564,-0.540716
0.472311,-0.540869
0.473059,-0.541021
0.473807,-0.541174
0.474554,-0.541327
0.475302,-0.54148
0.476049,-0.541633
0.476797,-0.541786
0.477544,-0.541939
0.478292,-0.542092
0.479039,-0.542244
0.479787,-0.542397
0.480535,-0.54255
0.481282,-0.542703
0.48203,-0.542856
0.482777,-0.543009
0.483525,-0.543162
0.484272,-0.543315
0.48502,-0.543467
0.485768,-0.54362
0.486515,-0.543773
0.487263,-0.543926
0.48801,-0.544079
0.488758,-0.544232
0.489505,-0.544385
0.490253,-0.544538
0.491,-0.544691
0.491748,-0.544843
0.492496,-0.544996
0.493243,-0.545149
0.493991,-0.545302
0.494738,-0.545455
0.495486,-0.545608
0.496233,-0.545761
0.496981,-0.545914
0.497728,-0.546066
0.498476,-0.546219
0.499224,-0.546372
0.499971,-0.546525
0.500719,-0.546678
0.501466,-0.546831
0.502214,-0.546984
0.502961,-0.547137
0.503709,-0.547289
0.504457,-0.547442
0.505204,-0.547595
0.505952,-0.547748
0.506699,-0.547901
0.507447,-0.548054
0.508194,-0.548207
0.508942,-0.54836
0.509689,-0.548512
0.509507,-0.54687
0.509325,-0.545228
0.509143,-0.543586
0.508961,-0.541944
0.508779,-0.540302
0.508597,-0.53866
0.508415,-0.537018
0.508233,-0.535376
0.508051,-0.533733
0.507869,-0.532091
0.507687,-0.530449
0.507505,-0.528807
0.507323,-0.527165
0.507141,-0.525523
0.506959,-0.523881
0.506777,-0.522239
0.506595,-0.520596
0.506413,-0.518954
0.506231,-0.517312
0.506049,-0.51567
0.505867,-0.514028
0.505685,-0.512386
0.505503,-0.510744
0.505321,-0.509102
0.505139,-0.50746
0.504957,-0.505817
0.504775,-0.504175
0.504593,-0.502533
0.504411,-0.500891
0.504228,-0.499249
0.504046,-0.497607
0.503864,-0.495965
0.503682,-0.494323
0.5035,-0.49268
0.503318,-0.491038
0.503136,-0.489396
0.502954,-0.487754
0.502772,-0.486112
0.50259,-0.48447
0.502408,-0.482828
0.502226,-0.481186
0.502044,-0.479543
0.501862,-0.477901
0.50168,-0.476259
0.501498,-0.474617
0.501316,-0.472975
0.501134,-0.471333
0.500952,-0.469691
0.50077,-0.468049
0.500588,-0.466407
0.500406,-0.464764
0.500224,-0.463122
0.500042,-0.46148
0.49986,-0.459838
0.499678,-0.458196
0.499496,-0.456554
0.499314,-0.454912
0.499132,-0.45327
0.49895,-0.451627
0.498767,-0.449985
0.498585,-0.448343
0.498403,-0.446701
0.498221,-0.445059
0.498039,-0.443417
0.497857,-0.441775
0.497675,-0.440133
0.497493,-0.438491
0.497311,-0.436848
0.497129,-0.435206
0.496947,-0.433564
0.496765,-0.431922
0.496583,-0.43028
0.496401,-0.428638
0.496219,-0.426996
0.496037,-0.425354
0.495855,-0.423711
0.495673,-0.422069
0.495491,-0.420427
0.495309,-0.418785
0.495127,-0.417143
0.494945,-0.415501
0.494763,-0.413859
0.494581,-0.412217
0.494399,-0.410574
0.494217,-0.408932
0.494035,-0.40729
0.493853,-0.405648
0.493671,-0.404006
0.493489,-0.402364
0.493306,-0.400722
0.493124,-0.39908
0.492942,-0.397438
0.49276,-0.395795
0.492578,-0.394153
0.492396,-0.392511
0.492214,-0.390869
0.492032,-0.389227
0.49185,-0.387585
0.491668,-0.385943
0.491486,-0.384301
0.491304,-0.382658
0.491122,-0.381016
0.49094,-0.379374
0.490758,-0.377732
0.490576,-0.37609
0.490394,-0.374448
0.490212,-0.372806
0.49003,-0.371164
0.489848,-0.369521
0.489666,-0.367879
0.489484,-0.366237
0.489302,-0.364595
0.48912,-0.362953
0.488938,-0.361311
0.488756,-0.359669
0.488574,-0.358027
0.488392,-0.356385
0.48821,-0.354742
0.488028,-0.3531
0.487846,-0.351458
0.487663,-0.349816
0.487481,-0.348174
0.487299,-0.346532
0.487117,-0.34489
0.486935,-0.343248
0.486753,-0.341605
0.486571,-0.339963
0.486389,-0.338321
0.486207,-0.336679
0.486025,-0.335037
0.485843,-0.333395
0.485661,-0.331753
0.485479,-0.330111
0.485297,-0.328469
0.485115,-0.326826
0.484933,-0.325184
0.484751,-0.323542
0.484569,-0.3219
0.484387,-0.320258
0.484205,-0.318616
0.484023,-0.316974
0.483841,-0.315332
0.483659,-0.313689
0.483477,-0.312047
0.483295,-0.310405
0.483113,-0.308763
0.482931,-0.307121
0.482749,-0.305479
0.482567,-0.303837
