O
15
1,0,-1,0.78,-0.5,0.75,0.0,0.0,0.0,0.3,0.4,0.02,0,0.8,False
2,0,-1,1.1,-0.5,0.93,0.0,0.0,0.0,0.02,0.4,0.2,0,0.8,False
3,0,-1,0.78,-0.5,1.11,0.0,0.0,0.0,0.3,0.4,0.02,0,0.8,False
4,0,-1,0.8,-0.92,0.93,0.0,0.0,0.0,0.32,0.02,0.2,0,0.8,False
5,0,-1,0.8,-0.08,0.93,0.0,0.0,0.0,0.32,0.02,0.2,0,0.8,False
6,2,0,0.5621258400028027,-0.3406402535627797,0.8635621169492502,0.0,0.0,4.5515774075168585,0.04248132429496409,0.04248132429496409,0.18712423389850047,0.4473164930302141,0.9157371112967754,False
7,0,0,0.8318150519148666,-0.7378019158328926,0.8801338808387866,0.0,0.0,5.467878759233043,0.03,0.03,0.11013388083878664,0.07646943244808663,1.1869718602945372,False
8,2,0,0.9224277328283644,-0.5872019260085862,0.8450000000000001,0.0,0.0,4.242090475259019,0.03,0.03,0.15,0.034993050972284,0.983339908675262,False
9,2,0,0.9483899599548253,-0.3171285355912983,0.8450000000000001,0.0,0.0,0.813155520586215,0.03983127269288185,0.03983127269288185,0.15,0.25198951533685365,1.0703324263841583,False
10,0,0,0.9347917260124706,-0.8071025955888014,0.916857335224464,0.0,0.0,1.087435987036264,0.03,0.03,0.14685733522446395,0.30782575688616776,0.9469694388641491,False
11,0,1,1.0202450628169575,-0.6089151661959351,0.86,0.0,0.0,2.4107706824631414,0.033675368532895794,0.03,0.09,0.09435526403381966,1.183053442760328,True
12,2,1,0.7977509117273212,-0.29760511128777234,0.8450000000000001,0.0,0.0,0.043983371816804354,0.040038632280453096,0.040038632280453096,0.15,0.32637459752790116,0.8880025065028369,True
13,0,1,0.6778232910003903,-0.19812847434894565,0.86,0.0,0.0,1.2587914538809106,0.040021330734579995,0.04014712919524516,0.09,0.30642217278367906,0.9760048500824725,True
14,0,1,0.845673411457627,-0.4975215041070364,0.9148182086614947,0.0,0.0,1.7773168956667091,0.03,0.03,0.1448182086614947,0.47689025875073365,0.8276809687929382,True
15,0,1,0.6081922997382042,-0.7227261947701401,0.9010653577190901,0.0,0.0,4.972735619848425,0.041444677413560574,0.03,0.13106535771909017,0.0570224055018802,0.8407016769263747,True
R
0.0,0.0,0.0,0.0,0.0,0.0,1.0
S
8
torso_lift_joint,0
r_shoulder_pan_joint,-1.69017
r_shoulder_lift_joint,-0.0788625
r_upper_arm_roll_joint,-1.69017
r_elbow_flex_joint,-1.2717
r_forearm_roll_joint,-0.151824
r_wrist_flex_joint,-1.25254
r_wrist_roll_joint,0.675062
G
0.489989,-0.390131,0.863562,0.601315,-0,0
ooi
6
A
599
0.310248,-0.673113
0.310801,-0.673216
0.311355,-0.673319
0.311908,-0.673422
0.312461,-0.673525
0.313015,-0.673629
0.313568,-0.673732
0.314121,-0.673835
0.314674,-0.673938
0.315228,-0.674041
0.315781,-0.674144
0.316334,-0.674247
0.316887,-0.67435
0.317441,-0.674453
0.317994,-0.674556
0.318547,-0.67466
0.319101,-0.674763
0.319654,-0.674866
0.320207,-0.674969
0.32076,-0.675072
0.321314,-0.675175
0.321867,-0.675278
0.32242,-0.675381
0.322973,-0.675484
0.323527,-0.675587
0.32408,-0.675691
0.324633,-0.675794
0.325187,-0.675897
0.32574,-0.676
0.326293,-0.676103
0.326846,-0.676206
0.3274,-0.676309
0.327953,-0.676412
0.328506,-0.676515
0.329059,-0.676618
0.329613,-0.676722
0.330166,-0.676825
0.330719,-0.676928
0.331272,-0.677031
0.331826,-0.677134
0.332379,-0.677237
0.332932,-0.67734
0.333486,-0.677443
0.334039,-0.677546
0.334592,-0.677649
0.335145,-0.677753
0.335699,-0.677856
0.336252,-0.677959
0.336805,-0.678062
0.337358,-0.678165
0.337912,-0.678268
0.338465,-0.678371
0.339018,-0.678474
0.339572,-0.678577
0.340125,-0.67868
0.340678,-0.678784
0.341231,-0.678887
0.341785,-0.67899
0.342338,-0.679093
0.342891,-0.679196
0.343444,-0.679299
0.343998,-0.679402
0.344551,-0.679505
0.345104,-0.679608
0.345658,-0.679711
0.346211,-0.679815
0.346764,-0.679918
0.347317,-0.680021
0.347871,-0.680124
0.348424,-0.680227
0.348977,-0.68033
0.34953,-0.680433
0.350084,-0.680536
0.350637,-0.680639
0.35119,-0.680742
0.351744,-0.680846
0.352297,-0.680949
0.35285,-0.681052
0.353403,-0.681155
0.353957,-0.681258
0.35451,-0.681361
0.355063,-0.681464
0.355616,-0.681567
0.35617,-0.68167
0.356723,-0.681773
0.357276,-0.681877
0.35783,-0.68198
0.358383,-0.682083
0.358936,-0.682186
0.359489,-0.682289
0.360043,-0.682392
0.360596,-0.682495
0.361149,-0.682598
0.361702,-0.682701
0.362256,-0.682804
0.362809,-0.682907
0.363362,-0.683011
0.363916,-0.683114
0.364469,-0.683217
0.365022,-0.68332
0.365575,-0.683423
0.366129,-0.683526
0.366682,-0.683629
0.367235,-0.683732
0.367788,-0.683835
0.368342,-0.683938
0.368895,-0.684042
0.369448,-0.684145
0.370001,-0.684248
0.370555,-0.684351
0.371108,-0.684454
0.371661,-0.684557
0.372215,-0.68466
0.372768,-0.684763
0.373321,-0.684866
0.373874,-0.684969
0.374428,-0.685073
0.374981,-0.685176
0.375534,-0.685279
0.376087,-0.685382
0.376641,-0.685485
0.377194,-0.685588
0.377747,-0.685691
0.378301,-0.685794
0.378854,-0.685897
0.379407,-0.686
0.37996,-0.686104
0.380514,-0.686207
0.381067,-0.68631
0.38162,-0.686413
0.382173,-0.686516
0.382727,-0.686619
0.38328,-0.686722
0.383833,-0.686825
0.384387,-0.686928
0.38494,-0.687031
0.385493,-0.687135
0.386046,-0.687238
0.3866,-0.687341
0.387153,-0.687444
0.387706,-0.687547
0.388259,-0.68765
0.388813,-0.687753
0.389366,-0.687856
0.389919,-0.687959
0.390473,-0.688062
0.391026,-0.688166
0.391579,-0.688269
0.392132,-0.688372
0.392686,-0.688475
0.393239,-0.688578
0.392784,-0.687943
0.392329,-0.687308
0.391873,-0.686672
0.391418,-0.686037
0.390963,-0.685402
0.390508,-0.684767
0.390053,-0.684131
0.389598,-0.683496
0.389143,-0.682861
0.388688,-0.682226
0.388232,-0.681591
0.387777,-0.680955
0.387322,-0.68032
0.386867,-0.679685
0.386412,-0.67905
0.385957,-0.678415
0.385502,-0.677779
0.385046,-0.677144
0.384591,-0.676509
0.384136,-0.675874
0.383681,-0.675238
0.383226,-0.674603
0.382771,-0.673968
0.382316,-0.673333
0.381861,-0.672698
0.381405,-0.672062
0.38095,-0.671427
0.380495,-0.670792
0.38004,-0.670157
0.379585,-0.669522
0.37913,-0.668886
0.378675,-0.668251
0.378219,-0.667616
0.377764,-0.666981
0.377309,-0.666346
0.376854,-0.66571
0.376399,-0.665075
0.375944,-0.66444
0.375489,-0.663805
0.375034,-0.663169
0.374578,-0.662534
0.374123,-0.661899
0.373668,-0.661264
0.373213,-0.660629
0.372758,-0.659993
0.372303,-0.659358
0.371848,-0.658723
0.371392,-0.658088
0.370937,-0.657453
0.370482,-0.656817
0.370027,-0.656182
0.369572,-0.655547
0.369117,-0.654912
0.368662,-0.654276
0.368207,-0.653641
0.367751,-0.653006
0.367296,-0.652371
0.366841,-0.651736
0.366386,-0.6511
0.365931,-0.650465
0.365476,-0.64983
0.365021,-0.649195
0.364565,-0.64856
0.36411,-0.647924
0.363655,-0.647289
0.3632,-0.646654
0.362745,-0.646019
0.36229,-0.645384
0.361835,-0.644748
0.36138,-0.644113
0.360924,-0.643478
0.360469,-0.642843
0.360014,-0.642207
0.359559,-0.641572
0.359104,-0.640937
0.358649,-0.640302
0.358194,-0.639667
0.357738,-0.639031
0.357283,-0.638396
0.356828,-0.637761
0.356373,-0.637126
0.355918,-0.636491
0.355463,-0.635855
0.355008,-0.63522
0.354553,-0.634585
0.354097,-0.63395
0.353642,-0.633314
0.353187,-0.632679
0.352732,-0.632044
0.352277,-0.631409
0.351822,-0.630774
0.351367,-0.630138
0.350911,-0.629503
0.350456,-0.628868
0.350001,-0.628233
0.349546,-0.627598
0.349091,-0.626962
0.348636,-0.626327
0.348181,-0.625692
0.347726,-0.625057
0.34727,-0.624422
0.346815,-0.623786
0.34636,-0.623151
0.345905,-0.622516
0.34545,-0.621881
0.344995,-0.621245
0.34454,-0.62061
0.344084,-0.619975
0.343629,-0.61934
0.343174,-0.618705
0.342719,-0.618069
0.342264,-0.617434
0.341809,-0.616799
0.341354,-0.616164
0.340899,-0.615529
0.340443,-0.614893
0.339988,-0.614258
0.339533,-0.613623
0.339078,-0.612988
0.338623,-0.612352
0.338168,-0.611717
0.337713,-0.611082
0.337257,-0.610447
0.336802,-0.609812
0.336347,-0.609176
0.335892,-0.608541
0.335437,-0.607906
0.334982,-0.607271
0.334527,-0.606636
0.334071,-0.606
0.333616,-0.605365
0.333161,-0.60473
0.332706,-0.604095
0.332251,-0.60346
0.331796,-0.602824
0.331341,-0.602189
0.330886,-0.601554
0.33043,-0.600919
0.329975,-0.600283
0.32952,-0.599648
0.329065,-0.599013
0.32861,-0.598378
0.328155,-0.597743
0.3277,-0.597107
0.327244,-0.596472
0.326789,-0.595837
0.326334,-0.595202
0.325879,-0.594567
0.325424,-0.593931
0.326284,-0.592781
0.327144,-0.59163
0.328004,-0.59048
0.328864,-0.589329
0.329724,-0.588179
0.330584,-0.587029
0.331444,-0.585878
0.332304,-0.584728
0.333164,-0.583577
0.334024,-0.582427
0.334885,-0.581276
0.335745,-0.580126
0.336605,-0.578975
0.337465,-0.577825
0.338325,-0.576674
0.339185,-0.575524
0.340045,-0.574373
0.340905,-0.573223
0.341765,-0.572072
0.342625,-0.570922
0.343485,-0.569771
0.344345,-0.568621
0.345205,-0.567471
0.346065,-0.56632
0.346925,-0.56517
0.347785,-0.564019
0.348645,-0.562869
0.349505,-0.561718
0.350365,-0.560568
0.351225,-0.559417
0.352086,-0.558267
0.352946,-0.557116
0.353806,-0.555966
0.354666,-0.554815
0.355526,-0.553665
0.356386,-0.552514
0.357246,-0.551364
0.358106,-0.550213
0.358966,-0.549063
0.359826,-0.547913
0.360686,-0.546762
0.361546,-0.545612
0.362406,-0.544461
0.363266,-0.543311
0.364126,-0.54216
0.364986,-0.54101
0.365846,-0.539859
0.366706,-0.538709
0.367566,-0.537558
0.368426,-0.536408
0.369287,-0.535257
0.370147,-0.534107
0.371007,-0.532956
0.371867,-0.531806
0.372727,-0.530655
0.373587,-0.529505
0.374447,-0.528355
0.375307,-0.527204
0.376167,-0.526054
0.377027,-0.524903
0.377887,-0.523753
0.378747,-0.522602
0.379607,-0.521452
0.380467,-0.520301
0.381327,-0.519151
0.382187,-0.518
0.383047,-0.51685
0.383907,-0.515699
0.384767,-0.514549
0.385627,-0.513398
0.386488,-0.512248
0.387348,-0.511097
0.388208,-0.509947
0.389068,-0.508797
0.389928,-0.507646
0.390788,-0.506496
0.391648,-0.505345
0.392508,-0.504195
0.393368,-0.503044
0.394228,-0.501894
0.395088,-0.500743
0.395948,-0.499593
0.396808,-0.498442
0.397668,-0.497292
0.398528,-0.496141
0.399388,-0.494991
0.400248,-0.49384
0.401108,-0.49269
0.401968,-0.491539
0.402829,-0.490389
0.403689,-0.489239
0.404549,-0.488088
0.405409,-0.486938
0.406269,-0.485787
0.407129,-0.484637
0.407989,-0.483486
0.408849,-0.482336
0.409709,-0.481185
0.410569,-0.480035
0.411429,-0.478884
0.412289,-0.477734
0.413149,-0.476583
0.414009,-0.475433
0.414869,-0.474282
0.415729,-0.473132
0.416589,-0.471982
0.417449,-0.470831
0.418309,-0.469681
0.419169,-0.46853
0.42003,-0.46738
0.42089,-0.466229
0.42175,-0.465079
0.42261,-0.463928
0.42347,-0.462778
0.42433,-0.461627
0.42519,-0.460477
0.42605,-0.459326
0.42691,-0.458176
0.42777,-0.457025
0.42863,-0.455875
0.42949,-0.454724
0.43035,-0.453574
0.43121,-0.452424
0.43207,-0.451273
0.43293,-0.450123
0.43379,-0.448972
0.43465,-0.447822
0.43551,-0.446671
0.43637,-0.445521
0.437231,-0.44437
0.438091,-0.44322
0.438951,-0.442069
0.439811,-0.440919
0.440671,-0.439768
0.441531,-0.438618
0.442391,-0.437467
0.443251,-0.436317
0.444111,-0.435166
0.444971,-0.434016
0.445831,-0.432866
0.446691,-0.431715
0.447551,-0.430565
0.448411,-0.429414
0.449271,-0.428264
0.450131,-0.427113
0.450991,-0.425963
0.451851,-0.424812
0.452711,-0.423662
0.453571,-0.422511
0.454432,-0.421361
0.45467,-0.421151
0.454909,-0.420942
0.455147,-0.420732
0.455386,-0.420522
0.455625,-0.420313
0.455863,-0.420103
0.456102,-0.419894
0.456341,-0.419684
0.456579,-0.419474
0.456818,-0.419265
0.457057,-0.419055
0.457295,-0.418846
0.457534,-0.418636
0.457773,-0.418426
0.458011,-0.418217
0.45825,-0.418007
0.458488,-0.417798
0.458727,-0.417588
0.458966,-0.417378
0.459204,-0.417169
0.459443,-0.416959
0.459682,-0.41675
0.45992,-0.41654
0.460159,-0.41633
0.460398,-0.416121
0.460636,-0.415911
0.460875,-0.415702
0.461114,-0.415492
0.461352,-0.415283
0.461591,-0.415073
0.461829,-0.414863
0.462068,-0.414654
0.462307,-0.414444
0.462545,-0.414235
0.462784,-0.414025
0.463023,-0.413815
0.463261,-0.413606
0.4635,-0.413396
0.463739,-0.413187
0.463977,-0.412977
0.464216,-0.412767
0.464455,-0.412558
0.464693,-0.412348
0.464932,-0.412139
0.46517,-0.411929
0.465409,-0.411719
0.465648,-0.41151
0.465886,-0.4113
0.466125,-0.411091
0.466364,-0.410881
0.466602,-0.410671
0.466841,-0.410462
0.46708,-0.410252
0.467318,-0.410043
0.467557,-0.409833
0.467796,-0.409623
0.468034,-0.409414
0.468273,-0.409204
0.468511,-0.408995
0.46875,-0.408785
0.468989,-0.408575
0.469227,-0.408366
0.469466,-0.408156
0.469705,-0.407947
0.469943,-0.407737
0.470182,-0.407527
0.470421,-0.407318
0.470659,-0.407108
0.470898,-0.406899
0.471137,-0.406689
0.471375,-0.406479
0.471614,-0.40627
0.471853,-0.40606
0.472091,-0.405851
0.47233,-0.405641
0.472568,-0.405431
0.472807,-0.405222
0.473046,-0.405012
0.473284,-0.404803
0.473523,-0.404593
0.473762,-0.404383
0.474,-0.404174
0.474239,-0.403964
0.474478,-0.403755
0.474716,-0.403545
0.474955,-0.403335
0.475194,-0.403126
0.475432,-0.402916
0.475671,-0.402707
0.475909,-0.402497
0.476148,-0.402287
0.476387,-0.402078
0.476625,-0.401868
0.476864,-0.401659
0.477103,-0.401449
0.477341,-0.401239
0.47758,-0.40103
0.477819,-0.40082
0.478057,-0.400611
0.478296,-0.400401
0.478535,-0.400191
0.478773,-0.399982
0.479012,-0.399772
0.47925,-0.399563
0.479489,-0.399353
0.479728,-0.399143
0.479966,-0.398934
0.480205,-0.398724
0.480444,-0.398515
0.480682,-0.398305
0.480921,-0.398096
0.48116,-0.397886
0.481398,-0.397676
0.481637,-0.397467
0.481876,-0.397257
0.482114,-0.397048
0.482353,-0.396838
0.482591,-0.396628
0.48283,-0.396419
0.483069,-0.396209
0.483307,-0.396
0.483546,-0.39579
0.483785,-0.39558
0.484023,-0.395371
0.484262,-0.395161
0.484501,-0.394952
0.484739,-0.394742
0.484978,-0.394532
0.485217,-0.394323
0.485455,-0.394113
0.485694,-0.393904
0.485932,-0.393694
0.486171,-0.393484
0.48641,-0.393275
0.486648,-0.393065
0.486887,-0.392856
0.487126,-0.392646
0.487364,-0.392436
0.487603,-0.392227
0.487842,-0.392017
0.48808,-0.391808
0.488319,-0.391598
0.488558,-0.391388
0.488796,-0.391179
0.489035,-0.390969
0.489273,-0.39076
0.489512,-0.39055
0.489751,-0.39034
0.489989,-0.390131
