O
15
1,0,-1,0.78,-0.5,0.75,0.0,0.0,0.0,0.3,0.4,0.02,0,0.8,False
2,0,-1,1.1,-0.5,0.93,0.0,0.0,0.0,0.02,0.4,0.2,0,0.8,False
3,0,-1,0.78,-0.5,1.11,0.0,0.0,0.0,0.3,0.4,0.02,0,0.8,False
4,0,-1,0.8,-0.92,0.93,0.0,0.0,0.0,0.32,0.02,0.2,0,0.8,False
5,0,-1,0.8,-0.08,0.93,0.0,0.0,0.0,0.32,0.02,0.2,0,0.8,False
6,2,0,0.5429758813713342,-0.3299882495813985,0.8450000000000001,0.0,0.0,4.621072579262755,0.032722754291952316,0.032722754291952316,0.15,0.10660789502186735,1.137059052919772,False
7,2,0,0.6985698298528831,-0.42402539457608535,0.8450000000000001,0.0,0.0,4.4680665217051585,0.048699831564675396,0.048699831564675396,0.15,0.1887464904230322,1.149299817759354,False
8,0,0,0.7879604946220728,-0.7342221643820178,0.8933057089327096,0.0,0.0,0.6199749404023864,0.05152069123952316,0.03,0.12330570893270952,0.08939591250659534,1.1315209422785832,False
9,0,0,0.9096620566344369,-0.2789044358028452,0.86,0.0,0.0,3.5312051277991032,0.03986392484289088,0.03,0.09,0.09765735554913357,1.1092522888866527,False
10,2,0,0.5906440065299091,-0.6661929820560435,0.8533697535263817,0.0,0.0,5.437817606336878,0.03,0.03,0.16673950705276336,0.20719296902660733,0.9741971970499039,False
11,0,1,0.6482042796860583,-0.19010108383348812,0.9074433101810317,0.0,0.0,4.486956285637386,0.036969247977973296,0.03,0.1374433101810317,0.20510928203218298,1.038265008734361,True
12,0,1,0.9129627175020488,-0.43194969273940315,0.86,0.0,0.0,1.501506865758458,0.07456801910885087,0.07814453566931735,0.09,0.46010884676085634,1.0078652065494884,True
13,2,1,0.7131365143980002,-0.8535503813015853,0.8450000000000001,0.0,0.0,4.865675730844917,0.03,0.03,0.15,0.059598381721807925,1.091902132158816,True
14,2,1,0.9579176926745955,-0.6483595075913744,0.8450000000000001,0.0,0.0,2.923700326490485,0.03,0.03,0.15,0.40433505691031285,0.813262970747878,True
15,0,1,0.5422714416299709,-0.19810632739411593,0.9201875419829977,0.0,0.0,4.770657656598447,0.03,0.03,0.15018754198299764,0.1715530930937671,0.9526067896475815,True
R
0.0,0.0,0.0,0.0,0.0,0.0,1.0
S
8
torso_lift_joint,0
r_shoulder_pan_joint,-1.69017
r_shoulder_lift_joint,-0.0788625
r_upper_arm_roll_joint,-1.69017
r_elbow_flex_joint,-1.2717
r_forearm_roll_joint,-0.151824
r_wrist_flex_joint,-1.25254
r_wrist_roll_joint,0.675062
G
0.477875,-0.372446,0.845,0.577906,-0,0
ooi
6
A
599
0.310248,-0.673113
0.309701,-0.673113
0.309154,-0.673113
0.308606,-0.673113
0.308059,-0.673113
0.307512,-0.673114
0.306964,-0.673114
0.306417,-0.673114
0.30587,-0.673114
0.305322,-0.673114
0.304775,-0.673114
0.304228,-0.673114
0.30368,-0.673114
0.303133,-0.673114
0.302586,-0.673114
0.302038,-0.673114
0.301491,-0.673115
0.300944,-0.673115
0.300396,-0.673115
0.299849,-0.673115
0.299302,-0.673115
0.298754,-0.673115
0.298207,-0.673115
0.29766,-0.673115
0.297112,-0.673115
0.296565,-0.673115
0.296018,-0.673115
0.29547,-0.673116
0.294923,-0.673116
0.294376,-0.673116
0.293828,-0.673116
0.293281,-0.673116
0.292734,-0.673116
0.292186,-0.673116
0.291639,-0.673116
0.291092,-0.673116
0.290544,-0.673116
0.289997,-0.673116
0.28945,-0.673117
0.288902,-0.673117
0.288355,-0.673117
0.287808,-0.673117
0.28726,-0.673117
0.286713,-0.673117
0.286166,-0.673117
0.285618,-0.673117
0.285071,-0.673117
0.284524,-0.673117
0.283976,-0.673117
0.283429,-0.673118
0.282882,-0.673118
0.282334,-0.673118
0.281787,-0.673118
0.28124,-0.673118
0.280692,-0.673118
0.280145,-0.673118
0.279598,-0.673118
0.27905,-0.673118
0.278503,-0.673118
0.277956,-0.673119
0.277408,-0.673119
0.276861,-0.673119
0.276314,-0.673119
0.275766,-0.673119
0.275219,-0.673119
0.274672,-0.673119
0.274124,-0.673119
0.273577,-0.673119
0.27303,-0.673119
0.272482,-0.673119
0.271935,-0.67312
0.271388,-0.67312
0.27084,-0.67312
0.270293,-0.67312
0.269746,-0.67312
0.269198,-0.67312
0.268651,-0.67312
0.268104,-0.67312
0.267556,-0.67312
0.267009,-0.67312
0.266462,-0.67312
0.265914,-0.673121
0.265367,-0.673121
0.26482,-0.673121
0.264272,-0.673121
0.263725,-0.673121
0.263178,-0.673121
0.26263,-0.673121
0.262083,-0.673121
0.261536,-0.673121
0.260988,-0.673121
0.260441,-0.673121
0.259894,-0.673122
0.259346,-0.673122
0.258799,-0.673122
0.258252,-0.673122
0.257704,-0.673122
0.257157,-0.673122
0.25661,-0.673122
0.256063,-0.673122
0.255515,-0.673122
0.254968,-0.673122
0.254421,-0.673122
0.253873,-0.673123
0.253326,-0.673123
0.252779,-0.673123
0.252231,-0.673123
0.251684,-0.673123
0.251137,-0.673123
0.250589,-0.673123
0.250042,-0.673123
0.249495,-0.673123
0.248947,-0.673123
0.2484,-0.673123
0.247853,-0.673124
0.247305,-0.673124
0.246758,-0.673124
0.246211,-0.673124
0.245663,-0.673124
0.245116,-0.673124
0.244569,-0.673124
0.244021,-0.673124
0.243474,-0.673124
0.242927,-0.673124
0.242379,-0.673124
0.241832,-0.673125
0.241285,-0.673125
0.240737,-0.673125
0.24019,-0.673125
0.239643,-0.673125
0.239095,-0.673125
0.238548,-0.673125
0.238001,-0.673125
0.237453,-0.673125
0.236906,-0.673125
0.236359,-0.673125
0.235811,-0.673126
0.235264,-0.673126
0.234717,-0.673126
0.234169,-0.673126
0.233622,-0.673126
0.233075,-0.673126
0.232527,-0.673126
0.23198,-0.673126
0.231433,-0.673126
0.230885,-0.673126
0.230338,-0.673127
0.229791,-0.673127
0.229243,-0.673127
0.228696,-0.673127
0.228149,-0.673127
0.227663,-0.672499
0.227177,-0.67187
0.226692,-0.671242
0.226206,-0.670614
0.22572,-0.669985
0.225234,-0.669357
0.224749,-0.668729
0.224263,-0.668101
0.223777,-0.667472
0.223292,-0.666844
0.222806,-0.666216
0.22232,-0.665587
0.221835,-0.664959
0.221349,-0.664331
0.220863,-0.663703
0.220377,-0.663074
0.219892,-0.662446
0.219406,-0.661818
0.21892,-0.66119
0.218435,-0.660561
0.217949,-0.659933
0.217463,-0.659305
0.216977,-0.658676
0.216492,-0.658048
0.216006,-0.65742
0.21552,-0.656792
0.215035,-0.656163
0.214549,-0.655535
0.214063,-0.654907
0.213578,-0.654278
0.213092,-0.65365
0.212606,-0.653022
0.21212,-0.652394
0.211635,-0.651765
0.211149,-0.651137
0.210663,-0.650509
0.210178,-0.64988
0.209692,-0.649252
0.209206,-0.648624
0.208721,-0.647996
0.208235,-0.647367
0.207749,-0.646739
0.207263,-0.646111
0.206778,-0.645482
0.206292,-0.644854
0.205806,-0.644226
0.205321,-0.643598
0.204835,-0.642969
0.204349,-0.642341
0.203864,-0.641713
0.203378,-0.641085
0.202892,-0.640456
0.202406,-0.639828
0.201921,-0.6392
0.201435,-0.638571
0.200949,-0.637943
0.200464,-0.637315
0.199978,-0.636687
0.199492,-0.636058
0.199006,-0.63543
0.198521,-0.634802
0.198035,-0.634173
0.197549,-0.633545
0.197064,-0.632917
0.196578,-0.632289
0.196092,-0.63166
0.195607,-0.631032
0.195121,-0.630404
0.194635,-0.629775
0.194149,-0.629147
0.193664,-0.628519
0.193178,-0.627891
0.192692,-0.627262
0.192207,-0.626634
0.191721,-0.626006
0.191235,-0.625377
0.19075,-0.624749
0.190264,-0.624121
0.189778,-0.623493
0.189292,-0.622864
0.188807,-0.622236
0.188321,-0.621608
0.187835,-0.620979
0.18735,-0.620351
0.186864,-0.619723
0.186378,-0.619095
0.185892,-0.618466
0.185407,-0.617838
0.184921,-0.61721
0.184435,-0.616582
0.18395,-0.615953
0.183464,-0.615325
0.182978,-0.614697
0.182493,-0.614068
0.182007,-0.61344
0.181521,-0.612812
0.181035,-0.612184
0.18055,-0.611555
0.180064,-0.610927
0.179578,-0.610299
0.179093,-0.60967
0.178607,-0.609042
0.178121,-0.608414
0.177636,-0.607786
0.17715,-0.607157
0.176664,-0.606529
0.176178,-0.605901
0.175693,-0.605272
0.175207,-0.604644
0.174721,-0.604016
0.174236,-0.603388
0.17375,-0.602759
0.173264,-0.602131
0.172779,-0.601503
0.172293,-0.600874
0.171807,-0.600246
0.171321,-0.599618
0.170836,-0.59899
0.17035,-0.598361
0.169864,-0.597733
0.169379,-0.597105
0.168893,-0.596477
0.168407,-0.595848
0.167921,-0.59522
0.167436,-0.594592
0.16695,-0.593963
0.166464,-0.593335
0.165979,-0.592707
0.165493,-0.592079
0.165007,-0.59145
0.164522,-0.590822
0.164036,-0.590194
0.16355,-0.589565
0.163064,-0.588937
0.162579,-0.588309
0.162093,-0.587681
0.161607,-0.587052
0.161122,-0.586424
0.160636,-0.585796
0.16015,-0.585167
0.159665,-0.584539
0.159179,-0.583911
0.158693,-0.583283
0.158207,-0.582654
0.157722,-0.582026
0.157236,-0.581398
0.15675,-0.580769
0.156265,-0.580141
0.155779,-0.579513
0.157575,-0.578969
0.159372,-0.578426
0.161169,-0.577883
0.162965,-0.577339
0.164762,-0.576796
0.166558,-0.576252
0.168355,-0.575709
0.170152,-0.575165
0.171948,-0.574622
0.173745,-0.574078
0.175541,-0.573535
0.177338,-0.572991
0.179135,-0.572448
0.180931,-0.571904
0.182728,-0.571361
0.184524,-0.570818
0.186321,-0.570274
0.188118,-0.569731
0.189914,-0.569187
0.191711,-0.568644
0.193507,-0.5681
0.195304,-0.567557
0.197101,-0.567013
0.198897,-0.56647
0.200694,-0.565926
0.20249,-0.565383
0.204287,-0.564839
0.206084,-0.564296
0.20788,-0.563753
0.209677,-0.563209
0.211473,-0.562666
0.21327,-0.562122
0.215067,-0.561579
0.216863,-0.561035
0.21866,-0.560492
0.220456,-0.559948
0.222253,-0.559405
0.224049,-0.558861
0.225846,-0.558318
0.227643,-0.557774
0.229439,-0.557231
0.231236,-0.556688
0.233032,-0.556144
0.234829,-0.555601
0.236626,-0.555057
0.238422,-0.554514
0.240219,-0.55397
0.242015,-0.553427
0.243812,-0.552883
0.245609,-0.55234
0.247405,-0.551796
0.249202,-0.551253
0.250998,-0.550709
0.252795,-0.550166
0.254592,-0.549623
0.256388,-0.549079
0.258185,-0.548536
0.259981,-0.547992
0.261778,-0.547449
0.263575,-0.546905
0.265371,-0.546362
0.267168,-0.545818
0.268964,-0.545275
0.270761,-0.544731
0.272558,-0.544188
0.274354,-0.543644
0.276151,-0.543101
0.277947,-0.542558
0.279744,-0.542014
0.281541,-0.541471
0.283337,-0.540927
0.285134,-0.540384
0.28693,-0.53984
0.288727,-0.539297
0.290523,-0.538753
0.29232,-0.53821
0.294117,-0.537666
0.295913,-0.537123
0.29771,-0.536579
0.299506,-0.536036
0.301303,-0.535493
0.3031,-0.534949
0.304896,-0.534406
0.306693,-0.533862
0.308489,-0.533319
0.310286,-0.532775
0.312083,-0.532232
0.313879,-0.531688
0.315676,-0.531145
0.317472,-0.530601
0.319269,-0.530058
0.321066,-0.529514
0.322862,-0.528971
0.324659,-0.528428
0.326455,-0.527884
0.328252,-0.527341
0.330049,-0.526797
0.331845,-0.526254
0.333642,-0.52571
0.335438,-0.525167
0.337235,-0.524623
0.339032,-0.52408
0.340828,-0.523536
0.342625,-0.522993
0.344421,-0.522449
0.346218,-0.521906
0.348015,-0.521363
0.349811,-0.520819
0.351608,-0.520276
0.353404,-0.519732
0.355201,-0.519189
0.356997,-0.518645
0.358794,-0.518102
0.360591,-0.517558
0.362387,-0.517015
0.364184,-0.516471
0.36598,-0.515928
0.367777,-0.515384
0.369574,-0.514841
0.37137,-0.514298
0.373167,-0.513754
0.374963,-0.513211
0.37676,-0.512667
0.378557,-0.512124
0.380353,-0.51158
0.38215,-0.511037
0.383946,-0.510493
0.385743,-0.50995
0.38754,-0.509406
0.389336,-0.508863
0.391133,-0.508319
0.392929,-0.507776
0.394726,-0.507233
0.396523,-0.506689
0.398319,-0.506146
0.400116,-0.505602
0.401912,-0.505059
0.403709,-0.504515
0.405506,-0.503972
0.407302,-0.503428
0.409099,-0.502885
0.410895,-0.502341
0.412692,-0.501798
0.414488,-0.501254
0.416285,-0.500711
0.418082,-0.500168
0.419878,-0.499624
0.421675,-0.499081
0.423471,-0.498537
0.425268,-0.497994
0.425621,-0.497151
0.425974,-0.496308
0.426327,-0.495466
0.42668,-0.494623
0.427033,-0.493781
0.427386,-0.492938
0.42774,-0.492095
0.428093,-0.491253
0.428446,-0.49041
0.428799,-0.489568
0.429152,-0.488725
0.429505,-0.487882
0.429858,-0.48704
0.430211,-0.486197
0.430564,-0.485355
0.430917,-0.484512
0.43127,-0.483669
0.431623,-0.482827
0.431976,-0.481984
0.432329,-0.481142
0.432682,-0.480299
0.433035,-0.479456
0.433389,-0.478614
0.433742,-0.477771
0.434095,-0.476929
0.434448,-0.476086
0.434801,-0.475243
0.435154,-0.474401
0.435507,-0.473558
0.43586,-0.472716
0.436213,-0.471873
0.436566,-0.47103
0.436919,-0.470188
0.437272,-0.469345
0.437625,-0.468503
0.437978,-0.46766
0.438331,-0.466817
0.438685,-0.465975
0.439038,-0.465132
0.439391,-0.46429
0.439744,-0.463447
0.440097,-0.462604
0.44045,-0.461762
0.440803,-0.460919
0.441156,-0.460077
0.441509,-0.459234
0.441862,-0.458391
0.442215,-0.457549
0.442568,-0.456706
0.442921,-0.455864
0.443274,-0.455021
0.443627,-0.454178
0.44398,-0.453336
0.444334,-0.452493
0.444687,-0.451651
0.44504,-0.450808
0.445393,-0.449965
0.445746,-0.449123
0.446099,-0.44828
0.446452,-0.447438
0.446805,-0.446595
0.447158,-0.445752
0.447511,-0.44491
0.447864,-0.444067
0.448217,-0.443225
0.44857,-0.442382
0.448923,-0.441539
0.449276,-0.440697
0.449629,-0.439854
0.449983,-0.439012
0.450336,-0.438169
0.450689,-0.437326
0.451042,-0.436484
0.451395,-0.435641
0.451748,-0.434798
0.452101,-0.433956
0.452454,-0.433113
0.452807,-0.432271
0.45316,-0.431428
0.453513,-0.430585
0.453866,-0.429743
0.454219,-0.4289
0.454572,-0.428058
0.454925,-0.427215
0.455279,-0.426372
0.455632,-0.42553
0.455985,-0.424687
0.456338,-0.423845
0.456691,-0.423002
0.457044,-0.422159
0.457397,-0.421317
0.45775,-0.420474
0.458103,-0.419632
0.458456,-0.418789
0.458809,-0.417946
0.459162,-0.417104
0.459515,-0.416261
0.459868,-0.415419
0.460221,-0.414576
0.460574,-0.413733
0.460928,-0.412891
0.461281,-0.412048
0.461634,-0.411206
0.461987,-0.410363
0.46234,-0.40952
0.462693,-0.408678
0.463046,-0.407835
0.463399,-0.406993
0.463752,-0.40615
0.464105,-0.405307
0.464458,-0.404465
0.464811,-0.403622
0.465164,-0.40278
0.465517,-0.401937
0.46587,-0.401094
0.466224,-0.400252
0.466577,-0.399409
0.46693,-0.398567
0.467283,-0.397724
0.467636,-0.396881
0.467989,-0.396039
0.468342,-0.395196
0.468695,-0.394354
0.469048,-0.393511
0.469401,-0.392668
0.469754,-0.391826
0.470107,-0.390983
0.47046,-0.390141
0.470813,-0.389298
0.471166,-0.388455
0.471519,-0.387613
0.471873,-0.38677
0.472226,-0.385928
0.472579,-0.385085
0.472932,-0.384242
0.473285,-0.3834
0.473638,-0.382557
0.473991,-0.381715
0.474344,-0.380872
0.474697,-0.380029
0.47505,-0.379187
0.475403,-0.378344
0.475756,-0.377502
0.476109,-0.376659
0.476462,-0.375816
0.476815,-0.374974
0.477169,-0.374131
0.477522,-0.373289
0.477875,-0.372446
