O
15
1,0,-1,0.78,-0.5,0.75,0.0,0.0,0.0,0.3,0.4,0.02,0,0.8,False
2,0,-1,1.1,-0.5,0.93,0.0,0.0,0.0,0.02,0.4,0.2,0,0.8,False
3,0,-1,0.78,-0.5,1.11,0.0,0.0,0.0,0.3,0.4,0.02,0,0.8,False
4,0,-1,0.8,-0.92,0.93,0.0,0.0,0.0,0.32,0.02,0.2,0,0.8,False
5,0,-1,0.8,-0.08,0.93,0.0,0.0,0.0,0.32,0.02,0.2,0,0.8,False
6,0,0,0.7210176499926357,-0.41690957264797207,0.86,0.0,0.0,0.18497398952156857,0.03,0.036137292276920474,0.09,0.0942589420779979,0.9404753933433898,False
7,2,0,0.6198027404658729,-0.3070571672405835,0.8450000000000001,0.0,0.0,6.022417576298972,0.03,0.03,0.15,0.26593272989786837,0.9434554231461042,False
8,0,0,1.0151096421687877,-0.2540604374945181,0.9156425476692625,0.0,0.0,1.6207113242339606,0.03,0.05046433213750261,0.1456425476692624,0.08621132189675229,1.1326029373644118,False
9,2,0,0.9938426361048542,-0.4905650617475253,0.8579426838851664,0.0,0.0,1.0864295954734444,0.050883554143611016,0.050883554143611016,0.1758853677703327,0.4691372931147669,1.1987988461566732,False
10,0,0,0.89880655143202,-0.34259774701246803,0.86991357443588,0.0,0.0,3.0889694818763234,0.07813922078962851,0.04076080101159228,0.09991357443588002,0.395392136231565,1.0978171242192005,False
11,2,1,0.8490183499402711,-0.5369131114228165,0.8450000000000001,0.0,0.0,3.7661637084968347,0.03,0.03,0.15,0.07429926944629672,0.9906242119573713,True
12,2,1,0.6304498530293463,-0.45117542469040667,0.8450000000000001,0.0,0.0,2.9812772282493585,0.03,0.03,0.15,0.23658047409148558,1.030687580862,True
13,2,1,0.526003409261822,-0.3654297316898144,0.8514864499359885,0.0,0.0,0.8249439977718332,0.03,0.03,0.16297289987197702,0.32723405596149735,1.093659969967827,True
14,0,1,0.8669169701715097,-0.21800150236599214,0.86,0.0,0.0,4.668340540049048,0.0640489409142619,0.045818266066150665,0.09,0.4965440556722288,0.8577177528200629,True
15,0,1,0.6629568354951355,-0.8091882437127472,0.86,0.0,0.0,2.9868330372745286,0.059400246239459595,0.03,0.09,0.11586003498953551,0.9150484116359419,True
R
0.0,0.0,0.0,0.0,0.0,0.0,1.0
S
8
torso_lift_joint,0
r_shoulder_pan_joint,-1.69017
r_shoulder_lift_joint,-0.0788625
r_upper_arm_roll_joint,-1.69017
r_elbow_flex_joint,-1.2717
r_forearm_roll_joint,-0.151824
r_wrist_flex_joint,-1.25254
r_wrist_roll_joint,0.675062
G
0.641264,-0.431832,0.86,0.184974,-0,0
ooi
6
A
599
0.310248,-0.673113
0.310567,-0.672141
0.310886,-0.671168
0.311206,-0.670196
0.311525,-0.669223
0.311844,-0.668251
0.312163,-0.667278
0.312482,-0.666306
0.312801,-0.665333
0.31312,-0.664361
0.31344,-0.663388
0.313759,-0.662416
0.314078,-0.661443
0.314397,-0.660471
0.314716,-0.659498
0.315035,-0.658526
0.315354,-0.657553
0.315673,-0.656581
0.315993,-0.655608
0.316312,-0.654636
0.316631,-0.653663
0.31695,-0.652691
0.317269,-0.651718
0.317588,-0.650746
0.317907,-0.649773
0.318227,-0.648801
0.318546,-0.647828
0.318865,-0.646856
0.319184,-0.645883
0.319503,-0.644911
0.319822,-0.643938
0.320141,-0.642966
0.320461,-0.641993
0.32078,-0.641021
0.321099,-0.640048
0.321418,-0.639076
0.321737,-0.638103
0.322056,-0.637131
0.322375,-0.636158
0.322694,-0.635186
0.323014,-0.634213
0.323333,-0.633241
0.323652,-0.632268
0.323971,-0.631296
0.32429,-0.630323
0.324609,-0.629351
0.324928,-0.628378
0.325248,-0.627406
0.325567,-0.626433
0.325886,-0.625461
0.326205,-0.624488
0.326524,-0.623516
0.326843,-0.622543
0.327162,-0.621571
0.327482,-0.620598
0.327801,-0.619626
0.32812,-0.618653
0.328439,-0.617681
0.328758,-0.616708
0.329077,-0.615736
0.329396,-0.614763
0.329715,-0.613791
0.330035,-0.612818
0.330354,-0.611846
0.330673,-0.610873
0.330992,-0.609901
0.331311,-0.608928
0.33163,-0.607956
0.331949,-0.606983
0.332269,-0.606011
0.332588,-0.605038
0.332907,-0.604066
0.333226,-0.603094
0.333545,-0.602121
0.333864,-0.601149
0.334183,-0.600176
0.334503,-0.599204
0.334822,-0.598231
0.335141,-0.597259
0.33546,-0.596286
0.335779,-0.595314
0.336098,-0.594341
0.336417,-0.593369
0.336736,-0.592396
0.337056,-0.591424
0.337375,-0.590451
0.337694,-0.589479
0.338013,-0.588506
0.338332,-0.587534
0.338651,-0.586561
0.33897,-0.585589
0.33929,-0.584616
0.339609,-0.583644
0.339928,-0.582671
0.340247,-0.581699
0.340566,-0.580726
0.340885,-0.579754
0.341204,-0.578781
0.341524,-0.577809
0.341843,-0.576836
0.342162,-0.575864
0.342481,-0.574891
0.3428,-0.573919
0.343119,-0.572946
0.343438,-0.571974
0.343757,-0.571001
0.344077,-0.570029
0.344396,-0.569056
0.344715,-0.568084
0.345034,-0.567111
0.345353,-0.566139
0.345672,-0.565166
0.345991,-0.564194
0.346311,-0.563221
0.34663,-0.562249
0.346949,-0.561276
0.347268,-0.560304
0.347587,-0.559331
0.347906,-0.558359
0.348225,-0.557386
0.348544,-0.556414
0.348864,-0.555441
0.349183,-0.554469
0.349502,-0.553496
0.349821,-0.552524
0.35014,-0.551551
0.350459,-0.550579
0.350778,-0.549606
0.351098,-0.548634
0.351417,-0.547661
0.351736,-0.546689
0.352055,-0.545716
0.352374,-0.544744
0.352693,-0.543771
0.353012,-0.542799
0.353332,-0.541826
0.353651,-0.540854
0.35397,-0.539881
0.354289,-0.538909
0.354608,-0.537936
0.354927,-0.536964
0.355246,-0.535991
0.355565,-0.535019
0.355885,-0.534046
0.356204,-0.533074
0.356523,-0.532101
0.356842,-0.531129
0.357161,-0.530156
0.35748,-0.529184
0.357799,-0.528211
0.358119,-0.527239
0.359199,-0.527428
0.360279,-0.527616
0.361359,-0.527805
0.362439,-0.527993
0.363519,-0.528182
0.3646,-0.528371
0.36568,-0.528559
0.36676,-0.528748
0.36784,-0.528936
0.36892,-0.529125
0.370001,-0.529314
0.371081,-0.529502
0.372161,-0.529691
0.373241,-0.529879
0.374321,-0.530068
0.375401,-0.530257
0.376482,-0.530445
0.377562,-0.530634
0.378642,-0.530822
0.379722,-0.531011
0.380802,-0.5312
0.381883,-0.531388
0.382963,-0.531577
0.384043,-0.531765
0.385123,-0.531954
0.386203,-0.532142
0.387283,-0.532331
0.388364,-0.53252
0.389444,-0.532708
0.390524,-0.532897
0.391604,-0.533085
0.392684,-0.533274
0.393765,-0.533463
0.394845,-0.533651
0.395925,-0.53384
0.397005,-0.534028
0.398085,-0.534217
0.399165,-0.534406
0.400246,-0.534594
0.401326,-0.534783
0.402406,-0.534971
0.403486,-0.53516
0.404566,-0.535349
0.405647,-0.535537
0.406727,-0.535726
0.407807,-0.535914
0.408887,-0.536103
0.409967,-0.536292
0.411047,-0.53648
0.412128,-0.536669
0.413208,-0.536857
0.414288,-0.537046
0.415368,-0.537235
0.416448,-0.537423
0.417529,-0.537612
0.418609,-0.5378
0.419689,-0.537989
0.420769,-0.538178
0.421849,-0.538366
0.422929,-0.538555
0.42401,-0.538743
0.42509,-0.538932
0.42617,-0.539121
0.42725,-0.539309
0.42833,-0.539498
0.429411,-0.539686
0.430491,-0.539875
0.431571,-0.540064
0.432651,-0.540252
0.433731,-0.540441
0.434811,-0.540629
0.435892,-0.540818
0.436972,-0.541007
0.438052,-0.541195
0.439132,-0.541384
0.440212,-0.541572
0.441293,-0.541761
0.442373,-0.54195
0.443453,-0.542138
0.444533,-0.542327
0.445613,-0.542515
0.446693,-0.542704
0.447774,-0.542892
0.448854,-0.543081
0.449934,-0.54327
0.451014,-0.543458
0.452094,-0.543647
0.453175,-0.543835
0.454255,-0.544024
0.455335,-0.544213
0.456415,-0.544401
0.457495,-0.54459
0.458575,-0.544778
0.459656,-0.544967
0.460736,-0.545156
0.461816,-0.545344
0.462896,-0.545533
0.463976,-0.545721
0.465057,-0.54591
0.466137,-0.546099
0.467217,-0.546287
0.468297,-0.546476
0.469377,-0.546664
0.470457,-0.546853
0.471538,-0.547042
0.472618,-0.54723
0.473698,-0.547419
0.474778,-0.547607
0.475858,-0.547796
0.476938,-0.547985
0.478019,-0.548173
0.479099,-0.548362
0.480179,-0.54855
0.481259,-0.548739
0.482339,-0.548928
0.48342,-0.549116
0.4845,-0.549305
0.48558,-0.549493
0.48666,-0.549682
0.48774,-0.549871
0.48882,-0.550059
0.489901,-0.550248
0.490981,-0.550436
0.492061,-0.550625
0.493141,-0.550814
0.494221,-0.551002
0.495302,-0.551191
0.496382,-0.551379
0.497462,-0.551568
0.498542,-0.551757
0.499622,-0.551945
0.500702,-0.552134
0.501783,-0.552322
0.502863,-0.552511
0.503943,-0.5527
0.505023,-0.552888
0.506103,-0.553077
0.507184,-0.553265
0.508264,-0.553454
0.509344,-0.553643
0.510424,-0.553831
0.511504,-0.55402
0.512584,-0.554208
0.513665,-0.554397
0.514745,-0.554585
0.515825,-0.554774
0.516905,-0.554963
0.517985,-0.555151
0.519066,-0.55534
0.519963,-0.555984
0.520861,-0.556629
0.521759,-0.557274
0.522657,-0.557918
0.523555,-0.558563
0.524452,-0.559207
0.52535,-0.559852
0.526248,-0.560497
0.527146,-0.561141
0.528044,-0.561786
0.528942,-0.56243
0.529839,-0.563075
0.530737,-0.563719
0.531635,-0.564364
0.532533,-0.565009
0.533431,-0.565653
0.534328,-0.566298
0.535226,-0.566942
0.536124,-0.567587
0.537022,-0.568232
0.53792,-0.568876
0.538817,-0.569521
0.539715,-0.570165
0.540613,-0.57081
0.541511,-0.571454
0.542409,-0.572099
0.543307,-0.572744
0.544204,-0.573388
0.545102,-0.574033
0.546,-0.574677
0.546898,-0.575322
0.547796,-0.575967
0.548693,-0.576611
0.549591,-0.577256
0.550489,-0.5779
0.551387,-0.578545
0.552285,-0.579189
0.553183,-0.579834
0.55408,-0.580479
0.554978,-0.581123
0.555876,-0.581768
0.556774,-0.582412
0.557672,-0.583057
0.558569,-0.583702
0.559467,-0.584346
0.560365,-0.584991
0.561263,-0.585635
0.562161,-0.58628
0.563059,-0.586924
0.563956,-0.587569
0.564854,-0.588214
0.565752,-0.588858
0.56665,-0.589503
0.567548,-0.590147
0.568445,-0.590792
0.569343,-0.591437
0.570241,-0.592081
0.571139,-0.592726
0.572037,-0.59337
0.572934,-0.594015
0.573832,-0.594659
0.57473,-0.595304
0.575628,-0.595949
0.576526,-0.596593
0.577424,-0.597238
0.578321,-0.597882
0.579219,-0.598527
0.580117,-0.599172
0.581015,-0.599816
0.581913,-0.600461
0.58281,-0.601105
0.583708,-0.60175
0.584606,-0.602394
0.585504,-0.603039
0.586402,-0.603684
0.5873,-0.604328
0.588197,-0.604973
0.589095,-0.605617
0.589993,-0.606262
0.590891,-0.606907
0.591789,-0.607551
0.592686,-0.608196
0.593584,-0.60884
0.594482,-0.609485
0.59538,-0.610129
0.596278,-0.610774
0.597175,-0.611419
0.598073,-0.612063
0.598971,-0.612708
0.599869,-0.613352
0.600767,-0.613997
0.601665,-0.614642
0.602562,-0.615286
0.60346,-0.615931
0.604358,-0.616575
0.605256,-0.61722
0.606154,-0.617864
0.607051,-0.618509
0.607949,-0.619154
0.608847,-0.619798
0.609745,-0.620443
0.610643,-0.621087
0.611541,-0.621732
0.612438,-0.622377
0.613336,-0.623021
0.614234,-0.623666
0.615132,-0.62431
0.61603,-0.624955
0.616927,-0.6256
0.617825,-0.626244
0.618723,-0.626889
0.619621,-0.627533
0.620519,-0.628178
0.621416,-0.628822
0.622314,-0.629467
0.623212,-0.630112
0.62411,-0.630756
0.625008,-0.631401
0.625906,-0.632045
0.626803,-0.63269
0.627701,-0.633335
0.628599,-0.633979
0.629497,-0.634624
0.630395,-0.635268
0.631292,-0.635913
0.63219,-0.636557
0.633088,-0.637202
0.633986,-0.637847
0.634884,-0.638491
0.635782,-0.639136
0.636679,-0.63978
0.637577,-0.640425
0.638475,-0.64107
0.639373,-0.641714
0.640271,-0.642359
0.641168,-0.643003
0.642066,-0.643648
0.642964,-0.644292
0.643862,-0.644937
0.64476,-0.645582
0.645657,-0.646226
0.646555,-0.646871
0.647453,-0.647515
0.648351,-0.64816
0.649249,-0.648805
0.650147,-0.649449
0.651044,-0.650094
0.651942,-0.650738
0.65284,-0.651383
0.653738,-0.652027
0.653654,-0.65055
0.65357,-0.649072
0.653487,-0.647594
0.653403,-0.646116
0.653319,-0.644638
0.653236,-0.643161
0.653152,-0.641683
0.653068,-0.640205
0.652984,-0.638727
0.652901,-0.637249
0.652817,-0.635771
0.652733,-0.634294
0.65265,-0.632816
0.652566,-0.631338
0.652482,-0.62986
0.652398,-0.628382
0.652315,-0.626905
0.652231,-0.625427
0.652147,-0.623949
0.652064,-0.622471
0.65198,-0.620993
0.651896,-0.619515
0.651812,-0.618038
0.651729,-0.61656
0.651645,-0.615082
0.651561,-0.613604
0.651478,-0.612126
0.651394,-0.610649
0.65131,-0.609171
0.651226,-0.607693
0.651143,-0.606215
0.651059,-0.604737
0.650975,-0.603259
0.650892,-0.601782
0.650808,-0.600304
0.650724,-0.598826
0.65064,-0.597348
0.650557,-0.59587
0.650473,-0.594392
0.650389,-0.592915
0.650306,-0.591437
0.650222,-0.589959
0.650138,-0.588481
0.650054,-0.587003
0.649971,-0.585526
0.649887,-0.584048
0.649803,-0.58257
0.64972,-0.581092
0.649636,-0.579614
0.649552,-0.578136
0.649468,-0.576659
0.649385,-0.575181
0.649301,-0.573703
0.649217,-0.572225
0.649134,-0.570747
0.64905,-0.56927
0.648966,-0.567792
0.648882,-0.566314
0.648799,-0.564836
0.648715,-0.563358
0.648631,-0.56188
0.648548,-0.560403
0.648464,-0.558925
0.64838,-0.557447
0.648296,-0.555969
0.648213,-0.554491
0.648129,-0.553014
0.648045,-0.551536
0.647962,-0.550058
0.647878,-0.54858
0.647794,-0.547102
0.64771,-0.545624
0.647627,-0.544147
0.647543,-0.542669
0.647459,-0.541191
0.647376,-0.539713
0.647292,-0.538235
0.647208,-0.536758
0.647124,-0.53528
0.647041,-0.533802
0.646957,-0.532324
0.646873,-0.530846
0.64679,-0.529368
0.646706,-0.527891
0.646622,-0.526413
0.646538,-0.524935
0.646455,-0.523457
0.646371,-0.521979
0.646287,-0.520502
0.646204,-0.519024
0.64612,-0.517546
0.646036,-0.516068
0.645952,-0.51459
0.645869,-0.513112
0.645785,-0.511635
0.645701,-0.510157
0.645618,-0.508679
0.645534,-0.507201
0.64545,-0.505723
0.645366,-0.504246
0.645283,-0.502768
0.645199,-0.50129
0.645115,-0.499812
0.645032,-0.498334
0.644948,-0.496856
0.644864,-0.495379
0.64478,-0.493901
0.644697,-0.492423
0.644613,-0.490945
0.644529,-0.489467
0.644446,-0.48799
0.644362,-0.486512
0.644278,-0.485034
0.644194,-0.483556
0.644111,-0.482078
0.644027,-0.4806
0.643943,-0.479123
0.64386,-0.477645
0.643776,-0.476167
0.643692,-0.474689
0.643608,-0.473211
0.643525,-0.471734
0.643441,-0.470256
0.643357,-0.468778
0.643274,-0.4673
0.64319,-0.465822
0.643106,-0.464344
0.643022,-0.462867
0.642939,-0.461389
0.642855,-0.459911
0.642771,-0.458433
0.642688,-0.456955
0.642604,-0.455478
0.64252,-0.454
0.642436,-0.452522
0.642353,-0.451044
0.642269,-0.449566
0.642185,-0.448088
0.642102,-0.446611
0.642018,-0.445133
0.641934,-0.443655
0.64185,-0.442177
0.641767,-0.440699
0.641683,-0.439222
0.641599,-0.437744
0.641516,-0.436266
0.641432,-0.434788
0.641348,-0.43331
0.641264,-0.431832
