O
15
1,0,-1,0.78,-0.5,0.75,0.0,0.0,0.0,0.3,0.4,0.02,0,0.8,False
2,0,-1,1.1,-0.5,0.93,0.0,0.0,0.0,0.02,0.4,0.2,0,0.8,False
3,0,-1,0.78,-0.5,1.11,0.0,0.0,0.0,0.3,0.4,0.02,0,0.8,False
4,0,-1,0.8,-0.92,0.93,0.0,0.0,0.0,0.32,0.02,0.2,0,0.8,False
5,0,-1,0.8,-0.08,0.93,0.0,0.0,0.0,0.32,0.02,0.2,0,0.8,False
6,0,0,0.8417788690871854,-0.7704199304360673,0.8709089534537273,0.0,0.0,3.209461186251763,0.03,0.030287431575015823,0.10090895345372733,0.496700213184336,0.8432177553227754,False
7,2,0,0.8627799764579731,-0.4430074061816692,0.8450000000000001,0.0,0.0,5.163990510239937,0.033994443318324255,0.033994443318324255,0.15,0.339729258200292,0.8081167152059694,False
8,0,0,0.6638366517899151,-0.4202398802027935,0.902746050800973,0.0,0.0,3.6414131663174225,0.03,0.03,0.13274605080097304,0.14942080143379688,1.1516342888118372,False
9,2,0,0.7619257546794603,-0.27068904207393285,0.8548927815857967,0.0,0.0,6.062764324072733,0.05588623340426236,0.05588623340426236,0.16978556317159343,0.040761266197812895,1.137363645074516,False
10,0,0,0.951060211470167,-0.2918186093748626,0.86,0.0,0.0,1.7457506513787926,0.030166706012060507,0.03,0.09,0.1116068769801754,0.904238061445798,False
11,2,1,0.9299403476677506,-0.606216185816721,0.8450000000000001,0.0,0.0,4.654267441212796,0.04604805354054233,0.04604805354054233,0.15,0.4195912326854462,0.8762249835680264,True
12,0,1,0.711799177948351,-0.5549996590759132,0.869638341329338,0.0,0.0,5.669460170674646,0.03,0.03,0.09963834132933796,0.17176073958095994,1.173322653549311,True
13,2,1,0.5371708212014205,-0.23186686285704905,0.8450000000000001,0.0,0.0,3.5066630384503252,0.03,0.03,0.15,0.41204874490636073,0.9618968294698514,True
14,2,1,0.7744306707069849,-0.6635174480148824,0.8450000000000001,0.0,0.0,0.33817466530532253,0.03,0.03,0.15,0.0745941819072502,1.1601812678740568,True
15,0,1,0.5460591407272146,-0.584637788012685,0.886073234586089,0.0,0.0,2.5075190639439535,0.05139404822829561,0.03,0.11607323458608897,0.007823749149653114,0.9736646327047997,True
R
0.0,0.0,0.0,0.0,0.0,0.0,1.0
S
8
torso_lift_joint,0
r_shoulder_pan_joint,-1.69017
r_shoulder_lift_joint,-0.0788625
r_upper_arm_roll_joint,-1.69017
r_elbow_flex_joint,-1.2717
r_forearm_roll_joint,-0.151824
r_wrist_flex_joint,-1.25254
r_wrist_roll_joint,0.675062
G
0.598012,-0.456185,0.902746,0.499821,-0,0
ooi
8
A
599
0.310248,-0.673113
0.311361,-0.67319
0.312475,-0.673266
0.313588,-0.673342
0.314701,-0.673419
0.315814,-0.673495
0.316927,-0.673572
0.318041,-0.673648
0.319154,-0.673725
0.320267,-0.673801
0.32138,-0.673878
0.322493,-0.673954
0.323607,-0.674031
0.32472,-0.674107
0.325833,-0.674184
0.326946,-0.67426
0.328059,-0.674336
0.329173,-0.674413
0.330286,-0.674489
0.331399,-0.674566
0.332512,-0.674642
0.333626,-0.674719
0.334739,-0.674795
0.335852,-0.674872
0.336965,-0.674948
0.338078,-0.675025
0.339192,-0.675101
0.340305,-0.675177
0.341418,-0.675254
0.342531,-0.67533
0.343644,-0.675407
0.344758,-0.675483
0.345871,-0.67556
0.346984,-0.675636
0.348097,-0.675713
0.34921,-0.675789
0.350324,-0.675866
0.351437,-0.675942
0.35255,-0.676019
0.353663,-0.676095
0.354776,-0.676171
0.35589,-0.676248
0.357003,-0.676324
0.358116,-0.676401
0.359229,-0.676477
0.360343,-0.676554
0.361456,-0.67663
0.362569,-0.676707
0.363682,-0.676783
0.364795,-0.67686
0.365909,-0.676936
0.367022,-0.677013
0.368135,-0.677089
0.369248,-0.677165
0.370361,-0.677242
0.371475,-0.677318
0.372588,-0.677395
0.373701,-0.677471
0.374814,-0.677548
0.375927,-0.677624
0.377041,-0.677701
0.378154,-0.677777
0.379267,-0.677854
0.38038,-0.67793
0.381493,-0.678007
0.382607,-0.678083
0.38372,-0.678159
0.384833,-0.678236
0.385946,-0.678312
0.387059,-0.678389
0.388173,-0.678465
0.389286,-0.678542
0.390399,-0.678618
0.391512,-0.678695
0.392626,-0.678771
0.393739,-0.678848
0.394852,-0.678924
0.395965,-0.679
0.397078,-0.679077
0.398192,-0.679153
0.399305,-0.67923
0.400418,-0.679306
0.401531,-0.679383
0.402644,-0.679459
0.403758,-0.679536
0.404871,-0.679612
0.405984,-0.679689
0.407097,-0.679765
0.40821,-0.679842
0.409324,-0.679918
0.410437,-0.679994
0.41155,-0.680071
0.412663,-0.680147
0.413776,-0.680224
0.41489,-0.6803
0.416003,-0.680377
0.417116,-0.680453
0.418229,-0.68053
0.419342,-0.680606
0.420456,-0.680683
0.421569,-0.680759
0.422682,-0.680836
0.423795,-0.680912
0.424909,-0.680988
0.426022,-0.681065
0.427135,-0.681141
0.428248,-0.681218
0.429361,-0.681294
0.430475,-0.681371
0.431588,-0.681447
0.432701,-0.681524
0.433814,-0.6816
0.434927,-0.681677
0.436041,-0.681753
0.437154,-0.68183
0.438267,-0.681906
0.43938,-0.681982
0.440493,-0.682059
0.441607,-0.682135
0.44272,-0.682212
0.443833,-0.682288
0.444946,-0.682365
0.446059,-0.682441
0.447173,-0.682518
0.448286,-0.682594
0.449399,-0.682671
0.450512,-0.682747
0.451625,-0.682823
0.452739,-0.6829
0.453852,-0.682976
0.454965,-0.683053
0.456078,-0.683129
0.457192,-0.683206
0.458305,-0.683282
0.459418,-0.683359
0.460531,-0.683435
0.461644,-0.683512
0.462758,-0.683588
0.463871,-0.683665
0.464984,-0.683741
0.466097,-0.683817
0.46721,-0.683894
0.468324,-0.68397
0.469437,-0.684047
0.47055,-0.684123
0.471663,-0.6842
0.472776,-0.684276
0.47389,-0.684353
0.475003,-0.684429
0.476116,-0.684506
0.477229,-0.684582
0.4776,-0.68401
0.477971,-0.683438
0.478342,-0.682866
0.478713,-0.682294
0.479084,-0.681722
0.479455,-0.68115
0.479826,-0.680578
0.480198,-0.680007
0.480569,-0.679435
0.48094,-0.678863
0.481311,-0.678291
0.481682,-0.677719
0.482053,-0.677147
0.482424,-0.676575
0.482795,-0.676003
0.483166,-0.675431
0.483537,-0.674859
0.483908,-0.674287
0.484279,-0.673715
0.48465,-0.673143
0.485021,-0.672571
0.485392,-0.671999
0.485763,-0.671427
0.486134,-0.670855
0.486505,-0.670284
0.486876,-0.669712
0.487247,-0.66914
0.487618,-0.668568
0.487989,-0.667996
0.48836,-0.667424
0.488731,-0.666852
0.489102,-0.66628
0.489473,-0.665708
0.489844,-0.665136
0.490215,-0.664564
0.490586,-0.663992
0.490957,-0.66342
0.491328,-0.662848
0.4917,-0.662276
0.492071,-0.661704
0.492442,-0.661132
0.492813,-0.660561
0.493184,-0.659989
0.493555,-0.659417
0.493926,-0.658845
0.494297,-0.658273
0.494668,-0.657701
0.495039,-0.657129
0.49541,-0.656557
0.495781,-0.655985
0.496152,-0.655413
0.496523,-0.654841
0.496894,-0.654269
0.497265,-0.653697
0.497636,-0.653125
0.498007,-0.652553
0.498378,-0.651981
0.498749,-0.651409
0.49912,-0.650838
0.499491,-0.650266
0.499862,-0.649694
0.500233,-0.649122
0.500604,-0.64855
0.500975,-0.647978
0.501346,-0.647406
0.501717,-0.646834
0.502088,-0.646262
0.502459,-0.64569
0.50283,-0.645118
0.503202,-0.644546
0.503573,-0.643974
0.503944,-0.643402
0.504315,-0.64283
0.504686,-0.642258
0.505057,-0.641686
0.505428,-0.641115
0.505799,-0.640543
0.50617,-0.639971
0.506541,-0.639399
0.506912,-0.638827
0.507283,-0.638255
0.507654,-0.637683
0.508025,-0.637111
0.508396,-0.636539
0.508767,-0.635967
0.509138,-0.635395
0.509509,-0.634823
0.50988,-0.634251
0.510251,-0.633679
0.510622,-0.633107
0.510993,-0.632535
0.511364,-0.631963
0.511735,-0.631391
0.512106,-0.63082
0.512477,-0.630248
0.512848,-0.629676
0.513219,-0.629104
0.51359,-0.628532
0.513961,-0.62796
0.514332,-0.627388
0.514704,-0.626816
0.515075,-0.626244
0.515446,-0.625672
0.515817,-0.6251
0.516188,-0.624528
0.516559,-0.623956
0.51693,-0.623384
0.517301,-0.622812
0.517672,-0.62224
0.518043,-0.621668
0.518414,-0.621097
0.518785,-0.620525
0.519156,-0.619953
0.519527,-0.619381
0.519898,-0.618809
0.520269,-0.618237
0.52064,-0.617665
0.521011,-0.617093
0.521382,-0.616521
0.521753,-0.615949
0.522124,-0.615377
0.522495,-0.614805
0.522866,-0.614233
0.523237,-0.613661
0.523608,-0.613089
0.523979,-0.612517
0.52435,-0.611945
0.524721,-0.611374
0.525092,-0.610802
0.525463,-0.61023
0.525834,-0.609658
0.526206,-0.609086
0.526577,-0.608514
0.526948,-0.607942
0.527319,-0.60737
0.52769,-0.606798
0.528061,-0.606226
0.528432,-0.605654
0.528803,-0.605082
0.529174,-0.60451
0.529545,-0.603938
0.529916,-0.603366
0.530287,-0.602794
0.530658,-0.602222
0.531029,-0.601651
0.5314,-0.601079
0.531771,-0.600507
0.532142,-0.599935
0.532513,-0.599363
0.532524,-0.599669
0.532535,-0.599976
0.532546,-0.600282
0.532558,-0.600589
0.532569,-0.600895
0.53258,-0.601202
0.532591,-0.601509
0.532602,-0.601815
0.532613,-0.602122
0.532624,-0.602428
0.532635,-0.602735
0.532647,-0.603041
0.532658,-0.603348
0.532669,-0.603654
0.53268,-0.603961
0.532691,-0.604267
0.532702,-0.604574
0.532713,-0.604881
0.532724,-0.605187
0.532736,-0.605494
0.532747,-0.6058
0.532758,-0.606107
0.532769,-0.606413
0.53278,-0.60672
0.532791,-0.607026
0.532802,-0.607333
0.532813,-0.607639
0.532825,-0.607946
0.532836,-0.608253
0.532847,-0.608559
0.532858,-0.608866
0.532869,-0.609172
0.53288,-0.609479
0.532891,-0.609785
0.532902,-0.610092
0.532914,-0.610398
0.532925,-0.610705
0.532936,-0.611011
0.532947,-0.611318
0.532958,-0.611625
0.532969,-0.611931
0.53298,-0.612238
0.532991,-0.612544
0.533003,-0.612851
0.533014,-0.613157
0.533025,-0.613464
0.533036,-0.61377
0.533047,-0.614077
0.533058,-0.614383
0.533069,-0.61469
0.53308,-0.614997
0.533092,-0.615303
0.533103,-0.61561
0.533114,-0.615916
0.533125,-0.616223
0.533136,-0.616529
0.533147,-0.616836
0.533158,-0.617142
0.533169,-0.617449
0.533181,-0.617755
0.533192,-0.618062
0.533203,-0.618368
0.533214,-0.618675
0.533225,-0.618982
0.533236,-0.619288
0.533247,-0.619595
0.533258,-0.619901
0.533269,-0.620208
0.533281,-0.620514
0.533292,-0.620821
0.533303,-0.621127
0.533314,-0.621434
0.533325,-0.62174
0.533336,-0.622047
0.533347,-0.622354
0.533358,-0.62266
0.53337,-0.622967
0.533381,-0.623273
0.533392,-0.62358
0.533403,-0.623886
0.533414,-0.624193
0.533425,-0.624499
0.533436,-0.624806
0.533447,-0.625112
0.533459,-0.625419
0.53347,-0.625726
0.533481,-0.626032
0.533492,-0.626339
0.533503,-0.626645
0.533514,-0.626952
0.533525,-0.627258
0.533536,-0.627565
0.533548,-0.627871
0.533559,-0.628178
0.53357,-0.628484
0.533581,-0.628791
0.533592,-0.629098
0.533603,-0.629404
0.533614,-0.629711
0.533625,-0.630017
0.533637,-0.630324
0.533648,-0.63063
0.533659,-0.630937
0.53367,-0.631243
0.533681,-0.63155
0.533692,-0.631856
0.533703,-0.632163
0.533714,-0.63247
0.533726,-0.632776
0.533737,-0.633083
0.533748,-0.633389
0.533759,-0.633696
0.53377,-0.634002
0.533781,-0.634309
0.533792,-0.634615
0.533803,-0.634922
0.533815,-0.635228
0.533826,-0.635535
0.533837,-0.635842
0.533848,-0.636148
0.533859,-0.636455
0.53387,-0.636761
0.533881,-0.637068
0.533892,-0.637374
0.533904,-0.637681
0.533915,-0.637987
0.533926,-0.638294
0.533937,-0.6386
0.533948,-0.638907
0.533959,-0.639213
0.53397,-0.63952
0.533981,-0.639827
0.533993,-0.640133
0.534004,-0.64044
0.534015,-0.640746
0.534026,-0.641053
0.534037,-0.641359
0.534048,-0.641666
0.534059,-0.641972
0.53407,-0.642279
0.534082,-0.642585
0.534093,-0.642892
0.534104,-0.643199
0.534115,-0.643505
0.534126,-0.643812
0.534137,-0.644118
0.534148,-0.644425
0.534159,-0.644731
0.534171,-0.645038
0.534182,-0.645344
0.53461,-0.644075
0.535038,-0.642805
0.535467,-0.641536
0.535895,-0.640266
0.536324,-0.638997
0.536752,-0.637727
0.53718,-0.636458
0.537609,-0.635188
0.538037,-0.633919
0.538466,-0.632649
0.538894,-0.63138
0.539322,-0.63011
0.539751,-0.628841
0.540179,-0.627571
0.540607,-0.626301
0.541036,-0.625032
0.541464,-0.623762
0.541893,-0.622493
0.542321,-0.621223
0.542749,-0.619954
0.543178,-0.618684
0.543606,-0.617415
0.544035,-0.616145
0.544463,-0.614876
0.544891,-0.613606
0.54532,-0.612337
0.545748,-0.611067
0.546177,-0.609798
0.546605,-0.608528
0.547033,-0.607259
0.547462,-0.605989
0.54789,-0.60472
0.548318,-0.60345
0.548747,-0.60218
0.549175,-0.600911
0.549604,-0.599641
0.550032,-0.598372
0.55046,-0.597102
0.550889,-0.595833
0.551317,-0.594563
0.551746,-0.593294
0.552174,-0.592024
0.552602,-0.590755
0.553031,-0.589485
0.553459,-0.588216
0.553888,-0.586946
0.554316,-0.585677
0.554744,-0.584407
0.555173,-0.583138
0.555601,-0.581868
0.556029,-0.580599
0.556458,-0.579329
0.556886,-0.578059
0.557315,-0.57679
0.557743,-0.57552
0.558171,-0.574251
0.5586,-0.572981
0.559028,-0.571712
0.559457,-0.570442
0.559885,-0.569173
0.560313,-0.567903
0.560742,-0.566634
0.56117,-0.565364
0.561599,-0.564095
0.562027,-0.562825
0.562455,-0.561556
0.562884,-0.560286
0.563312,-0.559017
0.56374,-0.557747
0.564169,-0.556478
0.564597,-0.555208
0.565026,-0.553938
0.565454,-0.552669
0.565882,-0.551399
0.566311,-0.55013
0.566739,-0.54886
0.567168,-0.547591
0.567596,-0.546321
0.568024,-0.545052
0.568453,-0.543782
0.568881,-0.542513
0.56931,-0.541243
0.569738,-0.539974
0.570166,-0.538704
0.570595,-0.537435
0.571023,-0.536165
0.571451,-0.534896
0.57188,-0.533626
0.572308,-0.532357
0.572737,-0.531087
0.573165,-0.529817
0.573593,-0.528548
0.574022,-0.527278
0.57445,-0.526009
0.574879,-0.524739
0.575307,-0.52347
0.575735,-0.5222
0.576164,-0.520931
0.576592,-0.519661
0.57702,-0.518392
0.577449,-0.517122
0.577877,-0.515853
0.578306,-0.514583
0.578734,-0.513314
0.579162,-0.512044
0.579591,-0.510775
0.580019,-0.509505
0.580448,-0.508236
0.580876,-0.506966
0.581304,-0.505697
0.581733,-0.504427
0.582161,-0.503157
0.58259,-0.501888
0.583018,-0.500618
0.583446,-0.499349
0.583875,-0.498079
0.584303,-0.49681
0.584731,-0.49554
0.58516,-0.494271
0.585588,-0.493001
0.586017,-0.491732
0.586445,-0.490462
0.586873,-0.489193
0.587302,-0.487923
0.58773,-0.486654
0.588159,-0.485384
0.588587,-0.484115
0.589015,-0.482845
0.589444,-0.481576
0.589872,-0.480306
0.590301,-0.479036
0.590729,-0.477767
0.591157,-0.476497
0.591586,-0.475228
0.592014,-0.473958
0.592442,-0.472689
0.592871,-0.471419
0.593299,-0.47015
0.593728,-0.46888
0.594156,-0.467611
0.594584,-0.466341
0.595013,-0.465072
0.595441,-0.463802
0.59587,-0.462533
0.596298,-0.461263
0.596726,-0.459994
0.597155,-0.458724
0.597583,-0.457455
0.598012,-0.456185
