O
15
1,0,-1,0.78,-0.5,0.75,0.0,0.0,0.0,0.3,0.4,0.02,0,0.8,False
2,0,-1,1.1,-0.5,0.93,0.0,0.0,0.0,0.02,0.4,0.2,0,0.8,False
3,0,-1,0.78,-0.5,1.11,0.0,0.0,0.0,0.3,0.4,0.02,0,0.8,False
4,0,-1,0.8,-0.92,0.93,0.0,0.0,0.0,0.32,0.02,0.2,0,0.8,False
5,0,-1,0.8,-0.08,0.93,0.0,0.0,0.0,0.32,0.02,0.2,0,0.8,False
6,0,0,0.8522632031044467,-0.2506773791812047,0.8831198483683685,0.0,0.0,5.80078211553885,0.05818537189649117,0.0529238085752042,0.11311984836836855,0.36040237176040674,0.8679446731983989,False
7,0,0,0.5336577537843049,-0.3238767184826572,0.86,0.0,0.0,5.399495037027681,0.03,0.03,0.09,0.0775718255119538,0.8004751246139189,False
8,0,0,0.7142948085093579,-0.5287990048754659,0.86,0.0,0.0,1.905283986050014,0.07118827587287878,0.042329049867518266,0.09,0.2961948813036658,0.9344574136630202,False
9,2,0,0.8294875690710682,-0.6667245359970007,0.8450000000000001,0.0,0.0,4.825028081329384,0.03,0.03,0.15,0.21163043665181935,1.1960759931767073,False
10,0,0,0.5658401261224013,-0.48073839716927985,0.9191164256083242,0.0,0.0,2.5384349445178724,0.03,0.03,0.14911642560832414,0.22093071483246962,1.0746494346551285,False
11,0,1,1.019601766335382,-0.5856145960339788,0.86,0.0,0.0,3.067039845522545,0.03,0.04679399007890925,0.09,0.41351081921544885,1.1205416171354055,True
12,0,1,0.9032537262673355,-0.43323064702099257,0.86,0.0,0.0,3.5077270730570262,0.07935106622868747,0.03,0.09,0.44432597689575004,1.177642171902161,True
13,0,1,0.6175362131627744,-0.7611659424977153,0.86,0.0,0.0,1.63969319415095,0.052604898080226614,0.03,0.09,0.2777335782607768,1.0856386444966288,True
14,2,1,0.9579377885088348,-0.6867881336225,0.8450000000000001,0.0,0.0,1.9820732985405458,0.03,0.03,0.15,0.37269858059889505,1.146859672000576,True
15,0,1,0.5974822672184297,-0.18665545057596367,0.8879965950681615,0.0,0.0,5.585604789934657,0.03,0.0745393927258107,0.11799659506816154,0.07622791041270321,0.8004978217545973,True
R
0.0,0.0,0.0,0.0,0.0,0.0,1.0
S
8
torso_lift_joint,0
r_shoulder_pan_joint,-1.69017
r_shoulder_lift_joint,-0.0788625
r_upper_arm_roll_joint,-1.69017
r_elbow_flex_joint,-1.2717
r_forearm_roll_joint,-0.151824
r_wrist_flex_joint,-1.25254
r_wrist_roll_joint,0.675062
G
0.475676,-0.371449,0.86,0.687106,-0,0
ooi
7
A
599
0.310248,-0.673113
0.310793,-0.672537
0.311338,-0.671961
0.311883,-0.671386
0.312427,-0.67081
0.312972,-0.670234
0.313517,-0.669658
0.314062,-0.669082
0.314607,-0.668506
0.315152,-0.667931
0.315696,-0.667355
0.316241,-0.666779
0.316786,-0.666203
0.317331,-0.665627
0.317876,-0.665051
0.318421,-0.664476
0.318965,-0.6639
0.31951,-0.663324
0.320055,-0.662748
0.3206,-0.662172
0.321145,-0.661596
0.32169,-0.661021
0.322234,-0.660445
0.322779,-0.659869
0.323324,-0.659293
0.323869,-0.658717
0.324414,-0.658141
0.324959,-0.657566
0.325503,-0.65699
0.326048,-0.656414
0.326593,-0.655838
0.327138,-0.655262
0.327683,-0.654686
0.328228,-0.654111
0.328772,-0.653535
0.329317,-0.652959
0.329862,-0.652383
0.330407,-0.651807
0.330952,-0.651231
0.331497,-0.650656
0.332041,-0.65008
0.332586,-0.649504
0.333131,-0.648928
0.333676,-0.648352
0.334221,-0.647776
0.334766,-0.647201
0.33531,-0.646625
0.335855,-0.646049
0.3364,-0.645473
0.336945,-0.644897
0.33749,-0.644322
0.338035,-0.643746
0.338579,-0.64317
0.339124,-0.642594
0.339669,-0.642018
0.340214,-0.641442
0.340759,-0.640867
0.341304,-0.640291
0.341848,-0.639715
0.342393,-0.639139
0.342938,-0.638563
0.343483,-0.637987
0.344028,-0.637412
0.344572,-0.636836
0.345117,-0.63626
0.345662,-0.635684
0.346207,-0.635108
0.346752,-0.634532
0.347297,-0.633957
0.347841,-0.633381
0.348386,-0.632805
0.348931,-0.632229
0.349476,-0.631653
0.350021,-0.631077
0.350566,-0.630502
0.35111,-0.629926
0.351655,-0.62935
0.3522,-0.628774
0.352745,-0.628198
0.35329,-0.627622
0.353835,-0.627047
0.354379,-0.626471
0.354924,-0.625895
0.355469,-0.625319
0.356014,-0.624743
0.356559,-0.624167
0.357104,-0.623592
0.357648,-0.623016
0.358193,-0.62244
0.358738,-0.621864
0.359283,-0.621288
0.359828,-0.620712
0.360373,-0.620137
0.360917,-0.619561
0.361462,-0.618985
0.362007,-0.618409
0.362552,-0.617833
0.363097,-0.617257
0.363642,-0.616682
0.364186,-0.616106
0.364731,-0.61553
0.365276,-0.614954
0.365821,-0.614378
0.366366,-0.613802
0.366911,-0.613227
0.367455,-0.612651
0.368,-0.612075
0.368545,-0.611499
0.36909,-0.610923
0.369635,-0.610347
0.37018,-0.609772
0.370724,-0.609196
0.371269,-0.60862
0.371814,-0.608044
0.372359,-0.607468
0.372904,-0.606892
0.373449,-0.606317
0.373993,-0.605741
0.374538,-0.605165
0.375083,-0.604589
0.375628,-0.604013
0.376173,-0.603437
0.376717,-0.602862
0.377262,-0.602286
0.377807,-0.60171
0.378352,-0.601134
0.378897,-0.600558
0.379442,-0.599982
0.379986,-0.599407
0.380531,-0.598831
0.381076,-0.598255
0.381621,-0.597679
0.382166,-0.597103
0.382711,-0.596528
0.383255,-0.595952
0.3838,-0.595376
0.384345,-0.5948
0.38489,-0.594224
0.385435,-0.593648
0.38598,-0.593073
0.386524,-0.592497
0.387069,-0.591921
0.387614,-0.591345
0.388159,-0.590769
0.388704,-0.590193
0.389249,-0.589618
0.389793,-0.589042
0.390338,-0.588466
0.390883,-0.58789
0.391428,-0.587314
0.391973,-0.586738
0.392124,-0.586232
0.392276,-0.585725
0.392427,-0.585218
0.392579,-0.584712
0.39273,-0.584205
0.392881,-0.583699
0.393033,-0.583192
0.393184,-0.582685
0.393336,-0.582179
0.393487,-0.581672
0.393639,-0.581165
0.39379,-0.580659
0.393942,-0.580152
0.394093,-0.579646
0.394245,-0.579139
0.394396,-0.578632
0.394547,-0.578126
0.394699,-0.577619
0.39485,-0.577112
0.395002,-0.576606
0.395153,-0.576099
0.395305,-0.575592
0.395456,-0.575086
0.395608,-0.574579
0.395759,-0.574073
0.39591,-0.573566
0.396062,-0.573059
0.396213,-0.572553
0.396365,-0.572046
0.396516,-0.571539
0.396668,-0.571033
0.396819,-0.570526
0.396971,-0.570019
0.397122,-0.569513
0.397274,-0.569006
0.397425,-0.5685
0.397576,-0.567993
0.397728,-0.567486
0.397879,-0.56698
0.398031,-0.566473
0.398182,-0.565966
0.398334,-0.56546
0.398485,-0.564953
0.398637,-0.564446
0.398788,-0.56394
0.39894,-0.563433
0.399091,-0.562927
0.399242,-0.56242
0.399394,-0.561913
0.399545,-0.561407
0.399697,-0.5609
0.399848,-0.560393
0.4,-0.559887
0.400151,-0.55938
0.400303,-0.558873
0.400454,-0.558367
0.400605,-0.55786
0.400757,-0.557354
0.400908,-0.556847
0.40106,-0.55634
0.401211,-0.555834
0.401363,-0.555327
0.401514,-0.55482
0.401666,-0.554314
0.401817,-0.553807
0.401969,-0.553301
0.40212,-0.552794
0.402271,-0.552287
0.402423,-0.551781
0.402574,-0.551274
0.402726,-0.550767
0.402877,-0.550261
0.403029,-0.549754
0.40318,-0.549247
0.403332,-0.548741
0.403483,-0.548234
0.403635,-0.547728
0.403786,-0.547221
0.403937,-0.546714
0.404089,-0.546208
0.40424,-0.545701
0.404392,-0.545194
0.404543,-0.544688
0.404695,-0.544181
0.404846,-0.543674
0.404998,-0.543168
0.405149,-0.542661
0.405301,-0.542155
0.405452,-0.541648
0.405603,-0.541141
0.405755,-0.540635
0.405906,-0.540128
0.406058,-0.539621
0.406209,-0.539115
0.406361,-0.538608
0.406512,-0.538101
0.406664,-0.537595
0.406815,-0.537088
0.406966,-0.536582
0.407118,-0.536075
0.407269,-0.535568
0.407421,-0.535062
0.407572,-0.534555
0.407724,-0.534048
0.407875,-0.533542
0.408027,-0.533035
0.408178,-0.532529
0.40833,-0.532022
0.408481,-0.531515
0.408632,-0.531009
0.408784,-0.530502
0.408935,-0.529995
0.409087,-0.529489
0.409238,-0.528982
0.40939,-0.528475
0.409541,-0.527969
0.409693,-0.527462
0.409844,-0.526956
0.409996,-0.526449
0.410147,-0.525942
0.410298,-0.525436
0.41045,-0.524929
0.410601,-0.524422
0.410753,-0.523916
0.410904,-0.523409
0.411056,-0.522902
0.411207,-0.522396
0.411359,-0.521889
0.41151,-0.521383
0.411661,-0.520876
0.411813,-0.520369
0.411964,-0.519863
0.412116,-0.519356
0.412267,-0.518849
0.412419,-0.518343
0.41257,-0.517836
0.412722,-0.517329
0.412873,-0.516823
0.413025,-0.516316
0.413176,-0.51581
0.413327,-0.515303
0.413479,-0.514796
0.41363,-0.51429
0.413782,-0.513783
0.413933,-0.513276
0.414085,-0.51277
0.414236,-0.512263
0.414388,-0.511757
0.414539,-0.51125
0.414416,-0.510948
0.414294,-0.510646
0.414171,-0.510344
0.414049,-0.510042
0.413926,-0.50974
0.413803,-0.509439
0.413681,-0.509137
0.413558,-0.508835
0.413435,-0.508533
0.413313,-0.508231
0.41319,-0.507929
0.413067,-0.507627
0.412945,-0.507325
0.412822,-0.507023
0.4127,-0.506721
0.412577,-0.50642
0.412454,-0.506118
0.412332,-0.505816
0.412209,-0.505514
0.412086,-0.505212
0.411964,-0.50491
0.411841,-0.504608
0.411719,-0.504306
0.411596,-0.504004
0.411473,-0.503703
0.411351,-0.503401
0.411228,-0.503099
0.411105,-0.502797
0.410983,-0.502495
0.41086,-0.502193
0.410737,-0.501891
0.410615,-0.501589
0.410492,-0.501287
0.41037,-0.500986
0.410247,-0.500684
0.410124,-0.500382
0.410002,-0.50008
0.409879,-0.499778
0.409756,-0.499476
0.409634,-0.499174
0.409511,-0.498872
0.409389,-0.49857
0.409266,-0.498269
0.409143,-0.497967
0.409021,-0.497665
0.408898,-0.497363
0.408775,-0.497061
0.408653,-0.496759
0.40853,-0.496457
0.408407,-0.496155
0.408285,-0.495853
0.408162,-0.495551
0.40804,-0.49525
0.407917,-0.494948
0.407794,-0.494646
0.407672,-0.494344
0.407549,-0.494042
0.407426,-0.49374
0.407304,-0.493438
0.407181,-0.493136
0.407058,-0.492834
0.406936,-0.492533
0.406813,-0.492231
0.406691,-0.491929
0.406568,-0.491627
0.406445,-0.491325
0.406323,-0.491023
0.4062,-0.490721
0.406077,-0.490419
0.405955,-0.490117
0.405832,-0.489816
0.40571,-0.489514
0.405587,-0.489212
0.405464,-0.48891
0.405342,-0.488608
0.405219,-0.488306
0.405096,-0.488004
0.404974,-0.487702
0.404851,-0.4874
0.404728,-0.487099
0.404606,-0.486797
0.404483,-0.486495
0.404361,-0.486193
0.404238,-0.485891
0.404115,-0.485589
0.403993,-0.485287
0.40387,-0.484985
0.403747,-0.484683
0.403625,-0.484382
0.403502,-0.48408
0.40338,-0.483778
0.403257,-0.483476
0.403134,-0.483174
0.403012,-0.482872
0.402889,-0.48257
0.402766,-0.482268
0.402644,-0.481966
0.402521,-0.481664
0.402398,-0.481363
0.402276,-0.481061
0.402153,-0.480759
0.402031,-0.480457
0.401908,-0.480155
0.401785,-0.479853
0.401663,-0.479551
0.40154,-0.479249
0.401417,-0.478947
0.401295,-0.478646
0.401172,-0.478344
0.40105,-0.478042
0.400927,-0.47774
0.400804,-0.477438
0.400682,-0.477136
0.400559,-0.476834
0.400436,-0.476532
0.400314,-0.47623
0.400191,-0.475929
0.400068,-0.475627
0.399946,-0.475325
0.399823,-0.475023
0.399701,-0.474721
0.399578,-0.474419
0.399455,-0.474117
0.399333,-0.473815
0.39921,-0.473513
0.399087,-0.473212
0.398965,-0.47291
0.398842,-0.472608
0.39872,-0.472306
0.398597,-0.472004
0.398474,-0.471702
0.398352,-0.4714
0.398229,-0.471098
0.398106,-0.470796
0.397984,-0.470494
0.397861,-0.470193
0.397738,-0.469891
0.397616,-0.469589
0.397493,-0.469287
0.397371,-0.468985
0.397248,-0.468683
0.397125,-0.468381
0.397003,-0.468079
0.39688,-0.467777
0.396757,-0.467476
0.396635,-0.467174
0.396512,-0.466872
0.396389,-0.46657
0.396267,-0.466268
0.396144,-0.465966
0.396678,-0.465332
0.397212,-0.464697
0.397746,-0.464063
0.398279,-0.463429
0.398813,-0.462794
0.399347,-0.46216
0.399881,-0.461526
0.400414,-0.460891
0.400948,-0.460257
0.401482,-0.459623
0.402016,-0.458988
0.40255,-0.458354
0.403083,-0.45772
0.403617,-0.457085
0.404151,-0.456451
0.404685,-0.455817
0.405218,-0.455182
0.405752,-0.454548
0.406286,-0.453914
0.40682,-0.453279
0.407353,-0.452645
0.407887,-0.452011
0.408421,-0.451376
0.408955,-0.450742
0.409489,-0.450108
0.410022,-0.449473
0.410556,-0.448839
0.41109,-0.448205
0.411624,-0.44757
0.412157,-0.446936
0.412691,-0.446302
0.413225,-0.445667
0.413759,-0.445033
0.414293,-0.444399
0.414826,-0.443764
0.41536,-0.44313
0.415894,-0.442496
0.416428,-0.441861
0.416961,-0.441227
0.417495,-0.440592
0.418029,-0.439958
0.418563,-0.439324
0.419096,-0.438689
0.41963,-0.438055
0.420164,-0.437421
0.420698,-0.436786
0.421232,-0.436152
0.421765,-0.435518
0.422299,-0.434883
0.422833,-0.434249
0.423367,-0.433615
0.4239,-0.43298
0.424434,-0.432346
0.424968,-0.431712
0.425502,-0.431077
0.426036,-0.430443
0.426569,-0.429809
0.427103,-0.429174
0.427637,-0.42854
0.428171,-0.427906
0.428704,-0.427271
0.429238,-0.426637
0.429772,-0.426003
0.430306,-0.425368
0.430839,-0.424734
0.431373,-0.4241
0.431907,-0.423465
0.432441,-0.422831
0.432975,-0.422197
0.433508,-0.421562
0.434042,-0.420928
0.434576,-0.420294
0.43511,-0.419659
0.435643,-0.419025
0.436177,-0.418391
0.436711,-0.417756
0.437245,-0.417122
0.437779,-0.416488
0.438312,-0.415853
0.438846,-0.415219
0.43938,-0.414585
0.439914,-0.41395
0.440447,-0.413316
0.440981,-0.412682
0.441515,-0.412047
0.442049,-0.411413
0.442582,-0.410779
0.443116,-0.410144
0.44365,-0.40951
0.444184,-0.408875
0.444718,-0.408241
0.445251,-0.407607
0.445785,-0.406972
0.446319,-0.406338
0.446853,-0.405704
0.447386,-0.405069
0.44792,-0.404435
0.448454,-0.403801
0.448988,-0.403166
0.449522,-0.402532
0.450055,-0.401898
0.450589,-0.401263
0.451123,-0.400629
0.451657,-0.399995
0.45219,-0.39936
0.452724,-0.398726
0.453258,-0.398092
0.453792,-0.397457
0.454325,-0.396823
0.454859,-0.396189
0.455393,-0.395554
0.455927,-0.39492
0.456461,-0.394286
0.456994,-0.393651
0.457528,-0.393017
0.458062,-0.392383
0.458596,-0.391748
0.459129,-0.391114
0.459663,-0.39048
0.460197,-0.389845
0.460731,-0.389211
0.461265,-0.388577
0.461798,-0.387942
0.462332,-0.387308
0.462866,-0.386674
0.4634,-0.386039
0.463933,-0.385405
0.464467,-0.384771
0.465001,-0.384136
0.465535,-0.383502
0.466068,-0.382868
0.466602,-0.382233
0.467136,-0.381599
0.46767,-0.380965
0.468204,-0.38033
0.468737,-0.379696
0.469271,-0.379061
0.469805,-0.378427
0.470339,-0.377793
0.470872,-0.377158
0.471406,-0.376524
0.47194,-0.37589
0.472474,-0.375255
0.473008,-0.374621
0.473541,-0.373987
0.474075,-0.373352
0.474609,-0.372718
0.475143,-0.372084
0.475676,-0.371449
