O
15
1,0,-1,0.78,-0.5,0.75,0.0,0.0,0.0,0.3,0.4,0.02,0,0.8,False
2,0,-1,1.1,-0.5,0.93,0.0,0.0,0.0,0.02,0.4,0.2,0,0.8,False
3,0,-1,0.78,-0.5,1.11,0.0,0.0,0.0,0.3,0.4,0.02,0,0.8,False
4,0,-1,0.8,-0.92,0.93,0.0,0.0,0.0,0.32,0.02,0.2,0,0.8,False
5,0,-1,0.8,-0.08,0.93,0.0,0.0,0.0,0.32,0.02,0.2,0,0.8,False
6,2,0,0.9903317367103646,-0.8293662878750423,0.8450000000000001,0.0,0.0,3.68743509135958,0.04288508921081272,0.04288508921081272,0.15,0.009454291337333665,0.9777684591055168,False
7,2,0,0.7593420792175071,-0.39599488041155134,0.8450000000000001,0.0,0.0,4.40526451410375,0.04956713949305055,0.04956713949305055,0.15,0.001971521491320849,1.0378523540182947,False
8,0,0,0.6543621195022992,-0.6260637081401189,0.86,0.0,0.0,5.882834239808984,0.03,0.03,0.09,0.18672377946225216,1.0565964768020026,False
9,2,0,0.9561592589372054,-0.21048836280042305,0.8573276072597428,0.0,0.0,3.0732106176179,0.0556117709938596,0.0556117709938596,0.17465521451948549,0.1416582928434913,0.9460010465611892,False
10,2,0,0.9586154549361371,-0.37583035457978564,0.8450000000000001,0.0,0.0,1.0320680221117058,0.0673788195898533,0.0673788195898533,0.15,0.48081063341977714,0.8082514175563567,False
11,2,1,0.6582441174375349,-0.7304683150455082,0.8450000000000001,0.0,0.0,1.1288469639259466,0.03,0.03,0.15,0.11931317754866438,1.1060692073073566,True
12,0,1,0.7679305432912408,-0.5621310522591654,0.86,0.0,0.0,4.384780344036504,0.043829175918732054,0.03292630550477489,0.09,0.4333955025070756,0.8236653678566819,True
13,2,1,0.9254421133409214,-0.558298519182396,0.8450000000000001,0.0,0.0,4.8234267277333025,0.06424571416886118,0.06424571416886118,0.15,0.25209709203229036,1.090481543845804,True
14,0,1,0.6158824497451587,-0.41048368856818157,0.86,0.0,0.0,1.9403546568532153,0.03,0.03,0.09,0.0011631097221246889,0.8139888303278892,True
15,2,1,0.5460089482492642,-0.7772171659090159,0.8450000000000001,0.0,0.0,5.270457407774479,0.044411421401339864,0.044411421401339864,0.15,0.3724235393942545,0.8555044078735539,True
R
0.0,0.0,0.0,0.0,0.0,0.0,1.0
S
8
torso_lift_joint,0
r_shoulder_pan_joint,-1.69017
r_shoulder_lift_joint,-0.0788625
r_upper_arm_roll_joint,-1.69017
r_elbow_flex_joint,-1.2717
r_forearm_roll_joint,-0.151824
r_wrist_flex_joint,-1.25254
r_wrist_roll_joint,0.675062
G
0.585293,-0.596833,0.86,2.74124,-3.14159,3.14159
ooi
8
A
599
0.310248,-0.673113
0.310662,-0.674145
0.311076,-0.675178
0.31149,-0.67621
0.311903,-0.677243
0.312317,-0.678275
0.312731,-0.679307
0.313145,-0.68034
0.313558,-0.681372
0.313972,-0.682405
0.314386,-0.683437
0.3148,-0.684469
0.315213,-0.685502
0.315627,-0.686534
0.316041,-0.687567
0.316455,-0.688599
0.316869,-0.689631
0.317282,-0.690664
0.317696,-0.691696
0.31811,-0.692728
0.318524,-0.693761
0.318937,-0.694793
0.319351,-0.695826
0.319765,-0.696858
0.320179,-0.69789
0.320593,-0.698923
0.321006,-0.699955
0.32142,-0.700988
0.321834,-0.70202
0.322248,-0.703052
0.322661,-0.704085
0.323075,-0.705117
0.323489,-0.70615
0.323903,-0.707182
0.324317,-0.708214
0.32473,-0.709247
0.325144,-0.710279
0.325558,-0.711311
0.325972,-0.712344
0.326385,-0.713376
0.326799,-0.714409
0.327213,-0.715441
0.327627,-0.716473
0.328041,-0.717506
0.328454,-0.718538
0.328868,-0.719571
0.329282,-0.720603
0.329696,-0.721635
0.330109,-0.722668
0.330523,-0.7237
0.330937,-0.724733
0.331351,-0.725765
0.331765,-0.726797
0.332178,-0.72783
0.332592,-0.728862
0.333006,-0.729894
0.33342,-0.730927
0.333833,-0.731959
0.334247,-0.732992
0.334661,-0.734024
0.335075,-0.735056
0.335489,-0.736089
0.335902,-0.737121
0.336316,-0.738154
0.33673,-0.739186
0.337144,-0.740218
0.337557,-0.741251
0.337971,-0.742283
0.338385,-0.743316
0.338799,-0.744348
0.339213,-0.74538
0.339626,-0.746413
0.34004,-0.747445
0.340454,-0.748477
0.340868,-0.74951
0.341281,-0.750542
0.341695,-0.751575
0.342109,-0.752607
0.342523,-0.753639
0.342936,-0.754672
0.34335,-0.755704
0.343764,-0.756737
0.344178,-0.757769
0.344592,-0.758801
0.345005,-0.759834
0.345419,-0.760866
0.345833,-0.761899
0.346247,-0.762931
0.34666,-0.763963
0.347074,-0.764996
0.347488,-0.766028
0.347902,-0.76706
0.348316,-0.768093
0.348729,-0.769125
0.349143,-0.770158
0.349557,-0.77119
0.349971,-0.772222
0.350384,-0.773255
0.350798,-0.774287
0.351212,-0.77532
0.351626,-0.776352
0.35204,-0.777384
0.352453,-0.778417
0.352867,-0.779449
0.353281,-0.780482
0.353695,-0.781514
0.354108,-0.782546
0.354522,-0.783579
0.354936,-0.784611
0.35535,-0.785643
0.355764,-0.786676
0.356177,-0.787708
0.356591,-0.788741
0.357005,-0.789773
0.357419,-0.790805
0.357832,-0.791838
0.358246,-0.79287
0.35866,-0.793903
0.359074,-0.794935
0.359488,-0.795967
0.359901,-0.797
0.360315,-0.798032
0.360729,-0.799065
0.361143,-0.800097
0.361556,-0.801129
0.36197,-0.802162
0.362384,-0.803194
0.362798,-0.804226
0.363212,-0.805259
0.363625,-0.806291
0.364039,-0.807324
0.364453,-0.808356
0.364867,-0.809388
0.36528,-0.810421
0.365694,-0.811453
0.366108,-0.812486
0.366522,-0.813518
0.366935,-0.81455
0.367349,-0.815583
0.367763,-0.816615
0.368177,-0.817648
0.368591,-0.81868
0.369004,-0.819712
0.369418,-0.820745
0.369832,-0.821777
0.370246,-0.822809
0.370659,-0.823842
0.371073,-0.824874
0.371487,-0.825907
0.371901,-0.826939
0.372315,-0.827971
0.372402,-0.826639
0.37249,-0.825307
0.372578,-0.823975
0.372666,-0.822643
0.372753,-0.821311
0.372841,-0.819979
0.372929,-0.818647
0.373017,-0.817315
0.373104,-0.815983
0.373192,-0.814651
0.37328,-0.813319
0.373368,-0.811987
0.373456,-0.810655
0.373543,-0.809323
0.373631,-0.807991
0.373719,-0.806659
0.373807,-0.805327
0.373894,-0.803995
0.373982,-0.802663
0.37407,-0.801331
0.374158,-0.799999
0.374245,-0.798666
0.374333,-0.797334
0.374421,-0.796002
0.374509,-0.79467
0.374596,-0.793338
0.374684,-0.792006
0.374772,-0.790674
0.37486,-0.789342
0.374948,-0.78801
0.375035,-0.786678
0.375123,-0.785346
0.375211,-0.784014
0.375299,-0.782682
0.375386,-0.78135
0.375474,-0.780018
0.375562,-0.778686
0.37565,-0.777354
0.375737,-0.776022
0.375825,-0.77469
0.375913,-0.773358
0.376001,-0.772026
0.376088,-0.770694
0.376176,-0.769361
0.376264,-0.768029
0.376352,-0.766697
0.37644,-0.765365
0.376527,-0.764033
0.376615,-0.762701
0.376703,-0.761369
0.376791,-0.760037
0.376878,-0.758705
0.376966,-0.757373
0.377054,-0.756041
0.377142,-0.754709
0.377229,-0.753377
0.377317,-0.752045
0.377405,-0.750713
0.377493,-0.749381
0.37758,-0.748049
0.377668,-0.746717
0.377756,-0.745385
0.377844,-0.744053
0.377932,-0.742721
0.378019,-0.741389
0.378107,-0.740057
0.378195,-0.738724
0.378283,-0.737392
0.37837,-0.73606
0.378458,-0.734728
0.378546,-0.733396
0.378634,-0.732064
0.378721,-0.730732
0.378809,-0.7294
0.378897,-0.728068
0.378985,-0.726736
0.379072,-0.725404
0.37916,-0.724072
0.379248,-0.72274
0.379336,-0.721408
0.379424,-0.720076
0.379511,-0.718744
0.379599,-0.717412
0.379687,-0.71608
0.379775,-0.714748
0.379862,-0.713416
0.37995,-0.712084
0.380038,-0.710752
0.380126,-0.709419
0.380213,-0.708087
0.380301,-0.706755
0.380389,-0.705423
0.380477,-0.704091
0.380564,-0.702759
0.380652,-0.701427
0.38074,-0.700095
0.380828,-0.698763
0.380916,-0.697431
0.381003,-0.696099
0.381091,-0.694767
0.381179,-0.693435
0.381267,-0.692103
0.381354,-0.690771
0.381442,-0.689439
0.38153,-0.688107
0.381618,-0.686775
0.381705,-0.685443
0.381793,-0.684111
0.381881,-0.682779
0.381969,-0.681447
0.382056,-0.680115
0.382144,-0.678782
0.382232,-0.67745
0.38232,-0.676118
0.382408,-0.674786
0.382495,-0.673454
0.382583,-0.672122
0.382671,-0.67079
0.382759,-0.669458
0.382846,-0.668126
0.382934,-0.666794
0.383022,-0.665462
0.38311,-0.66413
0.383197,-0.662798
0.383285,-0.661466
0.383373,-0.660134
0.383461,-0.658802
0.383549,-0.65747
0.383636,-0.656138
0.383724,-0.654806
0.383812,-0.653474
0.3839,-0.652142
0.383987,-0.65081
0.384075,-0.649477
0.384163,-0.648145
0.384251,-0.646813
0.384338,-0.645481
0.384426,-0.644149
0.384514,-0.642817
0.384602,-0.641485
0.384689,-0.640153
0.384777,-0.638821
0.384865,-0.637489
0.384953,-0.636157
0.385041,-0.634825
0.385128,-0.633493
0.385216,-0.632161
0.385304,-0.630829
0.385392,-0.629497
0.386412,-0.629352
0.387433,-0.629206
0.388453,-0.629061
0.389474,-0.628916
0.390494,-0.628771
0.391515,-0.628625
0.392535,-0.62848
0.393556,-0.628335
0.394576,-0.62819
0.395597,-0.628045
0.396617,-0.627899
0.397638,-0.627754
0.398658,-0.627609
0.399679,-0.627464
0.400699,-0.627318
0.40172,-0.627173
0.402741,-0.627028
0.403761,-0.626883
0.404782,-0.626738
0.405802,-0.626592
0.406823,-0.626447
0.407843,-0.626302
0.408864,-0.626157
0.409884,-0.626011
0.410905,-0.625866
0.411925,-0.625721
0.412946,-0.625576
0.413966,-0.625431
0.414987,-0.625285
0.416007,-0.62514
0.417028,-0.624995
0.418048,-0.62485
0.419069,-0.624704
0.42009,-0.624559
0.42111,-0.624414
0.422131,-0.624269
0.423151,-0.624124
0.424172,-0.623978
0.425192,-0.623833
0.426213,-0.623688
0.427233,-0.623543
0.428254,-0.623397
0.429274,-0.623252
0.430295,-0.623107
0.431315,-0.622962
0.432336,-0.622816
0.433356,-0.622671
0.434377,-0.622526
0.435397,-0.622381
0.436418,-0.622236
0.437439,-0.62209
0.438459,-0.621945
0.43948,-0.6218
0.4405,-0.621655
0.441521,-0.621509
0.442541,-0.621364
0.443562,-0.621219
0.444582,-0.621074
0.445603,-0.620929
0.446623,-0.620783
0.447644,-0.620638
0.448664,-0.620493
0.449685,-0.620348
0.450705,-0.620202
0.451726,-0.620057
0.452746,-0.619912
0.453767,-0.619767
0.454788,-0.619622
0.455808,-0.619476
0.456829,-0.619331
0.457849,-0.619186
0.45887,-0.619041
0.45989,-0.618895
0.460911,-0.61875
0.461931,-0.618605
0.462952,-0.61846
0.463972,-0.618315
0.464993,-0.618169
0.466013,-0.618024
0.467034,-0.617879
0.468054,-0.617734
0.469075,-0.617588
0.470095,-0.617443
0.471116,-0.617298
0.472136,-0.617153
0.473157,-0.617008
0.474178,-0.616862
0.475198,-0.616717
0.476219,-0.616572
0.477239,-0.616427
0.47826,-0.616281
0.47928,-0.616136
0.480301,-0.615991
0.481321,-0.615846
0.482342,-0.615701
0.483362,-0.615555
0.484383,-0.61541
0.485403,-0.615265
0.486424,-0.61512
0.487444,-0.614974
0.488465,-0.614829
0.489485,-0.614684
0.490506,-0.614539
0.491527,-0.614393
0.492547,-0.614248
0.493568,-0.614103
0.494588,-0.613958
0.495609,-0.613813
0.496629,-0.613667
0.49765,-0.613522
0.49867,-0.613377
0.499691,-0.613232
0.500711,-0.613086
0.501732,-0.612941
0.502752,-0.612796
0.503773,-0.612651
0.504793,-0.612506
0.505814,-0.61236
0.506834,-0.612215
0.507855,-0.61207
0.508876,-0.611925
0.509896,-0.611779
0.510917,-0.611634
0.511937,-0.611489
0.512958,-0.611344
0.513978,-0.611199
0.514999,-0.611053
0.516019,-0.610908
0.51704,-0.610763
0.51806,-0.610618
0.519081,-0.610472
0.520101,-0.610327
0.521122,-0.610182
0.522142,-0.610037
0.523163,-0.609892
0.524183,-0.609746
0.525204,-0.609601
0.526225,-0.609456
0.527245,-0.609311
0.528266,-0.609165
0.529286,-0.60902
0.530307,-0.608875
0.531327,-0.60873
0.532348,-0.608585
0.533368,-0.608439
0.534389,-0.608294
0.535409,-0.608149
0.53643,-0.608004
0.53745,-0.607858
0.538471,-0.607713
0.538785,-0.60764
0.539099,-0.607567
0.539414,-0.607494
0.539728,-0.607421
0.540042,-0.607348
0.540356,-0.607275
0.540671,-0.607202
0.540985,-0.607129
0.541299,-0.607056
0.541613,-0.606983
0.541928,-0.60691
0.542242,-0.606837
0.542556,-0.606764
0.54287,-0.606691
0.543184,-0.606618
0.543499,-0.606545
0.543813,-0.606472
0.544127,-0.606399
0.544441,-0.606326
0.544756,-0.606253
0.54507,-0.60618
0.545384,-0.606107
0.545698,-0.606034
0.546013,-0.605961
0.546327,-0.605888
0.546641,-0.605815
0.546955,-0.605742
0.54727,-0.605669
0.547584,-0.605596
0.547898,-0.605523
0.548212,-0.60545
0.548527,-0.605377
0.548841,-0.605304
0.549155,-0.60523
0.549469,-0.605157
0.549784,-0.605084
0.550098,-0.605011
0.550412,-0.604938
0.550726,-0.604865
0.55104,-0.604792
0.551355,-0.604719
0.551669,-0.604646
0.551983,-0.604573
0.552297,-0.6045
0.552612,-0.604427
0.552926,-0.604354
0.55324,-0.604281
0.553554,-0.604208
0.553869,-0.604135
0.554183,-0.604062
0.554497,-0.603989
0.554811,-0.603916
0.555126,-0.603843
0.55544,-0.60377
0.555754,-0.603697
0.556068,-0.603624
0.556383,-0.603551
0.556697,-0.603478
0.557011,-0.603405
0.557325,-0.603332
0.55764,-0.603259
0.557954,-0.603186
0.558268,-0.603113
0.558582,-0.60304
0.558897,-0.602967
0.559211,-0.602894
0.559525,-0.602821
0.559839,-0.602748
0.560153,-0.602675
0.560468,-0.602602
0.560782,-0.602529
0.561096,-0.602456
0.56141,-0.602383
0.561725,-0.60231
0.562039,-0.602237
0.562353,-0.602164
0.562667,-0.602091
0.562982,-0.602018
0.563296,-0.601945
0.56361,-0.601872
0.563924,-0.601798
0.564239,-0.601725
0.564553,-0.601652
0.564867,-0.601579
0.565181,-0.601506
0.565496,-0.601433
0.56581,-0.60136
0.566124,-0.601287
0.566438,-0.601214
0.566753,-0.601141
0.567067,-0.601068
0.567381,-0.600995
0.567695,-0.600922
0.56801,-0.600849
0.568324,-0.600776
0.568638,-0.600703
0.568952,-0.60063
0.569266,-0.600557
0.569581,-0.600484
0.569895,-0.600411
0.570209,-0.600338
0.570523,-0.600265
0.570838,-0.600192
0.571152,-0.600119
0.571466,-0.600046
0.57178,-0.599973
0.572095,-0.5999
0.572409,-0.599827
0.572723,-0.599754
0.573037,-0.599681
0.573352,-0.599608
0.573666,-0.599535
0.57398,-0.599462
0.574294,-0.599389
0.574609,-0.599316
0.574923,-0.599243
0.575237,-0.59917
0.575551,-0.599097
0.575866,-0.599024
0.57618,-0.598951
0.576494,-0.598878
0.576808,-0.598805
0.577123,-0.598732
0.577437,-0.598659
0.577751,-0.598586
0.578065,-0.598513
0.578379,-0.59844
0.578694,-0.598367
0.579008,-0.598293
0.579322,-0.59822
0.579636,-0.598147
0.579951,-0.598074
0.580265,-0.598001
0.580579,-0.597928
0.580893,-0.597855
0.581208,-0.597782
0.581522,-0.597709
0.581836,-0.597636
0.58215,-0.597563
0.582465,-0.59749
0.582779,-0.597417
0.583093,-0.597344
0.583407,-0.597271
0.583722,-0.597198
0.584036,-0.597125
0.58435,-0.597052
0.584664,-0.596979
0.584979,-0.596906
0.585293,-0.596833
