O
15
1,0,-1,0.78,-0.5,0.75,0.0,0.0,0.0,0.3,0.4,0.02,0,0.8,False
2,0,-1,1.1,-0.5,0.93,0.0,0.0,0.0,0.02,0.4,0.2,0,0.8,False
3,0,-1,0.78,-0.5,1.11,0.0,0.0,0.0,0.3,0.4,0.02,0,0.8,False
4,0,-1,0.8,-0.92,0.93,0.0,0.0,0.0,0.32,0.02,0.2,0,0.8,False
5,0,-1,0.8,-0.08,0.93,0.0,0.0,0.0,0.32,0.02,0.2,0,0.8,False
6,0,0,0.8462960671871904,-0.7706952118329191,0.8791194752987648,0.0,0.0,2.5489009204070983,0.03,0.03,0.10911947529876481,0.047838407630814817,0.8172213343634253,False
7,2,0,0.6596379621525733,-0.5822436046987134,0.8450000000000001,0.0,0.0,5.466993085066678,0.03,0.03,0.15,0.09662138514610225,0.8940602388881455,False
8,2,0,0.9592895922207643,-0.76171976414397,0.8680810540970233,0.0,0.0,4.082190671744839,0.03,0.03,0.19616210819404656,0.029666561922430168,0.99517342537413,False
9,2,0,0.6265180057044158,-0.29457641255722655,0.8450000000000001,0.0,0.0,5.695117881226862,0.03,0.03,0.15,0.12431121099676984,0.8616457531966542,False
10,2,0,0.9783826270678866,-0.5007078820603202,0.8450000000000001,0.0,0.0,4.792402545115045,0.03,0.03,0.15,0.4115267648753617,1.197269657319488,False
11,2,1,0.5965998504810639,-0.7907593864903665,0.848545339548689,0.0,0.0,3.6858014049933825,0.06479878613848253,0.06479878613848253,0.1570906790973782,0.2684196431904506,1.0409316784561649,True
12,0,1,0.9473700666295406,-0.25977546928698203,0.86,0.0,0.0,0.8415400024490955,0.07683738099079519,0.05304307165574706,0.09,0.15884378689931744,1.0260464126907942,True
13,2,1,0.7574584183393968,-0.36413411903686743,0.8620024837827212,0.0,0.0,5.4493978114058725,0.04969728125673661,0.04969728125673661,0.18400496756544238,0.1325845514062275,0.9182361835119165,True
14,2,1,0.7662215481516294,-0.6406766041823793,0.8450000000000001,0.0,0.0,5.442577705402678,0.030629402282405814,0.030629402282405814,0.15,0.14483369257524809,0.914298537727267,True
15,2,1,0.5238824349480857,-0.40067043500416333,0.8450000000000001,0.0,0.0,1.706831791177705,0.03,0.03,0.15,0.12844478374354223,0.8637454821146023,True
R
0.0,0.0,0.0,0.0,0.0,0.0,1.0
S
8
torso_lift_joint,0
r_shoulder_pan_joint,-1.69017
r_shoulder_lift_joint,-0.0788625
r_upper_arm_roll_joint,-1.69017
r_elbow_flex_joint,-1.2717
r_forearm_roll_joint,-0.151824
r_wrist_flex_joint,-1.25254
r_wrist_roll_joint,0.675062
G
0.584701,-0.579179,0.845,3.10072,-3.14159,3.14159
ooi
7
A
599
0.310248,-0.673113
0.310723,-0.673291
0.311197,-0.673469
0.311672,-0.673646
0.312147,-0.673824
0.312621,-0.674002
0.313096,-0.67418
0.31357,-0.674358
0.314045,-0.674536
0.314519,-0.674713
0.314994,-0.674891
0.315469,-0.675069
0.315943,-0.675247
0.316418,-0.675425
0.316892,-0.675602
0.317367,-0.67578
0.317842,-0.675958
0.318316,-0.676136
0.318791,-0.676314
0.319265,-0.676491
0.31974,-0.676669
0.320214,-0.676847
0.320689,-0.677025
0.321164,-0.677203
0.321638,-0.67738
0.322113,-0.677558
0.322587,-0.677736
0.323062,-0.677914
0.323537,-0.678092
0.324011,-0.67827
0.324486,-0.678447
0.32496,-0.678625
0.325435,-0.678803
0.325909,-0.678981
0.326384,-0.679159
0.326859,-0.679336
0.327333,-0.679514
0.327808,-0.679692
0.328282,-0.67987
0.328757,-0.680048
0.329232,-0.680225
0.329706,-0.680403
0.330181,-0.680581
0.330655,-0.680759
0.33113,-0.680937
0.331604,-0.681114
0.332079,-0.681292
0.332554,-0.68147
0.333028,-0.681648
0.333503,-0.681826
0.333977,-0.682003
0.334452,-0.682181
0.334927,-0.682359
0.335401,-0.682537
0.335876,-0.682715
0.33635,-0.682893
0.336825,-0.68307
0.337299,-0.683248
0.337774,-0.683426
0.338249,-0.683604
0.338723,-0.683782
0.339198,-0.683959
0.339672,-0.684137
0.340147,-0.684315
0.340622,-0.684493
0.341096,-0.684671
0.341571,-0.684848
0.342045,-0.685026
0.34252,-0.685204
0.342994,-0.685382
0.343469,-0.68556
0.343944,-0.685737
0.344418,-0.685915
0.344893,-0.686093
0.345367,-0.686271
0.345842,-0.686449
0.346316,-0.686627
0.346791,-0.686804
0.347266,-0.686982
0.34774,-0.68716
0.348215,-0.687338
0.348689,-0.687516
0.349164,-0.687693
0.349639,-0.687871
0.350113,-0.688049
0.350588,-0.688227
0.351062,-0.688405
0.351537,-0.688582
0.352011,-0.68876
0.352486,-0.688938
0.352961,-0.689116
0.353435,-0.689294
0.35391,-0.689471
0.354384,-0.689649
0.354859,-0.689827
0.355334,-0.690005
0.355808,-0.690183
0.356283,-0.69036
0.356757,-0.690538
0.357232,-0.690716
0.357706,-0.690894
0.358181,-0.691072
0.358656,-0.69125
0.35913,-0.691427
0.359605,-0.691605
0.360079,-0.691783
0.360554,-0.691961
0.361029,-0.692139
0.361503,-0.692316
0.361978,-0.692494
0.362452,-0.692672
0.362927,-0.69285
0.363401,-0.693028
0.363876,-0.693205
0.364351,-0.693383
0.364825,-0.693561
0.3653,-0.693739
0.365774,-0.693917
0.366249,-0.694094
0.366724,-0.694272
0.367198,-0.69445
0.367673,-0.694628
0.368147,-0.694806
0.368622,-0.694983
0.369096,-0.695161
0.369571,-0.695339
0.370046,-0.695517
0.37052,-0.695695
0.370995,-0.695873
0.371469,-0.69605
0.371944,-0.696228
0.372419,-0.696406
0.372893,-0.696584
0.373368,-0.696762
0.373842,-0.696939
0.374317,-0.697117
0.374791,-0.697295
0.375266,-0.697473
0.375741,-0.697651
0.376215,-0.697828
0.37669,-0.698006
0.377164,-0.698184
0.377639,-0.698362
0.378114,-0.69854
0.378588,-0.698717
0.379063,-0.698895
0.379537,-0.699073
0.380012,-0.699251
0.380486,-0.699429
0.380961,-0.699607
0.381436,-0.699784
0.38235,-0.699898
0.383265,-0.700011
0.384179,-0.700124
0.385093,-0.700237
0.386008,-0.700351
0.386922,-0.700464
0.387837,-0.700577
0.388751,-0.70069
0.389666,-0.700804
0.39058,-0.700917
0.391495,-0.70103
0.392409,-0.701143
0.393324,-0.701257
0.394238,-0.70137
0.395152,-0.701483
0.396067,-0.701597
0.396981,-0.70171
0.397896,-0.701823
0.39881,-0.701936
0.399725,-0.70205
0.400639,-0.702163
0.401554,-0.702276
0.402468,-0.702389
0.403382,-0.702503
0.404297,-0.702616
0.405211,-0.702729
0.406126,-0.702842
0.40704,-0.702956
0.407955,-0.703069
0.408869,-0.703182
0.409784,-0.703295
0.410698,-0.703409
0.411613,-0.703522
0.412527,-0.703635
0.413441,-0.703749
0.414356,-0.703862
0.41527,-0.703975
0.416185,-0.704088
0.417099,-0.704202
0.418014,-0.704315
0.418928,-0.704428
0.419843,-0.704541
0.420757,-0.704655
0.421671,-0.704768
0.422586,-0.704881
0.4235,-0.704994
0.424415,-0.705108
0.425329,-0.705221
0.426244,-0.705334
0.427158,-0.705447
0.428073,-0.705561
0.428987,-0.705674
0.429902,-0.705787
0.430816,-0.705901
0.43173,-0.706014
0.432645,-0.706127
0.433559,-0.70624
0.434474,-0.706354
0.435388,-0.706467
0.436303,-0.70658
0.437217,-0.706693
0.438132,-0.706807
0.439046,-0.70692
0.43996,-0.707033
0.440875,-0.707146
0.441789,-0.70726
0.442704,-0.707373
0.443618,-0.707486
0.444533,-0.707599
0.445447,-0.707713
0.446362,-0.707826
0.447276,-0.707939
0.448191,-0.708053
0.449105,-0.708166
0.450019,-0.708279
0.450934,-0.708392
0.451848,-0.708506
0.452763,-0.708619
0.453677,-0.708732
0.454592,-0.708845
0.455506,-0.708959
0.456421,-0.709072
0.457335,-0.709185
0.458249,-0.709298
0.459164,-0.709412
0.460078,-0.709525
0.460993,-0.709638
0.461907,-0.709751
0.462822,-0.709865
0.463736,-0.709978
0.464651,-0.710091
0.465565,-0.710205
0.46648,-0.710318
0.467394,-0.710431
0.468308,-0.710544
0.469223,-0.710658
0.470137,-0.710771
0.471052,-0.710884
0.471966,-0.710997
0.472881,-0.711111
0.473795,-0.711224
0.47471,-0.711337
0.475624,-0.71145
0.476539,-0.711564
0.477453,-0.711677
0.478367,-0.71179
0.479282,-0.711903
0.480196,-0.712017
0.481111,-0.71213
0.482025,-0.712243
0.48294,-0.712357
0.483854,-0.71247
0.484769,-0.712583
0.485683,-0.712696
0.486597,-0.71281
0.487512,-0.712923
0.488426,-0.713036
0.489341,-0.713149
0.490255,-0.713263
0.49117,-0.713376
0.492084,-0.713489
0.492999,-0.713602
0.493913,-0.713716
0.494828,-0.713829
0.495742,-0.713942
0.496656,-0.714055
0.497571,-0.714169
0.498485,-0.714282
0.4994,-0.714395
0.500314,-0.714508
0.501229,-0.714622
0.502143,-0.714735
0.503058,-0.714848
0.503972,-0.714962
0.504886,-0.715075
0.505801,-0.715188
0.506715,-0.715301
0.50763,-0.715415
0.508544,-0.715528
0.509459,-0.715641
0.510373,-0.715754
0.511288,-0.715868
0.512202,-0.715981
0.513117,-0.716094
0.514031,-0.716207
0.514945,-0.716321
0.51586,-0.716434
0.516774,-0.716547
0.517689,-0.71666
0.517777,-0.71584
0.517865,-0.715019
0.517953,-0.714198
0.518041,-0.713377
0.518129,-0.712556
0.518217,-0.711735
0.518305,-0.710914
0.518393,-0.710093
0.518481,-0.709272
0.518569,-0.708452
0.518657,-0.707631
0.518745,-0.70681
0.518833,-0.705989
0.518921,-0.705168
0.519009,-0.704347
0.519097,-0.703526
0.519185,-0.702705
0.519273,-0.701884
0.519361,-0.701064
0.519449,-0.700243
0.519537,-0.699422
0.519625,-0.698601
0.519713,-0.69778
0.519801,-0.696959
0.519889,-0.696138
0.519977,-0.695317
0.520065,-0.694496
0.520153,-0.693676
0.520241,-0.692855
0.520329,-0.692034
0.520417,-0.691213
0.520505,-0.690392
0.520593,-0.689571
0.520681,-0.68875
0.520769,-0.687929
0.520857,-0.687108
0.520945,-0.686288
0.521034,-0.685467
0.521122,-0.684646
0.52121,-0.683825
0.521298,-0.683004
0.521386,-0.682183
0.521474,-0.681362
0.521562,-0.680541
0.52165,-0.67972
0.521738,-0.6789
0.521826,-0.678079
0.521914,-0.677258
0.522002,-0.676437
0.52209,-0.675616
0.522178,-0.674795
0.522266,-0.673974
0.522354,-0.673153
0.522442,-0.672332
0.52253,-0.671512
0.522618,-0.670691
0.522706,-0.66987
0.522794,-0.669049
0.522882,-0.668228
0.52297,-0.667407
0.523058,-0.666586
0.523146,-0.665765
0.523234,-0.664944
0.523322,-0.664124
0.52341,-0.663303
0.523498,-0.662482
0.523586,-0.661661
0.523674,-0.66084
0.523762,-0.660019
0.52385,-0.659198
0.523938,-0.658377
0.524026,-0.657556
0.524114,-0.656736
0.524202,-0.655915
0.52429,-0.655094
0.524378,-0.654273
0.524466,-0.653452
0.524554,-0.652631
0.524642,-0.65181
0.52473,-0.650989
0.524818,-0.650168
0.524906,-0.649348
0.524994,-0.648527
0.525082,-0.647706
0.52517,-0.646885
0.525258,-0.646064
0.525346,-0.645243
0.525434,-0.644422
0.525523,-0.643601
0.525611,-0.64278
0.525699,-0.64196
0.525787,-0.641139
0.525875,-0.640318
0.525963,-0.639497
0.526051,-0.638676
0.526139,-0.637855
0.526227,-0.637034
0.526315,-0.636213
0.526403,-0.635392
0.526491,-0.634572
0.526579,-0.633751
0.526667,-0.63293
0.526755,-0.632109
0.526843,-0.631288
0.526931,-0.630467
0.527019,-0.629646
0.527107,-0.628825
0.527195,-0.628004
0.527283,-0.627184
0.527371,-0.626363
0.527459,-0.625542
0.527547,-0.624721
0.527635,-0.6239
0.527723,-0.623079
0.527811,-0.622258
0.527899,-0.621437
0.527987,-0.620616
0.528075,-0.619796
0.528163,-0.618975
0.528251,-0.618154
0.528339,-0.617333
0.528427,-0.616512
0.528515,-0.615691
0.528603,-0.61487
0.528691,-0.614049
0.528779,-0.613228
0.528867,-0.612408
0.528955,-0.611587
0.529043,-0.610766
0.529131,-0.609945
0.529219,-0.609124
0.529307,-0.608303
0.529395,-0.607482
0.529483,-0.606661
0.529571,-0.60584
0.529659,-0.60502
0.529747,-0.604199
0.529835,-0.603378
0.529923,-0.602557
0.530011,-0.601736
0.5301,-0.600915
0.530188,-0.600094
0.530276,-0.599273
0.530364,-0.598452
0.530452,-0.597632
0.53054,-0.596811
0.530628,-0.59599
0.530716,-0.595169
0.530804,-0.594348
0.530892,-0.593527
0.531253,-0.593431
0.531614,-0.593335
0.531975,-0.593238
0.532336,-0.593142
0.532697,-0.593046
0.533058,-0.592949
0.53342,-0.592853
0.533781,-0.592757
0.534142,-0.59266
0.534503,-0.592564
0.534864,-0.592468
0.535225,-0.592372
0.535586,-0.592275
0.535948,-0.592179
0.536309,-0.592083
0.53667,-0.591986
0.537031,-0.59189
0.537392,-0.591794
0.537753,-0.591698
0.538114,-0.591601
0.538475,-0.591505
0.538837,-0.591409
0.539198,-0.591312
0.539559,-0.591216
0.53992,-0.59112
0.540281,-0.591023
0.540642,-0.590927
0.541003,-0.590831
0.541365,-0.590735
0.541726,-0.590638
0.542087,-0.590542
0.542448,-0.590446
0.542809,-0.590349
0.54317,-0.590253
0.543531,-0.590157
0.543892,-0.59006
0.544254,-0.589964
0.544615,-0.589868
0.544976,-0.589772
0.545337,-0.589675
0.545698,-0.589579
0.546059,-0.589483
0.54642,-0.589386
0.546782,-0.58929
0.547143,-0.589194
0.547504,-0.589097
0.547865,-0.589001
0.548226,-0.588905
0.548587,-0.588809
0.548948,-0.588712
0.54931,-0.588616
0.549671,-0.58852
0.550032,-0.588423
0.550393,-0.588327
0.550754,-0.588231
0.551115,-0.588134
0.551476,-0.588038
0.551837,-0.587942
0.552199,-0.587846
0.55256,-0.587749
0.552921,-0.587653
0.553282,-0.587557
0.553643,-0.58746
0.554004,-0.587364
0.554365,-0.587268
0.554727,-0.587172
0.555088,-0.587075
0.555449,-0.586979
0.55581,-0.586883
0.556171,-0.586786
0.556532,-0.58669
0.556893,-0.586594
0.557254,-0.586497
0.557616,-0.586401
0.557977,-0.586305
0.558338,-0.586209
0.558699,-0.586112
0.55906,-0.586016
0.559421,-0.58592
0.559782,-0.585823
0.560144,-0.585727
0.560505,-0.585631
0.560866,-0.585534
0.561227,-0.585438
0.561588,-0.585342
0.561949,-0.585246
0.56231,-0.585149
0.562671,-0.585053
0.563033,-0.584957
0.563394,-0.58486
0.563755,-0.584764
0.564116,-0.584668
0.564477,-0.584571
0.564838,-0.584475
0.565199,-0.584379
0.565561,-0.584283
0.565922,-0.584186
0.566283,-0.58409
0.566644,-0.583994
0.567005,-0.583897
0.567366,-0.583801
0.567727,-0.583705
0.568088,-0.583608
0.56845,-0.583512
0.568811,-0.583416
0.569172,-0.58332
0.569533,-0.583223
0.569894,-0.583127
0.570255,-0.583031
0.570616,-0.582934
0.570978,-0.582838
0.571339,-0.582742
0.5717,-0.582646
0.572061,-0.582549
0.572422,-0.582453
0.572783,-0.582357
0.573144,-0.58226
0.573505,-0.582164
0.573867,-0.582068
0.574228,-0.581971
0.574589,-0.581875
0.57495,-0.581779
0.575311,-0.581683
0.575672,-0.581586
0.576033,-0.58149
0.576395,-0.581394
0.576756,-0.581297
0.577117,-0.581201
0.577478,-0.581105
0.577839,-0.581008
0.5782,-0.580912
0.578561,-0.580816
0.578922,-0.58072
0.579284,-0.580623
0.579645,-0.580527
0.580006,-0.580431
0.580367,-0.580334
0.580728,-0.580238
0.581089,-0.580142
0.58145,-0.580045
0.581812,-0.579949
0.582173,-0.579853
0.582534,-0.579757
0.582895,-0.57966
0.583256,-0.579564
0.583617,-0.579468
0.583978,-0.579371
0.584339,-0.579275
0.584701,-0.579179
