O
15
1,0,-1,0.78,-0.5,0.75,0.0,0.0,0.0,0.3,0.4,0.02,0,0.8,False
2,0,-1,1.1,-0.5,0.93,0.0,0.0,0.0,0.02,0.4,0.2,0,0.8,False
3,0,-1,0.78,-0.5,1.11,0.0,0.0,0.0,0.3,0.4,0.02,0,0.8,False
4,0,-1,0.8,-0.92,0.93,0.0,0.0,0.0,0.32,0.02,0.2,0,0.8,False
5,0,-1,0.8,-0.08,0.93,0.0,0.0,0.0,0.32,0.02,0.2,0,0.8,False
6,2,0,0.5182548511118558,-0.3381772799173205,0.8450000000000001,0.0,0.0,0.4439469227823785,0.03,0.03,0.15,0.003628695832554818,1.0146611066370936,False
7,0,0,0.6958555428086555,-0.62993736908555,0.86,0.0,0.0,4.268753495622179,0.07473879980772964,0.03,0.09,0.3703731487539021,0.8701707790573188,False
8,2,0,1.0225855224738634,-0.44908520547415026,0.8450000000000001,0.0,0.0,5.158957798250566,0.03,0.03,0.15,0.3406449147814633,1.151748937886734,False
9,2,0,0.7522435825187926,-0.45145522743911676,0.8493565748666225,0.0,0.0,3.203847093874744,0.03,0.03,0.15871314973324513,0.12534111570380613,0.9247532687577029,False
10,0,0,0.5932454176144373,-0.5773316291948525,0.86,0.0,0.0,3.181153805864632,0.03,0.05602255734253774,0.09,0.004167065349278298,0.9393296144738361,False
11,0,1,0.9861217246217822,-0.7345943125627076,0.86,0.0,0.0,2.474831955924027,0.041280581611954935,0.03443023330765129,0.09,0.3612052713673394,1.1157298240335882,True
12,0,1,0.6221583031667265,-0.3849256981214828,0.908074210045031,0.0,0.0,3.295994406722526,0.03,0.03,0.13807421004503093,0.4560982367958674,0.9413543135530383,True
13,0,1,0.7717252026083437,-0.3204627652294675,0.8979746661650186,0.0,0.0,5.5905338461076655,0.06343110123316784,0.03,0.12797466616501865,0.497216159475932,0.9476818984628774,True
14,2,1,0.847146325724206,-0.6081223765105168,0.852320885690507,0.0,0.0,3.460649279425342,0.03,0.03,0.164641771381014,0.1613538196945431,0.905626804993877,True
15,2,1,0.8192028471154753,-0.17929905364648524,0.8450000000000001,0.0,0.0,1.9810746937723174,0.03,0.03,0.15,0.3511458747541465,0.9861365148781416,True
R
0.0,0.0,0.0,0.0,0.0,0.0,1.0
S
8
torso_lift_joint,0
r_shoulder_pan_joint,-1.69017
r_shoulder_lift_joint,-0.0788625
r_upper_arm_roll_joint,-1.69017
r_elbow_flex_joint,-1.2717
r_forearm_roll_joint,-0.151824
r_wrist_flex_joint,-1.25254
r_wrist_roll_joint,0.675062
G
0.464313,-0.390285,0.845,0.768104,-0,0
ooi
6
A
599
0.310248,-0.673113
0.309777,-0.67222
0.309307,-0.671327
0.308836,-0.670434
0.308365,-0.669541
0.307894,-0.668647
0.307423,-0.667754
0.306952,-0.666861
0.306482,-0.665968
0.306011,-0.665075
0.30554,-0.664182
0.305069,-0.663289
0.304598,-0.662396
0.304128,-0.661502
0.303657,-0.660609
0.303186,-0.659716
0.302715,-0.658823
0.302244,-0.65793
0.301773,-0.657037
0.301303,-0.656144
0.300832,-0.655251
0.300361,-0.654357
0.29989,-0.653464
0.299419,-0.652571
0.298949,-0.651678
0.298478,-0.650785
0.298007,-0.649892
0.297536,-0.648999
0.297065,-0.648106
0.296594,-0.647212
0.296124,-0.646319
0.295653,-0.645426
0.295182,-0.644533
0.294711,-0.64364
0.29424,-0.642747
0.29377,-0.641854
0.293299,-0.640961
0.292828,-0.640067
0.292357,-0.639174
0.291886,-0.638281
0.291415,-0.637388
0.290945,-0.636495
0.290474,-0.635602
0.290003,-0.634709
0.289532,-0.633815
0.289061,-0.632922
0.288591,-0.632029
0.28812,-0.631136
0.287649,-0.630243
0.287178,-0.62935
0.286707,-0.628457
0.286236,-0.627564
0.285766,-0.62667
0.285295,-0.625777
0.284824,-0.624884
0.284353,-0.623991
0.283882,-0.623098
0.283412,-0.622205
0.282941,-0.621312
0.28247,-0.620419
0.281999,-0.619525
0.281528,-0.618632
0.281057,-0.617739
0.280587,-0.616846
0.280116,-0.615953
0.279645,-0.61506
0.279174,-0.614167
0.278703,-0.613274
0.278232,-0.61238
0.277762,-0.611487
0.277291,-0.610594
0.27682,-0.609701
0.276349,-0.608808
0.275878,-0.607915
0.275408,-0.607022
0.274937,-0.606129
0.274466,-0.605235
0.273995,-0.604342
0.273524,-0.603449
0.273053,-0.602556
0.272583,-0.601663
0.272112,-0.60077
0.271641,-0.599877
0.27117,-0.598984
0.270699,-0.59809
0.270229,-0.597197
0.269758,-0.596304
0.269287,-0.595411
0.268816,-0.594518
0.268345,-0.593625
0.267874,-0.592732
0.267404,-0.591839
0.266933,-0.590945
0.266462,-0.590052
0.265991,-0.589159
0.26552,-0.588266
0.26505,-0.587373
0.264579,-0.58648
0.264108,-0.585587
0.263637,-0.584694
0.263166,-0.5838
0.262695,-0.582907
0.262225,-0.582014
0.261754,-0.581121
0.261283,-0.580228
0.260812,-0.579335
0.260341,-0.578442
0.259871,-0.577549
0.2594,-0.576655
0.258929,-0.575762
0.258458,-0.574869
0.257987,-0.573976
0.257516,-0.573083
0.257046,-0.57219
0.256575,-0.571297
0.256104,-0.570403
0.255633,-0.56951
0.255162,-0.568617
0.254692,-0.567724
0.254221,-0.566831
0.25375,-0.565938
0.253279,-0.565045
0.252808,-0.564152
0.252337,-0.563258
0.251867,-0.562365
0.251396,-0.561472
0.250925,-0.560579
0.250454,-0.559686
0.249983,-0.558793
0.249513,-0.5579
0.249042,-0.557007
0.248571,-0.556113
0.2481,-0.55522
0.247629,-0.554327
0.247158,-0.553434
0.246688,-0.552541
0.246217,-0.551648
0.245746,-0.550755
0.245275,-0.549862
0.244804,-0.548968
0.244334,-0.548075
0.243863,-0.547182
0.243392,-0.546289
0.242921,-0.545396
0.24245,-0.544503
0.241979,-0.54361
0.241509,-0.542717
0.241038,-0.541823
0.240567,-0.54093
0.240096,-0.540037
0.239625,-0.539144
0.240534,-0.539198
0.241443,-0.539253
0.242352,-0.539307
0.243261,-0.539361
0.24417,-0.539416
0.24508,-0.53947
0.245989,-0.539525
0.246898,-0.539579
0.247807,-0.539633
0.248716,-0.539688
0.249625,-0.539742
0.250534,-0.539796
0.251443,-0.539851
0.252352,-0.539905
0.253261,-0.539959
0.25417,-0.540014
0.255079,-0.540068
0.255988,-0.540122
0.256897,-0.540177
0.257806,-0.540231
0.258715,-0.540285
0.259624,-0.54034
0.260533,-0.540394
0.261442,-0.540448
0.262351,-0.540503
0.26326,-0.540557
0.264169,-0.540612
0.265078,-0.540666
0.265987,-0.54072
0.266896,-0.540775
0.267805,-0.540829
0.268714,-0.540883
0.269623,-0.540938
0.270532,-0.540992
0.271441,-0.541046
0.27235,-0.541101
0.273259,-0.541155
0.274168,-0.541209
0.275077,-0.541264
0.275987,-0.541318
0.276896,-0.541372
0.277805,-0.541427
0.278714,-0.541481
0.279623,-0.541535
0.280532,-0.54159
0.281441,-0.541644
0.28235,-0.541699
0.283259,-0.541753
0.284168,-0.541807
0.285077,-0.541862
0.285986,-0.541916
0.286895,-0.54197
0.287804,-0.542025
0.288713,-0.542079
0.289622,-0.542133
0.290531,-0.542188
0.29144,-0.542242
0.292349,-0.542296
0.293258,-0.542351
0.294167,-0.542405
0.295076,-0.542459
0.295985,-0.542514
0.296894,-0.542568
0.297803,-0.542623
0.298712,-0.542677
0.299621,-0.542731
0.30053,-0.542786
0.301439,-0.54284
0.302348,-0.542894
0.303257,-0.542949
0.304166,-0.543003
0.305075,-0.543057
0.305984,-0.543112
0.306894,-0.543166
0.307803,-0.54322
0.308712,-0.543275
0.309621,-0.543329
0.31053,-0.543383
0.311439,-0.543438
0.312348,-0.543492
0.313257,-0.543546
0.314166,-0.543601
0.315075,-0.543655
0.315984,-0.54371
0.316893,-0.543764
0.317802,-0.543818
0.318711,-0.543873
0.31962,-0.543927
0.320529,-0.543981
0.321438,-0.544036
0.322347,-0.54409
0.323256,-0.544144
0.324165,-0.544199
0.325074,-0.544253
0.325983,-0.544307
0.326892,-0.544362
0.327801,-0.544416
0.32871,-0.54447
0.329619,-0.544525
0.330528,-0.544579
0.331437,-0.544633
0.332346,-0.544688
0.333255,-0.544742
0.334164,-0.544797
0.335073,-0.544851
0.335982,-0.544905
0.336891,-0.54496
0.337801,-0.545014
0.33871,-0.545068
0.339619,-0.545123
0.340528,-0.545177
0.341437,-0.545231
0.342346,-0.545286
0.343255,-0.54534
0.344164,-0.545394
0.345073,-0.545449
0.345982,-0.545503
0.346891,-0.545557
0.3478,-0.545612
0.348709,-0.545666
0.349618,-0.545721
0.350527,-0.545775
0.351436,-0.545829
0.352345,-0.545884
0.353254,-0.545938
0.354163,-0.545992
0.355072,-0.546047
0.355981,-0.546101
0.35689,-0.546155
0.357799,-0.54621
0.358708,-0.546264
0.359617,-0.546318
0.360526,-0.546373
0.361435,-0.546427
0.362344,-0.546481
0.363253,-0.546536
0.364162,-0.54659
0.365071,-0.546644
0.36598,-0.546699
0.366889,-0.546753
0.367798,-0.546808
0.368707,-0.546862
0.369617,-0.546916
0.370526,-0.546971
0.371435,-0.547025
0.372344,-0.547079
0.373253,-0.547134
0.374162,-0.547188
0.375071,-0.547242
0.375097,-0.547751
0.375123,-0.548259
0.375149,-0.548768
0.375175,-0.549277
0.375202,-0.549785
0.375228,-0.550294
0.375254,-0.550802
0.37528,-0.551311
0.375306,-0.551819
0.375332,-0.552328
0.375358,-0.552836
0.375385,-0.553345
0.375411,-0.553854
0.375437,-0.554362
0.375463,-0.554871
0.375489,-0.555379
0.375515,-0.555888
0.375542,-0.556396
0.375568,-0.556905
0.375594,-0.557413
0.37562,-0.557922
0.375646,-0.558431
0.375672,-0.558939
0.375699,-0.559448
0.375725,-0.559956
0.375751,-0.560465
0.375777,-0.560973
0.375803,-0.561482
0.375829,-0.56199
0.375856,-0.562499
0.375882,-0.563008
0.375908,-0.563516
0.375934,-0.564025
0.37596,-0.564533
0.375986,-0.565042
0.376013,-0.56555
0.376039,-0.566059
0.376065,-0.566567
0.376091,-0.567076
0.376117,-0.567585
0.376143,-0.568093
0.37617,-0.568602
0.376196,-0.56911
0.376222,-0.569619
0.376248,-0.570127
0.376274,-0.570636
0.3763,-0.571144
0.376327,-0.571653
0.376353,-0.572162
0.376379,-0.57267
0.376405,-0.573179
0.376431,-0.573687
0.376457,-0.574196
0.376483,-0.574704
0.37651,-0.575213
0.376536,-0.575721
0.376562,-0.57623
0.376588,-0.576738
0.376614,-0.577247
0.37664,-0.577756
0.376667,-0.578264
0.376693,-0.578773
0.376719,-0.579281
0.376745,-0.57979
0.376771,-0.580298
0.376797,-0.580807
0.376824,-0.581315
0.37685,-0.581824
0.376876,-0.582333
0.376902,-0.582841
0.376928,-0.58335
0.376954,-0.583858
0.376981,-0.584367
0.377007,-0.584875
0.377033,-0.585384
0.377059,-0.585892
0.377085,-0.586401
0.377111,-0.58691
0.377138,-0.587418
0.377164,-0.587927
0.37719,-0.588435
0.377216,-0.588944
0.377242,-0.589452
0.377268,-0.589961
0.377295,-0.590469
0.377321,-0.590978
0.377347,-0.591487
0.377373,-0.591995
0.377399,-0.592504
0.377425,-0.593012
0.377452,-0.593521
0.377478,-0.594029
0.377504,-0.594538
0.37753,-0.595046
0.377556,-0.595555
0.377582,-0.596064
0.377608,-0.596572
0.377635,-0.597081
0.377661,-0.597589
0.377687,-0.598098
0.377713,-0.598606
0.377739,-0.599115
0.377765,-0.599623
0.377792,-0.600132
0.377818,-0.600641
0.377844,-0.601149
0.37787,-0.601658
0.377896,-0.602166
0.377922,-0.602675
0.377949,-0.603183
0.377975,-0.603692
0.378001,-0.6042
0.378027,-0.604709
0.378053,-0.605218
0.378079,-0.605726
0.378106,-0.606235
0.378132,-0.606743
0.378158,-0.607252
0.378184,-0.60776
0.37821,-0.608269
0.378236,-0.608777
0.378263,-0.609286
0.378289,-0.609795
0.378315,-0.610303
0.378341,-0.610812
0.378367,-0.61132
0.378393,-0.611829
0.37842,-0.612337
0.378446,-0.612846
0.378472,-0.613354
0.378498,-0.613863
0.378524,-0.614372
0.37855,-0.61488
0.378577,-0.615389
0.378603,-0.615897
0.378629,-0.616406
0.378655,-0.616914
0.378681,-0.617423
0.378707,-0.617931
0.378734,-0.61844
0.37876,-0.618949
0.378786,-0.619457
0.378812,-0.619966
0.378838,-0.620474
0.378864,-0.620983
0.37889,-0.621491
0.378917,-0.622
0.378943,-0.622508
0.378969,-0.623017
0.378995,-0.623526
0.379568,-0.62196
0.38014,-0.620395
0.380713,-0.618829
0.381286,-0.617264
0.381858,-0.615699
0.382431,-0.614133
0.383003,-0.612568
0.383576,-0.611003
0.384149,-0.609437
0.384721,-0.607872
0.385294,-0.606306
0.385866,-0.604741
0.386439,-0.603176
0.387012,-0.60161
0.387584,-0.600045
0.388157,-0.59848
0.388729,-0.596914
0.389302,-0.595349
0.389875,-0.593783
0.390447,-0.592218
0.39102,-0.590653
0.391592,-0.589087
0.392165,-0.587522
0.392738,-0.585957
0.39331,-0.584391
0.393883,-0.582826
0.394455,-0.581261
0.395028,-0.579695
0.395601,-0.57813
0.396173,-0.576564
0.396746,-0.574999
0.397318,-0.573434
0.397891,-0.571868
0.398464,-0.570303
0.399036,-0.568738
0.399609,-0.567172
0.400181,-0.565607
0.400754,-0.564041
0.401327,-0.562476
0.401899,-0.560911
0.402472,-0.559345
0.403044,-0.55778
0.403617,-0.556215
0.40419,-0.554649
0.404762,-0.553084
0.405335,-0.551518
0.405907,-0.549953
0.40648,-0.548388
0.407053,-0.546822
0.407625,-0.545257
0.408198,-0.543692
0.40877,-0.542126
0.409343,-0.540561
0.409916,-0.538995
0.410488,-0.53743
0.411061,-0.535865
0.411633,-0.534299
0.412206,-0.532734
0.412779,-0.531169
0.413351,-0.529603
0.413924,-0.528038
0.414496,-0.526473
0.415069,-0.524907
0.415642,-0.523342
0.416214,-0.521776
0.416787,-0.520211
0.417359,-0.518646
0.417932,-0.51708
0.418505,-0.515515
0.419077,-0.51395
0.41965,-0.512384
0.420222,-0.510819
0.420795,-0.509253
0.421368,-0.507688
0.42194,-0.506123
0.422513,-0.504557
0.423085,-0.502992
0.423658,-0.501427
0.424231,-0.499861
0.424803,-0.498296
0.425376,-0.49673
0.425948,-0.495165
0.426521,-0.4936
0.427094,-0.492034
0.427666,-0.490469
0.428239,-0.488904
0.428811,-0.487338
0.429384,-0.485773
0.429957,-0.484208
0.430529,-0.482642
0.431102,-0.481077
0.431674,-0.479511
0.432247,-0.477946
0.43282,-0.476381
0.433392,-0.474815
0.433965,-0.47325
0.434537,-0.471685
0.43511,-0.470119
0.435683,-0.468554
0.436255,-0.466988
0.436828,-0.465423
0.4374,-0.463858
0.437973,-0.462292
0.438546,-0.460727
0.439118,-0.459162
0.439691,-0.457596
0.440263,-0.456031
0.440836,-0.454465
0.441409,-0.4529
0.441981,-0.451335
0.442554,-0.449769
0.443126,-0.448204
0.443699,-0.446639
0.444272,-0.445073
0.444844,-0.443508
0.445417,-0.441943
0.445989,-0.440377
0.446562,-0.438812
0.447135,-0.437246
0.447707,-0.435681
0.44828,-0.434116
0.448852,-0.43255
0.449425,-0.430985
0.449998,-0.42942
0.45057,-0.427854
0.451143,-0.426289
0.451715,-0.424723
0.452288,-0.423158
0.452861,-0.421593
0.453433,-0.420027
0.454006,-0.418462
0.454578,-0.416897
0.455151,-0.415331
0.455724,-0.413766
0.456296,-0.4122
0.456869,-0.410635
0.457441,-0.40907
0.458014,-0.407504
0.458587,-0.405939
0.459159,-0.404374
0.459732,-0.402808
0.460304,-0.401243
0.460877,-0.399677
0.46145,-0.398112
0.462022,-0.396547
0.462595,-0.394981
0.463167,-0.393416
0.46374,-0.391851
0.464313,-0.390285
