O
15
1,0,-1,0.78,-0.5,0.75,0.0,0.0,0.0,0.3,0.4,0.02,0,0.8,False
2,0,-1,1.1,-0.5,0.93,0.0,0.0,0.0,0.02,0.4,0.2,0,0.8,False
3,0,-1,0.78,-0.5,1.11,0.0,0.0,0.0,0.3,0.4,0.02,0,0.8,False
4,0,-1,0.8,-0.92,0.93,0.0,0.0,0.0,0.32,0.02,0.2,0,0.8,False
5,0,-1,0.8,-0.08,0.93,0.0,0.0,0.0,0.32,0.02,0.2,0,0.8,False
6,2,0,0.7887275854671096,-0.7891359956059898,0.8622144318524166,0.0,0.0,5.76261572436103,0.06875648995594032,0.06875648995594032,0.18442886370483325,0.4217118894848704,1.0626359924904911,False
7,2,0,0.5585470605475572,-0.7449852074878568,0.8568719611261466,0.0,0.0,5.400299477107127,0.0745752664829938,0.0745752664829938,0.17374392225229315,0.40878085016415766,0.882964305574779,False
8,0,0,0.8952932968706004,-0.49734965865006525,0.86,0.0,0.0,6.013542969875521,0.04538124324331037,0.03820998089044289,0.09,0.0822017136475941,0.9861527330896542,False
9,2,0,0.7531833906211131,-0.2899966843867413,0.8450000000000001,0.0,0.0,0.6425048008312549,0.07541757073076927,0.07541757073076927,0.15,0.2815017083310382,0.9240186847211924,False
10,0,0,0.7447132440680948,-0.5587240795431653,0.86,0.0,0.0,2.752753218877731,0.06902781852601428,0.03,0.09,0.30080605094784824,1.1182361917050232,False
11,2,1,0.9817829755256923,-0.6431583434175797,0.8450000000000001,0.0,0.0,4.350494187777858,0.05492080488154254,0.05492080488154254,0.15,0.0024604208122564475,1.003287120576745,True
12,2,1,0.9328129573717746,-0.16536608478878412,0.8450000000000001,0.0,0.0,0.34777388590930797,0.03,0.03,0.15,0.037620623042049106,1.0913823219447483,True
13,0,1,1.0194751096668726,-0.32242996959215875,0.8615926330657309,0.0,0.0,2.773000324921348,0.03,0.03,0.0915926330657308,0.16103830807188396,1.0891802706749163,True
14,2,1,1.0071718137628305,-0.7786367583285096,0.8450000000000001,0.0,0.0,0.9815136909459198,0.03,0.03,0.15,0.0341661701153812,0.8672395700646442,True
15,0,1,0.5533298010808976,-0.49315411990840485,0.902123110000672,0.0,0.0,5.6913665742908375,0.05203386634844165,0.03,0.13212311000067198,0.18976048466478612,0.8061732029199995,True
R
0.0,0.0,0.0,0.0,0.0,0.0,1.0
S
8
torso_lift_joint,0
r_shoulder_pan_joint,-1.69017
r_shoulder_lift_joint,-0.0788625
r_upper_arm_roll_joint,-1.69017
r_elbow_flex_joint,-1.2717
r_forearm_roll_joint,-0.151824
r_wrist_flex_joint,-1.25254
r_wrist_roll_joint,0.675062
G
0.639198,-0.515494,0.86,2.75275,-3.14159,3.14159
ooi
10
A
599
0.310248,-0.673113
0.30986,-0.673204
0.309472,-0.673294
0.309084,-0.673385
0.308695,-0.673476
0.308307,-0.673567
0.307919,-0.673657
0.307531,-0.673748
0.307142,-0.673839
0.306754,-0.673929
0.306366,-0.67402
0.305978,-0.674111
0.30559,-0.674201
0.305201,-0.674292
0.304813,-0.674383
0.304425,-0.674474
0.304037,-0.674564
0.303648,-0.674655
0.30326,-0.674746
0.302872,-0.674836
0.302484,-0.674927
0.302096,-0.675018
0.301707,-0.675108
0.301319,-0.675199
0.300931,-0.67529
0.300543,-0.675381
0.300154,-0.675471
0.299766,-0.675562
0.299378,-0.675653
0.29899,-0.675743
0.298602,-0.675834
0.298213,-0.675925
0.297825,-0.676015
0.297437,-0.676106
0.297049,-0.676197
0.29666,-0.676288
0.296272,-0.676378
0.295884,-0.676469
0.295496,-0.67656
0.295108,-0.67665
0.294719,-0.676741
0.294331,-0.676832
0.293943,-0.676922
0.293555,-0.677013
0.293166,-0.677104
0.292778,-0.677195
0.29239,-0.677285
0.292002,-0.677376
0.291614,-0.677467
0.291225,-0.677557
0.290837,-0.677648
0.290449,-0.677739
0.290061,-0.677829
0.289673,-0.67792
0.289284,-0.678011
0.288896,-0.678102
0.288508,-0.678192
0.28812,-0.678283
0.287731,-0.678374
0.287343,-0.678464
0.286955,-0.678555
0.286567,-0.678646
0.286179,-0.678736
0.28579,-0.678827
0.285402,-0.678918
0.285014,-0.679008
0.284626,-0.679099
0.284237,-0.67919
0.283849,-0.679281
0.283461,-0.679371
0.283073,-0.679462
0.282685,-0.679553
0.282296,-0.679643
0.281908,-0.679734
0.28152,-0.679825
0.281132,-0.679915
0.280743,-0.680006
0.280355,-0.680097
0.279967,-0.680188
0.279579,-0.680278
0.279191,-0.680369
0.278802,-0.68046
0.278414,-0.68055
0.278026,-0.680641
0.277638,-0.680732
0.277249,-0.680822
0.276861,-0.680913
0.276473,-0.681004
0.276085,-0.681095
0.275697,-0.681185
0.275308,-0.681276
0.27492,-0.681367
0.274532,-0.681457
0.274144,-0.681548
0.273755,-0.681639
0.273367,-0.681729
0.272979,-0.68182
0.272591,-0.681911
0.272203,-0.682002
0.271814,-0.682092
0.271426,-0.682183
0.271038,-0.682274
0.27065,-0.682364
0.270261,-0.682455
0.269873,-0.682546
0.269485,-0.682636
0.269097,-0.682727
0.268709,-0.682818
0.26832,-0.682909
0.267932,-0.682999
0.267544,-0.68309
0.267156,-0.683181
0.266768,-0.683271
0.266379,-0.683362
0.265991,-0.683453
0.265603,-0.683543
0.265215,-0.683634
0.264826,-0.683725
0.264438,-0.683816
0.26405,-0.683906
0.263662,-0.683997
0.263274,-0.684088
0.262885,-0.684178
0.262497,-0.684269
0.262109,-0.68436
0.261721,-0.68445
0.261332,-0.684541
0.260944,-0.684632
0.260556,-0.684723
0.260168,-0.684813
0.25978,-0.684904
0.259391,-0.684995
0.259003,-0.685085
0.258615,-0.685176
0.258227,-0.685267
0.257838,-0.685357
0.25745,-0.685448
0.257062,-0.685539
0.256674,-0.68563
0.256286,-0.68572
0.255897,-0.685811
0.255509,-0.685902
0.255121,-0.685992
0.254733,-0.686083
0.254344,-0.686174
0.253956,-0.686264
0.253568,-0.686355
0.25318,-0.686446
0.252792,-0.686536
0.252403,-0.686627
0.252015,-0.686718
0.252999,-0.687425
0.253982,-0.688132
0.254966,-0.688838
0.255949,-0.689545
0.256933,-0.690252
0.257916,-0.690959
0.258899,-0.691666
0.259883,-0.692373
0.260866,-0.69308
0.26185,-0.693787
0.262833,-0.694493
0.263817,-0.6952
0.2648,-0.695907
0.265784,-0.696614
0.266767,-0.697321
0.267751,-0.698028
0.268734,-0.698735
0.269718,-0.699441
0.270701,-0.700148
0.271685,-0.700855
0.272668,-0.701562
0.273652,-0.702269
0.274635,-0.702976
0.275619,-0.703683
0.276602,-0.704389
0.277586,-0.705096
0.278569,-0.705803
0.279552,-0.70651
0.280536,-0.707217
0.281519,-0.707924
0.282503,-0.708631
0.283486,-0.709337
0.28447,-0.710044
0.285453,-0.710751
0.286437,-0.711458
0.28742,-0.712165
0.288404,-0.712872
0.289387,-0.713579
0.290371,-0.714285
0.291354,-0.714992
0.292338,-0.715699
0.293321,-0.716406
0.294305,-0.717113
0.295288,-0.71782
0.296272,-0.718527
0.297255,-0.719234
0.298239,-0.71994
0.299222,-0.720647
0.300205,-0.721354
0.301189,-0.722061
0.302172,-0.722768
0.303156,-0.723475
0.304139,-0.724182
0.305123,-0.724888
0.306106,-0.725595
0.30709,-0.726302
0.308073,-0.727009
0.309057,-0.727716
0.31004,-0.728423
0.311024,-0.72913
0.312007,-0.729836
0.312991,-0.730543
0.313974,-0.73125
0.314958,-0.731957
0.315941,-0.732664
0.316925,-0.733371
0.317908,-0.734078
0.318892,-0.734784
0.319875,-0.735491
0.320858,-0.736198
0.321842,-0.736905
0.322825,-0.737612
0.323809,-0.738319
0.324792,-0.739026
0.325776,-0.739732
0.326759,-0.740439
0.327743,-0.741146
0.328726,-0.741853
0.32971,-0.74256
0.330693,-0.743267
0.331677,-0.743974
0.33266,-0.744681
0.333644,-0.745387
0.334627,-0.746094
0.335611,-0.746801
0.336594,-0.747508
0.337578,-0.748215
0.338561,-0.748922
0.339545,-0.749629
0.340528,-0.750335
0.341511,-0.751042
0.342495,-0.751749
0.343478,-0.752456
0.344462,-0.753163
0.345445,-0.75387
0.346429,-0.754577
0.347412,-0.755283
0.348396,-0.75599
0.349379,-0.756697
0.350363,-0.757404
0.351346,-0.758111
0.35233,-0.758818
0.353313,-0.759525
0.354297,-0.760231
0.35528,-0.760938
0.356264,-0.761645
0.357247,-0.762352
0.358231,-0.763059
0.359214,-0.763766
0.360198,-0.764473
0.361181,-0.76518
0.362164,-0.765886
0.363148,-0.766593
0.364131,-0.7673
0.365115,-0.768007
0.366098,-0.768714
0.367082,-0.769421
0.368065,-0.770128
0.369049,-0.770834
0.370032,-0.771541
0.371016,-0.772248
0.371999,-0.772955
0.372983,-0.773662
0.373966,-0.774369
0.37495,-0.775076
0.375933,-0.775782
0.376917,-0.776489
0.3779,-0.777196
0.378884,-0.777903
0.379867,-0.77861
0.380851,-0.779317
0.381834,-0.780024
0.382817,-0.78073
0.383801,-0.781437
0.384784,-0.782144
0.385768,-0.782851
0.386751,-0.783558
0.387735,-0.784265
0.388718,-0.784972
0.389702,-0.785678
0.390685,-0.786385
0.391669,-0.787092
0.392652,-0.787799
0.393636,-0.788506
0.394619,-0.789213
0.395603,-0.78992
0.396586,-0.790627
0.39757,-0.791333
0.398553,-0.79204
0.399271,-0.790881
0.39999,-0.789721
0.400708,-0.788561
0.401426,-0.787402
0.402144,-0.786242
0.402863,-0.785082
0.403581,-0.783923
0.404299,-0.782763
0.405018,-0.781603
0.405736,-0.780444
0.406454,-0.779284
0.407172,-0.778124
0.407891,-0.776965
0.408609,-0.775805
0.409327,-0.774646
0.410046,-0.773486
0.410764,-0.772326
0.411482,-0.771167
0.4122,-0.770007
0.412919,-0.768847
0.413637,-0.767688
0.414355,-0.766528
0.415073,-0.765368
0.415792,-0.764209
0.41651,-0.763049
0.417228,-0.761889
0.417947,-0.76073
0.418665,-0.75957
0.419383,-0.75841
0.420101,-0.757251
0.42082,-0.756091
0.421538,-0.754932
0.422256,-0.753772
0.422975,-0.752612
0.423693,-0.751453
0.424411,-0.750293
0.425129,-0.749133
0.425848,-0.747974
0.426566,-0.746814
0.427284,-0.745654
0.428002,-0.744495
0.428721,-0.743335
0.429439,-0.742175
0.430157,-0.741016
0.430876,-0.739856
0.431594,-0.738697
0.432312,-0.737537
0.43303,-0.736377
0.433749,-0.735218
0.434467,-0.734058
0.435185,-0.732898
0.435904,-0.731739
0.436622,-0.730579
0.43734,-0.729419
0.438058,-0.72826
0.438777,-0.7271
0.439495,-0.72594
0.440213,-0.724781
0.440931,-0.723621
0.44165,-0.722461
0.442368,-0.721302
0.443086,-0.720142
0.443805,-0.718983
0.444523,-0.717823
0.445241,-0.716663
0.445959,-0.715504
0.446678,-0.714344
0.447396,-0.713184
0.448114,-0.712025
0.448833,-0.710865
0.449551,-0.709705
0.450269,-0.708546
0.450987,-0.707386
0.451706,-0.706226
0.452424,-0.705067
0.453142,-0.703907
0.45386,-0.702747
0.454579,-0.701588
0.455297,-0.700428
0.456015,-0.699269
0.456734,-0.698109
0.457452,-0.696949
0.45817,-0.69579
0.458888,-0.69463
0.459607,-0.69347
0.460325,-0.692311
0.461043,-0.691151
0.461762,-0.689991
0.46248,-0.688832
0.463198,-0.687672
0.463916,-0.686512
0.464635,-0.685353
0.465353,-0.684193
0.466071,-0.683033
0.466789,-0.681874
0.467508,-0.680714
0.468226,-0.679555
0.468944,-0.678395
0.469663,-0.677235
0.470381,-0.676076
0.471099,-0.674916
0.471817,-0.673756
0.472536,-0.672597
0.473254,-0.671437
0.473972,-0.670277
0.474691,-0.669118
0.475409,-0.667958
0.476127,-0.666798
0.476845,-0.665639
0.477564,-0.664479
0.478282,-0.663319
0.479,-0.66216
0.479718,-0.661
0.480437,-0.659841
0.481155,-0.658681
0.481873,-0.657521
0.482592,-0.656362
0.48331,-0.655202
0.484028,-0.654042
0.484746,-0.652883
0.485465,-0.651723
0.486183,-0.650563
0.486901,-0.649404
0.48762,-0.648244
0.488338,-0.647084
0.489056,-0.645925
0.489774,-0.644765
0.490493,-0.643605
0.491211,-0.642446
0.491929,-0.641286
0.492647,-0.640127
0.493366,-0.638967
0.494084,-0.637807
0.494802,-0.636648
0.495521,-0.635488
0.496239,-0.634328
0.496957,-0.633169
0.497675,-0.632009
0.498394,-0.630849
0.499112,-0.62969
0.49983,-0.62853
0.500549,-0.62737
0.501267,-0.626211
0.501985,-0.625051
0.502703,-0.623892
0.503422,-0.622732
0.50414,-0.621572
0.504858,-0.620413
0.505576,-0.619253
0.506295,-0.618093
0.507187,-0.617405
0.508079,-0.616716
0.508971,-0.616028
0.509863,-0.615339
0.510755,-0.61465
0.511647,-0.613962
0.512539,-0.613273
0.51343,-0.612585
0.514322,-0.611896
0.515214,-0.611207
0.516106,-0.610519
0.516998,-0.60983
0.51789,-0.609142
0.518782,-0.608453
0.519674,-0.607765
0.520566,-0.607076
0.521458,-0.606387
0.52235,-0.605699
0.523242,-0.60501
0.524134,-0.604322
0.525026,-0.603633
0.525918,-0.602944
0.52681,-0.602256
0.527702,-0.601567
0.528594,-0.600879
0.529486,-0.60019
0.530378,-0.599502
0.53127,-0.598813
0.532162,-0.598124
0.533054,-0.597436
0.533946,-0.596747
0.534838,-0.596059
0.53573,-0.59537
0.536622,-0.594681
0.537514,-0.593993
0.538406,-0.593304
0.539297,-0.592616
0.540189,-0.591927
0.541081,-0.591239
0.541973,-0.59055
0.542865,-0.589861
0.543757,-0.589173
0.544649,-0.588484
0.545541,-0.587796
0.546433,-0.587107
0.547325,-0.586418
0.548217,-0.58573
0.549109,-0.585041
0.550001,-0.584353
0.550893,-0.583664
0.551785,-0.582976
0.552677,-0.582287
0.553569,-0.581598
0.554461,-0.58091
0.555353,-0.580221
0.556245,-0.579533
0.557137,-0.578844
0.558029,-0.578155
0.558921,-0.577467
0.559813,-0.576778
0.560705,-0.57609
0.561597,-0.575401
0.562489,-0.574713
0.563381,-0.574024
0.564273,-0.573335
0.565164,-0.572647
0.566056,-0.571958
0.566948,-0.57127
0.56784,-0.570581
0.568732,-0.569892
0.569624,-0.569204
0.570516,-0.568515
0.571408,-0.567827
0.5723,-0.567138
0.573192,-0.56645
0.574084,-0.565761
0.574976,-0.565072
0.575868,-0.564384
0.57676,-0.563695
0.577652,-0.563007
0.578544,-0.562318
0.579436,-0.561629
0.580328,-0.560941
0.58122,-0.560252
0.582112,-0.559564
0.583004,-0.558875
0.583896,-0.558187
0.584788,-0.557498
0.58568,-0.556809
0.586572,-0.556121
0.587464,-0.555432
0.588356,-0.554744
0.589248,-0.554055
0.59014,-0.553367
0.591031,-0.552678
0.591923,-0.551989
0.592815,-0.551301
0.593707,-0.550612
0.594599,-0.549924
0.595491,-0.549235
0.596383,-0.548546
0.597275,-0.547858
0.598167,-0.547169
0.599059,-0.546481
0.599951,-0.545792
0.600843,-0.545104
0.601735,-0.544415
0.602627,-0.543726
0.603519,-0.543038
0.604411,-0.542349
0.605303,-0.541661
0.606195,-0.540972
0.607087,-0.540283
0.607979,-0.539595
0.608871,-0.538906
0.609763,-0.538218
0.610655,-0.537529
0.611547,-0.536841
0.612439,-0.536152
0.613331,-0.535463
0.614223,-0.534775
0.615115,-0.534086
0.616007,-0.533398
0.616898,-0.532709
0.61779,-0.53202
0.618682,-0.531332
0.619574,-0.530643
0.620466,-0.529955
0.621358,-0.529266
0.62225,-0.528578
0.623142,-0.527889
0.624034,-0.5272
0.624926,-0.526512
0.625818,-0.525823
0.62671,-0.525135
0.627602,-0.524446
0.628494,-0.523757
0.629386,-0.523069
0.630278,-0.52238
0.63117,-0.521692
0.632062,-0.521003
0.632954,-0.520315
0.633846,-0.519626
0.634738,-0.518937
0.63563,-0.518249
0.636522,-0.51756
0.637414,-0.516872
0.638306,-0.516183
0.639198,-0.515494
