O
15
1,0,-1,0.78,-0.5,0.75,0.0,0.0,0.0,0.3,0.4,0.02,0,0.8,False
2,0,-1,1.1,-0.5,0.93,0.0,0.0,0.0,0.02,0.4,0.2,0,0.8,False
3,0,-1,0.78,-0.5,1.11,0.0,0.0,0.0,0.3,0.4,0.02,0,0.8,False
4,0,-1,0.8,-0.92,0.93,0.0,0.0,0.0,0.32,0.02,0.2,0,0.8,False
5,0,-1,0.8,-0.08,0.93,0.0,0.0,0.0,0.32,0.02,0.2,0,0.8,False
6,2,0,0.7596440724340681,-0.21629092578489395,0.8450000000000001,0.0,0.0,0.5387554072764674,0.05981319630951592,0.05981319630951592,0.15,0.24661198375975374,0.8955722184569263,False
7,2,0,0.6727692927652589,-0.6458931489133537,0.8450000000000001,0.0,0.0,6.225392801128059,0.03,0.03,0.15,0.008462824098946498,0.8793164498900303,False
8,2,0,0.9088867827605556,-0.16111483767529944,0.8450000000000001,0.0,0.0,4.170129188931394,0.03,0.03,0.15,0.19212337656278133,1.0646689818400707,False
9,0,0,0.7524242227529153,-0.48634078593454166,0.881055484420578,0.0,0.0,4.818790893086389,0.03,0.03,0.111055484420578,0.2546605203009945,0.833026963946286,False
10,0,0,0.8465150455987145,-0.8502669710997793,0.86,0.0,0.0,1.2751558267585268,0.03,0.03,0.09,0.008018121850572824,0.942211848568884,False
11,0,1,0.9483108739273496,-0.46289284537413705,0.8950375808408918,0.0,0.0,0.04869209665300918,0.037693393594344544,0.045680092686271774,0.12503758084089175,0.0505018656369976,0.9332540333284732,True
12,0,1,0.8957922316190443,-0.6569537193709288,0.8834816483863117,0.0,0.0,5.822473107276504,0.03431442628740251,0.03,0.11348164838631168,0.0550810834107498,0.9043110776546548,True
13,2,1,0.5699054504958646,-0.5558059013607555,0.8598523901039726,0.0,0.0,4.246588152988636,0.03,0.03,0.17970478020794528,0.023977797015254487,1.0660693867651136,True
14,0,1,0.6393641516472287,-0.4206399775914655,0.86,0.0,0.0,1.2450529198134033,0.043789880041385724,0.05245368701137867,0.09,0.32612737969814615,0.912597231855198,True
15,0,1,0.6540950120847746,-0.7451162719670166,0.8793911446017348,0.0,0.0,1.2424150324418335,0.0378761082738417,0.033082879662719084,0.10939114460173488,0.4295901751915227,0.8619487895437747,True
R
0.0,0.0,0.0,0.0,0.0,0.0,1.0
S
8
torso_lift_joint,0
r_shoulder_pan_joint,-1.69017
r_shoulder_lift_joint,-0.0788625
r_upper_arm_roll_joint,-1.69017
r_elbow_flex_joint,-1.2717
r_forearm_roll_joint,-0.151824
r_wrist_flex_joint,-1.25254
r_wrist_roll_joint,0.675062
G
0.604459,-0.676856,0.845,0.425571,-0,0
ooi
7
A
599
0.310248,-0.673113
0.310227,-0.672646
0.310206,-0.67218
0.310185,-0.671713
0.310164,-0.671246
0.310143,-0.670779
0.310123,-0.670313
0.310102,-0.669846
0.310081,-0.669379
0.31006,-0.668912
0.310039,-0.668445
0.310018,-0.667979
0.309997,-0.667512
0.309976,-0.667045
0.309955,-0.666578
0.309934,-0.666112
0.309913,-0.665645
0.309892,-0.665178
0.309871,-0.664711
0.30985,-0.664245
0.309829,-0.663778
0.309809,-0.663311
0.309788,-0.662844
0.309767,-0.662378
0.309746,-0.661911
0.309725,-0.661444
0.309704,-0.660977
0.309683,-0.660511
0.309662,-0.660044
0.309641,-0.659577
0.30962,-0.65911
0.309599,-0.658644
0.309578,-0.658177
0.309557,-0.65771
0.309536,-0.657243
0.309515,-0.656777
0.309494,-0.65631
0.309474,-0.655843
0.309453,-0.655376
0.309432,-0.65491
0.309411,-0.654443
0.30939,-0.653976
0.309369,-0.653509
0.309348,-0.653042
0.309327,-0.652576
0.309306,-0.652109
0.309285,-0.651642
0.309264,-0.651175
0.309243,-0.650709
0.309222,-0.650242
0.309201,-0.649775
0.30918,-0.649308
0.309159,-0.648842
0.309139,-0.648375
0.309118,-0.647908
0.309097,-0.647441
0.309076,-0.646975
0.309055,-0.646508
0.309034,-0.646041
0.309013,-0.645574
0.308992,-0.645108
0.308971,-0.644641
0.30895,-0.644174
0.308929,-0.643707
0.308908,-0.643241
0.308887,-0.642774
0.308866,-0.642307
0.308845,-0.64184
0.308824,-0.641374
0.308804,-0.640907
0.308783,-0.64044
0.308762,-0.639973
0.308741,-0.639507
0.30872,-0.63904
0.308699,-0.638573
0.308678,-0.638106
0.308657,-0.637639
0.308636,-0.637173
0.308615,-0.636706
0.308594,-0.636239
0.308573,-0.635772
0.308552,-0.635306
0.308531,-0.634839
0.30851,-0.634372
0.30849,-0.633905
0.308469,-0.633439
0.308448,-0.632972
0.308427,-0.632505
0.308406,-0.632038
0.308385,-0.631572
0.308364,-0.631105
0.308343,-0.630638
0.308322,-0.630171
0.308301,-0.629705
0.30828,-0.629238
0.308259,-0.628771
0.308238,-0.628304
0.308217,-0.627838
0.308196,-0.627371
0.308175,-0.626904
0.308155,-0.626437
0.308134,-0.625971
0.308113,-0.625504
0.308092,-0.625037
0.308071,-0.62457
0.30805,-0.624103
0.308029,-0.623637
0.308008,-0.62317
0.307987,-0.622703
0.307966,-0.622236
0.307945,-0.62177
0.307924,-0.621303
0.307903,-0.620836
0.307882,-0.620369
0.307861,-0.619903
0.30784,-0.619436
0.30782,-0.618969
0.307799,-0.618502
0.307778,-0.618036
0.307757,-0.617569
0.307736,-0.617102
0.307715,-0.616635
0.307694,-0.616169
0.307673,-0.615702
0.307652,-0.615235
0.307631,-0.614768
0.30761,-0.614302
0.307589,-0.613835
0.307568,-0.613368
0.307547,-0.612901
0.307526,-0.612435
0.307505,-0.611968
0.307485,-0.611501
0.307464,-0.611034
0.307443,-0.610568
0.307422,-0.610101
0.307401,-0.609634
0.30738,-0.609167
0.307359,-0.6087
0.307338,-0.608234
0.307317,-0.607767
0.307296,-0.6073
0.307275,-0.606833
0.307254,-0.606367
0.307233,-0.6059
0.307212,-0.605433
0.307191,-0.604966
0.307171,-0.6045
0.30715,-0.604033
0.307129,-0.603566
0.307108,-0.603099
0.306956,-0.604101
0.306804,-0.605104
0.306653,-0.606106
0.306501,-0.607108
0.306349,-0.60811
0.306198,-0.609112
0.306046,-0.610114
0.305895,-0.611116
0.305743,-0.612118
0.305591,-0.61312
0.30544,-0.614122
0.305288,-0.615124
0.305136,-0.616126
0.304985,-0.617128
0.304833,-0.61813
0.304681,-0.619132
0.30453,-0.620134
0.304378,-0.621136
0.304226,-0.622139
0.304075,-0.623141
0.303923,-0.624143
0.303772,-0.625145
0.30362,-0.626147
0.303468,-0.627149
0.303317,-0.628151
0.303165,-0.629153
0.303013,-0.630155
0.302862,-0.631157
0.30271,-0.632159
0.302558,-0.633161
0.302407,-0.634163
0.302255,-0.635165
0.302103,-0.636167
0.301952,-0.637169
0.3018,-0.638172
0.301649,-0.639174
0.301497,-0.640176
0.301345,-0.641178
0.301194,-0.64218
0.301042,-0.643182
0.30089,-0.644184
0.300739,-0.645186
0.300587,-0.646188
0.300435,-0.64719
0.300284,-0.648192
0.300132,-0.649194
0.29998,-0.650196
0.299829,-0.651198
0.299677,-0.6522
0.299526,-0.653202
0.299374,-0.654205
0.299222,-0.655207
0.299071,-0.656209
0.298919,-0.657211
0.298767,-0.658213
0.298616,-0.659215
0.298464,-0.660217
0.298312,-0.661219
0.298161,-0.662221
0.298009,-0.663223
0.297858,-0.664225
0.297706,-0.665227
0.297554,-0.666229
0.297403,-0.667231
0.297251,-0.668233
0.297099,-0.669235
0.296948,-0.670237
0.296796,-0.67124
0.296644,-0.672242
0.296493,-0.673244
0.296341,-0.674246
0.296189,-0.675248
0.296038,-0.67625
0.295886,-0.677252
0.295735,-0.678254
0.295583,-0.679256
0.295431,-0.680258
0.29528,-0.68126
0.295128,-0.682262
0.294976,-0.683264
0.294825,-0.684266
0.294673,-0.685268
0.294521,-0.68627
0.29437,-0.687273
0.294218,-0.688275
0.294066,-0.689277
0.293915,-0.690279
0.293763,-0.691281
0.293612,-0.692283
0.29346,-0.693285
0.293308,-0.694287
0.293157,-0.695289
0.293005,-0.696291
0.292853,-0.697293
0.292702,-0.698295
0.29255,-0.699297
0.292398,-0.700299
0.292247,-0.701301
0.292095,-0.702303
0.291943,-0.703306
0.291792,-0.704308
0.29164,-0.70531
0.291489,-0.706312
0.291337,-0.707314
0.291185,-0.708316
0.291034,-0.709318
0.290882,-0.71032
0.29073,-0.711322
0.290579,-0.712324
0.290427,-0.713326
0.290275,-0.714328
0.290124,-0.71533
0.289972,-0.716332
0.28982,-0.717334
0.289669,-0.718336
0.289517,-0.719338
0.289366,-0.720341
0.289214,-0.721343
0.289062,-0.722345
0.288911,-0.723347
0.288759,-0.724349
0.288607,-0.725351
0.288456,-0.726353
0.288304,-0.727355
0.288152,-0.728357
0.288001,-0.729359
0.287849,-0.730361
0.287697,-0.731363
0.287546,-0.732365
0.287394,-0.733367
0.287243,-0.734369
0.287091,-0.735371
0.286939,-0.736374
0.286788,-0.737376
0.286636,-0.738378
0.286484,-0.73938
0.286333,-0.740382
0.286181,-0.741384
0.286029,-0.742386
0.285878,-0.743388
0.285726,-0.74439
0.285574,-0.745392
0.285423,-0.746394
0.285271,-0.747396
0.28512,-0.748398
0.284968,-0.7494
0.284816,-0.750402
0.284665,-0.751404
0.284513,-0.752407
0.285976,-0.751643
0.287439,-0.750879
0.288902,-0.750115
0.290365,-0.749351
0.291829,-0.748587
0.293292,-0.747823
0.294755,-0.74706
0.296218,-0.746296
0.297681,-0.745532
0.299144,-0.744768
0.300607,-0.744004
0.302071,-0.74324
0.303534,-0.742476
0.304997,-0.741713
0.30646,-0.740949
0.307923,-0.740185
0.309386,-0.739421
0.310849,-0.738657
0.312312,-0.737893
0.313776,-0.73713
0.315239,-0.736366
0.316702,-0.735602
0.318165,-0.734838
0.319628,-0.734074
0.321091,-0.73331
0.322554,-0.732546
0.324018,-0.731783
0.325481,-0.731019
0.326944,-0.730255
0.328407,-0.729491
0.32987,-0.728727
0.331333,-0.727963
0.332796,-0.727199
0.334259,-0.726436
0.335723,-0.725672
0.337186,-0.724908
0.338649,-0.724144
0.340112,-0.72338
0.341575,-0.722616
0.343038,-0.721853
0.344501,-0.721089
0.345965,-0.720325
0.347428,-0.719561
0.348891,-0.718797
0.350354,-0.718033
0.351817,-0.717269
0.35328,-0.716506
0.354743,-0.715742
0.356206,-0.714978
0.35767,-0.714214
0.359133,-0.71345
0.360596,-0.712686
0.362059,-0.711922
0.363522,-0.711159
0.364985,-0.710395
0.366448,-0.709631
0.367912,-0.708867
0.369375,-0.708103
0.370838,-0.707339
0.372301,-0.706576
0.373764,-0.705812
0.375227,-0.705048
0.37669,-0.704284
0.378153,-0.70352
0.379617,-0.702756
0.38108,-0.701992
0.382543,-0.701229
0.384006,-0.700465
0.385469,-0.699701
0.386932,-0.698937
0.388395,-0.698173
0.389858,-0.697409
0.391322,-0.696645
0.392785,-0.695882
0.394248,-0.695118
0.395711,-0.694354
0.397174,-0.69359
0.398637,-0.692826
0.4001,-0.692062
0.401564,-0.691299
0.403027,-0.690535
0.40449,-0.689771
0.405953,-0.689007
0.407416,-0.688243
0.408879,-0.687479
0.410342,-0.686715
0.411805,-0.685952
0.413269,-0.685188
0.414732,-0.684424
0.416195,-0.68366
0.417658,-0.682896
0.419121,-0.682132
0.420584,-0.681369
0.422047,-0.680605
0.423511,-0.679841
0.424974,-0.679077
0.426437,-0.678313
0.4279,-0.677549
0.429363,-0.676785
0.430826,-0.676022
0.432289,-0.675258
0.433752,-0.674494
0.435216,-0.67373
0.436679,-0.672966
0.438142,-0.672202
0.439605,-0.671438
0.441068,-0.670675
0.442531,-0.669911
0.443994,-0.669147
0.445458,-0.668383
0.446921,-0.667619
0.448384,-0.666855
0.449847,-0.666092
0.45131,-0.665328
0.452773,-0.664564
0.454236,-0.6638
0.455699,-0.663036
0.457163,-0.662272
0.458626,-0.661508
0.460089,-0.660745
0.461552,-0.659981
0.463015,-0.659217
0.464478,-0.658453
0.465941,-0.657689
0.467405,-0.656925
0.468868,-0.656161
0.470331,-0.655398
0.471794,-0.654634
0.473257,-0.65387
0.47472,-0.653106
0.476183,-0.652342
0.477646,-0.651578
0.47911,-0.650815
0.480573,-0.650051
0.482036,-0.649287
0.483499,-0.648523
0.484962,-0.647759
0.486425,-0.646995
0.487888,-0.646231
0.489351,-0.645468
0.490815,-0.644704
0.492278,-0.64394
0.493741,-0.643176
0.495204,-0.642412
0.496667,-0.641648
0.49813,-0.640884
0.499593,-0.640121
0.501057,-0.639357
0.50252,-0.638593
0.503983,-0.637829
0.504657,-0.638091
0.505331,-0.638353
0.506006,-0.638615
0.50668,-0.638877
0.507355,-0.639139
0.508029,-0.639401
0.508703,-0.639663
0.509378,-0.639925
0.510052,-0.640186
0.510726,-0.640448
0.511401,-0.64071
0.512075,-0.640972
0.512749,-0.641234
0.513424,-0.641496
0.514098,-0.641758
0.514772,-0.64202
0.515447,-0.642282
0.516121,-0.642544
0.516795,-0.642806
0.51747,-0.643068
0.518144,-0.64333
0.518818,-0.643591
0.519493,-0.643853
0.520167,-0.644115
0.520841,-0.644377
0.521516,-0.644639
0.52219,-0.644901
0.522864,-0.645163
0.523539,-0.645425
0.524213,-0.645687
0.524887,-0.645949
0.525562,-0.646211
0.526236,-0.646473
0.52691,-0.646735
0.527585,-0.646997
0.528259,-0.647258
0.528933,-0.64752
0.529608,-0.647782
0.530282,-0.648044
0.530956,-0.648306
0.531631,-0.648568
0.532305,-0.64883
0.532979,-0.649092
0.533654,-0.649354
0.534328,-0.649616
0.535002,-0.649878
0.535677,-0.65014
0.536351,-0.650402
0.537025,-0.650664
0.5377,-0.650925
0.538374,-0.651187
0.539048,-0.651449
0.539723,-0.651711
0.540397,-0.651973
0.541071,-0.652235
0.541746,-0.652497
0.54242,-0.652759
0.543094,-0.653021
0.543769,-0.653283
0.544443,-0.653545
0.545117,-0.653807
0.545792,-0.654069
0.546466,-0.654331
0.54714,-0.654592
0.547815,-0.654854
0.548489,-0.655116
0.549163,-0.655378
0.549838,-0.65564
0.550512,-0.655902
0.551186,-0.656164
0.551861,-0.656426
0.552535,-0.656688
0.553209,-0.65695
0.553884,-0.657212
0.554558,-0.657474
0.555232,-0.657736
0.555907,-0.657997
0.556581,-0.658259
0.557255,-0.658521
0.55793,-0.658783
0.558604,-0.659045
0.559278,-0.659307
0.559953,-0.659569
0.560627,-0.659831
0.561301,-0.660093
0.561976,-0.660355
0.56265,-0.660617
0.563324,-0.660879
0.563999,-0.661141
0.564673,-0.661403
0.565348,-0.661664
0.566022,-0.661926
0.566696,-0.662188
0.567371,-0.66245
0.568045,-0.662712
0.568719,-0.662974
0.569394,-0.663236
0.570068,-0.663498
0.570742,-0.66376
0.571417,-0.664022
0.572091,-0.664284
0.572765,-0.664546
0.57344,-0.664808
0.574114,-0.66507
0.574788,-0.665331
0.575463,-0.665593
0.576137,-0.665855
0.576811,-0.666117
0.577486,-0.666379
0.57816,-0.666641
0.578834,-0.666903
0.579509,-0.667165
0.580183,-0.667427
0.580857,-0.667689
0.581532,-0.667951
0.582206,-0.668213
0.58288,-0.668475
0.583555,-0.668737
0.584229,-0.668998
0.584903,-0.66926
0.585578,-0.669522
0.586252,-0.669784
0.586926,-0.670046
0.587601,-0.670308
0.588275,-0.67057
0.588949,-0.670832
0.589624,-0.671094
0.590298,-0.671356
0.590972,-0.671618
0.591647,-0.67188
0.592321,-0.672142
0.592995,-0.672403
0.59367,-0.672665
0.594344,-0.672927
0.595018,-0.673189
0.595693,-0.673451
0.596367,-0.673713
0.597041,-0.673975
0.597716,-0.674237
0.59839,-0.674499
0.599064,-0.674761
0.599739,-0.675023
0.600413,-0.675285
0.601087,-0.675547
0.601762,-0.675809
0.602436,-0.67607
0.60311,-0.676332
0.603785,-0.676594
0.604459,-0.676856
