O
15
1,0,-1,0.78,-0.5,0.75,0.0,0.0,0.0,0.3,0.4,0.02,0,0.8,False
2,0,-1,1.1,-0.5,0.93,0.0,0.0,0.0,0.02,0.4,0.2,0,0.8,False
3,0,-1,0.78,-0.5,1.11,0.0,0.0,0.0,0.3,0.4,0.02,0,0.8,False
4,0,-1,0.8,-0.92,0.93,0.0,0.0,0.0,0.32,0.02,0.2,0,0.8,False
5,0,-1,0.8,-0.08,0.93,0.0,0.0,0.0,0.32,0.02,0.2,0,0.8,False
6,2,0,0.9182890057665796,-0.6135448584477418,0.8450000000000001,0.0,0.0,2.3353426950003073,0.07792087584645727,0.07792087584645727,0.15,0.08180207341511009,1.1050241505003708,False
7,2,0,0.9695323192877143,-0.22063282941333362,0.8450000000000001,0.0,0.0,4.982675319823096,0.07574141026113744,0.07574141026113744,0.15,0.3459759331370256,1.1254356644032848,False
8,0,0,0.5151739996836637,-0.2776674535751834,0.8682557254153092,0.0,0.0,1.7469281200299194,0.03,0.03,0.09825572541530916,0.33035857811420516,0.9666280036469307,False
9,2,0,0.807859993631775,-0.8147933069628261,0.8450000000000001,0.0,0.0,5.418232297699025,0.03,0.03,0.15,0.4339936119103411,1.186363804853426,False
10,0,0,0.7955531260319723,-0.39346793141858605,0.918692465646528,0.0,0.0,0.6066566363632747,0.04971857941436273,0.03,0.14869246564652794,0.3757001497386657,0.971695020726111,False
11,2,1,0.7404877077896064,-0.21559384304054918,0.8450000000000001,0.0,0.0,4.085239822732638,0.03,0.03,0.15,0.050336338100887335,1.0535387844769675,True
12,0,1,0.6362400249081492,-0.2258027712831091,0.86,0.0,0.0,0.4943036546350509,0.03,0.03,0.09,0.24157896607084028,1.0659632996256967,True
13,0,1,0.612999773514381,-0.6865330804426533,0.86,0.0,0.0,6.19464125432231,0.07429562360396239,0.030410047445219333,0.09,0.1211050615565416,1.071256647652714,True
14,0,1,0.5836144454618114,-0.43176798199727096,0.86,0.0,0.0,1.0362850865967006,0.035495226732371404,0.03,0.09,0.37322896410699574,1.0541198006403432,True
15,2,1,0.7653928682854394,-0.627519965880222,0.8450000000000001,0.0,0.0,0.009017103058527317,0.03,0.03,0.15,0.3031440079227839,0.8496517835818487,True
R
0.0,0.0,0.0,0.0,0.0,0.0,1.0
S
8
torso_lift_joint,0
r_shoulder_pan_joint,-1.69017
r_shoulder_lift_joint,-0.0788625
r_upper_arm_roll_joint,-1.69017
r_elbow_flex_joint,-1.2717
r_forearm_roll_joint,-0.151824
r_wrist_flex_joint,-1.25254
r_wrist_roll_joint,0.675062
G
0.717736,-0.447469,0.918692,0.606657,-0,0
ooi
10
A
599
0.310248,-0.673113
0.310344,-0.673833
0.310439,-0.674553
0.310535,-0.675273
0.31063,-0.675992
0.310726,-0.676712
0.310821,-0.677432
0.310917,-0.678152
0.311013,-0.678872
0.311108,-0.679592
0.311204,-0.680312
0.311299,-0.681031
0.311395,-0.681751
0.31149,-0.682471
0.311586,-0.683191
0.311681,-0.683911
0.311777,-0.684631
0.311873,-0.685351
0.311968,-0.68607
0.312064,-0.68679
0.312159,-0.68751
0.312255,-0.68823
0.31235,-0.68895
0.312446,-0.68967
0.312541,-0.69039
0.312637,-0.691109
0.312732,-0.691829
0.312828,-0.692549
0.312924,-0.693269
0.313019,-0.693989
0.313115,-0.694709
0.31321,-0.695429
0.313306,-0.696148
0.313401,-0.696868
0.313497,-0.697588
0.313592,-0.698308
0.313688,-0.699028
0.313783,-0.699748
0.313879,-0.700468
0.313975,-0.701187
0.31407,-0.701907
0.314166,-0.702627
0.314261,-0.703347
0.314357,-0.704067
0.314452,-0.704787
0.314548,-0.705507
0.314643,-0.706226
0.314739,-0.706946
0.314835,-0.707666
0.31493,-0.708386
0.315026,-0.709106
0.315121,-0.709826
0.315217,-0.710546
0.315312,-0.711265
0.315408,-0.711985
0.315503,-0.712705
0.315599,-0.713425
0.315694,-0.714145
0.31579,-0.714865
0.315886,-0.715585
0.315981,-0.716304
0.316077,-0.717024
0.316172,-0.717744
0.316268,-0.718464
0.316363,-0.719184
0.316459,-0.719904
0.316554,-0.720624
0.31665,-0.721343
0.316745,-0.722063
0.316841,-0.722783
0.316937,-0.723503
0.317032,-0.724223
0.317128,-0.724943
0.317223,-0.725662
0.317319,-0.726382
0.317414,-0.727102
0.31751,-0.727822
0.317605,-0.728542
0.317701,-0.729262
0.317797,-0.729982
0.317892,-0.730701
0.317988,-0.731421
0.318083,-0.732141
0.318179,-0.732861
0.318274,-0.733581
0.31837,-0.734301
0.318465,-0.735021
0.318561,-0.73574
0.318656,-0.73646
0.318752,-0.73718
0.318848,-0.7379
0.318943,-0.73862
0.319039,-0.73934
0.319134,-0.74006
0.31923,-0.740779
0.319325,-0.741499
0.319421,-0.742219
0.319516,-0.742939
0.319612,-0.743659
0.319707,-0.744379
0.319803,-0.745099
0.319899,-0.745818
0.319994,-0.746538
0.32009,-0.747258
0.320185,-0.747978
0.320281,-0.748698
0.320376,-0.749418
0.320472,-0.750138
0.320567,-0.750857
0.320663,-0.751577
0.320759,-0.752297
0.320854,-0.753017
0.32095,-0.753737
0.321045,-0.754457
0.321141,-0.755177
0.321236,-0.755896
0.321332,-0.756616
0.321427,-0.757336
0.321523,-0.758056
0.321618,-0.758776
0.321714,-0.759496
0.32181,-0.760216
0.321905,-0.760935
0.322001,-0.761655
0.322096,-0.762375
0.322192,-0.763095
0.322287,-0.763815
0.322383,-0.764535
0.322478,-0.765255
0.322574,-0.765974
0.322669,-0.766694
0.322765,-0.767414
0.322861,-0.768134
0.322956,-0.768854
0.323052,-0.769574
0.323147,-0.770294
0.323243,-0.771013
0.323338,-0.771733
0.323434,-0.772453
0.323529,-0.773173
0.323625,-0.773893
0.323721,-0.774613
0.323816,-0.775332
0.323912,-0.776052
0.324007,-0.776772
0.324103,-0.777492
0.324198,-0.778212
0.324294,-0.778932
0.324389,-0.779652
0.324485,-0.780371
0.32458,-0.781091
0.325731,-0.779935
0.326882,-0.778778
0.328032,-0.777621
0.329183,-0.776464
0.330334,-0.775307
0.331484,-0.77415
0.332635,-0.772994
0.333786,-0.771837
0.334936,-0.77068
0.336087,-0.769523
0.337237,-0.768366
0.338388,-0.767209
0.339539,-0.766053
0.340689,-0.764896
0.34184,-0.763739
0.342991,-0.762582
0.344141,-0.761425
0.345292,-0.760268
0.346443,-0.759112
0.347593,-0.757955
0.348744,-0.756798
0.349895,-0.755641
0.351045,-0.754484
0.352196,-0.753327
0.353346,-0.752171
0.354497,-0.751014
0.355648,-0.749857
0.356798,-0.7487
0.357949,-0.747543
0.3591,-0.746386
0.36025,-0.74523
0.361401,-0.744073
0.362552,-0.742916
0.363702,-0.741759
0.364853,-0.740602
0.366003,-0.739445
0.367154,-0.738289
0.368305,-0.737132
0.369455,-0.735975
0.370606,-0.734818
0.371757,-0.733661
0.372907,-0.732505
0.374058,-0.731348
0.375209,-0.730191
0.376359,-0.729034
0.37751,-0.727877
0.378661,-0.72672
0.379811,-0.725564
0.380962,-0.724407
0.382112,-0.72325
0.383263,-0.722093
0.384414,-0.720936
0.385564,-0.719779
0.386715,-0.718623
0.387866,-0.717466
0.389016,-0.716309
0.390167,-0.715152
0.391318,-0.713995
0.392468,-0.712838
0.393619,-0.711682
0.394769,-0.710525
0.39592,-0.709368
0.397071,-0.708211
0.398221,-0.707054
0.399372,-0.705897
0.400523,-0.704741
0.401673,-0.703584
0.402824,-0.702427
0.403975,-0.70127
0.405125,-0.700113
0.406276,-0.698956
0.407427,-0.6978
0.408577,-0.696643
0.409728,-0.695486
0.410878,-0.694329
0.412029,-0.693172
0.41318,-0.692016
0.41433,-0.690859
0.415481,-0.689702
0.416632,-0.688545
0.417782,-0.687388
0.418933,-0.686231
0.420084,-0.685075
0.421234,-0.683918
0.422385,-0.682761
0.423535,-0.681604
0.424686,-0.680447
0.425837,-0.67929
0.426987,-0.678134
0.428138,-0.676977
0.429289,-0.67582
0.430439,-0.674663
0.43159,-0.673506
0.432741,-0.672349
0.433891,-0.671193
0.435042,-0.670036
0.436193,-0.668879
0.437343,-0.667722
0.438494,-0.666565
0.439644,-0.665408
0.440795,-0.664252
0.441946,-0.663095
0.443096,-0.661938
0.444247,-0.660781
0.445398,-0.659624
0.446548,-0.658467
0.447699,-0.657311
0.44885,-0.656154
0.45,-0.654997
0.451151,-0.65384
0.452301,-0.652683
0.453452,-0.651526
0.454603,-0.65037
0.455753,-0.649213
0.456904,-0.648056
0.458055,-0.646899
0.459205,-0.645742
0.460356,-0.644586
0.461507,-0.643429
0.462657,-0.642272
0.463808,-0.641115
0.464959,-0.639958
0.466109,-0.638801
0.46726,-0.637645
0.46841,-0.636488
0.469561,-0.635331
0.470712,-0.634174
0.471862,-0.633017
0.473013,-0.63186
0.474164,-0.630704
0.475314,-0.629547
0.476465,-0.62839
0.477616,-0.627233
0.478766,-0.626076
0.479917,-0.624919
0.481068,-0.623763
0.482218,-0.622606
0.483369,-0.621449
0.484519,-0.620292
0.48567,-0.619135
0.486821,-0.617978
0.487971,-0.616822
0.489122,-0.615665
0.490273,-0.614508
0.491423,-0.613351
0.492574,-0.612194
0.493725,-0.611037
0.494875,-0.609881
0.496026,-0.608724
0.495831,-0.608543
0.495637,-0.608361
0.495442,-0.60818
0.495247,-0.607999
0.495053,-0.607817
0.494858,-0.607636
0.494664,-0.607455
0.494469,-0.607274
0.494274,-0.607092
0.49408,-0.606911
0.493885,-0.60673
0.493691,-0.606548
0.493496,-0.606367
0.493301,-0.606186
0.493107,-0.606005
0.492912,-0.605823
0.492718,-0.605642
0.492523,-0.605461
0.492329,-0.605279
0.492134,-0.605098
0.491939,-0.604917
0.491745,-0.604736
0.49155,-0.604554
0.491356,-0.604373
0.491161,-0.604192
0.490966,-0.604011
0.490772,-0.603829
0.490577,-0.603648
0.490383,-0.603467
0.490188,-0.603285
0.489993,-0.603104
0.489799,-0.602923
0.489604,-0.602742
0.48941,-0.60256
0.489215,-0.602379
0.48902,-0.602198
0.488826,-0.602016
0.488631,-0.601835
0.488437,-0.601654
0.488242,-0.601473
0.488047,-0.601291
0.487853,-0.60111
0.487658,-0.600929
0.487464,-0.600747
0.487269,-0.600566
0.487074,-0.600385
0.48688,-0.600204
0.486685,-0.600022
0.486491,-0.599841
0.486296,-0.59966
0.486101,-0.599478
0.485907,-0.599297
0.485712,-0.599116
0.485518,-0.598935
0.485323,-0.598753
0.485129,-0.598572
0.484934,-0.598391
0.484739,-0.59821
0.484545,-0.598028
0.48435,-0.597847
0.484156,-0.597666
0.483961,-0.597484
0.483766,-0.597303
0.483572,-0.597122
0.483377,-0.596941
0.483183,-0.596759
0.482988,-0.596578
0.482793,-0.596397
0.482599,-0.596215
0.482404,-0.596034
0.48221,-0.595853
0.482015,-0.595672
0.48182,-0.59549
0.481626,-0.595309
0.481431,-0.595128
0.481237,-0.594946
0.481042,-0.594765
0.480847,-0.594584
0.480653,-0.594403
0.480458,-0.594221
0.480264,-0.59404
0.480069,-0.593859
0.479874,-0.593678
0.47968,-0.593496
0.479485,-0.593315
0.479291,-0.593134
0.479096,-0.592952
0.478901,-0.592771
0.478707,-0.59259
0.478512,-0.592409
0.478318,-0.592227
0.478123,-0.592046
0.477928,-0.591865
0.477734,-0.591683
0.477539,-0.591502
0.477345,-0.591321
0.47715,-0.59114
0.476956,-0.590958
0.476761,-0.590777
0.476566,-0.590596
0.476372,-0.590414
0.476177,-0.590233
0.475983,-0.590052
0.475788,-0.589871
0.475593,-0.589689
0.475399,-0.589508
0.475204,-0.589327
0.47501,-0.589145
0.474815,-0.588964
0.47462,-0.588783
0.474426,-0.588602
0.474231,-0.58842
0.474037,-0.588239
0.473842,-0.588058
0.473647,-0.587877
0.473453,-0.587695
0.473258,-0.587514
0.473064,-0.587333
0.472869,-0.587151
0.472674,-0.58697
0.47248,-0.586789
0.472285,-0.586608
0.472091,-0.586426
0.471896,-0.586245
0.471701,-0.586064
0.471507,-0.585882
0.471312,-0.585701
0.471118,-0.58552
0.470923,-0.585339
0.470728,-0.585157
0.470534,-0.584976
0.470339,-0.584795
0.470145,-0.584613
0.46995,-0.584432
0.469755,-0.584251
0.469561,-0.58407
0.469366,-0.583888
0.469172,-0.583707
0.468977,-0.583526
0.468783,-0.583344
0.468588,-0.583163
0.468393,-0.582982
0.468199,-0.582801
0.468004,-0.582619
0.46781,-0.582438
0.467615,-0.582257
0.46742,-0.582076
0.467226,-0.581894
0.467031,-0.581713
0.466837,-0.581532
0.46852,-0.580632
0.470204,-0.579732
0.471888,-0.578832
0.473572,-0.577933
0.475256,-0.577033
0.47694,-0.576133
0.478624,-0.575233
0.480308,-0.574334
0.481992,-0.573434
0.483675,-0.572534
0.485359,-0.571634
0.487043,-0.570735
0.488727,-0.569835
0.490411,-0.568935
0.492095,-0.568035
0.493779,-0.567136
0.495463,-0.566236
0.497147,-0.565336
0.49883,-0.564436
0.500514,-0.563537
0.502198,-0.562637
0.503882,-0.561737
0.505566,-0.560837
0.50725,-0.559938
0.508934,-0.559038
0.510618,-0.558138
0.512302,-0.557238
0.513986,-0.556339
0.515669,-0.555439
0.517353,-0.554539
0.519037,-0.553639
0.520721,-0.55274
0.522405,-0.55184
0.524089,-0.55094
0.525773,-0.550041
0.527457,-0.549141
0.529141,-0.548241
0.530824,-0.547341
0.532508,-0.546442
0.534192,-0.545542
0.535876,-0.544642
0.53756,-0.543742
0.539244,-0.542843
0.540928,-0.541943
0.542612,-0.541043
0.544296,-0.540143
0.545979,-0.539244
0.547663,-0.538344
0.549347,-0.537444
0.551031,-0.536544
0.552715,-0.535645
0.554399,-0.534745
0.556083,-0.533845
0.557767,-0.532945
0.559451,-0.532046
0.561134,-0.531146
0.562818,-0.530246
0.564502,-0.529346
0.566186,-0.528447
0.56787,-0.527547
0.569554,-0.526647
0.571238,-0.525747
0.572922,-0.524848
0.574606,-0.523948
0.576289,-0.523048
0.577973,-0.522148
0.579657,-0.521249
0.581341,-0.520349
0.583025,-0.519449
0.584709,-0.518549
0.586393,-0.51765
0.588077,-0.51675
0.589761,-0.51585
0.591444,-0.51495
0.593128,-0.514051
0.594812,-0.513151
0.596496,-0.512251
0.59818,-0.511351
0.599864,-0.510452
0.601548,-0.509552
0.603232,-0.508652
0.604916,-0.507752
0.606599,-0.506853
0.608283,-0.505953
0.609967,-0.505053
0.611651,-0.504153
0.613335,-0.503254
0.615019,-0.502354
0.616703,-0.501454
0.618387,-0.500554
0.620071,-0.499655
0.621754,-0.498755
0.623438,-0.497855
0.625122,-0.496955
0.626806,-0.496056
0.62849,-0.495156
0.630174,-0.494256
0.631858,-0.493356
0.633542,-0.492457
0.635226,-0.491557
0.63691,-0.490657
0.638593,-0.489757
0.640277,-0.488858
0.641961,-0.487958
0.643645,-0.487058
0.645329,-0.486158
0.647013,-0.485259
0.648697,-0.484359
0.650381,-0.483459
0.652065,-0.482559
0.653748,-0.48166
0.655432,-0.48076
0.657116,-0.47986
0.6588,-0.47896
0.660484,-0.478061
0.662168,-0.477161
0.663852,-0.476261
0.665536,-0.475361
0.66722,-0.474462
0.668903,-0.473562
0.670587,-0.472662
0.672271,-0.471762
0.673955,-0.470863
0.675639,-0.469963
0.677323,-0.469063
0.679007,-0.468163
0.680691,-0.467264
0.682375,-0.466364
0.684058,-0.465464
0.685742,-0.464564
0.687426,-0.463665
0.68911,-0.462765
0.690794,-0.461865
0.692478,-0.460965
0.694162,-0.460066
0.695846,-0.459166
0.69753,-0.458266
0.699213,-0.457366
0.700897,-0.456467
0.702581,-0.455567
0.704265,-0.454667
0.705949,-0.453767
0.707633,-0.452868
0.709317,-0.451968
0.711001,-0.451068
0.712685,-0.450168
0.714368,-0.449269
0.716052,-0.448369
0.717736,-0.447469
