O
15
1,0,-1,0.78,-0.5,0.75,0.0,0.0,0.0,0.3,0.4,0.02,0,0.8,False
2,0,-1,1.1,-0.5,0.93,0.0,0.0,0.0,0.02,0.4,0.2,0,0.8,False
3,0,-1,0.78,-0.5,1.11,0.0,0.0,0.0,0.3,0.4,0.02,0,0.8,False
4,0,-1,0.8,-0.92,0.93,0.0,0.0,0.0,0.32,0.02,0.2,0,0.8,False
5,0,-1,0.8,-0.08,0.93,0.0,0.0,0.0,0.32,0.02,0.2,0,0.8,False
6,2,0,0.9068497498183543,-0.8131989693163935,0.8450000000000001,0.0,0.0,1.3486611165074271,0.03,0.03,0.15,0.1808176042554121,0.8819468911301883,False
7,0,0,0.9143525367700249,-0.46930130693575317,0.8773904156962204,0.0,0.0,1.7168348485949303,0.03,0.0786204484072878,0.10739041569622039,0.4186175541792471,1.0965864520694981,False
8,2,0,0.5917273122215445,-0.37354452115276665,0.8542005612495668,0.0,0.0,2.842668504456054,0.04195167995832927,0.04195167995832927,0.1684011224991335,0.17307304800093554,0.8685226922859429,False
9,2,0,0.7294861363123873,-0.36224335116790807,0.8450000000000001,0.0,0.0,3.4632123758432587,0.04830247979110713,0.04830247979110713,0.15,0.3375779323274198,0.816936127934892,False
10,0,0,1.0112447006850784,-0.21894881543526978,0.86,0.0,0.0,2.41764803935203,0.03,0.03,0.09,0.35660802062277225,0.9007532721826623,False
11,0,1,0.5793180522511466,-0.6175069041089876,0.86,0.0,0.0,2.6500489189520016,0.03,0.06769921980162528,0.09,0.228445389120789,1.1166553928623961,True
12,0,1,0.7746451893492505,-0.6536037562325787,0.8788863900621122,0.0,0.0,3.2478518393325726,0.042587490943255944,0.04562588836261277,0.10888639006211226,0.41188100684368995,1.0849455759962028,True
13,2,1,0.7577616130708285,-0.1861156726186054,0.8450000000000001,0.0,0.0,3.6876104718481377,0.047458632843226475,0.047458632843226475,0.15,0.00861195495874828,1.048235303147944,True
14,0,1,0.977943591168182,-0.5800192544660405,0.9057563237630637,0.0,0.0,6.1164818990112995,0.03834964206021647,0.042864973833923695,0.13575632376306365,0.32495877288868386,1.017818304285265,True
15,2,1,0.7681714193092853,-0.7973101049408567,0.8450000000000001,0.0,0.0,3.8089707953225975,0.05068060221790993,0.05068060221790993,0.15,0.227691802533866,1.1079632217267559,True
R
0.0,0.0,0.0,0.0,0.0,0.0,1.0
S
8
torso_lift_joint,0
r_shoulder_pan_joint,-1.69017
r_shoulder_lift_joint,-0.0788625
r_upper_arm_roll_joint,-1.69017
r_elbow_flex_joint,-1.2717
r_forearm_roll_joint,-0.151824
r_wrist_flex_joint,-1.25254
r_wrist_roll_joint,0.675062
G
0.52556,-0.429958,0.854201,0.70599,-0,0
ooi
8
A
599
0.310248,-0.673113
0.310157,-0.673147
0.310066,-0.67318
0.309975,-0.673213
0.309885,-0.673247
0.309794,-0.67328
0.309703,-0.673314
0.309612,-0.673347
0.309521,-0.673381
0.30943,-0.673414
0.309339,-0.673448
0.309248,-0.673481
0.309157,-0.673515
0.309066,-0.673548
0.308975,-0.673582
0.308884,-0.673615
0.308794,-0.673648
0.308703,-0.673682
0.308612,-0.673715
0.308521,-0.673749
0.30843,-0.673782
0.308339,-0.673816
0.308248,-0.673849
0.308157,-0.673883
0.308066,-0.673916
0.307975,-0.67395
0.307884,-0.673983
0.307793,-0.674016
0.307703,-0.67405
0.307612,-0.674083
0.307521,-0.674117
0.30743,-0.67415
0.307339,-0.674184
0.307248,-0.674217
0.307157,-0.674251
0.307066,-0.674284
0.306975,-0.674318
0.306884,-0.674351
0.306793,-0.674385
0.306703,-0.674418
0.306612,-0.674451
0.306521,-0.674485
0.30643,-0.674518
0.306339,-0.674552
0.306248,-0.674585
0.306157,-0.674619
0.306066,-0.674652
0.305975,-0.674686
0.305884,-0.674719
0.305793,-0.674753
0.305702,-0.674786
0.305612,-0.67482
0.305521,-0.674853
0.30543,-0.674886
0.305339,-0.67492
0.305248,-0.674953
0.305157,-0.674987
0.305066,-0.67502
0.304975,-0.675054
0.304884,-0.675087
0.304793,-0.675121
0.304702,-0.675154
0.304611,-0.675188
0.304521,-0.675221
0.30443,-0.675254
0.304339,-0.675288
0.304248,-0.675321
0.304157,-0.675355
0.304066,-0.675388
0.303975,-0.675422
0.303884,-0.675455
0.303793,-0.675489
0.303702,-0.675522
0.303611,-0.675556
0.30352,-0.675589
0.30343,-0.675623
0.303339,-0.675656
0.303248,-0.675689
0.303157,-0.675723
0.303066,-0.675756
0.302975,-0.67579
0.302884,-0.675823
0.302793,-0.675857
0.302702,-0.67589
0.302611,-0.675924
0.30252,-0.675957
0.30243,-0.675991
0.302339,-0.676024
0.302248,-0.676057
0.302157,-0.676091
0.302066,-0.676124
0.301975,-0.676158
0.301884,-0.676191
0.301793,-0.676225
0.301702,-0.676258
0.301611,-0.676292
0.30152,-0.676325
0.301429,-0.676359
0.301339,-0.676392
0.301248,-0.676426
0.301157,-0.676459
0.301066,-0.676492
0.300975,-0.676526
0.300884,-0.676559
0.300793,-0.676593
0.300702,-0.676626
0.300611,-0.67666
0.30052,-0.676693
0.300429,-0.676727
0.300338,-0.67676
0.300248,-0.676794
0.300157,-0.676827
0.300066,-0.676861
0.299975,-0.676894
0.299884,-0.676927
0.299793,-0.676961
0.299702,-0.676994
0.299611,-0.677028
0.29952,-0.677061
0.299429,-0.677095
0.299338,-0.677128
0.299248,-0.677162
0.299157,-0.677195
0.299066,-0.677229
0.298975,-0.677262
0.298884,-0.677295
0.298793,-0.677329
0.298702,-0.677362
0.298611,-0.677396
0.29852,-0.677429
0.298429,-0.677463
0.298338,-0.677496
0.298247,-0.67753
0.298157,-0.677563
0.298066,-0.677597
0.297975,-0.67763
0.297884,-0.677664
0.297793,-0.677697
0.297702,-0.67773
0.297611,-0.677764
0.29752,-0.677797
0.297429,-0.677831
0.297338,-0.677864
0.297247,-0.677898
0.297156,-0.677931
0.297066,-0.677965
0.296975,-0.677998
0.296884,-0.678032
0.296793,-0.678065
0.296702,-0.678099
0.296611,-0.678132
0.297251,-0.677508
0.297892,-0.676884
0.298532,-0.67626
0.299173,-0.675636
0.299813,-0.675012
0.300453,-0.674388
0.301094,-0.673764
0.301734,-0.67314
0.302375,-0.672516
0.303015,-0.671892
0.303655,-0.671269
0.304296,-0.670645
0.304936,-0.670021
0.305576,-0.669397
0.306217,-0.668773
0.306857,-0.668149
0.307498,-0.667525
0.308138,-0.666901
0.308778,-0.666277
0.309419,-0.665653
0.310059,-0.665029
0.3107,-0.664405
0.31134,-0.663781
0.31198,-0.663157
0.312621,-0.662533
0.313261,-0.661909
0.313902,-0.661285
0.314542,-0.660661
0.315182,-0.660037
0.315823,-0.659413
0.316463,-0.658789
0.317104,-0.658166
0.317744,-0.657542
0.318384,-0.656918
0.319025,-0.656294
0.319665,-0.65567
0.320305,-0.655046
0.320946,-0.654422
0.321586,-0.653798
0.322227,-0.653174
0.322867,-0.65255
0.323507,-0.651926
0.324148,-0.651302
0.324788,-0.650678
0.325429,-0.650054
0.326069,-0.64943
0.326709,-0.648806
0.32735,-0.648182
0.32799,-0.647558
0.328631,-0.646934
0.329271,-0.64631
0.329911,-0.645686
0.330552,-0.645063
0.331192,-0.644439
0.331833,-0.643815
0.332473,-0.643191
0.333113,-0.642567
0.333754,-0.641943
0.334394,-0.641319
0.335034,-0.640695
0.335675,-0.640071
0.336315,-0.639447
0.336956,-0.638823
0.337596,-0.638199
0.338236,-0.637575
0.338877,-0.636951
0.339517,-0.636327
0.340158,-0.635703
0.340798,-0.635079
0.341438,-0.634455
0.342079,-0.633831
0.342719,-0.633207
0.34336,-0.632584
0.344,-0.63196
0.34464,-0.631336
0.345281,-0.630712
0.345921,-0.630088
0.346562,-0.629464
0.347202,-0.62884
0.347842,-0.628216
0.348483,-0.627592
0.349123,-0.626968
0.349763,-0.626344
0.350404,-0.62572
0.351044,-0.625096
0.351685,-0.624472
0.352325,-0.623848
0.352965,-0.623224
0.353606,-0.6226
0.354246,-0.621976
0.354887,-0.621352
0.355527,-0.620728
0.356167,-0.620104
0.356808,-0.619481
0.357448,-0.618857
0.358089,-0.618233
0.358729,-0.617609
0.359369,-0.616985
0.36001,-0.616361
0.36065,-0.615737
0.361291,-0.615113
0.361931,-0.614489
0.362571,-0.613865
0.363212,-0.613241
0.363852,-0.612617
0.364492,-0.611993
0.365133,-0.611369
0.365773,-0.610745
0.366414,-0.610121
0.367054,-0.609497
0.367694,-0.608873
0.368335,-0.608249
0.368975,-0.607625
0.369616,-0.607002
0.370256,-0.606378
0.370896,-0.605754
0.371537,-0.60513
0.372177,-0.604506
0.372818,-0.603882
0.373458,-0.603258
0.374098,-0.602634
0.374739,-0.60201
0.375379,-0.601386
0.37602,-0.600762
0.37666,-0.600138
0.3773,-0.599514
0.377941,-0.59889
0.378581,-0.598266
0.379221,-0.597642
0.379862,-0.597018
0.380502,-0.596394
0.381143,-0.59577
0.381783,-0.595146
0.382423,-0.594522
0.383064,-0.593899
0.383704,-0.593275
0.384345,-0.592651
0.384985,-0.592027
0.385625,-0.591403
0.386266,-0.590779
0.386906,-0.590155
0.387547,-0.589531
0.388187,-0.588907
0.388827,-0.588283
0.389468,-0.587659
0.390108,-0.587035
0.390749,-0.586411
0.391389,-0.585787
0.392029,-0.585163
0.392357,-0.585491
0.392685,-0.585819
0.393013,-0.586146
0.393341,-0.586474
0.393669,-0.586802
0.393997,-0.58713
0.394324,-0.587457
0.394652,-0.587785
0.39498,-0.588113
0.395308,-0.588441
0.395636,-0.588769
0.395964,-0.589096
0.396292,-0.589424
0.39662,-0.589752
0.396947,-0.59008
0.397275,-0.590407
0.397603,-0.590735
0.397931,-0.591063
0.398259,-0.591391
0.398587,-0.591718
0.398915,-0.592046
0.399242,-0.592374
0.39957,-0.592702
0.399898,-0.593029
0.400226,-0.593357
0.400554,-0.593685
0.400882,-0.594013
0.40121,-0.59434
0.401538,-0.594668
0.401865,-0.594996
0.402193,-0.595324
0.402521,-0.595651
0.402849,-0.595979
0.403177,-0.596307
0.403505,-0.596635
0.403833,-0.596962
0.404161,-0.59729
0.404488,-0.597618
0.404816,-0.597946
0.405144,-0.598273
0.405472,-0.598601
0.4058,-0.598929
0.406128,-0.599257
0.406456,-0.599584
0.406784,-0.599912
0.407111,-0.60024
0.407439,-0.600568
0.407767,-0.600896
0.408095,-0.601223
0.408423,-0.601551
0.408751,-0.601879
0.409079,-0.602207
0.409407,-0.602534
0.409734,-0.602862
0.410062,-0.60319
0.41039,-0.603518
0.410718,-0.603845
0.411046,-0.604173
0.411374,-0.604501
0.411702,-0.604829
0.41203,-0.605156
0.412357,-0.605484
0.412685,-0.605812
0.413013,-0.60614
0.413341,-0.606467
0.413669,-0.606795
0.413997,-0.607123
0.414325,-0.607451
0.414653,-0.607778
0.41498,-0.608106
0.415308,-0.608434
0.415636,-0.608762
0.415964,-0.609089
0.416292,-0.609417
0.41662,-0.609745
0.416948,-0.610073
0.417275,-0.6104
0.417603,-0.610728
0.417931,-0.611056
0.418259,-0.611384
0.418587,-0.611711
0.418915,-0.612039
0.419243,-0.612367
0.419571,-0.612695
0.419898,-0.613023
0.420226,-0.61335
0.420554,-0.613678
0.420882,-0.614006
0.42121,-0.614334
0.421538,-0.614661
0.421866,-0.614989
0.422194,-0.615317
0.422521,-0.615645
0.422849,-0.615972
0.423177,-0.6163
0.423505,-0.616628
0.423833,-0.616956
0.424161,-0.617283
0.424489,-0.617611
0.424817,-0.617939
0.425144,-0.618267
0.425472,-0.618594
0.4258,-0.618922
0.426128,-0.61925
0.426456,-0.619578
0.426784,-0.619905
0.427112,-0.620233
0.42744,-0.620561
0.427767,-0.620889
0.428095,-0.621216
0.428423,-0.621544
0.428751,-0.621872
0.429079,-0.6222
0.429407,-0.622527
0.429735,-0.622855
0.430063,-0.623183
0.43039,-0.623511
0.430718,-0.623838
0.431046,-0.624166
0.431374,-0.624494
0.431702,-0.624822
0.43203,-0.625149
0.432358,-0.625477
0.432686,-0.625805
0.433013,-0.626133
0.433341,-0.626461
0.433669,-0.626788
0.433997,-0.627116
0.434325,-0.627444
0.434653,-0.627772
0.434981,-0.628099
0.435308,-0.628427
0.435636,-0.628755
0.435964,-0.629083
0.436292,-0.62941
0.43662,-0.629738
0.436948,-0.630066
0.437276,-0.630394
0.437604,-0.630721
0.437931,-0.631049
0.438259,-0.631377
0.438587,-0.631705
0.438915,-0.632032
0.439243,-0.63236
0.439571,-0.632688
0.439899,-0.633016
0.440227,-0.633343
0.440554,-0.633671
0.440882,-0.633999
0.44121,-0.634327
0.441776,-0.632955
0.442342,-0.631583
0.442909,-0.630212
0.443475,-0.62884
0.444041,-0.627469
0.444607,-0.626097
0.445173,-0.624725
0.445739,-0.623354
0.446305,-0.621982
0.446871,-0.620611
0.447437,-0.619239
0.448003,-0.617867
0.44857,-0.616496
0.449136,-0.615124
0.449702,-0.613753
0.450268,-0.612381
0.450834,-0.611009
0.4514,-0.609638
0.451966,-0.608266
0.452532,-0.606895
0.453098,-0.605523
0.453664,-0.604151
0.454231,-0.60278
0.454797,-0.601408
0.455363,-0.600037
0.455929,-0.598665
0.456495,-0.597293
0.457061,-0.595922
0.457627,-0.59455
0.458193,-0.593179
0.458759,-0.591807
0.459326,-0.590435
0.459892,-0.589064
0.460458,-0.587692
0.461024,-0.586321
0.46159,-0.584949
0.462156,-0.583577
0.462722,-0.582206
0.463288,-0.580834
0.463854,-0.579463
0.46442,-0.578091
0.464987,-0.576719
0.465553,-0.575348
0.466119,-0.573976
0.466685,-0.572604
0.467251,-0.571233
0.467817,-0.569861
0.468383,-0.56849
0.468949,-0.567118
0.469515,-0.565746
0.470082,-0.564375
0.470648,-0.563003
0.471214,-0.561632
0.47178,-0.56026
0.472346,-0.558888
0.472912,-0.557517
0.473478,-0.556145
0.474044,-0.554774
0.47461,-0.553402
0.475176,-0.55203
0.475743,-0.550659
0.476309,-0.549287
0.476875,-0.547916
0.477441,-0.546544
0.478007,-0.545172
0.478573,-0.543801
0.479139,-0.542429
0.479705,-0.541058
0.480271,-0.539686
0.480837,-0.538314
0.481404,-0.536943
0.48197,-0.535571
0.482536,-0.5342
0.483102,-0.532828
0.483668,-0.531456
0.484234,-0.530085
0.4848,-0.528713
0.485366,-0.527342
0.485932,-0.52597
0.486499,-0.524598
0.487065,-0.523227
0.487631,-0.521855
0.488197,-0.520484
0.488763,-0.519112
0.489329,-0.51774
0.489895,-0.516369
0.490461,-0.514997
0.491027,-0.513626
0.491593,-0.512254
0.49216,-0.510882
0.492726,-0.509511
0.493292,-0.508139
0.493858,-0.506768
0.494424,-0.505396
0.49499,-0.504024
0.495556,-0.502653
0.496122,-0.501281
0.496688,-0.499909
0.497255,-0.498538
0.497821,-0.497166
0.498387,-0.495795
0.498953,-0.494423
0.499519,-0.493051
0.500085,-0.49168
0.500651,-0.490308
0.501217,-0.488937
0.501783,-0.487565
0.502349,-0.486193
0.502916,-0.484822
0.503482,-0.48345
0.504048,-0.482079
0.504614,-0.480707
0.50518,-0.479335
0.505746,-0.477964
0.506312,-0.476592
0.506878,-0.475221
0.507444,-0.473849
0.508011,-0.472477
0.508577,-0.471106
0.509143,-0.469734
0.509709,-0.468363
0.510275,-0.466991
0.510841,-0.465619
0.511407,-0.464248
0.511973,-0.462876
0.512539,-0.461505
0.513105,-0.460133
0.513672,-0.458761
0.514238,-0.45739
0.514804,-0.456018
0.51537,-0.454647
0.515936,-0.453275
0.516502,-0.451903
0.517068,-0.450532
0.517634,-0.44916
0.5182,-0.447789
0.518766,-0.446417
0.519333,-0.445045
0.519899,-0.443674
0.520465,-0.442302
0.521031,-0.440931
0.521597,-0.439559
0.522163,-0.438187
0.522729,-0.436816
0.523295,-0.435444
0.523861,-0.434073
0.524428,-0.432701
0.524994,-0.431329
0.52556,-0.429958
