O
15
1,0,-1,0.78,-0.5,0.75,0.0,0.0,0.0,0.3,0.4,0.02,0,0.8,False
2,0,-1,1.1,-0.5,0.93,0.0,0.0,0.0,0.02,0.4,0.2,0,0.8,False
3,0,-1,0.78,-0.5,1.11,0.0,0.0,0.0,0.3,0.4,0.02,0,0.8,False
4,0,-1,0.8,-0.92,0.93,0.0,0.0,0.0,0.32,0.02,0.2,0,0.8,False
5,0,-1,0.8,-0.08,0.93,0.0,0.0,0.0,0.32,0.02,0.2,0,0.8,False
6,0,0,0.7973892603877252,-0.43409752911435395,0.8685729110674182,0.0,0.0,6.068230745838055,0.0767939273509507,0.06240097669700692,0.09857291106741814,0.23671423467547442,1.0290041214123007,False
7,2,0,0.9835382564431336,-0.8085140685098567,0.8450000000000001,0.0,0.0,2.255606271675842,0.04854081096370238,0.04854081096370238,0.15,0.429994809599618,0.8590229467241978,False
8,0,0,0.642709638014441,-0.38775413792106567,0.86,0.0,0.0,5.081680872951597,0.03,0.03,0.09,0.4500585922955667,0.8390836166344497,False
9,0,0,0.6381727416909847,-0.7254920886910619,0.9011398127740566,0.0,0.0,0.8977421279450989,0.07737749347799022,0.03,0.13113981277405667,0.19383476984055187,0.9513642390124993,False
10,2,0,0.7680303684543612,-0.23226564606384292,0.8450000000000001,0.0,0.0,4.032604303121473,0.0428440661578782,0.0428440661578782,0.15,0.47692000451865196,0.962703170762949,False
11,2,1,0.9009278989468918,-0.154564270065905,0.8450000000000001,0.0,0.0,0.5209755111761601,0.03,0.03,0.15,0.2855277686242279,1.0997227669250245,True
12,2,1,0.7115593264284672,-0.5802340646253151,0.8450000000000001,0.0,0.0,3.334597864620344,0.045081064331368464,0.045081064331368464,0.15,0.31739648946538696,1.1617499386523973,True
13,2,1,0.6383148885704276,-0.15968929482962668,0.8684729517316764,0.0,0.0,4.8028864074471285,0.04138642161935544,0.04138642161935544,0.19694590346335272,0.2782055131581864,0.9682431296978146,True
14,2,1,0.5320663895391031,-0.4157166305040417,0.8520069857032928,0.0,0.0,4.215988294857283,0.03,0.03,0.16401397140658544,0.2501400707425232,1.1345527166498948,True
15,0,1,0.9703272870931536,-0.3452566347627275,0.8897817379554641,0.0,0.0,2.8922662069697624,0.03,0.03,0.11978173795546405,0.06853139450405044,0.8914133544727364,True
R
0.0,0.0,0.0,0.0,0.0,0.0,1.0
S
8
torso_lift_joint,0
r_shoulder_pan_joint,-1.69017
r_shoulder_lift_joint,-0.0788625
r_upper_arm_roll_joint,-1.69017
r_elbow_flex_joint,-1.2717
r_forearm_roll_joint,-0.151824
r_wrist_flex_joint,-1.25254
r_wrist_roll_joint,0.675062
G
0.572766,-0.414826,0.86,0.369292,-0,0
ooi
8
A
599
0.310248,-0.673113
0.310918,-0.672634
0.311588,-0.672155
0.312257,-0.671676
0.312927,-0.671196
0.313597,-0.670717
0.314266,-0.670238
0.314936,-0.669759
0.315606,-0.66928
0.316275,-0.6688
0.316945,-0.668321
0.317615,-0.667842
0.318284,-0.667363
0.318954,-0.666884
0.319624,-0.666405
0.320293,-0.665925
0.320963,-0.665446
0.321633,-0.664967
0.322303,-0.664488
0.322972,-0.664009
0.323642,-0.66353
0.324312,-0.66305
0.324981,-0.662571
0.325651,-0.662092
0.326321,-0.661613
0.32699,-0.661134
0.32766,-0.660654
0.32833,-0.660175
0.328999,-0.659696
0.329669,-0.659217
0.330339,-0.658738
0.331008,-0.658259
0.331678,-0.657779
0.332348,-0.6573
0.333018,-0.656821
0.333687,-0.656342
0.334357,-0.655863
0.335027,-0.655384
0.335696,-0.654904
0.336366,-0.654425
0.337036,-0.653946
0.337705,-0.653467
0.338375,-0.652988
0.339045,-0.652508
0.339714,-0.652029
0.340384,-0.65155
0.341054,-0.651071
0.341723,-0.650592
0.342393,-0.650113
0.343063,-0.649633
0.343733,-0.649154
0.344402,-0.648675
0.345072,-0.648196
0.345742,-0.647717
0.346411,-0.647238
0.347081,-0.646758
0.347751,-0.646279
0.34842,-0.6458
0.34909,-0.645321
0.34976,-0.644842
0.350429,-0.644362
0.351099,-0.643883
0.351769,-0.643404
0.352438,-0.642925
0.353108,-0.642446
0.353778,-0.641967
0.354447,-0.641487
0.355117,-0.641008
0.355787,-0.640529
0.356457,-0.64005
0.357126,-0.639571
0.357796,-0.639092
0.358466,-0.638612
0.359135,-0.638133
0.359805,-0.637654
0.360475,-0.637175
0.361144,-0.636696
0.361814,-0.636216
0.362484,-0.635737
0.363153,-0.635258
0.363823,-0.634779
0.364493,-0.6343
0.365162,-0.633821
0.365832,-0.633341
0.366502,-0.632862
0.367172,-0.632383
0.367841,-0.631904
0.368511,-0.631425
0.369181,-0.630946
0.36985,-0.630466
0.37052,-0.629987
0.37119,-0.629508
0.371859,-0.629029
0.372529,-0.62855
0.373199,-0.62807
0.373868,-0.627591
0.374538,-0.627112
0.375208,-0.626633
0.375877,-0.626154
0.376547,-0.625675
0.377217,-0.625195
0.377887,-0.624716
0.378556,-0.624237
0.379226,-0.623758
0.379896,-0.623279
0.380565,-0.6228
0.381235,-0.62232
0.381905,-0.621841
0.382574,-0.621362
0.383244,-0.620883
0.383914,-0.620404
0.384583,-0.619924
0.385253,-0.619445
0.385923,-0.618966
0.386592,-0.618487
0.387262,-0.618008
0.387932,-0.617529
0.388602,-0.617049
0.389271,-0.61657
0.389941,-0.616091
0.390611,-0.615612
0.39128,-0.615133
0.39195,-0.614654
0.39262,-0.614174
0.393289,-0.613695
0.393959,-0.613216
0.394629,-0.612737
0.395298,-0.612258
0.395968,-0.611778
0.396638,-0.611299
0.397307,-0.61082
0.397977,-0.610341
0.398647,-0.609862
0.399316,-0.609383
0.399986,-0.608903
0.400656,-0.608424
0.401326,-0.607945
0.401995,-0.607466
0.402665,-0.606987
0.403335,-0.606508
0.404004,-0.606028
0.404674,-0.605549
0.405344,-0.60507
0.406013,-0.604591
0.406683,-0.604112
0.407353,-0.603632
0.408022,-0.603153
0.408692,-0.602674
0.409362,-0.602195
0.410031,-0.601716
0.410701,-0.601237
0.411664,-0.601768
0.412627,-0.6023
0.41359,-0.602831
0.414552,-0.603363
0.415515,-0.603894
0.416478,-0.604426
0.417441,-0.604958
0.418404,-0.605489
0.419367,-0.606021
0.420329,-0.606552
0.421292,-0.607084
0.422255,-0.607615
0.423218,-0.608147
0.424181,-0.608679
0.425143,-0.60921
0.426106,-0.609742
0.427069,-0.610273
0.428032,-0.610805
0.428995,-0.611336
0.429957,-0.611868
0.43092,-0.6124
0.431883,-0.612931
0.432846,-0.613463
0.433809,-0.613994
0.434772,-0.614526
0.435734,-0.615057
0.436697,-0.615589
0.43766,-0.616121
0.438623,-0.616652
0.439586,-0.617184
0.440548,-0.617715
0.441511,-0.618247
0.442474,-0.618778
0.443437,-0.61931
0.4444,-0.619842
0.445363,-0.620373
0.446325,-0.620905
0.447288,-0.621436
0.448251,-0.621968
0.449214,-0.622499
0.450177,-0.623031
0.451139,-0.623563
0.452102,-0.624094
0.453065,-0.624626
0.454028,-0.625157
0.454991,-0.625689
0.455954,-0.62622
0.456916,-0.626752
0.457879,-0.627284
0.458842,-0.627815
0.459805,-0.628347
0.460768,-0.628878
0.46173,-0.62941
0.462693,-0.629941
0.463656,-0.630473
0.464619,-0.631005
0.465582,-0.631536
0.466545,-0.632068
0.467507,-0.632599
0.46847,-0.633131
0.469433,-0.633662
0.470396,-0.634194
0.471359,-0.634726
0.472321,-0.635257
0.473284,-0.635789
0.474247,-0.63632
0.47521,-0.636852
0.476173,-0.637383
0.477136,-0.637915
0.478098,-0.638447
0.479061,-0.638978
0.480024,-0.63951
0.480987,-0.640041
0.48195,-0.640573
0.482912,-0.641104
0.483875,-0.641636
0.484838,-0.642168
0.485801,-0.642699
0.486764,-0.643231
0.487726,-0.643762
0.488689,-0.644294
0.489652,-0.644825
0.490615,-0.645357
0.491578,-0.645889
0.492541,-0.64642
0.493503,-0.646952
0.494466,-0.647483
0.495429,-0.648015
0.496392,-0.648546
0.497355,-0.649078
0.498317,-0.64961
0.49928,-0.650141
0.500243,-0.650673
0.501206,-0.651204
0.502169,-0.651736
0.503132,-0.652267
0.504094,-0.652799
0.505057,-0.653331
0.50602,-0.653862
0.506983,-0.654394
0.507946,-0.654925
0.508908,-0.655457
0.509871,-0.655988
0.510834,-0.65652
0.511797,-0.657052
0.51276,-0.657583
0.513723,-0.658115
0.514685,-0.658646
0.515648,-0.659178
0.516611,-0.659709
0.517574,-0.660241
0.518537,-0.660773
0.519499,-0.661304
0.520462,-0.661836
0.521425,-0.662367
0.522388,-0.662899
0.523351,-0.663431
0.524314,-0.663962
0.525276,-0.664494
0.526239,-0.665025
0.527202,-0.665557
0.528165,-0.666088
0.529128,-0.66662
0.53009,-0.667152
0.531053,-0.667683
0.532016,-0.668215
0.532979,-0.668746
0.533942,-0.669278
0.534905,-0.669809
0.535867,-0.670341
0.53683,-0.670873
0.537793,-0.671404
0.538756,-0.671936
0.539719,-0.672467
0.540681,-0.672999
0.541644,-0.67353
0.542607,-0.674062
0.54357,-0.674594
0.544533,-0.675125
0.545495,-0.675657
0.546458,-0.676188
0.547421,-0.67672
0.548384,-0.677251
0.549347,-0.677783
0.55031,-0.678315
0.551272,-0.678846
0.552235,-0.679378
0.553198,-0.679909
0.554161,-0.680441
0.553921,-0.67898
0.553682,-0.67752
0.553443,-0.67606
0.553203,-0.674599
0.552964,-0.673139
0.552725,-0.671678
0.552485,-0.670218
0.552246,-0.668757
0.552006,-0.667297
0.551767,-0.665837
0.551528,-0.664376
0.551288,-0.662916
0.551049,-0.661455
0.55081,-0.659995
0.55057,-0.658535
0.550331,-0.657074
0.550091,-0.655614
0.549852,-0.654153
0.549613,-0.652693
0.549373,-0.651232
0.549134,-0.649772
0.548895,-0.648312
0.548655,-0.646851
0.548416,-0.645391
0.548176,-0.64393
0.547937,-0.64247
0.547698,-0.64101
0.547458,-0.639549
0.547219,-0.638089
0.54698,-0.636628
0.54674,-0.635168
0.546501,-0.633708
0.546261,-0.632247
0.546022,-0.630787
0.545783,-0.629326
0.545543,-0.627866
0.545304,-0.626405
0.545065,-0.624945
0.544825,-0.623485
0.544586,-0.622024
0.544346,-0.620564
0.544107,-0.619103
0.543868,-0.617643
0.543628,-0.616183
0.543389,-0.614722
0.543149,-0.613262
0.54291,-0.611801
0.542671,-0.610341
0.542431,-0.60888
0.542192,-0.60742
0.541953,-0.60596
0.541713,-0.604499
0.541474,-0.603039
0.541234,-0.601578
0.540995,-0.600118
0.540756,-0.598658
0.540516,-0.597197
0.540277,-0.595737
0.540038,-0.594276
0.539798,-0.592816
0.539559,-0.591355
0.539319,-0.589895
0.53908,-0.588435
0.538841,-0.586974
0.538601,-0.585514
0.538362,-0.584053
0.538123,-0.582593
0.537883,-0.581133
0.537644,-0.579672
0.537404,-0.578212
0.537165,-0.576751
0.536926,-0.575291
0.536686,-0.573831
0.536447,-0.57237
0.536208,-0.57091
0.535968,-0.569449
0.535729,-0.567989
0.535489,-0.566528
0.53525,-0.565068
0.535011,-0.563608
0.534771,-0.562147
0.534532,-0.560687
0.534293,-0.559226
0.534053,-0.557766
0.533814,-0.556306
0.533574,-0.554845
0.533335,-0.553385
0.533096,-0.551924
0.532856,-0.550464
0.532617,-0.549003
0.532377,-0.547543
0.532138,-0.546083
0.531899,-0.544622
0.531659,-0.543162
0.53142,-0.541701
0.531181,-0.540241
0.530941,-0.538781
0.530702,-0.53732
0.530462,-0.53586
0.530223,-0.534399
0.529984,-0.532939
0.529744,-0.531478
0.529505,-0.530018
0.529266,-0.528558
0.529026,-0.527097
0.528787,-0.525637
0.528547,-0.524176
0.528308,-0.522716
0.528069,-0.521256
0.527829,-0.519795
0.52759,-0.518335
0.527351,-0.516874
0.527111,-0.515414
0.526872,-0.513953
0.526632,-0.512493
0.526393,-0.511033
0.526154,-0.509572
0.525914,-0.508112
0.525675,-0.506651
0.525436,-0.505191
0.525196,-0.503731
0.524957,-0.50227
0.524717,-0.50081
0.524478,-0.499349
0.524239,-0.497889
0.523999,-0.496429
0.52376,-0.494968
0.523521,-0.493508
0.523281,-0.492047
0.523042,-0.490587
0.522802,-0.489126
0.522563,-0.487666
0.522324,-0.486206
0.522084,-0.484745
0.521845,-0.483285
0.521606,-0.481824
0.521366,-0.480364
0.521127,-0.478904
0.520887,-0.477443
0.520648,-0.475983
0.520409,-0.474522
0.520169,-0.473062
0.51993,-0.471601
0.51969,-0.470141
0.519451,-0.468681
0.519212,-0.46722
0.518972,-0.46576
0.518733,-0.464299
0.518494,-0.462839
0.518254,-0.461379
0.51862,-0.461066
0.518986,-0.460754
0.519352,-0.460441
0.519718,-0.460129
0.520083,-0.459816
0.520449,-0.459504
0.520815,-0.459192
0.521181,-0.458879
0.521547,-0.458567
0.521913,-0.458254
0.522279,-0.457942
0.522644,-0.457629
0.52301,-0.457317
0.523376,-0.457004
0.523742,-0.456692
0.524108,-0.45638
0.524474,-0.456067
0.52484,-0.455755
0.525205,-0.455442
0.525571,-0.45513
0.525937,-0.454817
0.526303,-0.454505
0.526669,-0.454193
0.527035,-0.45388
0.5274,-0.453568
0.527766,-0.453255
0.528132,-0.452943
0.528498,-0.45263
0.528864,-0.452318
0.52923,-0.452006
0.529596,-0.451693
0.529961,-0.451381
0.530327,-0.451068
0.530693,-0.450756
0.531059,-0.450443
0.531425,-0.450131
0.531791,-0.449818
0.532157,-0.449506
0.532522,-0.449194
0.532888,-0.448881
0.533254,-0.448569
0.53362,-0.448256
0.533986,-0.447944
0.534352,-0.447631
0.534717,-0.447319
0.535083,-0.447007
0.535449,-0.446694
0.535815,-0.446382
0.536181,-0.446069
0.536547,-0.445757
0.536913,-0.445444
0.537278,-0.445132
0.537644,-0.44482
0.53801,-0.444507
0.538376,-0.444195
0.538742,-0.443882
0.539108,-0.44357
0.539474,-0.443257
0.539839,-0.442945
0.540205,-0.442632
0.540571,-0.44232
0.540937,-0.442008
0.541303,-0.441695
0.541669,-0.441383
0.542034,-0.44107
0.5424,-0.440758
0.542766,-0.440445
0.543132,-0.440133
0.543498,-0.439821
0.543864,-0.439508
0.54423,-0.439196
0.544595,-0.438883
0.544961,-0.438571
0.545327,-0.438258
0.545693,-0.437946
0.546059,-0.437634
0.546425,-0.437321
0.546791,-0.437009
0.547156,-0.436696
0.547522,-0.436384
0.547888,-0.436071
0.548254,-0.435759
0.54862,-0.435446
0.548986,-0.435134
0.549351,-0.434822
0.549717,-0.434509
0.550083,-0.434197
0.550449,-0.433884
0.550815,-0.433572
0.551181,-0.433259
0.551547,-0.432947
0.551912,-0.432635
0.552278,-0.432322
0.552644,-0.43201
0.55301,-0.431697
0.553376,-0.431385
0.553742,-0.431072
0.554108,-0.43076
0.554473,-0.430448
0.554839,-0.430135
0.555205,-0.429823
0.555571,-0.42951
0.555937,-0.429198
0.556303,-0.428885
0.556668,-0.428573
0.557034,-0.42826
0.5574,-0.427948
0.557766,-0.427636
0.558132,-0.427323
0.558498,-0.427011
0.558864,-0.426698
0.559229,-0.426386
0.559595,-0.426073
0.559961,-0.425761
0.560327,-0.425449
0.560693,-0.425136
0.561059,-0.424824
0.561425,-0.424511
0.56179,-0.424199
0.562156,-0.423886
0.562522,-0.423574
0.562888,-0.423262
0.563254,-0.422949
0.56362,-0.422637
0.563985,-0.422324
0.564351,-0.422012
0.564717,-0.421699
0.565083,-0.421387
0.565449,-0.421074
0.565815,-0.420762
0.566181,-0.42045
0.566546,-0.420137
0.566912,-0.419825
0.567278,-0.419512
0.567644,-0.4192
0.56801,-0.418887
0.568376,-0.418575
0.568742,-0.418263
0.569107,-0.41795
0.569473,-0.417638
0.569839,-0.417325
0.570205,-0.417013
0.570571,-0.4167
0.570937,-0.416388
0.571302,-0.416076
0.571668,-0.415763
0.572034,-0.415451
0.5724,-0.415138
0.572766,-0.414826
