O
15
1,0,-1,0.78,-0.5,0.75,0.0,0.0,0.0,0.3,0.4,0.02,0,0.8,False
2,0,-1,1.1,-0.5,0.93,0.0,0.0,0.0,0.02,0.4,0.2,0,0.8,False
3,0,-1,0.78,-0.5,1.11,0.0,0.0,0.0,0.3,0.4,0.02,0,0.8,False
4,0,-1,0.8,-0.92,0.93,0.0,0.0,0.0,0.32,0.02,0.2,0,0.8,False
5,0,-1,0.8,-0.08,0.93,0.0,0.0,0.0,0.32,0.02,0.2,0,0.8,False
6,0,0,1.0204422129620345,-0.7650545010732256,0.86,0.0,0.0,1.5299837593462715,0.03527708578873966,0.03,0.09,0.031212655164198966,0.9451808781071164,False
7,2,0,0.6701826699746493,-0.7019899146931532,0.8450000000000001,0.0,0.0,5.165187653444811,0.06778281177294403,0.06778281177294403,0.15,0.010792122102064983,0.954471187237231,False
8,2,0,0.6066718454617552,-0.41110710828493646,0.8479922028546736,0.0,0.0,5.078699406678105,0.03,0.03,0.15598440570934727,0.4167017235016898,1.0201338328172795,False
9,0,0,0.7328429282371582,-0.3508482956406612,0.86,0.0,0.0,4.9326953855908595,0.07061725392030542,0.03,0.09,0.15300952716049604,0.9680438687978105,False
10,0,0,0.8385986364615654,-0.42577554396208356,0.86,0.0,0.0,0.9891887214693083,0.03,0.03,0.09,0.4354255454996433,0.9573089349842183,False
11,2,1,0.9788552237194499,-0.38590922798964933,0.8450000000000001,0.0,0.0,1.3893615794605698,0.03,0.03,0.15,0.0025392800893672685,0.9468279657976337,True
12,2,1,0.6317372766289021,-0.3071488973668276,0.8450000000000001,0.0,0.0,0.20849694033054,0.03,0.03,0.15,0.07062426155326429,1.0213142060055331,True
13,2,1,0.5285507937386564,-0.6311102310215368,0.8450000000000001,0.0,0.0,1.4091264911413528,0.03,0.03,0.15,0.29146843794957045,0.8686147112545042,True
14,2,1,0.7219698767815652,-0.5252998188014697,0.8450000000000001,0.0,0.0,2.075864178135392,0.030025577751121583,0.030025577751121583,0.15,0.01710724629769822,1.0423873166635567,True
15,0,1,0.5199144673169384,-0.728328345694895,0.86,0.0,0.0,5.100089721868534,0.03,0.030326756698906446,0.09,0.3769007081651653,1.1789750888548374,True
R
0.0,0.0,0.0,0.0,0.0,0.0,1.0
S
8
torso_lift_joint,0
r_shoulder_pan_joint,-1.69017
r_shoulder_lift_joint,-0.0788625
r_upper_arm_roll_joint,-1.69017
r_elbow_flex_joint,-1.2717
r_forearm_roll_joint,-0.151824
r_wrist_flex_joint,-1.25254
r_wrist_roll_joint,0.675062
G
0.53343,-0.427253,0.847992,0.21698,-0,0
ooi
8
A
599
0.310248,-0.673113
0.310224,-0.67359
0.3102,-0.674066
0.310176,-0.674543
0.310152,-0.67502
0.310128,-0.675497
0.310104,-0.675973
0.31008,-0.67645
0.310056,-0.676927
0.310032,-0.677403
0.310008,-0.67788
0.309984,-0.678357
0.30996,-0.678833
0.309936,-0.67931
0.309913,-0.679787
0.309889,-0.680263
0.309865,-0.68074
0.309841,-0.681217
0.309817,-0.681694
0.309793,-0.68217
0.309769,-0.682647
0.309745,-0.683124
0.309721,-0.6836
0.309697,-0.684077
0.309673,-0.684554
0.309649,-0.68503
0.309625,-0.685507
0.309601,-0.685984
0.309577,-0.686461
0.309553,-0.686937
0.309529,-0.687414
0.309505,-0.687891
0.309481,-0.688367
0.309457,-0.688844
0.309433,-0.689321
0.309409,-0.689797
0.309385,-0.690274
0.309361,-0.690751
0.309337,-0.691227
0.309313,-0.691704
0.309289,-0.692181
0.309265,-0.692658
0.309241,-0.693134
0.309217,-0.693611
0.309193,-0.694088
0.309169,-0.694564
0.309145,-0.695041
0.309121,-0.695518
0.309097,-0.695994
0.309073,-0.696471
0.309049,-0.696948
0.309025,-0.697424
0.309001,-0.697901
0.308977,-0.698378
0.308953,-0.698855
0.308929,-0.699331
0.308905,-0.699808
0.308882,-0.700285
0.308858,-0.700761
0.308834,-0.701238
0.30881,-0.701715
0.308786,-0.702191
0.308762,-0.702668
0.308738,-0.703145
0.308714,-0.703621
0.30869,-0.704098
0.308666,-0.704575
0.308642,-0.705052
0.308618,-0.705528
0.308594,-0.706005
0.30857,-0.706482
0.308546,-0.706958
0.308522,-0.707435
0.308498,-0.707912
0.308474,-0.708388
0.30845,-0.708865
0.308426,-0.709342
0.308402,-0.709818
0.308378,-0.710295
0.308354,-0.710772
0.30833,-0.711249
0.308306,-0.711725
0.308282,-0.712202
0.308258,-0.712679
0.308234,-0.713155
0.30821,-0.713632
0.308186,-0.714109
0.308162,-0.714585
0.308138,-0.715062
0.308114,-0.715539
0.30809,-0.716016
0.308066,-0.716492
0.308042,-0.716969
0.308018,-0.717446
0.307994,-0.717922
0.30797,-0.718399
0.307946,-0.718876
0.307922,-0.719352
0.307898,-0.719829
0.307874,-0.720306
0.307851,-0.720782
0.307827,-0.721259
0.307803,-0.721736
0.307779,-0.722213
0.307755,-0.722689
0.307731,-0.723166
0.307707,-0.723643
0.307683,-0.724119
0.307659,-0.724596
0.307635,-0.725073
0.307611,-0.725549
0.307587,-0.726026
0.307563,-0.726503
0.307539,-0.726979
0.307515,-0.727456
0.307491,-0.727933
0.307467,-0.72841
0.307443,-0.728886
0.307419,-0.729363
0.307395,-0.72984
0.307371,-0.730316
0.307347,-0.730793
0.307323,-0.73127
0.307299,-0.731746
0.307275,-0.732223
0.307251,-0.7327
0.307227,-0.733176
0.307203,-0.733653
0.307179,-0.73413
0.307155,-0.734607
0.307131,-0.735083
0.307107,-0.73556
0.307083,-0.736037
0.307059,-0.736513
0.307035,-0.73699
0.307011,-0.737467
0.306987,-0.737943
0.306963,-0.73842
0.306939,-0.738897
0.306915,-0.739374
0.306891,-0.73985
0.306867,-0.740327
0.306844,-0.740804
0.30682,-0.74128
0.306796,-0.741757
0.306772,-0.742234
0.306748,-0.74271
0.306724,-0.743187
0.3067,-0.743664
0.306676,-0.74414
0.306652,-0.744617
0.307823,-0.743884
0.308994,-0.743152
0.310165,-0.742419
0.311337,-0.741686
0.312508,-0.740953
0.313679,-0.74022
0.31485,-0.739488
0.316021,-0.738755
0.317193,-0.738022
0.318364,-0.737289
0.319535,-0.736557
0.320706,-0.735824
0.321878,-0.735091
0.323049,-0.734358
0.32422,-0.733625
0.325391,-0.732893
0.326562,-0.73216
0.327734,-0.731427
0.328905,-0.730694
0.330076,-0.729961
0.331247,-0.729229
0.332419,-0.728496
0.33359,-0.727763
0.334761,-0.72703
0.335932,-0.726298
0.337103,-0.725565
0.338275,-0.724832
0.339446,-0.724099
0.340617,-0.723366
0.341788,-0.722634
0.34296,-0.721901
0.344131,-0.721168
0.345302,-0.720435
0.346473,-0.719703
0.347644,-0.71897
0.348816,-0.718237
0.349987,-0.717504
0.351158,-0.716771
0.352329,-0.716039
0.353501,-0.715306
0.354672,-0.714573
0.355843,-0.71384
0.357014,-0.713107
0.358185,-0.712375
0.359357,-0.711642
0.360528,-0.710909
0.361699,-0.710176
0.36287,-0.709444
0.364042,-0.708711
0.365213,-0.707978
0.366384,-0.707245
0.367555,-0.706512
0.368726,-0.70578
0.369898,-0.705047
0.371069,-0.704314
0.37224,-0.703581
0.373411,-0.702849
0.374583,-0.702116
0.375754,-0.701383
0.376925,-0.70065
0.378096,-0.699917
0.379267,-0.699185
0.380439,-0.698452
0.38161,-0.697719
0.382781,-0.696986
0.383952,-0.696253
0.385124,-0.695521
0.386295,-0.694788
0.387466,-0.694055
0.388637,-0.693322
0.389808,-0.69259
0.39098,-0.691857
0.392151,-0.691124
0.393322,-0.690391
0.394493,-0.689658
0.395665,-0.688926
0.396836,-0.688193
0.398007,-0.68746
0.399178,-0.686727
0.400349,-0.685995
0.401521,-0.685262
0.402692,-0.684529
0.403863,-0.683796
0.405034,-0.683063
0.406206,-0.682331
0.407377,-0.681598
0.408548,-0.680865
0.409719,-0.680132
0.41089,-0.679399
0.412062,-0.678667
0.413233,-0.677934
0.414404,-0.677201
0.415575,-0.676468
0.416747,-0.675736
0.417918,-0.675003
0.419089,-0.67427
0.42026,-0.673537
0.421431,-0.672804
0.422603,-0.672072
0.423774,-0.671339
0.424945,-0.670606
0.426116,-0.669873
0.427288,-0.669141
0.428459,-0.668408
0.42963,-0.667675
0.430801,-0.666942
0.431972,-0.666209
0.433144,-0.665477
0.434315,-0.664744
0.435486,-0.664011
0.436657,-0.663278
0.437829,-0.662545
0.439,-0.661813
0.440171,-0.66108
0.441342,-0.660347
0.442513,-0.659614
0.443685,-0.658882
0.444856,-0.658149
0.446027,-0.657416
0.447198,-0.656683
0.44837,-0.65595
0.449541,-0.655218
0.450712,-0.654485
0.451883,-0.653752
0.453054,-0.653019
0.454226,-0.652287
0.455397,-0.651554
0.456568,-0.650821
0.457739,-0.650088
0.458911,-0.649355
0.460082,-0.648623
0.461253,-0.64789
0.462424,-0.647157
0.463595,-0.646424
0.464767,-0.645691
0.465938,-0.644959
0.467109,-0.644226
0.46828,-0.643493
0.469452,-0.64276
0.470623,-0.642028
0.471794,-0.641295
0.472965,-0.640562
0.474136,-0.639829
0.475308,-0.639096
0.476479,-0.638364
0.47765,-0.637631
0.478821,-0.636898
0.479993,-0.636165
0.481164,-0.635433
0.481647,-0.634801
0.48213,-0.634169
0.482613,-0.633537
0.483097,-0.632905
0.48358,-0.632273
0.484063,-0.631641
0.484546,-0.631009
0.485029,-0.630378
0.485513,-0.629746
0.485996,-0.629114
0.486479,-0.628482
0.486962,-0.62785
0.487445,-0.627218
0.487929,-0.626586
0.488412,-0.625955
0.488895,-0.625323
0.489378,-0.624691
0.489861,-0.624059
0.490345,-0.623427
0.490828,-0.622795
0.491311,-0.622163
0.491794,-0.621532
0.492277,-0.6209
0.492761,-0.620268
0.493244,-0.619636
0.493727,-0.619004
0.49421,-0.618372
0.494693,-0.61774
0.495177,-0.617108
0.49566,-0.616477
0.496143,-0.615845
0.496626,-0.615213
0.497109,-0.614581
0.497593,-0.613949
0.498076,-0.613317
0.498559,-0.612685
0.499042,-0.612054
0.499525,-0.611422
0.500009,-0.61079
0.500492,-0.610158
0.500975,-0.609526
0.501458,-0.608894
0.501941,-0.608262
0.502425,-0.607631
0.502908,-0.606999
0.503391,-0.606367
0.503874,-0.605735
0.504357,-0.605103
0.504841,-0.604471
0.505324,-0.603839
0.505807,-0.603207
0.50629,-0.602576
0.506773,-0.601944
0.507257,-0.601312
0.50774,-0.60068
0.508223,-0.600048
0.508706,-0.599416
0.509189,-0.598784
0.509673,-0.598153
0.510156,-0.597521
0.510639,-0.596889
0.511122,-0.596257
0.511605,-0.595625
0.512089,-0.594993
0.512572,-0.594361
0.513055,-0.59373
0.513538,-0.593098
0.514021,-0.592466
0.514505,-0.591834
0.514988,-0.591202
0.515471,-0.59057
0.515954,-0.589938
0.516437,-0.589306
0.516921,-0.588675
0.517404,-0.588043
0.517887,-0.587411
0.51837,-0.586779
0.518853,-0.586147
0.519336,-0.585515
0.51982,-0.584883
0.520303,-0.584252
0.520786,-0.58362
0.521269,-0.582988
0.521752,-0.582356
0.522236,-0.581724
0.522719,-0.581092
0.523202,-0.58046
0.523685,-0.579829
0.524168,-0.579197
0.524652,-0.578565
0.525135,-0.577933
0.525618,-0.577301
0.526101,-0.576669
0.526584,-0.576037
0.527068,-0.575405
0.527551,-0.574774
0.528034,-0.574142
0.528517,-0.57351
0.529,-0.572878
0.529484,-0.572246
0.529967,-0.571614
0.53045,-0.570982
0.530933,-0.570351
0.531416,-0.569719
0.5319,-0.569087
0.532383,-0.568455
0.532866,-0.567823
0.533349,-0.567191
0.533832,-0.566559
0.534316,-0.565928
0.534799,-0.565296
0.535282,-0.564664
0.535765,-0.564032
0.536248,-0.5634
0.536732,-0.562768
0.537215,-0.562136
0.537698,-0.561504
0.538181,-0.560873
0.538664,-0.560241
0.539148,-0.559609
0.539631,-0.558977
0.540114,-0.558345
0.540597,-0.557713
0.54108,-0.557081
0.541564,-0.55645
0.542047,-0.555818
0.54253,-0.555186
0.543013,-0.554554
0.543496,-0.553922
0.54398,-0.55329
0.544463,-0.552658
0.544946,-0.552027
0.545429,-0.551395
0.545912,-0.550763
0.546396,-0.550131
0.546879,-0.549499
0.547362,-0.548867
0.547845,-0.548235
0.548328,-0.547603
0.548812,-0.546972
0.549295,-0.54634
0.549778,-0.545708
0.550261,-0.545076
0.550744,-0.544444
0.551228,-0.543812
0.551711,-0.54318
0.552194,-0.542549
0.552677,-0.541917
0.55316,-0.541285
0.553644,-0.540653
0.553508,-0.539892
0.553372,-0.539131
0.553237,-0.53837
0.553101,-0.537609
0.552965,-0.536848
0.55283,-0.536087
0.552694,-0.535325
0.552558,-0.534564
0.552423,-0.533803
0.552287,-0.533042
0.552151,-0.532281
0.552016,-0.53152
0.55188,-0.530759
0.551744,-0.529998
0.551609,-0.529237
0.551473,-0.528476
0.551337,-0.527715
0.551202,-0.526954
0.551066,-0.526193
0.55093,-0.525432
0.550795,-0.52467
0.550659,-0.523909
0.550523,-0.523148
0.550388,-0.522387
0.550252,-0.521626
0.550116,-0.520865
0.549981,-0.520104
0.549845,-0.519343
0.54971,-0.518582
0.549574,-0.517821
0.549438,-0.51706
0.549303,-0.516299
0.549167,-0.515538
0.549031,-0.514777
0.548896,-0.514015
0.54876,-0.513254
0.548624,-0.512493
0.548489,-0.511732
0.548353,-0.510971
0.548217,-0.51021
0.548082,-0.509449
0.547946,-0.508688
0.54781,-0.507927
0.547675,-0.507166
0.547539,-0.506405
0.547403,-0.505644
0.547268,-0.504883
0.547132,-0.504122
0.546996,-0.50336
0.546861,-0.502599
0.546725,-0.501838
0.546589,-0.501077
0.546454,-0.500316
0.546318,-0.499555
0.546182,-0.498794
0.546047,-0.498033
0.545911,-0.497272
0.545775,-0.496511
0.54564,-0.49575
0.545504,-0.494989
0.545368,-0.494228
0.545233,-0.493467
0.545097,-0.492705
0.544961,-0.491944
0.544826,-0.491183
0.54469,-0.490422
0.544554,-0.489661
0.544419,-0.4889
0.544283,-0.488139
0.544148,-0.487378
0.544012,-0.486617
0.543876,-0.485856
0.543741,-0.485095
0.543605,-0.484334
0.543469,-0.483573
0.543334,-0.482811
0.543198,-0.48205
0.543062,-0.481289
0.542927,-0.480528
0.542791,-0.479767
0.542655,-0.479006
0.54252,-0.478245
0.542384,-0.477484
0.542248,-0.476723
0.542113,-0.475962
0.541977,-0.475201
0.541841,-0.47444
0.541706,-0.473679
0.54157,-0.472918
0.541434,-0.472156
0.541299,-0.471395
0.541163,-0.470634
0.541027,-0.469873
0.540892,-0.469112
0.540756,-0.468351
0.54062,-0.46759
0.540485,-0.466829
0.540349,-0.466068
0.540213,-0.465307
0.540078,-0.464546
0.539942,-0.463785
0.539806,-0.463024
0.539671,-0.462263
0.539535,-0.461501
0.539399,-0.46074
0.539264,-0.459979
0.539128,-0.459218
0.538992,-0.458457
0.538857,-0.457696
0.538721,-0.456935
0.538585,-0.456174
0.53845,-0.455413
0.538314,-0.454652
0.538179,-0.453891
0.538043,-0.45313
0.537907,-0.452369
0.537772,-0.451608
0.537636,-0.450846
0.5375,-0.450085
0.537365,-0.449324
0.537229,-0.448563
0.537093,-0.447802
0.536958,-0.447041
0.536822,-0.44628
0.536686,-0.445519
0.536551,-0.444758
0.536415,-0.443997
0.536279,-0.443236
0.536144,-0.442475
0.536008,-0.441714
0.535872,-0.440953
0.535737,-0.440191
0.535601,-0.43943
0.535465,-0.438669
0.53533,-0.437908
0.535194,-0.437147
0.535058,-0.436386
0.534923,-0.435625
0.534787,-0.434864
0.534651,-0.434103
0.534516,-0.433342
0.53438,-0.432581
0.534244,-0.43182
0.534109,-0.431059
0.533973,-0.430298
0.533837,-0.429536
0.533702,-0.428775
0.533566,-0.428014
0.53343,-0.427253
