O
15
1,0,-1,0.78,-0.5,0.75,0.0,0.0,0.0,0.3,0.4,0.02,0,0.8,False
2,0,-1,1.1,-0.5,0.93,0.0,0.0,0.0,0.02,0.4,0.2,0,0.8,False
3,0,-1,0.78,-0.5,1.11,0.0,0.0,0.0,0.3,0.4,0.02,0,0.8,False
4,0,-1,0.8,-0.92,0.93,0.0,0.0,0.0,0.32,0.02,0.2,0,0.8,False
5,0,-1,0.8,-0.08,0.93,0.0,0.0,0.0,0.32,0.02,0.2,0,0.8,False
6,2,0,0.61909656509491,-0.3761572381362462,0.8548267065494803,0.0,0.0,1.7430086714130986,0.03,0.03,0.16965341309896076,0.2998831681117661,0.850162804797116,False
7,2,0,0.7397341176787312,-0.6607874120229374,0.8450000000000001,0.0,0.0,2.665538200867089,0.054815034253962225,0.054815034253962225,0.15,0.24830865101181482,1.0357460343203748,False
8,0,0,0.9254410772460389,-0.34222152275638895,0.86,0.0,0.0,5.3449886453704405,0.06630874516676635,0.04567900040975549,0.09,0.07270012169572726,1.172731110188252,False
9,0,0,0.9010034849329231,-0.8128617791956527,0.86,0.0,0.0,1.9523390775449476,0.03090406997410787,0.03,0.09,0.23584734241935396,1.0595698033786716,False
10,0,0,0.9909785890281815,-0.6752117219188046,0.8817433771028851,0.0,0.0,1.1279328886707278,0.06847353261605642,0.0404874745734977,0.1117433771028851,0.10971024477924907,1.090706123510459,False
11,2,1,0.7779799413410599,-0.4393043397599968,0.8450000000000001,0.0,0.0,0.2249992479223449,0.034117808762285436,0.034117808762285436,0.15,0.13402529913292544,1.1373473217980423,True
12,0,1,0.6080240200311504,-0.5811461006664868,0.9004700502323156,0.0,0.0,4.965048217078816,0.03,0.03,0.1304700502323156,0.49603151349026314,1.0163576633942735,True
13,0,1,0.7087334840778963,-0.2529438031698298,0.86,0.0,0.0,5.941766234017118,0.03,0.03,0.09,0.42203193511904297,1.0509684301935907,True
14,2,1,0.5750134326436168,-0.7324913860231543,0.8450000000000001,0.0,0.0,6.1250301514666585,0.05604988629597307,0.05604988629597307,0.15,0.1067472386814261,1.0369871992966662,True
15,0,1,0.8459312918691364,-0.17093493251841707,0.8712453950731817,0.0,0.0,1.24090390757336,0.03,0.06787899992240193,0.10124539507318167,0.017304923922834226,1.170858099039282,True
R
0.0,0.0,0.0,0.0,0.0,0.0,1.0
S
8
torso_lift_joint,0
r_shoulder_pan_joint,-1.69017
r_shoulder_lift_joint,-0.0788625
r_upper_arm_roll_joint,-1.69017
r_elbow_flex_joint,-1.2717
r_forearm_roll_joint,-0.151824
r_wrist_flex_joint,-1.25254
r_wrist_roll_joint,0.675062
G
0.554463,-0.414204,0.854827,0.532037,-0,0
ooi
6
A
599
0.310248,-0.673113
0.311016,-0.672893
0.311783,-0.672672
0.31255,-0.672451
0.313318,-0.672231
0.314085,-0.67201
0.314853,-0.67179
0.31562,-0.671569
0.316387,-0.671349
0.317155,-0.671128
0.317922,-0.670907
0.318689,-0.670687
0.319457,-0.670466
0.320224,-0.670246
0.320992,-0.670025
0.321759,-0.669805
0.322526,-0.669584
0.323294,-0.669363
0.324061,-0.669143
0.324829,-0.668922
0.325596,-0.668702
0.326363,-0.668481
0.327131,-0.668261
0.327898,-0.66804
0.328666,-0.66782
0.329433,-0.667599
0.3302,-0.667378
0.330968,-0.667158
0.331735,-0.666937
0.332503,-0.666717
0.33327,-0.666496
0.334037,-0.666276
0.334805,-0.666055
0.335572,-0.665834
0.33634,-0.665614
0.337107,-0.665393
0.337874,-0.665173
0.338642,-0.664952
0.339409,-0.664732
0.340176,-0.664511
0.340944,-0.66429
0.341711,-0.66407
0.342479,-0.663849
0.343246,-0.663629
0.344013,-0.663408
0.344781,-0.663188
0.345548,-0.662967
0.346316,-0.662746
0.347083,-0.662526
0.34785,-0.662305
0.348618,-0.662085
0.349385,-0.661864
0.350153,-0.661644
0.35092,-0.661423
0.351687,-0.661203
0.352455,-0.660982
0.353222,-0.660761
0.35399,-0.660541
0.354757,-0.66032
0.355524,-0.6601
0.356292,-0.659879
0.357059,-0.659659
0.357826,-0.659438
0.358594,-0.659217
0.359361,-0.658997
0.360129,-0.658776
0.360896,-0.658556
0.361663,-0.658335
0.362431,-0.658115
0.363198,-0.657894
0.363966,-0.657673
0.364733,-0.657453
0.3655,-0.657232
0.366268,-0.657012
0.367035,-0.656791
0.367803,-0.656571
0.36857,-0.65635
0.369337,-0.65613
0.370105,-0.655909
0.370872,-0.655688
0.37164,-0.655468
0.372407,-0.655247
0.373174,-0.655027
0.373942,-0.654806
0.374709,-0.654586
0.375477,-0.654365
0.376244,-0.654144
0.377011,-0.653924
0.377779,-0.653703
0.378546,-0.653483
0.379313,-0.653262
0.380081,-0.653042
0.380848,-0.652821
0.381616,-0.6526
0.382383,-0.65238
0.38315,-0.652159
0.383918,-0.651939
0.384685,-0.651718
0.385453,-0.651498
0.38622,-0.651277
0.386987,-0.651057
0.387755,-0.650836
0.388522,-0.650615
0.38929,-0.650395
0.390057,-0.650174
0.390824,-0.649954
0.391592,-0.649733
0.392359,-0.649513
0.393127,-0.649292
0.393894,-0.649071
0.394661,-0.648851
0.395429,-0.64863
0.396196,-0.64841
0.396963,-0.648189
0.397731,-0.647969
0.398498,-0.647748
0.399266,-0.647527
0.400033,-0.647307
0.4008,-0.647086
0.401568,-0.646866
0.402335,-0.646645
0.403103,-0.646425
0.40387,-0.646204
0.404637,-0.645984
0.405405,-0.645763
0.406172,-0.645542
0.40694,-0.645322
0.407707,-0.645101
0.408474,-0.644881
0.409242,-0.64466
0.410009,-0.64444
0.410777,-0.644219
0.411544,-0.643998
0.412311,-0.643778
0.413079,-0.643557
0.413846,-0.643337
0.414613,-0.643116
0.415381,-0.642896
0.416148,-0.642675
0.416916,-0.642454
0.417683,-0.642234
0.41845,-0.642013
0.419218,-0.641793
0.419985,-0.641572
0.420753,-0.641352
0.42152,-0.641131
0.422287,-0.640911
0.423055,-0.64069
0.423822,-0.640469
0.42459,-0.640249
0.425357,-0.640028
0.425688,-0.639594
0.42602,-0.639159
0.426351,-0.638725
0.426682,-0.638291
0.427014,-0.637856
0.427345,-0.637422
0.427676,-0.636987
0.428008,-0.636553
0.428339,-0.636119
0.42867,-0.635684
0.429002,-0.63525
0.429333,-0.634815
0.429664,-0.634381
0.429996,-0.633947
0.430327,-0.633512
0.430658,-0.633078
0.43099,-0.632643
0.431321,-0.632209
0.431652,-0.631775
0.431984,-0.63134
0.432315,-0.630906
0.432646,-0.630471
0.432978,-0.630037
0.433309,-0.629603
0.43364,-0.629168
0.433972,-0.628734
0.434303,-0.628299
0.434634,-0.627865
0.434966,-0.62743
0.435297,-0.626996
0.435629,-0.626562
0.43596,-0.626127
0.436291,-0.625693
0.436623,-0.625258
0.436954,-0.624824
0.437285,-0.62439
0.437617,-0.623955
0.437948,-0.623521
0.438279,-0.623086
0.438611,-0.622652
0.438942,-0.622218
0.439273,-0.621783
0.439605,-0.621349
0.439936,-0.620914
0.440267,-0.62048
0.440599,-0.620046
0.44093,-0.619611
0.441261,-0.619177
0.441593,-0.618742
0.441924,-0.618308
0.442255,-0.617874
0.442587,-0.617439
0.442918,-0.617005
0.443249,-0.61657
0.443581,-0.616136
0.443912,-0.615702
0.444243,-0.615267
0.444575,-0.614833
0.444906,-0.614398
0.445237,-0.613964
0.445569,-0.613529
0.4459,-0.613095
0.446231,-0.612661
0.446563,-0.612226
0.446894,-0.611792
0.447225,-0.611357
0.447557,-0.610923
0.447888,-0.610489
0.448219,-0.610054
0.448551,-0.60962
0.448882,-0.609185
0.449213,-0.608751
0.449545,-0.608317
0.449876,-0.607882
0.450207,-0.607448
0.450539,-0.607013
0.45087,-0.606579
0.451201,-0.606145
0.451533,-0.60571
0.451864,-0.605276
0.452195,-0.604841
0.452527,-0.604407
0.452858,-0.603973
0.453189,-0.603538
0.453521,-0.603104
0.453852,-0.602669
0.454184,-0.602235
0.454515,-0.601801
0.454846,-0.601366
0.455178,-0.600932
0.455509,-0.600497
0.45584,-0.600063
0.456172,-0.599628
0.456503,-0.599194
0.456834,-0.59876
0.457166,-0.598325
0.457497,-0.597891
0.457828,-0.597456
0.45816,-0.597022
0.458491,-0.596588
0.458822,-0.596153
0.459154,-0.595719
0.459485,-0.595284
0.459816,-0.59485
0.460148,-0.594416
0.460479,-0.593981
0.46081,-0.593547
0.461142,-0.593112
0.461473,-0.592678
0.461804,-0.592244
0.462136,-0.591809
0.462467,-0.591375
0.462798,-0.59094
0.46313,-0.590506
0.463461,-0.590072
0.463792,-0.589637
0.464124,-0.589203
0.464455,-0.588768
0.464786,-0.588334
0.465118,-0.5879
0.465449,-0.587465
0.46578,-0.587031
0.466112,-0.586596
0.466443,-0.586162
0.466774,-0.585727
0.467106,-0.585293
0.467437,-0.584859
0.467768,-0.584424
0.4681,-0.58399
0.468431,-0.583555
0.468762,-0.583121
0.469094,-0.582687
0.469425,-0.582252
0.469756,-0.581818
0.470088,-0.581383
0.470419,-0.580949
0.47075,-0.580515
0.471082,-0.58008
0.471413,-0.579646
0.471744,-0.579211
0.472076,-0.578777
0.472407,-0.578343
0.472739,-0.577908
0.47307,-0.577474
0.473401,-0.577039
0.473733,-0.576605
0.474064,-0.576171
0.474395,-0.575736
0.474727,-0.575302
0.474348,-0.574942
0.47397,-0.574582
0.473592,-0.574222
0.473214,-0.573863
0.472836,-0.573503
0.472458,-0.573143
0.472079,-0.572783
0.471701,-0.572423
0.471323,-0.572064
0.470945,-0.571704
0.470567,-0.571344
0.470189,-0.570984
0.46981,-0.570625
0.469432,-0.570265
0.469054,-0.569905
0.468676,-0.569545
0.468298,-0.569185
0.46792,-0.568826
0.467541,-0.568466
0.467163,-0.568106
0.466785,-0.567746
0.466407,-0.567387
0.466029,-0.567027
0.465651,-0.566667
0.465272,-0.566307
0.464894,-0.565947
0.464516,-0.565588
0.464138,-0.565228
0.46376,-0.564868
0.463382,-0.564508
0.463003,-0.564149
0.462625,-0.563789
0.462247,-0.563429
0.461869,-0.563069
0.461491,-0.562709
0.461112,-0.56235
0.460734,-0.56199
0.460356,-0.56163
0.459978,-0.56127
0.4596,-0.560911
0.459222,-0.560551
0.458843,-0.560191
0.458465,-0.559831
0.458087,-0.559471
0.457709,-0.559112
0.457331,-0.558752
0.456953,-0.558392
0.456574,-0.558032
0.456196,-0.557673
0.455818,-0.557313
0.45544,-0.556953
0.455062,-0.556593
0.454684,-0.556233
0.454305,-0.555874
0.453927,-0.555514
0.453549,-0.555154
0.453171,-0.554794
0.452793,-0.554435
0.452415,-0.554075
0.452036,-0.553715
0.451658,-0.553355
0.45128,-0.552995
0.450902,-0.552636
0.450524,-0.552276
0.450146,-0.551916
0.449767,-0.551556
0.449389,-0.551197
0.449011,-0.550837
0.448633,-0.550477
0.448255,-0.550117
0.447877,-0.549757
0.447498,-0.549398
0.44712,-0.549038
0.446742,-0.548678
0.446364,-0.548318
0.445986,-0.547959
0.445608,-0.547599
0.445229,-0.547239
0.444851,-0.546879
0.444473,-0.546519
0.444095,-0.54616
0.443717,-0.5458
0.443339,-0.54544
0.44296,-0.54508
0.442582,-0.544721
0.442204,-0.544361
0.441826,-0.544001
0.441448,-0.543641
0.44107,-0.543281
0.440691,-0.542922
0.440313,-0.542562
0.439935,-0.542202
0.439557,-0.541842
0.439179,-0.541483
0.438801,-0.541123
0.438422,-0.540763
0.438044,-0.540403
0.437666,-0.540043
0.437288,-0.539684
0.43691,-0.539324
0.436532,-0.538964
0.436153,-0.538604
0.435775,-0.538244
0.435397,-0.537885
0.435019,-0.537525
0.434641,-0.537165
0.434263,-0.536805
0.433884,-0.536446
0.433506,-0.536086
0.433128,-0.535726
0.43275,-0.535366
0.432372,-0.535006
0.431994,-0.534647
0.431615,-0.534287
0.431237,-0.533927
0.430859,-0.533567
0.430481,-0.533208
0.430103,-0.532848
0.429725,-0.532488
0.429346,-0.532128
0.428968,-0.531768
0.42859,-0.531409
0.428212,-0.531049
0.427834,-0.530689
0.427456,-0.530329
0.427077,-0.52997
0.426699,-0.52961
0.426321,-0.52925
0.425943,-0.52889
0.425565,-0.52853
0.425187,-0.528171
0.424808,-0.527811
0.42443,-0.527451
0.424052,-0.527091
0.423674,-0.526732
0.423296,-0.526372
0.422918,-0.526012
0.422539,-0.525652
0.422161,-0.525292
0.421783,-0.524933
0.421405,-0.524573
0.421027,-0.524213
0.420648,-0.523853
0.42027,-0.523494
0.419892,-0.523134
0.419514,-0.522774
0.419136,-0.522414
0.418758,-0.522054
0.418379,-0.521695
0.418001,-0.521335
0.418917,-0.520616
0.419833,-0.519897
0.420749,-0.519178
0.421665,-0.518459
0.422581,-0.51774
0.423496,-0.517021
0.424412,-0.516302
0.425328,-0.515583
0.426244,-0.514864
0.42716,-0.514145
0.428076,-0.513426
0.428992,-0.512707
0.429907,-0.511988
0.430823,-0.511269
0.431739,-0.51055
0.432655,-0.509831
0.433571,-0.509112
0.434487,-0.508393
0.435403,-0.507674
0.436318,-0.506955
0.437234,-0.506236
0.43815,-0.505517
0.439066,-0.504798
0.439982,-0.504079
0.440898,-0.50336
0.441813,-0.502641
0.442729,-0.501922
0.443645,-0.501203
0.444561,-0.500484
0.445477,-0.499765
0.446393,-0.499046
0.447309,-0.498327
0.448224,-0.497608
0.44914,-0.496889
0.450056,-0.49617
0.450972,-0.495451
0.451888,-0.494732
0.452804,-0.494013
0.45372,-0.493294
0.454635,-0.492575
0.455551,-0.491856
0.456467,-0.491137
0.457383,-0.490418
0.458299,-0.489699
0.459215,-0.48898
0.460131,-0.488261
0.461046,-0.487542
0.461962,-0.486823
0.462878,-0.486104
0.463794,-0.485385
0.46471,-0.484666
0.465626,-0.483947
0.466542,-0.483228
0.467457,-0.482509
0.468373,-0.48179
0.469289,-0.481071
0.470205,-0.480352
0.471121,-0.479633
0.472037,-0.478914
0.472952,-0.478195
0.473868,-0.477476
0.474784,-0.476757
0.4757,-0.476038
0.476616,-0.475319
0.477532,-0.4746
0.478448,-0.473881
0.479363,-0.473162
0.480279,-0.472443
0.481195,-0.471724
0.482111,-0.471005
0.483027,-0.470286
0.483943,-0.469567
0.484859,-0.468848
0.485774,-0.468129
0.48669,-0.46741
0.487606,-0.466691
0.488522,-0.465972
0.489438,-0.465253
0.490354,-0.464534
0.49127,-0.463815
0.492185,-0.463096
0.493101,-0.462377
0.494017,-0.461658
0.494933,-0.460939
0.495849,-0.46022
0.496765,-0.459501
0.497681,-0.458782
0.498596,-0.458063
0.499512,-0.457344
0.500428,-0.456625
0.501344,-0.455906
0.50226,-0.455187
0.503176,-0.454468
0.504091,-0.453749
0.505007,-0.45303
0.505923,-0.452311
0.506839,-0.451592
0.507755,-0.450873
0.508671,-0.450154
0.509587,-0.449435
0.510502,-0.448716
0.511418,-0.447997
0.512334,-0.447278
0.51325,-0.446559
0.514166,-0.44584
0.515082,-0.445121
0.515998,-0.444402
0.516913,-0.443683
0.517829,-0.442964
0.518745,-0.442245
0.519661,-0.441526
0.520577,-0.440807
0.521493,-0.440088
0.522409,-0.439369
0.523324,-0.43865
0.52424,-0.437931
0.525156,-0.437212
0.526072,-0.436493
0.526988,-0.435774
0.527904,-0.435055
0.52882,-0.434336
0.529735,-0.433617
0.530651,-0.432898
0.531567,-0.432179
0.532483,-0.43146
0.533399,-0.430741
0.534315,-0.430022
0.53523,-0.429303
0.536146,-0.428584
0.537062,-0.427865
0.537978,-0.427146
0.538894,-0.426427
0.53981,-0.425708
0.540726,-0.424989
0.541641,-0.42427
0.542557,-0.423551
0.543473,-0.422832
0.544389,-0.422113
0.545305,-0.421394
0.546221,-0.420675
0.547137,-0.419956
0.548052,-0.419237
0.548968,-0.418518
0.549884,-0.417799
0.5508,-0.41708
0.551716,-0.416361
0.552632,-0.415642
0.553548,-0.414923
0.554463,-0.414204
