O
15
1,0,-1,0.78,-0.5,0.75,0.0,0.0,0.0,0.3,0.4,0.02,0,0.8,False
2,0,-1,1.1,-0.5,0.93,0.0,0.0,0.0,0.02,0.4,0.2,0,0.8,False
3,0,-1,0.78,-0.5,1.11,0.0,0.0,0.0,0.3,0.4,0.02,0,0.8,False
4,0,-1,0.8,-0.92,0.93,0.0,0.0,0.0,0.32,0.02,0.2,0,0.8,False
5,0,-1,0.8,-0.08,0.93,0.0,0.0,0.0,0.32,0.02,0.2,0,0.8,False
6,2,0,0.7998551976108832,-0.8188906358035966,0.8669678215752744,0.0,0.0,4.759099605967645,0.04557805687566168,0.04557805687566168,0.19393564315054873,0.23151498787162839,1.170684305403804,False
7,0,0,0.7473245649551926,-0.21666114748360532,0.86,0.0,0.0,5.777811881801654,0.044635705342162484,0.03,0.09,0.32339255154906704,0.8857917149124493,False
8,0,0,0.8974381756787914,-0.1710639951923062,0.8784860816254834,0.0,0.0,3.716087456842178,0.03,0.051760285009915634,0.10848608162548329,0.2457198290762757,1.1591103584923181,False
9,2,0,0.9891815245971287,-0.30052863374735994,0.8450000000000001,0.0,0.0,5.508463172227679,0.03,0.03,0.15,0.1523464503766344,1.0140606273373816,False
10,0,0,0.5682863467029229,-0.337141017609052,0.86,0.0,0.0,5.544734950478936,0.04690124683569327,0.0369252014718418,0.09,0.07463152913343768,1.0160151873850152,False
11,2,1,0.9351286873617288,-0.464316743752959,0.8450000000000001,0.0,0.0,4.045644770218816,0.04051233297430236,0.04051233297430236,0.15,0.4670703787781285,0.9351039756243551,True
12,0,1,0.995051670135936,-0.7414271656642755,0.8876975844132211,0.0,0.0,0.5930606858702115,0.038599786162915456,0.03550087755097021,0.11769758441322115,0.1431036306325637,1.123955698650112,True
13,0,1,0.7283312658502401,-0.6994408585486477,0.86,0.0,0.0,3.8850033670291606,0.05053164178674924,0.03,0.09,0.4135298194078857,1.0592199079558895,True
14,0,1,0.6967359521588701,-0.4645510630575211,0.86,0.0,0.0,2.1055765746200126,0.03,0.042918716238398005,0.09,0.2550683537207776,1.1816399290374107,True
15,2,1,0.5413998330080605,-0.5585267405903738,0.8450000000000001,0.0,0.0,2.6645570242110743,0.0310228895516341,0.0310228895516341,0.15,0.23505712124727496,1.1075236442866199,True
R
0.0,0.0,0.0,0.0,0.0,0.0,1.0
S
8
torso_lift_joint,0
r_shoulder_pan_joint,-1.69017
r_shoulder_lift_joint,-0.0788625
r_upper_arm_roll_joint,-1.69017
r_elbow_flex_joint,-1.2717
r_forearm_roll_joint,-0.151824
r_wrist_flex_joint,-1.25254
r_wrist_roll_joint,0.675062
G
0.506424,-0.405103,0.86,0.832346,-0,0
ooi
10
A
599
0.310248,-0.673113
0.310907,-0.67189
0.311567,-0.670667
0.312226,-0.669444
0.312885,-0.668221
0.313544,-0.666998
0.314203,-0.665775
0.314863,-0.664553
0.315522,-0.66333
0.316181,-0.662107
0.31684,-0.660884
0.3175,-0.659661
0.318159,-0.658438
0.318818,-0.657215
0.319477,-0.655992
0.320136,-0.654769
0.320796,-0.653546
0.321455,-0.652323
0.322114,-0.6511
0.322773,-0.649877
0.323433,-0.648654
0.324092,-0.647431
0.324751,-0.646208
0.32541,-0.644986
0.326069,-0.643763
0.326729,-0.64254
0.327388,-0.641317
0.328047,-0.640094
0.328706,-0.638871
0.329366,-0.637648
0.330025,-0.636425
0.330684,-0.635202
0.331343,-0.633979
0.332002,-0.632756
0.332662,-0.631533
0.333321,-0.63031
0.33398,-0.629087
0.334639,-0.627864
0.335299,-0.626642
0.335958,-0.625419
0.336617,-0.624196
0.337276,-0.622973
0.337935,-0.62175
0.338595,-0.620527
0.339254,-0.619304
0.339913,-0.618081
0.340572,-0.616858
0.341232,-0.615635
0.341891,-0.614412
0.34255,-0.613189
0.343209,-0.611966
0.343868,-0.610743
0.344528,-0.60952
0.345187,-0.608297
0.345846,-0.607075
0.346505,-0.605852
0.347165,-0.604629
0.347824,-0.603406
0.348483,-0.602183
0.349142,-0.60096
0.349801,-0.599737
0.350461,-0.598514
0.35112,-0.597291
0.351779,-0.596068
0.352438,-0.594845
0.353098,-0.593622
0.353757,-0.592399
0.354416,-0.591176
0.355075,-0.589953
0.355734,-0.58873
0.356394,-0.587508
0.357053,-0.586285
0.357712,-0.585062
0.358371,-0.583839
0.35903,-0.582616
0.35969,-0.581393
0.360349,-0.58017
0.361008,-0.578947
0.361667,-0.577724
0.362327,-0.576501
0.362986,-0.575278
0.363645,-0.574055
0.364304,-0.572832
0.364963,-0.571609
0.365623,-0.570386
0.366282,-0.569164
0.366941,-0.567941
0.3676,-0.566718
0.36826,-0.565495
0.368919,-0.564272
0.369578,-0.563049
0.370237,-0.561826
0.370896,-0.560603
0.371556,-0.55938
0.372215,-0.558157
0.372874,-0.556934
0.373533,-0.555711
0.374193,-0.554488
0.374852,-0.553265
0.375511,-0.552042
0.37617,-0.550819
0.376829,-0.549597
0.377489,-0.548374
0.378148,-0.547151
0.378807,-0.545928
0.379466,-0.544705
0.380126,-0.543482
0.380785,-0.542259
0.381444,-0.541036
0.382103,-0.539813
0.382762,-0.53859
0.383422,-0.537367
0.384081,-0.536144
0.38474,-0.534921
0.385399,-0.533698
0.386059,-0.532475
0.386718,-0.531252
0.387377,-0.53003
0.388036,-0.528807
0.388695,-0.527584
0.389355,-0.526361
0.390014,-0.525138
0.390673,-0.523915
0.391332,-0.522692
0.391992,-0.521469
0.392651,-0.520246
0.39331,-0.519023
0.393969,-0.5178
0.394628,-0.516577
0.395288,-0.515354
0.395947,-0.514131
0.396606,-0.512908
0.397265,-0.511686
0.397925,-0.510463
0.398584,-0.50924
0.399243,-0.508017
0.399902,-0.506794
0.400561,-0.505571
0.401221,-0.504348
0.40188,-0.503125
0.402539,-0.501902
0.403198,-0.500679
0.403857,-0.499456
0.404517,-0.498233
0.405176,-0.49701
0.405835,-0.495787
0.406494,-0.494564
0.407154,-0.493341
0.407813,-0.492119
0.408472,-0.490896
0.409131,-0.489673
0.410164,-0.489582
0.411198,-0.489492
0.412231,-0.489402
0.413264,-0.489311
0.414297,-0.489221
0.41533,-0.48913
0.416363,-0.48904
0.417397,-0.48895
0.41843,-0.488859
0.419463,-0.488769
0.420496,-0.488678
0.421529,-0.488588
0.422563,-0.488498
0.423596,-0.488407
0.424629,-0.488317
0.425662,-0.488227
0.426695,-0.488136
0.427728,-0.488046
0.428762,-0.487955
0.429795,-0.487865
0.430828,-0.487775
0.431861,-0.487684
0.432894,-0.487594
0.433928,-0.487504
0.434961,-0.487413
0.435994,-0.487323
0.437027,-0.487232
0.43806,-0.487142
0.439093,-0.487052
0.440127,-0.486961
0.44116,-0.486871
0.442193,-0.48678
0.443226,-0.48669
0.444259,-0.4866
0.445292,-0.486509
0.446326,-0.486419
0.447359,-0.486329
0.448392,-0.486238
0.449425,-0.486148
0.450458,-0.486057
0.451492,-0.485967
0.452525,-0.485877
0.453558,-0.485786
0.454591,-0.485696
0.455624,-0.485605
0.456657,-0.485515
0.457691,-0.485425
0.458724,-0.485334
0.459757,-0.485244
0.46079,-0.485154
0.461823,-0.485063
0.462856,-0.484973
0.46389,-0.484882
0.464923,-0.484792
0.465956,-0.484702
0.466989,-0.484611
0.468022,-0.484521
0.469056,-0.484431
0.470089,-0.48434
0.471122,-0.48425
0.472155,-0.484159
0.473188,-0.484069
0.474221,-0.483979
0.475255,-0.483888
0.476288,-0.483798
0.477321,-0.483707
0.478354,-0.483617
0.479387,-0.483527
0.480421,-0.483436
0.481454,-0.483346
0.482487,-0.483256
0.48352,-0.483165
0.484553,-0.483075
0.485586,-0.482984
0.48662,-0.482894
0.487653,-0.482804
0.488686,-0.482713
0.489719,-0.482623
0.490752,-0.482533
0.491785,-0.482442
0.492819,-0.482352
0.493852,-0.482261
0.494885,-0.482171
0.495918,-0.482081
0.496951,-0.48199
0.497985,-0.4819
0.499018,-0.481809
0.500051,-0.481719
0.501084,-0.481629
0.502117,-0.481538
0.50315,-0.481448
0.504184,-0.481358
0.505217,-0.481267
0.50625,-0.481177
0.507283,-0.481086
0.508316,-0.480996
0.509349,-0.480906
0.510383,-0.480815
0.511416,-0.480725
0.512449,-0.480635
0.513482,-0.480544
0.514515,-0.480454
0.515549,-0.480363
0.516582,-0.480273
0.517615,-0.480183
0.518648,-0.480092
0.519681,-0.480002
0.520714,-0.479911
0.521748,-0.479821
0.522781,-0.479731
0.523814,-0.47964
0.524847,-0.47955
0.52588,-0.47946
0.526914,-0.479369
0.527947,-0.479279
0.52898,-0.479188
0.530013,-0.479098
0.531046,-0.479008
0.532079,-0.478917
0.533113,-0.478827
0.534146,-0.478736
0.535179,-0.478646
0.536212,-0.478556
0.537245,-0.478465
0.538278,-0.478375
0.539312,-0.478285
0.540345,-0.478194
0.541378,-0.478104
0.542411,-0.478013
0.543444,-0.477923
0.544478,-0.477833
0.545511,-0.477742
0.546544,-0.477652
0.547577,-0.477562
0.54861,-0.477471
0.549643,-0.477381
0.550677,-0.47729
0.55171,-0.4772
0.552743,-0.47711
0.553776,-0.477019
0.554809,-0.476929
0.555843,-0.476838
0.556876,-0.476748
0.557909,-0.476658
0.558942,-0.476567
0.559975,-0.476477
0.561008,-0.476387
0.562042,-0.476296
0.563075,-0.476206
0.561836,-0.476542
0.560598,-0.476878
0.559359,-0.477214
0.558121,-0.477549
0.556883,-0.477885
0.555644,-0.478221
0.554406,-0.478557
0.553167,-0.478893
0.551929,-0.479229
0.55069,-0.479565
0.549452,-0.479901
0.548214,-0.480237
0.546975,-0.480573
0.545737,-0.480909
0.544498,-0.481245
0.54326,-0.48158
0.542022,-0.481916
0.540783,-0.482252
0.539545,-0.482588
0.538306,-0.482924
0.537068,-0.48326
0.535829,-0.483596
0.534591,-0.483932
0.533353,-0.484268
0.532114,-0.484604
0.530876,-0.48494
0.529637,-0.485275
0.528399,-0.485611
0.52716,-0.485947
0.525922,-0.486283
0.524684,-0.486619
0.523445,-0.486955
0.522207,-0.487291
0.520968,-0.487627
0.51973,-0.487963
0.518491,-0.488299
0.517253,-0.488635
0.516015,-0.488971
0.514776,-0.489306
0.513538,-0.489642
0.512299,-0.489978
0.511061,-0.490314
0.509822,-0.49065
0.508584,-0.490986
0.507346,-0.491322
0.506107,-0.491658
0.504869,-0.491994
0.50363,-0.49233
0.502392,-0.492666
0.501154,-0.493002
0.499915,-0.493337
0.498677,-0.493673
0.497438,-0.494009
0.4962,-0.494345
0.494961,-0.494681
0.493723,-0.495017
0.492485,-0.495353
0.491246,-0.495689
0.490008,-0.496025
0.488769,-0.496361
0.487531,-0.496697
0.486292,-0.497032
0.485054,-0.497368
0.483816,-0.497704
0.482577,-0.49804
0.481339,-0.498376
0.4801,-0.498712
0.478862,-0.499048
0.477623,-0.499384
0.476385,-0.49972
0.475147,-0.500056
0.473908,-0.500392
0.47267,-0.500728
0.471431,-0.501063
0.470193,-0.501399
0.468954,-0.501735
0.467716,-0.502071
0.466478,-0.502407
0.465239,-0.502743
0.464001,-0.503079
0.462762,-0.503415
0.461524,-0.503751
0.460285,-0.504087
0.459047,-0.504423
0.457809,-0.504759
0.45657,-0.505094
0.455332,-0.50543
0.454093,-0.505766
0.452855,-0.506102
0.451617,-0.506438
0.450378,-0.506774
0.44914,-0.50711
0.447901,-0.507446
0.446663,-0.507782
0.445424,-0.508118
0.444186,-0.508454
0.442948,-0.508789
0.441709,-0.509125
0.440471,-0.509461
0.439232,-0.509797
0.437994,-0.510133
0.436755,-0.510469
0.435517,-0.510805
0.434279,-0.511141
0.43304,-0.511477
0.431802,-0.511813
0.430563,-0.512149
0.429325,-0.512485
0.428086,-0.51282
0.426848,-0.513156
0.42561,-0.513492
0.424371,-0.513828
0.423133,-0.514164
0.421894,-0.5145
0.420656,-0.514836
0.419417,-0.515172
0.418179,-0.515508
0.416941,-0.515844
0.415702,-0.51618
0.414464,-0.516516
0.413225,-0.516851
0.411987,-0.517187
0.410748,-0.517523
0.40951,-0.517859
0.408272,-0.518195
0.407033,-0.518531
0.405795,-0.518867
0.404556,-0.519203
0.403318,-0.519539
0.40208,-0.519875
0.400841,-0.520211
0.399603,-0.520546
0.398364,-0.520882
0.397126,-0.521218
0.395887,-0.521554
0.394649,-0.52189
0.393411,-0.522226
0.392172,-0.522562
0.390934,-0.522898
0.389695,-0.523234
0.388457,-0.52357
0.387218,-0.523906
0.38598,-0.524242
0.384742,-0.524577
0.383503,-0.524913
0.382265,-0.525249
0.381026,-0.525585
0.379788,-0.525921
0.378549,-0.526257
0.377311,-0.526593
0.378178,-0.525778
0.379044,-0.524962
0.379911,-0.524147
0.380777,-0.523331
0.381644,-0.522516
0.38251,-0.521701
0.383377,-0.520885
0.384243,-0.52007
0.38511,-0.519255
0.385976,-0.518439
0.386843,-0.517624
0.387709,-0.516809
0.388576,-0.515993
0.389442,-0.515178
0.390309,-0.514362
0.391175,-0.513547
0.392042,-0.512732
0.392909,-0.511916
0.393775,-0.511101
0.394642,-0.510286
0.395508,-0.50947
0.396375,-0.508655
0.397241,-0.507839
0.398108,-0.507024
0.398974,-0.506209
0.399841,-0.505393
0.400707,-0.504578
0.401574,-0.503763
0.40244,-0.502947
0.403307,-0.502132
0.404173,-0.501317
0.40504,-0.500501
0.405906,-0.499686
0.406773,-0.49887
0.40764,-0.498055
0.408506,-0.49724
0.409373,-0.496424
0.410239,-0.495609
0.411106,-0.494794
0.411972,-0.493978
0.412839,-0.493163
0.413705,-0.492347
0.414572,-0.491532
0.415438,-0.490717
0.416305,-0.489901
0.417171,-0.489086
0.418038,-0.488271
0.418904,-0.487455
0.419771,-0.48664
0.420637,-0.485825
0.421504,-0.485009
0.42237,-0.484194
0.423237,-0.483378
0.424104,-0.482563
0.42497,-0.481748
0.425837,-0.480932
0.426703,-0.480117
0.42757,-0.479302
0.428436,-0.478486
0.429303,-0.477671
0.430169,-0.476856
0.431036,-0.47604
0.431902,-0.475225
0.432769,-0.474409
0.433635,-0.473594
0.434502,-0.472779
0.435368,-0.471963
0.436235,-0.471148
0.437101,-0.470333
0.437968,-0.469517
0.438835,-0.468702
0.439701,-0.467886
0.440568,-0.467071
0.441434,-0.466256
0.442301,-0.46544
0.443167,-0.464625
0.444034,-0.46381
0.4449,-0.462994
0.445767,-0.462179
0.446633,-0.461364
0.4475,-0.460548
0.448366,-0.459733
0.449233,-0.458917
0.450099,-0.458102
0.450966,-0.457287
0.451832,-0.456471
0.452699,-0.455656
0.453565,-0.454841
0.454432,-0.454025
0.455299,-0.45321
0.456165,-0.452394
0.457032,-0.451579
0.457898,-0.450764
0.458765,-0.449948
0.459631,-0.449133
0.460498,-0.448318
0.461364,-0.447502
0.462231,-0.446687
0.463097,-0.445872
0.463964,-0.445056
0.46483,-0.444241
0.465697,-0.443425
0.466563,-0.44261
0.46743,-0.441795
0.468296,-0.440979
0.469163,-0.440164
0.47003,-0.439349
0.470896,-0.438533
0.471763,-0.437718
0.472629,-0.436902
0.473496,-0.436087
0.474362,-0.435272
0.475229,-0.434456
0.476095,-0.433641
0.476962,-0.432826
0.477828,-0.43201
0.478695,-0.431195
0.479561,-0.43038
0.480428,-0.429564
0.481294,-0.428749
0.482161,-0.427933
0.483027,-0.427118
0.483894,-0.426303
0.48476,-0.425487
0.485627,-0.424672
0.486494,-0.423857
0.48736,-0.423041
0.488227,-0.422226
0.489093,-0.421411
0.48996,-0.420595
0.490826,-0.41978
0.491693,-0.418964
0.492559,-0.418149
0.493426,-0.417334
0.494292,-0.416518
0.495159,-0.415703
0.496025,-0.414888
0.496892,-0.414072
0.497758,-0.413257
0.498625,-0.412441
0.499491,-0.411626
0.500358,-0.410811
0.501225,-0.409995
0.502091,-0.40918
0.502958,-0.408365
0.503824,-0.407549
0.504691,-0.406734
0.505557,-0.405919
0.506424,-0.405103
