O
15
1,0,-1,0.78,-0.5,0.75,0.0,0.0,0.0,0.3,0.4,0.02,0,0.8,False
2,0,-1,1.1,-0.5,0.93,0.0,0.0,0.0,0.02,0.4,0.2,0,0.8,False
3,0,-1,0.78,-0.5,1.11,0.0,0.0,0.0,0.3,0.4,0.02,0,0.8,False
4,0,-1,0.8,-0.92,0.93,0.0,0.0,0.0,0.32,0.02,0.2,0,0.8,False
5,0,-1,0.8,-0.08,0.93,0.0,0.0,0.0,0.32,0.02,0.2,0,0.8,False
6,0,0,0.6730392422285758,-0.7944508892943134,0.8743262914401597,0.0,0.0,1.361751320029489,0.03,0.03,0.10432629144015973,0.23171701498901526,1.0695985633513576,False
7,2,0,0.7596932307547792,-0.4072625847986044,0.8450000000000001,0.0,0.0,3.442583499232528,0.061241228397527,0.061241228397527,0.15,0.025598512019912867,1.1257591791951425,False
8,2,0,0.5573598774375274,-0.1707768723545845,0.8450000000000001,0.0,0.0,3.4699391971043676,0.03,0.03,0.15,0.28329955500237153,0.9826983228545794,False
9,2,0,0.6502446972746566,-0.6105424048162527,0.8475547553653489,0.0,0.0,0.2643970967299974,0.03,0.03,0.15510951073069762,0.35603496968872933,1.1401885230701714,False
10,2,0,0.9574334125294113,-0.6112683627453678,0.8450000000000001,0.0,0.0,3.889451671344475,0.03,0.03,0.15,0.05736833987967127,1.132499767167353,False
11,2,1,0.8713065880194448,-0.21525482394408202,0.8450000000000001,0.0,0.0,5.292871460130166,0.06298611671566745,0.06298611671566745,0.15,0.45887580561620533,1.1863428229866038,True
12,2,1,1.013555777797792,-0.3521721865397004,0.8450000000000001,0.0,0.0,3.8972444383004827,0.03,0.03,0.15,0.30210039622850193,1.1310076453087516,True
13,2,1,0.8021570474816868,-0.6189702812839075,0.8493859304188927,0.0,0.0,2.5181597668641653,0.04424125077378485,0.04424125077378485,0.15877186083778524,0.03624455719014763,0.9181743925693907,True
14,2,1,0.7940412680383131,-0.7873855641289981,0.8450000000000001,0.0,0.0,5.9983467307018525,0.04913096171328337,0.04913096171328337,0.15,0.46539776971684765,1.1960553372416745,True
15,2,1,0.6542849980229849,-0.2738415658147172,0.8450000000000001,0.0,0.0,3.205277117550681,0.03,0.03,0.15,0.3143603240638813,1.0669296247452766,True
R
0.0,0.0,0.0,0.0,0.0,0.0,1.0
S
8
torso_lift_joint,0
r_shoulder_pan_joint,-1.69017
r_shoulder_lift_joint,-0.0788625
r_upper_arm_roll_joint,-1.69017
r_elbow_flex_joint,-1.2717
r_forearm_roll_joint,-0.151824
r_wrist_flex_joint,-1.25254
r_wrist_roll_joint,0.675062
G
0.599672,-0.778886,0.874326,2.93255,-3.14159,3.14159
ooi
6
A
599
0.310248,-0.673113
0.310058,-0.673756
0.309868,-0.674398
0.309677,-0.67504
0.309487,-0.675683
0.309297,-0.676325
0.309107,-0.676968
0.308917,-0.67761
0.308726,-0.678253
0.308536,-0.678895
0.308346,-0.679537
0.308156,-0.68018
0.307965,-0.680822
0.307775,-0.681465
0.307585,-0.682107
0.307395,-0.68275
0.307204,-0.683392
0.307014,-0.684035
0.306824,-0.684677
0.306634,-0.685319
0.306443,-0.685962
0.306253,-0.686604
0.306063,-0.687247
0.305873,-0.687889
0.305683,-0.688532
0.305492,-0.689174
0.305302,-0.689817
0.305112,-0.690459
0.304922,-0.691101
0.304731,-0.691744
0.304541,-0.692386
0.304351,-0.693029
0.304161,-0.693671
0.30397,-0.694314
0.30378,-0.694956
0.30359,-0.695599
0.3034,-0.696241
0.303209,-0.696883
0.303019,-0.697526
0.302829,-0.698168
0.302639,-0.698811
0.302449,-0.699453
0.302258,-0.700096
0.302068,-0.700738
0.301878,-0.701381
0.301688,-0.702023
0.301497,-0.702665
0.301307,-0.703308
0.301117,-0.70395
0.300927,-0.704593
0.300736,-0.705235
0.300546,-0.705878
0.300356,-0.70652
0.300166,-0.707162
0.299976,-0.707805
0.299785,-0.708447
0.299595,-0.70909
0.299405,-0.709732
0.299215,-0.710375
0.299024,-0.711017
0.298834,-0.71166
0.298644,-0.712302
0.298454,-0.712944
0.298263,-0.713587
0.298073,-0.714229
0.297883,-0.714872
0.297693,-0.715514
0.297502,-0.716157
0.297312,-0.716799
0.297122,-0.717442
0.296932,-0.718084
0.296742,-0.718726
0.296551,-0.719369
0.296361,-0.720011
0.296171,-0.720654
0.295981,-0.721296
0.29579,-0.721939
0.2956,-0.722581
0.29541,-0.723224
0.29522,-0.723866
0.295029,-0.724508
0.294839,-0.725151
0.294649,-0.725793
0.294459,-0.726436
0.294268,-0.727078
0.294078,-0.727721
0.293888,-0.728363
0.293698,-0.729006
0.293508,-0.729648
0.293317,-0.73029
0.293127,-0.730933
0.292937,-0.731575
0.292747,-0.732218
0.292556,-0.73286
0.292366,-0.733503
0.292176,-0.734145
0.291986,-0.734787
0.291795,-0.73543
0.291605,-0.736072
0.291415,-0.736715
0.291225,-0.737357
0.291034,-0.738
0.290844,-0.738642
0.290654,-0.739285
0.290464,-0.739927
0.290274,-0.740569
0.290083,-0.741212
0.289893,-0.741854
0.289703,-0.742497
0.289513,-0.743139
0.289322,-0.743782
0.289132,-0.744424
0.288942,-0.745067
0.288752,-0.745709
0.288561,-0.746351
0.288371,-0.746994
0.288181,-0.747636
0.287991,-0.748279
0.2878,-0.748921
0.28761,-0.749564
0.28742,-0.750206
0.28723,-0.750849
0.28704,-0.751491
0.286849,-0.752133
0.286659,-0.752776
0.286469,-0.753418
0.286279,-0.754061
0.286088,-0.754703
0.285898,-0.755346
0.285708,-0.755988
0.285518,-0.75663
0.285327,-0.757273
0.285137,-0.757915
0.284947,-0.758558
0.284757,-0.7592
0.284567,-0.759843
0.284376,-0.760485
0.284186,-0.761128
0.283996,-0.76177
0.283806,-0.762412
0.283615,-0.763055
0.283425,-0.763697
0.283235,-0.76434
0.283045,-0.764982
0.282854,-0.765625
0.282664,-0.766267
0.282474,-0.76691
0.282284,-0.767552
0.282093,-0.768194
0.281903,-0.768837
0.281713,-0.769479
0.281478,-0.769359
0.281244,-0.769238
0.281009,-0.769117
0.280775,-0.768997
0.28054,-0.768876
0.280305,-0.768755
0.280071,-0.768635
0.279836,-0.768514
0.279602,-0.768393
0.279367,-0.768273
0.279132,-0.768152
0.278898,-0.768031
0.278663,-0.767911
0.278429,-0.76779
0.278194,-0.767669
0.277959,-0.767549
0.277725,-0.767428
0.27749,-0.767307
0.277256,-0.767187
0.277021,-0.767066
0.276786,-0.766945
0.276552,-0.766825
0.276317,-0.766704
0.276083,-0.766583
0.275848,-0.766463
0.275613,-0.766342
0.275379,-0.766221
0.275144,-0.766101
0.27491,-0.76598
0.274675,-0.765859
0.27444,-0.765739
0.274206,-0.765618
0.273971,-0.765497
0.273737,-0.765377
0.273502,-0.765256
0.273267,-0.765136
0.273033,-0.765015
0.272798,-0.764894
0.272563,-0.764774
0.272329,-0.764653
0.272094,-0.764532
0.27186,-0.764412
0.271625,-0.764291
0.27139,-0.76417
0.271156,-0.76405
0.270921,-0.763929
0.270687,-0.763808
0.270452,-0.763688
0.270217,-0.763567
0.269983,-0.763446
0.269748,-0.763326
0.269514,-0.763205
0.269279,-0.763084
0.269044,-0.762964
0.26881,-0.762843
0.268575,-0.762722
0.268341,-0.762602
0.268106,-0.762481
0.267871,-0.76236
0.267637,-0.76224
0.267402,-0.762119
0.267168,-0.761998
0.266933,-0.761878
0.266698,-0.761757
0.266464,-0.761636
0.266229,-0.761516
0.265995,-0.761395
0.26576,-0.761274
0.265525,-0.761154
0.265291,-0.761033
0.265056,-0.760912
0.264822,-0.760792
0.264587,-0.760671
0.264352,-0.76055
0.264118,-0.76043
0.263883,-0.760309
0.263649,-0.760188
0.263414,-0.760068
0.263179,-0.759947
0.262945,-0.759826
0.26271,-0.759706
0.262476,-0.759585
0.262241,-0.759464
0.262006,-0.759344
0.261772,-0.759223
0.261537,-0.759102
0.261303,-0.758982
0.261068,-0.758861
0.260833,-0.75874
0.260599,-0.75862
0.260364,-0.758499
0.26013,-0.758378
0.259895,-0.758258
0.25966,-0.758137
0.259426,-0.758016
0.259191,-0.757896
0.258957,-0.757775
0.258722,-0.757654
0.258487,-0.757534
0.258253,-0.757413
0.258018,-0.757293
0.257784,-0.757172
0.257549,-0.757051
0.257314,-0.756931
0.25708,-0.75681
0.256845,-0.756689
0.256611,-0.756569
0.256376,-0.756448
0.256141,-0.756327
0.255907,-0.756207
0.255672,-0.756086
0.255438,-0.755965
0.255203,-0.755845
0.254968,-0.755724
0.254734,-0.755603
0.254499,-0.755483
0.254265,-0.755362
0.25403,-0.755241
0.253795,-0.755121
0.253561,-0.755
0.253326,-0.754879
0.253091,-0.754759
0.252857,-0.754638
0.252622,-0.754517
0.252388,-0.754397
0.252153,-0.754276
0.251918,-0.754155
0.251684,-0.754035
0.251449,-0.753914
0.251215,-0.753793
0.25098,-0.753673
0.250745,-0.753552
0.250511,-0.753431
0.250276,-0.753311
0.250042,-0.75319
0.249807,-0.753069
0.249572,-0.752949
0.249338,-0.752828
0.249103,-0.752707
0.248869,-0.752587
0.248634,-0.752466
0.248399,-0.752345
0.248165,-0.752225
0.24793,-0.752104
0.247696,-0.751983
0.247461,-0.751863
0.247226,-0.751742
0.246992,-0.751621
0.246757,-0.751501
0.247851,-0.751301
0.248945,-0.751101
0.250038,-0.750901
0.251132,-0.750701
0.252225,-0.750501
0.253319,-0.750301
0.254413,-0.750101
0.255506,-0.749901
0.2566,-0.749701
0.257694,-0.749501
0.258787,-0.749301
0.259881,-0.749101
0.260975,-0.748901
0.262068,-0.748701
0.263162,-0.748501
0.264256,-0.748301
0.265349,-0.748101
0.266443,-0.747901
0.267537,-0.747701
0.26863,-0.747501
0.269724,-0.747301
0.270817,-0.747101
0.271911,-0.746901
0.273005,-0.746701
0.274098,-0.746501
0.275192,-0.746301
0.276286,-0.746101
0.277379,-0.745901
0.278473,-0.745701
0.279567,-0.745501
0.28066,-0.745301
0.281754,-0.745101
0.282848,-0.744901
0.283941,-0.744701
0.285035,-0.744501
0.286129,-0.744302
0.287222,-0.744102
0.288316,-0.743902
0.289409,-0.743702
0.290503,-0.743502
0.291597,-0.743302
0.29269,-0.743102
0.293784,-0.742902
0.294878,-0.742702
0.295971,-0.742502
0.297065,-0.742302
0.298159,-0.742102
0.299252,-0.741902
0.300346,-0.741702
0.30144,-0.741502
0.302533,-0.741302
0.303627,-0.741102
0.30472,-0.740902
0.305814,-0.740702
0.306908,-0.740502
0.308001,-0.740302
0.309095,-0.740102
0.310189,-0.739902
0.311282,-0.739702
0.312376,-0.739502
0.31347,-0.739302
0.314563,-0.739102
0.315657,-0.738902
0.316751,-0.738702
0.317844,-0.738502
0.318938,-0.738302
0.320032,-0.738102
0.321125,-0.737902
0.322219,-0.737702
0.323312,-0.737502
0.324406,-0.737302
0.3255,-0.737102
0.326593,-0.736902
0.327687,-0.736702
0.328781,-0.736502
0.329874,-0.736302
0.330968,-0.736102
0.332062,-0.735902
0.333155,-0.735702
0.334249,-0.735502
0.335343,-0.735302
0.336436,-0.735102
0.33753,-0.734903
0.338624,-0.734703
0.339717,-0.734503
0.340811,-0.734303
0.341904,-0.734103
0.342998,-0.733903
0.344092,-0.733703
0.345185,-0.733503
0.346279,-0.733303
0.347373,-0.733103
0.348466,-0.732903
0.34956,-0.732703
0.350654,-0.732503
0.351747,-0.732303
0.352841,-0.732103
0.353935,-0.731903
0.355028,-0.731703
0.356122,-0.731503
0.357216,-0.731303
0.358309,-0.731103
0.359403,-0.730903
0.360496,-0.730703
0.36159,-0.730503
0.362684,-0.730303
0.363777,-0.730103
0.364871,-0.729903
0.365965,-0.729703
0.367058,-0.729503
0.368152,-0.729303
0.369246,-0.729103
0.370339,-0.728903
0.371433,-0.728703
0.372527,-0.728503
0.37362,-0.728303
0.374714,-0.728103
0.375808,-0.727903
0.376901,-0.727703
0.377995,-0.727503
0.379088,-0.727303
0.380182,-0.727103
0.381276,-0.726903
0.382369,-0.726703
0.383463,-0.726503
0.384557,-0.726303
0.38565,-0.726103
0.386744,-0.725903
0.387838,-0.725703
0.388931,-0.725504
0.390025,-0.725304
0.391119,-0.725104
0.392212,-0.724904
0.393306,-0.724704
0.3944,-0.724504
0.395493,-0.724304
0.396587,-0.724104
0.39768,-0.723904
0.398774,-0.723704
0.399868,-0.723504
0.400961,-0.723304
0.402055,-0.723104
0.403149,-0.722904
0.404242,-0.722704
0.405336,-0.722504
0.40643,-0.722304
0.407523,-0.722104
0.408617,-0.721904
0.409711,-0.721704
0.410804,-0.721504
0.412072,-0.721889
0.413339,-0.722274
0.414607,-0.722659
0.415874,-0.723044
0.417142,-0.72343
0.41841,-0.723815
0.419677,-0.7242
0.420945,-0.724585
0.422212,-0.72497
0.42348,-0.725355
0.424747,-0.72574
0.426015,-0.726125
0.427283,-0.72651
0.42855,-0.726896
0.429818,-0.727281
0.431085,-0.727666
0.432353,-0.728051
0.43362,-0.728436
0.434888,-0.728821
0.436156,-0.729206
0.437423,-0.729591
0.438691,-0.729977
0.439958,-0.730362
0.441226,-0.730747
0.442493,-0.731132
0.443761,-0.731517
0.445029,-0.731902
0.446296,-0.732287
0.447564,-0.732672
0.448831,-0.733057
0.450099,-0.733443
0.451366,-0.733828
0.452634,-0.734213
0.453902,-0.734598
0.455169,-0.734983
0.456437,-0.735368
0.457704,-0.735753
0.458972,-0.736138
0.460239,-0.736524
0.461507,-0.736909
0.462775,-0.737294
0.464042,-0.737679
0.46531,-0.738064
0.466577,-0.738449
0.467845,-0.738834
0.469112,-0.739219
0.47038,-0.739604
0.471648,-0.73999
0.472915,-0.740375
0.474183,-0.74076
0.47545,-0.741145
0.476718,-0.74153
0.477985,-0.741915
0.479253,-0.7423
0.480521,-0.742685
0.481788,-0.743071
0.483056,-0.743456
0.484323,-0.743841
0.485591,-0.744226
0.486858,-0.744611
0.488126,-0.744996
0.489394,-0.745381
0.490661,-0.745766
0.491929,-0.746151
0.493196,-0.746537
0.494464,-0.746922
0.495731,-0.747307
0.496999,-0.747692
0.498266,-0.748077
0.499534,-0.748462
0.500802,-0.748847
0.502069,-0.749232
0.503337,-0.749618
0.504604,-0.750003
0.505872,-0.750388
0.507139,-0.750773
0.508407,-0.751158
0.509675,-0.751543
0.510942,-0.751928
0.51221,-0.752313
0.513477,-0.752698
0.514745,-0.753084
0.516012,-0.753469
0.51728,-0.753854
0.518548,-0.754239
0.519815,-0.754624
0.521083,-0.755009
0.52235,-0.755394
0.523618,-0.755779
0.524885,-0.756165
0.526153,-0.75655
0.527421,-0.756935
0.528688,-0.75732
0.529956,-0.757705
0.531223,-0.75809
0.532491,-0.758475
0.533758,-0.75886
0.535026,-0.759245
0.536294,-0.759631
0.537561,-0.760016
0.538829,-0.760401
0.540096,-0.760786
0.541364,-0.761171
0.542631,-0.761556
0.543899,-0.761941
0.545167,-0.762326
0.546434,-0.762712
0.547702,-0.763097
0.548969,-0.763482
0.550237,-0.763867
0.551504,-0.764252
0.552772,-0.764637
0.55404,-0.765022
0.555307,-0.765407
0.556575,-0.765792
0.557842,-0.766178
0.55911,-0.766563
0.560377,-0.766948
0.561645,-0.767333
0.562913,-0.767718
0.56418,-0.768103
0.565448,-0.768488
0.566715,-0.768873
0.567983,-0.769259
0.56925,-0.769644
0.570518,-0.770029
0.571786,-0.770414
0.573053,-0.770799
0.574321,-0.771184
0.575588,-0.771569
0.576856,-0.771954
0.578123,-0.772339
0.579391,-0.772725
0.580658,-0.77311
0.581926,-0.773495
0.583194,-0.77388
0.584461,-0.774265
0.585729,-0.77465
0.586996,-0.775035
0.588264,-0.77542
0.589531,-0.775806
0.590799,-0.776191
0.592067,-0.776576
0.593334,-0.776961
0.594602,-0.777346
0.595869,-0.777731
0.597137,-0.778116
0.598404,-0.778501
0.599672,-0.778886
