O
15
1,0,-1,0.78,-0.5,0.75,0.0,0.0,0.0,0.3,0.4,0.02,0,0.8,False
2,0,-1,1.1,-0.5,0.93,0.0,0.0,0.0,0.02,0.4,0.2,0,0.8,False
3,0,-1,0.78,-0.5,1.11,0.0,0.0,0.0,0.3,0.4,0.02,0,0.8,False
4,0,-1,0.8,-0.92,0.93,0.0,0.0,0.0,0.32,0.02,0.2,0,0.8,False
5,0,-1,0.8,-0.08,0.93,0.0,0.0,0.0,0.32,0.02,0.2,0,0.8,False
6,0,0,0.5277666942729604,-0.3552137025979644,0.8916670238046136,0.0,0.0,2.414782376367906,0.03,0.07140372673748908,0.12166702380461357,0.15564609589847572,0.9092048946865215,False
7,0,0,0.7190427608294915,-0.749261441096792,0.86,0.0,0.0,0.04862206888510303,0.062230245229164656,0.04587214214164569,0.09,0.48774494836059346,0.8165821942791002,False
8,0,0,0.9067331757438455,-0.5206522315922506,0.8936542001555726,0.0,0.0,2.43089372184934,0.03,0.03,0.12365420015557259,0.29428657800907987,1.0399735078383767,False
9,0,0,0.7340525299255936,-0.44391441842822293,0.8741608539129598,0.0,0.0,4.785437187313738,0.03,0.03432926129568889,0.10416085391295984,0.0746425740598834,0.9507335814770941,False
10,0,0,0.8576625769416819,-0.827607577971353,0.8904169999112285,0.0,0.0,1.3295815962136281,0.050199609037487,0.04741158407163559,0.12041699991122848,0.23384990507314934,0.9569618174707861,False
11,2,1,0.9387612331160206,-0.21276863110891742,0.8515587843212273,0.0,0.0,5.409715480813304,0.03,0.03,0.16311756864245458,0.033357837823747016,1.0813125012776763,True
12,2,1,0.8009826258223398,-0.3099407197457398,0.8450000000000001,0.0,0.0,3.882735582939249,0.058484846027681496,0.058484846027681496,0.15,0.12190881399619924,0.9834246889621573,True
13,2,1,0.9015908956601344,-0.7077101837163958,0.8450000000000001,0.0,0.0,4.178118838125482,0.03,0.03,0.15,0.34315309118592147,0.9749805099195523,True
14,0,1,0.6722417145348968,-0.154077591615148,0.8989417916579057,0.0,0.0,3.981415756071825,0.03,0.03,0.12894179165790567,0.04894794161254645,0.9591048748832913,True
15,2,1,0.5830993534122695,-0.7113915411011275,0.8450000000000001,0.0,0.0,4.547060624280248,0.03,0.03,0.15,0.4593983861790033,0.8275665470092455,True
R
0.0,0.0,0.0,0.0,0.0,0.0,1.0
S
8
torso_lift_joint,0
r_shoulder_pan_joint,-1.69017
r_shoulder_lift_joint,-0.0788625
r_upper_arm_roll_joint,-1.69017
r_elbow_flex_joint,-1.2717
r_forearm_roll_joint,-0.151824
r_wrist_flex_joint,-1.25254
r_wrist_roll_joint,0.675062
G
0.450418,-0.442202,0.891667,0.843986,-0,0
ooi
6
A
599
0.310248,-0.673113
0.310448,-0.672292
0.310648,-0.671471
0.310849,-0.67065
0.311049,-0.669829
0.311249,-0.669008
0.311449,-0.668188
0.311649,-0.667367
0.311849,-0.666546
0.31205,-0.665725
0.31225,-0.664904
0.31245,-0.664083
0.31265,-0.663262
0.31285,-0.662441
0.31305,-0.66162
0.31325,-0.660799
0.313451,-0.659978
0.313651,-0.659157
0.313851,-0.658337
0.314051,-0.657516
0.314251,-0.656695
0.314451,-0.655874
0.314652,-0.655053
0.314852,-0.654232
0.315052,-0.653411
0.315252,-0.65259
0.315452,-0.651769
0.315652,-0.650948
0.315853,-0.650127
0.316053,-0.649307
0.316253,-0.648486
0.316453,-0.647665
0.316653,-0.646844
0.316853,-0.646023
0.317053,-0.645202
0.317254,-0.644381
0.317454,-0.64356
0.317654,-0.642739
0.317854,-0.641918
0.318054,-0.641097
0.318254,-0.640276
0.318455,-0.639456
0.318655,-0.638635
0.318855,-0.637814
0.319055,-0.636993
0.319255,-0.636172
0.319455,-0.635351
0.319655,-0.63453
0.319856,-0.633709
0.320056,-0.632888
0.320256,-0.632067
0.320456,-0.631246
0.320656,-0.630425
0.320856,-0.629605
0.321057,-0.628784
0.321257,-0.627963
0.321457,-0.627142
0.321657,-0.626321
0.321857,-0.6255
0.322057,-0.624679
0.322257,-0.623858
0.322458,-0.623037
0.322658,-0.622216
0.322858,-0.621395
0.323058,-0.620574
0.323258,-0.619754
0.323458,-0.618933
0.323659,-0.618112
0.323859,-0.617291
0.324059,-0.61647
0.324259,-0.615649
0.324459,-0.614828
0.324659,-0.614007
0.324859,-0.613186
0.32506,-0.612365
0.32526,-0.611544
0.32546,-0.610723
0.32566,-0.609903
0.32586,-0.609082
0.32606,-0.608261
0.326261,-0.60744
0.326461,-0.606619
0.326661,-0.605798
0.326861,-0.604977
0.327061,-0.604156
0.327261,-0.603335
0.327461,-0.602514
0.327662,-0.601693
0.327862,-0.600872
0.328062,-0.600052
0.328262,-0.599231
0.328462,-0.59841
0.328662,-0.597589
0.328863,-0.596768
0.329063,-0.595947
0.329263,-0.595126
0.329463,-0.594305
0.329663,-0.593484
0.329863,-0.592663
0.330063,-0.591842
0.330264,-0.591021
0.330464,-0.590201
0.330664,-0.58938
0.330864,-0.588559
0.331064,-0.587738
0.331264,-0.586917
0.331465,-0.586096
0.331665,-0.585275
0.331865,-0.584454
0.332065,-0.583633
0.332265,-0.582812
0.332465,-0.581991
0.332665,-0.58117
0.332866,-0.58035
0.333066,-0.579529
0.333266,-0.578708
0.333466,-0.577887
0.333666,-0.577066
0.333866,-0.576245
0.334067,-0.575424
0.334267,-0.574603
0.334467,-0.573782
0.334667,-0.572961
0.334867,-0.57214
0.335067,-0.571319
0.335267,-0.570499
0.335468,-0.569678
0.335668,-0.568857
0.335868,-0.568036
0.336068,-0.567215
0.336268,-0.566394
0.336468,-0.565573
0.336669,-0.564752
0.336869,-0.563931
0.337069,-0.56311
0.337269,-0.562289
0.337469,-0.561468
0.337669,-0.560648
0.337869,-0.559827
0.33807,-0.559006
0.33827,-0.558185
0.33847,-0.557364
0.33867,-0.556543
0.33887,-0.555722
0.33907,-0.554901
0.339271,-0.55408
0.339471,-0.553259
0.339671,-0.552438
0.339871,-0.551617
0.340071,-0.550797
0.340271,-0.549976
0.340911,-0.549567
0.341551,-0.549159
0.342191,-0.548751
0.342831,-0.548343
0.343471,-0.547935
0.344111,-0.547527
0.344751,-0.547118
0.345391,-0.54671
0.346031,-0.546302
0.346671,-0.545894
0.347311,-0.545486
0.347951,-0.545077
0.348591,-0.544669
0.349231,-0.544261
0.349871,-0.543853
0.350511,-0.543445
0.351151,-0.543036
0.351791,-0.542628
0.352431,-0.54222
0.353071,-0.541812
0.353711,-0.541404
0.354351,-0.540996
0.354991,-0.540587
0.355631,-0.540179
0.356271,-0.539771
0.356911,-0.539363
0.357551,-0.538955
0.358191,-0.538546
0.358831,-0.538138
0.359471,-0.53773
0.360111,-0.537322
0.360751,-0.536914
0.361391,-0.536506
0.362031,-0.536097
0.362671,-0.535689
0.363311,-0.535281
0.363951,-0.534873
0.364591,-0.534465
0.365231,-0.534056
0.365871,-0.533648
0.366511,-0.53324
0.367151,-0.532832
0.367791,-0.532424
0.368431,-0.532015
0.369071,-0.531607
0.369711,-0.531199
0.370351,-0.530791
0.370991,-0.530383
0.371631,-0.529975
0.372271,-0.529566
0.372911,-0.529158
0.373551,-0.52875
0.374191,-0.528342
0.374831,-0.527934
0.375471,-0.527525
0.376111,-0.527117
0.376751,-0.526709
0.377391,-0.526301
0.378031,-0.525893
0.378671,-0.525485
0.379311,-0.525076
0.379951,-0.524668
0.380591,-0.52426
0.381231,-0.523852
0.381871,-0.523444
0.382511,-0.523035
0.383151,-0.522627
0.383791,-0.522219
0.384431,-0.521811
0.385071,-0.521403
0.385711,-0.520994
0.386351,-0.520586
0.386991,-0.520178
0.387631,-0.51977
0.388271,-0.519362
0.388911,-0.518954
0.389551,-0.518545
0.390191,-0.518137
0.390831,-0.517729
0.391471,-0.517321
0.392111,-0.516913
0.392751,-0.516504
0.393391,-0.516096
0.394031,-0.515688
0.394671,-0.51528
0.39531,-0.514872
0.39595,-0.514463
0.39659,-0.514055
0.39723,-0.513647
0.39787,-0.513239
0.39851,-0.512831
0.39915,-0.512423
0.39979,-0.512014
0.40043,-0.511606
0.40107,-0.511198
0.40171,-0.51079
0.40235,-0.510382
0.40299,-0.509973
0.40363,-0.509565
0.40427,-0.509157
0.40491,-0.508749
0.40555,-0.508341
0.40619,-0.507933
0.40683,-0.507524
0.40747,-0.507116
0.40811,-0.506708
0.40875,-0.5063
0.40939,-0.505892
0.41003,-0.505483
0.41067,-0.505075
0.41131,-0.504667
0.41195,-0.504259
0.41259,-0.503851
0.41323,-0.503442
0.41387,-0.503034
0.41451,-0.502626
0.41515,-0.502218
0.41579,-0.50181
0.41643,-0.501402
0.41707,-0.500993
0.41771,-0.500585
0.41835,-0.500177
0.41899,-0.499769
0.41963,-0.499361
0.42027,-0.498952
0.42091,-0.498544
0.42155,-0.498136
0.42219,-0.497728
0.42283,-0.49732
0.42347,-0.496912
0.42411,-0.496503
0.42475,-0.496095
0.42539,-0.495687
0.42603,-0.495279
0.42667,-0.494871
0.42731,-0.494462
0.42795,-0.494054
0.42859,-0.493646
0.42923,-0.493238
0.42987,-0.49283
0.43051,-0.492421
0.43115,-0.492013
0.43179,-0.491605
0.43243,-0.491197
0.43307,-0.490789
0.43371,-0.490381
0.43435,-0.489972
0.43499,-0.489564
0.43563,-0.489156
0.435539,-0.489933
0.435448,-0.490711
0.435357,-0.491488
0.435266,-0.492266
0.435175,-0.493043
0.435084,-0.493821
0.434993,-0.494598
0.434901,-0.495375
0.43481,-0.496153
0.434719,-0.49693
0.434628,-0.497708
0.434537,-0.498485
0.434446,-0.499263
0.434355,-0.50004
0.434264,-0.500817
0.434173,-0.501595
0.434082,-0.502372
0.433991,-0.50315
0.4339,-0.503927
0.433809,-0.504705
0.433718,-0.505482
0.433627,-0.506259
0.433536,-0.507037
0.433445,-0.507814
0.433354,-0.508592
0.433263,-0.509369
0.433172,-0.510147
0.433081,-0.510924
0.432989,-0.511701
0.432898,-0.512479
0.432807,-0.513256
0.432716,-0.514034
0.432625,-0.514811
0.432534,-0.515589
0.432443,-0.516366
0.432352,-0.517143
0.432261,-0.517921
0.43217,-0.518698
0.432079,-0.519476
0.431988,-0.520253
0.431897,-0.521031
0.431806,-0.521808
0.431715,-0.522585
0.431624,-0.523363
0.431533,-0.52414
0.431442,-0.524918
0.431351,-0.525695
0.43126,-0.526473
0.431169,-0.52725
0.431077,-0.528027
0.430986,-0.528805
0.430895,-0.529582
0.430804,-0.53036
0.430713,-0.531137
0.430622,-0.531915
0.430531,-0.532692
0.43044,-0.533469
0.430349,-0.534247
0.430258,-0.535024
0.430167,-0.535802
0.430076,-0.536579
0.429985,-0.537357
0.429894,-0.538134
0.429803,-0.538911
0.429712,-0.539689
0.429621,-0.540466
0.42953,-0.541244
0.429439,-0.542021
0.429348,-0.542799
0.429257,-0.543576
0.429165,-0.544353
0.429074,-0.545131
0.428983,-0.545908
0.428892,-0.546686
0.428801,-0.547463
0.42871,-0.548241
0.428619,-0.549018
0.428528,-0.549795
0.428437,-0.550573
0.428346,-0.55135
0.428255,-0.552128
0.428164,-0.552905
0.428073,-0.553683
0.427982,-0.55446
0.427891,-0.555237
0.4278,-0.556015
0.427709,-0.556792
0.427618,-0.55757
0.427527,-0.558347
0.427436,-0.559125
0.427345,-0.559902
0.427253,-0.560679
0.427162,-0.561457
0.427071,-0.562234
0.42698,-0.563012
0.426889,-0.563789
0.426798,-0.564567
0.426707,-0.565344
0.426616,-0.566121
0.426525,-0.566899
0.426434,-0.567676
0.426343,-0.568454
0.426252,-0.569231
0.426161,-0.570009
0.42607,-0.570786
0.425979,-0.571563
0.425888,-0.572341
0.425797,-0.573118
0.425706,-0.573896
0.425615,-0.574673
0.425524,-0.575451
0.425433,-0.576228
0.425341,-0.577005
0.42525,-0.577783
0.425159,-0.57856
0.425068,-0.579338
0.424977,-0.580115
0.424886,-0.580893
0.424795,-0.58167
0.424704,-0.582447
0.424613,-0.583225
0.424522,-0.584002
0.424431,-0.58478
0.42434,-0.585557
0.424249,-0.586335
0.424158,-0.587112
0.424067,-0.587889
0.423976,-0.588667
0.423885,-0.589444
0.423794,-0.590222
0.423703,-0.590999
0.423612,-0.591777
0.423521,-0.592554
0.423429,-0.593331
0.423338,-0.594109
0.423247,-0.594886
0.423156,-0.595664
0.423065,-0.596441
0.422974,-0.597219
0.422883,-0.597996
0.422792,-0.598773
0.422701,-0.599551
0.42261,-0.600328
0.422519,-0.601106
0.422428,-0.601883
0.422337,-0.602661
0.422246,-0.603438
0.422155,-0.604215
0.422064,-0.604993
0.421973,-0.60577
0.422164,-0.604673
0.422355,-0.603575
0.422545,-0.602477
0.422736,-0.601379
0.422927,-0.600281
0.423118,-0.599184
0.423309,-0.598086
0.4235,-0.596988
0.423691,-0.59589
0.423882,-0.594793
0.424073,-0.593695
0.424264,-0.592597
0.424455,-0.591499
0.424645,-0.590401
0.424836,-0.589304
0.425027,-0.588206
0.425218,-0.587108
0.425409,-0.58601
0.4256,-0.584913
0.425791,-0.583815
0.425982,-0.582717
0.426173,-0.581619
0.426364,-0.580522
0.426554,-0.579424
0.426745,-0.578326
0.426936,-0.577228
0.427127,-0.57613
0.427318,-0.575033
0.427509,-0.573935
0.4277,-0.572837
0.427891,-0.571739
0.428082,-0.570642
0.428273,-0.569544
0.428464,-0.568446
0.428654,-0.567348
0.428845,-0.56625
0.429036,-0.565153
0.429227,-0.564055
0.429418,-0.562957
0.429609,-0.561859
0.4298,-0.560762
0.429991,-0.559664
0.430182,-0.558566
0.430373,-0.557468
0.430563,-0.55637
0.430754,-0.555273
0.430945,-0.554175
0.431136,-0.553077
0.431327,-0.551979
0.431518,-0.550882
0.431709,-0.549784
0.4319,-0.548686
0.432091,-0.547588
0.432282,-0.546491
0.432473,-0.545393
0.432663,-0.544295
0.432854,-0.543197
0.433045,-0.542099
0.433236,-0.541002
0.433427,-0.539904
0.433618,-0.538806
0.433809,-0.537708
0.434,-0.536611
0.434191,-0.535513
0.434382,-0.534415
0.434572,-0.533317
0.434763,-0.532219
0.434954,-0.531122
0.435145,-0.530024
0.435336,-0.528926
0.435527,-0.527828
0.435718,-0.526731
0.435909,-0.525633
0.4361,-0.524535
0.436291,-0.523437
0.436482,-0.522339
0.436672,-0.521242
0.436863,-0.520144
0.437054,-0.519046
0.437245,-0.517948
0.437436,-0.516851
0.437627,-0.515753
0.437818,-0.514655
0.438009,-0.513557
0.4382,-0.51246
0.438391,-0.511362
0.438582,-0.510264
0.438772,-0.509166
0.438963,-0.508068
0.439154,-0.506971
0.439345,-0.505873
0.439536,-0.504775
0.439727,-0.503677
0.439918,-0.50258
0.440109,-0.501482
0.4403,-0.500384
0.440491,-0.499286
0.440681,-0.498188
0.440872,-0.497091
0.441063,-0.495993
0.441254,-0.494895
0.441445,-0.493797
0.441636,-0.4927
0.441827,-0.491602
0.442018,-0.490504
0.442209,-0.489406
0.4424,-0.488308
0.442591,-0.487211
0.442781,-0.486113
0.442972,-0.485015
0.443163,-0.483917
0.443354,-0.48282
0.443545,-0.481722
0.443736,-0.480624
0.443927,-0.479526
0.444118,-0.478429
0.444309,-0.477331
0.4445,-0.476233
0.44469,-0.475135
0.444881,-0.474037
0.445072,-0.47294
0.445263,-0.471842
0.445454,-0.470744
0.445645,-0.469646
0.445836,-0.468549
0.446027,-0.467451
0.446218,-0.466353
0.446409,-0.465255
0.4466,-0.464157
0.44679,-0.46306
0.446981,-0.461962
0.447172,-0.460864
0.447363,-0.459766
0.447554,-0.458669
0.447745,-0.457571
0.447936,-0.456473
0.448127,-0.455375
0.448318,-0.454277
0.448509,-0.45318
0.4487,-0.452082
0.44889,-0.450984
0.449081,-0.449886
0.449272,-0.448789
0.449463,-0.447691
0.449654,-0.446593
0.449845,-0.445495
0.450036,-0.444397
0.450227,-0.4433
0.450418,-0.442202
