O
15
1,0,-1,0.78,-0.5,0.75,0.0,0.0,0.0,0.3,0.4,0.02,0,0.8,False
2,0,-1,1.1,-0.5,0.93,0.0,0.0,0.0,0.02,0.4,0.2,0,0.8,False
3,0,-1,0.78,-0.5,1.11,0.0,0.0,0.0,0.3,0.4,0.02,0,0.8,False
4,0,-1,0.8,-0.92,0.93,0.0,0.0,0.0,0.32,0.02,0.2,0,0.8,False
5,0,-1,0.8,-0.08,0.93,0.0,0.0,0.0,0.32,0.02,0.2,0,0.8,False
6,2,0,0.9949163741892735,-0.594048156121621,0.8450000000000001,0.0,0.0,3.6999216509494883,0.03,0.03,0.15,0.48447865404503737,1.1240731568470708,False
7,2,0,0.602178023477092,-0.3667724373473962,0.8450000000000001,0.0,0.0,0.8686080885365527,0.04067323496812577,0.04067323496812577,0.15,0.02173397146688566,0.991580091657952,False
8,2,0,0.7615903098364236,-0.3721629773923643,0.8450000000000001,0.0,0.0,4.701189207427786,0.03,0.03,0.15,0.42075575108868934,1.1358178549066265,False
9,2,0,0.7729702699630138,-0.2148012026364422,0.8678282636438801,0.0,0.0,3.8929099577381816,0.046383716495359266,0.046383716495359266,0.19565652728776028,0.15602033304886587,0.9694167781470608,False
10,2,0,0.5247254968102272,-0.8351338264360774,0.8450000000000001,0.0,0.0,1.7819642753330804,0.03,0.03,0.15,0.4607841476202146,1.0970913149554835,False
11,2,1,0.8363013544788461,-0.6616794884770445,0.8450000000000001,0.0,0.0,4.680402104868509,0.0799888490944372,0.0799888490944372,0.15,0.25122077649069535,1.0143110154023132,True
12,2,1,0.9167317760154781,-0.49093654027910916,0.8450000000000001,0.0,0.0,4.296330611976518,0.03252127183955255,0.03252127183955255,0.15,0.3336885130408393,1.0650868734390222,True
13,0,1,0.6522116726203379,-0.5090735425851622,0.9068588819657738,0.0,0.0,5.817096414186414,0.03258797049880256,0.03,0.13685888196577378,0.4834487294944586,0.8313440082069178,True
14,0,1,1.0260509773174271,-0.368698467632838,0.882494931203863,0.0,0.0,3.4887821622435062,0.03,0.031774757951082706,0.112494931203863,0.2404078559924992,1.0255396907679672,True
15,2,1,1.0055267311120184,-0.8442578556403652,0.8450000000000001,0.0,0.0,0.7250848155227626,0.03,0.03,0.15,0.02890573086982745,1.0782505943045835,True
R
0.0,0.0,0.0,0.0,0.0,0.0,1.0
S
8
torso_lift_joint,0
r_shoulder_pan_joint,-1.69017
r_shoulder_lift_joint,-0.0788625
r_upper_arm_roll_joint,-1.69017
r_elbow_flex_joint,-1.2717
r_forearm_roll_joint,-0.151824
r_wrist_flex_joint,-1.25254
r_wrist_roll_joint,0.675062
G
0.540897,-0.426644,0.845,0.773765,-0,0
ooi
7
A
599
0.310248,-0.673113
0.31109,-0.673246
0.311931,-0.673378
0.312773,-0.673511
0.313615,-0.673643
0.314456,-0.673776
0.315298,-0.673908
0.316139,-0.674041
0.316981,-0.674173
0.317822,-0.674306
0.318664,-0.674438
0.319506,-0.674571
0.320347,-0.674703
0.321189,-0.674836
0.32203,-0.674968
0.322872,-0.675101
0.323714,-0.675234
0.324555,-0.675366
0.325397,-0.675499
0.326238,-0.675631
0.32708,-0.675764
0.327922,-0.675896
0.328763,-0.676029
0.329605,-0.676161
0.330446,-0.676294
0.331288,-0.676426
0.332129,-0.676559
0.332971,-0.676691
0.333813,-0.676824
0.334654,-0.676956
0.335496,-0.677089
0.336337,-0.677221
0.337179,-0.677354
0.338021,-0.677487
0.338862,-0.677619
0.339704,-0.677752
0.340545,-0.677884
0.341387,-0.678017
0.342229,-0.678149
0.34307,-0.678282
0.343912,-0.678414
0.344753,-0.678547
0.345595,-0.678679
0.346436,-0.678812
0.347278,-0.678944
0.34812,-0.679077
0.348961,-0.679209
0.349803,-0.679342
0.350644,-0.679474
0.351486,-0.679607
0.352328,-0.679739
0.353169,-0.679872
0.354011,-0.680005
0.354852,-0.680137
0.355694,-0.68027
0.356536,-0.680402
0.357377,-0.680535
0.358219,-0.680667
0.35906,-0.6808
0.359902,-0.680932
0.360743,-0.681065
0.361585,-0.681197
0.362427,-0.68133
0.363268,-0.681462
0.36411,-0.681595
0.364951,-0.681727
0.365793,-0.68186
0.366635,-0.681992
0.367476,-0.682125
0.368318,-0.682258
0.369159,-0.68239
0.370001,-0.682523
0.370842,-0.682655
0.371684,-0.682788
0.372526,-0.68292
0.373367,-0.683053
0.374209,-0.683185
0.37505,-0.683318
0.375892,-0.68345
0.376734,-0.683583
0.377575,-0.683715
0.378417,-0.683848
0.379258,-0.68398
0.3801,-0.684113
0.380942,-0.684245
0.381783,-0.684378
0.382625,-0.68451
0.383466,-0.684643
0.384308,-0.684776
0.385149,-0.684908
0.385991,-0.685041
0.386833,-0.685173
0.387674,-0.685306
0.388516,-0.685438
0.389357,-0.685571
0.390199,-0.685703
0.391041,-0.685836
0.391882,-0.685968
0.392724,-0.686101
0.393565,-0.686233
0.394407,-0.686366
0.395249,-0.686498
0.39609,-0.686631
0.396932,-0.686763
0.397773,-0.686896
0.398615,-0.687029
0.399456,-0.687161
0.400298,-0.687294
0.40114,-0.687426
0.401981,-0.687559
0.402823,-0.687691
0.403664,-0.687824
0.404506,-0.687956
0.405348,-0.688089
0.406189,-0.688221
0.407031,-0.688354
0.407872,-0.688486
0.408714,-0.688619
0.409556,-0.688751
0.410397,-0.688884
0.411239,-0.689016
0.41208,-0.689149
0.412922,-0.689282
0.413763,-0.689414
0.414605,-0.689547
0.415447,-0.689679
0.416288,-0.689812
0.41713,-0.689944
0.417971,-0.690077
0.418813,-0.690209
0.419655,-0.690342
0.420496,-0.690474
0.421338,-0.690607
0.422179,-0.690739
0.423021,-0.690872
0.423863,-0.691004
0.424704,-0.691137
0.425546,-0.691269
0.426387,-0.691402
0.427229,-0.691534
0.42807,-0.691667
0.428912,-0.6918
0.429754,-0.691932
0.430595,-0.692065
0.431437,-0.692197
0.432278,-0.69233
0.43312,-0.692462
0.433962,-0.692595
0.434803,-0.692727
0.435645,-0.69286
0.436486,-0.692992
0.436593,-0.692257
0.436699,-0.691522
0.436806,-0.690787
0.436912,-0.690052
0.437018,-0.689317
0.437125,-0.688581
0.437231,-0.687846
0.437338,-0.687111
0.437444,-0.686376
0.43755,-0.685641
0.437657,-0.684906
0.437763,-0.684171
0.437869,-0.683435
0.437976,-0.6827
0.438082,-0.681965
0.438189,-0.68123
0.438295,-0.680495
0.438401,-0.67976
0.438508,-0.679025
0.438614,-0.678289
0.438721,-0.677554
0.438827,-0.676819
0.438933,-0.676084
0.43904,-0.675349
0.439146,-0.674614
0.439253,-0.673878
0.439359,-0.673143
0.439465,-0.672408
0.439572,-0.671673
0.439678,-0.670938
0.439785,-0.670203
0.439891,-0.669468
0.439997,-0.668732
0.440104,-0.667997
0.44021,-0.667262
0.440317,-0.666527
0.440423,-0.665792
0.440529,-0.665057
0.440636,-0.664322
0.440742,-0.663586
0.440849,-0.662851
0.440955,-0.662116
0.441061,-0.661381
0.441168,-0.660646
0.441274,-0.659911
0.441381,-0.659176
0.441487,-0.65844
0.441593,-0.657705
0.4417,-0.65697
0.441806,-0.656235
0.441912,-0.6555
0.442019,-0.654765
0.442125,-0.65403
0.442232,-0.653294
0.442338,-0.652559
0.442444,-0.651824
0.442551,-0.651089
0.442657,-0.650354
0.442764,-0.649619
0.44287,-0.648884
0.442976,-0.648148
0.443083,-0.647413
0.443189,-0.646678
0.443296,-0.645943
0.443402,-0.645208
0.443508,-0.644473
0.443615,-0.643738
0.443721,-0.643002
0.443828,-0.642267
0.443934,-0.641532
0.44404,-0.640797
0.444147,-0.640062
0.444253,-0.639327
0.44436,-0.638591
0.444466,-0.637856
0.444572,-0.637121
0.444679,-0.636386
0.444785,-0.635651
0.444892,-0.634916
0.444998,-0.634181
0.445104,-0.633445
0.445211,-0.63271
0.445317,-0.631975
0.445423,-0.63124
0.44553,-0.630505
0.445636,-0.62977
0.445743,-0.629035
0.445849,-0.628299
0.445955,-0.627564
0.446062,-0.626829
0.446168,-0.626094
0.446275,-0.625359
0.446381,-0.624624
0.446487,-0.623889
0.446594,-0.623153
0.4467,-0.622418
0.446807,-0.621683
0.446913,-0.620948
0.447019,-0.620213
0.447126,-0.619478
0.447232,-0.618743
0.447339,-0.618007
0.447445,-0.617272
0.447551,-0.616537
0.447658,-0.615802
0.447764,-0.615067
0.447871,-0.614332
0.447977,-0.613597
0.448083,-0.612861
0.44819,-0.612126
0.448296,-0.611391
0.448403,-0.610656
0.448509,-0.609921
0.448615,-0.609186
0.448722,-0.608451
0.448828,-0.607715
0.448935,-0.60698
0.449041,-0.606245
0.449147,-0.60551
0.449254,-0.604775
0.44936,-0.60404
0.449466,-0.603304
0.449573,-0.602569
0.449679,-0.601834
0.449786,-0.601099
0.449892,-0.600364
0.449998,-0.599629
0.450105,-0.598894
0.450211,-0.598158
0.450318,-0.597423
0.450424,-0.596688
0.45053,-0.595953
0.450637,-0.595218
0.450743,-0.594483
0.45085,-0.593748
0.450956,-0.593012
0.451062,-0.592277
0.451169,-0.591542
0.451275,-0.590807
0.451382,-0.590072
0.451488,-0.589337
0.451594,-0.588602
0.451701,-0.587866
0.451807,-0.587131
0.451914,-0.586396
0.45202,-0.585661
0.452126,-0.584926
0.452233,-0.584191
0.452339,-0.583456
0.452538,-0.582281
0.452737,-0.581106
0.452936,-0.579931
0.453135,-0.578757
0.453334,-0.577582
0.453533,-0.576407
0.453732,-0.575233
0.453931,-0.574058
0.45413,-0.572883
0.454329,-0.571709
0.454529,-0.570534
0.454728,-0.569359
0.454927,-0.568184
0.455126,-0.56701
0.455325,-0.565835
0.455524,-0.56466
0.455723,-0.563486
0.455922,-0.562311
0.456121,-0.561136
0.45632,-0.559961
0.456519,-0.558787
0.456718,-0.557612
0.456917,-0.556437
0.457116,-0.555263
0.457315,-0.554088
0.457514,-0.552913
0.457713,-0.551739
0.457912,-0.550564
0.458111,-0.549389
0.45831,-0.548214
0.458509,-0.54704
0.458708,-0.545865
0.458907,-0.54469
0.459106,-0.543516
0.459305,-0.542341
0.459504,-0.541166
0.459703,-0.539992
0.459902,-0.538817
0.460101,-0.537642
0.4603,-0.536467
0.460499,-0.535293
0.460698,-0.534118
0.460898,-0.532943
0.461097,-0.531769
0.461296,-0.530594
0.461495,-0.529419
0.461694,-0.528245
0.461893,-0.52707
0.462092,-0.525895
0.462291,-0.52472
0.46249,-0.523546
0.462689,-0.522371
0.462888,-0.521196
0.463087,-0.520022
0.463286,-0.518847
0.463485,-0.517672
0.463684,-0.516497
0.463883,-0.515323
0.464082,-0.514148
0.464281,-0.512973
0.46448,-0.511799
0.464679,-0.510624
0.464878,-0.509449
0.465077,-0.508275
0.465276,-0.5071
0.465475,-0.505925
0.465674,-0.50475
0.465873,-0.503576
0.466072,-0.502401
0.466271,-0.501226
0.46647,-0.500052
0.466669,-0.498877
0.466868,-0.497702
0.467067,-0.496528
0.467267,-0.495353
0.467466,-0.494178
0.467665,-0.493003
0.467864,-0.491829
0.468063,-0.490654
0.468262,-0.489479
0.468461,-0.488305
0.46866,-0.48713
0.468859,-0.485955
0.469058,-0.48478
0.469257,-0.483606
0.469456,-0.482431
0.469655,-0.481256
0.469854,-0.480082
0.470053,-0.478907
0.470252,-0.477732
0.470451,-0.476558
0.47065,-0.475383
0.470849,-0.474208
0.471048,-0.473033
0.471247,-0.471859
0.471446,-0.470684
0.471645,-0.469509
0.471844,-0.468335
0.472043,-0.46716
0.472242,-0.465985
0.472441,-0.464811
0.47264,-0.463636
0.472839,-0.462461
0.473038,-0.461286
0.473237,-0.460112
0.473436,-0.458937
0.473636,-0.457762
0.473835,-0.456588
0.474034,-0.455413
0.474233,-0.454238
0.474432,-0.453064
0.474631,-0.451889
0.47483,-0.450714
0.475029,-0.449539
0.475228,-0.448365
0.475427,-0.44719
0.475626,-0.446015
0.475825,-0.444841
0.476024,-0.443666
0.476223,-0.442491
0.476422,-0.441316
0.476621,-0.440142
0.47682,-0.438967
0.477019,-0.437792
0.477218,-0.436618
0.477417,-0.435443
0.477616,-0.434268
0.477815,-0.433094
0.478014,-0.431919
0.478213,-0.430744
0.478412,-0.429569
0.478611,-0.428395
0.47881,-0.42722
0.479009,-0.426045
0.479208,-0.424871
0.479407,-0.423696
0.479606,-0.422521
0.479805,-0.421347
0.480005,-0.420172
0.480204,-0.418997
0.480403,-0.417822
0.480602,-0.416648
0.480801,-0.415473
0.481,-0.414298
0.481199,-0.413124
0.481398,-0.411949
0.481597,-0.410774
0.481796,-0.4096
0.481995,-0.408425
0.482194,-0.40725
0.482588,-0.40738
0.482982,-0.40751
0.483376,-0.407641
0.48377,-0.407771
0.484164,-0.407901
0.484558,-0.408031
0.484952,-0.408161
0.485346,-0.408291
0.48574,-0.408422
0.486134,-0.408552
0.486528,-0.408682
0.486922,-0.408812
0.487316,-0.408942
0.48771,-0.409072
0.488104,-0.409202
0.488498,-0.409333
0.488892,-0.409463
0.489286,-0.409593
0.48968,-0.409723
0.490074,-0.409853
0.490468,-0.409983
0.490861,-0.410114
0.491255,-0.410244
0.491649,-0.410374
0.492043,-0.410504
0.492437,-0.410634
0.492831,-0.410764
0.493225,-0.410895
0.493619,-0.411025
0.494013,-0.411155
0.494407,-0.411285
0.494801,-0.411415
0.495195,-0.411545
0.495589,-0.411676
0.495983,-0.411806
0.496377,-0.411936
0.496771,-0.412066
0.497165,-0.412196
0.497559,-0.412326
0.497953,-0.412456
0.498347,-0.412587
0.498741,-0.412717
0.499135,-0.412847
0.499529,-0.412977
0.499923,-0.413107
0.500317,-0.413237
0.500711,-0.413368
0.501105,-0.413498
0.501499,-0.413628
0.501893,-0.413758
0.502287,-0.413888
0.502681,-0.414018
0.503075,-0.414149
0.503469,-0.414279
0.503863,-0.414409
0.504257,-0.414539
0.504651,-0.414669
0.505045,-0.414799
0.505439,-0.414929
0.505833,-0.41506
0.506227,-0.41519
0.506621,-0.41532
0.507015,-0.41545
0.507409,-0.41558
0.507803,-0.41571
0.508197,-0.415841
0.508591,-0.415971
0.508985,-0.416101
0.509379,-0.416231
0.509773,-0.416361
0.510167,-0.416491
0.510561,-0.416622
0.510955,-0.416752
0.511349,-0.416882
0.511743,-0.417012
0.512137,-0.417142
0.512531,-0.417272
0.512925,-0.417402
0.513319,-0.417533
0.513712,-0.417663
0.514106,-0.417793
0.5145,-0.417923
0.514894,-0.418053
0.515288,-0.418183
0.515682,-0.418314
0.516076,-0.418444
0.51647,-0.418574
0.516864,-0.418704
0.517258,-0.418834
0.517652,-0.418964
0.518046,-0.419095
0.51844,-0.419225
0.518834,-0.419355
0.519228,-0.419485
0.519622,-0.419615
0.520016,-0.419745
0.52041,-0.419876
0.520804,-0.420006
0.521198,-0.420136
0.521592,-0.420266
0.521986,-0.420396
0.52238,-0.420526
0.522774,-0.420656
0.523168,-0.420787
0.523562,-0.420917
0.523956,-0.421047
0.52435,-0.421177
0.524744,-0.421307
0.525138,-0.421437
0.525532,-0.421568
0.525926,-0.421698
0.52632,-0.421828
0.526714,-0.421958
0.527108,-0.422088
0.527502,-0.422218
0.527896,-0.422349
0.52829,-0.422479
0.528684,-0.422609
0.529078,-0.422739
0.529472,-0.422869
0.529866,-0.422999
0.53026,-0.423129
0.530654,-0.42326
0.531048,-0.42339
0.531442,-0.42352
0.531836,-0.42365
0.53223,-0.42378
0.532624,-0.42391
0.533018,-0.424041
0.533412,-0.424171
0.533806,-0.424301
0.5342,-0.424431
0.534594,-0.424561
0.534988,-0.424691
0.535382,-0.424822
0.535776,-0.424952
0.53617,-0.425082
0.536563,-0.425212
0.536957,-0.425342
0.537351,-0.425472
0.537745,-0.425602
0.538139,-0.425733
0.538533,-0.425863
0.538927,-0.425993
0.539321,-0.426123
0.539715,-0.426253
0.540109,-0.426383
0.540503,-0.426514
0.540897,-0.426644
