O
15
1,0,-1,0.78,-0.5,0.75,0.0,0.0,0.0,0.3,0.4,0.02,0,0.8,False
2,0,-1,1.1,-0.5,0.93,0.0,0.0,0.0,0.02,0.4,0.2,0,0.8,False
3,0,-1,0.78,-0.5,1.11,0.0,0.0,0.0,0.3,0.4,0.02,0,0.8,False
4,0,-1,0.8,-0.92,0.93,0.0,0.0,0.0,0.32,0.02,0.2,0,0.8,False
5,0,-1,0.8,-0.08,0.93,0.0,0.0,0.0,0.32,0.02,0.2,0,0.8,False
6,2,0,0.6741232938964989,-0.711119454084242,0.8450000000000001,0.0,0.0,3.248599919585198,0.05343974336374241,0.05343974336374241,0.15,0.37982251367824704,1.0839357771185136,False
7,0,0,0.9426751963597979,-0.44687808222623293,0.9124756383627359,0.0,0.0,2.8758290151899466,0.03,0.06428737246364581,0.14247563836273597,0.2621281418858586,1.08614440395663,False
8,2,0,0.7096960079584548,-0.387919274594411,0.8450000000000001,0.0,0.0,0.5073382873367936,0.03,0.03,0.15,0.03623520807095981,1.1933452813798064,False
9,2,0,0.6045723510989891,-0.17844724027308212,0.8450000000000001,0.0,0.0,5.11300868882998,0.04784462206011429,0.04784462206011429,0.15,0.1451352582890929,0.9871016386072543,False
10,0,0,0.9180688738972266,-0.6180953042497455,0.8812372230602515,0.0,0.0,2.6039186793286606,0.03,0.06840923837911217,0.11123722306025148,0.44398890759028553,1.1866297660783833,False
11,2,1,0.9529097350939819,-0.3255051802244775,0.8450000000000001,0.0,0.0,1.5634545483796825,0.03,0.03,0.15,0.471532035526163,1.0162737817331176,True
12,2,1,0.5488380261092275,-0.32058293516089187,0.8450000000000001,0.0,0.0,4.72338972963237,0.03,0.03,0.15,0.27115678922990893,1.0237832260459478,True
13,0,1,0.7919744787609955,-0.8362330005413858,0.86,0.0,0.0,3.7936341311602337,0.03,0.04011069348880278,0.09,0.22833611005128213,0.9887087734387268,True
14,0,1,0.9944316522472888,-0.7492788421530532,0.86,0.0,0.0,1.8379911918506604,0.03,0.06431967568578775,0.09,0.19161435373684782,0.951499532714013,True
15,0,1,0.5436720448711863,-0.5517224209883913,0.9202211805117604,0.0,0.0,4.503664999365078,0.03,0.045664905349237735,0.15022118051176037,0.09337402213106322,0.9397831191456825,True
R
0.0,0.0,0.0,0.0,0.0,0.0,1.0
S
8
torso_lift_joint,0
r_shoulder_pan_joint,-1.69017
r_shoulder_lift_joint,-0.0788625
r_upper_arm_roll_joint,-1.69017
r_elbow_flex_joint,-1.2717
r_forearm_roll_joint,-0.151824
r_wrist_flex_joint,-1.25254
r_wrist_roll_joint,0.675062
G
0.650762,-0.434306,0.845,0.666825,-0,0
ooi
8
A
599
0.310248,-0.673113
0.310996,-0.672744
0.311744,-0.672374
0.312492,-0.672005
0.313239,-0.671635
0.313987,-0.671266
0.314735,-0.670896
0.315483,-0.670527
0.316231,-0.670157
0.316979,-0.669788
0.317726,-0.669419
0.318474,-0.669049
0.319222,-0.66868
0.31997,-0.66831
0.320718,-0.667941
0.321466,-0.667571
0.322213,-0.667202
0.322961,-0.666832
0.323709,-0.666463
0.324457,-0.666094
0.325205,-0.665724
0.325953,-0.665355
0.3267,-0.664985
0.327448,-0.664616
0.328196,-0.664246
0.328944,-0.663877
0.329692,-0.663507
0.33044,-0.663138
0.331187,-0.662768
0.331935,-0.662399
0.332683,-0.66203
0.333431,-0.66166
0.334179,-0.661291
0.334927,-0.660921
0.335674,-0.660552
0.336422,-0.660182
0.33717,-0.659813
0.337918,-0.659443
0.338666,-0.659074
0.339413,-0.658705
0.340161,-0.658335
0.340909,-0.657966
0.341657,-0.657596
0.342405,-0.657227
0.343153,-0.656857
0.3439,-0.656488
0.344648,-0.656118
0.345396,-0.655749
0.346144,-0.655379
0.346892,-0.65501
0.34764,-0.654641
0.348387,-0.654271
0.349135,-0.653902
0.349883,-0.653532
0.350631,-0.653163
0.351379,-0.652793
0.352127,-0.652424
0.352874,-0.652054
0.353622,-0.651685
0.35437,-0.651316
0.355118,-0.650946
0.355866,-0.650577
0.356614,-0.650207
0.357361,-0.649838
0.358109,-0.649468
0.358857,-0.649099
0.359605,-0.648729
0.360353,-0.64836
0.3611,-0.64799
0.361848,-0.647621
0.362596,-0.647252
0.363344,-0.646882
0.364092,-0.646513
0.36484,-0.646143
0.365587,-0.645774
0.366335,-0.645404
0.367083,-0.645035
0.367831,-0.644665
0.368579,-0.644296
0.369327,-0.643927
0.370074,-0.643557
0.370822,-0.643188
0.37157,-0.642818
0.372318,-0.642449
0.373066,-0.642079
0.373814,-0.64171
0.374561,-0.64134
0.375309,-0.640971
0.376057,-0.640601
0.376805,-0.640232
0.377553,-0.639863
0.378301,-0.639493
0.379048,-0.639124
0.379796,-0.638754
0.380544,-0.638385
0.381292,-0.638015
0.38204,-0.637646
0.382788,-0.637276
0.383535,-0.636907
0.384283,-0.636538
0.385031,-0.636168
0.385779,-0.635799
0.386527,-0.635429
0.387274,-0.63506
0.388022,-0.63469
0.38877,-0.634321
0.389518,-0.633951
0.390266,-0.633582
0.391014,-0.633213
0.391761,-0.632843
0.392509,-0.632474
0.393257,-0.632104
0.394005,-0.631735
0.394753,-0.631365
0.395501,-0.630996
0.396248,-0.630626
0.396996,-0.630257
0.397744,-0.629887
0.398492,-0.629518
0.39924,-0.629149
0.399988,-0.628779
0.400735,-0.62841
0.401483,-0.62804
0.402231,-0.627671
0.402979,-0.627301
0.403727,-0.626932
0.404475,-0.626562
0.405222,-0.626193
0.40597,-0.625824
0.406718,-0.625454
0.407466,-0.625085
0.408214,-0.624715
0.408962,-0.624346
0.409709,-0.623976
0.410457,-0.623607
0.411205,-0.623237
0.411953,-0.622868
0.412701,-0.622498
0.413448,-0.622129
0.414196,-0.62176
0.414944,-0.62139
0.415692,-0.621021
0.41644,-0.620651
0.417188,-0.620282
0.417935,-0.619912
0.418683,-0.619543
0.419431,-0.619173
0.420179,-0.618804
0.420927,-0.618435
0.421675,-0.618065
0.422422,-0.617696
0.423327,-0.617953
0.424232,-0.618211
0.425137,-0.618468
0.426041,-0.618726
0.426946,-0.618983
0.427851,-0.619241
0.428756,-0.619499
0.429661,-0.619756
0.430565,-0.620014
0.43147,-0.620271
0.432375,-0.620529
0.43328,-0.620786
0.434184,-0.621044
0.435089,-0.621301
0.435994,-0.621559
0.436899,-0.621817
0.437803,-0.622074
0.438708,-0.622332
0.439613,-0.622589
0.440518,-0.622847
0.441423,-0.623104
0.442327,-0.623362
0.443232,-0.62362
0.444137,-0.623877
0.445042,-0.624135
0.445946,-0.624392
0.446851,-0.62465
0.447756,-0.624907
0.448661,-0.625165
0.449565,-0.625422
0.45047,-0.62568
0.451375,-0.625938
0.45228,-0.626195
0.453185,-0.626453
0.454089,-0.62671
0.454994,-0.626968
0.455899,-0.627225
0.456804,-0.627483
0.457708,-0.627741
0.458613,-0.627998
0.459518,-0.628256
0.460423,-0.628513
0.461327,-0.628771
0.462232,-0.629028
0.463137,-0.629286
0.464042,-0.629543
0.464947,-0.629801
0.465851,-0.630059
0.466756,-0.630316
0.467661,-0.630574
0.468566,-0.630831
0.46947,-0.631089
0.470375,-0.631346
0.47128,-0.631604
0.472185,-0.631862
0.473089,-0.632119
0.473994,-0.632377
0.474899,-0.632634
0.475804,-0.632892
0.476709,-0.633149
0.477613,-0.633407
0.478518,-0.633664
0.479423,-0.633922
0.480328,-0.63418
0.481232,-0.634437
0.482137,-0.634695
0.483042,-0.634952
0.483947,-0.63521
0.484851,-0.635467
0.485756,-0.635725
0.486661,-0.635983
0.487566,-0.63624
0.488471,-0.636498
0.489375,-0.636755
0.49028,-0.637013
0.491185,-0.63727
0.49209,-0.637528
0.492994,-0.637785
0.493899,-0.638043
0.494804,-0.638301
0.495709,-0.638558
0.496613,-0.638816
0.497518,-0.639073
0.498423,-0.639331
0.499328,-0.639588
0.500233,-0.639846
0.501137,-0.640104
0.502042,-0.640361
0.502947,-0.640619
0.503852,-0.640876
0.504756,-0.641134
0.505661,-0.641391
0.506566,-0.641649
0.507471,-0.641906
0.508375,-0.642164
0.50928,-0.642422
0.510185,-0.642679
0.51109,-0.642937
0.511995,-0.643194
0.512899,-0.643452
0.513804,-0.643709
0.514709,-0.643967
0.515614,-0.644225
0.516518,-0.644482
0.517423,-0.64474
0.518328,-0.644997
0.519233,-0.645255
0.520137,-0.645512
0.521042,-0.64577
0.521947,-0.646027
0.522852,-0.646285
0.523757,-0.646543
0.524661,-0.6468
0.525566,-0.647058
0.526471,-0.647315
0.527376,-0.647573
0.52828,-0.64783
0.529185,-0.648088
0.53009,-0.648346
0.530995,-0.648603
0.531899,-0.648861
0.532804,-0.649118
0.533709,-0.649376
0.534614,-0.649633
0.535518,-0.649891
0.536423,-0.650148
0.537328,-0.650406
0.538233,-0.650664
0.539138,-0.650921
0.540042,-0.651179
0.540947,-0.651436
0.541852,-0.651694
0.542757,-0.651951
0.543661,-0.652209
0.544566,-0.652467
0.545471,-0.652724
0.546376,-0.652982
0.54728,-0.653239
0.548185,-0.653497
0.54909,-0.653754
0.549995,-0.654012
0.5509,-0.654269
0.551804,-0.654527
0.552709,-0.654785
0.553614,-0.655042
0.554519,-0.6553
0.555423,-0.655557
0.556328,-0.655815
0.557233,-0.656072
0.556154,-0.65543
0.555075,-0.654787
0.553997,-0.654144
0.552918,-0.653501
0.551839,-0.652858
0.550761,-0.652215
0.549682,-0.651572
0.548603,-0.65093
0.547524,-0.650287
0.546446,-0.649644
0.545367,-0.649001
0.544288,-0.648358
0.543209,-0.647715
0.542131,-0.647072
0.541052,-0.64643
0.539973,-0.645787
0.538895,-0.645144
0.537816,-0.644501
0.536737,-0.643858
0.535658,-0.643215
0.53458,-0.642572
0.533501,-0.64193
0.532422,-0.641287
0.531343,-0.640644
0.530265,-0.640001
0.529186,-0.639358
0.528107,-0.638715
0.527028,-0.638072
0.52595,-0.63743
0.524871,-0.636787
0.523792,-0.636144
0.522714,-0.635501
0.521635,-0.634858
0.520556,-0.634215
0.519477,-0.633572
0.518399,-0.63293
0.51732,-0.632287
0.516241,-0.631644
0.515162,-0.631001
0.514084,-0.630358
0.513005,-0.629715
0.511926,-0.629072
0.510847,-0.62843
0.509769,-0.627787
0.50869,-0.627144
0.507611,-0.626501
0.506533,-0.625858
0.505454,-0.625215
0.504375,-0.624572
0.503296,-0.62393
0.502218,-0.623287
0.501139,-0.622644
0.50006,-0.622001
0.498981,-0.621358
0.497903,-0.620715
0.496824,-0.620072
0.495745,-0.61943
0.494667,-0.618787
0.493588,-0.618144
0.492509,-0.617501
0.49143,-0.616858
0.490352,-0.616215
0.489273,-0.615572
0.488194,-0.61493
0.487115,-0.614287
0.486037,-0.613644
0.484958,-0.613001
0.483879,-0.612358
0.4828,-0.611715
0.481722,-0.611072
0.480643,-0.61043
0.479564,-0.609787
0.478486,-0.609144
0.477407,-0.608501
0.476328,-0.607858
0.475249,-0.607215
0.474171,-0.606572
0.473092,-0.60593
0.472013,-0.605287
0.470934,-0.604644
0.469856,-0.604001
0.468777,-0.603358
0.467698,-0.602715
0.46662,-0.602073
0.465541,-0.60143
0.464462,-0.600787
0.463383,-0.600144
0.462305,-0.599501
0.461226,-0.598858
0.460147,-0.598215
0.459068,-0.597573
0.45799,-0.59693
0.456911,-0.596287
0.455832,-0.595644
0.454753,-0.595001
0.453675,-0.594358
0.452596,-0.593715
0.451517,-0.593073
0.450439,-0.59243
0.44936,-0.591787
0.448281,-0.591144
0.447202,-0.590501
0.446124,-0.589858
0.445045,-0.589215
0.443966,-0.588573
0.442887,-0.58793
0.441809,-0.587287
0.44073,-0.586644
0.439651,-0.586001
0.438573,-0.585358
0.437494,-0.584715
0.436415,-0.584073
0.435336,-0.58343
0.434258,-0.582787
0.433179,-0.582144
0.4321,-0.581501
0.431021,-0.580858
0.429943,-0.580215
0.428864,-0.579573
0.427785,-0.57893
0.426706,-0.578287
0.425628,-0.577644
0.424549,-0.577001
0.42347,-0.576358
0.422392,-0.575715
0.421313,-0.575073
0.420234,-0.57443
0.419155,-0.573787
0.418077,-0.573144
0.416998,-0.572501
0.415919,-0.571858
0.41484,-0.571215
0.413762,-0.570573
0.412683,-0.56993
0.411604,-0.569287
0.410525,-0.568644
0.409447,-0.568001
0.408368,-0.567358
0.407289,-0.566715
0.406211,-0.566073
0.405132,-0.56543
0.404053,-0.564787
0.402974,-0.564144
0.401896,-0.563501
0.400817,-0.562858
0.399738,-0.562215
0.398659,-0.561573
0.397581,-0.56093
0.396502,-0.560287
0.395423,-0.559644
0.397137,-0.558803
0.398851,-0.557962
0.400564,-0.55712
0.402278,-0.556279
0.403992,-0.555438
0.405705,-0.554597
0.407419,-0.553756
0.409133,-0.552914
0.410846,-0.552073
0.41256,-0.551232
0.414274,-0.550391
0.415987,-0.54955
0.417701,-0.548709
0.419415,-0.547867
0.421128,-0.547026
0.422842,-0.546185
0.424556,-0.545344
0.42627,-0.544503
0.427983,-0.543661
0.429697,-0.54282
0.431411,-0.541979
0.433124,-0.541138
0.434838,-0.540297
0.436552,-0.539455
0.438265,-0.538614
0.439979,-0.537773
0.441693,-0.536932
0.443406,-0.536091
0.44512,-0.535249
0.446834,-0.534408
0.448547,-0.533567
0.450261,-0.532726
0.451975,-0.531885
0.453688,-0.531043
0.455402,-0.530202
0.457116,-0.529361
0.458829,-0.52852
0.460543,-0.527679
0.462257,-0.526838
0.463971,-0.525996
0.465684,-0.525155
0.467398,-0.524314
0.469112,-0.523473
0.470825,-0.522632
0.472539,-0.52179
0.474253,-0.520949
0.475966,-0.520108
0.47768,-0.519267
0.479394,-0.518426
0.481107,-0.517584
0.482821,-0.516743
0.484535,-0.515902
0.486248,-0.515061
0.487962,-0.51422
0.489676,-0.513378
0.491389,-0.512537
0.493103,-0.511696
0.494817,-0.510855
0.49653,-0.510014
0.498244,-0.509172
0.499958,-0.508331
0.501672,-0.50749
0.503385,-0.506649
0.505099,-0.505808
0.506813,-0.504967
0.508526,-0.504125
0.51024,-0.503284
0.511954,-0.502443
0.513667,-0.501602
0.515381,-0.500761
0.517095,-0.499919
0.518808,-0.499078
0.520522,-0.498237
0.522236,-0.497396
0.523949,-0.496555
0.525663,-0.495713
0.527377,-0.494872
0.52909,-0.494031
0.530804,-0.49319
0.532518,-0.492349
0.534231,-0.491507
0.535945,-0.490666
0.537659,-0.489825
0.539373,-0.488984
0.541086,-0.488143
0.5428,-0.487301
0.544514,-0.48646
0.546227,-0.485619
0.547941,-0.484778
0.549655,-0.483937
0.551368,-0.483096
0.553082,-0.482254
0.554796,-0.481413
0.556509,-0.480572
0.558223,-0.479731
0.559937,-0.47889
0.56165,-0.478048
0.563364,-0.477207
0.565078,-0.476366
0.566791,-0.475525
0.568505,-0.474684
0.570219,-0.473842
0.571932,-0.473001
0.573646,-0.47216
0.57536,-0.471319
0.577074,-0.470478
0.578787,-0.469636
0.580501,-0.468795
0.582215,-0.467954
0.583928,-0.467113
0.585642,-0.466272
0.587356,-0.46543
0.589069,-0.464589
0.590783,-0.463748
0.592497,-0.462907
0.59421,-0.462066
0.595924,-0.461225
0.597638,-0.460383
0.599351,-0.459542
0.601065,-0.458701
0.602779,-0.45786
0.604492,-0.457019
0.606206,-0.456177
0.60792,-0.455336
0.609633,-0.454495
0.611347,-0.453654
0.613061,-0.452813
0.614775,-0.451971
0.616488,-0.45113
0.618202,-0.450289
0.619916,-0.449448
0.621629,-0.448607
0.623343,-0.447765
0.625057,-0.446924
0.62677,-0.446083
0.628484,-0.445242
0.630198,-0.444401
0.631911,-0.443559
0.633625,-0.442718
0.635339,-0.441877
0.637052,-0.441036
0.638766,-0.440195
0.64048,-0.439354
0.642193,-0.438512
0.643907,-0.437671
0.645621,-0.43683
0.647334,-0.435989
0.649048,-0.435148
0.650762,-0.434306
