O
15
1,0,-1,0.78,-0.5,0.75,0.0,0.0,0.0,0.3,0.4,0.02,0,0.8,False
2,0,-1,1.1,-0.5,0.93,0.0,0.0,0.0,0.02,0.4,0.2,0,0.8,False
3,0,-1,0.78,-0.5,1.11,0.0,0.0,0.0,0.3,0.4,0.02,0,0.8,False
4,0,-1,0.8,-0.92,0.93,0.0,0.0,0.0,0.32,0.02,0.2,0,0.8,False
5,0,-1,0.8,-0.08,0.93,0.0,0.0,0.0,0.32,0.02,0.2,0,0.8,False
6,2,0,0.8718228260949775,-0.7197668134745376,0.8450000000000001,0.0,0.0,0.8447820884867305,0.055380946085295236,0.055380946085295236,0.15,0.31192174582802284,1.179413813551027,False
7,2,0,0.5770341964023191,-0.6866444925001729,0.8450000000000001,0.0,0.0,2.030626244238672,0.05293270197193364,0.05293270197193364,0.15,0.07551367464790676,0.9852931864167376,False
8,0,0,0.8890132464202828,-0.4768019642630215,0.86,0.0,0.0,1.95187577077605,0.03,0.03,0.09,0.42221623951590687,0.8234983971110291,False
9,2,0,0.5688724446021989,-0.40884323639593895,0.8450000000000001,0.0,0.0,3.313791963343971,0.03,0.03,0.15,0.43556221481444984,1.0542006180323018,False
10,2,0,0.6287259371789675,-0.1867089005809982,0.8450000000000001,0.0,0.0,1.8995981736801555,0.04661019583252321,0.04661019583252321,0.15,0.17336607155292422,1.0147061006265552,False
11,0,1,0.7381482677649798,-0.2567767619993998,0.8715676085406154,0.0,0.0,6.148127800598548,0.03,0.037371943904643296,0.10156760854061547,0.47821490513049075,0.8951468075413057,True
12,0,1,1.0322342392748318,-0.30376120235318604,0.86,0.0,0.0,1.3780095942204842,0.03,0.03,0.09,0.25146723442646013,1.0798328298054274,True
13,0,1,0.5101983444104887,-0.17422740751669608,0.8752389603273718,0.0,0.0,0.2636773917484708,0.03,0.05451697936110729,0.10523896032737182,0.2309362198400816,1.0403620982511703,True
14,0,1,0.8703864683046949,-0.2964612116587443,0.8952897411227818,0.0,0.0,2.4006172328758937,0.03,0.057381346321209836,0.12528974112278185,0.07878992529163342,0.8164197737983797,True
15,2,1,0.6585219593655913,-0.515130221936362,0.8450000000000001,0.0,0.0,2.453656239015288,0.03,0.03,0.15,0.35562938854786075,0.8864231785589824,True
R
0.0,0.0,0.0,0.0,0.0,0.0,1.0
S
8
torso_lift_joint,0
r_shoulder_pan_joint,-1.69017
r_shoulder_lift_joint,-0.0788625
r_upper_arm_roll_joint,-1.69017
r_elbow_flex_joint,-1.2717
r_forearm_roll_joint,-0.151824
r_wrist_flex_joint,-1.25254
r_wrist_roll_joint,0.675062
G
0.5137,-0.459647,0.845,0.744206,-0,0
ooi
9
A
599
0.310248,-0.673113
0.30962,-0.672815
0.308992,-0.672517
0.308365,-0.672219
0.307737,-0.67192
0.307109,-0.671622
0.306481,-0.671324
0.305853,-0.671026
0.305225,-0.670728
0.304598,-0.670429
0.30397,-0.670131
0.303342,-0.669833
0.302714,-0.669535
0.302086,-0.669237
0.301458,-0.668939
0.30083,-0.66864
0.300203,-0.668342
0.299575,-0.668044
0.298947,-0.667746
0.298319,-0.667448
0.297691,-0.667149
0.297063,-0.666851
0.296435,-0.666553
0.295808,-0.666255
0.29518,-0.665957
0.294552,-0.665658
0.293924,-0.66536
0.293296,-0.665062
0.292668,-0.664764
0.292041,-0.664466
0.291413,-0.664168
0.290785,-0.663869
0.290157,-0.663571
0.289529,-0.663273
0.288901,-0.662975
0.288273,-0.662677
0.287646,-0.662378
0.287018,-0.66208
0.28639,-0.661782
0.285762,-0.661484
0.285134,-0.661186
0.284506,-0.660888
0.283878,-0.660589
0.283251,-0.660291
0.282623,-0.659993
0.281995,-0.659695
0.281367,-0.659397
0.280739,-0.659098
0.280111,-0.6588
0.279484,-0.658502
0.278856,-0.658204
0.278228,-0.657906
0.2776,-0.657608
0.276972,-0.657309
0.276344,-0.657011
0.275716,-0.656713
0.275089,-0.656415
0.274461,-0.656117
0.273833,-0.655818
0.273205,-0.65552
0.272577,-0.655222
0.271949,-0.654924
0.271321,-0.654626
0.270694,-0.654328
0.270066,-0.654029
0.269438,-0.653731
0.26881,-0.653433
0.268182,-0.653135
0.267554,-0.652837
0.266927,-0.652538
0.266299,-0.65224
0.265671,-0.651942
0.265043,-0.651644
0.264415,-0.651346
0.263787,-0.651048
0.263159,-0.650749
0.262532,-0.650451
0.261904,-0.650153
0.261276,-0.649855
0.260648,-0.649557
0.26002,-0.649258
0.259392,-0.64896
0.258764,-0.648662
0.258137,-0.648364
0.257509,-0.648066
0.256881,-0.647767
0.256253,-0.647469
0.255625,-0.647171
0.254997,-0.646873
0.25437,-0.646575
0.253742,-0.646277
0.253114,-0.645978
0.252486,-0.64568
0.251858,-0.645382
0.25123,-0.645084
0.250602,-0.644786
0.249975,-0.644487
0.249347,-0.644189
0.248719,-0.643891
0.248091,-0.643593
0.247463,-0.643295
0.246835,-0.642997
0.246207,-0.642698
0.24558,-0.6424
0.244952,-0.642102
0.244324,-0.641804
0.243696,-0.641506
0.243068,-0.641207
0.24244,-0.640909
0.241813,-0.640611
0.241185,-0.640313
0.240557,-0.640015
0.239929,-0.639717
0.239301,-0.639418
0.238673,-0.63912
0.238045,-0.638822
0.237418,-0.638524
0.23679,-0.638226
0.236162,-0.637927
0.235534,-0.637629
0.234906,-0.637331
0.234278,-0.637033
0.23365,-0.636735
0.233023,-0.636437
0.232395,-0.636138
0.231767,-0.63584
0.231139,-0.635542
0.230511,-0.635244
0.229883,-0.634946
0.229256,-0.634647
0.228628,-0.634349
0.228,-0.634051
0.227372,-0.633753
0.226744,-0.633455
0.226116,-0.633157
0.225488,-0.632858
0.224861,-0.63256
0.224233,-0.632262
0.223605,-0.631964
0.222977,-0.631666
0.222349,-0.631367
0.221721,-0.631069
0.221093,-0.630771
0.220466,-0.630473
0.219838,-0.630175
0.21921,-0.629876
0.218582,-0.629578
0.217954,-0.62928
0.217326,-0.628982
0.216698,-0.628684
0.216071,-0.628386
0.216191,-0.627964
0.216312,-0.627543
0.216432,-0.627122
0.216552,-0.626701
0.216673,-0.626279
0.216793,-0.625858
0.216914,-0.625437
0.217034,-0.625016
0.217155,-0.624595
0.217275,-0.624173
0.217396,-0.623752
0.217516,-0.623331
0.217637,-0.62291
0.217757,-0.622488
0.217878,-0.622067
0.217998,-0.621646
0.218118,-0.621225
0.218239,-0.620803
0.218359,-0.620382
0.21848,-0.619961
0.2186,-0.61954
0.218721,-0.619119
0.218841,-0.618697
0.218962,-0.618276
0.219082,-0.617855
0.219203,-0.617434
0.219323,-0.617012
0.219443,-0.616591
0.219564,-0.61617
0.219684,-0.615749
0.219805,-0.615327
0.219925,-0.614906
0.220046,-0.614485
0.220166,-0.614064
0.220287,-0.613643
0.220407,-0.613221
0.220528,-0.6128
0.220648,-0.612379
0.220769,-0.611958
0.220889,-0.611536
0.221009,-0.611115
0.22113,-0.610694
0.22125,-0.610273
0.221371,-0.609851
0.221491,-0.60943
0.221612,-0.609009
0.221732,-0.608588
0.221853,-0.608167
0.221973,-0.607745
0.222094,-0.607324
0.222214,-0.606903
0.222334,-0.606482
0.222455,-0.60606
0.222575,-0.605639
0.222696,-0.605218
0.222816,-0.604797
0.222937,-0.604376
0.223057,-0.603954
0.223178,-0.603533
0.223298,-0.603112
0.223419,-0.602691
0.223539,-0.602269
0.22366,-0.601848
0.22378,-0.601427
0.2239,-0.601006
0.224021,-0.600584
0.224141,-0.600163
0.224262,-0.599742
0.224382,-0.599321
0.224503,-0.5989
0.224623,-0.598478
0.224744,-0.598057
0.224864,-0.597636
0.224985,-0.597215
0.225105,-0.596793
0.225225,-0.596372
0.225346,-0.595951
0.225466,-0.59553
0.225587,-0.595108
0.225707,-0.594687
0.225828,-0.594266
0.225948,-0.593845
0.226069,-0.593424
0.226189,-0.593002
0.22631,-0.592581
0.22643,-0.59216
0.226551,-0.591739
0.226671,-0.591317
0.226791,-0.590896
0.226912,-0.590475
0.227032,-0.590054
0.227153,-0.589632
0.227273,-0.589211
0.227394,-0.58879
0.227514,-0.588369
0.227635,-0.587948
0.227755,-0.587526
0.227876,-0.587105
0.227996,-0.586684
0.228116,-0.586263
0.228237,-0.585841
0.228357,-0.58542
0.228478,-0.584999
0.228598,-0.584578
0.228719,-0.584157
0.228839,-0.583735
0.22896,-0.583314
0.22908,-0.582893
0.229201,-0.582472
0.229321,-0.58205
0.229442,-0.581629
0.229562,-0.581208
0.229682,-0.580787
0.229803,-0.580365
0.229923,-0.579944
0.230044,-0.579523
0.230164,-0.579102
0.230285,-0.578681
0.230405,-0.578259
0.230526,-0.577838
0.230646,-0.577417
0.230767,-0.576996
0.230887,-0.576574
0.231007,-0.576153
0.231128,-0.575732
0.231248,-0.575311
0.231369,-0.574889
0.231489,-0.574468
0.23161,-0.574047
0.23173,-0.573626
0.231851,-0.573205
0.231971,-0.572783
0.232092,-0.572362
0.232212,-0.571941
0.232333,-0.57152
0.232453,-0.571098
0.232573,-0.570677
0.232694,-0.570256
0.232814,-0.569835
0.232935,-0.569413
0.233055,-0.568992
0.233176,-0.568571
0.233296,-0.56815
0.233417,-0.567729
0.233537,-0.567307
0.233658,-0.566886
0.233778,-0.566465
0.233898,-0.566044
0.234019,-0.565622
0.234655,-0.564759
0.235291,-0.563895
0.235927,-0.563031
0.236563,-0.562167
0.237199,-0.561303
0.237834,-0.560439
0.23847,-0.559575
0.239106,-0.558712
0.239742,-0.557848
0.240378,-0.556984
0.241014,-0.55612
0.24165,-0.555256
0.242286,-0.554392
0.242922,-0.553528
0.243558,-0.552665
0.244194,-0.551801
0.24483,-0.550937
0.245465,-0.550073
0.246101,-0.549209
0.246737,-0.548345
0.247373,-0.547481
0.248009,-0.546618
0.248645,-0.545754
0.249281,-0.54489
0.249917,-0.544026
0.250553,-0.543162
0.251189,-0.542298
0.251825,-0.541434
0.252461,-0.540571
0.253096,-0.539707
0.253732,-0.538843
0.254368,-0.537979
0.255004,-0.537115
0.25564,-0.536251
0.256276,-0.535387
0.256912,-0.534524
0.257548,-0.53366
0.258184,-0.532796
0.25882,-0.531932
0.259456,-0.531068
0.260092,-0.530204
0.260727,-0.529341
0.261363,-0.528477
0.261999,-0.527613
0.262635,-0.526749
0.263271,-0.525885
0.263907,-0.525021
0.264543,-0.524157
0.265179,-0.523294
0.265815,-0.52243
0.266451,-0.521566
0.267087,-0.520702
0.267723,-0.519838
0.268359,-0.518974
0.268994,-0.51811
0.26963,-0.517247
0.270266,-0.516383
0.270902,-0.515519
0.271538,-0.514655
0.272174,-0.513791
0.27281,-0.512927
0.273446,-0.512063
0.274082,-0.5112
0.274718,-0.510336
0.275354,-0.509472
0.27599,-0.508608
0.276625,-0.507744
0.277261,-0.50688
0.277897,-0.506016
0.278533,-0.505153
0.279169,-0.504289
0.279805,-0.503425
0.280441,-0.502561
0.281077,-0.501697
0.281713,-0.500833
0.282349,-0.499969
0.282985,-0.499106
0.283621,-0.498242
0.284256,-0.497378
0.284892,-0.496514
0.285528,-0.49565
0.286164,-0.494786
0.2868,-0.493922
0.287436,-0.493059
0.288072,-0.492195
0.288708,-0.491331
0.289344,-0.490467
0.28998,-0.489603
0.290616,-0.488739
0.291252,-0.487875
0.291887,-0.487012
0.292523,-0.486148
0.293159,-0.485284
0.293795,-0.48442
0.294431,-0.483556
0.295067,-0.482692
0.295703,-0.481828
0.296339,-0.480965
0.296975,-0.480101
0.297611,-0.479237
0.298247,-0.478373
0.298883,-0.477509
0.299518,-0.476645
0.300154,-0.475781
0.30079,-0.474918
0.301426,-0.474054
0.302062,-0.47319
0.302698,-0.472326
0.303334,-0.471462
0.30397,-0.470598
0.304606,-0.469734
0.305242,-0.468871
0.305878,-0.468007
0.306514,-0.467143
0.30715,-0.466279
0.307785,-0.465415
0.308421,-0.464551
0.309057,-0.463688
0.309693,-0.462824
0.310329,-0.46196
0.310965,-0.461096
0.311601,-0.460232
0.312237,-0.459368
0.312873,-0.458504
0.313509,-0.457641
0.314145,-0.456777
0.314781,-0.455913
0.315416,-0.455049
0.316052,-0.454185
0.316688,-0.453321
0.317324,-0.452457
0.31796,-0.451594
0.318596,-0.45073
0.319232,-0.449866
0.319868,-0.449002
0.320504,-0.448138
0.32114,-0.447274
0.321776,-0.44641
0.322412,-0.445547
0.323047,-0.444683
0.323683,-0.443819
0.324319,-0.442955
0.324955,-0.442091
0.325591,-0.441227
0.326227,-0.440363
0.326863,-0.4395
0.327499,-0.438636
0.328135,-0.437772
0.328771,-0.436908
0.329407,-0.436044
0.330644,-0.436203
0.33188,-0.436361
0.333117,-0.436519
0.334354,-0.436678
0.335591,-0.436836
0.336828,-0.436995
0.338065,-0.437153
0.339302,-0.437311
0.340538,-0.43747
0.341775,-0.437628
0.343012,-0.437787
0.344249,-0.437945
0.345486,-0.438103
0.346723,-0.438262
0.34796,-0.43842
0.349197,-0.438579
0.350433,-0.438737
0.35167,-0.438896
0.352907,-0.439054
0.354144,-0.439212
0.355381,-0.439371
0.356618,-0.439529
0.357855,-0.439688
0.359092,-0.439846
0.360328,-0.440004
0.361565,-0.440163
0.362802,-0.440321
0.364039,-0.44048
0.365276,-0.440638
0.366513,-0.440796
0.36775,-0.440955
0.368987,-0.441113
0.370223,-0.441272
0.37146,-0.44143
0.372697,-0.441589
0.373934,-0.441747
0.375171,-0.441905
0.376408,-0.442064
0.377645,-0.442222
0.378881,-0.442381
0.380118,-0.442539
0.381355,-0.442697
0.382592,-0.442856
0.383829,-0.443014
0.385066,-0.443173
0.386303,-0.443331
0.38754,-0.443489
0.388776,-0.443648
0.390013,-0.443806
0.39125,-0.443965
0.392487,-0.444123
0.393724,-0.444281
0.394961,-0.44444
0.396198,-0.444598
0.397435,-0.444757
0.398671,-0.444915
0.399908,-0.445074
0.401145,-0.445232
0.402382,-0.44539
0.403619,-0.445549
0.404856,-0.445707
0.406093,-0.445866
0.40733,-0.446024
0.408566,-0.446182
0.409803,-0.446341
0.41104,-0.446499
0.412277,-0.446658
0.413514,-0.446816
0.414751,-0.446974
0.415988,-0.447133
0.417225,-0.447291
0.418461,-0.44745
0.419698,-0.447608
0.420935,-0.447767
0.422172,-0.447925
0.423409,-0.448083
0.424646,-0.448242
0.425883,-0.4484
0.427119,-0.448559
0.428356,-0.448717
0.429593,-0.448875
0.43083,-0.449034
0.432067,-0.449192
0.433304,-0.449351
0.434541,-0.449509
0.435778,-0.449667
0.437014,-0.449826
0.438251,-0.449984
0.439488,-0.450143
0.440725,-0.450301
0.441962,-0.45046
0.443199,-0.450618
0.444436,-0.450776
0.445673,-0.450935
0.446909,-0.451093
0.448146,-0.451252
0.449383,-0.45141
0.45062,-0.451568
0.451857,-0.451727
0.453094,-0.451885
0.454331,-0.452044
0.455568,-0.452202
0.456804,-0.45236
0.458041,-0.452519
0.459278,-0.452677
0.460515,-0.452836
0.461752,-0.452994
0.462989,-0.453152
0.464226,-0.453311
0.465463,-0.453469
0.466699,-0.453628
0.467936,-0.453786
0.469173,-0.453945
0.47041,-0.454103
0.471647,-0.454261
0.472884,-0.45442
0.474121,-0.454578
0.475357,-0.454737
0.476594,-0.454895
0.477831,-0.455053
0.479068,-0.455212
0.480305,-0.45537
0.481542,-0.455529
0.482779,-0.455687
0.484016,-0.455845
0.485252,-0.456004
0.486489,-0.456162
0.487726,-0.456321
0.488963,-0.456479
0.4902,-0.456638
0.491437,-0.456796
0.492674,-0.456954
0.493911,-0.457113
0.495147,-0.457271
0.496384,-0.45743
0.497621,-0.457588
0.498858,-0.457746
0.500095,-0.457905
0.501332,-0.458063
0.502569,-0.458222
0.503806,-0.45838
0.505042,-0.458538
0.506279,-0.458697
0.507516,-0.458855
0.508753,-0.459014
0.50999,-0.459172
0.511227,-0.459331
0.512464,-0.459489
0.5137,-0.459647
