O
15
1,0,-1,0.78,-0.5,0.75,0.0,0.0,0.0,0.3,0.4,0.02,0,0.8,False
2,0,-1,1.1,-0.5,0.93,0.0,0.0,0.0,0.02,0.4,0.2,0,0.8,False
3,0,-1,0.78,-0.5,1.11,0.0,0.0,0.0,0.3,0.4,0.02,0,0.8,False
4,0,-1,0.8,-0.92,0.93,0.0,0.0,0.0,0.32,0.02,0.2,0,0.8,False
5,0,-1,0.8,-0.08,0.93,0.0,0.0,0.0,0.32,0.02,0.2,0,0.8,False
6,0,0,0.8888978329870532,-0.3964290335657903,0.9112990653570825,0.0,0.0,1.0626946219759754,0.03,0.03,0.14129906535708248,0.3337446172562922,0.9854178898907796,False
7,2,0,0.8998997307303416,-0.8380076848024118,0.8639199958597324,0.0,0.0,5.064318470930922,0.03,0.03,0.18783999171946483,0.02876624136957795,0.881572735796866,False
8,2,0,0.7129695609854648,-0.22426877637003217,0.8542810699997256,0.0,0.0,3.453395210552725,0.07297106109630706,0.07297106109630706,0.1685621399994513,0.3624392340063605,0.9117837464629276,False
9,2,0,0.6574891186112124,-0.5917764007490856,0.8450000000000001,0.0,0.0,5.6753309759055455,0.03,0.03,0.15,0.45275264587824693,0.8882057846560554,False
10,2,0,0.6114191936608768,-0.7983579271819411,0.8450000000000001,0.0,0.0,2.7698868721806758,0.03,0.03,0.15,0.27947318429996604,0.9027001041772933,False
11,2,1,0.5384276140589478,-0.3897096031595056,0.8450000000000001,0.0,0.0,4.17412083667196,0.0364712015710182,0.0364712015710182,0.15,0.2651047759993991,1.193812099690017,True
12,0,1,0.7708240646659923,-0.42513766405692144,0.86,0.0,0.0,2.802015093111157,0.03,0.03876124696865937,0.09,0.4034700059438115,0.8737330076664409,True
13,2,1,0.7417317785124841,-0.5434487635731338,0.8450000000000001,0.0,0.0,3.1457397912673626,0.03068568600286306,0.03068568600286306,0.15,0.1856102128774369,0.9747957790691034,True
14,2,1,0.9583558068011124,-0.19281162391386375,0.8450000000000001,0.0,0.0,5.512002400977584,0.05739746304343097,0.05739746304343097,0.15,0.3817466167036339,0.917750882165853,True
15,2,1,0.9329818728727242,-0.7078048719553249,0.8450000000000001,0.0,0.0,6.2401019773749145,0.05217248772501223,0.05217248772501223,0.15,0.4319360449388368,0.8945996456076767,True
R
0.0,0.0,0.0,0.0,0.0,0.0,1.0
S
8
torso_lift_joint,0
r_shoulder_pan_joint,-1.69017
r_shoulder_lift_joint,-0.0788625
r_upper_arm_roll_joint,-1.69017
r_elbow_flex_joint,-1.2717
r_forearm_roll_joint,-0.151824
r_wrist_flex_joint,-1.25254
r_wrist_roll_joint,0.675062
G
0.599751,-0.639644,0.845,0.692207,-0,0
ooi
9
A
599
0.310248,-0.673113
0.310927,-0.672452
0.311605,-0.671791
0.312284,-0.67113
0.312962,-0.67047
0.313641,-0.669809
0.314319,-0.669148
0.314998,-0.668487
0.315677,-0.667826
0.316355,-0.667165
0.317034,-0.666504
0.317712,-0.665843
0.318391,-0.665182
0.319069,-0.664522
0.319748,-0.663861
0.320426,-0.6632
0.321105,-0.662539
0.321783,-0.661878
0.322462,-0.661217
0.323141,-0.660556
0.323819,-0.659895
0.324498,-0.659234
0.325176,-0.658574
0.325855,-0.657913
0.326533,-0.657252
0.327212,-0.656591
0.32789,-0.65593
0.328569,-0.655269
0.329247,-0.654608
0.329926,-0.653947
0.330605,-0.653286
0.331283,-0.652626
0.331962,-0.651965
0.33264,-0.651304
0.333319,-0.650643
0.333997,-0.649982
0.334676,-0.649321
0.335354,-0.64866
0.336033,-0.647999
0.336712,-0.647338
0.33739,-0.646678
0.338069,-0.646017
0.338747,-0.645356
0.339426,-0.644695
0.340104,-0.644034
0.340783,-0.643373
0.341461,-0.642712
0.34214,-0.642051
0.342818,-0.64139
0.343497,-0.64073
0.344176,-0.640069
0.344854,-0.639408
0.345533,-0.638747
0.346211,-0.638086
0.34689,-0.637425
0.347568,-0.636764
0.348247,-0.636103
0.348925,-0.635442
0.349604,-0.634782
0.350282,-0.634121
0.350961,-0.63346
0.35164,-0.632799
0.352318,-0.632138
0.352997,-0.631477
0.353675,-0.630816
0.354354,-0.630155
0.355032,-0.629494
0.355711,-0.628834
0.356389,-0.628173
0.357068,-0.627512
0.357746,-0.626851
0.358425,-0.62619
0.359104,-0.625529
0.359782,-0.624868
0.360461,-0.624207
0.361139,-0.623547
0.361818,-0.622886
0.362496,-0.622225
0.363175,-0.621564
0.363853,-0.620903
0.364532,-0.620242
0.36521,-0.619581
0.365889,-0.61892
0.366568,-0.618259
0.367246,-0.617599
0.367925,-0.616938
0.368603,-0.616277
0.369282,-0.615616
0.36996,-0.614955
0.370639,-0.614294
0.371317,-0.613633
0.371996,-0.612972
0.372674,-0.612311
0.373353,-0.611651
0.374032,-0.61099
0.37471,-0.610329
0.375389,-0.609668
0.376067,-0.609007
0.376746,-0.608346
0.377424,-0.607685
0.378103,-0.607024
0.378781,-0.606363
0.37946,-0.605703
0.380139,-0.605042
0.380817,-0.604381
0.381496,-0.60372
0.382174,-0.603059
0.382853,-0.602398
0.383531,-0.601737
0.38421,-0.601076
0.384888,-0.600415
0.385567,-0.599755
0.386245,-0.599094
0.386924,-0.598433
0.387603,-0.597772
0.388281,-0.597111
0.38896,-0.59645
0.389638,-0.595789
0.390317,-0.595128
0.390995,-0.594467
0.391674,-0.593807
0.392352,-0.593146
0.393031,-0.592485
0.393709,-0.591824
0.394388,-0.591163
0.395067,-0.590502
0.395745,-0.589841
0.396424,-0.58918
0.397102,-0.588519
0.397781,-0.587859
0.398459,-0.587198
0.399138,-0.586537
0.399816,-0.585876
0.400495,-0.585215
0.401173,-0.584554
0.401852,-0.583893
0.402531,-0.583232
0.403209,-0.582571
0.403888,-0.581911
0.404566,-0.58125
0.405245,-0.580589
0.405923,-0.579928
0.406602,-0.579267
0.40728,-0.578606
0.407959,-0.577945
0.408637,-0.577284
0.409316,-0.576623
0.409995,-0.575963
0.410673,-0.575302
0.411352,-0.574641
0.41203,-0.57398
0.412052,-0.574433
0.412075,-0.574887
0.412097,-0.57534
0.412119,-0.575793
0.412141,-0.576247
0.412164,-0.5767
0.412186,-0.577154
0.412208,-0.577607
0.41223,-0.57806
0.412253,-0.578514
0.412275,-0.578967
0.412297,-0.579421
0.412319,-0.579874
0.412342,-0.580327
0.412364,-0.580781
0.412386,-0.581234
0.412408,-0.581687
0.412431,-0.582141
0.412453,-0.582594
0.412475,-0.583048
0.412497,-0.583501
0.412519,-0.583954
0.412542,-0.584408
0.412564,-0.584861
0.412586,-0.585314
0.412608,-0.585768
0.412631,-0.586221
0.412653,-0.586675
0.412675,-0.587128
0.412697,-0.587581
0.41272,-0.588035
0.412742,-0.588488
0.412764,-0.588942
0.412786,-0.589395
0.412809,-0.589848
0.412831,-0.590302
0.412853,-0.590755
0.412875,-0.591208
0.412898,-0.591662
0.41292,-0.592115
0.412942,-0.592569
0.412964,-0.593022
0.412987,-0.593475
0.413009,-0.593929
0.413031,-0.594382
0.413053,-0.594836
0.413075,-0.595289
0.413098,-0.595742
0.41312,-0.596196
0.413142,-0.596649
0.413164,-0.597102
0.413187,-0.597556
0.413209,-0.598009
0.413231,-0.598463
0.413253,-0.598916
0.413276,-0.599369
0.413298,-0.599823
0.41332,-0.600276
0.413342,-0.600729
0.413365,-0.601183
0.413387,-0.601636
0.413409,-0.60209
0.413431,-0.602543
0.413454,-0.602996
0.413476,-0.60345
0.413498,-0.603903
0.41352,-0.604357
0.413543,-0.60481
0.413565,-0.605263
0.413587,-0.605717
0.413609,-0.60617
0.413631,-0.606623
0.413654,-0.607077
0.413676,-0.60753
0.413698,-0.607984
0.41372,-0.608437
0.413743,-0.60889
0.413765,-0.609344
0.413787,-0.609797
0.413809,-0.61025
0.413832,-0.610704
0.413854,-0.611157
0.413876,-0.611611
0.413898,-0.612064
0.413921,-0.612517
0.413943,-0.612971
0.413965,-0.613424
0.413987,-0.613878
0.41401,-0.614331
0.414032,-0.614784
0.414054,-0.615238
0.414076,-0.615691
0.414098,-0.616144
0.414121,-0.616598
0.414143,-0.617051
0.414165,-0.617505
0.414187,-0.617958
0.41421,-0.618411
0.414232,-0.618865
0.414254,-0.619318
0.414276,-0.619771
0.414299,-0.620225
0.414321,-0.620678
0.414343,-0.621132
0.414365,-0.621585
0.414388,-0.622038
0.41441,-0.622492
0.414432,-0.622945
0.414454,-0.623399
0.414477,-0.623852
0.414499,-0.624305
0.414521,-0.624759
0.414543,-0.625212
0.414566,-0.625665
0.414588,-0.626119
0.41461,-0.626572
0.414632,-0.627026
0.414654,-0.627479
0.414677,-0.627932
0.414699,-0.628386
0.414721,-0.628839
0.414743,-0.629293
0.414766,-0.629746
0.414788,-0.630199
0.41481,-0.630653
0.414832,-0.631106
0.414855,-0.631559
0.414877,-0.632013
0.414899,-0.632466
0.414921,-0.63292
0.414944,-0.633373
0.414966,-0.633826
0.414988,-0.63428
0.41501,-0.634733
0.415033,-0.635186
0.415055,-0.63564
0.415077,-0.636093
0.415099,-0.636547
0.415122,-0.637
0.415144,-0.637453
0.415166,-0.637907
0.415188,-0.63836
0.41521,-0.638814
0.415233,-0.639267
0.415255,-0.63972
0.415277,-0.640174
0.415299,-0.640627
0.415322,-0.64108
0.415344,-0.641534
0.415919,-0.641641
0.416494,-0.641748
0.417068,-0.641855
0.417643,-0.641962
0.418218,-0.642069
0.418793,-0.642176
0.419368,-0.642283
0.419942,-0.642391
0.420517,-0.642498
0.421092,-0.642605
0.421667,-0.642712
0.422242,-0.642819
0.422816,-0.642926
0.423391,-0.643033
0.423966,-0.64314
0.424541,-0.643247
0.425115,-0.643354
0.42569,-0.643461
0.426265,-0.643568
0.42684,-0.643676
0.427415,-0.643783
0.427989,-0.64389
0.428564,-0.643997
0.429139,-0.644104
0.429714,-0.644211
0.430289,-0.644318
0.430863,-0.644425
0.431438,-0.644532
0.432013,-0.644639
0.432588,-0.644746
0.433163,-0.644853
0.433737,-0.644961
0.434312,-0.645068
0.434887,-0.645175
0.435462,-0.645282
0.436037,-0.645389
0.436611,-0.645496
0.437186,-0.645603
0.437761,-0.64571
0.438336,-0.645817
0.438911,-0.645924
0.439485,-0.646031
0.44006,-0.646138
0.440635,-0.646246
0.44121,-0.646353
0.441785,-0.64646
0.442359,-0.646567
0.442934,-0.646674
0.443509,-0.646781
0.444084,-0.646888
0.444659,-0.646995
0.445233,-0.647102
0.445808,-0.647209
0.446383,-0.647316
0.446958,-0.647424
0.447533,-0.647531
0.448107,-0.647638
0.448682,-0.647745
0.449257,-0.647852
0.449832,-0.647959
0.450407,-0.648066
0.450981,-0.648173
0.451556,-0.64828
0.452131,-0.648387
0.452706,-0.648494
0.453281,-0.648601
0.453855,-0.648709
0.45443,-0.648816
0.455005,-0.648923
0.45558,-0.64903
0.456155,-0.649137
0.456729,-0.649244
0.457304,-0.649351
0.457879,-0.649458
0.458454,-0.649565
0.459029,-0.649672
0.459603,-0.649779
0.460178,-0.649886
0.460753,-0.649994
0.461328,-0.650101
0.461903,-0.650208
0.462477,-0.650315
0.463052,-0.650422
0.463627,-0.650529
0.464202,-0.650636
0.464777,-0.650743
0.465351,-0.65085
0.465926,-0.650957
0.466501,-0.651064
0.467076,-0.651171
0.467651,-0.651279
0.468225,-0.651386
0.4688,-0.651493
0.469375,-0.6516
0.46995,-0.651707
0.470525,-0.651814
0.471099,-0.651921
0.471674,-0.652028
0.472249,-0.652135
0.472824,-0.652242
0.473399,-0.652349
0.473973,-0.652457
0.474548,-0.652564
0.475123,-0.652671
0.475698,-0.652778
0.476273,-0.652885
0.476847,-0.652992
0.477422,-0.653099
0.477997,-0.653206
0.478572,-0.653313
0.479147,-0.65342
0.479721,-0.653527
0.480296,-0.653634
0.480871,-0.653742
0.481446,-0.653849
0.482021,-0.653956
0.482595,-0.654063
0.48317,-0.65417
0.483745,-0.654277
0.48432,-0.654384
0.484895,-0.654491
0.485469,-0.654598
0.486044,-0.654705
0.486619,-0.654812
0.487194,-0.654919
0.487769,-0.655027
0.488343,-0.655134
0.488918,-0.655241
0.489493,-0.655348
0.490068,-0.655455
0.490643,-0.655562
0.491217,-0.655669
0.491792,-0.655776
0.492367,-0.655883
0.492942,-0.65599
0.493517,-0.656097
0.494091,-0.656204
0.494666,-0.656312
0.495241,-0.656419
0.495816,-0.656526
0.496391,-0.656633
0.496965,-0.65674
0.49754,-0.656847
0.498115,-0.656954
0.49869,-0.657061
0.499265,-0.657168
0.499839,-0.657275
0.500414,-0.657382
0.500989,-0.65749
0.501564,-0.657597
0.502223,-0.657476
0.502882,-0.657356
0.503541,-0.657235
0.5042,-0.657115
0.504859,-0.656994
0.505518,-0.656874
0.506177,-0.656753
0.506836,-0.656633
0.507495,-0.656512
0.508154,-0.656392
0.508813,-0.656271
0.509472,-0.656151
0.51013,-0.65603
0.510789,-0.65591
0.511448,-0.655789
0.512107,-0.655669
0.512766,-0.655548
0.513425,-0.655428
0.514084,-0.655307
0.514743,-0.655187
0.515402,-0.655066
0.516061,-0.654946
0.51672,-0.654825
0.517379,-0.654705
0.518038,-0.654584
0.518697,-0.654464
0.519356,-0.654343
0.520015,-0.654223
0.520674,-0.654103
0.521333,-0.653982
0.521992,-0.653862
0.522651,-0.653741
0.52331,-0.653621
0.523969,-0.6535
0.524628,-0.65338
0.525287,-0.653259
0.525946,-0.653139
0.526605,-0.653018
0.527264,-0.652898
0.527923,-0.652777
0.528582,-0.652657
0.529241,-0.652536
0.5299,-0.652416
0.530559,-0.652295
0.531218,-0.652175
0.531877,-0.652054
0.532536,-0.651934
0.533195,-0.651813
0.533854,-0.651693
0.534513,-0.651572
0.535172,-0.651452
0.535831,-0.651331
0.53649,-0.651211
0.537148,-0.65109
0.537807,-0.65097
0.538466,-0.650849
0.539125,-0.650729
0.539784,-0.650608
0.540443,-0.650488
0.541102,-0.650367
0.541761,-0.650247
0.54242,-0.650127
0.543079,-0.650006
0.543738,-0.649886
0.544397,-0.649765
0.545056,-0.649645
0.545715,-0.649524
0.546374,-0.649404
0.547033,-0.649283
0.547692,-0.649163
0.548351,-0.649042
0.54901,-0.648922
0.549669,-0.648801
0.550328,-0.648681
0.550987,-0.64856
0.551646,-0.64844
0.552305,-0.648319
0.552964,-0.648199
0.553623,-0.648078
0.554282,-0.647958
0.554941,-0.647837
0.5556,-0.647717
0.556259,-0.647596
0.556918,-0.647476
0.557577,-0.647355
0.558236,-0.647235
0.558895,-0.647114
0.559554,-0.646994
0.560213,-0.646873
0.560872,-0.646753
0.561531,-0.646632
0.56219,-0.646512
0.562849,-0.646391
0.563508,-0.646271
0.564167,-0.64615
0.564825,-0.64603
0.565484,-0.64591
0.566143,-0.645789
0.566802,-0.645669
0.567461,-0.645548
0.56812,-0.645428
0.568779,-0.645307
0.569438,-0.645187
0.570097,-0.645066
0.570756,-0.644946
0.571415,-0.644825
0.572074,-0.644705
0.572733,-0.644584
0.573392,-0.644464
0.574051,-0.644343
0.57471,-0.644223
0.575369,-0.644102
0.576028,-0.643982
0.576687,-0.643861
0.577346,-0.643741
0.578005,-0.64362
0.578664,-0.6435
0.579323,-0.643379
0.579982,-0.643259
0.580641,-0.643138
0.5813,-0.643018
0.581959,-0.642897
0.582618,-0.642777
0.583277,-0.642656
0.583936,-0.642536
0.584595,-0.642415
0.585254,-0.642295
0.585913,-0.642174
0.586572,-0.642054
0.587231,-0.641933
0.58789,-0.641813
0.588549,-0.641693
0.589208,-0.641572
0.589867,-0.641452
0.590526,-0.641331
0.591185,-0.641211
0.591843,-0.64109
0.592502,-0.64097
0.593161,-0.640849
0.59382,-0.640729
0.594479,-0.640608
0.595138,-0.640488
0.595797,-0.640367
0.596456,-0.640247
0.597115,-0.640126
0.597774,-0.640006
0.598433,-0.639885
0.599092,-0.639765
0.599751,-0.639644
